Contig	Start	End	Strand	Pos
CP035730	1	909	1	1
CP035730	976	1716	1	2
CP035730	1709	2173	1	3
CP035730	2177	2665	1	4
CP035730	2662	3351	1	5
CP035730	3354	4895	1	6
CP035730	4879	6300	1	7
CP035730	6568	7314	-1	8
CP035730	7671	9593	-1	9
CP035730	9630	11546	1	10
CP035730	11543	12646	1	11
CP035730	12643	15153	1	12
CP035730	15169	15663	-1	13
CP035730	15660	16517	-1	14
CP035730	16737	18722	-1	15
CP035730	18855	19856	1	16
CP035730	19849	20817	1	17
CP035730	20789	21727	1	18
CP035730	21753	22193	1	19
CP035730	22186	23181	-1	20
CP035730	23293	25353	-1	21
CP035730	25451	26497	1	22
CP035730	26494	27570	1	23
CP035730	27567	28538	1	24
CP035730	28531	29502	1	25
CP035730	29466	29855	1	26
CP035730	29848	31593	-1	27
CP035730	31628	32743	1	28
CP035730	32924	34165	1	29
CP035730	34162	35049	1	30
CP035730	35054	36175	1	31
CP035730	36260	36865	1	32
CP035730	37036	38457	1	33
CP035730	38656	40611	-1	34
CP035730	41141	41428	1	35
CP035730	42061	43179	-1	36
CP035730	43235	43486	-1	37
CP035730	43483	44364	-1	38
CP035730	44467	45006	-1	39
CP035730	45149	46828	-1	40
CP035730	47035	47754	-1	41
CP035730	47858	49093	1	42
CP035730	49126	49392	1	43
CP035730	50832	51218	1	44
CP035730	51291	52133	1	45
CP035730	52126	52491	1	46
CP035730	53263	53370	1	47
CP035730	53395	53493	1	48
CP035730	53686	54720	1	49
CP035730	54794	55066	1	50
CP035730	55472	55807	-1	51
CP035730	55924	56241	-1	52
CP035730	56280	56669	-1	53
CP035730	56650	56883	-1	54
CP035730	57959	59002	-1	55
CP035730	59421	59615	1	56
CP035730	59701	59820	1	57
CP035730	60187	60468	1	58
CP035730	60570	60728	1	59
CP035730	60919	61137	-1	60
CP035730	61209	61403	-1	61
CP035730	62347	62769	1	62
CP035730	62890	63936	1	63
CP035730	64027	65214	-1	64
CP035730	65303	65644	-1	65
CP035730	65788	66180	-1	66
CP035730	66506	66919	-1	67
CP035730	66926	67417	-1	68
CP035730	68386	70518	1	69
CP035730	70511	70801	1	70
CP035730	70798	70998	1	71
CP035730	70988	71944	-1	72
CP035730	71941	73791	-1	73
CP035730	73801	73959	-1	74
CP035730	74037	74648	-1	75
CP035730	74639	74836	-1	76
CP035730	74898	75863	-1	77
CP035730	75860	77560	-1	78
CP035730	77561	77818	-1	79
CP035730	77818	78498	-1	80
CP035730	78574	80418	-1	81
CP035730	80633	80941	1	82
CP035730	81075	81293	1	83
CP035730	81308	81772	1	84
CP035730	82174	84003	1	85
CP035730	84013	85011	1	86
CP035730	85016	85312	-1	87
CP035730	85770	86540	-1	88
CP035730	86785	88227	1	89
CP035730	88324	88587	1	90
CP035730	88618	89610	1	91
CP035730	89658	90563	1	92
CP035730	90560	90877	1	93
CP035730	91061	91333	-1	94
CP035730	91495	92142	-1	95
CP035730	92126	94090	-1	96
CP035730	94122	95255	-1	97
CP035730	95585	97384	-1	98
CP035730	97630	98358	-1	99
CP035730	98537	99049	-1	100
CP035730	99465	100076	-1	101
CP035730	100355	101530	1	102
CP035730	102928	103518	-1	103
CP035730	103653	103904	1	104
CP035730	104137	105444	-1	105
CP035730	105719	109255	1	106
CP035730	109257	110741	1	107
CP035730	110738	111238	1	108
CP035730	111235	111909	1	109
CP035730	114774	115055	-1	110
CP035730	115741	115974	-1	111
CP035730	117765	117905	-1	112
CP035730	118196	121384	1	113
CP035730	121522	122130	1	114
CP035730	122102	122974	1	115
CP035730	122916	123428	1	116
CP035730	123890	124708	-1	117
CP035730	124929	125519	1	118
CP035730	126951	127292	1	119
CP035730	127317	127964	1	120
CP035730	127933	128232	1	121
CP035730	128792	129064	1	122
CP035730	129253	129522	1	123
CP035730	130456	130899	-1	124
CP035730	130847	130960	-1	125
CP035730	131422	132186	-1	126
CP035730	132474	134576	1	127
CP035730	135695	135991	1	128
CP035730	136496	137095	1	129
CP035730	137529	137729	1	130
CP035730	140570	141214	-1	131
CP035730	141386	142225	1	132
CP035730	142222	143133	1	133
CP035730	143135	143410	1	134
CP035730	143370	143900	1	135
CP035730	144191	145213	1	136
CP035730	147664	147885	-1	137
CP035730	149798	149974	-1	138
CP035730	150161	150295	-1	139
CP035730	150801	151241	1	140
CP035730	151242	152192	1	141
CP035730	152198	152923	1	142
CP035730	152907	154385	1	143
CP035730	154382	155065	1	144
CP035730	155046	156026	1	145
CP035730	156020	156901	1	146
CP035730	158274	158639	1	147
CP035730	160265	160549	1	148
CP035730	163380	163553	-1	149
CP035730	164196	164612	1	150
CP035730	164614	165339	1	151
CP035730	165333	166172	1	152
CP035730	166144	166944	1	153
CP035730	166947	167120	1	154
CP035730	167104	169716	1	155
CP035730	169717	170328	1	156
CP035730	170333	171280	1	157
CP035730	171277	171963	1	158
CP035730	172197	173918	1	159
CP035730	174242	175756	-1	160
CP035730	177373	178710	-1	161
CP035730	179671	180123	1	162
CP035730	180382	180696	-1	163
CP035730	180851	181321	1	164
CP035730	181353	181553	1	165
CP035730	181708	182781	1	166
CP035730	182824	184095	-1	167
CP035730	184067	184672	-1	168
CP035730	184715	184981	1	169
CP035730	185178	185819	-1	170
CP035730	186190	187458	1	171
CP035730	187435	187779	-1	172
CP035730	189858	194267	1	173
CP035730	194693	195163	-1	174
CP035730	199905	200129	1	175
CP035730	201483	202364	-1	176
CP035730	202435	202833	-1	177
CP035730	202904	202993	-1	178
CP035730	203223	204125	1	179
CP035730	204540	207125	1	180
CP035730	207118	208170	1	181
CP035730	208177	208404	1	182
CP035730	208599	208949	1	183
CP035730	208953	210884	1	184
CP035730	210931	211785	-1	185
CP035730	211782	214325	-1	186
CP035730	214326	215063	-1	187
CP035730	215074	215469	-1	188
CP035730	215477	216742	-1	189
CP035730	216753	217634	-1	190
CP035730	218374	219402	1	191
CP035730	223559	223957	1	192
CP035730	228212	228331	1	193
CP035730	229328	230059	1	194
CP035730	230550	231053	1	195
CP035730	231301	231552	1	196
CP035730	231545	231967	1	197
CP035730	232211	233278	-1	198
CP035730	233524	233733	-1	199
CP035730	233756	233881	-1	200
CP035730	234349	236604	1	201
CP035730	237015	238754	-1	202
CP035730	239079	239213	1	203
CP035730	239773	241158	-1	204
CP035730	241653	242768	-1	205
CP035730	243595	244620	-1	206
CP035730	244607	245065	-1	207
CP035730	245126	246235	-1	208
CP035730	247447	249750	-1	209
CP035730	249753	250517	-1	210
CP035730	250582	252270	-1	211
CP035730	252788	253447	1	212
CP035730	253522	254958	-1	213
CP035730	254975	256009	-1	214
CP035730	256006	257373	-1	215
CP035730	257683	259011	1	216
CP035730	259013	259525	1	217
CP035730	260495	261760	1	218
CP035730	262411	263010	1	219
CP035730	263046	263600	-1	220
CP035730	263569	264957	-1	221
CP035730	265617	266027	1	222
CP035730	266040	267572	-1	223
CP035730	267623	269020	-1	224
CP035730	269352	269849	1	225
CP035730	269889	270998	1	226
CP035730	271446	272852	-1	227
CP035730	273134	273532	-1	228
CP035730	273544	274905	-1	229
CP035730	274941	275726	-1	230
CP035730	275810	276901	-1	231
CP035730	277018	278565	-1	232
CP035730	278633	279025	-1	233
CP035730	279039	280436	-1	234
CP035730	280532	281314	1	235
CP035730	281389	283233	1	236
CP035730	283402	284265	1	237
CP035730	284258	285538	-1	238
CP035730	285647	286759	1	239
CP035730	286760	288442	-1	240
CP035730	288512	288970	-1	241
CP035730	289051	289596	-1	242
CP035730	289602	290789	-1	243
CP035730	290943	292112	1	244
CP035730	292109	292477	1	245
CP035730	292467	293468	-1	246
CP035730	293550	294230	1	247
CP035730	294233	295777	-1	248
CP035730	295873	296970	-1	249
CP035730	297178	298257	-1	250
CP035730	298254	299063	-1	251
CP035730	299298	300338	1	252
CP035730	300341	301210	1	253
CP035730	301158	302597	-1	254
CP035730	302680	304653	1	255
CP035730	304974	305528	1	256
CP035730	305525	306499	1	257
CP035730	306523	307737	1	258
CP035730	307752	309779	-1	259
CP035730	309903	312248	1	260
CP035730	312255	314540	1	261
CP035730	314537	315115	1	262
CP035730	316410	316976	1	263
CP035730	316927	317148	1	264
CP035730	317243	318316	-1	265
CP035730	319016	319369	-1	266
CP035730	319374	321860	-1	267
CP035730	322374	324332	1	268
CP035730	324364	325125	1	269
CP035730	325127	326038	-1	270
CP035730	326228	326812	1	271
CP035730	327101	327496	1	272
CP035730	327649	328584	1	273
CP035730	328624	329826	1	274
CP035730	329879	331489	1	275
CP035730	331498	332682	1	276
CP035730	332682	333212	1	277
CP035730	333576	336497	1	278
CP035730	336461	336817	1	279
CP035730	336798	337565	1	280
CP035730	337608	338408	1	281
CP035730	338388	338822	-1	282
CP035730	338852	339931	-1	283
CP035730	339964	340779	-1	284
CP035730	340909	341244	1	285
CP035730	341521	341715	1	286
CP035730	341767	343407	1	287
CP035730	343391	344647	-1	288
CP035730	344783	346006	1	289
CP035730	346029	348317	1	290
CP035730	348314	349630	1	291
CP035730	349605	350336	-1	292
CP035730	350462	351583	1	293
CP035730	351583	351840	1	294
CP035730	351827	352294	-1	295
CP035730	352455	353432	1	296
CP035730	353406	353852	-1	297
CP035730	354043	354573	-1	298
CP035730	354575	357022	-1	299
CP035730	357272	357865	1	300
CP035730	357925	358368	1	301
CP035730	358373	358822	1	302
CP035730	358885	359619	1	303
CP035730	359678	360403	1	304
CP035730	360348	361937	1	305
CP035730	362070	362426	-1	306
CP035730	362457	363173	-1	307
CP035730	363183	363644	-1	308
CP035730	363641	364885	-1	309
CP035730	364974	365783	1	310
CP035730	365817	366275	1	311
CP035730	366306	367961	1	312
CP035730	367963	368661	-1	313
CP035730	368721	369500	1	314
CP035730	369489	372380	-1	315
CP035730	372485	373405	1	316
CP035730	373809	374051	1	317
CP035730	374075	374539	1	318
CP035730	374707	374988	1	319
CP035730	375059	376192	1	320
CP035730	376165	377208	1	321
CP035730	377231	378034	1	322
CP035730	378133	378714	-1	323
CP035730	378693	379097	-1	324
CP035730	379175	379594	-1	325
CP035730	379640	379828	-1	326
CP035730	379833	379964	-1	327
CP035730	379961	380944	-1	328
CP035730	381181	381699	1	329
CP035730	381702	383276	1	330
CP035730	383277	384968	1	331
CP035730	385009	385566	1	332
CP035730	385759	386199	-1	333
CP035730	386231	388531	-1	334
CP035730	388594	389019	-1	335
CP035730	389413	390069	1	336
CP035730	390034	390729	-1	337
CP035730	390921	392786	-1	338
CP035730	392995	393432	1	339
CP035730	394251	394580	1	340
CP035730	394618	395337	1	341
CP035730	396065	397420	-1	342
CP035730	397507	398463	-1	343
CP035730	398841	399029	1	344
CP035730	399716	400777	-1	345
CP035730	400770	402152	-1	346
CP035730	402546	403163	1	347
CP035730	403827	403922	-1	348
CP035730	403919	404203	-1	349
CP035730	404291	404413	-1	350
CP035730	404622	405047	-1	351
CP035730	405256	405570	-1	352
CP035730	405633	406211	1	353
CP035730	406208	407170	1	354
CP035730	407203	407637	1	355
CP035730	407643	408344	-1	356
CP035730	408360	408617	-1	357
CP035730	408710	409333	1	358
CP035730	409380	410525	1	359
CP035730	410494	410934	-1	360
CP035730	411434	412000	1	361
CP035730	411984	412703	1	362
CP035730	412674	413024	-1	363
CP035730	413132	413350	1	364
CP035730	413337	414227	-1	365
CP035730	414217	414786	-1	366
CP035730	414798	414959	-1	367
CP035730	414956	415510	-1	368
CP035730	415507	416139	-1	369
CP035730	416159	416758	-1	370
CP035730	416770	416934	-1	371
CP035730	417002	417835	-1	372
CP035730	417897	418595	1	373
CP035730	418598	420331	1	374
CP035730	420313	420948	1	375
CP035730	421089	421853	-1	376
CP035730	422508	423392	-1	377
CP035730	423410	424477	1	378
CP035730	424496	425416	1	379
CP035730	425397	425624	1	380
CP035730	425766	426041	-1	381
CP035730	426038	426424	-1	382
CP035730	426457	427245	-1	383
CP035730	427227	428267	-1	384
CP035730	428215	429378	-1	385
CP035730	429375	430232	-1	386
CP035730	430229	430399	-1	387
CP035730	430467	430889	-1	388
CP035730	430889	431674	-1	389
CP035730	431676	432725	-1	390
CP035730	432783	433211	1	391
CP035730	433191	435005	-1	392
CP035730	435044	435676	-1	393
CP035730	435776	436084	1	394
CP035730	436099	436863	1	395
CP035730	436823	437683	-1	396
CP035730	437687	437965	-1	397
CP035730	438024	438251	1	398
CP035730	438538	440163	-1	399
CP035730	440368	440928	1	400
CP035730	441171	441677	1	401
CP035730	441680	442969	1	402
CP035730	442966	444057	-1	403
CP035730	444232	444597	-1	404
CP035730	444643	444846	1	405
CP035730	444856	445131	1	406
CP035730	445191	447500	1	407
CP035730	447507	447737	1	408
CP035730	447845	448795	1	409
CP035730	448810	449499	1	410
CP035730	449492	450730	1	411
CP035730	450684	451694	1	412
CP035730	451667	452950	1	413
CP035730	452947	453831	1	414
CP035730	453812	454447	1	415
CP035730	454437	454700	1	416
CP035730	454703	456343	1	417
CP035730	456321	457682	1	418
CP035730	457679	458782	1	419
CP035730	458790	459776	-1	420
CP035730	459825	461627	-1	421
CP035730	461776	462327	1	422
CP035730	462284	462979	-1	423
CP035730	463022	463723	-1	424
CP035730	463774	464466	-1	425
CP035730	464438	464902	-1	426
CP035730	464902	465150	-1	427
CP035730	465180	466967	1	428
CP035730	466992	467858	1	429
CP035730	467858	469681	1	430
CP035730	469668	470885	-1	431
CP035730	470918	471175	-1	432
CP035730	471279	471590	1	433
CP035730	471546	473141	-1	434
CP035730	473227	473895	1	435
CP035730	473922	474371	1	436
CP035730	474381	474803	-1	437
CP035730	474851	475249	-1	438
CP035730	475246	476613	-1	439
CP035730	476627	476929	-1	440
CP035730	477378	477650	1	441
CP035730	477651	478988	1	442
CP035730	479553	480146	1	443
CP035730	480425	480649	-1	444
CP035730	480882	481694	-1	445
CP035730	482042	482884	-1	446
CP035730	482920	483159	-1	447
CP035730	483523	483726	1	448
CP035730	483821	484516	-1	449
CP035730	484516	484953	-1	450
CP035730	485227	486249	-1	451
CP035730	486358	487452	1	452
CP035730	487541	488368	1	453
CP035730	488793	489560	-1	454
CP035730	489557	491290	-1	455
CP035730	491535	493226	-1	456
CP035730	493288	495015	-1	457
CP035730	496544	497782	-1	458
CP035730	497821	498324	1	459
CP035730	498304	498720	-1	460
CP035730	498704	499600	-1	461
CP035730	499569	500486	-1	462
CP035730	500453	501352	-1	463
CP035730	501321	501902	-1	464
CP035730	501935	502603	-1	465
CP035730	503313	504014	1	466
CP035730	504076	504519	1	467
CP035730	504803	505036	-1	468
CP035730	505714	506109	-1	469
CP035730	506417	506725	-1	470
CP035730	506754	508061	-1	471
CP035730	508117	508701	-1	472
CP035730	508786	509265	1	473
CP035730	509270	509713	-1	474
CP035730	509725	510156	-1	475
CP035730	510157	510477	-1	476
CP035730	510483	511679	-1	477
CP035730	511667	514309	-1	478
CP035730	514302	517682	-1	479
CP035730	517689	517943	-1	480
CP035730	518000	519331	-1	481
CP035730	519370	521178	1	482
CP035730	521150	521593	-1	483
CP035730	521847	522098	1	484
CP035730	522103	522753	1	485
CP035730	522788	524209	1	486
CP035730	524295	525002	1	487
CP035730	524999	525586	1	488
CP035730	525705	526346	1	489
CP035730	526341	528089	-1	490
CP035730	528159	529079	-1	491
CP035730	529220	530572	-1	492
CP035730	530614	531615	1	493
CP035730	531615	532661	1	494
CP035730	532777	533784	1	495
CP035730	533796	535196	1	496
CP035730	535234	536199	1	497
CP035730	536162	536431	-1	498
CP035730	536460	536681	1	499
CP035730	536826	536966	1	500
CP035730	537014	538228	-1	501
CP035730	538255	538770	-1	502
CP035730	538802	539767	-1	503
CP035730	539820	540344	-1	504
CP035730	540323	541330	-1	505
CP035730	541335	541892	1	506
CP035730	541852	542688	1	507
CP035730	542808	543161	1	508
CP035730	543217	544140	1	509
CP035730	544137	544673	-1	510
CP035730	544651	545847	-1	511
CP035730	546176	546418	-1	512
CP035730	546752	547099	1	513
CP035730	547096	547290	1	514
CP035730	547238	547561	1	515
CP035730	547512	548264	1	516
CP035730	548267	548443	1	517
CP035730	548631	548867	1	518
CP035730	548743	549246	-1	519
CP035730	549303	549554	1	520
CP035730	549614	550852	1	521
CP035730	551100	552380	1	522
CP035730	552960	553208	1	523
CP035730	553096	553512	-1	524
CP035730	553496	555565	-1	525
CP035730	555558	555950	-1	526
CP035730	556004	556282	-1	527
CP035730	557325	557429	1	528
CP035730	557472	559283	1	529
CP035730	559316	560470	1	530
CP035730	560513	560749	1	531
CP035730	560754	561002	1	532
CP035730	561007	561375	1	533
CP035730	561394	563016	1	534
CP035730	563013	564671	-1	535
CP035730	564853	565386	-1	536
CP035730	565451	565729	1	537
CP035730	565737	567017	1	538
CP035730	567053	567646	1	539
CP035730	567630	568010	-1	540
CP035730	568061	568492	1	541
CP035730	568495	569970	1	542
CP035730	569935	570657	-1	543
CP035730	570626	571156	-1	544
CP035730	571149	572327	-1	545
CP035730	572398	572895	1	546
CP035730	572892	573944	1	547
CP035730	574064	574477	1	548
CP035730	574467	575003	1	549
CP035730	574984	575952	1	550
CP035730	575927	576388	1	551
CP035730	576706	576900	1	552
CP035730	577412	578659	-1	553
CP035730	578695	578874	-1	554
CP035730	578925	579059	-1	555
CP035730	579501	580598	1	556
CP035730	580889	581167	1	557
CP035730	581414	581605	1	558
CP035730	583059	584972	-1	559
CP035730	585052	586104	1	560
CP035730	586094	586795	-1	561
CP035730	586885	587070	1	562
CP035730	587071	587973	1	563
CP035730	588547	589614	-1	564
CP035730	589908	590534	1	565
CP035730	591704	591898	-1	566
CP035730	592428	593303	1	567
CP035730	593791	595449	-1	568
CP035730	595602	595784	-1	569
CP035730	595781	596227	-1	570
CP035730	596237	597295	-1	571
CP035730	597643	597771	1	572
CP035730	597869	598138	1	573
CP035730	598125	598931	1	574
CP035730	598991	599905	1	575
CP035730	599892	600647	1	576
CP035730	600704	600889	1	577
CP035730	600966	603437	1	578
CP035730	603434	604660	1	579
CP035730	604657	605790	1	580
CP035730	605787	606476	1	581
CP035730	607129	608103	1	582
CP035730	608460	610427	-1	583
CP035730	610970	611236	-1	584
CP035730	611383	612306	1	585
CP035730	612354	612656	-1	586
CP035730	612741	612887	1	587
CP035730	612874	613761	-1	588
CP035730	613803	615518	1	589
CP035730	615505	615861	1	590
CP035730	615858	616256	1	591
CP035730	616280	616909	1	592
CP035730	616911	617453	1	593
CP035730	617492	617884	1	594
CP035730	617847	618485	-1	595
CP035730	618716	619516	1	596
CP035730	619542	619904	1	597
CP035730	619885	620076	1	598
CP035730	620073	621083	1	599
CP035730	621035	621718	1	600
CP035730	621678	622247	1	601
CP035730	622231	623208	-1	602
CP035730	623266	623592	1	603
CP035730	623575	624540	-1	604
CP035730	624541	624870	-1	605
CP035730	624885	625658	-1	606
CP035730	625735	625884	-1	607
CP035730	625928	626668	-1	608
CP035730	626716	627045	1	609
CP035730	627051	627935	-1	610
CP035730	627940	631641	-1	611
CP035730	631705	633948	1	612
CP035730	633945	635186	1	613
CP035730	635235	635723	-1	614
CP035730	635738	635941	-1	615
CP035730	635941	636492	-1	616
CP035730	636504	636935	-1	617
CP035730	636899	638161	-1	618
CP035730	638164	638805	-1	619
CP035730	638871	639233	1	620
CP035730	639210	639671	-1	621
CP035730	639678	640694	-1	622
CP035730	640687	641655	-1	623
CP035730	641655	642392	-1	624
CP035730	642440	643750	1	625
CP035730	643721	644581	-1	626
CP035730	644595	645050	1	627
CP035730	645089	645745	1	628
CP035730	645742	646206	1	629
CP035730	646187	646654	1	630
CP035730	646651	647328	1	631
CP035730	647309	648418	1	632
CP035730	648385	649131	-1	633
CP035730	649128	649469	-1	634
CP035730	649481	651142	-1	635
CP035730	651179	653914	1	636
CP035730	653957	654247	1	637
CP035730	654249	654503	1	638
CP035730	654580	655293	1	639
CP035730	655286	655840	1	640
CP035730	656084	657289	-1	641
CP035730	657286	657948	-1	642
CP035730	658094	658348	-1	643
CP035730	658504	658821	-1	644
CP035730	658805	660856	-1	645
CP035730	660846	661241	-1	646
CP035730	661299	661457	-1	647
CP035730	661508	661762	-1	648
CP035730	661763	661972	-1	649
CP035730	661969	662277	-1	650
CP035730	662368	662544	1	651
CP035730	662706	663308	-1	652
CP035730	663631	664452	-1	653
CP035730	664775	665308	1	654
CP035730	665285	665704	-1	655
CP035730	665749	665844	1	656
CP035730	665819	665974	-1	657
CP035730	665980	666738	-1	658
CP035730	666742	666975	-1	659
CP035730	667017	667559	-1	660
CP035730	667556	667819	-1	661
CP035730	667843	668277	-1	662
CP035730	668284	668868	-1	663
CP035730	668870	670261	-1	664
CP035730	670278	670712	-1	665
CP035730	670713	671189	-1	666
CP035730	671191	671835	-1	667
CP035730	671835	672425	-1	668
CP035730	672429	672884	-1	669
CP035730	672892	673287	-1	670
CP035730	673271	673831	-1	671
CP035730	673841	674242	-1	672
CP035730	674249	674413	-1	673
CP035730	674419	674952	-1	674
CP035730	674952	675683	-1	675
CP035730	675685	676029	-1	676
CP035730	676099	676515	-1	677
CP035730	676521	676862	-1	678
CP035730	676862	677095	-1	679
CP035730	677092	677358	-1	680
CP035730	677355	678032	-1	681
CP035730	678036	678506	-1	682
CP035730	678510	678932	-1	683
CP035730	678970	679686	-1	684
CP035730	679697	679945	-1	685
CP035730	679942	680742	-1	686
CP035730	680748	681779	-1	687
CP035730	681830	682573	-1	688
CP035730	682573	685716	-1	689
CP035730	685785	686798	-1	690
CP035730	686815	687405	-1	691
CP035730	687409	688755	1	692
CP035730	688738	689463	-1	693
CP035730	689470	691644	-1	694
CP035730	691818	692642	1	695
CP035730	692815	693513	-1	696
CP035730	693563	693940	-1	697
CP035730	693918	694163	-1	698
CP035730	694138	694686	-1	699
CP035730	694649	694861	-1	700
CP035730	694877	695704	-1	701
CP035730	695707	696438	-1	702
CP035730	696404	697147	-1	703
CP035730	697155	697856	-1	704
CP035730	697876	698604	-1	705
CP035730	698698	699120	-1	706
CP035730	699107	699562	-1	707
CP035730	699627	700070	-1	708
CP035730	700067	700714	-1	709
CP035730	700776	701978	1	710
CP035730	701968	703173	-1	711
CP035730	703385	703966	-1	712
CP035730	704004	704687	-1	713
CP035730	704665	705270	-1	714
CP035730	705222	705881	-1	715
CP035730	705850	706521	-1	716
CP035730	706554	706907	-1	717
CP035730	706904	707215	-1	718
CP035730	707861	708883	1	719
CP035730	709313	709582	-1	720
CP035730	709929	710129	1	721
CP035730	710343	710630	1	722
CP035730	710593	710796	1	723
CP035730	711330	711599	-1	724
CP035730	711653	712012	1	725
CP035730	711984	712556	-1	726
CP035730	712526	713602	-1	727
CP035730	713609	714139	-1	728
CP035730	714172	714702	1	729
CP035730	714693	715193	1	730
CP035730	715203	715547	1	731
CP035730	715564	715785	1	732
CP035730	715782	717842	-1	733
CP035730	717823	718368	-1	734
CP035730	718417	718920	1	735
CP035730	718955	720211	1	736
CP035730	720447	720902	1	737
CP035730	720877	722199	-1	738
CP035730	722201	723184	-1	739
CP035730	723231	723680	-1	740
CP035730	723713	724336	-1	741
CP035730	724356	725540	-1	742
CP035730	725564	725998	-1	743
CP035730	726069	727073	1	744
CP035730	727099	727710	1	745
CP035730	727716	728189	1	746
CP035730	728621	729670	1	747
CP035730	729667	730296	-1	748
CP035730	730381	731193	1	749
CP035730	731160	731960	1	750
CP035730	731962	732813	1	751
CP035730	732829	733734	1	752
CP035730	733780	734235	-1	753
CP035730	734232	735227	-1	754
CP035730	735234	735734	-1	755
CP035730	735857	736381	1	756
CP035730	736371	736610	-1	757
CP035730	736715	737095	1	758
CP035730	737154	738515	1	759
CP035730	738486	740087	-1	760
CP035730	740117	740401	1	761
CP035730	740388	741182	1	762
CP035730	741215	742915	1	763
CP035730	742916	743878	1	764
CP035730	743875	744747	1	765
CP035730	744747	745097	1	766
CP035730	745184	746545	-1	767
CP035730	746542	747693	-1	768
CP035730	747905	748342	1	769
CP035730	748339	748620	1	770
CP035730	748651	750288	1	771
CP035730	750300	751220	1	772
CP035730	751204	752328	1	773
CP035730	752325	752639	-1	774
CP035730	752618	753139	-1	775
CP035730	753257	754282	1	776
CP035730	754347	754883	1	777
CP035730	754857	755402	-1	778
CP035730	755402	756172	-1	779
CP035730	756177	756503	-1	780
CP035730	756547	757731	-1	781
CP035730	757786	759042	-1	782
CP035730	759087	759506	1	783
CP035730	759512	759808	1	784
CP035730	759814	760524	1	785
CP035730	760521	761147	1	786
CP035730	761141	762220	1	787
CP035730	762229	764133	1	788
CP035730	764172	765902	1	789
CP035730	765883	767142	-1	790
CP035730	767139	767657	-1	791
CP035730	767681	768220	-1	792
CP035730	768241	769587	-1	793
CP035730	769565	770275	-1	794
CP035730	770310	770729	1	795
CP035730	770726	773002	-1	796
CP035730	773048	773797	1	797
CP035730	773752	774552	1	798
CP035730	774531	775274	-1	799
CP035730	775219	775905	-1	800
CP035730	775960	776694	1	801
CP035730	776687	777862	1	802
CP035730	777895	778122	1	803
CP035730	778256	778561	-1	804
CP035730	778707	778883	1	805
CP035730	778873	779493	-1	806
CP035730	779490	780650	-1	807
CP035730	780671	781216	-1	808
CP035730	781291	781494	-1	809
CP035730	781469	781879	-1	810
CP035730	781876	782334	-1	811
CP035730	782367	782879	1	812
CP035730	782857	783276	1	813
CP035730	783277	783675	-1	814
CP035730	783626	785143	-1	815
CP035730	785223	786194	1	816
CP035730	786194	786988	1	817
CP035730	786927	788744	-1	818
CP035730	788786	790339	-1	819
CP035730	790332	790436	-1	820
CP035730	790476	791561	1	821
CP035730	791554	792084	1	822
CP035730	792074	793762	-1	823
CP035730	793838	794260	1	824
CP035730	794306	794818	1	825
CP035730	794805	795317	-1	826
CP035730	795378	796955	1	827
CP035730	796952	797350	-1	828
CP035730	797347	797781	-1	829
CP035730	797809	798366	1	830
CP035730	798317	798823	-1	831
CP035730	798829	799665	-1	832
CP035730	799683	799826	-1	833
CP035730	799852	800571	-1	834
CP035730	800571	801206	-1	835
CP035730	801248	801487	-1	836
CP035730	801487	802314	-1	837
CP035730	802340	803506	1	838
CP035730	803448	804215	1	839
CP035730	804215	804436	1	840
CP035730	804466	805755	1	841
CP035730	805757	806758	1	842
CP035730	806742	807761	-1	843
CP035730	807779	808219	1	844
CP035730	808196	809251	-1	845
CP035730	809248	810105	-1	846
CP035730	810238	811596	1	847
CP035730	811617	812090	-1	848
CP035730	812141	812707	1	849
CP035730	812708	813484	-1	850
CP035730	813550	814023	1	851
CP035730	814005	814595	1	852
CP035730	814621	815223	1	853
CP035730	815235	816209	1	854
CP035730	816309	816956	1	855
CP035730	816944	817606	-1	856
CP035730	817643	818794	1	857
CP035730	818772	819893	1	858
CP035730	819901	820560	1	859
CP035730	820549	821514	-1	860
CP035730	821511	821738	-1	861
CP035730	821893	824007	1	862
CP035730	824130	825701	-1	863
CP035730	825742	826245	-1	864
CP035730	826245	827786	-1	865
CP035730	827936	829561	-1	866
CP035730	829567	830289	-1	867
CP035730	830548	830832	1	868
CP035730	830860	831225	1	869
CP035730	831222	832058	1	870
CP035730	832118	833365	1	871
CP035730	833362	833868	1	872
CP035730	833909	834145	1	873
CP035730	834102	834767	-1	874
CP035730	834799	835968	-1	875
CP035730	836103	836426	1	876
CP035730	836406	836849	-1	877
CP035730	836974	837237	1	878
CP035730	837211	837945	-1	879
CP035730	837945	838418	-1	880
CP035730	838396	839346	-1	881
CP035730	839374	840102	1	882
CP035730	840099	841082	1	883
CP035730	841072	841830	-1	884
CP035730	842011	843714	1	885
CP035730	843701	843940	-1	886
CP035730	844084	844446	1	887
CP035730	844440	844841	-1	888
CP035730	845088	845321	1	889
CP035730	845328	846482	1	890
CP035730	846484	846867	1	891
CP035730	846872	847993	1	892
CP035730	848043	849431	1	893
CP035730	849479	850348	1	894
CP035730	850341	850709	-1	895
CP035730	850880	851200	1	896
CP035730	851222	852064	-1	897
CP035730	852108	854453	1	898
CP035730	854433	855125	-1	899
CP035730	855134	857971	-1	900
CP035730	857998	859050	-1	901
CP035730	859051	860319	-1	902
CP035730	860352	860657	1	903
CP035730	860729	860938	-1	904
CP035730	860963	861412	-1	905
CP035730	861409	862365	-1	906
CP035730	862402	863085	1	907
CP035730	863109	863861	-1	908
CP035730	863929	864537	-1	909
CP035730	864740	864928	1	910
CP035730	864935	866509	1	911
CP035730	866545	866931	-1	912
CP035730	866963	867898	-1	913
CP035730	867948	869147	1	914
CP035730	869222	870973	1	915
CP035730	871068	871265	1	916
CP035730	871267	872775	-1	917
CP035730	872973	873191	1	918
CP035730	873227	873454	1	919
CP035730	874054	875178	-1	920
CP035730	875922	876311	1	921
CP035730	876485	876613	1	922
CP035730	876624	877316	1	923
CP035730	877348	878127	1	924
CP035730	878159	878497	1	925
CP035730	878468	878986	-1	926
CP035730	878983	880305	-1	927
CP035730	880308	880751	-1	928
CP035730	880786	881913	-1	929
CP035730	882075	882929	1	930
CP035730	882963	884291	1	931
CP035730	884408	884962	1	932
CP035730	884780	885622	-1	933
CP035730	885653	886324	-1	934
CP035730	886361	887062	1	935
CP035730	887277	887582	1	936
CP035730	887630	888208	1	937
CP035730	888200	888694	-1	938
CP035730	888935	890491	1	939
CP035730	891875	894133	-1	940
CP035730	894881	896266	1	941
CP035730	896259	897515	1	942
CP035730	897574	898995	1	943
CP035730	899492	900124	1	944
CP035730	899984	900871	-1	945
CP035730	900920	901600	1	946
CP035730	901642	902619	1	947
CP035730	902776	903363	-1	948
CP035730	903360	903734	-1	949
CP035730	903818	904510	1	950
CP035730	904497	905282	1	951
CP035730	905391	906959	1	952
CP035730	907254	907841	1	953
CP035730	908408	909241	1	954
CP035730	909280	909579	1	955
CP035730	909576	910139	-1	956
CP035730	910294	910572	-1	957
CP035730	910663	910956	-1	958
CP035730	911027	912112	1	959
CP035730	912112	912726	1	960
CP035730	912751	913452	1	961
CP035730	913686	915620	1	962
CP035730	915695	917062	1	963
CP035730	917318	917671	-1	964
CP035730	918375	919448	-1	965
CP035730	919886	920257	-1	966
CP035730	920233	920454	-1	967
CP035730	920831	922168	-1	968
CP035730	922292	923704	1	969
CP035730	923696	924052	-1	970
CP035730	924066	924959	-1	971
CP035730	925079	926608	1	972
CP035730	926650	927219	1	973
CP035730	927486	927710	-1	974
CP035730	927716	928270	-1	975
CP035730	928320	929249	1	976
CP035730	929246	929482	-1	977
CP035730	929607	930113	-1	978
CP035730	930091	931023	-1	979
CP035730	931029	931994	-1	980
CP035730	931997	933445	-1	981
CP035730	933442	934491	-1	982
CP035730	934665	935804	1	983
CP035730	935942	938305	1	984
CP035730	938371	940053	-1	985
CP035730	940189	940701	-1	986
CP035730	940778	941011	1	987
CP035730	941619	942188	-1	988
CP035730	942330	943766	1	989
CP035730	943768	944571	-1	990
CP035730	945156	945560	1	991
CP035730	946548	946676	1	992
CP035730	946666	946779	1	993
CP035730	946940	947410	-1	994
CP035730	947490	948308	-1	995
CP035730	948334	949146	1	996
CP035730	949147	949791	1	997
CP035730	949799	950113	1	998
CP035730	950167	950799	1	999
CP035730	950815	951051	-1	1000
CP035730	951176	951796	1	1001
CP035730	952652	952981	-1	1002
CP035730	953254	954471	1	1003
CP035730	954489	955652	1	1004
CP035730	956179	956643	1	1005
CP035730	956632	957297	-1	1006
CP035730	957491	957961	1	1007
CP035730	958023	958973	1	1008
CP035730	958970	960445	1	1009
CP035730	960447	961322	1	1010
CP035730	961538	963526	-1	1011
CP035730	963621	964178	1	1012
CP035730	964289	964600	1	1013
CP035730	964761	966557	1	1014
CP035730	966545	967105	1	1015
CP035730	967117	968376	1	1016
CP035730	968373	968801	1	1017
CP035730	968863	970914	1	1018
CP035730	971359	971901	-1	1019
CP035730	971922	972290	-1	1020
CP035730	972462	973667	-1	1021
CP035730	973660	973788	-1	1022
CP035730	973896	974096	-1	1023
CP035730	974719	975957	-1	1024
CP035730	975935	976729	-1	1025
CP035730	976808	976978	-1	1026
CP035730	976992	977108	-1	1027
CP035730	977439	978170	-1	1028
CP035730	978308	978472	1	1029
CP035730	978655	978822	1	1030
CP035730	978836	979117	-1	1031
CP035730	979180	979461	1	1032
CP035730	979530	979679	-1	1033
CP035730	979737	980018	-1	1034
CP035730	980124	980405	1	1035
CP035730	980402	980860	1	1036
CP035730	981106	981360	1	1037
CP035730	981371	981820	1	1038
CP035730	982315	982575	1	1039
CP035730	982572	982967	1	1040
CP035730	984307	985011	1	1041
CP035730	985331	985642	-1	1042
CP035730	985765	986004	-1	1043
CP035730	986601	987125	-1	1044
CP035730	987378	987755	1	1045
CP035730	987932	988231	-1	1046
CP035730	988266	988646	1	1047
CP035730	988733	989518	-1	1048
CP035730	989572	989901	1	1049
CP035730	989881	990252	-1	1050
CP035730	991586	992878	-1	1051
CP035730	992856	993440	-1	1052
CP035730	993510	993677	1	1053
CP035730	993797	995392	-1	1054
CP035730	996364	996813	-1	1055
CP035730	997289	997684	1	1056
CP035730	997681	998487	-1	1057
CP035730	998475	999395	-1	1058
CP035730	999379	999789	-1	1059
CP035730	999896	1000216	1	1060
CP035730	1000241	1001773	-1	1061
CP035730	1001770	1001973	-1	1062
CP035730	1002296	1002535	-1	1063
CP035730	1002692	1003099	-1	1064
CP035730	1003149	1003337	-1	1065
CP035730	1003957	1005540	1	1066
CP035730	1005542	1008424	1	1067
CP035730	1008426	1009052	1	1068
CP035730	1009049	1010035	1	1069
CP035730	1010025	1010354	-1	1070
CP035730	1010446	1010778	1	1071
CP035730	1010749	1011270	-1	1072
CP035730	1011295	1012068	-1	1073
CP035730	1012237	1013001	1	1074
CP035730	1012978	1013760	-1	1075
CP035730	1013950	1014279	1	1076
CP035730	1014262	1015416	-1	1077
CP035730	1015413	1015808	-1	1078
CP035730	1015801	1016325	-1	1079
CP035730	1016353	1017021	-1	1080
CP035730	1017018	1017494	-1	1081
CP035730	1017466	1019571	-1	1082
CP035730	1019607	1021358	-1	1083
CP035730	1021389	1022507	1	1084
CP035730	1022727	1022825	1	1085
CP035730	1022913	1023320	1	1086
CP035730	1023518	1025497	-1	1087
CP035730	1025615	1026622	1	1088
CP035730	1027304	1027837	-1	1089
CP035730	1027869	1028624	-1	1090
CP035730	1028630	1029244	-1	1091
CP035730	1029639	1029782	-1	1092
CP035730	1030116	1030409	1	1093
CP035730	1030671	1030832	-1	1094
CP035730	1031306	1031674	1	1095
CP035730	1031655	1031999	1	1096
CP035730	1032691	1032840	1	1097
CP035730	1032794	1033117	1	1098
CP035730	1033101	1033445	1	1099
CP035730	1033733	1035310	-1	1100
CP035730	1035391	1035771	-1	1101
CP035730	1036388	1037194	1	1102
CP035730	1037508	1037810	-1	1103
CP035730	1038745	1039026	1	1104
CP035730	1039040	1039966	-1	1105
CP035730	1039963	1040832	-1	1106
CP035730	1040860	1041441	-1	1107
CP035730	1041743	1042216	1	1108
CP035730	1042188	1043282	1	1109
CP035730	1043279	1043617	1	1110
CP035730	1043664	1044869	1	1111
CP035730	1044926	1046911	1	1112
CP035730	1046979	1047167	1	1113
CP035730	1047164	1047541	-1	1114
CP035730	1047560	1047970	-1	1115
CP035730	1048001	1048822	-1	1116
CP035730	1048874	1050700	-1	1117
CP035730	1050718	1052565	-1	1118
CP035730	1052562	1053821	-1	1119
CP035730	1053862	1055193	1	1120
CP035730	1055190	1056899	1	1121
CP035730	1056944	1057546	1	1122
CP035730	1057543	1059171	-1	1123
CP035730	1059253	1059567	-1	1124
CP035730	1059719	1060441	1	1125
CP035730	1060470	1061228	-1	1126
CP035730	1061252	1061860	-1	1127
CP035730	1061909	1062292	-1	1128
CP035730	1062303	1062974	-1	1129
CP035730	1063003	1064085	-1	1130
CP035730	1064146	1064805	1	1131
CP035730	1064813	1065958	1	1132
CP035730	1066044	1066217	1	1133
CP035730	1066214	1067452	-1	1134
CP035730	1067442	1069994	-1	1135
CP035730	1070044	1070766	1	1136
CP035730	1071150	1071710	1	1137
CP035730	1071739	1072674	1	1138
CP035730	1072671	1072958	-1	1139
CP035730	1072994	1073365	-1	1140
CP035730	1073434	1074102	-1	1141
CP035730	1074767	1075171	-1	1142
CP035730	1075333	1075815	-1	1143
CP035730	1075922	1076044	-1	1144
CP035730	1076233	1076361	1	1145
CP035730	1076691	1077680	-1	1146
CP035730	1077748	1078746	1	1147
CP035730	1078721	1079380	1	1148
CP035730	1079450	1079776	1	1149
CP035730	1079814	1080722	1	1150
CP035730	1080700	1081137	1	1151
CP035730	1081147	1083525	-1	1152
CP035730	1084087	1085127	1	1153
CP035730	1085934	1086218	1	1154
CP035730	1086215	1086877	1	1155
CP035730	1087059	1087247	-1	1156
CP035730	1087383	1088033	1	1157
CP035730	1088066	1089205	-1	1158
CP035730	1089230	1089673	-1	1159
CP035730	1089700	1091106	-1	1160
CP035730	1091659	1093851	-1	1161
CP035730	1093842	1094384	-1	1162
CP035730	1094592	1095458	-1	1163
CP035730	1095495	1096772	1	1164
CP035730	1097017	1097319	-1	1165
CP035730	1097375	1098709	-1	1166
CP035730	1098718	1099326	-1	1167
CP035730	1099690	1099914	-1	1168
CP035730	1100584	1101942	1	1169
CP035730	1101951	1102778	1	1170
CP035730	1102775	1103581	1	1171
CP035730	1103578	1104552	1	1172
CP035730	1104738	1105253	1	1173
CP035730	1105456	1106673	-1	1174
CP035730	1106965	1107501	-1	1175
CP035730	1107545	1108144	-1	1176
CP035730	1108464	1109705	1	1177
CP035730	1109772	1109942	1	1178
CP035730	1109953	1110573	1	1179
CP035730	1110570	1111103	-1	1180
CP035730	1111100	1111990	-1	1181
CP035730	1112000	1113238	-1	1182
CP035730	1113317	1113649	-1	1183
CP035730	1113624	1113968	-1	1184
CP035730	1113980	1114945	-1	1185
CP035730	1115046	1115258	1	1186
CP035730	1115322	1116020	1	1187
CP035730	1116090	1116341	1	1188
CP035730	1116345	1117574	1	1189
CP035730	1117578	1117850	1	1190
CP035730	1117843	1118202	1	1191
CP035730	1118563	1119765	-1	1192
CP035730	1120301	1121143	-1	1193
CP035730	1122107	1122415	1	1194
CP035730	1122711	1123433	-1	1195
CP035730	1123453	1125438	-1	1196
CP035730	1125404	1127653	-1	1197
CP035730	1127931	1128344	-1	1198
CP035730	1128420	1129244	-1	1199
CP035730	1129279	1129800	-1	1200
CP035730	1129831	1131030	-1	1201
CP035730	1131109	1132551	1	1202
CP035730	1132529	1134325	-1	1203
CP035730	1134881	1135087	1	1204
CP035730	1135113	1135490	1	1205
CP035730	1135582	1136226	1	1206
CP035730	1136301	1138190	1	1207
CP035730	1138231	1139310	1	1208
CP035730	1139417	1140115	1	1209
CP035730	1140112	1142709	1	1210
CP035730	1142706	1143935	1	1211
CP035730	1144521	1146119	1	1212
CP035730	1146784	1147392	-1	1213
CP035730	1147909	1148478	1	1214
CP035730	1148479	1149363	-1	1215
CP035730	1149595	1149735	-1	1216
CP035730	1149758	1150882	-1	1217
CP035730	1150922	1151761	-1	1218
CP035730	1151779	1152486	-1	1219
CP035730	1152812	1155574	1	1220
CP035730	1155575	1158850	1	1221
CP035730	1158844	1159260	1	1222
CP035730	1159250	1161973	1	1223
CP035730	1161966	1163237	1	1224
CP035730	1163230	1164579	-1	1225
CP035730	1164941	1165750	-1	1226
CP035730	1165828	1166958	1	1227
CP035730	1167077	1168135	1	1228
CP035730	1168142	1168636	1	1229
CP035730	1169047	1169196	-1	1230
CP035730	1169529	1169963	-1	1231
CP035730	1169923	1170150	-1	1232
CP035730	1170866	1170964	-1	1233
CP035730	1171081	1171461	-1	1234
CP035730	1171493	1172530	-1	1235
CP035730	1172547	1172903	-1	1236
CP035730	1173069	1173683	1	1237
CP035730	1174028	1174333	1	1238
CP035730	1174320	1174649	1	1239
CP035730	1174769	1175440	-1	1240
CP035730	1175444	1175863	-1	1241
CP035730	1175876	1177030	-1	1242
CP035730	1177073	1177474	-1	1243
CP035730	1177976	1178314	1	1244
CP035730	1178327	1179829	1	1245
CP035730	1179829	1180287	1	1246
CP035730	1180546	1180671	1	1247
CP035730	1180902	1181075	1	1248
CP035730	1181430	1181882	1	1249
CP035730	1182417	1182968	-1	1250
CP035730	1183294	1183650	-1	1251
CP035730	1183675	1183899	-1	1252
CP035730	1184658	1185353	-1	1253
CP035730	1185371	1187161	1	1254
CP035730	1187872	1188531	-1	1255
CP035730	1188711	1189646	1	1256
CP035730	1189891	1191465	-1	1257
CP035730	1191495	1192562	-1	1258
CP035730	1192588	1193889	-1	1259
CP035730	1193967	1194371	1	1260
CP035730	1194368	1195675	-1	1261
CP035730	1195744	1196361	-1	1262
CP035730	1196699	1197010	-1	1263
CP035730	1197077	1197430	-1	1264
CP035730	1198034	1198168	1	1265
CP035730	1198175	1198561	1	1266
CP035730	1199204	1201519	1	1267
CP035730	1202337	1206323	1	1268
CP035730	1206738	1208606	-1	1269
CP035730	1209310	1209561	1	1270
CP035730	1209545	1211791	1	1271
CP035730	1212148	1212402	-1	1272
CP035730	1212402	1213928	-1	1273
CP035730	1213940	1214269	-1	1274
CP035730	1214596	1214889	-1	1275
CP035730	1215380	1215706	-1	1276
CP035730	1215710	1216462	-1	1277
CP035730	1216623	1217747	-1	1278
CP035730	1218141	1220585	1	1279
CP035730	1220998	1221414	-1	1280
CP035730	1221377	1221733	-1	1281
CP035730	1222779	1222982	1	1282
CP035730	1223776	1224795	-1	1283
CP035730	1224961	1225872	1	1284
CP035730	1227434	1227856	-1	1285
CP035730	1227858	1229033	-1	1286
CP035730	1229039	1229797	-1	1287
CP035730	1229825	1230940	1	1288
CP035730	1230957	1231955	1	1289
CP035730	1231948	1232688	1	1290
CP035730	1232787	1233521	1	1291
CP035730	1233576	1234709	-1	1292
CP035730	1235134	1235337	1	1293
CP035730	1235899	1236228	1	1294
CP035730	1236368	1237129	1	1295
CP035730	1237706	1239142	-1	1296
CP035730	1239229	1240116	1	1297
CP035730	1240468	1241232	-1	1298
CP035730	1241841	1242962	-1	1299
CP035730	1243122	1243874	1	1300
CP035730	1243874	1245034	1	1301
CP035730	1245031	1245384	1	1302
CP035730	1245412	1246344	-1	1303
CP035730	1246347	1247129	-1	1304
CP035730	1247131	1248483	-1	1305
CP035730	1249023	1250444	1	1306
CP035730	1250542	1251216	1	1307
CP035730	1251903	1253420	1	1308
CP035730	1253501	1254826	-1	1309
CP035730	1255001	1255456	1	1310
CP035730	1255963	1257333	1	1311
CP035730	1257396	1257590	1	1312
CP035730	1257629	1258603	-1	1313
CP035730	1259011	1259493	-1	1314
CP035730	1259886	1260707	1	1315
CP035730	1261037	1262839	1	1316
CP035730	1263284	1263628	-1	1317
CP035730	1263914	1264150	-1	1318
CP035730	1264155	1264667	-1	1319
CP035730	1264664	1264894	-1	1320
CP035730	1265269	1265532	-1	1321
CP035730	1265607	1266560	1	1322
CP035730	1266562	1267017	-1	1323
CP035730	1267098	1267439	-1	1324
CP035730	1267539	1267694	1	1325
CP035730	1267691	1269058	1	1326
CP035730	1269178	1269642	-1	1327
CP035730	1269652	1271055	-1	1328
CP035730	1271048	1272685	-1	1329
CP035730	1272687	1273268	-1	1330
CP035730	1273317	1274672	1	1331
CP035730	1274918	1275082	-1	1332
CP035730	1275126	1275932	-1	1333
CP035730	1275935	1276699	-1	1334
CP035730	1276821	1277486	1	1335
CP035730	1277479	1277811	1	1336
CP035730	1278593	1279273	-1	1337
CP035730	1279275	1279961	-1	1338
CP035730	1279936	1281252	-1	1339
CP035730	1281239	1282339	-1	1340
CP035730	1282341	1283270	-1	1341
CP035730	1283382	1283582	1	1342
CP035730	1283588	1283866	1	1343
CP035730	1284353	1284715	1	1344
CP035730	1284901	1285650	-1	1345
CP035730	1285628	1286173	-1	1346
CP035730	1286421	1286660	1	1347
CP035730	1287266	1287475	-1	1348
CP035730	1288331	1288960	-1	1349
CP035730	1288992	1289360	-1	1350
CP035730	1289735	1289932	1	1351
CP035730	1290080	1290337	1	1352
CP035730	1290288	1290488	1	1353
CP035730	1290869	1291579	-1	1354
CP035730	1291576	1292460	-1	1355
CP035730	1292467	1293417	1	1356
CP035730	1293541	1294767	1	1357
CP035730	1294773	1295330	1	1358
CP035730	1295320	1295778	1	1359
CP035730	1296199	1296999	1	1360
CP035730	1297092	1297337	-1	1361
CP035730	1297558	1297791	1	1362
CP035730	1297757	1297885	1	1363
CP035730	1297979	1298116	-1	1364
CP035730	1298221	1298661	-1	1365
CP035730	1298937	1299038	1	1366
CP035730	1299035	1300078	1	1367
CP035730	1300078	1300449	1	1368
CP035730	1300613	1301629	1	1369
CP035730	1301706	1302359	1	1370
CP035730	1302683	1302796	-1	1371
CP035730	1302819	1303022	-1	1372
CP035730	1304058	1305332	1	1373
CP035730	1305339	1305788	1	1374
CP035730	1306516	1307127	-1	1375
CP035730	1307193	1307645	-1	1376
CP035730	1307860	1308144	1	1377
CP035730	1308231	1308893	1	1378
CP035730	1309744	1311519	-1	1379
CP035730	1311878	1312042	1	1380
CP035730	1312032	1313093	1	1381
CP035730	1313347	1313475	-1	1382
CP035730	1313651	1314529	-1	1383
CP035730	1314556	1315095	-1	1384
CP035730	1315198	1315986	1	1385
CP035730	1315983	1316129	-1	1386
CP035730	1316303	1316794	1	1387
CP035730	1316828	1318627	-1	1388
CP035730	1319020	1319826	1	1389
CP035730	1320299	1320976	1	1390
CP035730	1321364	1322458	1	1391
CP035730	1322783	1323910	1	1392
CP035730	1324269	1324469	-1	1393
CP035730	1324572	1325183	1	1394
CP035730	1325219	1325647	1	1395
CP035730	1325622	1326323	1	1396
CP035730	1326706	1327533	-1	1397
CP035730	1328129	1328533	-1	1398
CP035730	1328604	1329233	-1	1399
CP035730	1329290	1329721	-1	1400
CP035730	1329921	1330460	-1	1401
CP035730	1330460	1331266	-1	1402
CP035730	1331275	1331832	-1	1403
CP035730	1331784	1332230	-1	1404
CP035730	1332209	1332526	-1	1405
CP035730	1332523	1333800	-1	1406
CP035730	1333781	1334668	-1	1407
CP035730	1334669	1336930	-1	1408
CP035730	1336932	1338281	-1	1409
CP035730	1338362	1339369	-1	1410
CP035730	1339454	1340710	1	1411
CP035730	1340691	1341158	1	1412
CP035730	1341271	1342209	1	1413
CP035730	1342189	1342419	-1	1414
CP035730	1342463	1343626	1	1415
CP035730	1343623	1345854	-1	1416
CP035730	1346192	1346698	1	1417
CP035730	1346686	1347042	-1	1418
CP035730	1347065	1348579	-1	1419
CP035730	1348572	1349549	-1	1420
CP035730	1349915	1350970	1	1421
CP035730	1350982	1351236	1	1422
CP035730	1351239	1351517	1	1423
CP035730	1351510	1352640	1	1424
CP035730	1352654	1353367	1	1425
CP035730	1353339	1353644	1	1426
CP035730	1353679	1353915	1	1427
CP035730	1353893	1354123	-1	1428
CP035730	1354126	1354617	-1	1429
CP035730	1354614	1356137	-1	1430
CP035730	1356134	1356631	-1	1431
CP035730	1356802	1357878	1	1432
CP035730	1358301	1359341	1	1433
CP035730	1359588	1360997	1	1434
CP035730	1361545	1362615	1	1435
CP035730	1362868	1363941	1	1436
CP035730	1364848	1365060	1	1437
CP035730	1365153	1365335	1	1438
CP035730	1365332	1365577	1	1439
CP035730	1365679	1367241	-1	1440
CP035730	1367238	1368221	-1	1441
CP035730	1368199	1369755	-1	1442
CP035730	1369766	1370503	-1	1443
CP035730	1371118	1371567	1	1444
CP035730	1371453	1371932	-1	1445
CP035730	1371907	1372482	-1	1446
CP035730	1372546	1373805	1	1447
CP035730	1373843	1374988	1	1448
CP035730	1374945	1376792	-1	1449
CP035730	1376981	1377919	1	1450
CP035730	1379256	1379507	1	1451
CP035730	1379560	1381140	-1	1452
CP035730	1381479	1382609	1	1453
CP035730	1383344	1383763	-1	1454
CP035730	1384134	1385471	1	1455
CP035730	1385458	1386438	1	1456
CP035730	1386451	1387473	-1	1457
CP035730	1387623	1387880	1	1458
CP035730	1387877	1389820	1	1459
CP035730	1389837	1390814	-1	1460
CP035730	1391155	1391814	1	1461
CP035730	1391811	1393484	1	1462
CP035730	1393494	1393973	1	1463
CP035730	1393960	1394556	1	1464
CP035730	1394553	1395182	1	1465
CP035730	1395160	1395759	1	1466
CP035730	1395763	1396209	-1	1467
CP035730	1396339	1396563	-1	1468
CP035730	1397126	1398118	-1	1469
CP035730	1399657	1400067	1	1470
CP035730	1400129	1401406	-1	1471
CP035730	1401702	1403447	1	1472
CP035730	1403994	1404932	1	1473
CP035730	1404929	1405198	1	1474
CP035730	1405982	1406998	-1	1475
CP035730	1407169	1408764	-1	1476
CP035730	1408830	1409294	-1	1477
CP035730	1409296	1410222	-1	1478
CP035730	1410321	1410587	-1	1479
CP035730	1410683	1411381	-1	1480
CP035730	1411810	1412484	-1	1481
CP035730	1412450	1413136	-1	1482
CP035730	1413206	1414033	1	1483
CP035730	1414258	1414434	-1	1484
CP035730	1414529	1416046	-1	1485
CP035730	1416261	1416431	1	1486
CP035730	1416557	1416742	1	1487
CP035730	1416890	1417084	1	1488
CP035730	1417313	1417414	1	1489
CP035730	1418140	1418538	-1	1490
CP035730	1418516	1418752	-1	1491
CP035730	1419984	1420235	-1	1492
CP035730	1420348	1420974	1	1493
CP035730	1420961	1421434	1	1494
CP035730	1421414	1424269	-1	1495
CP035730	1424292	1424942	-1	1496
CP035730	1424977	1426395	-1	1497
CP035730	1426422	1428083	-1	1498
CP035730	1429222	1430010	-1	1499
CP035730	1430096	1430671	-1	1500
CP035730	1431553	1431999	-1	1501
CP035730	1432054	1432251	-1	1502
CP035730	1433009	1433419	1	1503
CP035730	1434041	1435624	-1	1504
CP035730	1435989	1436414	-1	1505
CP035730	1436420	1437316	-1	1506
CP035730	1437313	1437852	-1	1507
CP035730	1437830	1439146	-1	1508
CP035730	1439324	1439827	-1	1509
CP035730	1439824	1441122	-1	1510
CP035730	1441492	1441854	1	1511
CP035730	1441881	1442090	-1	1512
CP035730	1443182	1443505	1	1513
CP035730	1443571	1444182	1	1514
CP035730	1444557	1444994	-1	1515
CP035730	1444987	1445223	-1	1516
CP035730	1445608	1446573	1	1517
CP035730	1446663	1447427	1	1518
CP035730	1447708	1448094	-1	1519
CP035730	1448205	1448414	1	1520
CP035730	1448574	1449404	-1	1521
CP035730	1449392	1450594	-1	1522
CP035730	1451296	1451511	-1	1523
CP035730	1451520	1451741	-1	1524
CP035730	1451814	1452131	-1	1525
CP035730	1452877	1453632	1	1526
CP035730	1453629	1453931	-1	1527
CP035730	1454095	1454844	1	1528
CP035730	1454841	1455473	1	1529
CP035730	1455413	1455781	-1	1530
CP035730	1455852	1456175	1	1531
CP035730	1456167	1456724	-1	1532
CP035730	1456724	1457008	-1	1533
CP035730	1457043	1457660	-1	1534
CP035730	1457699	1458643	1	1535
CP035730	1458633	1459613	1	1536
CP035730	1459597	1460796	-1	1537
CP035730	1460796	1461509	-1	1538
CP035730	1461600	1461854	1	1539
CP035730	1461886	1463199	-1	1540
CP035730	1463200	1465020	1	1541
CP035730	1464992	1465522	1	1542
CP035730	1465512	1466684	-1	1543
CP035730	1467328	1467474	-1	1544
CP035730	1468015	1468326	-1	1545
CP035730	1468466	1468630	1	1546
CP035730	1468721	1469122	-1	1547
CP035730	1469817	1472153	-1	1548
CP035730	1472887	1473393	1	1549
CP035730	1473330	1473965	-1	1550
CP035730	1474711	1474905	1	1551
CP035730	1474892	1475578	-1	1552
CP035730	1475646	1476116	-1	1553
CP035730	1476113	1477735	-1	1554
CP035730	1477774	1478742	1	1555
CP035730	1478751	1479470	1	1556
CP035730	1479467	1480480	1	1557
CP035730	1480546	1481325	1	1558
CP035730	1481311	1482228	-1	1559
CP035730	1483296	1483835	-1	1560
CP035730	1483825	1485240	-1	1561
CP035730	1485247	1486572	-1	1562
CP035730	1486569	1487282	-1	1563
CP035730	1487286	1490396	-1	1564
CP035730	1491273	1491749	-1	1565
CP035730	1491731	1492165	-1	1566
CP035730	1492162	1492383	-1	1567
CP035730	1492386	1493399	-1	1568
CP035730	1493389	1493709	-1	1569
CP035730	1493711	1494898	-1	1570
CP035730	1494885	1495559	-1	1571
CP035730	1495552	1495875	-1	1572
CP035730	1495872	1497770	-1	1573
CP035730	1497830	1499188	-1	1574
CP035730	1499189	1500004	-1	1575
CP035730	1500006	1501283	-1	1576
CP035730	1501457	1501978	1	1577
CP035730	1502453	1502755	-1	1578
CP035730	1502824	1502991	1	1579
CP035730	1503160	1503360	-1	1580
CP035730	1503611	1503973	1	1581
CP035730	1504288	1504395	-1	1582
CP035730	1504343	1504783	-1	1583
CP035730	1504939	1505100	-1	1584
CP035730	1505359	1505550	-1	1585
CP035730	1505948	1506172	-1	1586
CP035730	1506259	1506447	-1	1587
CP035730	1506539	1506826	-1	1588
CP035730	1507010	1507180	1	1589
CP035730	1507563	1508171	-1	1590
CP035730	1508159	1509400	-1	1591
CP035730	1509360	1509947	-1	1592
CP035730	1510011	1510511	1	1593
CP035730	1510508	1510945	1	1594
CP035730	1510926	1511807	-1	1595
CP035730	1511804	1512724	-1	1596
CP035730	1512721	1513596	-1	1597
CP035730	1513646	1514410	1	1598
CP035730	1514437	1515177	1	1599
CP035730	1515158	1516114	1	1600
CP035730	1516104	1516544	1	1601
CP035730	1516541	1516828	1	1602
CP035730	1516825	1517025	1	1603
CP035730	1517028	1517819	1	1604
CP035730	1517816	1517986	1	1605
CP035730	1517983	1520286	-1	1606
CP035730	1520643	1522772	-1	1607
CP035730	1522819	1523556	-1	1608
CP035730	1523591	1524271	-1	1609
CP035730	1524296	1524706	-1	1610
CP035730	1524747	1525925	-1	1611
CP035730	1526726	1526896	1	1612
CP035730	1527448	1527930	1	1613
CP035730	1528380	1528826	1	1614
CP035730	1528850	1529248	1	1615
CP035730	1529245	1529880	1	1616
CP035730	1529863	1531977	-1	1617
CP035730	1531978	1534128	-1	1618
CP035730	1534164	1535837	-1	1619
CP035730	1535824	1536393	-1	1620
CP035730	1536383	1537231	-1	1621
CP035730	1537173	1537634	-1	1622
CP035730	1537646	1538041	1	1623
CP035730	1538066	1539154	1	1624
CP035730	1539188	1539742	1	1625
CP035730	1539734	1540630	-1	1626
CP035730	1540652	1541359	-1	1627
CP035730	1541457	1542533	1	1628
CP035730	1542533	1542952	1	1629
CP035730	1542938	1544296	-1	1630
CP035730	1544301	1544801	-1	1631
CP035730	1544885	1545649	1	1632
CP035730	1545679	1547109	-1	1633
CP035730	1547557	1547697	-1	1634
CP035730	1547878	1548051	-1	1635
CP035730	1548262	1551297	1	1636
CP035730	1551413	1551940	1	1637
CP035730	1552546	1552719	-1	1638
CP035730	1552762	1554108	-1	1639
CP035730	1555326	1557329	-1	1640
CP035730	1557307	1558788	-1	1641
CP035730	1558794	1559624	-1	1642
CP035730	1559621	1560118	-1	1643
CP035730	1560115	1560645	-1	1644
CP035730	1560662	1561216	-1	1645
CP035730	1561616	1561732	1	1646
CP035730	1561978	1562427	1	1647
CP035730	1562808	1563413	1	1648
CP035730	1564644	1565666	1	1649
CP035730	1565893	1566105	1	1650
CP035730	1566824	1567276	-1	1651
CP035730	1567564	1567878	1	1652
CP035730	1568293	1568892	-1	1653
CP035730	1569198	1569470	-1	1654
CP035730	1570429	1571166	-1	1655
CP035730	1577282	1577881	-1	1656
CP035730	1578516	1580003	1	1657
CP035730	1580309	1581373	-1	1658
CP035730	1582093	1582815	1	1659
CP035730	1582812	1583030	1	1660
CP035730	1583027	1583842	1	1661
CP035730	1583824	1584660	1	1662
CP035730	1584694	1586115	1	1663
CP035730	1586101	1587066	-1	1664
CP035730	1587216	1587932	-1	1665
CP035730	1588109	1588255	-1	1666
CP035730	1588326	1589480	-1	1667
CP035730	1589481	1590920	-1	1668
CP035730	1591011	1591748	-1	1669
CP035730	1591764	1592768	-1	1670
CP035730	1592854	1593222	-1	1671
CP035730	1593228	1593971	-1	1672
CP035730	1593971	1594390	-1	1673
CP035730	1594399	1595439	-1	1674
CP035730	1595478	1596824	1	1675
CP035730	1596821	1598338	1	1676
CP035730	1598330	1598758	-1	1677
CP035730	1598745	1599062	-1	1678
CP035730	1599055	1599363	-1	1679
CP035730	1599399	1600649	1	1680
CP035730	1600646	1600894	-1	1681
CP035730	1601069	1601785	1	1682
CP035730	1601804	1602604	1	1683
CP035730	1602608	1603717	1	1684
CP035730	1603763	1605757	-1	1685
CP035730	1605759	1606019	-1	1686
CP035730	1606051	1607169	-1	1687
CP035730	1607171	1608112	-1	1688
CP035730	1608301	1608873	-1	1689
CP035730	1608848	1609375	-1	1690
CP035730	1609490	1609708	1	1691
CP035730	1609705	1610016	1	1692
CP035730	1609974	1610297	-1	1693
CP035730	1610298	1610690	-1	1694
CP035730	1610668	1611648	-1	1695
CP035730	1611703	1614132	1	1696
CP035730	1614170	1615369	-1	1697
CP035730	1615379	1616119	-1	1698
CP035730	1616124	1616705	-1	1699
CP035730	1616706	1618007	-1	1700
CP035730	1617989	1618591	-1	1701
CP035730	1618584	1619621	-1	1702
CP035730	1619608	1620345	-1	1703
CP035730	1620342	1621610	-1	1704
CP035730	1621668	1621940	-1	1705
CP035730	1622037	1623116	1	1706
CP035730	1623070	1623357	1	1707
CP035730	1623344	1625698	-1	1708
CP035730	1625775	1626434	-1	1709
CP035730	1626495	1626785	1	1710
CP035730	1626763	1628232	-1	1711
CP035730	1628298	1629485	1	1712
CP035730	1629482	1630825	1	1713
CP035730	1630810	1631862	1	1714
CP035730	1631863	1632507	1	1715
CP035730	1632488	1633717	1	1716
CP035730	1633706	1634626	-1	1717
CP035730	1634658	1635278	1	1718
CP035730	1635271	1636371	1	1719
CP035730	1636421	1637137	1	1720
CP035730	1637297	1637629	1	1721
CP035730	1637643	1638443	1	1722
CP035730	1638376	1639089	-1	1723
CP035730	1639201	1640874	1	1724
CP035730	1640884	1641228	-1	1725
CP035730	1641353	1641658	1	1726
CP035730	1641650	1641976	-1	1727
CP035730	1642017	1642214	-1	1728
CP035730	1642269	1644140	1	1729
CP035730	1644565	1647060	1	1730
CP035730	1647108	1647500	1	1731
CP035730	1647468	1648523	-1	1732
CP035730	1648595	1650478	-1	1733
CP035730	1650459	1651805	-1	1734
CP035730	1651839	1652006	-1	1735
CP035730	1652070	1653299	1	1736
CP035730	1653305	1654006	1	1737
CP035730	1654007	1654423	1	1738
CP035730	1654410	1655294	1	1739
CP035730	1655281	1656402	1	1740
CP035730	1656399	1656776	-1	1741
CP035730	1656837	1657724	-1	1742
CP035730	1657712	1658014	-1	1743
CP035730	1658155	1659090	1	1744
CP035730	1659062	1660102	1	1745
CP035730	1660106	1660321	-1	1746
CP035730	1660345	1660845	-1	1747
CP035730	1660983	1661732	-1	1748
CP035730	1661781	1662545	1	1749
CP035730	1662530	1663216	1	1750
CP035730	1663207	1663824	-1	1751
CP035730	1663858	1664934	-1	1752
CP035730	1664967	1666397	-1	1753
CP035730	1666387	1666680	-1	1754
CP035730	1666670	1666996	-1	1755
CP035730	1667031	1667411	1	1756
CP035730	1667374	1669005	1	1757
CP035730	1668975	1669472	-1	1758
CP035730	1669553	1669828	1	1759
CP035730	1669803	1670132	-1	1760
CP035730	1670218	1670517	-1	1761
CP035730	1670660	1674130	1	1762
CP035730	1674095	1674367	-1	1763
CP035730	1674458	1677247	-1	1764
CP035730	1677320	1677559	1	1765
CP035730	1677791	1679242	1	1766
CP035730	1679239	1680174	1	1767
CP035730	1680205	1681803	1	1768
CP035730	1681800	1682963	1	1769
CP035730	1683293	1683688	1	1770
CP035730	1683690	1685027	1	1771
CP035730	1684993	1686072	1	1772
CP035730	1686081	1686878	1	1773
CP035730	1686979	1687164	1	1774
CP035730	1687197	1687877	1	1775
CP035730	1687883	1688158	1	1776
CP035730	1688225	1689607	1	1777
CP035730	1691221	1691448	1	1778
CP035730	1691802	1691903	-1	1779
CP035730	1691857	1692516	-1	1780
CP035730	1692972	1693307	-1	1781
CP035730	1693304	1693504	-1	1782
CP035730	1694459	1695640	-1	1783
CP035730	1695659	1696744	-1	1784
CP035730	1697060	1697902	1	1785
CP035730	1698487	1699329	-1	1786
CP035730	1699444	1699830	1	1787
CP035730	1699983	1701029	1	1788
CP035730	1701029	1702120	1	1789
CP035730	1702128	1702535	1	1790
CP035730	1702519	1703754	1	1791
CP035730	1703781	1705082	1	1792
CP035730	1705075	1705482	-1	1793
CP035730	1705479	1706510	-1	1794
CP035730	1706497	1707744	-1	1795
CP035730	1707793	1708542	-1	1796
CP035730	1708996	1709436	1	1797
CP035730	1709444	1709863	-1	1798
CP035730	1709974	1710573	-1	1799
CP035730	1710563	1713277	-1	1800
CP035730	1713329	1713643	-1	1801
CP035730	1713682	1714683	-1	1802
CP035730	1714689	1715348	-1	1803
CP035730	1715354	1715866	-1	1804
CP035730	1715877	1716335	-1	1805
CP035730	1716346	1716525	-1	1806
CP035730	1716558	1717301	-1	1807
CP035730	1717691	1718152	-1	1808
CP035730	1718152	1718412	-1	1809
CP035730	1718414	1719085	-1	1810
CP035730	1719082	1719348	-1	1811
CP035730	1719352	1719507	-1	1812
CP035730	1719504	1719851	-1	1813
CP035730	1719862	1720323	-1	1814
CP035730	1720394	1721563	1	1815
CP035730	1721550	1722587	-1	1816
CP035730	1722650	1723654	-1	1817
CP035730	1723711	1724106	1	1818
CP035730	1724103	1724318	1	1819
CP035730	1724365	1725267	1	1820
CP035730	1725306	1725464	1	1821
CP035730	1725461	1726129	1	1822
CP035730	1726101	1726262	-1	1823
CP035730	1726341	1727282	1	1824
CP035730	1727269	1728348	1	1825
CP035730	1728385	1729032	1	1826
CP035730	1729054	1729956	1	1827
CP035730	1729945	1731366	-1	1828
CP035730	1731535	1731933	-1	1829
CP035730	1731926	1733290	-1	1830
CP035730	1733318	1734190	1	1831
CP035730	1734175	1735224	1	1832
CP035730	1735224	1735736	1	1833
CP035730	1735729	1736700	1	1834
CP035730	1736697	1737551	-1	1835
CP035730	1737747	1738613	-1	1836
CP035730	1738654	1739301	1	1837
CP035730	1739269	1739433	-1	1838
CP035730	1739554	1741566	1	1839
CP035730	1741612	1743036	1	1840
CP035730	1743014	1744477	1	1841
CP035730	1744504	1744959	1	1842
CP035730	1744965	1745360	1	1843
CP035730	1745353	1745616	-1	1844
CP035730	1745668	1746342	1	1845
CP035730	1746311	1746880	1	1846
CP035730	1746870	1748252	1	1847
CP035730	1748293	1750911	1	1848
CP035730	1750828	1751160	-1	1849
CP035730	1751157	1752059	-1	1850
CP035730	1752099	1752830	-1	1851
CP035730	1752837	1753226	1	1852
CP035730	1753213	1753524	-1	1853
CP035730	1753577	1754443	1	1854
CP035730	1754426	1755628	-1	1855
CP035730	1755673	1756464	1	1856
CP035730	1756451	1757218	-1	1857
CP035730	1757218	1758840	-1	1858
CP035730	1758827	1760236	-1	1859
CP035730	1760237	1760920	-1	1860
CP035730	1760974	1761867	1	1861
CP035730	1762052	1763194	1	1862
CP035730	1763191	1763385	1	1863
CP035730	1763596	1764783	1	1864
CP035730	1764780	1765466	1	1865
CP035730	1765453	1767153	1	1866
CP035730	1767214	1767594	1	1867
CP035730	1767605	1768849	1	1868
CP035730	1769070	1771700	1	1869
CP035730	1771703	1772134	-1	1870
CP035730	1772131	1772625	-1	1871
CP035730	1772635	1772955	-1	1872
CP035730	1772994	1773575	1	1873
CP035730	1773557	1774477	-1	1874
CP035730	1774545	1776260	1	1875
CP035730	1776249	1778354	-1	1876
CP035730	1778425	1778727	1	1877
CP035730	1778724	1779308	1	1878
CP035730	1779310	1781088	1	1879
CP035730	1781089	1782486	1	1880
CP035730	1782483	1783133	1	1881
CP035730	1783117	1783296	1	1882
CP035730	1783314	1783619	1	1883
CP035730	1783665	1785116	1	1884
CP035730	1785150	1785437	1	1885
CP035730	1785482	1786492	1	1886
CP035730	1786489	1787091	1	1887
CP035730	1787137	1788681	1	1888
CP035730	1788664	1789107	-1	1889
CP035730	1789116	1790114	-1	1890
CP035730	1790095	1790490	-1	1891
CP035730	1790468	1792186	-1	1892
CP035730	1792375	1792866	-1	1893
CP035730	1792841	1793638	-1	1894
CP035730	1793672	1794622	1	1895
CP035730	1794611	1795447	-1	1896
CP035730	1795481	1795687	1	1897
CP035730	1795657	1796310	-1	1898
CP035730	1796565	1796951	-1	1899
CP035730	1797051	1797341	1	1900
CP035730	1797338	1798306	1	1901
CP035730	1798282	1798815	-1	1902
CP035730	1799068	1801725	1	1903
CP035730	1801699	1802289	-1	1904
CP035730	1802443	1803423	1	1905
CP035730	1803401	1804258	1	1906
CP035730	1804258	1804950	1	1907
CP035730	1804940	1805524	1	1908
CP035730	1805521	1806270	1	1909
CP035730	1806267	1807451	1	1910
CP035730	1807402	1807728	1	1911
CP035730	1807728	1808318	1	1912
CP035730	1808315	1808674	1	1913
CP035730	1808719	1809126	1	1914
CP035730	1809151	1810512	1	1915
CP035730	1810533	1812047	-1	1916
CP035730	1812094	1812336	-1	1917
CP035730	1812390	1812815	1	1918
CP035730	1812801	1813172	-1	1919
CP035730	1813180	1813656	-1	1920
CP035730	1813707	1814315	-1	1921
CP035730	1814312	1814623	-1	1922
CP035730	1814595	1814906	-1	1923
CP035730	1814903	1815769	-1	1924
CP035730	1815741	1816916	-1	1925
CP035730	1816900	1817487	-1	1926
CP035730	1817484	1817966	-1	1927
CP035730	1817969	1818865	-1	1928
CP035730	1818928	1819515	1	1929
CP035730	1819517	1820158	1	1930
CP035730	1820133	1820783	1	1931
CP035730	1820740	1821777	-1	1932
CP035730	1821799	1822296	-1	1933
CP035730	1822321	1822629	-1	1934
CP035730	1822656	1824014	-1	1935
CP035730	1824017	1824397	-1	1936
CP035730	1824433	1825077	1	1937
CP035730	1824991	1825629	-1	1938
CP035730	1825583	1826587	-1	1939
CP035730	1826581	1826922	-1	1940
CP035730	1827031	1827735	1	1941
CP035730	1827737	1828006	1	1942
CP035730	1827987	1828658	1	1943
CP035730	1828655	1830766	1	1944
CP035730	1830763	1832094	1	1945
CP035730	1832095	1833306	1	1946
CP035730	1833308	1834741	1	1947
CP035730	1834738	1835694	1	1948
CP035730	1835751	1836197	1	1949
CP035730	1836296	1836442	1	1950
CP035730	1836534	1837706	1	1951
CP035730	1837706	1839046	1	1952
CP035730	1839030	1840148	1	1953
CP035730	1840141	1843287	1	1954
CP035730	1843284	1844132	1	1955
CP035730	1844120	1844707	-1	1956
CP035730	1844807	1845763	1	1957
CP035730	1845767	1846324	-1	1958
CP035730	1846367	1846552	1	1959
CP035730	1846533	1847087	-1	1960
CP035730	1847138	1847527	1	1961
CP035730	1847608	1848096	1	1962
CP035730	1848025	1848465	-1	1963
CP035730	1848579	1848929	1	1964
CP035730	1848959	1850014	1	1965
CP035730	1850029	1850802	-1	1966
CP035730	1850896	1851453	1	1967
CP035730	1851500	1852405	-1	1968
CP035730	1852445	1853383	-1	1969
CP035730	1853356	1854027	-1	1970
CP035730	1854031	1854414	-1	1971
CP035730	1854445	1855791	1	1972
CP035730	1855784	1857028	1	1973
CP035730	1857064	1857498	1	1974
CP035730	1857510	1858196	-1	1975
CP035730	1858183	1859241	-1	1976
CP035730	1859514	1860035	1	1977
CP035730	1860008	1860535	-1	1978
CP035730	1860648	1860782	-1	1979
CP035730	1860841	1861989	1	1980
CP035730	1861975	1863225	-1	1981
CP035730	1863355	1863900	1	1982
CP035730	1863893	1864159	1	1983
CP035730	1864163	1865320	1	1984
CP035730	1865317	1866210	1	1985
CP035730	1866260	1867303	-1	1986
CP035730	1868681	1869064	1	1987
CP035730	1869061	1871040	-1	1988
CP035730	1871298	1871906	-1	1989
CP035730	1872212	1872757	-1	1990
CP035730	1872962	1873570	1	1991
CP035730	1873542	1874258	1	1992
CP035730	1874306	1874866	1	1993
CP035730	1875273	1875419	1	1994
CP035730	1875471	1875863	1	1995
CP035730	1876278	1876715	1	1996
CP035730	1876691	1877323	-1	1997
CP035730	1877304	1877921	-1	1998
CP035730	1877905	1878546	-1	1999
CP035730	1878543	1879796	-1	2000
CP035730	1879799	1880278	-1	2001
CP035730	1880403	1881185	-1	2002
CP035730	1881228	1882025	-1	2003
CP035730	1882077	1882775	-1	2004
CP035730	1882756	1883898	-1	2005
CP035730	1884772	1886019	-1	2006
CP035730	1886023	1886628	-1	2007
CP035730	1886634	1887443	-1	2008
CP035730	1887478	1891161	-1	2009
CP035730	1891164	1892243	-1	2010
CP035730	1892396	1893046	1	2011
CP035730	1893152	1893673	1	2012
CP035730	1893667	1894194	1	2013
CP035730	1894246	1894929	1	2014
CP035730	1895089	1895802	1	2015
CP035730	1895780	1896445	1	2016
CP035730	1896582	1896704	1	2017
CP035730	1896745	1897503	1	2018
CP035730	1897895	1898893	-1	2019
CP035730	1899015	1899536	-1	2020
CP035730	1899732	1900052	1	2021
CP035730	1900045	1901346	1	2022
CP035730	1902143	1902505	1	2023
CP035730	1902495	1902755	1	2024
CP035730	1903252	1903866	1	2025
CP035730	1903918	1904232	1	2026
CP035730	1904269	1904832	1	2027
CP035730	1904846	1906417	1	2028
CP035730	1906414	1907703	-1	2029
CP035730	1907719	1908540	-1	2030
CP035730	1908545	1909840	-1	2031
CP035730	1909915	1910211	1	2032
CP035730	1910473	1910970	-1	2033
CP035730	1910973	1911416	-1	2034
CP035730	1911628	1911831	-1	2035
CP035730	1911990	1912313	-1	2036
CP035730	1912267	1913040	-1	2037
CP035730	1913108	1913485	-1	2038
CP035730	1914011	1914274	1	2039
CP035730	1914250	1914633	1	2040
CP035730	1914837	1915178	-1	2041
CP035730	1915208	1915297	-1	2042
CP035730	1915893	1916924	1	2043
CP035730	1917052	1917399	1	2044
CP035730	1917381	1917800	1	2045
CP035730	1918158	1918592	-1	2046
CP035730	1919428	1919775	1	2047
CP035730	1919789	1920403	1	2048
CP035730	1920600	1921637	1	2049
CP035730	1922427	1922684	1	2050
CP035730	1923142	1924593	-1	2051
CP035730	1924607	1925653	-1	2052
CP035730	1925755	1926546	1	2053
CP035730	1926633	1926908	1	2054
CP035730	1926941	1927462	-1	2055
CP035730	1927522	1928292	-1	2056
CP035730	1928297	1928509	-1	2057
CP035730	1928587	1928946	1	2058
CP035730	1929156	1929941	-1	2059
CP035730	1930028	1930711	1	2060
CP035730	1930846	1931559	-1	2061
CP035730	1931549	1932373	-1	2062
CP035730	1932493	1933680	1	2063
CP035730	1933670	1934368	-1	2064
CP035730	1934464	1934730	-1	2065
CP035730	1934995	1935159	1	2066
CP035730	1935294	1936238	1	2067
CP035730	1936494	1936910	-1	2068
CP035730	1936894	1937136	-1	2069
CP035730	1937526	1939607	-1	2070
CP035730	1940258	1941157	1	2071
CP035730	1941163	1941708	1	2072
CP035730	1941784	1941960	-1	2073
CP035730	1942497	1942853	1	2074
CP035730	1943014	1944108	-1	2075
CP035730	1944114	1944302	-1	2076
CP035730	1944355	1944663	-1	2077
CP035730	1945049	1946302	1	2078
CP035730	1946571	1946990	1	2079
CP035730	1946959	1947162	1	2080
CP035730	1947224	1947319	1	2081
CP035730	1947444	1947596	1	2082
CP035730	1947933	1948544	1	2083
CP035730	1948626	1948856	1	2084
CP035730	1949565	1949711	1	2085
CP035730	1949793	1950131	1	2086
CP035730	1950213	1951118	1	2087
CP035730	1951277	1951798	1	2088
CP035730	1952000	1952200	1	2089
CP035730	1952229	1952405	1	2090
CP035730	1952395	1952589	1	2091
CP035730	1952977	1954203	-1	2092
CP035730	1954692	1956017	1	2093
CP035730	1955975	1956517	1	2094
CP035730	1957233	1957454	-1	2095
CP035730	1957490	1957708	1	2096
CP035730	1957705	1958859	1	2097
CP035730	1958856	1959173	1	2098
CP035730	1959170	1959874	1	2099
CP035730	1959855	1959983	-1	2100
CP035730	1959989	1960225	-1	2101
CP035730	1960216	1960917	-1	2102
CP035730	1960914	1963223	-1	2103
CP035730	1963184	1963408	-1	2104
CP035730	1964030	1964413	-1	2105
CP035730	1964551	1965012	-1	2106
CP035730	1965437	1965745	1	2107
CP035730	1965774	1966355	1	2108
CP035730	1966532	1966834	1	2109
CP035730	1967479	1968492	-1	2110
CP035730	1968492	1971728	-1	2111
CP035730	1971725	1972573	-1	2112
CP035730	1972560	1974005	-1	2113
CP035730	1974006	1974470	-1	2114
CP035730	1974460	1975329	-1	2115
CP035730	1975348	1975956	-1	2116
CP035730	1976530	1977114	1	2117
CP035730	1977296	1977418	-1	2118
CP035730	1977672	1978574	1	2119
CP035730	1978698	1980497	-1	2120
CP035730	1981363	1981566	-1	2121
CP035730	1981749	1982018	-1	2122
CP035730	1982214	1983041	1	2123
CP035730	1983150	1984529	-1	2124
CP035730	1985538	1986380	-1	2125
CP035730	1986606	1988939	1	2126
CP035730	1988920	1990335	1	2127
CP035730	1990610	1990945	-1	2128
CP035730	1991528	1992403	1	2129
CP035730	1992444	1993340	-1	2130
CP035730	1994114	1994779	1	2131
CP035730	1995395	1995928	1	2132
CP035730	1996294	1996893	1	2133
CP035730	1996949	1997122	1	2134
CP035730	1997123	1998157	1	2135
CP035730	1998182	1999129	1	2136
CP035730	1999437	2000153	1	2137
CP035730	2000246	2000704	-1	2138
CP035730	2001343	2002131	1	2139
CP035730	2002251	2002571	1	2140
CP035730	2003196	2004338	-1	2141
CP035730	2004319	2004795	-1	2142
CP035730	2005703	2006611	-1	2143
CP035730	2007405	2008730	1	2144
CP035730	2008705	2009046	-1	2145
CP035730	2009750	2010196	1	2146
CP035730	2010181	2010681	1	2147
CP035730	2011870	2012250	-1	2148
CP035730	2012641	2013120	1	2149
CP035730	2013448	2013588	-1	2150
CP035730	2013684	2014298	-1	2151
CP035730	2014285	2015670	-1	2152
CP035730	2015862	2017094	-1	2153
CP035730	2017130	2018596	1	2154
CP035730	2019322	2019561	1	2155
CP035730	2020321	2020683	1	2156
CP035730	2020820	2021296	-1	2157
CP035730	2021933	2023030	-1	2158
CP035730	2023160	2024686	-1	2159
CP035730	2024693	2025796	-1	2160
CP035730	2025917	2026384	-1	2161
CP035730	2026834	2027037	-1	2162
CP035730	2027220	2027489	-1	2163
CP035730	2027562	2027771	-1	2164
CP035730	2028247	2029308	1	2165
CP035730	2029664	2030293	1	2166
CP035730	2030448	2031497	-1	2167
CP035730	2032061	2032273	1	2168
CP035730	2032332	2033141	-1	2169
CP035730	2033232	2034764	1	2170
CP035730	2035105	2036718	-1	2171
CP035730	2037241	2037477	1	2172
CP035730	2037503	2037655	-1	2173
CP035730	2037951	2038115	1	2174
CP035730	2038287	2038544	-1	2175
CP035730	2038627	2038773	-1	2176
CP035730	2038985	2039500	-1	2177
CP035730	2039607	2039783	1	2178
CP035730	2039802	2042024	1	2179
CP035730	2042147	2042287	-1	2180
CP035730	2042277	2042531	-1	2181
CP035730	2042649	2043725	1	2182
CP035730	2043706	2045469	-1	2183
CP035730	2045541	2045981	-1	2184
CP035730	2045968	2047620	-1	2185
CP035730	2047760	2048296	1	2186
CP035730	2048299	2048916	1	2187
CP035730	2048885	2049985	-1	2188
CP035730	2050004	2050849	1	2189
CP035730	2050846	2051928	-1	2190
CP035730	2051987	2052544	1	2191
CP035730	2052579	2053793	1	2192
CP035730	2053873	2055807	1	2193
CP035730	2055792	2056679	-1	2194
CP035730	2056814	2057416	1	2195
CP035730	2057484	2057810	1	2196
CP035730	2057797	2058267	1	2197
CP035730	2058262	2058789	-1	2198
CP035730	2058820	2059233	1	2199
CP035730	2059482	2060030	1	2200
CP035730	2060071	2060457	-1	2201
CP035730	2060450	2060839	-1	2202
CP035730	2061119	2061805	-1	2203
CP035730	2061808	2062233	-1	2204
CP035730	2062233	2063333	-1	2205
CP035730	2063357	2063680	-1	2206
CP035730	2063984	2064139	-1	2207
CP035730	2064636	2065580	-1	2208
CP035730	2065906	2069436	1	2209
CP035730	2069399	2069908	-1	2210
CP035730	2070515	2072440	1	2211
CP035730	2072442	2073953	1	2212
CP035730	2073942	2074238	-1	2213
CP035730	2074336	2074890	-1	2214
CP035730	2074967	2075842	1	2215
CP035730	2076611	2077588	1	2216
CP035730	2077823	2078851	1	2217
CP035730	2079010	2079276	1	2218
CP035730	2079231	2080853	1	2219
CP035730	2080847	2081419	1	2220
CP035730	2081470	2083998	1	2221
CP035730	2084072	2085700	1	2222
CP035730	2085702	2086274	-1	2223
CP035730	2086321	2086707	-1	2224
CP035730	2086745	2087059	1	2225
CP035730	2087048	2087650	-1	2226
CP035730	2087637	2088632	-1	2227
CP035730	2088667	2090055	1	2228
CP035730	2090066	2091472	-1	2229
CP035730	2091535	2092602	-1	2230
CP035730	2092632	2093075	-1	2231
CP035730	2093153	2093443	-1	2232
CP035730	2093494	2094978	-1	2233
CP035730	2095096	2096076	-1	2234
CP035730	2096164	2097108	-1	2235
CP035730	2097105	2098505	-1	2236
CP035730	2098698	2099279	1	2237
CP035730	2099374	2099661	1	2238
CP035730	2099667	2100152	1	2239
CP035730	2100130	2101566	-1	2240
CP035730	2101598	2103106	-1	2241
CP035730	2103502	2103840	-1	2242
CP035730	2104004	2106622	1	2243
CP035730	2106619	2107767	-1	2244
CP035730	2107805	2108650	-1	2245
CP035730	2108682	2109833	-1	2246
CP035730	2109830	2110693	-1	2247
CP035730	2111091	2111462	1	2248
CP035730	2111488	2112954	-1	2249
CP035730	2112981	2116391	-1	2250
CP035730	2116458	2117930	1	2251
CP035730	2117972	2119201	1	2252
CP035730	2119201	2119968	1	2253
CP035730	2119971	2120810	1	2254
CP035730	2120789	2121586	1	2255
CP035730	2121572	2121937	-1	2256
CP035730	2121934	2122476	-1	2257
CP035730	2122633	2123787	1	2258
CP035730	2123880	2124062	-1	2259
CP035730	2124367	2125125	1	2260
CP035730	2125146	2125760	-1	2261
CP035730	2126523	2126783	1	2262
CP035730	2126756	2127181	1	2263
CP035730	2127220	2128203	-1	2264
CP035730	2128752	2129210	-1	2265
CP035730	2129270	2130277	1	2266
CP035730	2130576	2130761	1	2267
CP035730	2131311	2132102	1	2268
CP035730	2133706	2135178	1	2269
CP035730	2135182	2135850	-1	2270
CP035730	2136136	2136942	1	2271
CP035730	2137107	2138048	1	2272
CP035730	2138053	2138484	1	2273
CP035730	2138488	2138892	1	2274
CP035730	2138870	2139217	1	2275
CP035730	2139230	2140363	1	2276
CP035730	2140360	2140824	1	2277
CP035730	2141039	2142658	1	2278
CP035730	2142765	2144003	1	2279
CP035730	2144034	2145170	-1	2280
CP035730	2145402	2146439	1	2281
CP035730	2146436	2147431	1	2282
CP035730	2148350	2148568	1	2283
CP035730	2148541	2149101	1	2284
CP035730	2149585	2150238	1	2285
CP035730	2150370	2150762	1	2286
CP035730	2150792	2151382	1	2287
CP035730	2151398	2151877	-1	2288
CP035730	2151913	2152989	-1	2289
CP035730	2153031	2153699	1	2290
CP035730	2153732	2154472	1	2291
CP035730	2154829	2155350	-1	2292
CP035730	2155366	2156484	-1	2293
CP035730	2156481	2157146	-1	2294
CP035730	2157148	2157354	-1	2295
CP035730	2157385	2158407	-1	2296
CP035730	2158440	2159030	1	2297
CP035730	2159027	2159665	-1	2298
CP035730	2160288	2160764	1	2299
CP035730	2160727	2162073	1	2300
CP035730	2162311	2163567	-1	2301
CP035730	2163609	2164175	-1	2302
CP035730	2164516	2164782	-1	2303
CP035730	2164786	2166231	-1	2304
CP035730	2166269	2167588	1	2305
CP035730	2167594	2167821	1	2306
CP035730	2167943	2168776	1	2307
CP035730	2168773	2169294	-1	2308
CP035730	2169291	2169689	-1	2309
CP035730	2169726	2170538	1	2310
CP035730	2170733	2171344	1	2311
CP035730	2171360	2171659	-1	2312
CP035730	2171842	2173383	1	2313
CP035730	2173445	2174071	1	2314
CP035730	2174481	2175479	-1	2315
CP035730	2176545	2177375	1	2316
CP035730	2177552	2178682	-1	2317
CP035730	2179117	2180529	1	2318
CP035730	2180796	2180981	-1	2319
CP035730	2180942	2181190	-1	2320
CP035730	2181359	2181706	-1	2321
CP035730	2181672	2182211	-1	2322
CP035730	2182601	2182813	-1	2323
CP035730	2182855	2183943	-1	2324
CP035730	2184152	2185006	-1	2325
CP035730	2185920	2186528	-1	2326
CP035730	2187267	2187572	-1	2327
CP035730	2187562	2188029	-1	2328
CP035730	2188302	2189789	1	2329
CP035730	2189782	2190849	1	2330
CP035730	2191357	2192649	-1	2331
CP035730	2193151	2193594	1	2332
CP035730	2193591	2193983	1	2333
CP035730	2194480	2195010	1	2334
CP035730	2195205	2195648	-1	2335
CP035730	2195976	2196719	-1	2336
CP035730	2197268	2197468	-1	2337
CP035730	2197465	2197596	-1	2338
CP035730	2197675	2197863	-1	2339
CP035730	2198265	2198741	1	2340
CP035730	2198843	2199784	1	2341
CP035730	2199853	2200191	1	2342
CP035730	2200842	2201015	-1	2343
CP035730	2201198	2201440	1	2344
CP035730	2201932	2202135	1	2345
CP035730	2202137	2202346	1	2346
CP035730	2202331	2202657	1	2347
CP035730	2203099	2203983	-1	2348
CP035730	2203980	2204984	-1	2349
CP035730	2204977	2205384	-1	2350
CP035730	2205444	2205833	-1	2351
CP035730	2205924	2206205	-1	2352
CP035730	2206202	2207356	-1	2353
CP035730	2207353	2209161	-1	2354
CP035730	2209397	2211631	-1	2355
CP035730	2211628	2212119	-1	2356
CP035730	2212106	2212957	-1	2357
CP035730	2213167	2213970	-1	2358
CP035730	2214075	2214542	1	2359
CP035730	2214564	2215364	1	2360
CP035730	2215359	2216264	-1	2361
CP035730	2216233	2217423	-1	2362
CP035730	2217416	2217679	-1	2363
CP035730	2217669	2218223	-1	2364
CP035730	2218287	2219462	-1	2365
CP035730	2219569	2219811	1	2366
CP035730	2219797	2220198	-1	2367
CP035730	2220195	2221394	-1	2368
CP035730	2221469	2222194	1	2369
CP035730	2222191	2223039	1	2370
CP035730	2223036	2224256	1	2371
CP035730	2224253	2224522	1	2372
CP035730	2224519	2226348	-1	2373
CP035730	2226345	2226773	-1	2374
CP035730	2226770	2227267	-1	2375
CP035730	2227279	2228454	-1	2376
CP035730	2228454	2229563	-1	2377
CP035730	2229913	2230137	1	2378
CP035730	2230127	2230447	1	2379
CP035730	2230651	2231775	-1	2380
CP035730	2231849	2233714	1	2381
CP035730	2233711	2234526	1	2382
CP035730	2234539	2235675	-1	2383
CP035730	2235675	2236106	-1	2384
CP035730	2236130	2236972	-1	2385
CP035730	2236947	2238242	-1	2386
CP035730	2238315	2239250	1	2387
CP035730	2239284	2239793	1	2388
CP035730	2239858	2240073	1	2389
CP035730	2240078	2240872	1	2390
CP035730	2241438	2241806	-1	2391
CP035730	2241892	2242074	1	2392
CP035730	2242490	2243476	-1	2393
CP035730	2243466	2244134	-1	2394
CP035730	2244131	2244709	-1	2395
CP035730	2244706	2245764	-1	2396
CP035730	2245742	2246503	-1	2397
CP035730	2246493	2247494	-1	2398
CP035730	2247530	2248198	-1	2399
CP035730	2248195	2249157	-1	2400
CP035730	2249158	2249973	-1	2401
CP035730	2250018	2251223	-1	2402
CP035730	2251310	2251867	1	2403
CP035730	2251937	2252779	1	2404
CP035730	2252788	2254119	-1	2405
CP035730	2254163	2254690	-1	2406
CP035730	2254813	2255154	1	2407
CP035730	2255143	2255556	-1	2408
CP035730	2255558	2256160	-1	2409
CP035730	2256163	2257629	-1	2410
CP035730	2257626	2258309	-1	2411
CP035730	2258290	2259102	-1	2412
CP035730	2259138	2263448	-1	2413
CP035730	2263530	2264420	-1	2414
CP035730	2264535	2265602	1	2415
CP035730	2265723	2266481	1	2416
CP035730	2266510	2266917	-1	2417
CP035730	2266951	2267154	1	2418
CP035730	2267105	2267398	1	2419
CP035730	2267395	2268210	1	2420
CP035730	2268207	2268737	-1	2421
CP035730	2268740	2268859	-1	2422
CP035730	2268892	2269584	1	2423
CP035730	2269633	2269878	-1	2424
CP035730	2270136	2270345	1	2425
CP035730	2270804	2270971	1	2426
CP035730	2271031	2271270	-1	2427
CP035730	2271481	2272413	1	2428
CP035730	2272647	2272868	-1	2429
CP035730	2272819	2272947	-1	2430
CP035730	2272947	2273378	-1	2431
CP035730	2273379	2273696	1	2432
CP035730	2274134	2274247	-1	2433
CP035730	2274438	2274587	1	2434
CP035730	2274591	2274767	-1	2435
CP035730	2274863	2275039	-1	2436
CP035730	2275107	2275610	-1	2437
CP035730	2275642	2276316	-1	2438
CP035730	2276344	2277591	1	2439
CP035730	2277641	2278729	-1	2440
CP035730	2278926	2279444	1	2441
CP035730	2279814	2280356	1	2442
CP035730	2280363	2280869	1	2443
CP035730	2280905	2282299	1	2444
CP035730	2282479	2284071	1	2445
CP035730	2284104	2285966	1	2446
CP035730	2285923	2286735	1	2447
CP035730	2286709	2288262	-1	2448
CP035730	2288333	2289034	1	2449
CP035730	2289029	2289178	-1	2450
CP035730	2289590	2290309	-1	2451
CP035730	2290354	2291643	-1	2452
CP035730	2291753	2292991	1	2453
CP035730	2292978	2293925	-1	2454
CP035730	2293967	2294350	-1	2455
CP035730	2294935	2295171	-1	2456
CP035730	2295547	2295750	1	2457
CP035730	2295834	2296091	1	2458
CP035730	2297039	2297500	1	2459
CP035730	2297503	2298426	-1	2460
CP035730	2298423	2299115	-1	2461
CP035730	2299102	2299830	-1	2462
CP035730	2299832	2300929	-1	2463
CP035730	2300984	2302339	-1	2464
CP035730	2302423	2303262	-1	2465
CP035730	2303321	2303560	-1	2466
CP035730	2303571	2303996	-1	2467
CP035730	2304267	2304647	1	2468
CP035730	2304654	2305967	1	2469
CP035730	2305980	2306324	1	2470
CP035730	2306321	2306869	1	2471
CP035730	2306847	2307164	-1	2472
CP035730	2307211	2308563	1	2473
CP035730	2308540	2309538	-1	2474
CP035730	2309540	2310358	-1	2475
CP035730	2310355	2311413	-1	2476
CP035730	2311414	2312304	-1	2477
CP035730	2312301	2313335	-1	2478
CP035730	2313520	2313849	1	2479
CP035730	2313835	2314092	-1	2480
CP035730	2314138	2314311	1	2481
CP035730	2314286	2314672	-1	2482
CP035730	2314736	2315092	-1	2483
CP035730	2315130	2315738	1	2484
CP035730	2315724	2316206	-1	2485
CP035730	2316253	2316663	1	2486
CP035730	2316736	2317182	1	2487
CP035730	2317184	2318278	1	2488
CP035730	2318271	2318990	-1	2489
CP035730	2318990	2319124	-1	2490
CP035730	2319176	2319625	1	2491
CP035730	2319622	2320032	1	2492
CP035730	2320065	2320397	1	2493
CP035730	2320517	2321728	1	2494
CP035730	2321712	2322791	-1	2495
CP035730	2322816	2323073	-1	2496
CP035730	2323075	2324307	-1	2497
CP035730	2324588	2324698	1	2498
CP035730	2324730	2325842	1	2499
CP035730	2325829	2326554	1	2500
CP035730	2326524	2327501	-1	2501
CP035730	2327522	2329699	-1	2502
CP035730	2329703	2331649	-1	2503
CP035730	2331705	2334179	-1	2504
CP035730	2334509	2334634	-1	2505
CP035730	2334759	2334908	-1	2506
CP035730	2334905	2335039	-1	2507
CP035730	2335123	2335281	-1	2508
CP035730	2335843	2336340	-1	2509
CP035730	2336672	2338471	-1	2510
CP035730	2338508	2338954	-1	2511
CP035730	2339061	2341046	1	2512
CP035730	2341057	2341275	1	2513
CP035730	2341264	2342502	-1	2514
CP035730	2342553	2343149	-1	2515
CP035730	2343222	2344538	1	2516
CP035730	2344535	2344987	1	2517
CP035730	2344970	2345209	-1	2518
CP035730	2345196	2346164	-1	2519
CP035730	2346206	2347771	1	2520
CP035730	2347734	2348270	-1	2521
CP035730	2348294	2348992	1	2522
CP035730	2348964	2349275	-1	2523
CP035730	2349232	2349564	-1	2524
CP035730	2349954	2350739	-1	2525
CP035730	2350729	2351859	-1	2526
CP035730	2351974	2352582	1	2527
CP035730	2352586	2353785	-1	2528
CP035730	2353787	2354122	-1	2529
CP035730	2354115	2354750	-1	2530
CP035730	2354759	2355010	-1	2531
CP035730	2355110	2355535	1	2532
CP035730	2355511	2355918	1	2533
CP035730	2355899	2356591	-1	2534
CP035730	2356611	2357318	-1	2535
CP035730	2357308	2357796	-1	2536
CP035730	2357832	2358998	1	2537
CP035730	2358976	2359569	1	2538
CP035730	2359563	2360024	1	2539
CP035730	2360021	2360689	1	2540
CP035730	2360659	2361894	1	2541
CP035730	2361873	2362259	-1	2542
CP035730	2362509	2362673	1	2543
CP035730	2362707	2363435	1	2544
CP035730	2363426	2363632	-1	2545
CP035730	2363632	2364720	-1	2546
CP035730	2364783	2366564	-1	2547
CP035730	2367454	2368080	-1	2548
CP035730	2368077	2369162	-1	2549
CP035730	2369197	2370183	-1	2550
CP035730	2370180	2371169	-1	2551
CP035730	2371166	2372275	-1	2552
CP035730	2372253	2372927	-1	2553
CP035730	2372920	2373774	-1	2554
CP035730	2373771	2374448	-1	2555
CP035730	2374459	2374659	-1	2556
CP035730	2374666	2375079	-1	2557
CP035730	2375076	2375516	-1	2558
CP035730	2375513	2375869	-1	2559
CP035730	2375871	2376665	-1	2560
CP035730	2376672	2377070	-1	2561
CP035730	2377063	2377587	-1	2562
CP035730	2377593	2378111	-1	2563
CP035730	2378138	2379406	-1	2564
CP035730	2379434	2379838	1	2565
CP035730	2379881	2380198	1	2566
CP035730	2380244	2381323	1	2567
CP035730	2381328	2382554	1	2568
CP035730	2382544	2384889	-1	2569
CP035730	2384925	2385383	-1	2570
CP035730	2385408	2386436	1	2571
CP035730	2386413	2387468	-1	2572
CP035730	2387410	2387934	-1	2573
CP035730	2387927	2388583	-1	2574
CP035730	2388619	2389701	1	2575
CP035730	2389685	2391178	-1	2576
CP035730	2391501	2391962	1	2577
CP035730	2391989	2392690	1	2578
CP035730	2393360	2393608	-1	2579
CP035730	2393773	2394072	-1	2580
CP035730	2394408	2395106	1	2581
CP035730	2395120	2396136	-1	2582
CP035730	2396415	2398127	1	2583
CP035730	2398490	2398876	-1	2584
CP035730	2398905	2399378	-1	2585
CP035730	2399478	2400650	1	2586
CP035730	2400683	2402107	1	2587
CP035730	2402140	2402337	-1	2588
CP035730	2402765	2402974	-1	2589
CP035730	2403143	2403565	1	2590
CP035730	2403555	2404493	1	2591
CP035730	2404494	2405129	-1	2592
CP035730	2405133	2405714	-1	2593
CP035730	2405779	2406600	-1	2594
CP035730	2406597	2408132	-1	2595
CP035730	2408201	2408653	1	2596
CP035730	2408648	2410147	-1	2597
CP035730	2410269	2410694	1	2598
CP035730	2410782	2411162	1	2599
CP035730	2411232	2412719	1	2600
CP035730	2412712	2413875	1	2601
CP035730	2413856	2416495	1	2602
CP035730	2416488	2417483	1	2603
CP035730	2417467	2418264	-1	2604
CP035730	2418320	2418964	-1	2605
CP035730	2418964	2419419	-1	2606
CP035730	2419469	2420275	1	2607
CP035730	2420265	2420561	-1	2608
CP035730	2420661	2421086	1	2609
CP035730	2421049	2421969	-1	2610
CP035730	2422150	2423904	1	2611
CP035730	2423858	2424196	-1	2612
CP035730	2424442	2424936	-1	2613
CP035730	2425013	2425624	1	2614
CP035730	2425604	2426317	-1	2615
CP035730	2426319	2427227	-1	2616
CP035730	2427267	2427689	1	2617
CP035730	2427692	2428330	1	2618
CP035730	2428594	2429103	-1	2619
CP035730	2429132	2429998	1	2620
CP035730	2429991	2430695	-1	2621
CP035730	2430816	2430971	1	2622
CP035730	2431038	2431631	1	2623
CP035730	2431594	2432253	-1	2624
CP035730	2432268	2432594	1	2625
CP035730	2432533	2432814	1	2626
CP035730	2432801	2433289	1	2627
CP035730	2433212	2434108	-1	2628
CP035730	2434105	2435115	-1	2629
CP035730	2435175	2435519	1	2630
CP035730	2435534	2436280	1	2631
CP035730	2436264	2436752	1	2632
CP035730	2436851	2437750	1	2633
CP035730	2437720	2439450	1	2634
CP035730	2439437	2440552	1	2635
CP035730	2440541	2440879	-1	2636
CP035730	2440920	2441957	1	2637
CP035730	2441957	2442271	1	2638
CP035730	2442268	2442927	1	2639
CP035730	2442987	2443511	1	2640
CP035730	2443491	2444171	-1	2641
CP035730	2444177	2445046	-1	2642
CP035730	2445184	2448186	-1	2643
CP035730	2448177	2448629	-1	2644
CP035730	2448672	2449271	1	2645
CP035730	2449280	2449807	1	2646
CP035730	2449761	2450411	-1	2647
CP035730	2450474	2451226	1	2648
CP035730	2451192	2451701	1	2649
CP035730	2451912	2453495	1	2650
CP035730	2453496	2454335	1	2651
CP035730	2454326	2455135	1	2652
CP035730	2455201	2455455	1	2653
CP035730	2455493	2455657	1	2654
CP035730	2455673	2455951	1	2655
CP035730	2455985	2456701	1	2656
CP035730	2456694	2457197	1	2657
CP035730	2457190	2457471	-1	2658
CP035730	2457554	2458366	-1	2659
CP035730	2458401	2458730	-1	2660
CP035730	2458761	2459921	-1	2661
CP035730	2460357	2461586	-1	2662
CP035730	2461793	2465041	1	2663
CP035730	2465049	2465393	-1	2664
CP035730	2465433	2466803	-1	2665
CP035730	2467545	2468327	-1	2666
CP035730	2468412	2469482	-1	2667
CP035730	2469562	2471244	-1	2668
CP035730	2471457	2472266	1	2669
CP035730	2472292	2473263	1	2670
CP035730	2473246	2473983	-1	2671
CP035730	2474018	2474584	1	2672
CP035730	2474597	2475337	-1	2673
CP035730	2475324	2476103	-1	2674
CP035730	2476194	2477111	1	2675
CP035730	2477108	2477626	-1	2676
CP035730	2477668	2478501	1	2677
CP035730	2478478	2479548	-1	2678
CP035730	2479578	2480516	1	2679
CP035730	2480584	2482362	1	2680
CP035730	2482375	2483532	-1	2681
CP035730	2483533	2484801	-1	2682
CP035730	2484856	2485200	1	2683
CP035730	2485169	2485879	-1	2684
CP035730	2486328	2486573	1	2685
CP035730	2486551	2486952	1	2686
CP035730	2487538	2489409	-1	2687
CP035730	2489543	2493877	1	2688
CP035730	2493942	2495324	1	2689
CP035730	2496899	2499037	1	2690
CP035730	2499034	2501004	1	2691
CP035730	2501056	2501877	1	2692
CP035730	2502645	2503466	1	2693
CP035730	2503428	2503949	-1	2694
CP035730	2504011	2505579	1	2695
CP035730	2505584	2506477	1	2696
CP035730	2506846	2507658	-1	2697
CP035730	2507659	2507946	-1	2698
CP035730	2507933	2508298	-1	2699
CP035730	2508333	2509631	1	2700
CP035730	2509647	2510429	1	2701
CP035730	2510509	2511060	1	2702
CP035730	2511040	2511495	-1	2703
CP035730	2511615	2512748	1	2704
CP035730	2512898	2513605	1	2705
CP035730	2513592	2514749	-1	2706
CP035730	2514795	2515133	1	2707
CP035730	2515189	2515962	1	2708
CP035730	2516079	2516465	1	2709
CP035730	2516471	2516968	1	2710
CP035730	2516952	2518166	1	2711
CP035730	2518166	2519227	1	2712
CP035730	2519215	2519718	1	2713
CP035730	2519702	2520199	1	2714
CP035730	2520201	2520485	1	2715
CP035730	2520487	2523903	1	2716
CP035730	2523907	2525295	1	2717
CP035730	2525292	2526335	1	2718
CP035730	2526356	2527462	-1	2719
CP035730	2527476	2528087	-1	2720
CP035730	2528471	2529037	1	2721
CP035730	2529829	2530437	-1	2722
CP035730	2530523	2530948	1	2723
CP035730	2530979	2531347	1	2724
CP035730	2531392	2532249	-1	2725
CP035730	2532295	2532690	1	2726
CP035730	2532746	2533591	1	2727
CP035730	2533580	2533876	-1	2728
CP035730	2534032	2534694	1	2729
CP035730	2534636	2535424	1	2730
CP035730	2535536	2537020	1	2731
CP035730	2537028	2537312	1	2732
CP035730	2537296	2538564	-1	2733
CP035730	2538642	2539949	-1	2734
CP035730	2540004	2540444	1	2735
CP035730	2540425	2541831	-1	2736
CP035730	2541821	2542747	-1	2737
CP035730	2542740	2543180	-1	2738
CP035730	2543231	2544553	1	2739
CP035730	2544620	2545720	1	2740
CP035730	2545707	2547530	1	2741
CP035730	2547532	2547924	1	2742
CP035730	2547899	2548840	1	2743
CP035730	2548947	2549945	1	2744
CP035730	2549962	2552304	-1	2745
CP035730	2552683	2552802	1	2746
CP035730	2553078	2554184	-1	2747
CP035730	2554280	2555509	1	2748
CP035730	2555484	2556620	-1	2749
CP035730	2556833	2557504	1	2750
CP035730	2557501	2557785	-1	2751
CP035730	2558319	2558591	1	2752
CP035730	2558598	2558936	-1	2753
CP035730	2558958	2559206	-1	2754
CP035730	2559193	2559474	-1	2755
CP035730	2559464	2560033	-1	2756
CP035730	2560039	2561037	-1	2757
CP035730	2561034	2561564	-1	2758
CP035730	2561837	2562088	-1	2759
CP035730	2562072	2563094	-1	2760
CP035730	2563079	2563987	-1	2761
CP035730	2563994	2564857	-1	2762
CP035730	2564926	2565747	1	2763
CP035730	2565716	2566657	1	2764
CP035730	2566658	2567683	1	2765
CP035730	2567684	2568676	1	2766
CP035730	2568673	2569731	1	2767
CP035730	2569719	2570501	1	2768
CP035730	2570479	2571651	1	2769
CP035730	2571624	2572406	1	2770
CP035730	2572390	2573616	1	2771
CP035730	2573613	2574263	1	2772
CP035730	2574215	2574517	-1	2773
CP035730	2574679	2574966	1	2774
CP035730	2574970	2576616	1	2775
CP035730	2576613	2577407	1	2776
CP035730	2577430	2577657	1	2777
CP035730	2577680	2579530	-1	2778
CP035730	2580003	2580638	1	2779
CP035730	2580668	2581741	1	2780
CP035730	2581778	2582401	1	2781
CP035730	2582442	2584322	1	2782
CP035730	2584319	2585026	1	2783
CP035730	2585010	2585444	-1	2784
CP035730	2585514	2586146	1	2785
CP035730	2586168	2586926	1	2786
CP035730	2586865	2587866	1	2787
CP035730	2587863	2588252	1	2788
CP035730	2588296	2588643	-1	2789
CP035730	2588640	2589305	-1	2790
CP035730	2589425	2590402	-1	2791
CP035730	2590393	2591769	-1	2792
CP035730	2591798	2592793	1	2793
CP035730	2592793	2593272	1	2794
CP035730	2593331	2594248	-1	2795
CP035730	2594235	2596115	-1	2796
CP035730	2596253	2597059	-1	2797
CP035730	2597219	2597695	1	2798
CP035730	2597780	2598496	-1	2799
CP035730	2598493	2599620	-1	2800
CP035730	2599674	2600726	1	2801
CP035730	2600715	2601908	-1	2802
CP035730	2601962	2602558	-1	2803
CP035730	2602607	2603254	1	2804
CP035730	2603198	2603857	-1	2805
CP035730	2603960	2604400	1	2806
CP035730	2604388	2605365	-1	2807
CP035730	2605401	2606204	1	2808
CP035730	2606188	2606724	1	2809
CP035730	2606706	2608589	-1	2810
CP035730	2608638	2610854	-1	2811
CP035730	2610909	2612291	1	2812
CP035730	2612288	2612485	-1	2813
CP035730	2612567	2612932	1	2814
CP035730	2612937	2613419	1	2815
CP035730	2613478	2614221	1	2816
CP035730	2614218	2615144	-1	2817
CP035730	2615155	2615403	-1	2818
CP035730	2615484	2616545	-1	2819
CP035730	2616583	2617572	1	2820
CP035730	2617569	2618402	-1	2821
CP035730	2618434	2619153	-1	2822
CP035730	2619146	2619844	-1	2823
CP035730	2619841	2619942	-1	2824
CP035730	2619932	2620807	-1	2825
CP035730	2620804	2622012	-1	2826
CP035730	2622046	2622657	-1	2827
CP035730	2622662	2623846	-1	2828
CP035730	2623892	2625028	-1	2829
CP035730	2625013	2625960	-1	2830
CP035730	2626013	2626327	1	2831
CP035730	2626310	2627017	-1	2832
CP035730	2626965	2627444	-1	2833
CP035730	2627444	2629564	-1	2834
CP035730	2629620	2630132	-1	2835
CP035730	2630220	2631239	1	2836
CP035730	2631168	2632079	-1	2837
CP035730	2632040	2632783	-1	2838
CP035730	2632800	2634176	1	2839
CP035730	2634213	2635325	1	2840
CP035730	2635309	2636286	-1	2841
CP035730	2636396	2636797	1	2842
CP035730	2636823	2637044	1	2843
CP035730	2637041	2638522	1	2844
CP035730	2638542	2639360	1	2845
CP035730	2639372	2640499	1	2846
CP035730	2640489	2641265	1	2847
CP035730	2641249	2642406	-1	2848
CP035730	2642447	2643343	1	2849
CP035730	2643329	2644765	-1	2850
CP035730	2644808	2645167	1	2851
CP035730	2645157	2645402	1	2852
CP035730	2645406	2647709	1	2853
CP035730	2647721	2648482	-1	2854
CP035730	2648535	2648861	1	2855
CP035730	2649059	2650480	1	2856
CP035730	2650506	2651678	1	2857
CP035730	2651736	2652128	1	2858
CP035730	2652229	2653710	1	2859
CP035730	2653808	2657710	1	2860
CP035730	2657707	2659455	1	2861
CP035730	2659447	2660637	-1	2862
CP035730	2660740	2661609	1	2863
CP035730	2661606	2662172	-1	2864
CP035730	2662165	2663355	-1	2865
CP035730	2663359	2663793	-1	2866
CP035730	2663909	2664304	-1	2867
CP035730	2664319	2665071	-1	2868
CP035730	2665103	2665441	-1	2869
CP035730	2665434	2666288	-1	2870
CP035730	2666329	2666694	-1	2871
CP035730	2666685	2667542	-1	2872
CP035730	2667582	2667986	-1	2873
CP035730	2668018	2668941	1	2874
CP035730	2668922	2669407	1	2875
CP035730	2669419	2669874	1	2876
CP035730	2669887	2670756	1	2877
CP035730	2670753	2671301	1	2878
CP035730	2671311	2672387	-1	2879
CP035730	2672574	2673491	-1	2880
CP035730	2673470	2674528	-1	2881
CP035730	2674655	2675047	-1	2882
CP035730	2675104	2675517	-1	2883
CP035730	2675668	2676435	-1	2884
CP035730	2676448	2677215	-1	2885
CP035730	2677248	2680652	-1	2886
CP035730	2680649	2681308	-1	2887
CP035730	2681555	2682271	1	2888
CP035730	2683072	2683746	-1	2889
CP035730	2683908	2684054	1	2890
CP035730	2684188	2684727	1	2891
CP035730	2684729	2686303	1	2892
CP035730	2686372	2686932	1	2893
CP035730	2687110	2687481	-1	2894
CP035730	2687478	2688563	-1	2895
CP035730	2688611	2689786	-1	2896
CP035730	2689942	2691531	1	2897
CP035730	2691593	2692972	1	2898
CP035730	2693094	2693294	1	2899
CP035730	2693309	2694547	1	2900
CP035730	2695047	2695931	1	2901
CP035730	2695912	2696565	-1	2902
CP035730	2696715	2697041	1	2903
CP035730	2697076	2698140	1	2904
CP035730	2698171	2698758	1	2905
CP035730	2698806	2699933	1	2906
CP035730	2699926	2701521	1	2907
CP035730	2701524	2703287	-1	2908
CP035730	2703323	2704339	-1	2909
CP035730	2704365	2705390	-1	2910
CP035730	2705394	2706416	-1	2911
CP035730	2706494	2707396	-1	2912
CP035730	2707453	2708220	-1	2913
CP035730	2708222	2708974	-1	2914
CP035730	2709155	2710318	1	2915
CP035730	2710324	2710710	1	2916
CP035730	2710707	2711996	1	2917
CP035730	2711997	2712272	-1	2918
CP035730	2712374	2712886	-1	2919
CP035730	2712927	2714093	-1	2920
CP035730	2714396	2715424	-1	2921
CP035730	2715476	2715856	1	2922
CP035730	2715821	2716537	-1	2923
CP035730	2716572	2716934	1	2924
CP035730	2716913	2717347	-1	2925
CP035730	2717478	2718854	1	2926
CP035730	2719389	2719673	1	2927
CP035730	2719670	2720584	-1	2928
CP035730	2720571	2722457	-1	2929
CP035730	2722519	2723424	1	2930
CP035730	2723402	2724235	1	2931
CP035730	2724365	2725060	1	2932
CP035730	2725069	2726613	1	2933
CP035730	2726637	2726897	1	2934
CP035730	2726884	2727885	1	2935
CP035730	2727893	2728531	-1	2936
CP035730	2729008	2730078	1	2937
CP035730	2730083	2730400	-1	2938
CP035730	2730447	2731187	-1	2939
CP035730	2731159	2731989	-1	2940
CP035730	2732003	2732407	1	2941
CP035730	2732400	2732906	-1	2942
CP035730	2733643	2733912	-1	2943
CP035730	2733915	2734229	-1	2944
CP035730	2734236	2734631	-1	2945
CP035730	2735062	2736072	-1	2946
CP035730	2736187	2737608	1	2947
CP035730	2737605	2737853	-1	2948
CP035730	2737829	2739139	-1	2949
CP035730	2739178	2739372	1	2950
CP035730	2739436	2739633	1	2951
CP035730	2739656	2740294	1	2952
CP035730	2740287	2740628	-1	2953
CP035730	2741340	2742353	-1	2954
CP035730	2742587	2743168	-1	2955
CP035730	2743245	2744099	1	2956
CP035730	2744102	2745217	1	2957
CP035730	2745403	2745594	-1	2958
CP035730	2745971	2746882	1	2959
CP035730	2746899	2747243	1	2960
CP035730	2747226	2748086	-1	2961
CP035730	2748601	2750280	1	2962
CP035730	2750261	2750722	-1	2963
CP035730	2750726	2751460	-1	2964
CP035730	2751462	2752325	-1	2965
CP035730	2752463	2753371	1	2966
CP035730	2753400	2756363	-1	2967
CP035730	2756756	2756893	-1	2968
CP035730	2756928	2758874	-1	2969
CP035730	2759005	2760525	-1	2970
CP035730	2760551	2761489	-1	2971
CP035730	2761532	2762404	-1	2972
CP035730	2762439	2763236	1	2973
CP035730	2763241	2764746	-1	2974
CP035730	2764891	2767083	1	2975
CP035730	2767175	2768404	1	2976
CP035730	2768408	2769259	1	2977
CP035730	2769420	2769560	-1	2978
CP035730	2770217	2774089	1	2979
CP035730	2774334	2774534	-1	2980
CP035730	2774863	2775438	-1	2981
CP035730	2775746	2776402	1	2982
CP035730	2776380	2777063	1	2983
CP035730	2777049	2777255	-1	2984
CP035730	2777339	2777899	1	2985
CP035730	2778005	2778709	1	2986
CP035730	2778706	2780031	1	2987
CP035730	2780296	2781345	1	2988
CP035730	2781513	2781611	-1	2989
CP035730	2781608	2782387	-1	2990
CP035730	2782396	2782509	1	2991
CP035730	2784238	2784369	-1	2992
CP035730	2784359	2784559	-1	2993
CP035730	2784726	2785460	-1	2994
CP035730	2785553	2785735	-1	2995
CP035730	2785722	2786135	-1	2996
CP035730	2786226	2787017	-1	2997
CP035730	2787084	2787467	-1	2998
CP035730	2787472	2788938	-1	2999
CP035730	2788922	2789404	-1	3000
