Contig	Start	End	Strand	Pos
DALG01000001	168	638	-1	1
DALG01000001	626	1369	-1	2
DALG01000001	1438	1833	1	3
DALG01000001	1877	2257	1	4
DALG01000001	2413	2568	1	5
DALG01000001	2571	3383	1	6
DALG01000001	3380	4390	1	7
DALG01000001	4387	6291	-1	8
DALG01000001	6461	7906	-1	9
DALG01000001	7916	8737	-1	10
DALG01000001	8814	9227	1	11
DALG01000001	9374	9613	1	12
DALG01000001	9750	9872	1	13
DALG01000001	9869	10747	-1	14
DALG01000001	10784	11068	-1	15
DALG01000001	11133	11480	1	16
DALG01000001	11520	12563	1	17
DALG01000001	13570	27213	-1	18
DALG01000001	27406	28638	-1	19
DALG01000001	28957	30423	1	20
DALG01000001	30514	31230	-1	21
DALG01000001	31240	31503	-1	22
DALG01000001	31508	31702	-1	23
DALG01000001	31754	34429	-1	24
DALG01000001	34454	36022	-1	25
DALG01000001	36132	36344	1	26
DALG01000001	36495	36899	-1	27
DALG01000001	36901	37539	-1	28
DALG01000001	37556	38335	-1	29
DALG01000001	38546	40048	1	30
DALG01000001	40070	40747	-1	31
DALG01000001	40989	41303	1	32
DALG01000001	41309	41698	1	33
DALG01000001	41702	42961	-1	34
DALG01000001	43074	43757	1	35
DALG01000001	43775	43987	1	36
DALG01000001	44021	44362	1	37
DALG01000001	44398	44865	1	38
DALG01000001	44903	45397	1	39
DALG01000001	45451	48810	1	40
DALG01000001	48849	49871	1	41
DALG01000001	49872	50276	-1	42
DALG01000001	50343	51128	-1	43
DALG01000001	51163	52350	-1	44
DALG01000001	52369	52674	-1	45
DALG01000001	52737	53033	1	46
DALG01000001	53059	53373	-1	47
DALG01000001	53382	54701	-1	48
DALG01000001	54739	55740	-1	49
DALG01000001	55805	56020	1	50
DALG01000001	56001	56441	1	51
DALG01000001	56431	57993	-1	52
DALG01000001	58026	58652	-1	53
DALG01000001	58658	59251	-1	54
DALG01000001	59643	61370	-1	55
DALG01000001	61488	61793	-1	56
DALG01000001	61887	62561	1	57
DALG01000001	62570	62695	-1	58
DALG01000001	62897	63502	-1	59
DALG01000001	64193	65056	-1	60
DALG01000001	65277	65864	1	61
DALG01000001	65951	66556	1	62
DALG01000001	66507	67220	1	63
DALG01000001	67217	69646	-1	64
DALG01000001	69739	70221	1	65
DALG01000001	70225	71412	-1	66
DALG01000001	71429	72031	-1	67
DALG01000001	72238	72861	-1	68
DALG01000001	72858	73847	-1	69
DALG01000001	73892	74743	-1	70
DALG01000001	74761	75945	-1	71
DALG01000001	76101	76838	1	72
DALG01000001	76926	77048	1	73
DALG01000001	77108	78442	-1	74
DALG01000001	78833	79162	1	75
DALG01000001	79132	79830	-1	76
DALG01000001	79918	82263	1	77
DALG01000001	82410	85484	1	78
DALG01000001	85448	85858	1	79
DALG01000001	85862	86383	-1	80
DALG01000001	86399	87685	-1	81
DALG01000001	87692	88195	-1	82
DALG01000001	88218	88721	-1	83
DALG01000001	88776	89789	-1	84
DALG01000001	89814	90158	-1	85
DALG01000001	90453	91418	-1	86
DALG01000001	91442	92014	-1	87
DALG01000001	92081	92539	-1	88
DALG01000001	92609	94021	1	89
DALG01000001	94190	95437	1	90
DALG01000001	95472	98522	1	91
DALG01000002	1	2262	1	1
DALG01000002	2309	3091	1	2
DALG01000002	3120	3569	1	3
DALG01000002	3638	4117	1	4
DALG01000002	4567	5829	-1	5
DALG01000002	5850	6167	-1	6
DALG01000002	6230	7624	1	7
DALG01000002	7744	8220	1	8
DALG01000002	8195	9922	1	9
DALG01000002	10038	10649	1	10
DALG01000002	10642	11883	1	11
DALG01000002	11880	12329	-1	12
DALG01000002	12347	12511	-1	13
DALG01000002	12527	13648	-1	14
DALG01000002	13736	14794	1	15
DALG01000002	14808	15476	1	16
DALG01000002	15530	15802	1	17
DALG01000002	15917	16084	-1	18
DALG01000002	16188	16937	1	19
DALG01000002	17088	19139	-1	20
DALG01000002	19252	20118	-1	21
DALG01000002	20169	20519	1	22
DALG01000002	20520	20930	-1	23
DALG01000002	20998	22188	1	24
DALG01000002	22231	23394	1	25
DALG01000002	23466	27332	1	26
DALG01000002	27655	30456	1	27
DALG01000002	30830	33565	1	28
DALG01000002	33888	35945	1	29
DALG01000002	35950	36423	1	30
DALG01000002	36434	37672	1	31
DALG01000002	37821	39539	1	32
DALG01000002	39553	40140	1	33
DALG01000002	40182	42917	1	34
DALG01000002	42984	44717	-1	35
DALG01000002	44965	45948	1	36
DALG01000002	45967	46290	-1	37
DALG01000002	46422	46694	1	38
DALG01000002	46927	47445	1	39
DALG01000002	47517	48236	1	40
DALG01000002	48489	50201	1	41
DALG01000002	50235	51659	1	42
DALG01000002	51833	52645	1	43
DALG01000002	52654	54228	1	44
DALG01000002	54287	54766	1	45
DALG01000002	54797	55528	1	46
DALG01000002	55571	58141	1	47
DALG01000002	58145	59278	-1	48
DALG01000002	59300	61081	-1	49
DALG01000002	61151	61774	1	50
DALG01000002	61771	62061	-1	51
DALG01000002	62161	63141	-1	52
DALG01000002	63413	63685	-1	53
DALG01000002	63819	66101	1	54
DALG01000002	66676	67716	1	55
DALG01000002	67713	68006	-1	56
DALG01000002	68041	69273	-1	57
DALG01000002	69342	71396	1	58
DALG01000002	71435	72076	1	59
DALG01000002	72141	75059	-1	60
DALG01000002	75060	75530	-1	61
DALG01000002	75530	77413	-1	62
DALG01000002	77536	77820	1	63
DALG01000002	77817	78932	-1	64
DALG01000002	78970	79521	1	65
DALG01000002	79640	79900	1	66
DALG01000002	80027	81481	-1	67
DALG01000002	81487	81816	-1	68
DALG01000002	81904	82362	-1	69
DALG01000002	82433	82816	1	70
DALG01000002	83026	83412	-1	71
DALG01000002	83396	83683	-1	72
DALG01000002	83733	84305	-1	73
DALG01000002	84349	85065	-1	74
DALG01000002	85085	85882	-1	75
DALG01000002	86002	87435	1	76
DALG01000002	87419	88876	-1	77
DALG01000002	88935	90194	1	78
DALG01000002	90191	90418	-1	79
DALG01000002	90447	90953	1	80
DALG01000002	91064	92137	1	81
DALG01000002	92134	92742	1	82
DALG01000002	92747	93730	1	83
DALG01000002	93727	94575	-1	84
DALG01000002	94641	95717	-1	85
DALG01000002	95710	96528	-1	86
DALG01000002	96509	97036	-1	87
DALG01000002	97061	98122	-1	88
DALG01000002	98127	99275	-1	89
DALG01000002	99327	100283	1	90
DALG01000002	100285	101286	-1	91
DALG01000003	1	357	-1	1
DALG01000003	409	825	1	2
DALG01000003	794	925	1	3
DALG01000003	931	1197	1	4
DALG01000003	1458	2060	1	5
DALG01000003	2074	2457	1	6
DALG01000003	2467	3828	1	7
DALG01000003	3964	4671	1	8
DALG01000003	4743	5090	1	9
DALG01000003	5074	5658	1	10
DALG01000003	5633	6013	1	11
DALG01000003	6022	6597	-1	12
DALG01000003	6635	7897	-1	13
DALG01000003	7960	8340	-1	14
DALG01000003	8358	8645	-1	15
DALG01000003	8657	9880	-1	16
DALG01000003	9891	10649	-1	17
DALG01000003	11000	11491	1	18
DALG01000003	11508	11993	1	19
DALG01000003	12101	13993	1	20
DALG01000003	14080	14319	1	21
DALG01000004	5	1849	-1	1
DALG01000004	1859	3319	-1	2
DALG01000004	3418	3636	-1	3
DALG01000004	3879	4226	1	4
DALG01000004	4337	6259	1	5
DALG01000004	6286	6519	1	6
DALG01000004	6533	7102	1	7
DALG01000004	7122	8231	1	8
DALG01000004	8246	8578	1	9
DALG01000004	8599	11934	1	10
DALG01000004	11956	13365	1	11
DALG01000004	13445	14077	1	12
DALG01000004	14086	15333	-1	13
DALG01000004	15560	17302	-1	14
DALG01000004	17375	17584	1	15
DALG01000004	17570	18091	-1	16
DALG01000004	18247	18897	1	17
DALG01000004	18912	19838	1	18
DALG01000004	19870	20175	1	19
DALG01000004	20164	20343	-1	20
DALG01000004	20343	20579	-1	21
DALG01000004	20595	20855	-1	22
DALG01000004	20852	21091	-1	23
DALG01000004	21155	21307	-1	24
DALG01000004	21538	22260	-1	25
DALG01000004	22289	22882	-1	26
DALG01000004	22936	24129	1	27
DALG01000004	24146	24649	-1	28
DALG01000004	24737	25300	-1	29
DALG01000004	25366	27801	1	30
DALG01000004	27807	28721	1	31
DALG01000004	28829	29383	1	32
DALG01000004	29645	29830	-1	33
DALG01000004	29838	30512	-1	34
DALG01000004	30575	31159	1	35
DALG01000004	31172	32218	1	36
DALG01000004	32246	34051	-1	37
DALG01000004	34088	37519	-1	38
DALG01000004	37733	38224	-1	39
DALG01000004	38543	39073	-1	40
DALG01000004	39180	39734	1	41
DALG01000004	39757	40437	1	42
DALG01000004	40451	41104	1	43
DALG01000004	41196	41606	1	44
DALG01000004	41642	42652	1	45
DALG01000004	42684	43691	1	46
DALG01000004	43884	44066	-1	47
DALG01000004	44288	45061	1	48
DALG01000004	45074	45976	1	49
DALG01000004	45977	46438	1	50
DALG01000004	46447	47178	1	51
DALG01000004	47180	49846	-1	52
DALG01000005	3	683	-1	1
DALG01000005	701	952	-1	2
DALG01000005	954	1205	-1	3
DALG01000005	1490	1888	1	4
DALG01000005	1900	3903	-1	5
DALG01000005	3927	5132	-1	6
DALG01000005	5206	6393	-1	7
DALG01000005	6470	6730	1	8
DALG01000005	6717	7352	-1	9
DALG01000005	7331	7912	-1	10
DALG01000005	7923	9104	-1	11
DALG01000005	9115	9957	-1	12
DALG01000005	10022	11281	1	13
DALG01000005	11292	11705	1	14
DALG01000005	11702	12325	-1	15
DALG01000005	12374	12991	-1	16
DALG01000005	13025	13342	-1	17
DALG01000005	13359	13991	-1	18
DALG01000005	14051	14197	1	19
DALG01000005	14205	14681	-1	20
DALG01000005	14799	15407	1	21
DALG01000005	15485	16294	1	22
DALG01000005	16305	17438	1	23
DALG01000005	17646	17813	-1	24
DALG01000005	17841	18953	-1	25
DALG01000005	19086	19547	1	26
DALG01000005	19691	20596	1	27
DALG01000005	21080	22324	1	28
DALG01000005	22519	22698	1	29
DALG01000005	22761	24608	-1	30
DALG01000005	24740	25471	1	31
DALG01000005	25471	26235	1	32
DALG01000005	26299	26727	-1	33
DALG01000005	27157	28155	1	34
DALG01000005	28178	30073	1	35
DALG01000005	30112	30921	1	36
DALG01000005	30933	32606	1	37
DALG01000005	32609	32992	-1	38
DALG01000005	32995	33219	-1	39
DALG01000005	33267	33950	-1	40
DALG01000005	34008	35345	1	41
DALG01000005	35580	37373	1	42
DALG01000005	37419	38099	-1	43
DALG01000005	38250	38417	-1	44
DALG01000005	38518	39033	1	45
DALG01000005	39065	39565	1	46
DALG01000005	39572	39874	-1	47
DALG01000005	39988	40131	1	48
DALG01000005	40261	42318	1	49
DALG01000005	42518	42961	-1	50
DALG01000005	43065	43988	1	51
DALG01000005	44016	45326	1	52
DALG01000005	45336	45890	1	53
DALG01000005	45977	47350	1	54
DALG01000005	47562	48191	1	55
DALG01000005	48517	49446	1	56
DALG01000005	49651	50436	1	57
DALG01000005	50442	50690	1	58
DALG01000005	50709	51461	1	59
DALG01000005	51476	51880	1	60
DALG01000005	51881	52681	1	61
DALG01000005	52682	53458	1	62
DALG01000006	239	556	1	1
DALG01000006	559	1218	1	2
DALG01000006	1220	1621	-1	3
DALG01000006	1795	2757	-1	4
DALG01000006	2874	4058	1	5
DALG01000006	4108	5292	1	6
DALG01000006	5416	6225	-1	7
DALG01000006	6380	6577	-1	8
DALG01000006	6590	7033	-1	9
DALG01000006	7052	7474	-1	10
DALG01000006	7826	8404	-1	11
DALG01000006	8417	9010	-1	12
DALG01000006	9022	9579	-1	13
DALG01000006	9608	10393	-1	14
DALG01000006	10741	11628	-1	15
DALG01000006	11637	11804	-1	16
DALG01000006	11810	12343	-1	17
DALG01000006	12340	12660	-1	18
DALG01000006	12766	13620	-1	19
DALG01000006	13724	15424	-1	20
DALG01000006	15439	16452	-1	21
DALG01000006	16505	17503	1	22
DALG01000006	17530	17967	-1	23
DALG01000006	17967	18497	-1	24
DALG01000006	18549	19364	-1	25
DALG01000006	19369	21069	-1	26
DALG01000006	21090	21824	-1	27
DALG01000006	21884	22285	-1	28
DALG01000006	22336	23592	-1	29
DALG01000006	23589	24908	-1	30
DALG01000006	24974	25312	1	31
DALG01000006	25324	27339	-1	32
DALG01000006	27420	27977	-1	33
DALG01000006	28009	29322	-1	34
DALG01000006	29595	31295	1	35
DALG01000006	31555	33312	-1	36
DALG01000006	33591	34856	1	37
DALG01000006	34955	36802	1	38
DALG01000006	37027	38022	1	39
DALG01000006	38019	38900	1	40
DALG01000006	38897	40753	-1	41
DALG01000006	40820	41524	-1	42
DALG01000006	41537	42676	-1	43
DALG01000006	42759	44114	-1	44
DALG01000006	44189	45412	1	45
DALG01000006	45432	46076	1	46
DALG01000006	46073	47098	1	47
DALG01000006	47086	47658	1	48
DALG01000006	47671	48921	-1	49
DALG01000006	49036	49581	1	50
DALG01000006	49585	50739	1	51
DALG01000006	50782	50931	1	52
DALG01000006	51039	52169	-1	53
DALG01000006	52181	53278	-1	54
DALG01000006	53284	54270	-1	55
DALG01000006	54276	54932	-1	56
DALG01000006	54929	56158	-1	57
DALG01000006	56176	57246	-1	58
DALG01000006	57327	58280	1	59
DALG01000006	58306	59436	-1	60
DALG01000006	59441	60445	-1	61
DALG01000006	60480	61064	-1	62
DALG01000006	61075	61677	-1	63
DALG01000006	61695	62678	-1	64
DALG01000006	62718	63431	-1	65
DALG01000006	63437	64405	-1	66
DALG01000006	64408	65274	-1	67
DALG01000006	65261	66553	-1	68
DALG01000006	66654	67313	1	69
DALG01000006	67327	67833	1	70
DALG01000006	67886	69607	1	71
DALG01000006	69610	70299	-1	72
DALG01000006	70304	71719	-1	73
DALG01000006	71721	72686	-1	74
DALG01000006	72706	73920	-1	75
DALG01000006	74008	74544	1	76
DALG01000006	74546	76069	1	77
DALG01000006	76143	76793	-1	78
DALG01000006	77014	77769	-1	79
DALG01000006	77960	79222	-1	80
DALG01000006	79236	82331	-1	81
DALG01000006	82404	83930	-1	82
DALG01000006	83986	85074	1	83
DALG01000006	85267	85944	1	84
DALG01000006	86058	86408	1	85
DALG01000006	86405	87802	1	86
DALG01000006	87799	89505	1	87
DALG01000006	89529	90281	1	88
DALG01000006	90334	90462	1	89
DALG01000006	90465	91265	-1	90
DALG01000006	91270	92043	-1	91
DALG01000006	92187	93014	-1	92
DALG01000006	93020	93709	-1	93
DALG01000006	93759	94694	1	94
DALG01000006	94696	95451	1	95
DALG01000006	95431	95808	-1	96
DALG01000006	95844	96020	1	97
DALG01000006	96056	96673	1	98
DALG01000006	96681	97400	1	99
DALG01000006	97606	98289	1	100
DALG01000006	98362	99408	1	101
DALG01000006	99429	100592	1	102
DALG01000006	100633	101037	1	103
DALG01000006	101040	101336	-1	104
DALG01000006	101783	103669	1	105
DALG01000006	103951	104640	1	106
DALG01000006	104893	105120	1	107
DALG01000006	105362	106165	-1	108
DALG01000006	106171	106899	-1	109
DALG01000006	106896	107783	-1	110
DALG01000006	107878	108261	1	111
DALG01000006	108241	108801	-1	112
DALG01000006	108806	109243	-1	113
DALG01000006	109373	110248	-1	114
DALG01000006	110293	111156	-1	115
DALG01000006	111158	112399	-1	116
DALG01000006	112431	112685	-1	117
DALG01000006	112822	114135	1	118
DALG01000006	114200	115282	1	119
DALG01000006	115284	115589	-1	120
DALG01000006	115603	115872	-1	121
DALG01000006	115971	116672	1	122
DALG01000006	116665	117075	1	123
DALG01000006	117259	120792	1	124
DALG01000006	120798	121394	1	125
DALG01000006	121398	122030	1	126
DALG01000006	122152	122667	1	127
DALG01000006	122683	123186	1	128
DALG01000006	123478	124014	-1	129
DALG01000006	124106	124729	1	130
DALG01000006	124850	125053	1	131
DALG01000006	125103	126059	1	132
DALG01000006	126061	128385	1	133
DALG01000006	128409	129110	-1	134
DALG01000006	129123	129365	-1	135
DALG01000006	129506	129967	-1	136
DALG01000006	130036	130224	1	137
DALG01000006	130277	132034	1	138
DALG01000006	132081	132398	1	139
DALG01000006	132388	133182	-1	140
DALG01000006	133240	135234	1	141
DALG01000006	135240	136244	1	142
DALG01000006	136248	137564	-1	143
DALG01000006	137693	138748	-1	144
DALG01000006	138735	139760	-1	145
DALG01000006	139851	140948	1	146
DALG01000006	140952	143882	-1	147
DALG01000006	143888	145423	-1	148
DALG01000006	145429	149304	-1	149
DALG01000006	149357	150508	-1	150
DALG01000006	150573	150815	1	151
DALG01000006	150821	151204	1	152
DALG01000006	151231	151521	1	153
DALG01000006	151526	152290	-1	154
DALG01000006	152271	152885	-1	155
DALG01000006	152971	153978	-1	156
DALG01000006	154046	155224	1	157
DALG01000006	155884	156606	1	158
DALG01000006	156804	157550	1	159
DALG01000006	157997	162295	-1	160
DALG01000006	162307	164418	-1	161
DALG01000006	164438	166510	-1	162
DALG01000006	166510	166986	-1	163
DALG01000006	167070	167603	-1	164
DALG01000006	167708	169546	-1	165
DALG01000006	169628	169795	-1	166
DALG01000006	169882	170460	1	167
DALG01000006	170490	170756	1	168
DALG01000006	170762	171949	-1	169
DALG01000006	172120	173157	-1	170
DALG01000006	173154	173588	-1	171
DALG01000006	173563	174141	-1	172
DALG01000006	174262	174477	-1	173
DALG01000006	174590	175750	-1	174
DALG01000006	175953	176186	1	175
DALG01000006	176200	177153	-1	176
DALG01000006	177232	177612	1	177
DALG01000006	177636	180650	1	178
DALG01000006	180647	181627	-1	179
DALG01000006	181695	181940	-1	180
DALG01000006	181959	182483	-1	181
DALG01000006	182546	183391	1	182
DALG01000006	183398	183940	1	183
DALG01000006	183944	184558	1	184
DALG01000006	184709	184921	1	185
DALG01000006	184931	185890	1	186
DALG01000006	185907	186683	1	187
DALG01000006	186732	187376	1	188
DALG01000006	187373	187966	1	189
DALG01000006	187979	189577	1	190
DALG01000006	189574	190170	1	191
DALG01000006	190297	190953	1	192
DALG01000006	190950	191633	1	193
DALG01000006	191686	191892	1	194
DALG01000006	191903	192268	-1	195
DALG01000006	192394	193611	1	196
DALG01000006	193741	194136	1	197
DALG01000006	194139	194441	-1	198
DALG01000006	194516	194779	-1	199
DALG01000006	194779	194970	-1	200
DALG01000006	195199	195831	-1	201
DALG01000006	195876	196061	-1	202
DALG01000006	196141	198240	-1	203
DALG01000006	198339	198680	-1	204
DALG01000006	198677	199516	-1	205
DALG01000006	199564	199974	1	206
DALG01000006	200027	202534	1	207
DALG01000006	202718	203332	1	208
DALG01000006	203375	204667	-1	209
DALG01000006	204733	205935	-1	210
DALG01000006	206057	206245	1	211
DALG01000006	206242	206745	-1	212
DALG01000006	206867	207907	1	213
DALG01000006	207901	210207	-1	214
DALG01000006	210298	211281	-1	215
DALG01000006	211836	212537	-1	216
DALG01000006	212546	213904	-1	217
DALG01000006	213883	215328	-1	218
DALG01000006	215330	216124	-1	219
DALG01000006	216132	219104	-1	220
DALG01000006	219132	219725	1	221
DALG01000006	219782	220045	-1	222
DALG01000006	220063	220326	-1	223
DALG01000006	220391	220789	1	224
DALG01000006	220780	221232	-1	225
DALG01000006	221285	222265	1	226
DALG01000006	222240	223649	1	227
DALG01000006	223653	224654	-1	228
DALG01000006	224947	225201	1	229
DALG01000006	226270	226926	1	230
DALG01000006	227589	228323	1	231
DALG01000006	228760	229233	1	232
DALG01000006	229238	229450	1	233
DALG01000006	229720	229860	1	234
DALG01000006	229886	230092	1	235
DALG01000006	230147	231235	1	236
DALG01000006	231416	231886	-1	237
DALG01000006	232158	232595	-1	238
DALG01000006	234143	234679	1	239
DALG01000006	234969	235625	1	240
DALG01000006	235831	236433	-1	241
DALG01000006	237333	237773	1	242
DALG01000006	238484	239401	1	243
DALG01000006	239526	240833	-1	244
DALG01000006	240814	241092	-1	245
DALG01000006	241189	241806	1	246
DALG01000006	241795	247383	-1	247
DALG01000006	247620	250973	-1	248
DALG01000007	1	1602	-1	1
DALG01000007	1614	2792	-1	2
DALG01000007	3028	3708	1	3
DALG01000007	3789	4223	1	4
DALG01000007	4233	4844	-1	5
DALG01000007	4859	5881	-1	6
DALG01000007	5893	8079	-1	7
DALG01000007	8092	12663	-1	8
DALG01000007	12753	15509	-1	9
DALG01000007	15598	16866	1	10
DALG01000007	16870	17805	1	11
DALG01000007	17829	19097	1	12
DALG01000007	19107	20255	1	13
DALG01000007	20359	21441	1	14
DALG01000007	21455	22471	1	15
DALG01000007	22492	23169	1	16
DALG01000007	23166	23810	-1	17
DALG01000007	23875	24156	1	18
DALG01000007	24193	24393	-1	19
DALG01000007	24679	24996	1	20
DALG01000007	24993	25157	-1	21
DALG01000007	25154	25762	-1	22
DALG01000007	25886	26959	-1	23
DALG01000007	26972	28036	-1	24
DALG01000008	297	509	-1	1
DALG01000008	634	786	-1	2
DALG01000008	862	1152	1	3
DALG01000008	1175	2560	-1	4
DALG01000008	2614	2961	-1	5
DALG01000008	2958	3230	-1	6
DALG01000008	3277	4320	-1	7
DALG01000008	4388	4783	1	8
DALG01000008	4795	6936	-1	9
DALG01000008	6989	8920	-1	10
DALG01000008	8984	9670	1	11
DALG01000008	9649	11082	-1	12
DALG01000008	11137	11562	-1	13
DALG01000008	11747	12994	1	14
DALG01000008	12991	13200	-1	15
DALG01000008	13267	13728	1	16
DALG01000008	13828	15087	1	17
DALG01000008	15140	15361	1	18
DALG01000008	15366	15812	1	19
DALG01000008	15828	16967	1	20
DALG01000008	16982	17500	1	21
DALG01000008	17519	17920	1	22
DALG01000008	18081	19544	1	23
DALG01000008	19673	20440	1	24
DALG01000008	20486	20740	1	25
DALG01000008	20740	21267	1	26
DALG01000008	21221	22639	1	27
DALG01000008	22652	23473	1	28
DALG01000008	23532	25187	1	29
DALG01000008	25201	26715	1	30
DALG01000008	26775	27671	1	31
DALG01000008	27693	28922	1	32
DALG01000008	29004	29483	-1	33
DALG01000008	29489	30559	-1	34
DALG01000008	30652	30801	1	35
DALG01000009	55	333	-1	1
DALG01000009	423	1748	1	2
DALG01000009	1791	2516	1	3
DALG01000009	2530	2958	1	4
DALG01000009	2989	3885	1	5
DALG01000009	4067	4816	-1	6
DALG01000009	4817	5623	-1	7
DALG01000009	5976	6677	-1	8
DALG01000009	6765	7034	1	9
DALG01000009	7073	7921	1	10
DALG01000009	7923	8387	1	11
DALG01000009	8411	9382	1	12
DALG01000009	9382	10539	1	13
DALG01000009	10578	11837	-1	14
DALG01000009	12041	12568	1	15
DALG01000009	12586	12867	1	16
DALG01000009	12891	13055	1	17
DALG01000009	13070	13840	1	18
DALG01000009	13851	14000	1	19
DALG01000009	14041	14838	1	20
DALG01000009	14853	15854	1	21
DALG01000009	15895	16698	1	22
DALG01000009	16701	17204	-1	23
DALG01000010	2	199	-1	1
DALG01000010	260	748	1	2
DALG01000010	745	2070	-1	3
DALG01000010	2350	2850	-1	4
DALG01000010	2877	4460	-1	5
DALG01000010	4474	5199	-1	6
DALG01000010	5208	6050	-1	7
DALG01000010	6096	6491	1	8
DALG01000010	6474	7550	-1	9
DALG01000010	7682	10492	-1	10
DALG01000010	10639	12603	-1	11
DALG01000010	12750	13328	-1	12
DALG01000010	13445	15223	1	13
DALG01000010	15220	16077	1	14
DALG01000010	16092	16874	-1	15
DALG01000010	16879	17487	-1	16
DALG01000010	17539	18822	-1	17
DALG01000010	18850	19209	-1	18
DALG01000010	19265	20539	1	19
DALG01000010	20533	22761	1	20
DALG01000010	22780	23514	-1	21
DALG01000010	23515	24180	-1	22
DALG01000010	24232	25167	-1	23
DALG01000010	25208	26542	1	24
DALG01000010	26539	27345	-1	25
DALG01000010	27354	27512	1	26
DALG01000010	27473	28189	1	27
DALG01000010	28447	28704	1	28
DALG01000010	28776	29423	1	29
DALG01000010	29481	30083	1	30
DALG01000010	30165	30434	1	31
DALG01000010	30437	30835	1	32
DALG01000010	30838	32442	-1	33
DALG01000010	32533	34122	1	34
DALG01000010	34338	35573	1	35
DALG01000010	35570	35926	-1	36
DALG01000010	35936	36271	-1	37
DALG01000010	36417	36980	1	38
DALG01000010	36995	37891	1	39
DALG01000010	37893	38681	-1	40
DALG01000010	38678	39469	-1	41
DALG01000010	39616	40455	1	42
DALG01000010	40513	41604	-1	43
DALG01000010	41601	42056	-1	44
DALG01000010	42049	43242	-1	45
DALG01000010	43312	44577	-1	46
DALG01000010	44574	45113	-1	47
DALG01000010	45179	46342	-1	48
DALG01000010	46416	47381	1	49
DALG01000010	47415	47951	1	50
DALG01000010	48063	49715	1	51
DALG01000010	49819	50661	1	52
DALG01000010	50658	51737	1	53
DALG01000010	51756	52976	-1	54
DALG01000010	53021	54010	1	55
DALG01000010	54021	55583	1	56
DALG01000010	55946	56233	1	57
DALG01000010	56257	56772	1	58
DALG01000010	56785	57273	1	59
DALG01000011	1	564	1	1
DALG01000011	642	923	1	2
DALG01000011	920	1258	1	3
DALG01000011	1390	1950	-1	4
DALG01000011	1928	5260	-1	5
DALG01000011	5387	6295	-1	6
DALG01000011	6298	7494	-1	7
DALG01000011	7506	8909	1	8
DALG01000011	8915	9283	1	9
DALG01000011	9285	9488	-1	10
DALG01000011	9556	10371	1	11
DALG01000011	10575	10832	-1	12
DALG01000011	10883	11194	-1	13
DALG01000011	11353	11757	-1	14
DALG01000011	11901	12590	1	15
DALG01000011	12595	12960	-1	16
DALG01000011	12978	14864	-1	17
DALG01000011	14934	17873	1	18
DALG01000011	17942	18928	1	19
DALG01000011	19032	19517	1	20
DALG01000011	19571	20092	1	21
DALG01000011	20089	20442	1	22
DALG01000011	20521	21027	-1	23
DALG01000011	21083	21466	1	24
DALG01000011	21467	21931	1	25
DALG01000011	22011	22724	1	26
DALG01000011	22750	23445	1	27
DALG01000011	23480	24079	1	28
DALG01000011	24189	24938	1	29
DALG01000011	24953	25723	1	30
DALG01000011	25771	26010	1	31
DALG01000011	26012	26140	1	32
DALG01000011	26145	26393	1	33
DALG01000011	26394	26732	1	34
DALG01000011	26737	27687	1	35
DALG01000011	27732	28037	1	36
DALG01000011	28072	29343	1	37
DALG01000011	29802	30137	1	38
DALG01000011	30391	30966	1	39
DALG01000011	30986	31261	1	40
DALG01000011	31335	32942	1	41
DALG01000011	32887	34038	-1	42
DALG01000011	34108	34851	1	43
DALG01000011	34852	35460	1	44
DALG01000011	35498	36886	1	45
DALG01000011	36979	37092	1	46
DALG01000012	148	393	1	1
DALG01000012	397	627	1	2
DALG01000012	747	1274	-1	3
DALG01000012	1279	1680	-1	4
DALG01000012	1681	1833	-1	5
DALG01000012	2253	2705	1	6
DALG01000012	2749	3240	1	7
DALG01000012	3230	3358	1	8
DALG01000012	3337	4608	1	9
DALG01000012	4658	4963	1	10
DALG01000012	4985	5230	-1	11
DALG01000012	5227	5472	-1	12
DALG01000012	5977	7278	1	13
DALG01000012	7260	7685	-1	14
DALG01000012	7733	8278	1	15
DALG01000012	8284	9165	1	16
DALG01000012	9159	9632	-1	17
DALG01000012	9747	10973	1	18
DALG01000012	11305	12081	1	19
DALG01000012	12115	12630	-1	20
DALG01000012	12653	13465	-1	21
DALG01000012	13750	14691	1	22
DALG01000012	14663	15589	-1	23
DALG01000012	15788	16435	1	24
DALG01000012	16432	16638	-1	25
DALG01000012	16692	17219	1	26
DALG01000013	1	1101	1	1
DALG01000013	1098	1937	-1	2
DALG01000013	2004	2924	-1	3
DALG01000013	3190	5094	1	4
DALG01000013	5149	7776	1	5
DALG01000013	7773	8390	-1	6
DALG01000013	8613	8930	1	7
DALG01000013	8935	9780	-1	8
DALG01000013	9984	10736	1	9
DALG01000013	10908	11501	-1	10
DALG01000013	11848	12135	-1	11
DALG01000014	1	378	-1	1
DALG01000014	442	1416	-1	2
DALG01000014	1506	1772	-1	3
DALG01000014	1790	2353	-1	4
DALG01000014	2440	3678	1	5
DALG01000014	3675	3803	-1	6
DALG01000014	3806	5188	-1	7
DALG01000014	5212	5871	-1	8
DALG01000014	5897	6958	-1	9
DALG01000014	7034	8320	1	10
DALG01000014	8868	9149	1	11
DALG01000014	9168	9620	1	12
DALG01000014	9694	9843	1	13
DALG01000015	1	81	1	1
DALG01000015	324	1112	1	2
DALG01000015	1167	1730	1	3
DALG01000015	1727	2476	1	4
DALG01000015	2530	3006	1	5
DALG01000015	3324	3515	-1	6
DALG01000015	3609	5675	1	7
DALG01000015	5748	6005	1	8
DALG01000015	6151	6621	-1	9
DALG01000015	6880	7122	1	10
DALG01000015	7131	7580	1	11
DALG01000015	7616	7999	1	12
DALG01000015	8342	8884	-1	13
DALG01000015	9023	9679	1	14
DALG01000015	9689	10054	-1	15
DALG01000015	10149	11162	1	16
DALG01000015	11207	14197	1	17
DALG01000015	14231	14743	-1	18
DALG01000015	14747	15037	-1	19
DALG01000015	15102	15725	1	20
DALG01000015	15759	16385	1	21
DALG01000015	16394	17590	-1	22
DALG01000015	17664	18098	-1	23
DALG01000015	18155	19189	-1	24
DALG01000015	19307	20236	-1	25
DALG01000015	20233	21006	-1	26
DALG01000015	21090	21518	-1	27
DALG01000015	21798	23129	1	28
DALG01000015	23192	23467	1	29
DALG01000015	23464	23586	-1	30
DALG01000015	23546	25186	-1	31
DALG01000015	25241	26083	1	32
DALG01000015	26076	28451	1	33
DALG01000015	28448	29026	1	34
DALG01000015	29098	29553	1	35
DALG01000015	29563	30186	1	36
DALG01000015	30454	31089	1	37
DALG01000015	31221	33080	1	38
DALG01000015	33084	33215	-1	39
DALG01000015	33215	33808	-1	40
DALG01000015	33798	36800	-1	41
DALG01000015	36787	37899	-1	42
DALG01000015	37966	39210	-1	43
DALG01000015	39216	39845	-1	44
DALG01000015	39871	41211	-1	45
DALG01000015	41208	42977	-1	46
DALG01000015	43099	43884	-1	47
DALG01000015	43881	44474	-1	48
DALG01000015	44755	45534	1	49
DALG01000015	45531	46187	-1	50
DALG01000015	46400	46945	1	51
DALG01000015	46942	48555	-1	52
DALG01000015	48578	49006	-1	53
DALG01000015	49007	51061	-1	54
DALG01000015	51087	51482	-1	55
DALG01000015	51515	51658	1	56
DALG01000015	51761	52648	1	57
DALG01000015	52645	53394	1	58
DALG01000015	53502	53789	1	59
DALG01000015	54071	55012	1	60
DALG01000015	55223	56155	1	61
DALG01000015	56189	57454	-1	62
DALG01000015	57451	58701	-1	63
DALG01000015	58760	59173	-1	64
DALG01000015	59328	59756	1	65
DALG01000015	59815	60393	-1	66
DALG01000015	60432	61133	-1	67
DALG01000015	61263	62429	1	68
DALG01000015	62537	64741	-1	69
DALG01000015	64743	66872	-1	70
DALG01000015	66892	67107	-1	71
DALG01000015	67174	67527	-1	72
DALG01000015	67605	68555	1	73
DALG01000015	68562	70217	1	74
DALG01000015	70229	71425	1	75
DALG01000015	71485	72393	1	76
DALG01000015	72463	73974	1	77
DALG01000015	74030	74488	1	78
DALG01000015	74554	75438	1	79
DALG01000015	75425	75976	1	80
DALG01000015	76193	76423	1	81
DALG01000015	76428	76724	1	82
DALG01000015	76714	77454	-1	83
DALG01000015	77463	77975	-1	84
DALG01000015	78025	79833	-1	85
DALG01000015	79940	81655	-1	86
DALG01000015	81665	82261	-1	87
DALG01000015	82339	83499	1	88
DALG01000015	83551	83922	1	89
DALG01000015	84024	85196	1	90
DALG01000015	85222	86130	1	91
DALG01000015	86248	87204	-1	92
DALG01000015	87238	88917	-1	93
DALG01000015	89013	89351	1	94
DALG01000015	89373	90683	1	95
DALG01000015	90693	91442	-1	96
DALG01000015	91515	91805	-1	97
DALG01000015	91858	92268	-1	98
DALG01000015	92292	93221	-1	99
DALG01000015	93275	93682	1	100
DALG01000015	93649	94038	1	101
DALG01000015	94242	96326	-1	102
DALG01000015	96532	97095	1	103
DALG01000015	97085	98086	-1	104
DALG01000015	98144	99385	1	105
DALG01000015	99382	99816	-1	106
DALG01000015	100151	101971	-1	107
DALG01000015	102261	102512	1	108
DALG01000015	102535	103980	1	109
DALG01000015	103977	107423	1	110
DALG01000015	107463	110126	-1	111
DALG01000015	110201	110740	1	112
DALG01000015	110757	112391	1	113
DALG01000015	112333	112422	1	114
DALG01000015	112493	112612	1	115
DALG01000015	112557	113690	1	116
DALG01000015	113704	113811	1	117
DALG01000015	113848	115161	1	118
DALG01000015	115161	115616	1	119
DALG01000015	115555	116148	1	120
DALG01000015	116149	116568	-1	121
DALG01000015	116565	117104	-1	122
DALG01000015	117166	117477	-1	123
DALG01000015	117538	117783	1	124
DALG01000015	117764	117895	1	125
DALG01000015	118225	118767	-1	126
DALG01000015	118764	119600	-1	127
DALG01000015	119667	119897	1	128
DALG01000015	119933	120355	1	129
DALG01000015	120352	121077	1	130
DALG01000015	121071	121178	1	131
DALG01000015	121210	122529	1	132
DALG01000015	122668	122958	1	133
DALG01000015	123120	123869	1	134
DALG01000015	123845	124627	-1	135
DALG01000015	124631	125224	-1	136
DALG01000015	125359	127005	1	137
DALG01000015	127007	128002	1	138
DALG01000015	128063	129277	1	139
DALG01000015	129279	129575	-1	140
DALG01000015	129582	129929	-1	141
DALG01000015	130051	131295	1	142
DALG01000015	131437	131661	1	143
DALG01000015	131666	132424	-1	144
DALG01000015	132511	133680	1	145
DALG01000015	133788	134114	1	146
DALG01000015	134161	135495	-1	147
DALG01000015	135525	136151	-1	148
DALG01000015	136215	136592	1	149
DALG01000015	136593	137432	-1	150
DALG01000015	137500	138681	1	151
DALG01000015	139024	140970	1	152
DALG01000015	141225	141761	-1	153
DALG01000015	141878	142792	1	154
DALG01000015	142867	143427	1	155
DALG01000015	143424	145088	1	156
DALG01000015	145085	145519	1	157
DALG01000015	145509	146051	1	158
DALG01000015	146088	146603	1	159
DALG01000015	146730	148919	-1	160
DALG01000015	148947	149549	-1	161
DALG01000015	149600	150028	-1	162
DALG01000015	150056	150481	-1	163
DALG01000015	150488	150802	-1	164
DALG01000015	150823	153264	-1	165
DALG01000015	153276	155843	-1	166
DALG01000016	33	542	-1	1
DALG01000016	617	3253	1	2
DALG01000016	3618	5264	-1	3
DALG01000016	5518	5949	-1	4
DALG01000016	6027	6626	1	5
DALG01000016	6784	7539	-1	6
DALG01000016	7524	8030	-1	7
DALG01000016	8118	8696	-1	8
DALG01000016	8745	9023	-1	9
DALG01000016	9077	13522	1	10
DALG01000017	444	1271	1	1
DALG01000017	1236	1496	-1	2
DALG01000017	1453	2226	-1	3
DALG01000017	2237	3529	-1	4
DALG01000017	3535	4038	-1	5
DALG01000017	4093	4428	-1	6
DALG01000017	4521	5846	-1	7
DALG01000017	5912	7129	1	8
DALG01000017	7179	8270	-1	9
DALG01000017	8277	8681	-1	10
DALG01000017	9196	9765	-1	11
DALG01000017	9826	9930	-1	12
DALG01000018	3	3026	-1	1
DALG01000018	3147	4448	-1	2
DALG01000018	4571	6124	-1	3
DALG01000018	6132	6257	-1	4
DALG01000018	6254	6952	-1	5
DALG01000018	7005	7313	1	6
DALG01000018	7423	7701	1	7
DALG01000018	7723	8247	1	8
DALG01000018	8284	8511	-1	9
DALG01000018	8530	9258	-1	10
DALG01000018	9266	10177	-1	11
DALG01000018	10251	10508	-1	12
DALG01000018	10513	10761	-1	13
DALG01000018	10798	12087	-1	14
DALG01000018	12134	12769	1	15
DALG01000018	12773	13171	-1	16
DALG01000018	13190	13291	-1	17
DALG01000018	13333	15060	-1	18
DALG01000018	15033	15581	-1	19
DALG01000018	15619	16647	-1	20
DALG01000018	16680	17594	-1	21
DALG01000018	17600	19198	-1	22
DALG01000018	19325	22192	-1	23
DALG01000018	22293	24056	-1	24
DALG01000018	24110	25720	1	25
DALG01000018	25923	26774	1	26
DALG01000018	26777	27397	-1	27
DALG01000018	27522	27908	1	28
DALG01000018	27913	28779	-1	29
DALG01000018	28902	29657	-1	30
DALG01000018	29698	30525	1	31
DALG01000018	30531	30995	1	32
DALG01000018	30992	31945	1	33
DALG01000018	32000	32185	1	34
DALG01000018	32196	32696	1	35
DALG01000019	823	2457	-1	1
DALG01000019	2454	3065	-1	2
DALG01000019	3062	3358	-1	3
DALG01000019	3360	4343	-1	4
DALG01000019	4442	5950	1	5
DALG01000019	5960	6856	1	6
DALG01000019	6929	7834	1	7
DALG01000019	7819	10122	-1	8
DALG01000019	10456	11409	1	9
DALG01000019	11411	12559	1	10
DALG01000019	12640	13356	-1	11
DALG01000019	13807	14058	-1	12
DALG01000019	14099	14308	-1	13
DALG01000019	14324	14959	-1	14
DALG01000019	15133	15354	1	15
DALG01000019	15351	15755	-1	16
DALG01000019	15811	16725	1	17
DALG01000019	16712	17443	1	18
DALG01000019	17433	19589	-1	19
DALG01000019	19858	20313	-1	20
DALG01000019	20494	21756	1	21
DALG01000019	21802	22029	-1	22
DALG01000019	22085	23173	1	23
DALG01000019	23183	24046	1	24
DALG01000019	24086	24889	1	25
DALG01000019	24883	25605	1	26
DALG01000019	25596	26774	1	27
DALG01000019	26771	27721	1	28
DALG01000019	27718	28281	-1	29
DALG01000019	28350	28892	1	30
DALG01000019	28966	30060	1	31
DALG01000019	30064	31800	-1	32
DALG01000019	31840	32385	-1	33
DALG01000019	32571	33479	1	34
DALG01000019	33476	34060	-1	35
DALG01000019	34074	34556	-1	36
DALG01000019	34726	35118	-1	37
DALG01000020	2	73	1	1
DALG01000020	77	577	1	2
DALG01000020	663	965	1	3
DALG01000020	985	1251	1	4
DALG01000020	1274	1576	1	5
DALG01000020	1612	2010	1	6
DALG01000020	2035	2403	1	7
DALG01000020	2416	3105	1	8
DALG01000020	3107	3628	1	9
DALG01000020	3643	3819	1	10
DALG01000020	3836	4219	1	11
DALG01000020	4278	4793	1	12
DALG01000020	4808	5149	1	13
DALG01000020	5189	5641	1	14
DALG01000020	5699	6280	1	15
DALG01000020	6293	6976	1	16
DALG01000020	6973	7380	1	17
DALG01000020	7440	7871	1	18
DALG01000020	7858	9288	1	19
DALG01000020	9291	9836	1	20
DALG01000020	9934	10428	1	21
DALG01000020	10556	11674	1	22
DALG01000020	11671	11820	-1	23
DALG01000020	11862	12746	-1	24
DALG01000020	12880	13917	-1	25
DALG01000020	13878	13970	-1	26
DALG01000020	13967	14431	-1	27
DALG01000020	14755	16176	1	28
DALG01000020	16182	17108	1	29
DALG01000020	17163	17387	1	30
DALG01000020	17705	18454	1	31
DALG01000020	18451	19746	-1	32
DALG01000020	19811	22603	1	33
DALG01000020	23093	23362	1	34
DALG01000020	23376	24383	1	35
DALG01000020	24355	25119	1	36
DALG01000020	25128	25871	-1	37
DALG01000020	25913	26932	-1	38
DALG01000021	83	664	-1	1
DALG01000021	677	1615	1	2
DALG01000021	1629	2063	1	3
DALG01000021	2148	2558	1	4
DALG01000021	2643	2984	-1	5
DALG01000021	3289	3834	1	6
DALG01000021	3893	4672	1	7
DALG01000021	4921	5157	1	8
DALG01000021	5259	5519	-1	9
DALG01000021	5591	6118	1	10
DALG01000021	6135	6704	1	11
DALG01000021	6701	7024	1	12
DALG01000021	7005	7436	1	13
DALG01000021	7423	7806	1	14
DALG01000021	7832	8116	1	15
DALG01000021	8126	8542	1	16
DALG01000021	8555	9553	-1	17
DALG01000021	9565	11043	-1	18
DALG01000021	11068	12135	-1	19
DALG01000021	12218	13489	1	20
DALG01000021	13493	14650	-1	21
DALG01000021	14842	15612	1	22
DALG01000021	15615	17105	1	23
DALG01000021	17098	17820	1	24
DALG01000021	17877	18044	1	25
DALG01000021	18072	19640	1	26
DALG01000021	19645	20172	1	27
DALG01000021	20169	20555	-1	28
DALG01000021	20600	21691	1	29
DALG01000021	21802	22866	-1	30
DALG01000021	22866	23363	-1	31
DALG01000021	23418	24524	1	32
DALG01000021	24533	24868	-1	33
DALG01000021	24861	25619	-1	34
DALG01000021	25616	26092	-1	35
DALG01000021	26492	26929	-1	36
DALG01000021	26917	27177	-1	37
DALG01000021	27284	27844	-1	38
DALG01000021	27849	28199	-1	39
DALG01000021	28205	28486	-1	40
DALG01000021	28675	29256	1	41
DALG01000021	29234	29923	1	42
DALG01000021	29929	31086	1	43
DALG01000021	31111	35283	1	44
DALG01000021	35326	35661	1	45
DALG01000021	35686	36021	1	46
DALG01000021	36051	36395	1	47
DALG01000021	36523	36852	1	48
DALG01000021	36858	37550	1	49
DALG01000021	37564	39054	1	50
DALG01000021	39059	40564	-1	51
DALG01000021	40625	42913	1	52
DALG01000021	42925	43185	1	53
DALG01000021	43182	43724	-1	54
DALG01000021	43804	44019	-1	55
DALG01000021	44024	44227	-1	56
DALG01000021	44282	45589	1	57
DALG01000021	45605	46351	1	58
DALG01000021	46442	47287	1	59
DALG01000021	47271	47435	-1	60
DALG01000021	47593	48558	1	61
DALG01000021	48560	48901	1	62
DALG01000021	48997	50439	1	63
DALG01000021	50448	51020	-1	64
DALG01000021	51134	52687	-1	65
DALG01000021	52665	53105	-1	66
DALG01000021	53123	53299	-1	67
DALG01000021	53304	53630	-1	68
DALG01000021	53681	54340	-1	69
DALG01000021	54402	54911	-1	70
DALG01000021	54923	55138	-1	71
DALG01000021	55252	55563	-1	72
DALG01000021	55573	55998	-1	73
DALG01000021	55971	56066	-1	74
