Contig	Start	End	Strand	Pos
JAVZWL010000001	328	1659	1	1
JAVZWL010000001	1873	2496	-1	2
JAVZWL010000001	2456	5170	-1	3
JAVZWL010000001	5226	5534	-1	4
JAVZWL010000001	5578	6564	-1	5
JAVZWL010000001	6570	7226	-1	6
JAVZWL010000001	7231	7737	-1	7
JAVZWL010000001	7749	8210	-1	8
JAVZWL010000001	8222	8401	-1	9
JAVZWL010000001	8485	9606	-1	10
JAVZWL010000001	9603	10037	-1	11
JAVZWL010000001	10043	10303	-1	12
JAVZWL010000001	10305	10976	-1	13
JAVZWL010000001	10976	11239	-1	14
JAVZWL010000001	11243	11398	-1	15
JAVZWL010000001	11395	11748	-1	16
JAVZWL010000001	11757	12227	-1	17
JAVZWL010000001	12288	13454	1	18
JAVZWL010000001	13456	14052	-1	19
JAVZWL010000001	14238	14732	-1	20
JAVZWL010000001	14782	15780	-1	21
JAVZWL010000001	15868	17499	1	22
JAVZWL010000001	17547	18407	1	23
JAVZWL010000001	18404	18922	-1	24
JAVZWL010000001	18925	19965	-1	25
JAVZWL010000001	19952	20806	-1	26
JAVZWL010000001	21002	22351	1	27
JAVZWL010000001	22344	22742	1	28
JAVZWL010000001	22807	23412	1	29
JAVZWL010000001	23533	24945	1	30
JAVZWL010000001	24998	25627	-1	31
JAVZWL010000001	25682	26746	-1	32
JAVZWL010000001	26727	27680	-1	33
JAVZWL010000001	27719	27904	1	34
JAVZWL010000001	27888	28550	-1	35
JAVZWL010000001	28680	29900	1	36
JAVZWL010000001	30028	30918	-1	37
JAVZWL010000001	30956	31174	-1	38
JAVZWL010000001	31171	31572	-1	39
JAVZWL010000001	31651	32709	-1	40
JAVZWL010000001	32706	34493	-1	41
JAVZWL010000001	34510	35460	-1	42
JAVZWL010000001	35447	36607	-1	43
JAVZWL010000001	36604	37869	-1	44
JAVZWL010000001	37928	38275	1	45
JAVZWL010000001	38235	38960	-1	46
JAVZWL010000001	39214	41037	1	47
JAVZWL010000001	41025	41600	1	48
JAVZWL010000001	41913	42443	1	49
JAVZWL010000001	42444	42710	-1	50
JAVZWL010000001	43068	43739	1	51
JAVZWL010000001	43929	44390	1	52
JAVZWL010000001	44734	46053	1	53
JAVZWL010000001	46373	46795	1	54
JAVZWL010000001	46896	47249	1	55
JAVZWL010000001	47627	47824	1	56
JAVZWL010000001	47997	48467	-1	57
JAVZWL010000001	48468	50093	-1	58
JAVZWL010000001	50139	51089	1	59
JAVZWL010000001	51082	51747	1	60
JAVZWL010000001	51750	52763	1	61
JAVZWL010000001	52826	53617	1	62
JAVZWL010000001	53620	53817	-1	63
JAVZWL010000001	53894	54436	-1	64
JAVZWL010000001	54546	55262	1	65
JAVZWL010000001	55262	56485	1	66
JAVZWL010000001	56519	57490	-1	67
JAVZWL010000001	57474	58442	-1	68
JAVZWL010000001	58561	59175	1	69
JAVZWL010000001	59145	59327	-1	70
JAVZWL010000001	59424	59708	1	71
JAVZWL010000001	59709	60278	1	72
JAVZWL010000001	60230	60550	-1	73
JAVZWL010000001	60540	60953	-1	74
JAVZWL010000001	61005	61496	1	75
JAVZWL010000001	61485	62084	-1	76
JAVZWL010000001	62119	62472	1	77
JAVZWL010000001	62571	62957	1	78
JAVZWL010000001	62935	63120	-1	79
JAVZWL010000001	63163	63423	1	80
JAVZWL010000001	63409	63756	-1	81
JAVZWL010000001	63826	64245	-1	82
JAVZWL010000001	64336	64884	-1	83
JAVZWL010000001	65042	66076	1	84
JAVZWL010000001	66073	66972	1	85
JAVZWL010000001	66969	68036	1	86
JAVZWL010000001	68037	68858	1	87
JAVZWL010000001	68890	69846	1	88
JAVZWL010000001	69811	71064	-1	89
JAVZWL010000001	71108	71431	1	90
JAVZWL010000001	71409	71972	-1	91
JAVZWL010000001	71969	72328	-1	92
JAVZWL010000001	72300	73622	-1	93
JAVZWL010000001	73628	74029	-1	94
JAVZWL010000001	74224	74640	1	95
JAVZWL010000001	74659	74901	1	96
JAVZWL010000001	74972	75814	1	97
JAVZWL010000001	75963	77282	1	98
JAVZWL010000001	77327	78424	1	99
JAVZWL010000001	78471	79157	1	100
JAVZWL010000001	79144	79836	1	101
JAVZWL010000001	79833	80753	1	102
JAVZWL010000001	80784	81116	1	103
JAVZWL010000001	81266	82183	1	104
JAVZWL010000001	82251	83618	-1	105
JAVZWL010000001	84505	84936	1	106
JAVZWL010000001	84983	85228	1	107
JAVZWL010000001	85308	85547	1	108
JAVZWL010000001	85528	85914	1	109
JAVZWL010000001	86852	87271	1	110
JAVZWL010000001	87268	88008	-1	111
JAVZWL010000001	88050	88853	-1	112
JAVZWL010000001	89027	89701	-1	113
JAVZWL010000001	89967	92567	1	114
JAVZWL010000001	92590	93819	1	115
JAVZWL010000001	93860	94459	1	116
JAVZWL010000001	94484	95455	1	117
JAVZWL010000001	95627	96274	1	118
JAVZWL010000001	96271	96936	-1	119
JAVZWL010000001	96970	98112	1	120
JAVZWL010000001	98090	99202	1	121
JAVZWL010000001	99238	99897	1	122
JAVZWL010000001	99944	100438	-1	123
JAVZWL010000001	100597	100914	1	124
JAVZWL010000001	101530	101784	1	125
JAVZWL010000001	101781	102740	1	126
JAVZWL010000001	102688	103662	-1	127
JAVZWL010000001	103714	104535	-1	128
JAVZWL010000001	104591	105211	-1	129
JAVZWL010000001	105353	106756	1	130
JAVZWL010000001	106820	107488	1	131
JAVZWL010000001	107513	107731	1	132
JAVZWL010000001	107728	108711	-1	133
JAVZWL010000001	108892	109692	1	134
JAVZWL010000001	109689	110531	1	135
JAVZWL010000001	110528	111250	1	136
JAVZWL010000001	111252	111473	1	137
JAVZWL010000001	111460	111906	-1	138
JAVZWL010000001	112103	112603	1	139
JAVZWL010000001	112668	114233	1	140
JAVZWL010000001	114265	114819	1	141
JAVZWL010000001	114823	116016	-1	142
JAVZWL010000001	116060	117091	1	143
JAVZWL010000001	117066	117869	-1	144
JAVZWL010000001	117955	118554	-1	145
JAVZWL010000001	118680	118913	1	146
JAVZWL010000001	118916	120508	-1	147
JAVZWL010000001	120505	120705	-1	148
JAVZWL010000001	120909	121955	-1	149
JAVZWL010000001	122254	122793	1	150
JAVZWL010000001	122777	123928	-1	151
JAVZWL010000001	123925	124761	-1	152
JAVZWL010000001	124758	125417	-1	153
JAVZWL010000001	125561	126169	1	154
JAVZWL010000001	126171	126845	-1	155
JAVZWL010000001	126888	127844	1	156
JAVZWL010000001	127828	128283	1	157
JAVZWL010000001	128322	128531	1	158
JAVZWL010000001	128528	128842	-1	159
JAVZWL010000001	128875	130131	1	160
JAVZWL010000001	130197	130844	1	161
JAVZWL010000001	130812	131186	-1	162
JAVZWL010000001	131254	131700	1	163
JAVZWL010000001	131702	132796	1	164
JAVZWL010000001	132812	133528	-1	165
JAVZWL010000001	133631	134179	1	166
JAVZWL010000001	134188	134601	1	167
JAVZWL010000001	134634	134966	1	168
JAVZWL010000001	135046	135708	1	169
JAVZWL010000001	135788	136174	1	170
JAVZWL010000001	136275	136877	1	171
JAVZWL010000001	136937	137692	1	172
JAVZWL010000001	137698	138417	-1	173
JAVZWL010000001	138456	138773	1	174
JAVZWL010000001	138733	139641	-1	175
JAVZWL010000001	139863	140018	1	176
JAVZWL010000001	140158	142680	-1	177
JAVZWL010000001	142749	143876	-1	178
JAVZWL010000001	143873	144751	-1	179
JAVZWL010000001	144781	145692	-1	180
JAVZWL010000001	145960	146817	1	181
JAVZWL010000001	146922	148238	1	182
JAVZWL010000001	148401	150038	1	183
JAVZWL010000001	150137	151897	1	184
JAVZWL010000001	151994	152272	1	185
JAVZWL010000001	152298	153089	-1	186
JAVZWL010000001	153202	155187	1	187
JAVZWL010000001	155173	157140	-1	188
JAVZWL010000001	157581	159488	1	189
JAVZWL010000001	159528	160307	1	190
JAVZWL010000001	160367	161518	1	191
JAVZWL010000001	161521	163335	-1	192
JAVZWL010000001	163488	164174	1	193
JAVZWL010000001	164196	164531	-1	194
JAVZWL010000001	164528	165550	-1	195
JAVZWL010000001	165585	166058	-1	196
JAVZWL010000001	166180	167442	1	197
JAVZWL010000001	167442	167942	1	198
JAVZWL010000001	167945	168529	-1	199
JAVZWL010000001	168522	170210	-1	200
JAVZWL010000001	170459	171310	1	201
JAVZWL010000001	171439	171969	1	202
JAVZWL010000001	171966	172205	-1	203
JAVZWL010000001	172206	172400	-1	204
JAVZWL010000001	172602	173552	-1	205
JAVZWL010000001	173754	174353	-1	206
JAVZWL010000001	174488	174865	1	207
JAVZWL010000001	175312	175623	1	208
JAVZWL010000001	175663	176097	1	209
JAVZWL010000001	176107	176430	1	210
JAVZWL010000001	176461	177207	-1	211
JAVZWL010000001	177386	178015	-1	212
JAVZWL010000001	178008	178949	-1	213
JAVZWL010000001	178946	180658	-1	214
JAVZWL010000001	180655	181266	-1	215
JAVZWL010000001	181263	182369	-1	216
JAVZWL010000001	182366	183661	-1	217
JAVZWL010000001	184146	185144	-1	218
JAVZWL010000001	185292	185699	1	219
JAVZWL010000001	185735	186817	-1	220
JAVZWL010000001	186899	188074	1	221
JAVZWL010000001	188106	189524	1	222
JAVZWL010000001	189551	191386	-1	223
JAVZWL010000001	191391	193238	-1	224
JAVZWL010000001	193240	194484	-1	225
JAVZWL010000001	194519	195853	1	226
JAVZWL010000001	195850	197544	1	227
JAVZWL010000001	197554	197760	1	228
JAVZWL010000001	197753	198385	1	229
JAVZWL010000001	198382	199488	1	230
JAVZWL010000001	199532	200041	1	231
JAVZWL010000001	200038	201375	1	232
JAVZWL010000001	201429	201890	1	233
JAVZWL010000001	201923	202273	-1	234
JAVZWL010000001	202557	203030	1	235
JAVZWL010000001	203027	203335	1	236
JAVZWL010000001	203332	203631	1	237
JAVZWL010000001	203628	204308	-1	238
JAVZWL010000001	204451	204948	-1	239
JAVZWL010000001	204915	205538	-1	240
JAVZWL010000001	205603	205983	1	241
JAVZWL010000001	205980	206159	-1	242
JAVZWL010000001	206199	206927	-1	243
JAVZWL010000001	207117	208121	-1	244
JAVZWL010000001	208292	210274	1	245
JAVZWL010000001	210275	210595	-1	246
JAVZWL010000001	210936	211352	1	247
JAVZWL010000001	211328	211669	-1	248
JAVZWL010000001	211722	212024	1	249
JAVZWL010000001	212274	212588	1	250
JAVZWL010000001	212720	213343	1	251
JAVZWL010000001	213359	214444	1	252
JAVZWL010000001	214522	215064	1	253
JAVZWL010000001	215105	215584	1	254
JAVZWL010000001	215626	216525	-1	255
JAVZWL010000001	216638	217654	1	256
JAVZWL010000001	217651	218052	-1	257
JAVZWL010000001	218049	218624	-1	258
JAVZWL010000001	218764	218994	1	259
JAVZWL010000001	218991	219413	1	260
JAVZWL010000001	219477	219890	-1	261
JAVZWL010000001	219923	221077	-1	262
JAVZWL010000001	221268	222470	1	263
JAVZWL010000001	222467	223216	1	264
JAVZWL010000001	223217	224071	1	265
JAVZWL010000001	224096	224899	1	266
JAVZWL010000001	224953	226926	1	267
JAVZWL010000001	227201	227779	1	268
JAVZWL010000001	227776	229392	1	269
JAVZWL010000001	229608	231182	1	270
JAVZWL010000001	231179	231355	-1	271
JAVZWL010000001	231315	233417	-1	272
JAVZWL010000001	233581	235035	1	273
JAVZWL010000001	235036	235392	-1	274
JAVZWL010000001	235389	235844	-1	275
JAVZWL010000001	236062	237210	1	276
JAVZWL010000001	237315	241124	1	277
JAVZWL010000001	241121	242992	1	278
JAVZWL010000001	242904	243263	-1	279
JAVZWL010000001	243340	243942	-1	280
JAVZWL010000001	243939	244343	-1	281
JAVZWL010000001	244411	244980	-1	282
JAVZWL010000001	245071	246333	1	283
JAVZWL010000001	246355	246825	1	284
JAVZWL010000001	246779	247288	1	285
JAVZWL010000001	247226	247945	-1	286
JAVZWL010000001	247989	249182	-1	287
JAVZWL010000001	249188	250096	-1	288
JAVZWL010000001	250149	250490	-1	289
JAVZWL010000001	250738	251145	1	290
JAVZWL010000001	251266	252393	1	291
JAVZWL010000001	252549	252734	1	292
JAVZWL010000001	252774	254756	1	293
JAVZWL010000001	254734	256728	-1	294
JAVZWL010000001	256826	257386	1	295
JAVZWL010000001	257406	258086	-1	296
JAVZWL010000001	258294	258605	1	297
JAVZWL010000001	258607	259140	1	298
JAVZWL010000001	259187	259543	1	299
JAVZWL010000001	259545	259922	1	300
JAVZWL010000001	260096	261244	1	301
JAVZWL010000001	261245	261691	-1	302
JAVZWL010000001	261802	262632	-1	303
JAVZWL010000001	262691	262834	1	304
JAVZWL010000001	263275	264081	1	305
JAVZWL010000001	264110	264910	-1	306
JAVZWL010000001	264962	265228	-1	307
JAVZWL010000001	265221	265697	-1	308
JAVZWL010000001	265975	266838	1	309
JAVZWL010000001	266897	267577	1	310
JAVZWL010000001	267582	267983	-1	311
JAVZWL010000001	268053	268427	-1	312
JAVZWL010000001	268405	269097	-1	313
JAVZWL010000001	269094	270548	-1	314
JAVZWL010000001	270545	271009	-1	315
JAVZWL010000001	271483	272391	1	316
JAVZWL010000001	272680	273234	1	317
JAVZWL010000001	273212	273673	1	318
JAVZWL010000001	273673	274158	1	319
JAVZWL010000001	274155	274838	1	320
JAVZWL010000001	274841	276379	1	321
JAVZWL010000001	276366	277793	1	322
JAVZWL010000001	278187	279341	-1	323
JAVZWL010000001	279415	281112	1	324
JAVZWL010000001	281179	282702	1	325
JAVZWL010000001	282699	283463	-1	326
JAVZWL010000001	283444	283800	-1	327
JAVZWL010000001	283764	286685	-1	328
JAVZWL010000001	287254	287412	-1	329
JAVZWL010000001	287604	287699	-1	330
JAVZWL010000001	287823	288281	-1	331
JAVZWL010000001	289601	290203	-1	332
JAVZWL010000001	290212	290631	-1	333
JAVZWL010000001	290704	291156	-1	334
JAVZWL010000001	291387	291959	1	335
JAVZWL010000001	291974	293326	-1	336
JAVZWL010000001	293512	294021	-1	337
JAVZWL010000001	294023	294673	-1	338
JAVZWL010000001	294866	295537	1	339
JAVZWL010000001	295616	295876	1	340
JAVZWL010000001	295882	296262	1	341
JAVZWL010000001	296319	297482	1	342
JAVZWL010000001	297577	298620	1	343
JAVZWL010000001	298655	299287	1	344
JAVZWL010000001	299347	300528	-1	345
JAVZWL010000001	300648	301613	1	346
JAVZWL010000001	301654	302730	1	347
JAVZWL010000001	302730	302903	1	348
JAVZWL010000001	302895	304607	-1	349
JAVZWL010000001	304637	305311	-1	350
JAVZWL010000001	305414	306928	-1	351
JAVZWL010000001	306945	307871	-1	352
JAVZWL010000001	307877	308746	-1	353
JAVZWL010000001	308852	310309	1	354
JAVZWL010000001	310290	310661	-1	355
JAVZWL010000001	310844	311923	-1	356
JAVZWL010000001	311928	312752	-1	357
JAVZWL010000001	312991	314649	1	358
JAVZWL010000001	314638	314856	-1	359
JAVZWL010000001	314856	315992	-1	360
JAVZWL010000001	316266	317705	1	361
JAVZWL010000001	317702	318535	1	362
JAVZWL010000001	318532	319332	1	363
JAVZWL010000001	319329	320303	1	364
JAVZWL010000001	320307	320405	-1	365
JAVZWL010000001	320410	321186	-1	366
JAVZWL010000001	321217	322809	-1	367
JAVZWL010000001	322966	323385	-1	368
JAVZWL010000001	323410	323925	-1	369
JAVZWL010000001	323936	324586	-1	370
JAVZWL010000001	324925	325824	1	371
JAVZWL010000001	325868	327367	1	372
JAVZWL010000001	327354	328010	1	373
JAVZWL010000001	328028	328714	-1	374
JAVZWL010000001	328752	329420	1	375
JAVZWL010000001	329487	329762	-1	376
JAVZWL010000001	329868	331556	1	377
JAVZWL010000001	331534	331986	1	378
JAVZWL010000001	332378	334270	1	379
JAVZWL010000001	334276	334416	-1	380
JAVZWL010000001	334552	334917	-1	381
JAVZWL010000001	334959	335993	-1	382
JAVZWL010000001	336024	338063	-1	383
JAVZWL010000001	338343	339848	-1	384
JAVZWL010000001	339939	340919	1	385
JAVZWL010000001	341074	341400	-1	386
JAVZWL010000001	341861	342562	-1	387
JAVZWL010000001	342828	344000	-1	388
JAVZWL010000001	344274	344858	1	389
JAVZWL010000001	344874	345215	1	390
JAVZWL010000001	345411	345989	-1	391
JAVZWL010000001	346255	347364	1	392
JAVZWL010000001	347354	347779	1	393
JAVZWL010000001	347776	348729	1	394
JAVZWL010000001	349187	349462	1	395
JAVZWL010000001	349639	350454	-1	396
JAVZWL010000001	350442	351050	-1	397
JAVZWL010000001	351152	352033	1	398
JAVZWL010000001	352183	352590	-1	399
JAVZWL010000001	352785	354473	1	400
JAVZWL010000001	354505	355644	1	401
JAVZWL010000001	355659	356054	-1	402
JAVZWL010000001	356089	356376	-1	403
JAVZWL010000001	356376	357539	-1	404
JAVZWL010000001	357542	359347	-1	405
JAVZWL010000001	359442	359888	-1	406
JAVZWL010000001	360048	360290	1	407
JAVZWL010000001	360262	360660	1	408
JAVZWL010000001	360657	361181	-1	409
JAVZWL010000001	361511	363103	1	410
JAVZWL010000001	363211	363384	1	411
JAVZWL010000001	363394	364740	1	412
JAVZWL010000001	364755	365633	-1	413
JAVZWL010000001	365721	366152	1	414
JAVZWL010000001	366326	366967	1	415
JAVZWL010000001	366985	367677	-1	416
JAVZWL010000001	367709	368536	-1	417
JAVZWL010000001	368733	369821	-1	418
JAVZWL010000001	370124	371473	-1	419
JAVZWL010000001	371463	372173	-1	420
JAVZWL010000001	372432	373454	1	421
JAVZWL010000001	373498	373854	1	422
JAVZWL010000001	374221	375039	-1	423
JAVZWL010000001	376004	377113	-1	424
JAVZWL010000001	377227	377364	-1	425
JAVZWL010000001	378107	379264	1	426
JAVZWL010000001	379265	380068	1	427
JAVZWL010000001	380065	380742	1	428
JAVZWL010000001	380833	381726	1	429
JAVZWL010000001	381713	382114	-1	430
JAVZWL010000001	382111	382323	-1	431
JAVZWL010000001	382481	383986	1	432
JAVZWL010000001	383961	384725	-1	433
JAVZWL010000001	384829	386229	-1	434
JAVZWL010000001	386408	387055	-1	435
JAVZWL010000001	387478	388857	1	436
JAVZWL010000001	388894	390066	1	437
JAVZWL010000001	390063	391244	-1	438
JAVZWL010000001	391254	392681	-1	439
JAVZWL010000001	392693	393727	-1	440
JAVZWL010000001	394175	394411	1	441
JAVZWL010000001	394395	394802	1	442
JAVZWL010000001	394961	396016	1	443
JAVZWL010000001	396013	397011	1	444
JAVZWL010000001	397047	397286	-1	445
JAVZWL010000001	397283	398152	-1	446
JAVZWL010000001	398918	399376	1	447
JAVZWL010000001	399568	400131	-1	448
JAVZWL010000001	400578	400682	1	449
JAVZWL010000001	400753	401301	1	450
JAVZWL010000001	401692	403422	1	451
JAVZWL010000001	403341	403544	-1	452
JAVZWL010000001	403661	403945	1	453
JAVZWL010000001	404286	404486	1	454
JAVZWL010000001	404789	406324	1	455
JAVZWL010000001	406444	406701	1	456
JAVZWL010000001	406894	407352	1	457
JAVZWL010000001	407505	408650	1	458
JAVZWL010000001	408647	409885	1	459
JAVZWL010000001	409902	410915	1	460
JAVZWL010000001	411020	412138	-1	461
JAVZWL010000001	412364	414028	-1	462
JAVZWL010000001	414502	415359	1	463
JAVZWL010000001	415356	416207	1	464
JAVZWL010000001	416211	417287	1	465
JAVZWL010000001	417303	418283	-1	466
JAVZWL010000001	418495	419595	1	467
JAVZWL010000001	419718	421394	1	468
JAVZWL010000001	421636	423216	1	469
JAVZWL010000001	423538	423726	1	470
JAVZWL010000001	424017	424130	-1	471
JAVZWL010000001	424139	426001	-1	472
JAVZWL010000001	425998	427449	-1	473
JAVZWL010000001	427449	427892	-1	474
JAVZWL010000001	427889	428317	-1	475
JAVZWL010000001	428314	428802	-1	476
JAVZWL010000001	428822	429388	-1	477
JAVZWL010000001	429610	430443	1	478
JAVZWL010000001	430727	431911	1	479
JAVZWL010000001	431880	431972	1	480
JAVZWL010000001	432113	432232	1	481
JAVZWL010000001	432393	433238	1	482
JAVZWL010000001	433400	433531	-1	483
JAVZWL010000001	433933	434403	1	484
JAVZWL010000001	434692	435750	1	485
JAVZWL010000001	435872	435997	-1	486
JAVZWL010000001	436148	436372	-1	487
JAVZWL010000001	436847	438265	-1	488
JAVZWL010000001	438519	440051	1	489
JAVZWL010000001	440061	440999	1	490
JAVZWL010000001	441001	442647	1	491
JAVZWL010000001	442668	443417	1	492
JAVZWL010000001	443429	444736	1	493
JAVZWL010000001	444715	445149	1	494
JAVZWL010000001	445388	446968	1	495
JAVZWL010000001	447173	449668	1	496
JAVZWL010000001	449665	449979	1	497
JAVZWL010000001	450104	451228	-1	498
JAVZWL010000001	451362	452564	1	499
JAVZWL010000001	452645	452752	-1	500
JAVZWL010000001	453100	453738	1	501
JAVZWL010000001	456579	456722	1	502
JAVZWL010000001	457984	458073	-1	503
JAVZWL010000001	460917	461210	1	504
JAVZWL010000001	461630	461824	1	505
JAVZWL010000001	462269	462559	1	506
JAVZWL010000001	462540	463031	1	507
JAVZWL010000001	463118	463963	-1	508
JAVZWL010000001	463947	464597	-1	509
JAVZWL010000001	464709	467219	1	510
JAVZWL010000001	467206	468255	1	511
JAVZWL010000001	468252	469034	1	512
JAVZWL010000001	469040	470968	1	513
JAVZWL010000001	474464	475294	-1	514
JAVZWL010000001	475872	477119	-1	515
JAVZWL010000001	477553	478479	1	516
JAVZWL010000001	479237	479464	1	517
JAVZWL010000001	479574	480590	1	518
JAVZWL010000001	481141	482070	1	519
JAVZWL010000001	482428	483504	1	520
JAVZWL010000001	483501	484124	1	521
JAVZWL010000001	484278	485300	1	522
JAVZWL010000001	485466	486260	1	523
JAVZWL010000001	486305	487837	-1	524
JAVZWL010000001	487834	489759	-1	525
JAVZWL010000001	490018	490677	-1	526
JAVZWL010000001	490712	491854	-1	527
JAVZWL010000001	491884	493044	-1	528
JAVZWL010000001	493041	493328	-1	529
JAVZWL010000001	493437	494405	-1	530
JAVZWL010000001	494720	496192	1	531
JAVZWL010000001	496527	497891	1	532
JAVZWL010000001	497918	499354	-1	533
JAVZWL010000001	499437	500801	1	534
JAVZWL010000001	500945	502330	1	535
JAVZWL010000001	502832	503716	1	536
JAVZWL010000001	503718	504293	1	537
JAVZWL010000001	504295	506016	1	538
JAVZWL010000001	506018	506419	1	539
JAVZWL010000001	506416	506739	1	540
JAVZWL010000001	506744	507436	1	541
JAVZWL010000001	507491	508960	1	542
JAVZWL010000001	509303	510469	-1	543
JAVZWL010000001	510737	511390	1	544
JAVZWL010000001	511567	512496	1	545
JAVZWL010000001	512843	513382	1	546
JAVZWL010000001	513502	513978	1	547
JAVZWL010000001	514177	515256	-1	548
JAVZWL010000001	516322	516645	1	549
JAVZWL010000001	516646	516963	1	550
JAVZWL010000001	517161	518195	1	551
JAVZWL010000001	518277	519842	1	552
JAVZWL010000001	519931	520686	-1	553
JAVZWL010000001	520801	521538	1	554
JAVZWL010000001	521663	523114	1	555
JAVZWL010000001	523204	524487	-1	556
JAVZWL010000001	524687	525100	-1	557
JAVZWL010000001	525255	526142	1	558
JAVZWL010000001	526415	527749	1	559
JAVZWL010000001	527752	527982	-1	560
JAVZWL010000001	527966	528487	-1	561
JAVZWL010000001	528474	528704	-1	562
JAVZWL010000001	528791	529153	-1	563
JAVZWL010000001	529760	530350	1	564
JAVZWL010000001	530390	531166	1	565
JAVZWL010000001	531163	531690	1	566
JAVZWL010000001	531868	532737	1	567
JAVZWL010000001	532748	533770	-1	568
JAVZWL010000001	533801	534352	1	569
JAVZWL010000001	534792	535766	1	570
JAVZWL010000001	536049	536390	1	571
JAVZWL010000001	536613	537776	-1	572
JAVZWL010000001	537851	538549	-1	573
JAVZWL010000001	538830	539522	1	574
JAVZWL010000001	539806	540537	1	575
JAVZWL010000001	540602	541489	-1	576
JAVZWL010000001	541494	542186	-1	577
JAVZWL010000001	542141	542992	-1	578
JAVZWL010000001	543121	543594	1	579
JAVZWL010000001	543596	544978	1	580
JAVZWL010000001	545042	545947	1	581
JAVZWL010000001	545903	546166	-1	582
JAVZWL010000001	546217	546744	-1	583
JAVZWL010000001	546741	547481	-1	584
JAVZWL010000001	547450	548295	-1	585
JAVZWL010000001	548446	549636	-1	586
JAVZWL010000001	549687	550682	-1	587
JAVZWL010000001	551121	551606	1	588
JAVZWL010000001	551734	552159	1	589
JAVZWL010000001	552289	552501	-1	590
JAVZWL010000001	552724	553089	-1	591
JAVZWL010000001	553055	553294	-1	592
JAVZWL010000001	553515	555536	-1	593
JAVZWL010000001	555862	556692	1	594
JAVZWL010000001	556695	557639	1	595
JAVZWL010000001	557671	558270	-1	596
JAVZWL010000001	558827	559489	1	597
JAVZWL010000001	559491	560465	-1	598
JAVZWL010000001	560481	561380	-1	599
JAVZWL010000001	561643	562335	-1	600
JAVZWL010000001	562332	563051	-1	601
JAVZWL010000001	563425	564726	1	602
JAVZWL010000001	565049	566317	1	603
JAVZWL010000001	566307	566768	1	604
JAVZWL010000001	566865	567797	-1	605
JAVZWL010000001	567920	569215	1	606
JAVZWL010000001	569212	570144	-1	607
JAVZWL010000001	570125	571126	-1	608
JAVZWL010000001	571095	571970	-1	609
JAVZWL010000001	571967	573034	-1	610
JAVZWL010000001	573043	575070	-1	611
JAVZWL010000001	575790	576251	1	612
JAVZWL010000001	576500	579112	-1	613
JAVZWL010000001	579145	580719	-1	614
JAVZWL010000001	581027	582292	-1	615
JAVZWL010000001	582683	583858	1	616
JAVZWL010000001	584076	585731	-1	617
JAVZWL010000001	585842	586309	-1	618
JAVZWL010000001	586306	587436	-1	619
JAVZWL010000001	587440	587712	-1	620
JAVZWL010000001	587765	588169	-1	621
JAVZWL010000001	588171	588602	-1	622
JAVZWL010000001	588605	589537	-1	623
JAVZWL010000001	589801	590601	-1	624
JAVZWL010000001	591422	592429	-1	625
JAVZWL010000001	592598	593020	1	626
JAVZWL010000001	593133	593819	-1	627
JAVZWL010000001	594439	595398	1	628
JAVZWL010000001	595542	596897	-1	629
JAVZWL010000001	596898	597857	-1	630
JAVZWL010000001	597860	599398	-1	631
JAVZWL010000001	599414	600184	-1	632
JAVZWL010000001	600336	601220	-1	633
JAVZWL010000001	601217	601675	-1	634
JAVZWL010000001	602179	602349	1	635
JAVZWL010000001	602459	602869	1	636
JAVZWL010000001	602936	603163	-1	637
JAVZWL010000001	603335	603919	-1	638
JAVZWL010000001	604545	605147	-1	639
JAVZWL010000001	605668	606198	1	640
JAVZWL010000001	606259	606372	1	641
JAVZWL010000001	606479	607504	1	642
JAVZWL010000001	608364	612893	-1	643
JAVZWL010000001	613011	614054	-1	644
JAVZWL010000001	614176	617571	1	645
JAVZWL010000001	617574	619634	1	646
JAVZWL010000001	619631	620248	-1	647
JAVZWL010000001	620383	620541	-1	648
JAVZWL010000001	620698	622431	-1	649
JAVZWL010000001	622753	623643	-1	650
JAVZWL010000001	623781	627755	-1	651
JAVZWL010000001	627924	628109	1	652
JAVZWL010000001	628084	630177	-1	653
JAVZWL010000001	630174	633485	-1	654
JAVZWL010000001	633478	634122	-1	655
JAVZWL010000001	634247	637456	-1	656
JAVZWL010000001	637598	637720	-1	657
JAVZWL010000001	638225	639052	-1	658
JAVZWL010000001	639763	640182	-1	659
JAVZWL010000001	640217	640483	-1	660
JAVZWL010000001	640578	643436	-1	661
JAVZWL010000001	643480	643896	-1	662
JAVZWL010000001	644203	644538	-1	663
JAVZWL010000001	644663	645169	1	664
JAVZWL010000001	645171	645614	1	665
JAVZWL010000001	645783	647267	-1	666
JAVZWL010000001	647358	647882	1	667
JAVZWL010000001	647992	649305	-1	668
JAVZWL010000001	649446	650378	-1	669
JAVZWL010000001	650508	651344	-1	670
JAVZWL010000001	651435	653033	-1	671
JAVZWL010000001	653129	653422	-1	672
JAVZWL010000001	653424	654581	-1	673
JAVZWL010000001	654590	655477	-1	674
JAVZWL010000001	655669	656607	1	675
JAVZWL010000001	656595	656945	-1	676
JAVZWL010000001	657180	657788	1	677
JAVZWL010000001	657959	658501	1	678
JAVZWL010000001	658477	658926	1	679
JAVZWL010000001	658919	660331	-1	680
JAVZWL010000001	660642	660986	-1	681
JAVZWL010000001	660964	661395	-1	682
JAVZWL010000001	661558	661887	1	683
JAVZWL010000001	661892	663358	-1	684
JAVZWL010000001	663355	664281	-1	685
JAVZWL010000001	664372	664848	-1	686
JAVZWL010000001	664854	666347	-1	687
JAVZWL010000001	666440	667054	1	688
JAVZWL010000001	667115	667918	1	689
JAVZWL010000001	667960	668793	-1	690
JAVZWL010000001	668970	670739	1	691
JAVZWL010000001	670733	671059	-1	692
JAVZWL010000001	671056	671931	-1	693
JAVZWL010000001	672142	672375	-1	694
JAVZWL010000001	672759	673550	1	695
JAVZWL010000001	673658	674458	1	696
JAVZWL010000001	674591	674980	-1	697
JAVZWL010000001	675085	675555	1	698
JAVZWL010000001	675556	676818	1	699
JAVZWL010000001	676818	677459	1	700
JAVZWL010000001	677441	678073	1	701
JAVZWL010000001	678060	678686	1	702
JAVZWL010000001	678712	679527	-1	703
JAVZWL010000001	679597	680400	1	704
JAVZWL010000001	680605	681735	-1	705
JAVZWL010000001	681808	682542	-1	706
JAVZWL010000001	682682	682939	1	707
JAVZWL010000001	683268	684425	1	708
JAVZWL010000001	685673	686050	1	709
JAVZWL010000001	686181	686600	-1	710
JAVZWL010000001	686797	687300	-1	711
JAVZWL010000001	687314	688702	-1	712
JAVZWL010000001	689078	689833	1	713
JAVZWL010000001	689836	690159	1	714
JAVZWL010000001	690597	690881	-1	715
JAVZWL010000001	691473	692600	-1	716
JAVZWL010000001	692584	693300	-1	717
JAVZWL010000001	693410	695191	1	718
JAVZWL010000001	695188	695871	1	719
JAVZWL010000001	696181	696510	1	720
JAVZWL010000001	697236	697760	1	721
JAVZWL010000001	697748	699853	1	722
JAVZWL010000001	699979	700614	-1	723
JAVZWL010000001	700749	700889	1	724
JAVZWL010000001	700946	701722	-1	725
JAVZWL010000001	701719	702918	-1	726
JAVZWL010000001	703415	703870	-1	727
JAVZWL010000001	704099	704869	1	728
JAVZWL010000001	704953	705951	-1	729
JAVZWL010000001	706337	706867	-1	730
JAVZWL010000001	707295	707495	1	731
JAVZWL010000001	707542	707796	1	732
JAVZWL010000001	707789	708016	1	733
JAVZWL010000001	708189	708452	1	734
JAVZWL010000001	708528	709856	1	735
JAVZWL010000001	710247	711011	-1	736
JAVZWL010000001	711030	711575	-1	737
JAVZWL010000001	711562	711888	-1	738
JAVZWL010000001	711885	713087	-1	739
JAVZWL010000001	713140	714018	-1	740
JAVZWL010000001	714019	716256	-1	741
JAVZWL010000001	716262	717560	-1	742
JAVZWL010000001	717729	718433	1	743
JAVZWL010000001	718423	718926	1	744
JAVZWL010000001	718994	719569	-1	745
JAVZWL010000001	719520	720011	-1	746
JAVZWL010000001	719998	721266	-1	747
JAVZWL010000001	721522	721926	-1	748
JAVZWL010000001	722210	722974	1	749
JAVZWL010000001	722987	724123	1	750
JAVZWL010000001	724148	725587	-1	751
JAVZWL010000001	725827	726810	-1	752
JAVZWL010000001	727027	728085	1	753
JAVZWL010000001	728095	728346	1	754
JAVZWL010000001	728348	728620	1	755
JAVZWL010000001	728617	729744	1	756
JAVZWL010000001	729719	730468	1	757
JAVZWL010000001	730443	730724	1	758
JAVZWL010000001	730711	731052	1	759
JAVZWL010000001	731081	731437	1	760
JAVZWL010000001	731425	731919	-1	761
JAVZWL010000001	732240	733208	1	762
JAVZWL010000001	733201	734742	1	763
JAVZWL010000001	734739	735074	1	764
JAVZWL010000001	735041	735418	1	765
JAVZWL010000001	735503	736642	-1	766
JAVZWL010000001	736803	737819	-1	767
JAVZWL010000001	738084	738314	1	768
JAVZWL010000001	738277	738546	1	769
JAVZWL010000001	738543	739055	-1	770
JAVZWL010000001	739078	741309	-1	771
JAVZWL010000001	741463	742203	-1	772
JAVZWL010000001	742190	742618	-1	773
JAVZWL010000001	743159	743425	1	774
JAVZWL010000001	743816	745801	1	775
JAVZWL010000001	746017	746274	-1	776
JAVZWL010000001	746398	747078	-1	777
JAVZWL010000001	747178	747408	1	778
JAVZWL010000001	747387	747776	1	779
JAVZWL010000001	747779	749212	-1	780
JAVZWL010000001	749630	750925	1	781
JAVZWL010000001	750956	751945	-1	782
JAVZWL010000001	752094	752513	1	783
JAVZWL010000001	752583	753413	1	784
JAVZWL010000001	753402	754364	-1	785
JAVZWL010000001	754525	754716	1	786
JAVZWL010000001	754656	754838	1	787
JAVZWL010000001	754872	755255	1	788
JAVZWL010000001	755265	755630	-1	789
JAVZWL010000001	755611	755850	-1	790
JAVZWL010000001	755953	756189	1	791
JAVZWL010000001	756388	757482	-1	792
JAVZWL010000001	757601	757978	1	793
JAVZWL010000001	758054	758302	1	794
JAVZWL010000001	758330	759022	1	795
JAVZWL010000001	759050	760153	-1	796
JAVZWL010000001	760659	762071	1	797
JAVZWL010000001	762068	762694	-1	798
JAVZWL010000001	763292	764830	1	799
JAVZWL010000001	764974	765621	1	800
JAVZWL010000001	765618	767285	1	801
JAVZWL010000001	767295	767735	1	802
JAVZWL010000001	767716	768315	1	803
JAVZWL010000001	768312	768947	1	804
JAVZWL010000001	768916	769524	1	805
JAVZWL010000001	769621	771543	-1	806
JAVZWL010000001	771540	772802	-1	807
JAVZWL010000001	772783	774120	-1	808
JAVZWL010000001	774374	775696	1	809
JAVZWL010000001	775681	776481	1	810
JAVZWL010000001	776471	776878	1	811
JAVZWL010000001	777054	777968	-1	812
JAVZWL010000001	778221	779249	-1	813
JAVZWL010000001	779486	780619	-1	814
JAVZWL010000001	780975	782546	1	815
JAVZWL010000001	782910	784388	1	816
JAVZWL010000001	784395	784763	-1	817
JAVZWL010000001	784814	785617	-1	818
JAVZWL010000001	785605	786522	-1	819
JAVZWL010000001	786519	786914	-1	820
JAVZWL010000001	786954	787511	-1	821
JAVZWL010000001	787717	789093	1	822
JAVZWL010000001	789248	789355	1	823
JAVZWL010000001	789367	789492	1	824
JAVZWL010000001	789489	789743	1	825
JAVZWL010000001	789889	790200	-1	826
JAVZWL010000001	790239	791372	-1	827
JAVZWL010000001	791402	792739	-1	828
JAVZWL010000001	792744	793250	-1	829
JAVZWL010000001	793288	794385	-1	830
JAVZWL010000001	794504	795940	1	831
JAVZWL010000001	795986	796744	1	832
JAVZWL010000001	796816	797913	1	833
JAVZWL010000001	797870	798508	1	834
JAVZWL010000001	798558	799103	1	835
JAVZWL010000001	799160	799678	-1	836
JAVZWL010000001	799807	800931	1	837
JAVZWL010000001	801153	801710	-1	838
JAVZWL010000001	801689	802144	-1	839
JAVZWL010000001	802415	802711	1	840
JAVZWL010000001	802681	803406	1	841
JAVZWL010000001	803720	803848	1	842
JAVZWL010000001	804144	805409	-1	843
JAVZWL010000001	806521	807024	-1	844
JAVZWL010000001	807101	808921	-1	845
JAVZWL010000001	808967	810343	1	846
JAVZWL010000001	810356	810841	-1	847
JAVZWL010000001	811153	811245	1	848
JAVZWL010000001	811252	811791	-1	849
JAVZWL010000001	811833	812111	1	850
JAVZWL010000001	812112	812681	-1	851
JAVZWL010000001	812726	813115	1	852
JAVZWL010000001	813176	816235	1	853
JAVZWL010000001	816232	816573	-1	854
JAVZWL010000001	819393	819566	1	855
JAVZWL010000001	819563	819793	1	856
JAVZWL010000001	819796	819978	1	857
JAVZWL010000001	819978	820259	1	858
JAVZWL010000001	820256	821503	-1	859
JAVZWL010000001	821810	822082	1	860
JAVZWL010000001	822741	823241	-1	861
JAVZWL010000001	823486	824280	1	862
JAVZWL010000001	824344	824631	1	863
JAVZWL010000001	824701	826746	-1	864
JAVZWL010000001	826743	827582	-1	865
JAVZWL010000001	827861	829813	-1	866
JAVZWL010000001	829864	830631	-1	867
JAVZWL010000001	831188	831343	1	868
JAVZWL010000001	831407	832654	1	869
JAVZWL010000001	832651	833136	1	870
JAVZWL010000001	833194	833412	1	871
JAVZWL010000001	833407	834558	-1	872
JAVZWL010000001	834693	835460	-1	873
JAVZWL010000001	835636	836307	1	874
JAVZWL010000001	836325	836681	-1	875
JAVZWL010000001	836827	837318	1	876
JAVZWL010000001	837470	837805	-1	877
JAVZWL010000001	837855	838733	-1	878
JAVZWL010000001	838885	839358	-1	879
JAVZWL010000001	839390	840307	-1	880
JAVZWL010000001	840336	840740	-1	881
JAVZWL010000001	840740	841318	-1	882
JAVZWL010000001	841315	842790	-1	883
JAVZWL010000001	842790	843392	-1	884
JAVZWL010000001	843461	844291	-1	885
JAVZWL010000001	844322	848626	-1	886
JAVZWL010000001	848670	849530	-1	887
JAVZWL010000001	849651	850718	1	888
JAVZWL010000001	850725	851591	-1	889
JAVZWL010000001	851630	852259	-1	890
JAVZWL010000001	852354	852740	-1	891
JAVZWL010000001	852792	853796	-1	892
JAVZWL010000001	854011	854979	1	893
JAVZWL010000001	854981	855958	1	894
JAVZWL010000001	855990	856586	1	895
JAVZWL010000001	856583	858193	-1	896
JAVZWL010000001	858376	858753	-1	897
JAVZWL010000001	858750	860219	-1	898
JAVZWL010000001	860363	861355	1	899
JAVZWL010000001	861387	862325	1	900
JAVZWL010000001	862221	862421	-1	901
JAVZWL010000001	862432	862779	-1	902
JAVZWL010000001	862776	863078	-1	903
JAVZWL010000001	863181	863978	-1	904
JAVZWL010000001	864071	864718	-1	905
JAVZWL010000001	864756	864872	-1	906
JAVZWL010000001	864968	865795	-1	907
JAVZWL010000001	865779	866138	-1	908
JAVZWL010000001	866178	866468	-1	909
JAVZWL010000001	866572	867222	-1	910
JAVZWL010000001	867229	867579	-1	911
JAVZWL010000001	867653	868681	-1	912
JAVZWL010000001	868722	869375	-1	913
JAVZWL010000001	869379	870101	-1	914
JAVZWL010000001	870108	872060	-1	915
JAVZWL010000001	872161	872826	-1	916
JAVZWL010000001	872966	873808	1	917
JAVZWL010000001	873869	875170	-1	918
JAVZWL010000001	875352	875717	1	919
JAVZWL010000001	875833	878025	1	920
JAVZWL010000001	878000	879400	-1	921
JAVZWL010000001	879566	879967	1	922
JAVZWL010000001	880002	880868	-1	923
JAVZWL010000001	880897	881406	1	924
JAVZWL010000001	881480	882112	-1	925
JAVZWL010000001	882114	882530	-1	926
JAVZWL010000001	882590	883474	1	927
JAVZWL010000001	883505	884227	1	928
JAVZWL010000001	884180	884809	-1	929
JAVZWL010000001	884843	884947	-1	930
JAVZWL010000001	885030	886010	1	931
JAVZWL010000001	886189	886683	1	932
JAVZWL010000001	886716	887042	1	933
JAVZWL010000001	887289	889049	-1	934
JAVZWL010000001	889200	890117	1	935
JAVZWL010000001	890098	890502	-1	936
JAVZWL010000001	890768	891577	-1	937
JAVZWL010000001	891828	892295	1	938
JAVZWL010000001	892282	892881	1	939
JAVZWL010000001	892928	893113	-1	940
JAVZWL010000001	893089	894084	-1	941
JAVZWL010000001	894081	896657	-1	942
JAVZWL010000001	896654	897805	-1	943
JAVZWL010000001	897798	899276	-1	944
JAVZWL010000001	899319	900029	-1	945
JAVZWL010000001	900241	901737	1	946
JAVZWL010000001	901843	902286	-1	947
JAVZWL010000001	902341	903870	1	948
JAVZWL010000001	903859	905025	-1	949
JAVZWL010000001	905043	905474	-1	950
JAVZWL010000001	905464	906006	-1	951
JAVZWL010000001	906239	906937	1	952
JAVZWL010000001	907381	908103	1	953
JAVZWL010000001	908234	908857	1	954
JAVZWL010000001	908928	909944	-1	955
JAVZWL010000001	910281	910427	1	956
JAVZWL010000001	910510	911088	1	957
JAVZWL010000001	911079	911708	-1	958
JAVZWL010000001	912031	912291	1	959
JAVZWL010000001	912278	912787	1	960
JAVZWL010000001	912674	913540	-1	961
JAVZWL010000001	913553	914560	-1	962
JAVZWL010000001	914677	915078	1	963
JAVZWL010000001	915062	916144	-1	964
JAVZWL010000001	916183	916923	1	965
JAVZWL010000001	916911	917405	1	966
JAVZWL010000001	917412	918305	-1	967
JAVZWL010000001	918475	919581	1	968
JAVZWL010000001	919562	919912	-1	969
JAVZWL010000001	919951	920982	1	970
JAVZWL010000001	920992	921771	1	971
JAVZWL010000001	921722	922036	1	972
JAVZWL010000001	922038	922703	1	973
JAVZWL010000001	922703	923281	1	974
JAVZWL010000001	923243	923851	-1	975
JAVZWL010000001	923916	924746	-1	976
JAVZWL010000001	924894	926378	-1	977
JAVZWL010000001	926433	927416	-1	978
JAVZWL010000001	927446	927643	-1	979
JAVZWL010000001	927666	929660	-1	980
JAVZWL010000001	929641	930078	-1	981
JAVZWL010000001	930186	930404	-1	982
JAVZWL010000001	930459	931061	1	983
JAVZWL010000001	931058	931567	1	984
JAVZWL010000001	931539	932186	-1	985
JAVZWL010000001	932194	933435	-1	986
JAVZWL010000001	933517	934059	1	987
JAVZWL010000001	934010	934663	1	988
JAVZWL010000001	934660	935403	-1	989
JAVZWL010000001	935544	936392	-1	990
JAVZWL010000001	936439	936690	-1	991
JAVZWL010000001	936802	937074	-1	992
JAVZWL010000001	937136	937930	-1	993
JAVZWL010000001	937957	938316	-1	994
JAVZWL010000001	938724	939467	1	995
JAVZWL010000001	939464	939997	1	996
JAVZWL010000001	939994	940575	-1	997
JAVZWL010000001	940743	942416	1	998
JAVZWL010000001	942507	943025	1	999
JAVZWL010000001	943091	944164	1	1000
JAVZWL010000001	944199	944984	1	1001
JAVZWL010000001	945039	946388	1	1002
JAVZWL010000001	946429	946782	1	1003
JAVZWL010000001	946881	950099	-1	1004
JAVZWL010000001	950232	950744	1	1005
JAVZWL010000001	950830	952065	1	1006
JAVZWL010000001	952062	952400	-1	1007
JAVZWL010000001	952363	953679	-1	1008
JAVZWL010000001	954031	954321	1	1009
JAVZWL010000001	954384	955196	-1	1010
JAVZWL010000001	955193	955468	-1	1011
JAVZWL010000001	955452	955841	-1	1012
JAVZWL010000001	955850	957142	1	1013
JAVZWL010000001	957197	958009	1	1014
JAVZWL010000001	958006	958749	1	1015
JAVZWL010000001	958746	959264	1	1016
JAVZWL010000001	959457	960347	-1	1017
JAVZWL010000001	960372	961211	-1	1018
JAVZWL010000001	961227	961997	-1	1019
JAVZWL010000001	961967	962776	-1	1020
JAVZWL010000001	962810	963277	-1	1021
JAVZWL010000001	963274	964263	-1	1022
JAVZWL010000001	964273	964824	-1	1023
JAVZWL010000001	964832	965647	1	1024
JAVZWL010000001	965644	966183	1	1025
JAVZWL010000001	966173	966427	-1	1026
JAVZWL010000001	966514	966891	1	1027
JAVZWL010000001	966931	968292	1	1028
JAVZWL010000001	968263	969864	-1	1029
JAVZWL010000001	969894	970178	1	1030
JAVZWL010000001	970169	970960	1	1031
JAVZWL010000001	970997	972697	1	1032
JAVZWL010000001	972699	973658	1	1033
JAVZWL010000001	973655	974527	1	1034
JAVZWL010000001	974524	974865	1	1035
JAVZWL010000001	974955	976079	-1	1036
JAVZWL010000001	976063	976998	-1	1037
JAVZWL010000001	977037	978686	-1	1038
JAVZWL010000001	978711	979049	-1	1039
JAVZWL010000001	979046	979522	-1	1040
JAVZWL010000001	979784	980956	1	1041
JAVZWL010000001	980953	982308	1	1042
JAVZWL010000001	982309	982623	-1	1043
JAVZWL010000001	982602	983126	-1	1044
JAVZWL010000001	983299	984210	-1	1045
JAVZWL010000001	984386	985219	-1	1046
JAVZWL010000001	985467	986540	-1	1047
JAVZWL010000001	986543	987169	-1	1048
JAVZWL010000001	987166	987867	-1	1049
JAVZWL010000001	987867	988163	-1	1050
JAVZWL010000001	988168	988590	-1	1051
JAVZWL010000001	988646	989902	1	1052
JAVZWL010000001	989936	991123	1	1053
JAVZWL010000001	991236	991562	1	1054
JAVZWL010000001	991559	992305	1	1055
JAVZWL010000001	992314	992850	1	1056
JAVZWL010000001	992861	993382	-1	1057
JAVZWL010000001	993523	995367	1	1058
JAVZWL010000001	995434	997152	1	1059
JAVZWL010000001	997142	998407	-1	1060
JAVZWL010000001	998407	998922	-1	1061
JAVZWL010000001	998960	999496	-1	1062
JAVZWL010000001	999493	1000812	-1	1063
JAVZWL010000001	1000827	1001516	-1	1064
JAVZWL010000001	1001610	1002035	1	1065
JAVZWL010000001	1002032	1002442	1	1066
JAVZWL010000001	1002429	1003991	-1	1067
JAVZWL010000001	1004053	1004559	1	1068
JAVZWL010000001	1004531	1005043	-1	1069
JAVZWL010000001	1005108	1005530	-1	1070
JAVZWL010000001	1005620	1007281	1	1071
JAVZWL010000001	1007278	1007817	-1	1072
JAVZWL010000001	1007810	1008901	-1	1073
JAVZWL010000001	1008941	1009045	1	1074
JAVZWL010000001	1009050	1010600	1	1075
JAVZWL010000001	1010649	1012448	1	1076
JAVZWL010000001	1012387	1013178	-1	1077
JAVZWL010000001	1013175	1014146	-1	1078
JAVZWL010000001	1014275	1015813	1	1079
JAVZWL010000001	1015794	1016189	1	1080
JAVZWL010000001	1016191	1016607	-1	1081
JAVZWL010000001	1016604	1017089	-1	1082
JAVZWL010000001	1017122	1017550	1	1083
JAVZWL010000001	1017547	1017963	1	1084
JAVZWL010000001	1017947	1018165	1	1085
JAVZWL010000001	1018213	1018767	1	1086
JAVZWL010000001	1018806	1019939	1	1087
JAVZWL010000001	1019954	1020562	1	1088
JAVZWL010000001	1020566	1020742	-1	1089
JAVZWL010000001	1020919	1021179	1	1090
JAVZWL010000001	1021344	1021574	-1	1091
JAVZWL010000001	1021611	1022786	-1	1092
JAVZWL010000001	1022786	1023517	-1	1093
JAVZWL010000001	1023570	1024238	1	1094
JAVZWL010000001	1024189	1024920	1	1095
JAVZWL010000001	1024899	1025699	-1	1096
JAVZWL010000001	1025654	1026397	-1	1097
JAVZWL010000001	1026450	1028708	1	1098
JAVZWL010000001	1028711	1029268	1	1099
JAVZWL010000001	1029213	1029725	-1	1100
JAVZWL010000001	1029731	1030567	-1	1101
JAVZWL010000001	1030763	1031488	-1	1102
JAVZWL010000001	1031549	1032139	-1	1103
JAVZWL010000001	1032146	1032388	-1	1104
JAVZWL010000001	1032398	1033216	-1	1105
JAVZWL010000001	1033248	1034471	1	1106
JAVZWL010000001	1034434	1035204	1	1107
JAVZWL010000001	1035205	1035429	-1	1108
JAVZWL010000001	1035482	1036798	1	1109
JAVZWL010000001	1036762	1037772	1	1110
JAVZWL010000001	1037753	1038757	-1	1111
JAVZWL010000001	1038770	1039207	1	1112
JAVZWL010000001	1039187	1040236	-1	1113
JAVZWL010000001	1040233	1041042	-1	1114
JAVZWL010000001	1041269	1042627	1	1115
JAVZWL010000001	1042613	1043083	-1	1116
JAVZWL010000001	1043156	1043737	-1	1117
JAVZWL010000001	1043936	1044811	1	1118
JAVZWL010000001	1044864	1047491	1	1119
JAVZWL010000001	1047527	1047670	1	1120
JAVZWL010000001	1047655	1048377	1	1121
JAVZWL010000001	1048374	1048787	1	1122
JAVZWL010000001	1048784	1049212	-1	1123
JAVZWL010000001	1049250	1050554	-1	1124
JAVZWL010000001	1050643	1051035	1	1125
JAVZWL010000001	1051065	1051544	1	1126
JAVZWL010000001	1051586	1052320	1	1127
JAVZWL010000001	1052298	1053227	-1	1128
JAVZWL010000001	1053289	1054620	1	1129
JAVZWL010000001	1054607	1056052	1	1130
JAVZWL010000001	1056058	1056672	1	1131
JAVZWL010000001	1056716	1057591	1	1132
JAVZWL010000001	1057833	1058021	1	1133
JAVZWL010000001	1058166	1058519	1	1134
JAVZWL010000001	1058559	1058918	1	1135
JAVZWL010000001	1058921	1059985	-1	1136
JAVZWL010000001	1060293	1062629	1	1137
JAVZWL010000001	1062604	1063305	-1	1138
JAVZWL010000001	1063320	1066136	-1	1139
JAVZWL010000001	1066192	1067253	-1	1140
JAVZWL010000001	1067421	1067660	1	1141
JAVZWL010000001	1067664	1069304	-1	1142
JAVZWL010000001	1069427	1071352	-1	1143
JAVZWL010000001	1071535	1072260	1	1144
JAVZWL010000001	1072260	1073255	1	1145
JAVZWL010000001	1073238	1074002	-1	1146
JAVZWL010000001	1074270	1074734	1	1147
JAVZWL010000001	1074713	1075252	-1	1148
JAVZWL010000001	1075292	1075537	1	1149
JAVZWL010000001	1075555	1075659	-1	1150
JAVZWL010000001	1075629	1075982	-1	1151
JAVZWL010000001	1076048	1076479	-1	1152
JAVZWL010000001	1076610	1077332	-1	1153
JAVZWL010000001	1077354	1077854	-1	1154
JAVZWL010000001	1077911	1078978	1	1155
JAVZWL010000001	1079147	1079722	-1	1156
JAVZWL010000001	1079715	1080377	-1	1157
JAVZWL010000001	1080509	1080991	1	1158
JAVZWL010000001	1080947	1082005	-1	1159
JAVZWL010000001	1081957	1083339	-1	1160
JAVZWL010000001	1083375	1084385	1	1161
JAVZWL010000001	1084482	1085414	1	1162
JAVZWL010000001	1085381	1085659	-1	1163
JAVZWL010000001	1085855	1086709	1	1164
JAVZWL010000001	1086709	1087092	1	1165
JAVZWL010000001	1087066	1088448	-1	1166
JAVZWL010000001	1088583	1090805	-1	1167
JAVZWL010000001	1090840	1091046	1	1168
JAVZWL010000001	1091105	1092937	1	1169
JAVZWL010000001	1092938	1093480	-1	1170
JAVZWL010000001	1093521	1094174	1	1171
JAVZWL010000001	1094068	1094883	-1	1172
JAVZWL010000001	1094917	1095897	1	1173
JAVZWL010000001	1096085	1096303	-1	1174
JAVZWL010000001	1096579	1097226	1	1175
JAVZWL010000001	1097323	1097784	1	1176
JAVZWL010000001	1097806	1098408	1	1177
JAVZWL010000001	1098465	1099652	1	1178
JAVZWL010000001	1099653	1100699	-1	1179
JAVZWL010000001	1100748	1101875	1	1180
JAVZWL010000001	1101872	1102594	1	1181
JAVZWL010000001	1102820	1103488	-1	1182
JAVZWL010000001	1103716	1104303	-1	1183
JAVZWL010000001	1104481	1105272	1	1184
JAVZWL010000001	1105264	1107360	-1	1185
JAVZWL010000001	1107363	1107848	-1	1186
JAVZWL010000001	1108068	1109957	1	1187
JAVZWL010000001	1109944	1110867	1	1188
JAVZWL010000001	1111132	1111611	1	1189
JAVZWL010000001	1111637	1112596	1	1190
JAVZWL010000001	1112652	1113557	1	1191
JAVZWL010000001	1113557	1114393	1	1192
JAVZWL010000001	1114487	1115263	-1	1193
JAVZWL010000001	1115333	1116340	-1	1194
JAVZWL010000001	1116958	1117683	1	1195
JAVZWL010000001	1117783	1118523	1	1196
JAVZWL010000001	1118520	1119272	1	1197
JAVZWL010000001	1119442	1119981	-1	1198
JAVZWL010000001	1120060	1121262	-1	1199
JAVZWL010000001	1121467	1122591	1	1200
JAVZWL010000001	1122584	1123270	1	1201
JAVZWL010000001	1123264	1124307	1	1202
JAVZWL010000001	1124304	1125404	1	1203
JAVZWL010000001	1125448	1126305	-1	1204
JAVZWL010000001	1126302	1127462	-1	1205
JAVZWL010000001	1127463	1127729	-1	1206
JAVZWL010000001	1127722	1128264	-1	1207
JAVZWL010000001	1128478	1129047	1	1208
JAVZWL010000001	1129088	1131445	1	1209
JAVZWL010000001	1131520	1132944	1	1210
JAVZWL010000001	1132941	1133882	1	1211
JAVZWL010000001	1134172	1135596	1	1212
JAVZWL010000001	1135768	1136748	1	1213
JAVZWL010000001	1136794	1138440	1	1214
JAVZWL010000001	1138472	1138762	1	1215
JAVZWL010000001	1138764	1139501	-1	1216
JAVZWL010000001	1139473	1140405	-1	1217
JAVZWL010000001	1140532	1141725	1	1218
JAVZWL010000001	1141757	1141984	1	1219
JAVZWL010000001	1141969	1142175	1	1220
JAVZWL010000001	1142160	1142483	1	1221
JAVZWL010000001	1142685	1143860	1	1222
JAVZWL010000001	1143764	1144003	-1	1223
JAVZWL010000001	1144055	1144579	-1	1224
JAVZWL010000001	1144696	1144863	1	1225
JAVZWL010000001	1144853	1147087	1	1226
JAVZWL010000001	1147088	1147423	-1	1227
JAVZWL010000001	1147642	1147785	-1	1228
JAVZWL010000001	1147823	1149013	-1	1229
JAVZWL010000001	1149379	1150128	1	1230
JAVZWL010000001	1150178	1151935	-1	1231
JAVZWL010000001	1152242	1153996	-1	1232
JAVZWL010000001	1154235	1154699	-1	1233
JAVZWL010000001	1154706	1154912	-1	1234
JAVZWL010000001	1155253	1155771	1	1235
JAVZWL010000001	1156223	1156834	1	1236
JAVZWL010000001	1156839	1157081	1	1237
JAVZWL010000001	1157119	1158765	1	1238
JAVZWL010000001	1158743	1159711	1	1239
JAVZWL010000001	1160116	1160322	1	1240
JAVZWL010000001	1160326	1160940	1	1241
JAVZWL010000001	1161039	1161191	1	1242
JAVZWL010000001	1161201	1163072	1	1243
JAVZWL010000001	1163110	1163886	1	1244
JAVZWL010000001	1163990	1164184	-1	1245
JAVZWL010000001	1164190	1164474	-1	1246
JAVZWL010000001	1164467	1166569	-1	1247
JAVZWL010000001	1167022	1168902	1	1248
JAVZWL010000001	1168912	1169892	1	1249
JAVZWL010000001	1169908	1170987	-1	1250
JAVZWL010000001	1171232	1171558	1	1251
JAVZWL010000001	1171583	1172551	-1	1252
JAVZWL010000001	1172592	1173491	-1	1253
JAVZWL010000001	1173623	1174969	-1	1254
JAVZWL010000001	1175133	1176491	1	1255
JAVZWL010000001	1176495	1178030	-1	1256
JAVZWL010000001	1178171	1179580	-1	1257
JAVZWL010000001	1179784	1181433	-1	1258
JAVZWL010000001	1181430	1182380	-1	1259
JAVZWL010000001	1182383	1183831	-1	1260
JAVZWL010000001	1184017	1184406	-1	1261
JAVZWL010000001	1184541	1184849	1	1262
JAVZWL010000001	1185486	1185755	1	1263
JAVZWL010000001	1185960	1187426	1	1264
JAVZWL010000001	1187497	1188681	1	1265
JAVZWL010000001	1188720	1189088	-1	1266
JAVZWL010000001	1189226	1190146	-1	1267
JAVZWL010000001	1190298	1190774	-1	1268
JAVZWL010000001	1191170	1191919	1	1269
JAVZWL010000001	1191967	1192764	1	1270
JAVZWL010000001	1192827	1194026	1	1271
JAVZWL010000001	1194023	1194352	-1	1272
JAVZWL010000001	1194455	1195213	1	1273
JAVZWL010000001	1195215	1195994	-1	1274
JAVZWL010000001	1196147	1196656	-1	1275
JAVZWL010000001	1196625	1197566	-1	1276
JAVZWL010000001	1197563	1198549	-1	1277
JAVZWL010000001	1198551	1199963	-1	1278
JAVZWL010000001	1199960	1200967	-1	1279
JAVZWL010000001	1201302	1202462	1	1280
JAVZWL010000001	1202660	1204960	1	1281
JAVZWL010000001	1204984	1206594	-1	1282
JAVZWL010000001	1206843	1208150	1	1283
JAVZWL010000001	1208221	1209204	-1	1284
JAVZWL010000001	1209354	1209581	1	1285
JAVZWL010000001	1209528	1210661	-1	1286
JAVZWL010000001	1210654	1211997	-1	1287
JAVZWL010000001	1212037	1212897	-1	1288
JAVZWL010000001	1213051	1213992	1	1289
JAVZWL010000001	1214008	1214691	-1	1290
JAVZWL010000001	1214905	1216521	1	1291
JAVZWL010000001	1216564	1217496	-1	1292
JAVZWL010000001	1217651	1218205	-1	1293
JAVZWL010000001	1218292	1218936	-1	1294
JAVZWL010000001	1219089	1219700	1	1295
JAVZWL010000001	1219690	1219983	-1	1296
JAVZWL010000001	1220010	1221368	-1	1297
JAVZWL010000001	1221424	1222035	-1	1298
JAVZWL010000001	1222091	1222684	-1	1299
JAVZWL010000001	1222735	1224486	1	1300
JAVZWL010000001	1224784	1225389	1	1301
JAVZWL010000001	1225397	1225873	-1	1302
JAVZWL010000001	1225919	1227136	-1	1303
JAVZWL010000001	1227488	1228666	1	1304
JAVZWL010000001	1228822	1229475	1	1305
JAVZWL010000001	1229450	1230544	-1	1306
JAVZWL010000001	1230581	1231714	-1	1307
JAVZWL010000001	1231763	1233433	-1	1308
JAVZWL010000001	1233512	1233835	1	1309
JAVZWL010000001	1233832	1234122	-1	1310
JAVZWL010000001	1234221	1234490	1	1311
JAVZWL010000001	1234481	1234897	1	1312
JAVZWL010000001	1235021	1235407	-1	1313
JAVZWL010000001	1235472	1237052	1	1314
JAVZWL010000001	1237187	1238419	1	1315
JAVZWL010000001	1238471	1239754	1	1316
JAVZWL010000001	1239847	1241433	1	1317
JAVZWL010000001	1241467	1243161	1	1318
JAVZWL010000001	1243163	1243597	1	1319
JAVZWL010000001	1243599	1244333	-1	1320
JAVZWL010000001	1244532	1245911	1	1321
JAVZWL010000001	1245912	1247129	1	1322
JAVZWL010000001	1247115	1248722	-1	1323
JAVZWL010000001	1248891	1250099	1	1324
JAVZWL010000001	1250104	1252065	1	1325
JAVZWL010000001	1252065	1253012	1	1326
JAVZWL010000001	1253180	1253713	-1	1327
JAVZWL010000001	1253710	1254900	-1	1328
JAVZWL010000001	1255122	1256873	-1	1329
JAVZWL010000001	1256955	1258604	-1	1330
JAVZWL010000001	1258654	1259451	-1	1331
JAVZWL010000001	1259453	1259770	-1	1332
JAVZWL010000001	1259776	1261365	-1	1333
JAVZWL010000001	1261563	1262126	1	1334
JAVZWL010000001	1262459	1263463	-1	1335
JAVZWL010000001	1263460	1264743	-1	1336
JAVZWL010000001	1264736	1265125	-1	1337
JAVZWL010000001	1265130	1266293	-1	1338
JAVZWL010000001	1266539	1267291	1	1339
JAVZWL010000001	1267293	1268048	1	1340
JAVZWL010000001	1268136	1269143	1	1341
JAVZWL010000001	1269216	1269857	1	1342
JAVZWL010000001	1270023	1270838	-1	1343
JAVZWL010000001	1270987	1271514	1	1344
JAVZWL010000001	1271506	1272483	-1	1345
JAVZWL010000001	1272670	1273038	1	1346
JAVZWL010000001	1273013	1273342	1	1347
JAVZWL010000001	1273425	1274645	1	1348
JAVZWL010000001	1274655	1275572	1	1349
JAVZWL010000001	1275553	1276092	1	1350
JAVZWL010000001	1276172	1276426	1	1351
JAVZWL010000001	1276444	1277676	1	1352
JAVZWL010000001	1277686	1277985	1	1353
JAVZWL010000001	1277982	1278344	1	1354
JAVZWL010000001	1278362	1278685	1	1355
JAVZWL010000001	1278700	1278966	1	1356
JAVZWL010000001	1279229	1279633	1	1357
JAVZWL010000001	1279630	1281198	-1	1358
JAVZWL010000001	1281303	1281971	1	1359
JAVZWL010000001	1282121	1282558	-1	1360
JAVZWL010000001	1282614	1283114	-1	1361
JAVZWL010000001	1283120	1283668	-1	1362
JAVZWL010000001	1283890	1284492	1	1363
JAVZWL010000001	1284493	1286088	-1	1364
JAVZWL010000001	1286520	1286792	1	1365
JAVZWL010000001	1286824	1287291	-1	1366
JAVZWL010000001	1287382	1288758	-1	1367
JAVZWL010000001	1288960	1290726	-1	1368
JAVZWL010000001	1290871	1291674	1	1369
JAVZWL010000001	1291675	1292427	-1	1370
JAVZWL010000001	1292533	1292781	1	1371
JAVZWL010000001	1292778	1293932	1	1372
JAVZWL010000001	1293939	1294316	1	1373
JAVZWL010000001	1294321	1295223	1	1374
JAVZWL010000001	1295678	1296499	1	1375
JAVZWL010000001	1296496	1297218	1	1376
JAVZWL010000001	1297219	1297755	-1	1377
JAVZWL010000001	1297839	1298234	-1	1378
JAVZWL010000001	1298277	1299272	-1	1379
JAVZWL010000001	1299286	1299402	-1	1380
JAVZWL010000001	1299485	1300231	1	1381
JAVZWL010000001	1300250	1301698	-1	1382
JAVZWL010000001	1301746	1303086	-1	1383
JAVZWL010000001	1303087	1303359	-1	1384
JAVZWL010000001	1303639	1304214	1	1385
JAVZWL010000001	1304220	1304828	-1	1386
JAVZWL010000001	1304915	1305145	1	1387
JAVZWL010000001	1305142	1305540	1	1388
JAVZWL010000001	1305655	1306476	1	1389
JAVZWL010000001	1306468	1307187	-1	1390
JAVZWL010000001	1307184	1308368	-1	1391
JAVZWL010000001	1308420	1308683	-1	1392
JAVZWL010000001	1308684	1309889	-1	1393
JAVZWL010000001	1309886	1310749	-1	1394
JAVZWL010000001	1310746	1311468	-1	1395
JAVZWL010000001	1311719	1313746	1	1396
JAVZWL010000001	1313782	1316274	-1	1397
JAVZWL010000001	1316401	1316904	-1	1398
JAVZWL010000001	1317066	1317344	1	1399
JAVZWL010000001	1317625	1318167	1	1400
JAVZWL010000001	1318184	1318744	-1	1401
JAVZWL010000001	1318749	1321154	-1	1402
JAVZWL010000001	1321635	1322222	1	1403
JAVZWL010000001	1322329	1323066	1	1404
JAVZWL010000001	1323048	1324598	1	1405
JAVZWL010000001	1324595	1325038	1	1406
JAVZWL010000001	1325043	1325477	1	1407
JAVZWL010000001	1325482	1326240	1	1408
JAVZWL010000001	1326286	1326489	-1	1409
JAVZWL010000001	1326698	1326934	-1	1410
JAVZWL010000001	1327296	1328156	-1	1411
JAVZWL010000001	1328414	1328626	1	1412
JAVZWL010000001	1328762	1329121	1	1413
JAVZWL010000001	1329455	1331257	-1	1414
JAVZWL010000001	1331321	1332745	-1	1415
JAVZWL010000001	1333088	1333345	-1	1416
JAVZWL010000001	1333342	1334442	-1	1417
JAVZWL010000001	1334479	1335285	-1	1418
JAVZWL010000001	1335332	1336528	-1	1419
JAVZWL010000001	1336525	1336782	-1	1420
JAVZWL010000001	1336772	1337335	-1	1421
JAVZWL010000001	1337385	1338599	-1	1422
JAVZWL010000001	1338659	1338898	1	1423
JAVZWL010000001	1338931	1339794	-1	1424
JAVZWL010000001	1340008	1340412	-1	1425
JAVZWL010000001	1340378	1340656	-1	1426
JAVZWL010000001	1340976	1341533	1	1427
JAVZWL010000001	1341548	1343854	-1	1428
JAVZWL010000001	1344078	1344920	1	1429
JAVZWL010000001	1344910	1345398	1	1430
JAVZWL010000001	1345395	1347626	1	1431
JAVZWL010000001	1347921	1348124	1	1432
JAVZWL010000001	1348214	1348645	1	1433
JAVZWL010000001	1348776	1349846	1	1434
JAVZWL010000001	1349881	1350387	1	1435
JAVZWL010000001	1350497	1351516	1	1436
JAVZWL010000001	1351497	1352048	-1	1437
JAVZWL010000001	1352054	1353742	-1	1438
JAVZWL010000001	1353743	1355365	-1	1439
JAVZWL010000001	1355396	1355929	-1	1440
JAVZWL010000001	1356096	1357181	1	1441
JAVZWL010000001	1357191	1357298	1	1442
JAVZWL010000001	1357274	1357489	1	1443
JAVZWL010000001	1357501	1357980	1	1444
JAVZWL010000001	1358024	1358425	1	1445
JAVZWL010000001	1358532	1358834	1	1446
JAVZWL010000001	1358831	1359286	1	1447
JAVZWL010000001	1359283	1359840	-1	1448
JAVZWL010000001	1359892	1361028	-1	1449
JAVZWL010000001	1361030	1361455	-1	1450
JAVZWL010000001	1361489	1362313	-1	1451
JAVZWL010000001	1362300	1363586	-1	1452
JAVZWL010000001	1363667	1365922	-1	1453
JAVZWL010000001	1365919	1367115	-1	1454
JAVZWL010000001	1367125	1368378	-1	1455
JAVZWL010000001	1368709	1369872	1	1456
JAVZWL010000001	1370155	1370505	-1	1457
JAVZWL010000001	1370598	1371668	1	1458
JAVZWL010000001	1371770	1372888	1	1459
JAVZWL010000001	1372885	1374060	1	1460
JAVZWL010000001	1374070	1374567	1	1461
JAVZWL010000001	1374568	1374993	1	1462
JAVZWL010000001	1374990	1376816	1	1463
JAVZWL010000001	1376824	1377030	-1	1464
JAVZWL010000001	1377096	1377431	1	1465
JAVZWL010000001	1377428	1377856	-1	1466
JAVZWL010000001	1377967	1378365	-1	1467
JAVZWL010000001	1378496	1379032	-1	1468
JAVZWL010000001	1379032	1379436	-1	1469
JAVZWL010000001	1379498	1379848	-1	1470
JAVZWL010000001	1379934	1380302	-1	1471
JAVZWL010000001	1380372	1381556	-1	1472
JAVZWL010000001	1381633	1383813	-1	1473
JAVZWL010000001	1383797	1384744	-1	1474
JAVZWL010000001	1384938	1386125	1	1475
JAVZWL010000001	1386161	1387480	1	1476
JAVZWL010000001	1387545	1387937	1	1477
JAVZWL010000001	1387975	1388928	1	1478
JAVZWL010000001	1388925	1389692	1	1479
JAVZWL010000001	1389698	1391098	-1	1480
JAVZWL010000001	1391288	1391608	-1	1481
JAVZWL010000001	1391735	1392322	1	1482
JAVZWL010000001	1392358	1392537	-1	1483
JAVZWL010000001	1392630	1393406	1	1484
JAVZWL010000001	1393433	1395721	-1	1485
JAVZWL010000001	1395726	1395935	-1	1486
JAVZWL010000001	1395961	1396320	-1	1487
JAVZWL010000001	1396363	1397790	1	1488
JAVZWL010000001	1397890	1398849	1	1489
JAVZWL010000001	1398911	1400065	1	1490
JAVZWL010000001	1400227	1400982	1	1491
JAVZWL010000001	1401096	1401482	1	1492
JAVZWL010000001	1401543	1403060	1	1493
JAVZWL010000001	1403353	1404168	1	1494
JAVZWL010000001	1404512	1405096	1	1495
JAVZWL010000001	1405470	1405697	-1	1496
JAVZWL010000001	1405748	1406524	-1	1497
JAVZWL010000001	1406655	1407512	1	1498
JAVZWL010000001	1407509	1409317	1	1499
JAVZWL010000001	1409304	1410521	-1	1500
JAVZWL010000001	1410555	1410818	-1	1501
JAVZWL010000001	1410895	1411227	1	1502
JAVZWL010000001	1411189	1412784	-1	1503
JAVZWL010000001	1412877	1413560	1	1504
JAVZWL010000001	1413565	1414044	1	1505
JAVZWL010000001	1414200	1414619	-1	1506
JAVZWL010000001	1414692	1415078	-1	1507
JAVZWL010000001	1415080	1416438	-1	1508
JAVZWL010000001	1416572	1417669	-1	1509
JAVZWL010000001	1417675	1419054	-1	1510
JAVZWL010000001	1419038	1420627	-1	1511
JAVZWL010000001	1420640	1420903	-1	1512
JAVZWL010000001	1420896	1421570	-1	1513
JAVZWL010000001	1421551	1422423	-1	1514
JAVZWL010000001	1422420	1423697	-1	1515
JAVZWL010000001	1423670	1424530	-1	1516
JAVZWL010000001	1424592	1425866	-1	1517
JAVZWL010000001	1425850	1426461	-1	1518
JAVZWL010000001	1426558	1427460	-1	1519
JAVZWL010000001	1427604	1427834	-1	1520
JAVZWL010000001	1427841	1430087	-1	1521
JAVZWL010000001	1430204	1430479	-1	1522
JAVZWL010000001	1430489	1430686	-1	1523
JAVZWL010000001	1430829	1431182	1	1524
JAVZWL010000001	1431185	1432276	1	1525
JAVZWL010000001	1432277	1433566	-1	1526
JAVZWL010000001	1433566	1434072	-1	1527
JAVZWL010000001	1434143	1434313	1	1528
JAVZWL010000001	1434300	1434863	-1	1529
JAVZWL010000001	1435080	1436705	1	1530
JAVZWL010000001	1436712	1437821	-1	1531
JAVZWL010000001	1437821	1439224	-1	1532
JAVZWL010000001	1439242	1439982	1	1533
JAVZWL010000001	1439949	1440857	1	1534
JAVZWL010000001	1440786	1441802	-1	1535
JAVZWL010000001	1441895	1442455	1	1536
JAVZWL010000001	1442481	1444619	1	1537
JAVZWL010000001	1444621	1445088	1	1538
JAVZWL010000001	1445162	1445476	-1	1539
JAVZWL010000001	1445541	1446479	1	1540
JAVZWL010000001	1446464	1447594	1	1541
JAVZWL010000001	1447591	1448646	-1	1542
JAVZWL010000001	1448704	1449534	-1	1543
JAVZWL010000001	1449683	1450387	-1	1544
JAVZWL010000001	1450380	1451066	-1	1545
JAVZWL010000001	1451115	1451990	-1	1546
JAVZWL010000001	1451987	1453198	-1	1547
JAVZWL010000001	1453345	1454532	-1	1548
JAVZWL010000001	1454634	1454882	-1	1549
JAVZWL010000001	1454900	1455094	-1	1550
JAVZWL010000001	1455234	1455563	-1	1551
JAVZWL010000001	1455676	1456290	-1	1552
JAVZWL010000001	1456308	1457411	-1	1553
JAVZWL010000001	1457372	1457956	-1	1554
JAVZWL010000001	1457953	1458477	-1	1555
JAVZWL010000001	1459033	1459287	1	1556
JAVZWL010000001	1459256	1459702	1	1557
JAVZWL010000001	1460118	1460339	-1	1558
JAVZWL010000001	1460326	1461246	-1	1559
JAVZWL010000001	1461346	1461639	-1	1560
JAVZWL010000001	1461636	1462022	-1	1561
JAVZWL010000001	1462061	1462828	-1	1562
JAVZWL010000001	1462813	1463850	-1	1563
JAVZWL010000001	1463801	1464961	-1	1564
JAVZWL010000001	1464958	1465809	-1	1565
JAVZWL010000001	1465806	1465994	-1	1566
JAVZWL010000001	1466042	1466467	-1	1567
JAVZWL010000001	1466464	1467252	-1	1568
JAVZWL010000001	1467255	1468304	-1	1569
JAVZWL010000001	1468325	1468783	1	1570
JAVZWL010000001	1468757	1470532	-1	1571
JAVZWL010000001	1470670	1470978	1	1572
JAVZWL010000001	1471010	1471882	1	1573
JAVZWL010000001	1471848	1472669	-1	1574
JAVZWL010000001	1472623	1472904	-1	1575
JAVZWL010000001	1473056	1474831	-1	1576
JAVZWL010000001	1474880	1475128	1	1577
JAVZWL010000001	1475134	1475634	1	1578
JAVZWL010000001	1475621	1476235	1	1579
JAVZWL010000001	1476340	1477032	1	1580
JAVZWL010000001	1477086	1477742	1	1581
JAVZWL010000001	1477732	1478250	-1	1582
JAVZWL010000001	1478387	1480183	1	1583
JAVZWL010000001	1480206	1481189	1	1584
JAVZWL010000001	1481195	1481698	-1	1585
JAVZWL010000001	1481695	1483227	-1	1586
JAVZWL010000001	1483295	1483573	-1	1587
JAVZWL010000001	1484019	1484519	-1	1588
JAVZWL010000001	1484569	1485798	1	1589
JAVZWL010000001	1485975	1487168	-1	1590
JAVZWL010000001	1487165	1487887	-1	1591
JAVZWL010000001	1487924	1488388	-1	1592
JAVZWL010000001	1488342	1489229	-1	1593
JAVZWL010000001	1489186	1490076	-1	1594
JAVZWL010000001	1490037	1490930	-1	1595
JAVZWL010000001	1491055	1491591	1	1596
JAVZWL010000001	1491904	1492305	-1	1597
JAVZWL010000001	1492530	1492937	-1	1598
JAVZWL010000001	1493207	1493977	-1	1599
JAVZWL010000001	1493987	1494223	-1	1600
JAVZWL010000001	1494242	1494784	-1	1601
JAVZWL010000001	1494781	1495029	-1	1602
JAVZWL010000001	1495037	1495480	-1	1603
JAVZWL010000001	1495482	1496066	-1	1604
JAVZWL010000001	1496069	1497460	-1	1605
JAVZWL010000001	1497477	1497911	-1	1606
JAVZWL010000001	1497913	1498374	-1	1607
JAVZWL010000001	1498382	1499026	-1	1608
JAVZWL010000001	1499026	1499613	-1	1609
JAVZWL010000001	1499620	1500075	-1	1610
JAVZWL010000001	1500078	1500482	-1	1611
JAVZWL010000001	1500482	1501027	-1	1612
JAVZWL010000001	1501037	1501438	-1	1613
JAVZWL010000001	1501619	1502143	-1	1614
JAVZWL010000001	1502145	1502870	-1	1615
JAVZWL010000001	1502867	1503202	-1	1616
JAVZWL010000001	1503212	1503628	-1	1617
JAVZWL010000001	1503635	1503970	-1	1618
JAVZWL010000001	1503975	1504229	-1	1619
JAVZWL010000001	1504216	1504422	-1	1620
JAVZWL010000001	1504403	1505089	-1	1621
JAVZWL010000001	1505129	1505599	-1	1622
JAVZWL010000001	1505605	1506027	-1	1623
JAVZWL010000001	1506060	1506776	-1	1624
JAVZWL010000001	1506786	1507031	-1	1625
JAVZWL010000001	1507028	1507783	-1	1626
JAVZWL010000001	1507825	1508850	-1	1627
JAVZWL010000001	1509005	1509733	-1	1628
JAVZWL010000001	1509734	1512901	-1	1629
JAVZWL010000001	1512934	1513944	-1	1630
JAVZWL010000001	1513957	1514529	-1	1631
JAVZWL010000001	1514564	1515868	1	1632
JAVZWL010000001	1515851	1516576	-1	1633
JAVZWL010000001	1516583	1518754	-1	1634
JAVZWL010000001	1518958	1519650	-1	1635
JAVZWL010000001	1519684	1520070	-1	1636
JAVZWL010000001	1520048	1520290	-1	1637
JAVZWL010000001	1520287	1520688	-1	1638
JAVZWL010000001	1520771	1520989	-1	1639
JAVZWL010000001	1520989	1521831	-1	1640
JAVZWL010000001	1521833	1522579	-1	1641
JAVZWL010000001	1522536	1523279	-1	1642
JAVZWL010000001	1523281	1523979	-1	1643
JAVZWL010000001	1523994	1524716	-1	1644
JAVZWL010000001	1524810	1525235	-1	1645
JAVZWL010000001	1525216	1525761	-1	1646
JAVZWL010000001	1525730	1526173	-1	1647
JAVZWL010000001	1526179	1526829	-1	1648
JAVZWL010000001	1526900	1528102	1	1649
JAVZWL010000001	1528181	1529428	-1	1650
JAVZWL010000001	1529367	1530017	-1	1651
JAVZWL010000001	1530051	1530746	-1	1652
JAVZWL010000001	1530718	1531317	-1	1653
JAVZWL010000001	1531269	1531922	-1	1654
JAVZWL010000001	1531919	1532554	-1	1655
JAVZWL010000001	1532599	1532937	-1	1656
JAVZWL010000001	1532951	1533250	-1	1657
JAVZWL010000001	1533565	1535163	-1	1658
JAVZWL010000001	1535939	1536094	-1	1659
JAVZWL010000001	1536244	1537842	1	1660
JAVZWL010000001	1538766	1539326	-1	1661
JAVZWL010000001	1539314	1540015	-1	1662
JAVZWL010000001	1540080	1540334	-1	1663
JAVZWL010000001	1540335	1540625	-1	1664
JAVZWL010000001	1540667	1543384	-1	1665
JAVZWL010000001	1543424	1545067	1	1666
JAVZWL010000001	1545064	1545372	1	1667
JAVZWL010000001	1545372	1546115	1	1668
JAVZWL010000001	1546087	1547187	-1	1669
JAVZWL010000001	1547166	1547858	-1	1670
JAVZWL010000001	1547864	1548319	-1	1671
JAVZWL010000001	1548300	1548770	-1	1672
JAVZWL010000001	1548767	1549429	-1	1673
JAVZWL010000001	1549467	1549934	-1	1674
JAVZWL010000001	1549978	1550733	1	1675
JAVZWL010000001	1550707	1551927	-1	1676
JAVZWL010000001	1552129	1552437	-1	1677
JAVZWL010000001	1552458	1553765	-1	1678
JAVZWL010000001	1553819	1554403	-1	1679
JAVZWL010000001	1554491	1554955	1	1680
JAVZWL010000001	1554975	1555415	-1	1681
JAVZWL010000001	1555427	1555828	-1	1682
JAVZWL010000001	1555871	1556182	-1	1683
JAVZWL010000001	1556190	1557368	-1	1684
JAVZWL010000001	1557374	1560034	-1	1685
JAVZWL010000001	1560027	1563401	-1	1686
JAVZWL010000001	1563404	1563655	-1	1687
JAVZWL010000001	1563711	1564997	-1	1688
JAVZWL010000001	1565081	1566874	1	1689
JAVZWL010000001	1566864	1567262	-1	1690
JAVZWL010000001	1567288	1567473	-1	1691
JAVZWL010000001	1567547	1567789	1	1692
JAVZWL010000001	1567794	1568441	1	1693
JAVZWL010000001	1568416	1568835	1	1694
JAVZWL010000001	1568822	1570249	1	1695
JAVZWL010000001	1570328	1571035	1	1696
JAVZWL010000001	1571032	1571556	1	1697
JAVZWL010000001	1571724	1572344	1	1698
JAVZWL010000001	1572367	1574112	-1	1699
JAVZWL010000001	1574180	1575121	-1	1700
JAVZWL010000001	1575245	1576615	-1	1701
JAVZWL010000001	1576672	1577670	1	1702
JAVZWL010000001	1577667	1578710	1	1703
JAVZWL010000001	1578846	1579859	1	1704
JAVZWL010000001	1579861	1581267	1	1705
JAVZWL010000001	1581313	1582278	1	1706
JAVZWL010000001	1582271	1582891	-1	1707
JAVZWL010000001	1583138	1584346	-1	1708
JAVZWL010000001	1584373	1584882	-1	1709
JAVZWL010000001	1584917	1585891	-1	1710
JAVZWL010000001	1585958	1586410	-1	1711
JAVZWL010000001	1586407	1587417	-1	1712
JAVZWL010000001	1587418	1587966	1	1713
JAVZWL010000001	1587947	1588750	1	1714
JAVZWL010000001	1588777	1589226	1	1715
JAVZWL010000001	1589223	1590158	1	1716
JAVZWL010000001	1590179	1590661	-1	1717
JAVZWL010000001	1590675	1591865	-1	1718
JAVZWL010000001	1592517	1593746	-1	1719
JAVZWL010000001	1593743	1593991	-1	1720
JAVZWL010000001	1594047	1594556	1	1721
JAVZWL010000001	1594840	1595364	-1	1722
JAVZWL010000001	1595405	1595578	-1	1723
JAVZWL010000001	1595578	1596336	-1	1724
JAVZWL010000001	1596290	1596625	-1	1725
JAVZWL010000001	1596615	1596779	-1	1726
JAVZWL010000001	1596776	1597141	-1	1727
JAVZWL010000001	1597098	1597781	-1	1728
JAVZWL010000001	1598753	1598890	1	1729
JAVZWL010000001	1598916	1599290	1	1730
JAVZWL010000001	1599271	1601697	1	1731
JAVZWL010000001	1601729	1602745	-1	1732
JAVZWL010000001	1603412	1603549	1	1733
JAVZWL010000001	1603575	1603949	1	1734
JAVZWL010000001	1603930	1606356	1	1735
JAVZWL010000001	1606388	1606945	-1	1736
JAVZWL010000001	1607546	1607989	-1	1737
JAVZWL010000001	1607989	1608930	-1	1738
JAVZWL010000001	1608917	1609447	-1	1739
JAVZWL010000001	1609431	1609955	-1	1740
JAVZWL010000001	1609967	1611019	-1	1741
JAVZWL010000001	1611016	1611513	-1	1742
JAVZWL010000001	1611575	1612750	1	1743
JAVZWL010000001	1612747	1613265	1	1744
JAVZWL010000001	1613247	1613972	1	1745
JAVZWL010000001	1613940	1615436	-1	1746
JAVZWL010000001	1615433	1615876	-1	1747
JAVZWL010000001	1615952	1616302	1	1748
JAVZWL010000001	1616304	1617353	1	1749
JAVZWL010000001	1617354	1617944	-1	1750
JAVZWL010000001	1618140	1619432	-1	1751
JAVZWL010000001	1619439	1619813	-1	1752
JAVZWL010000001	1619919	1620506	1	1753
JAVZWL010000001	1620767	1622428	1	1754
JAVZWL010000001	1622446	1624047	-1	1755
JAVZWL010000001	1624078	1624446	-1	1756
JAVZWL010000001	1624448	1624693	-1	1757
JAVZWL010000001	1624695	1624937	-1	1758
JAVZWL010000001	1624966	1626117	-1	1759
JAVZWL010000001	1626218	1628020	-1	1760
JAVZWL010000001	1628316	1629605	-1	1761
JAVZWL010000001	1630063	1630761	1	1762
JAVZWL010000001	1630751	1631806	-1	1763
JAVZWL010000001	1631880	1633808	1	1764
JAVZWL010000001	1634321	1635232	-1	1765
JAVZWL010000001	1635427	1635654	-1	1766
JAVZWL010000001	1635995	1636732	1	1767
JAVZWL010000001	1636729	1637691	1	1768
JAVZWL010000001	1637688	1638683	1	1769
JAVZWL010000001	1638701	1639159	1	1770
JAVZWL010000001	1639165	1639611	-1	1771
JAVZWL010000001	1639589	1639993	-1	1772
JAVZWL010000001	1640014	1640688	1	1773
JAVZWL010000001	1640693	1641940	1	1774
JAVZWL010000001	1641904	1642341	1	1775
JAVZWL010000001	1642354	1642884	1	1776
JAVZWL010000001	1642886	1643083	1	1777
JAVZWL010000001	1643056	1643577	1	1778
JAVZWL010000001	1643627	1644868	-1	1779
JAVZWL010000001	1644865	1647147	-1	1780
JAVZWL010000001	1647177	1650839	1	1781
JAVZWL010000001	1650847	1651722	1	1782
JAVZWL010000001	1651707	1652030	-1	1783
JAVZWL010000001	1652080	1652826	1	1784
JAVZWL010000001	1652863	1653009	1	1785
JAVZWL010000001	1653098	1653883	1	1786
JAVZWL010000001	1653890	1654222	1	1787
JAVZWL010000001	1654219	1655190	1	1788
JAVZWL010000001	1655158	1655499	-1	1789
JAVZWL010000001	1655558	1656526	1	1790
JAVZWL010000001	1656584	1657144	-1	1791
JAVZWL010000001	1657110	1657757	-1	1792
JAVZWL010000001	1657745	1658740	-1	1793
JAVZWL010000001	1658737	1658931	-1	1794
JAVZWL010000001	1658915	1659256	-1	1795
JAVZWL010000001	1659263	1660078	-1	1796
JAVZWL010000001	1660308	1660916	1	1797
JAVZWL010000001	1660909	1661319	-1	1798
JAVZWL010000001	1661360	1661908	-1	1799
JAVZWL010000001	1661908	1662543	-1	1800
JAVZWL010000001	1662567	1662968	-1	1801
JAVZWL010000001	1662968	1663318	-1	1802
JAVZWL010000001	1663315	1665030	-1	1803
JAVZWL010000001	1665083	1665964	1	1804
JAVZWL010000001	1665951	1666100	-1	1805
JAVZWL010000001	1666192	1666491	1	1806
JAVZWL010000001	1666523	1667566	-1	1807
JAVZWL010000001	1667594	1667854	-1	1808
JAVZWL010000001	1667914	1668789	1	1809
JAVZWL010000001	1668790	1670040	-1	1810
JAVZWL010000001	1670037	1671398	-1	1811
JAVZWL010000001	1671398	1672294	-1	1812
JAVZWL010000001	1672305	1673348	-1	1813
JAVZWL010000001	1673408	1676026	-1	1814
JAVZWL010000001	1676555	1677133	1	1815
JAVZWL010000001	1677133	1678104	1	1816
JAVZWL010000001	1678106	1678813	-1	1817
JAVZWL010000001	1678816	1679076	-1	1818
JAVZWL010000001	1679314	1679949	1	1819
JAVZWL010000001	1679997	1681142	1	1820
JAVZWL010000001	1681143	1681562	-1	1821
JAVZWL010000001	1681684	1682253	1	1822
JAVZWL010000001	1682234	1682581	-1	1823
JAVZWL010000001	1682775	1682990	1	1824
JAVZWL010000001	1682960	1683868	-1	1825
JAVZWL010000001	1683895	1684440	-1	1826
JAVZWL010000001	1684437	1684607	-1	1827
JAVZWL010000001	1684604	1685155	-1	1828
JAVZWL010000001	1685159	1685770	-1	1829
JAVZWL010000001	1685793	1686392	-1	1830
JAVZWL010000001	1686410	1686571	-1	1831
JAVZWL010000001	1686665	1689142	1	1832
JAVZWL010000001	1689117	1689944	-1	1833
JAVZWL010000001	1689997	1690731	1	1834
JAVZWL010000001	1690713	1692461	1	1835
JAVZWL010000001	1692451	1693044	1	1836
JAVZWL010000001	1693836	1694948	1	1837
JAVZWL010000001	1695622	1697103	1	1838
JAVZWL010000001	1697090	1698154	-1	1839
JAVZWL010000001	1698192	1698863	1	1840
JAVZWL010000001	1698838	1699368	1	1841
JAVZWL010000001	1699340	1700371	1	1842
JAVZWL010000001	1700339	1701364	-1	1843
JAVZWL010000001	1701383	1701847	1	1844
JAVZWL010000001	1701899	1704250	1	1845
JAVZWL010000001	1704237	1705478	-1	1846
JAVZWL010000001	1705475	1706551	-1	1847
JAVZWL010000001	1706597	1706911	-1	1848
JAVZWL010000001	1706951	1707355	-1	1849
JAVZWL010000001	1707397	1708674	1	1850
JAVZWL010000001	1708692	1709189	1	1851
JAVZWL010000001	1709199	1709741	1	1852
JAVZWL010000001	1709719	1710117	1	1853
JAVZWL010000001	1710071	1710907	1	1854
JAVZWL010000001	1710904	1711257	1	1855
JAVZWL010000001	1711254	1711697	1	1856
JAVZWL010000001	1711687	1712100	1	1857
JAVZWL010000001	1712105	1712305	1	1858
JAVZWL010000001	1712316	1712993	1	1859
JAVZWL010000001	1712990	1713838	1	1860
JAVZWL010000001	1713816	1714466	1	1861
JAVZWL010000001	1714564	1715109	1	1862
JAVZWL010000001	1715106	1716206	1	1863
JAVZWL010000001	1716206	1717189	1	1864
JAVZWL010000001	1717190	1718152	1	1865
JAVZWL010000001	1718231	1719595	-1	1866
JAVZWL010000001	1720237	1720614	-1	1867
JAVZWL010000001	1720677	1722377	-1	1868
JAVZWL010000001	1722377	1723045	-1	1869
JAVZWL010000001	1723042	1724208	-1	1870
JAVZWL010000001	1724392	1724586	-1	1871
JAVZWL010000001	1724593	1725738	-1	1872
JAVZWL010000001	1725798	1726691	-1	1873
JAVZWL010000001	1726744	1727424	1	1874
JAVZWL010000001	1727429	1728826	1	1875
JAVZWL010000001	1728826	1730448	1	1876
JAVZWL010000001	1730449	1731198	1	1877
JAVZWL010000001	1731175	1731978	-1	1878
JAVZWL010000001	1732011	1733216	1	1879
JAVZWL010000001	1733211	1734050	-1	1880
JAVZWL010000001	1734104	1734460	1	1881
JAVZWL010000001	1734437	1734823	-1	1882
JAVZWL010000001	1734861	1735589	1	1883
JAVZWL010000001	1735624	1736526	1	1884
JAVZWL010000001	1736514	1736846	1	1885
JAVZWL010000001	1736760	1739381	-1	1886
JAVZWL010000001	1739421	1740809	-1	1887
JAVZWL010000001	1740806	1741387	-1	1888
JAVZWL010000001	1741329	1742021	-1	1889
JAVZWL010000001	1742086	1742349	1	1890
JAVZWL010000001	1742331	1742876	-1	1891
JAVZWL010000001	1742879	1743274	-1	1892
JAVZWL010000001	1743712	1745253	-1	1893
JAVZWL010000001	1745276	1746706	-1	1894
JAVZWL010000001	1746721	1748697	-1	1895
JAVZWL010000001	1748714	1749358	-1	1896
JAVZWL010000001	1749321	1750385	-1	1897
JAVZWL010000001	1750471	1751562	-1	1898
JAVZWL010000001	1751555	1752172	-1	1899
JAVZWL010000001	1752175	1752327	1	1900
JAVZWL010000001	1752317	1752949	-1	1901
JAVZWL010000001	1752988	1753878	1	1902
JAVZWL010000001	1754040	1754945	-1	1903
JAVZWL010000001	1754948	1756519	-1	1904
JAVZWL010000001	1756581	1757081	1	1905
JAVZWL010000001	1757050	1757886	-1	1906
JAVZWL010000001	1757874	1758518	-1	1907
JAVZWL010000001	1758515	1759432	-1	1908
JAVZWL010000001	1759469	1760140	-1	1909
JAVZWL010000001	1760303	1763761	1	1910
JAVZWL010000001	1763758	1765560	1	1911
JAVZWL010000001	1765611	1766747	1	1912
JAVZWL010000001	1766730	1767947	-1	1913
JAVZWL010000001	1768005	1769117	1	1914
JAVZWL010000001	1769094	1769990	-1	1915
JAVZWL010000001	1770016	1770414	-1	1916
JAVZWL010000001	1770421	1772223	-1	1917
JAVZWL010000001	1772220	1773314	-1	1918
JAVZWL010000001	1773361	1774665	-1	1919
JAVZWL010000001	1774718	1775155	1	1920
JAVZWL010000001	1775148	1776089	1	1921
JAVZWL010000001	1776096	1777493	1	1922
JAVZWL010000001	1777474	1777899	-1	1923
JAVZWL010000001	1777950	1779215	1	1924
JAVZWL010000002	2	109	1	1
JAVZWL010000002	205	768	1	2
JAVZWL010000002	765	2354	1	3
JAVZWL010000002	2351	3925	1	4
JAVZWL010000002	3934	4368	1	5
JAVZWL010000002	4314	4445	-1	6
JAVZWL010000002	4469	4855	1	7
JAVZWL010000002	4933	5979	1	8
JAVZWL010000002	5993	7075	1	9
JAVZWL010000002	7080	7487	1	10
JAVZWL010000002	7474	8706	1	11
JAVZWL010000002	8730	10025	1	12
JAVZWL010000002	10046	10222	-1	13
JAVZWL010000002	10533	10940	-1	14
JAVZWL010000002	10945	11967	-1	15
JAVZWL010000002	11964	13187	-1	16
JAVZWL010000002	13247	13990	-1	17
JAVZWL010000002	14475	15338	1	18
JAVZWL010000002	15995	16132	-1	19
JAVZWL010000002	16215	17351	-1	20
JAVZWL010000002	17352	18803	-1	21
JAVZWL010000002	18890	19636	-1	22
JAVZWL010000002	19668	20648	-1	23
JAVZWL010000002	20818	21195	-1	24
JAVZWL010000002	21201	21980	-1	25
JAVZWL010000002	21955	22362	-1	26
JAVZWL010000002	22373	23416	-1	27
JAVZWL010000002	23461	24804	1	28
JAVZWL010000002	24805	26304	1	29
JAVZWL010000002	26272	26694	-1	30
JAVZWL010000002	26681	27004	-1	31
JAVZWL010000002	27011	27316	-1	32
JAVZWL010000002	27352	28602	1	33
JAVZWL010000002	28603	28851	-1	34
JAVZWL010000002	29023	29742	1	35
JAVZWL010000002	29761	30573	1	36
JAVZWL010000002	30579	31688	1	37
JAVZWL010000002	31804	32103	-1	38
JAVZWL010000002	32134	33252	-1	39
JAVZWL010000002	33252	34223	-1	40
JAVZWL010000002	34436	34930	-1	41
JAVZWL010000002	34974	35501	-1	42
JAVZWL010000002	35857	36075	1	43
JAVZWL010000002	36072	36368	1	44
JAVZWL010000002	36320	36631	-1	45
JAVZWL010000002	36642	37019	-1	46
JAVZWL010000002	37000	37977	-1	47
JAVZWL010000002	38054	40480	1	48
JAVZWL010000002	40527	41717	-1	49
JAVZWL010000002	41731	42483	-1	50
JAVZWL010000002	42486	43067	-1	51
JAVZWL010000002	43067	44329	-1	52
JAVZWL010000002	44326	44910	-1	53
JAVZWL010000002	44907	45938	-1	54
JAVZWL010000002	45928	46653	-1	55
JAVZWL010000002	46656	47930	-1	56
JAVZWL010000002	47994	48269	-1	57
JAVZWL010000002	48362	49441	1	58
JAVZWL010000002	49668	52007	-1	59
JAVZWL010000002	52118	52783	-1	60
JAVZWL010000002	52865	53137	1	61
JAVZWL010000002	53109	54563	-1	62
JAVZWL010000002	54699	55838	1	63
JAVZWL010000002	55825	57156	1	64
JAVZWL010000002	57144	58190	1	65
JAVZWL010000002	58187	58849	1	66
JAVZWL010000002	58803	60029	1	67
JAVZWL010000002	60023	60949	-1	68
JAVZWL010000002	60979	61602	1	69
JAVZWL010000002	61580	62635	1	70
JAVZWL010000002	62711	63427	1	71
JAVZWL010000002	63615	63917	1	72
JAVZWL010000002	63939	64742	1	73
JAVZWL010000002	64681	65406	-1	74
JAVZWL010000002	65530	67218	1	75
JAVZWL010000002	67222	67575	-1	76
JAVZWL010000002	67904	68206	1	77
JAVZWL010000002	68203	68520	-1	78
JAVZWL010000002	68561	68758	-1	79
JAVZWL010000002	68804	70663	1	80
JAVZWL010000002	71042	73513	1	81
JAVZWL010000002	73640	74026	1	82
JAVZWL010000002	74013	75032	-1	83
JAVZWL010000002	75078	76970	-1	84
JAVZWL010000002	76963	78282	-1	85
JAVZWL010000002	78317	78490	-1	86
JAVZWL010000002	78562	79791	1	87
JAVZWL010000002	79803	80504	1	88
JAVZWL010000002	80509	80922	1	89
JAVZWL010000002	80924	81823	1	90
JAVZWL010000002	81801	82949	1	91
JAVZWL010000002	82930	83031	1	92
JAVZWL010000002	82994	83350	-1	93
JAVZWL010000002	83756	84259	1	94
JAVZWL010000002	84283	84492	1	95
JAVZWL010000002	84493	85569	-1	96
JAVZWL010000002	85514	86422	-1	97
JAVZWL010000002	86894	87172	1	98
JAVZWL010000002	87179	88063	1	99
JAVZWL010000002	88090	88875	-1	100
JAVZWL010000002	88882	89646	1	101
JAVZWL010000002	89634	90284	1	102
JAVZWL010000002	90275	90928	-1	103
JAVZWL010000002	90925	92019	-1	104
JAVZWL010000002	92080	93495	-1	105
JAVZWL010000002	93497	93790	-1	106
JAVZWL010000002	93787	94110	-1	107
JAVZWL010000002	94146	94508	1	108
JAVZWL010000002	94468	96084	1	109
JAVZWL010000002	96060	96524	-1	110
JAVZWL010000002	96716	96997	1	111
JAVZWL010000002	96963	97283	-1	112
JAVZWL010000002	97393	97689	-1	113
JAVZWL010000002	98056	101412	1	114
JAVZWL010000002	101377	101664	-1	115
JAVZWL010000002	101759	104554	-1	116
JAVZWL010000002	104633	104872	1	117
JAVZWL010000002	104975	106417	1	118
JAVZWL010000002	106414	107346	1	119
JAVZWL010000002	107381	108976	1	120
JAVZWL010000002	108973	110133	1	121
JAVZWL010000002	110199	110369	-1	122
JAVZWL010000002	110497	110892	1	123
JAVZWL010000002	110911	112251	1	124
JAVZWL010000002	112217	113296	1	125
JAVZWL010000002	113304	114173	1	126
JAVZWL010000002	114182	115231	1	127
JAVZWL010000002	115289	116086	1	128
JAVZWL010000002	116190	116369	1	129
JAVZWL010000002	116400	117074	1	130
JAVZWL010000002	117077	117349	1	131
JAVZWL010000002	117424	118806	1	132
JAVZWL010000002	119135	119497	-1	133
JAVZWL010000002	119454	119819	-1	134
JAVZWL010000002	120023	120316	1	135
JAVZWL010000002	120301	120849	1	136
JAVZWL010000002	120855	121460	1	137
JAVZWL010000002	122613	122846	1	138
JAVZWL010000002	127651	128418	1	139
JAVZWL010000002	128670	129122	-1	140
JAVZWL010000002	129152	129496	-1	141
JAVZWL010000002	129576	130919	1	142
JAVZWL010000002	131037	131933	1	143
JAVZWL010000002	131983	132735	1	144
JAVZWL010000002	132816	133445	1	145
JAVZWL010000002	133590	135032	1	146
JAVZWL010000002	135099	136043	1	147
JAVZWL010000002	136073	137521	1	148
JAVZWL010000002	137547	138407	1	149
JAVZWL010000002	138749	139480	-1	150
JAVZWL010000002	139486	140172	-1	151
JAVZWL010000002	140251	141354	1	152
JAVZWL010000002	141351	142118	1	153
JAVZWL010000002	142501	142707	1	154
JAVZWL010000002	142667	143317	-1	155
JAVZWL010000002	143272	144510	-1	156
JAVZWL010000002	144523	145065	-1	157
JAVZWL010000002	145129	145632	1	158
JAVZWL010000002	145629	146060	1	159
JAVZWL010000002	146044	146919	-1	160
JAVZWL010000002	146974	147888	-1	161
JAVZWL010000002	147885	148757	-1	162
JAVZWL010000002	148809	149573	1	163
JAVZWL010000002	149620	150354	1	164
JAVZWL010000002	150299	151285	1	165
JAVZWL010000002	151302	151724	1	166
JAVZWL010000002	151934	152143	1	167
JAVZWL010000002	152140	152445	1	168
JAVZWL010000002	152726	155098	1	169
JAVZWL010000002	155165	155668	1	170
JAVZWL010000002	155699	156595	1	171
JAVZWL010000002	156702	157169	-1	172
JAVZWL010000002	157545	157808	-1	173
JAVZWL010000002	158076	158846	-1	174
JAVZWL010000002	158848	159045	-1	175
JAVZWL010000002	159042	159329	-1	176
JAVZWL010000002	159584	161800	1	177
JAVZWL010000002	161904	165989	1	178
JAVZWL010000002	166027	167277	1	179
JAVZWL010000002	167419	168669	1	180
JAVZWL010000002	168786	169694	1	181
JAVZWL010000002	169691	170899	1	182
JAVZWL010000002	170900	171667	1	183
JAVZWL010000002	171967	172152	-1	184
JAVZWL010000002	172470	173405	1	185
JAVZWL010000002	173940	176021	1	186
JAVZWL010000002	176125	177171	-1	187
JAVZWL010000002	177548	177700	1	188
JAVZWL010000002	177746	177952	-1	189
JAVZWL010000002	177942	180752	-1	190
JAVZWL010000002	181032	181769	1	191
JAVZWL010000002	181837	182532	-1	192
JAVZWL010000002	182981	183592	1	193
JAVZWL010000002	183779	185203	1	194
JAVZWL010000002	185547	186776	1	195
JAVZWL010000002	186793	187668	1	196
JAVZWL010000002	187723	188832	1	197
JAVZWL010000002	188961	189194	-1	198
JAVZWL010000002	189379	190824	1	199
JAVZWL010000002	191156	191959	1	200
JAVZWL010000002	191901	192101	1	201
JAVZWL010000002	192218	192337	1	202
JAVZWL010000002	192311	192676	-1	203
JAVZWL010000002	192640	192834	-1	204
JAVZWL010000002	193141	194193	1	205
JAVZWL010000002	195935	196948	-1	206
JAVZWL010000002	197030	197284	-1	207
JAVZWL010000002	197829	199226	-1	208
JAVZWL010000002	199555	199998	1	209
JAVZWL010000002	200553	200948	1	210
JAVZWL010000002	201035	203317	1	211
JAVZWL010000002	203537	204094	-1	212
JAVZWL010000002	204119	204274	-1	213
JAVZWL010000002	204564	204893	1	214
JAVZWL010000002	205232	206323	1	215
JAVZWL010000002	206291	206413	-1	216
JAVZWL010000002	206461	207249	1	217
JAVZWL010000002	207353	208399	1	218
JAVZWL010000002	208749	209798	1	219
JAVZWL010000002	210259	211155	1	220
JAVZWL010000002	211244	211495	-1	221
JAVZWL010000002	211858	211968	1	222
JAVZWL010000002	212232	212369	1	223
JAVZWL010000002	212565	212945	1	224
JAVZWL010000002	213372	214307	1	225
JAVZWL010000002	214690	215667	1	226
JAVZWL010000002	215902	216432	1	227
JAVZWL010000002	216803	217630	1	228
JAVZWL010000002	218107	218778	1	229
JAVZWL010000002	218882	219496	1	230
JAVZWL010000002	219720	220631	-1	231
JAVZWL010000002	220621	221451	-1	232
JAVZWL010000002	221435	222097	-1	233
JAVZWL010000002	222600	223466	-1	234
JAVZWL010000002	223466	224152	-1	235
JAVZWL010000002	224864	225169	-1	236
JAVZWL010000002	225220	225459	-1	237
JAVZWL010000002	225463	225735	-1	238
JAVZWL010000002	225719	226294	-1	239
JAVZWL010000002	226297	227295	-1	240
JAVZWL010000002	227292	227819	-1	241
JAVZWL010000002	227868	228644	-1	242
JAVZWL010000002	228646	230271	-1	243
JAVZWL010000002	230262	230552	-1	244
JAVZWL010000002	230702	231016	1	245
JAVZWL010000002	231000	231614	-1	246
JAVZWL010000002	231805	232980	-1	247
JAVZWL010000002	232964	233764	-1	248
JAVZWL010000002	233713	234885	-1	249
JAVZWL010000002	234872	235699	-1	250
JAVZWL010000002	235653	236699	-1	251
JAVZWL010000002	236696	237688	-1	252
JAVZWL010000002	237685	238719	-1	253
JAVZWL010000002	238720	239658	-1	254
JAVZWL010000002	239627	240448	-1	255
JAVZWL010000002	240598	241470	1	256
JAVZWL010000002	241478	242407	1	257
JAVZWL010000002	242376	243380	1	258
JAVZWL010000002	243340	243612	1	259
JAVZWL010000002	243876	246014	1	260
JAVZWL010000002	246011	247951	1	261
JAVZWL010000002	248269	248646	1	262
JAVZWL010000002	248670	249002	1	263
JAVZWL010000002	249531	249818	1	264
JAVZWL010000002	249858	250085	-1	265
JAVZWL010000002	250176	252044	-1	266
JAVZWL010000002	252354	252986	1	267
JAVZWL010000002	253025	254098	1	268
JAVZWL010000002	254095	254778	1	269
JAVZWL010000002	254775	255911	-1	270
JAVZWL010000002	255956	256291	1	271
JAVZWL010000002	256380	257144	1	272
JAVZWL010000002	257243	257632	1	273
JAVZWL010000002	257614	258111	1	274
JAVZWL010000002	258119	259312	1	275
JAVZWL010000002	259312	260370	1	276
JAVZWL010000002	260358	260867	1	277
JAVZWL010000002	260848	261348	1	278
JAVZWL010000002	261350	261640	1	279
JAVZWL010000002	261641	265099	1	280
JAVZWL010000002	265099	266490	1	281
JAVZWL010000002	266487	267512	1	282
JAVZWL010000002	267678	269945	1	283
JAVZWL010000002	270169	270639	-1	284
JAVZWL010000002	271148	273781	1	285
JAVZWL010000002	273836	274279	-1	286
JAVZWL010000002	274276	274773	-1	287
JAVZWL010000002	274794	275108	-1	288
JAVZWL010000002	275157	275732	1	289
JAVZWL010000002	275705	276628	-1	290
JAVZWL010000002	276692	278398	1	291
JAVZWL010000002	278391	280490	-1	292
JAVZWL010000002	280578	280880	1	293
JAVZWL010000002	280885	281463	1	294
JAVZWL010000002	281464	283239	1	295
JAVZWL010000002	283239	284639	1	296
JAVZWL010000002	284636	285277	1	297
JAVZWL010000002	285267	285428	1	298
JAVZWL010000002	285446	285760	1	299
JAVZWL010000002	285801	287243	1	300
JAVZWL010000002	287278	287565	1	301
JAVZWL010000002	287615	288628	1	302
JAVZWL010000002	288625	289221	1	303
JAVZWL010000002	289269	290789	1	304
JAVZWL010000002	290786	291220	-1	305
JAVZWL010000002	291239	292246	-1	306
JAVZWL010000002	292215	292601	-1	307
JAVZWL010000002	292579	294297	-1	308
JAVZWL010000002	294490	294984	-1	309
JAVZWL010000002	294962	295759	-1	310
JAVZWL010000002	295793	296752	1	311
JAVZWL010000002	296708	297562	-1	312
JAVZWL010000002	297603	297803	1	313
JAVZWL010000002	297770	298615	-1	314
JAVZWL010000002	298645	299034	-1	315
JAVZWL010000002	299206	299487	1	316
JAVZWL010000002	299484	300431	1	317
JAVZWL010000002	300432	300959	-1	318
JAVZWL010000002	300995	303850	1	319
JAVZWL010000002	303851	304315	-1	320
JAVZWL010000002	304393	305568	1	321
JAVZWL010000002	305540	306397	1	322
JAVZWL010000002	306394	307080	1	323
JAVZWL010000002	307073	307654	1	324
JAVZWL010000002	307651	308406	1	325
JAVZWL010000002	308403	309590	1	326
JAVZWL010000002	309583	309864	1	327
JAVZWL010000002	309861	310448	1	328
JAVZWL010000002	310445	310807	1	329
JAVZWL010000002	310895	311302	1	330
JAVZWL010000002	311437	312756	1	331
JAVZWL010000002	312753	314264	-1	332
JAVZWL010000002	314278	314508	-1	333
JAVZWL010000002	314712	314987	-1	334
JAVZWL010000002	315135	315605	-1	335
JAVZWL010000002	315664	316266	-1	336
JAVZWL010000002	316253	316594	-1	337
JAVZWL010000002	316572	316868	-1	338
JAVZWL010000002	316865	317737	-1	339
JAVZWL010000002	317709	318860	-1	340
JAVZWL010000002	318850	319425	-1	341
JAVZWL010000002	319422	319889	-1	342
JAVZWL010000002	319891	320787	-1	343
JAVZWL010000002	320857	321432	1	344
JAVZWL010000002	321429	322076	1	345
JAVZWL010000002	322048	322689	1	346
JAVZWL010000002	322686	323696	-1	347
JAVZWL010000002	323720	324217	-1	348
JAVZWL010000002	324252	324581	-1	349
JAVZWL010000002	324608	325957	-1	350
JAVZWL010000002	325947	326330	-1	351
JAVZWL010000002	326431	327072	1	352
JAVZWL010000002	326998	327630	-1	353
JAVZWL010000002	327611	328606	-1	354
JAVZWL010000002	328600	328938	-1	355
JAVZWL010000002	329043	329744	1	356
JAVZWL010000002	329741	330013	1	357
JAVZWL010000002	329994	330662	1	358
JAVZWL010000002	330659	332767	1	359
JAVZWL010000002	332764	334104	1	360
JAVZWL010000002	334109	335314	1	361
JAVZWL010000002	335315	336748	1	362
JAVZWL010000002	336742	337713	1	363
JAVZWL010000002	337770	338216	1	364
JAVZWL010000002	338294	338485	1	365
JAVZWL010000002	338486	339754	1	366
JAVZWL010000002	339754	341100	1	367
JAVZWL010000002	341075	342193	1	368
JAVZWL010000002	342180	345320	1	369
JAVZWL010000002	345320	346165	1	370
JAVZWL010000002	346162	346776	-1	371
JAVZWL010000002	346862	347806	1	372
JAVZWL010000002	347807	348352	-1	373
JAVZWL010000002	348597	349091	-1	374
JAVZWL010000002	349198	349581	1	375
JAVZWL010000002	349613	350098	1	376
JAVZWL010000002	350000	350461	-1	377
JAVZWL010000002	350498	351553	1	378
JAVZWL010000002	351597	352160	-1	379
JAVZWL010000002	352232	353011	1	380
JAVZWL010000002	353015	353905	-1	381
JAVZWL010000002	353934	354887	-1	382
JAVZWL010000002	354874	355527	-1	383
JAVZWL010000002	355530	355916	-1	384
JAVZWL010000002	355919	357286	1	385
JAVZWL010000002	357279	358532	1	386
JAVZWL010000002	358607	359032	1	387
JAVZWL010000002	359064	360296	1	388
JAVZWL010000002	360276	360959	-1	389
JAVZWL010000002	360946	361998	-1	390
JAVZWL010000002	362268	362780	1	391
JAVZWL010000002	362759	363790	-1	392
JAVZWL010000002	363867	365039	-1	393
JAVZWL010000002	365036	365374	-1	394
JAVZWL010000002	365361	366002	-1	395
JAVZWL010000002	366015	366275	-1	396
JAVZWL010000002	366365	366790	1	397
JAVZWL010000002	366766	367167	1	398
JAVZWL010000002	367169	367861	-1	399
JAVZWL010000002	367863	368573	-1	400
JAVZWL010000002	368566	369051	-1	401
JAVZWL010000002	369080	370240	1	402
JAVZWL010000002	370221	370817	1	403
JAVZWL010000002	371173	371841	1	404
JAVZWL010000002	371811	373034	1	405
JAVZWL010000002	373017	373415	-1	406
JAVZWL010000002	373662	373826	1	407
JAVZWL010000002	373859	374620	1	408
JAVZWL010000002	374581	374769	-1	409
JAVZWL010000002	374770	375816	-1	410
JAVZWL010000002	375837	377594	-1	411
JAVZWL010000002	378420	379100	1	412
JAVZWL010000002	379325	379597	-1	413
JAVZWL010000002	379650	380009	1	414
JAVZWL010000002	379942	380532	-1	415
JAVZWL010000002	380586	381572	-1	416
JAVZWL010000002	381569	382117	-1	417
JAVZWL010000002	382135	382659	1	418
JAVZWL010000002	382650	383147	1	419
JAVZWL010000002	383155	383487	1	420
JAVZWL010000002	383544	383762	1	421
JAVZWL010000002	383759	385819	-1	422
JAVZWL010000002	385800	386414	-1	423
JAVZWL010000002	386437	386940	1	424
JAVZWL010000002	386974	388227	1	425
JAVZWL010000002	388202	388456	1	426
JAVZWL010000002	388468	388896	1	427
JAVZWL010000002	388883	390214	-1	428
JAVZWL010000002	390211	391191	-1	429
JAVZWL010000002	391247	391699	-1	430
JAVZWL010000002	391731	392384	-1	431
JAVZWL010000002	392606	393004	1	432
JAVZWL010000002	393024	393311	-1	433
JAVZWL010000002	393619	394050	1	434
JAVZWL010000002	394040	394984	1	435
JAVZWL010000002	395024	395659	-1	436
JAVZWL010000002	395644	396243	-1	437
JAVZWL010000002	396390	397619	1	438
JAVZWL010000002	397616	398206	1	439
JAVZWL010000002	398199	399005	-1	440
JAVZWL010000002	399120	399647	1	441
JAVZWL010000002	399842	400729	1	442
JAVZWL010000002	400796	402319	-1	443
JAVZWL010000002	402360	402752	1	444
JAVZWL010000002	402725	403324	1	445
JAVZWL010000002	403339	404205	1	446
JAVZWL010000002	404195	404506	-1	447
JAVZWL010000002	404573	405106	1	448
JAVZWL010000002	405197	406705	1	449
JAVZWL010000002	406683	407318	1	450
JAVZWL010000002	407296	408075	1	451
JAVZWL010000002	408184	409668	1	452
JAVZWL010000002	409674	409952	1	453
JAVZWL010000002	409936	411201	-1	454
JAVZWL010000002	411267	411374	-1	455
