Hmm	ORF	tlen	qlen	Eval	score	start	end	Acc	Pos	Cov_seq	Cov_hmm	strand
AbiEii_0_CAS-III	JAVZWL010000001_10	374	284	0.007	13.0	8485	9606	JAVZWL010000001	10	0.09090909090909091	0.11971830985915492	-1
AbiEii_0_CAS-III	JAVZWL010000001_1076	600	284	8.2e-06	22.7	1010649	1012448	JAVZWL010000001	1076	0.08833333333333333	0.11267605633802817	1
AbiEii_0_CAS-III	JAVZWL010000001_1093	244	284	1.6e-06	25.0	1022786	1023517	JAVZWL010000001	1093	0.45901639344262296	0.36971830985915494	-1
AbiEii_0_CAS-III	JAVZWL010000001_113	225	284	8.8e-06	22.6	89027	89701	JAVZWL010000001	113	0.5511111111111111	0.43661971830985913	-1
AbiEii_0_CAS-III	JAVZWL010000001_1144	242	284	6.3e-07	26.3	1071535	1072260	JAVZWL010000001	1144	0.28512396694214875	0.23591549295774647	1
AbiEii_0_CAS-III	JAVZWL010000001_1191	302	284	5.2e-06	23.3	1112652	1113557	JAVZWL010000001	1191	0.3675496688741722	0.36619718309859156	1
AbiEii_0_CAS-III	JAVZWL010000001_1247	701	284	2.1e-06	24.6	1164467	1166569	JAVZWL010000001	1247	0.06990014265335236	0.10211267605633803	-1
AbiEii_0_CAS-III	JAVZWL010000001_1259	317	284	1.9e-06	24.7	1181430	1182380	JAVZWL010000001	1259	0.3028391167192429	0.34507042253521125	-1
AbiEii_0_CAS-III	JAVZWL010000001_1375	274	284	2e-06	24.7	1295678	1296499	JAVZWL010000001	1375	0.3102189781021898	0.3028169014084507	1
AbiEii_0_CAS-III	JAVZWL010000001_1478	318	284	3.6e-07	27.1	1387975	1388928	JAVZWL010000001	1478	0.44654088050314467	0.4753521126760563	1
AbiEii_0_CAS-III	JAVZWL010000001_1521	749	284	2.3e-05	21.2	1427841	1430087	JAVZWL010000001	1521	0.06408544726301736	0.09507042253521127	-1
AbiEii_0_CAS-III	JAVZWL010000001_1553	368	284	3e-06	24.1	1456308	1457411	JAVZWL010000001	1553	0.4483695652173913	0.36971830985915494	-1
AbiEii_0_CAS-III	JAVZWL010000001_1601	181	284	0.0034	14.1	1494242	1494784	JAVZWL010000001	1601	0.18232044198895028	0.11619718309859155	-1
AbiEii_0_CAS-III	JAVZWL010000001_1743	392	284	0.0021	14.8	1611575	1612750	JAVZWL010000001	1743	0.05357142857142857	0.07394366197183098	1
AbiEii_0_CAS-III	JAVZWL010000001_1760	601	284	0.0013	15.4	1626218	1628020	JAVZWL010000001	1760	0.11647254575707154	0.176056338028169	-1
AbiEii_0_CAS-III	JAVZWL010000001_1780	761	284	7.3e-06	22.8	1644865	1647147	JAVZWL010000001	1780	0.05387647831800263	0.07394366197183098	-1
AbiEii_0_CAS-III	JAVZWL010000001_1810	417	284	7.7e-06	22.8	1668790	1670040	JAVZWL010000001	1810	0.5779376498800959	0.9154929577464789	-1
AbiEii_0_CAS-III	JAVZWL010000001_1811	454	284	0.012	12.3	1670037	1671398	JAVZWL010000001	1811	0.15418502202643172	0.24295774647887325	-1
AbiEii_0_CAS-III	JAVZWL010000001_29	202	284	2e-05	21.4	22807	23412	JAVZWL010000001	29	0.30198019801980197	0.20774647887323944	1
AbiEii_0_CAS-III	JAVZWL010000001_364	325	284	0.00068	16.4	319329	320303	JAVZWL010000001	364	0.27692307692307694	0.3345070422535211	1
AbiEii_0_CAS-III	JAVZWL010000001_372	500	284	1.9e-07	28.0	325868	327367	JAVZWL010000001	372	0.252	0.4119718309859155	1
AbiEii_0_CAS-III	JAVZWL010000001_418	363	284	2.3e-15	54.0	368733	369821	JAVZWL010000001	418	0.39118457300275483	0.49295774647887325	-1
AbiEii_0_CAS-III	JAVZWL010000001_420	237	284	3.8e-06	23.8	371463	372173	JAVZWL010000001	420	0.4978902953586498	0.4225352112676056	-1
AbiEii_0_CAS-III	JAVZWL010000001_427	268	284	7.2e-06	22.8	379265	380068	JAVZWL010000001	427	0.31716417910447764	0.28169014084507044	1
AbiEii_0_CAS-III	JAVZWL010000001_465	359	284	0.0085	12.8	416211	417287	JAVZWL010000001	465	0.16434540389972144	0.20774647887323944	1
AbiEii_0_CAS-III	JAVZWL010000001_490	313	284	0.00042	17.1	440061	440999	JAVZWL010000001	490	0.2747603833865815	0.31690140845070425	1
AbiEii_0_CAS-III	JAVZWL010000001_520	359	284	1.6e-07	28.3	482428	483504	JAVZWL010000001	520	0.8495821727019499	0.8380281690140845	1
AbiEii_0_CAS-III	JAVZWL010000001_522	341	284	0.0004	17.1	484278	485300	JAVZWL010000001	522	0.24633431085043989	0.2887323943661972	1
AbiEii_0_CAS-III	JAVZWL010000001_585	282	284	1.5e-06	25.1	547450	548295	JAVZWL010000001	585	0.6312056737588653	0.4647887323943662	-1
AbiEii_0_CAS-III	JAVZWL010000001_607	311	284	2e-05	21.4	569212	570144	JAVZWL010000001	607	0.3729903536977492	0.38380281690140844	-1
AbiEii_0_CAS-III	JAVZWL010000001_608	334	284	0.0026	14.5	570125	571126	JAVZWL010000001	608	0.39820359281437123	0.43661971830985913	-1
AbiEii_0_CAS-III	JAVZWL010000001_631	513	284	5.8e-09	33.0	597860	599398	JAVZWL010000001	631	0.30409356725146197	0.36971830985915494	-1
AbiEii_0_CAS-III	JAVZWL010000001_819	306	284	0.00014	18.7	785605	786522	JAVZWL010000001	819	0.46405228758169936	0.5140845070422535	-1
AbiEii_0_CAS-III	JAVZWL010000001_895	199	284	3.9e-05	20.4	855990	856586	JAVZWL010000001	895	0.3969849246231156	0.2887323943661972	1
AbiEii_0_CAS-III	JAVZWL010000001_942	859	284	3.9e-05	20.4	894081	896657	JAVZWL010000001	942	0.18160651920838183	0.5492957746478874	-1
AbiEii_0_CAS-III	JAVZWL010000002_22	249	284	0.00016	18.4	18890	19636	JAVZWL010000002	22	0.20080321285140562	0.1795774647887324	-1
AbiEii_0_CAS-III	JAVZWL010000002_428	444	284	0.0016	15.1	388883	390214	JAVZWL010000002	428	0.08108108108108109	0.13028169014084506	-1
AbiEii_0_CAS-III	JAVZWL010000002_452	495	284	9.3e-05	19.2	408184	409668	JAVZWL010000002	452	0.22626262626262628	0.36619718309859156	1
AbiEii_1_CAS-III-A	JAVZWL010000001_1636	129	335	0.017	11.3	1519684	1520070	JAVZWL010000001	1636	0.6744186046511628	0.2417910447761194	-1
AbiEii_1_CAS-III-A	JAVZWL010000002_452	495	335	4.8e-07	26.3	408184	409668	JAVZWL010000002	452	0.1414141414141414	0.23880597014925373	1
AbiEii_2_CAS-III-C	JAVZWL010000001_372	500	440	0.00023	17.6	325868	327367	JAVZWL010000001	372	0.144	0.17045454545454544	1
AbiEii_2_CAS-III-C	JAVZWL010000001_418	363	440	0.00046	16.6	368733	369821	JAVZWL010000001	418	0.13774104683195593	0.1159090909090909	-1
AbiEii_2_CAS-III-C	JAVZWL010000001_520	359	440	1.5e-10	38.0	482428	483504	JAVZWL010000001	520	0.5097493036211699	0.4590909090909091	1
AbiEii_2_CAS-III-C	JAVZWL010000001_522	341	440	0.011	12.1	484278	485300	JAVZWL010000001	522	0.22580645161290322	0.16136363636363638	1
AbiEii_2_CAS-III-C	JAVZWL010000002_452	495	440	4e-06	23.4	408184	409668	JAVZWL010000002	452	0.15555555555555556	0.175	1
Cas10_0_CAS-III-C	JAVZWL010000001_648	53	959	0.0078	11.4	620383	620541	JAVZWL010000001	648	0.8113207547169812	0.043795620437956206	-1
Cas10d_1_CAS-I-D	JAVZWL010000001_998	558	886	0.0042	12.3	940743	942416	JAVZWL010000001	998	0.21505376344086022	0.13318284424379231	1
Cas10d_3_CAS-I-D	JAVZWL010000001_510	837	834	0.0	1014.8	464709	467219	JAVZWL010000001	510	0.986857825567503	0.9916067146282974	1
Cas11_0_IV	JAVZWL010000001_1868	567	114	0.0013	15.8	1720677	1722377	JAVZWL010000001	1868	0.26102292768959434	0.7105263157894737	-1
Cas11b_0_CAS-I-B	JAVZWL010000002_297	214	170	0.0039	14.1	284636	285277	JAVZWL010000002	297	0.5373831775700935	0.6764705882352942	1
Cas12a_0_CAS-V-A	JAVZWL010000001_1543	277	1244	0.0052	11.7	1448704	1449534	JAVZWL010000001	1543	0.2779783393501805	0.06189710610932476	-1
Cas12a_1_CAS-V-A	JAVZWL010000001_1523	66	1086	0.1	7.5	1430489	1430686	JAVZWL010000001	1523	0.6818181818181818	0.04511970534069982	-1
Cas12a_1_CAS-V-A	JAVZWL010000001_1543	277	1086	0.014	10.4	1448704	1449534	JAVZWL010000001	1543	0.296028880866426	0.0856353591160221	-1
Cas12a_M13_0_V-A	JAVZWL010000001_1543	277	1237	0.015	9.9	1448704	1449534	JAVZWL010000001	1543	0.1624548736462094	0.03637833468067906	-1
Cas12a_M29_0_V-A	JAVZWL010000001_1543	277	1289	0.011	10.3	1448704	1449534	JAVZWL010000001	1543	0.16967509025270758	0.03646237393328161	-1
Cas12b2_0_CAS-V-B	JAVZWL010000001_1543	277	747	3.6e-08	29.4	1448704	1449534	JAVZWL010000001	1543	0.2779783393501805	0.10575635876840696	-1
Cas12b2_0_CAS-V-B	JAVZWL010000001_36	407	747	0.00071	15.2	28680	29900	JAVZWL010000001	36	0.09828009828009827	0.05220883534136546	1
Cas12c_0_CAS-V-C	JAVZWL010000001_1543	277	1272	9.4	0.7	1448704	1449534	JAVZWL010000001	1543	0.19855595667870035	0.04559748427672956	-1
Cas12d_0_CAS-V-D	JAVZWL010000001_1543	277	1163	0.0054	11.6	1448704	1449534	JAVZWL010000001	1543	0.15162454873646208	0.03611349957007739	-1
Cas12f1_0_CAS-V-F	JAVZWL010000001_1543	277	512	5.4e-10	35.8	1448704	1449534	JAVZWL010000001	1543	0.3176895306859206	0.18359375	-1
Cas12f1_0_CAS-V-F	JAVZWL010000001_36	407	512	9.8e-13	44.8	28680	29900	JAVZWL010000001	36	0.542997542997543	0.470703125	1
Cas12f1_1_CAS-V-F	JAVZWL010000001_1543	277	557	3e-13	46.3	1448704	1449534	JAVZWL010000001	1543	0.38267148014440433	0.20825852782764812	-1
Cas12f1_1_CAS-V-F	JAVZWL010000001_1904	524	557	0.0091	11.7	1754948	1756519	JAVZWL010000001	1904	0.11068702290076336	0.10412926391382406	-1
Cas12f1_1_CAS-V-F	JAVZWL010000001_36	407	557	4.7e-24	82.0	28680	29900	JAVZWL010000001	36	0.5921375921375921	0.43447037701974867	1
Cas12f1_2_CAS-V-F	JAVZWL010000001_1523	66	429	0.0023	14.0	1430489	1430686	JAVZWL010000001	1523	0.5909090909090909	0.07692307692307693	-1
Cas12f1_2_CAS-V-F	JAVZWL010000001_1543	277	429	1.5e-17	60.8	1448704	1449534	JAVZWL010000001	1543	0.36823104693140796	0.23543123543123542	-1
Cas12f1_2_CAS-V-F	JAVZWL010000001_1768	321	429	0.0035	13.5	1636729	1637691	JAVZWL010000001	1768	0.4205607476635514	0.3123543123543124	1
Cas12f1_2_CAS-V-F	JAVZWL010000001_1794	65	429	0.00047	16.3	1658737	1658931	JAVZWL010000001	1794	0.5384615384615384	0.08158508158508158	-1
Cas12f1_2_CAS-V-F	JAVZWL010000001_36	407	429	1.5e-23	80.5	28680	29900	JAVZWL010000001	36	0.6461916461916462	0.634032634032634	1
Cas12f2_0_CAS-V-F	JAVZWL010000001_1543	277	517	2.9e-10	36.4	1448704	1449534	JAVZWL010000001	1543	0.16606498194945848	0.09090909090909091	-1
Cas12f2_0_CAS-V-F	JAVZWL010000001_36	407	517	3.3e-55	184.7	28680	29900	JAVZWL010000001	36	0.773955773955774	0.6595744680851063	1
Cas12f2_1_CAS-V-F	JAVZWL010000001_1523	66	422	0.00047	16.4	1430489	1430686	JAVZWL010000001	1523	0.5757575757575758	0.06398104265402843	-1
Cas12f2_1_CAS-V-F	JAVZWL010000001_1543	277	422	5.2e-16	55.8	1448704	1449534	JAVZWL010000001	1543	0.26714801444043323	0.18009478672985782	-1
Cas12f2_1_CAS-V-F	JAVZWL010000001_1639	73	422	0.0022	14.2	1520771	1520989	JAVZWL010000001	1639	0.4931506849315068	0.08530805687203792	-1
Cas12f2_1_CAS-V-F	JAVZWL010000001_1753	196	422	0.033	10.3	1619919	1620506	JAVZWL010000001	1753	0.15306122448979592	0.07109004739336493	1
Cas12f2_1_CAS-V-F	JAVZWL010000001_1794	65	422	0.0008	15.7	1658737	1658931	JAVZWL010000001	1794	0.4461538461538462	0.06872037914691943	-1
Cas12f2_1_CAS-V-F	JAVZWL010000001_36	407	422	2.1e-61	205.4	28680	29900	JAVZWL010000001	36	0.85995085995086	0.9478672985781991	1
Cas12f2_1_CAS-V-F	JAVZWL010000001_715	95	422	0.0081	12.3	690597	690881	JAVZWL010000001	715	0.6736842105263158	0.15165876777251186	-1
Cas12f2_1_CAS-V-F	JAVZWL010000001_868	52	422	0.00091	15.5	831188	831343	JAVZWL010000001	868	0.6346153846153846	0.07109004739336493	1
Cas12f2_2_CAS-V-F	JAVZWL010000001_1523	66	493	0.0067	12.2	1430489	1430686	JAVZWL010000001	1523	0.696969696969697	0.06490872210953347	-1
Cas12f2_2_CAS-V-F	JAVZWL010000001_1543	277	493	1.5e-12	44.0	1448704	1449534	JAVZWL010000001	1543	0.30685920577617326	0.1663286004056795	-1
Cas12f2_2_CAS-V-F	JAVZWL010000001_1753	196	493	0.0083	11.9	1619919	1620506	JAVZWL010000001	1753	0.15306122448979592	0.060851926977687626	1
Cas12f2_2_CAS-V-F	JAVZWL010000001_36	407	493	1.4e-48	162.8	28680	29900	JAVZWL010000001	36	0.6609336609336609	0.6247464503042597	1
Cas12f3_0_CAS-V-F	JAVZWL010000001_1543	277	496	3.3e-08	30.0	1448704	1449534	JAVZWL010000001	1543	0.34657039711191334	0.16733870967741934	-1
Cas12f3_0_CAS-V-F	JAVZWL010000001_36	407	496	1.6e-35	120.1	28680	29900	JAVZWL010000001	36	0.6707616707616708	0.5705645161290323	1
Cas12f7_0_CAS-V-F	JAVZWL010000001_36	407	566	1e-17	61.3	28680	29900	JAVZWL010000001	36	0.5798525798525799	0.44876325088339225	1
Cas12j_0_V-J	JAVZWL010000001_1543	277	758	5.2e-06	21.7	1448704	1449534	JAVZWL010000001	1543	0.18772563176895307	0.0712401055408971	-1
Cas12j_0_V-J	JAVZWL010000001_36	407	758	2.2e-08	29.6	28680	29900	JAVZWL010000001	36	0.2113022113022113	0.11477572559366754	1
Cas12m_0_V-M	JAVZWL010000001_1543	277	577	6.8e-07	25.2	1448704	1449534	JAVZWL010000001	1543	0.19133574007220217	0.09705372616984402	-1
Cas12m_0_V-M	JAVZWL010000001_36	407	577	1.4e-11	40.6	28680	29900	JAVZWL010000001	36	0.2678132678132678	0.20797227036395147	1
Cas1_0_CAS-I-II-III-IV-V-VI	JAVZWL010000001_1683	104	317	0.011	12.0	1555871	1556182	JAVZWL010000001	1683	0.6923076923076923	0.22397476340694006	-1
Cas1_0_CAS-I-II-III-IV-V-VI	JAVZWL010000001_514	277	317	9.2e-42	140.3	474464	475294	JAVZWL010000001	514	0.8158844765342961	0.7823343848580442	-1
Cas1_0_I-II-III	JAVZWL010000001_514	277	327	4.6e-37	124.9	474464	475294	JAVZWL010000001	514	0.8483754512635379	0.8012232415902141	-1
Cas1_0_I-II-III-V	JAVZWL010000001_514	277	315	9.5e-33	110.4	474464	475294	JAVZWL010000001	514	0.8953068592057761	0.8857142857142857	-1
Cas1_0_IA	JAVZWL010000001_514	277	347	4.5e-10	36.0	474464	475294	JAVZWL010000001	514	0.5342960288808665	0.4322766570605187	-1
Cas1_0_IC	JAVZWL010000001_514	277	340	1.6e-14	50.9	474464	475294	JAVZWL010000001	514	0.5306859205776173	0.49411764705882355	-1
Cas1_0_IE	JAVZWL010000001_514	277	269	3.3e-12	43.3	474464	475294	JAVZWL010000001	514	0.37906137184115524	0.38661710037174724	-1
Cas1_0_IF	JAVZWL010000001_514	277	307	1.3e-08	31.6	474464	475294	JAVZWL010000001	514	0.37184115523465705	0.34201954397394135	-1
Cas1_0_II	JAVZWL010000001_514	277	278	5.399999999999999e-25	85.3	474464	475294	JAVZWL010000001	514	0.8844765342960289	0.8633093525179856	-1
Cas1_0_V	JAVZWL010000001_514	277	317	8.7e-17	58.2	474464	475294	JAVZWL010000001	514	0.6895306859205776	0.6466876971608833	-1
Cas1_1_CAS-I-II-III-IV-V-VI	JAVZWL010000001_514	277	261	3.8000000000000004e-36	121.8	474464	475294	JAVZWL010000001	514	0.7472924187725631	0.8505747126436781	-1
Cas1_2_CAS-I-II-III-IV-V-VI	JAVZWL010000001_514	277	306	1.2e-08	31.7	474464	475294	JAVZWL010000001	514	0.48736462093862815	0.4803921568627451	-1
Cas1_3_CAS-I-II-III-IV-V-VI	JAVZWL010000001_514	277	262	3.2e-12	43.4	474464	475294	JAVZWL010000001	514	0.38267148014440433	0.40076335877862596	-1
Cas1_4_CAS-I-II-III-IV-V-VI	JAVZWL010000001_514	277	275	5.3999999999999994e-24	81.9	474464	475294	JAVZWL010000001	514	0.8808664259927798	0.8618181818181818	-1
Cas1_5_CAS-I-II-III-IV-V-VI	JAVZWL010000001_514	277	338	1.6e-14	50.9	474464	475294	JAVZWL010000001	514	0.5306859205776173	0.4970414201183432	-1
Cas1_6_CAS-I-II-III-IV-V-VI	JAVZWL010000001_514	277	320	6e-19	65.5	474464	475294	JAVZWL010000001	514	0.8158844765342961	0.746875	-1
Cas1_7_CAS-I-II-III-IV-V-VI	JAVZWL010000001_1683	104	328	0.0014	14.9	1555871	1556182	JAVZWL010000001	1683	0.7884615384615384	0.24695121951219512	-1
Cas1_7_CAS-I-II-III-IV-V-VI	JAVZWL010000001_514	277	328	1.7e-37	126.3	474464	475294	JAVZWL010000001	514	0.8375451263537906	0.75	-1
Cas1_8_CAS-I-II-III-IV-V-VI	JAVZWL010000001_1683	104	283	0.0043	13.3	1555871	1556182	JAVZWL010000001	1683	0.5384615384615384	0.19434628975265017	-1
Cas1_8_CAS-I-II-III-IV-V-VI	JAVZWL010000001_514	277	283	2.7e-38	128.9	474464	475294	JAVZWL010000001	514	0.8628158844765343	0.901060070671378	-1
Cas2_0_CAS-I-II-III-IV-V-VI	JAVZWL010000001_506	97	90	1.1e-12	45.3	462269	462559	JAVZWL010000001	506	0.8247422680412371	0.9222222222222223	1
Cas2_0_CAS-III-AM	JAVZWL010000001_506	97	95	0.0067	13.9	462269	462559	JAVZWL010000001	506	0.26804123711340205	0.2736842105263158	1
Cas2_0_I-II-III	JAVZWL010000001_506	97	96	1e-13	48.5	462269	462559	JAVZWL010000001	506	0.8865979381443299	0.9583333333333334	1
Cas2_0_I-II-III-V	JAVZWL010000001_506	97	83	6.2e-10	36.4	462269	462559	JAVZWL010000001	506	0.7938144329896907	0.9759036144578314	1
Cas2_11_CAS-I-II-III-IV-V-VI	JAVZWL010000001_506	97	71	3.1e-13	46.9	462269	462559	JAVZWL010000001	506	0.711340206185567	0.971830985915493	1
Cas2_2_CAS-I-II-III-IV-V-VI	JAVZWL010000001_506	97	79	1.3e-13	48.1	462269	462559	JAVZWL010000001	506	0.7835051546391752	0.9620253164556962	1
Cas2_2_CAS-I-II-III-IV-V-VI	JAVZWL010000002_429	327	79	0.0088	13.4	390211	391191	JAVZWL010000002	429	0.18042813455657492	0.6835443037974683	-1
Cas2_4_CAS-I-II-III-IV-V-VI	JAVZWL010000001_506	97	89	1.9e-14	50.9	462269	462559	JAVZWL010000001	506	0.865979381443299	0.9550561797752809	1
Cas2_6_CAS-I-II-III-IV-V-VI	JAVZWL010000001_506	97	90	0.00028	18.4	462269	462559	JAVZWL010000001	506	0.38144329896907214	0.4	1
Cas2_7_CAS-I-II-III-IV-V-VI	JAVZWL010000001_506	97	94	1.4e-31	106.0	462269	462559	JAVZWL010000001	506	0.9484536082474226	0.9893617021276596	1
Cas2_8_CAS-I-II-III-IV-V-VI	JAVZWL010000001_1587	93	101	1.2e-21	73.6	1483295	1483573	JAVZWL010000001	1587	0.9247311827956989	0.8514851485148515	-1
Cas2_8_CAS-I-II-III-IV-V-VI	JAVZWL010000001_1842	344	101	0.016	12.3	1699340	1700371	JAVZWL010000001	1842	0.06395348837209303	0.21782178217821782	1
Cas3HD_0_CAS-I	JAVZWL010000001_1870	389	203	0.015	12.2	1723042	1724208	JAVZWL010000001	1870	0.1928020565552699	0.35467980295566504	-1
Cas3HD_0_CAS-I	JAVZWL010000001_66	408	203	0.008	13.1	55262	56485	JAVZWL010000001	66	0.2107843137254902	0.458128078817734	1
Cas3_0_CAS-I	JAVZWL010000001_1129	444	353	3.6e-07	26.7	1053289	1054620	JAVZWL010000001	1129	0.240990990990991	0.29178470254957506	1
Cas3_0_CAS-I	JAVZWL010000001_1167	741	353	5.7e-08	29.3	1088583	1090805	JAVZWL010000001	1167	0.3225371120107962	0.6827195467422096	-1
Cas3_0_CAS-I	JAVZWL010000001_1485	763	353	0.022	10.9	1393433	1395721	JAVZWL010000001	1485	0.06815203145478375	0.141643059490085	-1
Cas3_0_CAS-I	JAVZWL010000001_149	349	353	4.1e-14	49.5	120909	121955	JAVZWL010000001	149	0.6905444126074498	0.7195467422096318	-1
Cas3_0_CAS-I	JAVZWL010000001_1665	906	353	1.3e-17	61.0	1540667	1543384	JAVZWL010000001	1665	0.34216335540838855	0.8838526912181303	-1
Cas3_0_CAS-I	JAVZWL010000001_1755	534	353	0.0085	12.3	1622446	1624047	JAVZWL010000001	1755	0.21348314606741572	0.31728045325779036	-1
Cas3_0_CAS-I	JAVZWL010000001_1781	1221	353	5.8e-05	19.4	1647177	1650839	JAVZWL010000001	1781	0.11793611793611794	0.35410764872521244	1
Cas3_0_CAS-I	JAVZWL010000001_1886	874	353	2.9e-17	59.9	1736760	1739381	JAVZWL010000001	1886	0.38443935926773454	0.9093484419263456	-1
Cas3_0_CAS-I	JAVZWL010000001_267	658	353	6.7e-12	42.3	224953	226926	JAVZWL010000001	267	0.2917933130699088	0.5240793201133145	1
Cas3_0_CAS-I	JAVZWL010000001_272	701	353	0.00061	16.1	231315	233417	JAVZWL010000001	272	0.24679029957203993	0.46742209631728043	-1
Cas3_0_CAS-I	JAVZWL010000001_293	661	353	1.9e-12	44.1	252774	254756	JAVZWL010000001	293	0.18910741301059	0.35410764872521244	1
Cas3_0_CAS-I	JAVZWL010000001_513	643	353	2.4e-15	53.6	469040	470968	JAVZWL010000001	513	0.4821150855365474	0.9263456090651558	1
Cas3_0_CAS-I	JAVZWL010000001_643	1510	353	4.7e-10	36.2	608364	612893	JAVZWL010000001	643	0.1900662251655629	0.7110481586402266	-1
Cas3_0_CAS-I	JAVZWL010000001_645	1132	353	2.7e-07	27.1	614176	617571	JAVZWL010000001	645	0.15371024734982333	0.37110481586402266	1
Cas3_0_CAS-I	JAVZWL010000001_654	1104	353	2e-11	40.7	630174	633485	JAVZWL010000001	654	0.28351449275362317	0.603399433427762	-1
Cas3_0_CAS-I	JAVZWL010000001_656	1070	353	2.5e-08	30.5	634247	637456	JAVZWL010000001	656	0.2523364485981308	0.71671388101983	-1
Cas3_0_CAS-I	JAVZWL010000002_109	539	353	1.2e-08	31.5	94468	96084	JAVZWL010000002	109	0.3042671614100185	0.5155807365439093	1
Cas3_0_CAS-I	JAVZWL010000002_114	1119	353	0.0012	15.2	98056	101412	JAVZWL010000002	114	0.04289544235924933	0.1501416430594901	1
Cas3_0_CAS-I	JAVZWL010000002_116	932	353	8.1e-15	51.9	101759	104554	JAVZWL010000002	116	0.3197424892703863	0.8781869688385269	-1
Cas3_0_CAS-I	JAVZWL010000002_243	542	353	0.001	15.4	228646	230271	JAVZWL010000002	243	0.08671586715867159	0.1274787535410765	-1
Cas3_0_CAS-I	JAVZWL010000002_428	444	353	7.6e-05	19.1	388883	390214	JAVZWL010000002	428	0.2882882882882883	0.3626062322946176	-1
Cas3_0_CAS-I-D	JAVZWL010000001_1167	741	626	7.9e-18	61.0	1088583	1090805	JAVZWL010000001	1167	0.358974358974359	0.41373801916932906	-1
Cas3_0_CAS-I-D	JAVZWL010000001_149	349	626	2.6e-09	32.9	120909	121955	JAVZWL010000001	149	0.5214899713467048	0.28913738019169327	-1
Cas3_0_CAS-I-D	JAVZWL010000001_1665	906	626	2.5e-06	23.0	1540667	1543384	JAVZWL010000001	1665	0.1280353200883002	0.16613418530351437	-1
Cas3_0_CAS-I-D	JAVZWL010000001_1886	874	626	0.00081	14.8	1736760	1739381	JAVZWL010000001	1886	0.10297482837528604	0.13738019169329074	-1
Cas3_0_CAS-I-D	JAVZWL010000001_267	658	626	0.0013	14.1	224953	226926	JAVZWL010000001	267	0.2750759878419453	0.26677316293929715	1
Cas3_0_CAS-I-D	JAVZWL010000001_643	1510	626	1.2e-07	27.4	608364	612893	JAVZWL010000001	643	0.04370860927152318	0.09904153354632587	-1
Cas3_0_CAS-I-D	JAVZWL010000002_114	1119	626	4.7e-07	25.5	98056	101412	JAVZWL010000002	114	0.06702412868632708	0.12140575079872204	1
Cas3_0_CAS-I-D	JAVZWL010000002_116	932	626	3.9e-07	25.7	101759	104554	JAVZWL010000002	116	0.13948497854077252	0.1900958466453674	-1
Cas3_0_CAS-I-U	JAVZWL010000001_293	661	843	0.0029	12.6	252774	254756	JAVZWL010000001	293	0.2405446293494705	0.18149466192170818	1
Cas3_0_CAS-I-U	JAVZWL010000001_513	643	843	0.0017	13.3	469040	470968	JAVZWL010000001	513	0.15396578538102643	0.10083036773428232	1
Cas3_0_CAS-I-U	JAVZWL010000001_656	1070	843	9.2e-09	30.8	634247	637456	JAVZWL010000001	656	0.1252336448598131	0.166073546856465	-1
Cas3_0_I	JAVZWL010000001_1129	444	358	2.4e-07	27.3	1053289	1054620	JAVZWL010000001	1129	0.24324324324324326	0.2988826815642458	1
Cas3_0_I	JAVZWL010000001_1167	741	358	1.6e-07	27.8	1088583	1090805	JAVZWL010000001	1167	0.3157894736842105	0.6675977653631285	-1
Cas3_0_I	JAVZWL010000001_149	349	358	4.9e-13	46.0	120909	121955	JAVZWL010000001	149	0.6590257879656161	0.6871508379888268	-1
Cas3_0_I	JAVZWL010000001_1665	906	358	2.3e-18	63.5	1540667	1543384	JAVZWL010000001	1665	0.3509933774834437	0.8938547486033519	-1
Cas3_0_I	JAVZWL010000001_1755	534	358	0.0056	12.9	1622446	1624047	JAVZWL010000001	1755	0.24719101123595505	0.3687150837988827	-1
Cas3_0_I	JAVZWL010000001_1781	1221	358	0.00013	18.3	1647177	1650839	JAVZWL010000001	1781	0.13185913185913187	0.723463687150838	1
Cas3_0_I	JAVZWL010000001_1886	874	358	2e-17	60.4	1736760	1739381	JAVZWL010000001	1886	0.3890160183066362	0.9217877094972067	-1
Cas3_0_I	JAVZWL010000001_267	658	358	7.8e-12	42.0	224953	226926	JAVZWL010000001	267	0.32066869300911854	0.5921787709497207	1
Cas3_0_I	JAVZWL010000001_272	701	358	4.8e-05	19.7	231315	233417	JAVZWL010000001	272	0.26390870185449355	0.5	-1
Cas3_0_I	JAVZWL010000001_293	661	358	6.9e-12	42.2	252774	254756	JAVZWL010000001	293	0.19213313161875945	0.3575418994413408	1
Cas3_0_I	JAVZWL010000001_513	643	358	5.8e-14	49.0	469040	470968	JAVZWL010000001	513	0.49144634525660963	0.9413407821229051	1
Cas3_0_I	JAVZWL010000001_643	1510	358	1.6e-10	37.7	608364	612893	JAVZWL010000001	643	0.1900662251655629	0.7122905027932961	-1
Cas3_0_I	JAVZWL010000001_645	1132	358	2.4e-07	27.3	614176	617571	JAVZWL010000001	645	0.1978798586572438	0.547486033519553	1
Cas3_0_I	JAVZWL010000001_654	1104	358	3.4e-11	39.9	630174	633485	JAVZWL010000001	654	0.19655797101449277	0.5949720670391061	-1
Cas3_0_I	JAVZWL010000001_656	1070	358	1.9e-06	24.3	634247	637456	JAVZWL010000001	656	0.22990654205607478	0.6703910614525139	-1
Cas3_0_I	JAVZWL010000002_109	539	358	8.3e-09	32.1	94468	96084	JAVZWL010000002	109	0.287569573283859	0.49441340782122906	1
Cas3_0_I	JAVZWL010000002_114	1119	358	0.0007	15.9	98056	101412	JAVZWL010000002	114	0.041108132260947276	0.1424581005586592	1
Cas3_0_I	JAVZWL010000002_116	932	358	1.9e-15	53.9	101759	104554	JAVZWL010000002	116	0.3197424892703863	0.8770949720670391	-1
Cas3_0_I	JAVZWL010000002_243	542	358	0.0012	15.1	228646	230271	JAVZWL010000002	243	0.12177121771217712	0.1787709497206704	-1
Cas3_0_I	JAVZWL010000002_428	444	358	0.0001	18.6	388883	390214	JAVZWL010000002	428	0.2927927927927928	0.3715083798882682	-1
Cas3_0_ID	JAVZWL010000001_1129	444	357	0.015	11.4	1053289	1054620	JAVZWL010000001	1129	0.25675675675675674	0.3165266106442577	1
Cas3_0_ID	JAVZWL010000001_1167	741	357	2e-13	47.3	1088583	1090805	JAVZWL010000001	1167	0.2834008097165992	0.5826330532212886	-1
Cas3_0_ID	JAVZWL010000001_149	349	357	1.4e-06	24.7	120909	121955	JAVZWL010000001	149	0.5358166189111748	0.5658263305322129	-1
Cas3_0_ID	JAVZWL010000001_1665	906	357	2.2e-06	24.1	1540667	1543384	JAVZWL010000001	1665	0.3211920529801324	0.8151260504201681	-1
Cas3_0_ID	JAVZWL010000001_1886	874	357	3.9e-05	20.0	1736760	1739381	JAVZWL010000001	1886	0.09038901601830664	0.22128851540616246	-1
Cas3_0_ID	JAVZWL010000001_267	658	357	0.006	12.8	224953	226926	JAVZWL010000001	267	0.196048632218845	0.32212885154061627	1
Cas3_0_ID	JAVZWL010000001_293	661	357	0.00035	16.8	252774	254756	JAVZWL010000001	293	0.2526475037821483	0.4369747899159664	1
Cas3_0_ID	JAVZWL010000001_513	643	357	4.4e-16	56.0	469040	470968	JAVZWL010000001	513	0.3328149300155521	0.5854341736694678	1
Cas3_0_ID	JAVZWL010000001_643	1510	357	1.7e-12	44.2	608364	612893	JAVZWL010000001	643	0.1456953642384106	0.6554621848739496	-1
Cas3_0_ID	JAVZWL010000001_645	1132	357	6.9e-07	25.7	614176	617571	JAVZWL010000001	645	0.11749116607773852	0.35014005602240894	1
Cas3_0_ID	JAVZWL010000001_654	1104	357	1.2e-07	28.2	630174	633485	JAVZWL010000001	654	0.1503623188405797	0.4425770308123249	-1
Cas3_0_ID	JAVZWL010000002_109	539	357	0.018	11.2	94468	96084	JAVZWL010000002	109	0.1614100185528757	0.24369747899159663	1
Cas3_0_ID	JAVZWL010000002_116	932	357	9.8e-10	35.1	101759	104554	JAVZWL010000002	116	0.2510729613733906	0.6246498599439776	-1
Cas3_0_IU	JAVZWL010000001_293	661	864	0.00011	17.4	252774	254756	JAVZWL010000001	293	0.1875945537065053	0.1388888888888889	1
Cas3_0_IU	JAVZWL010000001_513	643	864	0.00026	16.1	469040	470968	JAVZWL010000001	513	0.16640746500777606	0.12384259259259259	1
Cas3_0_IU	JAVZWL010000001_645	1132	864	0.0014	13.8	614176	617571	JAVZWL010000001	645	0.06890459363957598	0.08333333333333333	1
Cas3_0_IU	JAVZWL010000001_656	1070	864	6.6e-08	28.0	634247	637456	JAVZWL010000001	656	0.14485981308411214	0.16782407407407407	-1
Cas3_0_IU	JAVZWL010000002_114	1119	864	0.00044	15.4	98056	101412	JAVZWL010000002	114	0.040214477211796246	0.05324074074074074	1
Cas3_1_CAS-I	JAVZWL010000001_1129	444	745	0.00043	15.8	1053289	1054620	JAVZWL010000001	1129	0.2747747747747748	0.16644295302013423	1
Cas3_1_CAS-I	JAVZWL010000001_1167	741	745	3.6e-05	19.3	1088583	1090805	JAVZWL010000001	1167	0.3076923076923077	0.1906040268456376	-1
Cas3_1_CAS-I	JAVZWL010000001_149	349	745	1.3e-07	27.4	120909	121955	JAVZWL010000001	149	0.35816618911174786	0.1959731543624161	-1
Cas3_1_CAS-I	JAVZWL010000001_1665	906	745	4e-12	42.3	1540667	1543384	JAVZWL010000001	1665	0.32781456953642385	0.4268456375838926	-1
Cas3_1_CAS-I	JAVZWL010000001_1886	874	745	2.2e-14	49.8	1736760	1739381	JAVZWL010000001	1886	0.2379862700228833	0.27114093959731544	-1
Cas3_1_CAS-I	JAVZWL010000001_267	658	745	5.3e-09	32.0	224953	226926	JAVZWL010000001	267	0.32978723404255317	0.3006711409395973	1
Cas3_1_CAS-I	JAVZWL010000001_272	701	745	1.3e-05	20.8	231315	233417	JAVZWL010000001	272	0.12838801711840228	0.12483221476510067	-1
Cas3_1_CAS-I	JAVZWL010000001_293	661	745	1e-10	37.7	252774	254756	JAVZWL010000001	293	0.2526475037821483	0.2295302013422819	1
Cas3_1_CAS-I	JAVZWL010000001_513	643	745	1.5e-15	53.7	469040	470968	JAVZWL010000001	513	0.4618973561430793	0.4080536912751678	1
Cas3_1_CAS-I	JAVZWL010000001_643	1510	745	2.4e-05	19.9	608364	612893	JAVZWL010000001	643	0.05099337748344371	0.11409395973154363	-1
Cas3_1_CAS-I	JAVZWL010000001_654	1104	745	3.6e-10	35.9	630174	633485	JAVZWL010000001	654	0.28442028985507245	0.3100671140939597	-1
Cas3_1_CAS-I	JAVZWL010000002_109	539	745	6.8e-06	21.7	94468	96084	JAVZWL010000002	109	0.2912801484230056	0.2348993288590604	1
Cas3_1_CAS-I	JAVZWL010000002_114	1119	745	1.5e-05	20.6	98056	101412	JAVZWL010000002	114	0.064343163538874	0.11409395973154363	1
Cas3_1_CAS-I	JAVZWL010000002_116	932	745	4.1e-13	45.6	101759	104554	JAVZWL010000002	116	0.1813304721030043	0.2389261744966443	-1
Cas3_1_CAS-I	JAVZWL010000002_22	249	745	0.016	10.6	18890	19636	JAVZWL010000002	22	0.08835341365461848	0.02953020134228188	-1
Cas3_1_CAS-I	JAVZWL010000002_243	542	745	0.0079	11.6	228646	230271	JAVZWL010000002	243	0.23062730627306274	0.17315436241610738	-1
Cas3_1_CAS-I-D	JAVZWL010000001_1129	444	353	0.0077	12.4	1053289	1054620	JAVZWL010000001	1129	0.24774774774774774	0.3087818696883853	1
Cas3_1_CAS-I-D	JAVZWL010000001_1167	741	353	1.1e-13	48.1	1088583	1090805	JAVZWL010000001	1167	0.29959514170040485	0.6742209631728046	-1
Cas3_1_CAS-I-D	JAVZWL010000001_149	349	353	4e-07	26.5	120909	121955	JAVZWL010000001	149	0.4899713467048711	0.49575070821529743	-1
Cas3_1_CAS-I-D	JAVZWL010000001_1665	906	353	6.3e-07	25.9	1540667	1543384	JAVZWL010000001	1665	0.32339955849889623	0.830028328611898	-1
Cas3_1_CAS-I-D	JAVZWL010000001_1886	874	353	2.2e-06	24.1	1736760	1739381	JAVZWL010000001	1886	0.20137299771167047	0.5070821529745042	-1
Cas3_1_CAS-I-D	JAVZWL010000001_267	658	353	0.0015	14.8	224953	226926	JAVZWL010000001	267	0.1899696048632219	0.31728045325779036	1
Cas3_1_CAS-I-D	JAVZWL010000001_272	701	353	0.0076	12.4	231315	233417	JAVZWL010000001	272	0.12696148359486448	0.2577903682719547	-1
Cas3_1_CAS-I-D	JAVZWL010000001_293	661	353	0.00015	18.1	252774	254756	JAVZWL010000001	293	0.2344931921331316	0.4192634560906516	1
Cas3_1_CAS-I-D	JAVZWL010000001_513	643	353	4.1e-17	59.4	469040	470968	JAVZWL010000001	513	0.36858475894245724	0.6515580736543909	1
Cas3_1_CAS-I-D	JAVZWL010000001_643	1510	353	4.7e-13	46.0	608364	612893	JAVZWL010000001	643	0.14503311258278145	0.6487252124645893	-1
Cas3_1_CAS-I-D	JAVZWL010000001_645	1132	353	3.5e-07	26.7	614176	617571	JAVZWL010000001	645	0.12190812720848057	0.3597733711048159	1
Cas3_1_CAS-I-D	JAVZWL010000001_654	1104	353	4.4e-08	29.7	630174	633485	JAVZWL010000001	654	0.1621376811594203	0.48441926345609065	-1
Cas3_1_CAS-I-D	JAVZWL010000002_109	539	353	0.019	11.1	94468	96084	JAVZWL010000002	109	0.15213358070500926	0.2237960339943343	1
Cas3_1_CAS-I-D	JAVZWL010000002_114	1119	353	0.0057	12.8	98056	101412	JAVZWL010000002	114	0.09919571045576407	0.3087818696883853	1
Cas3_1_CAS-I-D	JAVZWL010000002_116	932	353	4.3e-10	36.3	101759	104554	JAVZWL010000002	116	0.11051502145922747	0.26345609065155806	-1
Cas3_1_I	JAVZWL010000001_66	408	178	0.005	14.0	55262	56485	JAVZWL010000001	66	0.23284313725490197	0.5224719101123596	1
Cas3_2_CAS-I	JAVZWL010000001_1167	741	967	3.4e-15	52.3	1088583	1090805	JAVZWL010000001	1167	0.38866396761133604	0.2998965873836608	-1
Cas3_2_CAS-I	JAVZWL010000001_149	349	967	9.1e-05	17.8	120909	121955	JAVZWL010000001	149	0.5444126074498568	0.20165460186142709	-1
Cas3_2_CAS-I	JAVZWL010000001_1665	906	967	8.3e-07	24.5	1540667	1543384	JAVZWL010000001	1665	0.206401766004415	0.18510858324715615	-1
Cas3_2_CAS-I	JAVZWL010000001_293	661	967	0.0054	11.9	252774	254756	JAVZWL010000001	293	0.20574886535552195	0.13650465356773525	1
Cas3_2_CAS-I	JAVZWL010000001_513	643	967	0.001	14.3	469040	470968	JAVZWL010000001	513	0.20373250388802489	0.13547052740434332	1
Cas3_2_CAS-I	JAVZWL010000001_643	1510	967	6.1e-08	28.3	608364	612893	JAVZWL010000001	643	0.14701986754966886	0.2202688728024819	-1
Cas3_2_CAS-I	JAVZWL010000002_109	539	967	4.6e-05	18.7	94468	96084	JAVZWL010000002	109	0.1836734693877551	0.09824198552223372	1
Cas3_2_CAS-I	JAVZWL010000002_116	932	967	0.0032	12.6	101759	104554	JAVZWL010000002	116	0.15665236051502146	0.1437435367114788	-1
Cas3d_0_CAS-I-D	JAVZWL010000001_1129	444	639	0.0009	14.8	1053289	1054620	JAVZWL010000001	1129	0.20945945945945946	0.14084507042253522	1
Cas3d_0_CAS-I-D	JAVZWL010000001_1167	741	639	1.6e-06	23.9	1088583	1090805	JAVZWL010000001	1167	0.34143049932523617	0.38810641627543035	-1
Cas3d_0_CAS-I-D	JAVZWL010000001_149	349	639	1.8e-05	20.4	120909	121955	JAVZWL010000001	149	0.332378223495702	0.17683881064162754	-1
Cas3d_0_CAS-I-D	JAVZWL010000001_1886	874	639	3.7e-05	19.4	1736760	1739381	JAVZWL010000001	1886	0.13615560640732266	0.17370892018779344	-1
Cas3d_0_CAS-I-D	JAVZWL010000001_272	701	639	0.0034	12.9	231315	233417	JAVZWL010000001	272	0.10699001426533523	0.12519561815336464	-1
Cas3d_0_CAS-I-D	JAVZWL010000001_513	643	639	1.3e-217	721.3	469040	470968	JAVZWL010000001	513	0.9937791601866252	0.9843505477308294	1
Cas3d_0_CAS-I-D	JAVZWL010000002_116	932	639	0.0021	13.6	101759	104554	JAVZWL010000002	116	0.1459227467811159	0.19874804381846636	-1
Cas3d_1_CAS-I-D	JAVZWL010000001_1129	444	627	2.8e-05	19.7	1053289	1054620	JAVZWL010000001	1129	0.1373873873873874	0.09888357256778309	1
Cas3d_1_CAS-I-D	JAVZWL010000001_1167	741	627	2e-11	40.0	1088583	1090805	JAVZWL010000001	1167	0.30229419703103916	0.36363636363636365	-1
Cas3d_1_CAS-I-D	JAVZWL010000001_293	661	627	0.0004	15.9	252774	254756	JAVZWL010000001	293	0.2692889561270802	0.26953748006379585	1
Cas3d_1_CAS-I-D	JAVZWL010000001_513	643	627	2.1e-07	26.7	469040	470968	JAVZWL010000001	513	0.47900466562986005	0.41626794258373206	1
Cas3d_1_CAS-I-D	JAVZWL010000001_643	1510	627	2e-09	33.3	608364	612893	JAVZWL010000001	643	0.15033112582781458	0.3094098883572568	-1
Cas3d_1_CAS-I-D	JAVZWL010000001_645	1132	627	1.1e-06	24.3	614176	617571	JAVZWL010000001	645	0.08657243816254417	0.14513556618819776	1
Cas3d_1_CAS-I-D	JAVZWL010000001_654	1104	627	2.9e-06	22.9	630174	633485	JAVZWL010000001	654	0.13496376811594202	0.22169059011164274	-1
Cas3d_1_CAS-I-D	JAVZWL010000002_109	539	627	0.015	10.7	94468	96084	JAVZWL010000002	109	0.18738404452690166	0.15151515151515152	1
Cas4_0_CAS-I-II-III-IV-V-VI	JAVZWL010000001_1359	223	179	8.7e-09	32.9	1281303	1281971	JAVZWL010000001	1359	0.8385650224215246	0.9329608938547486	1
Cas4_0_CAS-I-II-III-IV-V-VI	JAVZWL010000001_1580	231	179	0.0021	15.4	1476340	1477032	JAVZWL010000001	1580	0.2943722943722944	0.22346368715083798	1
Cas4_0_CAS-I-II-III-IV-V-VI	JAVZWL010000001_507	164	179	0.0019	15.5	462540	463031	JAVZWL010000001	507	0.725609756097561	0.7150837988826816	1
Cas4_0_CAS-I-II-III-IV-V-VI	JAVZWL010000001_647	206	179	0.00019	18.8	619631	620248	JAVZWL010000001	647	0.3592233009708738	0.4134078212290503	-1
Cas4_0_CAS-I-II-III-IV-V-VI	JAVZWL010000001_655	215	179	0.00072	16.9	633478	634122	JAVZWL010000001	655	0.2372093023255814	0.30726256983240224	-1
Cas4_0_I-II	JAVZWL010000001_1202	348	180	0.046	10.6	1123264	1124307	JAVZWL010000001	1202	0.14080459770114942	0.2722222222222222	1
Cas4_0_I-II	JAVZWL010000001_1359	223	180	1.1e-10	38.7	1281303	1281971	JAVZWL010000001	1359	0.8385650224215246	0.9277777777777778	1
Cas4_0_I-II	JAVZWL010000001_507	164	180	5.8e-05	20.1	462540	463031	JAVZWL010000001	507	0.7073170731707317	0.6888888888888889	1
Cas4_0_I-II	JAVZWL010000001_647	206	180	0.00012	19.0	619631	620248	JAVZWL010000001	647	0.3640776699029126	0.42777777777777776	-1
Cas4_0_I-II	JAVZWL010000001_655	215	180	8.2e-05	19.6	633478	634122	JAVZWL010000001	655	0.30697674418604654	0.35555555555555557	-1
Cas4_0_I-II-V	JAVZWL010000001_1359	223	177	5.8e-08	30.1	1281303	1281971	JAVZWL010000001	1359	0.7488789237668162	0.8305084745762712	1
Cas4_2_CAS-I-II-III-IV-V-VI	JAVZWL010000001_507	164	245	7.899999999999999e-69	228.6	462540	463031	JAVZWL010000001	507	0.9817073170731707	0.6530612244897959	1
Cas4_3_CAS-I-II-III-IV-V-VI	JAVZWL010000001_36	407	197	4.6	4.3	28680	29900	JAVZWL010000001	36	0.33906633906633904	0.7055837563451777	1
Cas4_5_CAS-I-II-III-IV-V-VI	JAVZWL010000001_655	215	161	0.0082	13.4	633478	634122	JAVZWL010000001	655	0.3209302325581395	0.4161490683229814	-1
Cas5_0_CAS-I	JAVZWL010000001_413	293	201	0.023	11.6	364755	365633	JAVZWL010000001	413	0.28668941979522183	0.3880597014925373	-1
Cas5_2_CAS-I-B	JAVZWL010000001_1068	169	194	0.013	12.6	1004053	1004559	JAVZWL010000001	1068	0.33136094674556216	0.24742268041237114	1
Cas6_0_CAS-I-A-III-D	JAVZWL010000001_508	282	246	6.5e-28	94.7	463118	463963	JAVZWL010000001	508	0.9680851063829787	0.9390243902439024	-1
Cas6_0_CAS-I-A-III-D	JAVZWL010000001_516	309	246	2e-07	27.6	477553	478479	JAVZWL010000001	516	0.8673139158576052	0.9349593495934959	1
Cas6_0_CAS-I-D	JAVZWL010000001_508	282	278	1.1000000000000001e-118	393.0	463118	463963	JAVZWL010000001	508	0.975177304964539	0.9892086330935251	-1
Cas6_0_CAS-I-II-III-IV-V-VI	JAVZWL010000001_516	309	194	6.5e-08	30.3	477553	478479	JAVZWL010000001	516	0.56957928802589	0.711340206185567	1
Cas6_0_I-III	JAVZWL010000001_508	282	200	2.6e-07	28.3	463118	463963	JAVZWL010000001	508	0.8120567375886525	0.97	-1
Cas6_0_I-III	JAVZWL010000001_516	309	200	3.7e-10	37.7	477553	478479	JAVZWL010000001	516	0.5436893203883495	0.695	1
Cas6_10_CAS-I-II-III-IV-V-VI	JAVZWL010000001_516	309	322	0.0035	13.7	477553	478479	JAVZWL010000001	516	0.35275080906148865	0.33229813664596275	1
Cas6_13_CAS-I-II-III-IV-V-VI	JAVZWL010000001_508	282	151	0.081	10.4	463118	463963	JAVZWL010000001	508	0.6631205673758865	0.9602649006622517	-1
Cas6_15_CAS-I-II-III-IV-V-VI	JAVZWL010000001_508	282	112	3e-15	53.9	463118	463963	JAVZWL010000001	508	0.4432624113475177	1.0	-1
Cas6_15_CAS-I-II-III-IV-V-VI	JAVZWL010000001_516	309	112	1.9e-16	57.8	477553	478479	JAVZWL010000001	516	0.44983818770226536	1.0	1
Cas6_8_CAS-I-II-III-IV-V-VI	JAVZWL010000001_508	282	275	9.6e-05	19.0	463118	463963	JAVZWL010000001	508	0.7056737588652482	0.7345454545454545	-1
Cas6_8_CAS-I-II-III-IV-V-VI	JAVZWL010000001_516	309	275	7.5e-07	25.9	477553	478479	JAVZWL010000001	516	0.5631067961165048	0.5636363636363636	1
Cas8a1_0_IA	JAVZWL010000001_612	154	152	0.011	13.2	575790	576251	JAVZWL010000001	612	0.4675324675324675	0.4934210526315789	1
Cas8a2_1_CAS-I-A	JAVZWL010000001_231	170	352	0.008	12.2	199532	200041	JAVZWL010000001	231	0.4	0.1903409090909091	1
Cas8b1_11_CAS-I-B	JAVZWL010000001_1523	66	503	0.035	9.8	1430489	1430686	JAVZWL010000001	1523	0.7575757575757576	0.09940357852882704	-1
Cas8b3_1_CAS-I-B	JAVZWL010000001_612	154	152	0.0017	15.7	575790	576251	JAVZWL010000001	612	0.5194805194805194	0.5263157894736842	1
CasR_0_CAS-I-II-III-IV-V-VI	JAVZWL010000001_1021	156	198	2.4e-06	24.4	962810	963277	JAVZWL010000001	1021	0.4423076923076923	0.35353535353535354	-1
CasR_0_CAS-I-II-III-IV-V-VI	JAVZWL010000001_1121	241	198	4.6e-06	23.5	1047655	1048377	JAVZWL010000001	1121	0.27385892116182575	0.3383838383838384	1
CasR_0_CAS-I-II-III-IV-V-VI	JAVZWL010000001_1224	175	198	1.1e-06	25.5	1144055	1144579	JAVZWL010000001	1224	0.26857142857142857	0.23737373737373738	-1
CasR_0_CAS-I-II-III-IV-V-VI	JAVZWL010000001_1465	112	198	0.00048	16.9	1377096	1377431	JAVZWL010000001	1465	0.5178571428571429	0.2878787878787879	1
CasR_0_CAS-I-II-III-IV-V-VI	JAVZWL010000001_1502	111	198	7.1e-06	22.9	1410895	1411227	JAVZWL010000001	1502	0.5945945945945946	0.32323232323232326	1
CasR_0_CAS-I-II-III-IV-V-VI	JAVZWL010000001_1539	105	198	3.1e-05	20.8	1445162	1445476	JAVZWL010000001	1539	0.6761904761904762	0.25757575757575757	-1
CasR_0_CAS-I-II-III-IV-V-VI	JAVZWL010000001_1567	142	198	1e-07	28.8	1466042	1466467	JAVZWL010000001	1567	0.7394366197183099	0.5252525252525253	-1
CasR_0_CAS-I-II-III-IV-V-VI	JAVZWL010000001_1784	249	198	7.7e-08	29.3	1652080	1652826	JAVZWL010000001	1784	0.3092369477911647	0.3333333333333333	1
CasR_0_CAS-I-II-III-IV-V-VI	JAVZWL010000001_1821	140	198	0.007	13.1	1681143	1681562	JAVZWL010000001	1821	0.6857142857142857	0.32323232323232326	-1
CasR_0_CAS-I-II-III-IV-V-VI	JAVZWL010000001_1823	116	198	0.00055	16.7	1682234	1682581	JAVZWL010000001	1823	0.33620689655172414	0.19696969696969696	-1
CasR_0_CAS-I-II-III-IV-V-VI	JAVZWL010000001_185	93	198	0.0038	13.9	151994	152272	JAVZWL010000001	185	0.5053763440860215	0.24242424242424243	1
CasR_0_CAS-I-II-III-IV-V-VI	JAVZWL010000001_1875	466	198	0.00023	17.9	1727429	1728826	JAVZWL010000001	1875	0.16952789699570817	0.2878787878787879	1
CasR_0_CAS-I-II-III-IV-V-VI	JAVZWL010000001_247	139	198	6.4e-08	29.5	210936	211352	JAVZWL010000001	247	0.460431654676259	0.3181818181818182	1
CasR_0_CAS-I-II-III-IV-V-VI	JAVZWL010000001_309	288	198	2.5e-07	27.6	265975	266838	JAVZWL010000001	309	0.3263888888888889	0.3434343434343434	1
CasR_0_CAS-I-II-III-IV-V-VI	JAVZWL010000001_378	151	198	6.8e-05	19.7	331534	331986	JAVZWL010000001	378	0.6821192052980133	0.5151515151515151	1
CasR_0_CAS-I-II-III-IV-V-VI	JAVZWL010000001_385	327	198	0.0048	13.6	339939	340919	JAVZWL010000001	385	0.14984709480122324	0.25252525252525254	1
CasR_0_CAS-I-II-III-IV-V-VI	JAVZWL010000001_447	153	198	0.00042	17.1	398918	399376	JAVZWL010000001	447	0.3333333333333333	0.25757575757575757	1
CasR_0_CAS-I-II-III-IV-V-VI	JAVZWL010000001_457	153	198	0.00042	17.1	406894	407352	JAVZWL010000001	457	0.32679738562091504	0.25252525252525254	1
CasR_0_CAS-I-II-III-IV-V-VI	JAVZWL010000001_482	282	198	0.00084	16.1	432393	433238	JAVZWL010000001	482	0.23049645390070922	0.3333333333333333	1
CasR_0_CAS-I-II-III-IV-V-VI	JAVZWL010000001_509	217	198	1.7e-29	99.9	463947	464597	JAVZWL010000001	509	0.9216589861751152	0.9949494949494949	-1
CasR_0_CAS-I-II-III-IV-V-VI	JAVZWL010000001_597	221	198	0.0025	14.5	558827	559489	JAVZWL010000001	597	0.3393665158371041	0.7525252525252525	1
CasR_0_CAS-I-II-III-IV-V-VI	JAVZWL010000001_676	117	198	9.9e-08	28.9	656595	656945	JAVZWL010000001	676	0.6068376068376068	0.3686868686868687	-1
CasR_0_CAS-I-II-III-IV-V-VI	JAVZWL010000001_71	95	198	2.8e-06	24.2	59424	59708	JAVZWL010000001	71	0.4631578947368421	0.22727272727272727	1
CasR_0_CAS-I-II-III-IV-V-VI	JAVZWL010000001_723	212	198	2.4e-05	21.1	699979	700614	JAVZWL010000001	723	0.2830188679245283	0.29797979797979796	-1
CasR_0_CAS-I-II-III-IV-V-VI	JAVZWL010000001_760	119	198	0.0067	13.2	731081	731437	JAVZWL010000001	760	0.453781512605042	0.25757575757575757	1
CasR_0_CAS-I-II-III-IV-V-VI	JAVZWL010000001_78	129	198	6e-06	23.1	62571	62957	JAVZWL010000001	78	0.4418604651162791	0.2878787878787879	1
CasR_0_CAS-I-II-III-IV-V-VI	JAVZWL010000001_81	116	198	0.00019	18.2	63409	63756	JAVZWL010000001	81	0.4827586206896552	0.2777777777777778	-1
CasR_0_CAS-I-II-III-IV-V-VI	JAVZWL010000001_867	256	198	6.1e-07	26.3	829864	830631	JAVZWL010000001	867	0.3203125	0.25252525252525254	-1
CasR_0_CAS-I-II-III-IV-V-VI	JAVZWL010000001_890	210	198	0.0042	13.8	851630	852259	JAVZWL010000001	890	0.24761904761904763	0.2676767676767677	-1
CasR_0_CAS-I-II-III-IV-V-VI	JAVZWL010000001_904	266	198	4.7e-09	33.2	863181	863978	JAVZWL010000001	904	0.4323308270676692	0.36363636363636365	-1
CasR_0_CAS-I-II-III-IV-V-VI	JAVZWL010000001_991	84	198	4.9e-06	23.4	936439	936690	JAVZWL010000001	991	0.6071428571428571	0.2676767676767677	-1
CasR_0_CAS-I-II-III-IV-V-VI	JAVZWL010000002_103	218	198	0.0014	15.3	90275	90928	JAVZWL010000002	103	0.21100917431192662	0.22727272727272727	-1
CasR_0_CAS-I-II-III-IV-V-VI	JAVZWL010000002_395	214	198	4.2e-05	20.3	365361	366002	JAVZWL010000002	395	0.22897196261682243	0.24242424242424243	-1
CasR_0_CAS-I-II-III-IV-V-VI	JAVZWL010000002_406	133	198	2.9e-05	20.9	373017	373415	JAVZWL010000002	406	0.46616541353383456	0.31313131313131315	-1
CasR_0_CAS-I-II-III-IV-V-VI	JAVZWL010000002_426	85	198	0.0018	15.0	388202	388456	JAVZWL010000002	426	0.6470588235294118	0.2727272727272727	1
CasR_0_CAS-I-II-III-IV-V-VI	JAVZWL010000002_432	133	198	0.012	12.4	392606	393004	JAVZWL010000002	432	0.3082706766917293	0.21717171717171718	1
CasR_0_CAS-I-II-III-IV-V-VI	JAVZWL010000002_444	131	198	3.8e-05	20.5	402360	402752	JAVZWL010000002	444	0.2748091603053435	0.1919191919191919	1
CasR_0_CAS-I-II-III-IV-V-VI	JAVZWL010000002_93	119	198	0.034	10.8	82994	83350	JAVZWL010000002	93	0.4369747899159664	0.2727272727272727	-1
CasR_1_CAS-I-II-III-IV-V-VI	JAVZWL010000001_1021	156	218	5.6e-07	26.0	962810	963277	JAVZWL010000001	1021	0.42948717948717946	0.3119266055045872	-1
CasR_1_CAS-I-II-III-IV-V-VI	JAVZWL010000001_1121	241	218	2.5e-06	23.9	1047655	1048377	JAVZWL010000001	1121	0.2697095435684647	0.30275229357798167	1
CasR_1_CAS-I-II-III-IV-V-VI	JAVZWL010000001_1224	175	218	3.6e-07	26.7	1144055	1144579	JAVZWL010000001	1224	0.3942857142857143	0.3165137614678899	-1
CasR_1_CAS-I-II-III-IV-V-VI	JAVZWL010000001_1465	112	218	8.5e-05	18.9	1377096	1377431	JAVZWL010000001	1465	0.42857142857142855	0.22477064220183487	1
CasR_1_CAS-I-II-III-IV-V-VI	JAVZWL010000001_1502	111	218	8.5e-07	25.5	1410895	1411227	JAVZWL010000001	1502	0.6126126126126126	0.3211009174311927	1
CasR_1_CAS-I-II-III-IV-V-VI	JAVZWL010000001_1539	105	218	2.2e-05	20.8	1445162	1445476	JAVZWL010000001	1539	0.6952380952380952	0.21100917431192662	-1
CasR_1_CAS-I-II-III-IV-V-VI	JAVZWL010000001_1567	142	218	1.3e-07	28.1	1466042	1466467	JAVZWL010000001	1567	0.5211267605633803	0.3394495412844037	-1
CasR_1_CAS-I-II-III-IV-V-VI	JAVZWL010000001_1739	177	218	0.0089	12.3	1608917	1609447	JAVZWL010000001	1739	0.384180790960452	0.25229357798165136	-1
CasR_1_CAS-I-II-III-IV-V-VI	JAVZWL010000001_1784	249	218	1.9e-08	30.9	1652080	1652826	JAVZWL010000001	1784	0.3493975903614458	0.3486238532110092	1
CasR_1_CAS-I-II-III-IV-V-VI	JAVZWL010000001_1821	140	218	0.00017	17.9	1681143	1681562	JAVZWL010000001	1821	0.5571428571428572	0.24770642201834864	-1
CasR_1_CAS-I-II-III-IV-V-VI	JAVZWL010000001_1823	116	218	0.00031	17.1	1682234	1682581	JAVZWL010000001	1823	0.3448275862068966	0.1834862385321101	-1
CasR_1_CAS-I-II-III-IV-V-VI	JAVZWL010000001_185	93	218	0.0015	14.8	151994	152272	JAVZWL010000001	185	0.5053763440860215	0.22018348623853212	1
CasR_1_CAS-I-II-III-IV-V-VI	JAVZWL010000001_1875	466	218	5.7e-06	22.7	1727429	1728826	JAVZWL010000001	1875	0.16952789699570817	0.26146788990825687	1
CasR_1_CAS-I-II-III-IV-V-VI	JAVZWL010000001_247	139	218	8.7e-08	28.7	210936	211352	JAVZWL010000001	247	0.4460431654676259	0.2798165137614679	1
CasR_1_CAS-I-II-III-IV-V-VI	JAVZWL010000001_309	288	218	2.8e-09	33.6	265975	266838	JAVZWL010000001	309	0.3506944444444444	0.3394495412844037	1
CasR_1_CAS-I-II-III-IV-V-VI	JAVZWL010000001_378	151	218	4e-05	20.0	331534	331986	JAVZWL010000001	378	0.3973509933774834	0.2798165137614679	1
CasR_1_CAS-I-II-III-IV-V-VI	JAVZWL010000001_385	327	218	0.0055	13.0	339939	340919	JAVZWL010000001	385	0.14678899082568808	0.22477064220183487	1
CasR_1_CAS-I-II-III-IV-V-VI	JAVZWL010000001_447	153	218	0.00059	16.2	398918	399376	JAVZWL010000001	447	0.32679738562091504	0.22935779816513763	1
CasR_1_CAS-I-II-III-IV-V-VI	JAVZWL010000001_457	153	218	7.1e-05	19.2	406894	407352	JAVZWL010000001	457	0.3202614379084967	0.22477064220183487	1
CasR_1_CAS-I-II-III-IV-V-VI	JAVZWL010000001_482	282	218	0.0011	15.3	432393	433238	JAVZWL010000001	482	0.2198581560283688	0.2889908256880734	1
CasR_1_CAS-I-II-III-IV-V-VI	JAVZWL010000001_509	217	218	2.4e-32	109.0	463947	464597	JAVZWL010000001	509	0.9723502304147466	0.9678899082568807	-1
CasR_1_CAS-I-II-III-IV-V-VI	JAVZWL010000001_676	117	218	2e-08	30.7	656595	656945	JAVZWL010000001	676	0.4358974358974359	0.24311926605504589	-1
CasR_1_CAS-I-II-III-IV-V-VI	JAVZWL010000001_71	95	218	2.8e-06	23.7	59424	59708	JAVZWL010000001	71	0.5894736842105263	0.27522935779816515	1
CasR_1_CAS-I-II-III-IV-V-VI	JAVZWL010000001_723	212	218	1.7e-05	21.2	699979	700614	JAVZWL010000001	723	0.3632075471698113	0.3532110091743119	-1
CasR_1_CAS-I-II-III-IV-V-VI	JAVZWL010000001_78	129	218	5.4e-06	22.8	62571	62957	JAVZWL010000001	78	0.4496124031007752	0.26605504587155965	1
CasR_1_CAS-I-II-III-IV-V-VI	JAVZWL010000001_81	116	218	0.00021	17.6	63409	63756	JAVZWL010000001	81	0.5172413793103449	0.2706422018348624	-1
CasR_1_CAS-I-II-III-IV-V-VI	JAVZWL010000001_853	1020	218	0.0029	13.9	813176	816235	JAVZWL010000001	853	0.1	0.47706422018348627	1
CasR_1_CAS-I-II-III-IV-V-VI	JAVZWL010000001_867	256	218	1.9e-08	30.9	829864	830631	JAVZWL010000001	867	0.46875	0.3532110091743119	-1
CasR_1_CAS-I-II-III-IV-V-VI	JAVZWL010000001_890	210	218	0.0012	15.1	851630	852259	JAVZWL010000001	890	0.23809523809523808	0.23394495412844038	-1
CasR_1_CAS-I-II-III-IV-V-VI	JAVZWL010000001_904	266	218	1.7e-09	34.3	863181	863978	JAVZWL010000001	904	0.33458646616541354	0.22018348623853212	-1
CasR_1_CAS-I-II-III-IV-V-VI	JAVZWL010000001_936	135	218	0.01	12.1	890098	890502	JAVZWL010000001	936	0.17037037037037037	0.10550458715596331	-1
CasR_1_CAS-I-II-III-IV-V-VI	JAVZWL010000001_991	84	218	6.5e-07	25.8	936439	936690	JAVZWL010000001	991	0.6071428571428571	0.24311926605504589	-1
CasR_1_CAS-I-II-III-IV-V-VI	JAVZWL010000002_103	218	218	0.00023	17.5	90275	90928	JAVZWL010000002	103	0.23853211009174313	0.23853211009174313	-1
CasR_1_CAS-I-II-III-IV-V-VI	JAVZWL010000002_335	157	218	0.001	15.4	315135	315605	JAVZWL010000002	335	0.36942675159235666	0.28440366972477066	-1
CasR_1_CAS-I-II-III-IV-V-VI	JAVZWL010000002_349	110	218	0.0091	12.3	324252	324581	JAVZWL010000002	349	0.6181818181818182	0.3119266055045872	-1
CasR_1_CAS-I-II-III-IV-V-VI	JAVZWL010000002_395	214	218	9.1e-05	18.8	365361	366002	JAVZWL010000002	395	0.2523364485981308	0.24770642201834864	-1
CasR_1_CAS-I-II-III-IV-V-VI	JAVZWL010000002_406	133	218	6.2e-06	22.6	373017	373415	JAVZWL010000002	406	0.43609022556390975	0.26605504587155965	-1
CasR_1_CAS-I-II-III-IV-V-VI	JAVZWL010000002_426	85	218	0.00067	16.0	388202	388456	JAVZWL010000002	426	0.5411764705882353	0.21100917431192662	1
CasR_1_CAS-I-II-III-IV-V-VI	JAVZWL010000002_432	133	218	0.0032	13.7	392606	393004	JAVZWL010000002	432	0.3308270676691729	0.21100917431192662	1
CasR_1_CAS-I-II-III-IV-V-VI	JAVZWL010000002_444	131	218	5.5e-05	19.5	402360	402752	JAVZWL010000002	444	0.2748091603053435	0.1743119266055046	1
CasR_1_CAS-I-II-III-IV-V-VI	JAVZWL010000002_93	119	218	0.0039	13.5	82994	83350	JAVZWL010000002	93	0.4117647058823529	0.23394495412844038	-1
Cmr3_0_IIIC	JAVZWL010000001_955	339	287	0.0066	12.9	908928	909944	JAVZWL010000001	955	0.23893805309734514	0.2926829268292683	-1
Cmr5gr11_12_CAS-III-B	JAVZWL010000001_378	151	141	0.019	11.9	331534	331986	JAVZWL010000001	378	0.6754966887417219	0.6950354609929078	1
Cmr5gr11_1_CAS-III-B	JAVZWL010000001_1432	68	137	0.023	11.6	1347921	1348124	JAVZWL010000001	1432	0.39705882352941174	0.19708029197080293	1
Cmr5gr11_7_CAS-III-B	JAVZWL010000001_1819	212	134	0.0026	15.0	1679314	1679949	JAVZWL010000001	1819	0.4386792452830189	0.6492537313432836	1
Csa3_1_CAS-I-II-III-IV-V-VI	JAVZWL010000001_1121	241	118	0.01	13.4	1047655	1048377	JAVZWL010000001	1121	0.2157676348547718	0.4915254237288136	1
Csa3_1_CAS-I-II-III-IV-V-VI	JAVZWL010000001_1218	398	118	0.0003	18.3	1140532	1141725	JAVZWL010000001	1218	0.18592964824120603	0.5	1
Csa3_1_CAS-I-II-III-IV-V-VI	JAVZWL010000001_1465	112	118	2e-07	28.5	1377096	1377431	JAVZWL010000001	1465	0.6696428571428571	0.6694915254237288	1
Csa3_1_CAS-I-II-III-IV-V-VI	JAVZWL010000001_1502	111	118	8.3e-10	36.2	1410895	1411227	JAVZWL010000001	1502	0.6576576576576577	0.6694915254237288	1
Csa3_1_CAS-I-II-III-IV-V-VI	JAVZWL010000001_1739	177	118	0.049	11.1	1608917	1609447	JAVZWL010000001	1739	0.4745762711864407	0.711864406779661	-1
Csa3_1_CAS-I-II-III-IV-V-VI	JAVZWL010000001_1823	116	118	0.00069	17.1	1682234	1682581	JAVZWL010000001	1823	0.6551724137931034	0.5084745762711864	-1
Csa3_1_CAS-I-II-III-IV-V-VI	JAVZWL010000001_207	126	118	1.3e-05	22.6	174488	174865	JAVZWL010000001	207	0.3968253968253968	0.3813559322033898	1
Csa3_1_CAS-I-II-III-IV-V-VI	JAVZWL010000001_247	139	118	0.00051	17.5	210936	211352	JAVZWL010000001	247	0.48201438848920863	0.5423728813559322	1
Csa3_1_CAS-I-II-III-IV-V-VI	JAVZWL010000001_260	141	118	0.0019	15.7	218991	219413	JAVZWL010000001	260	0.49645390070921985	0.4661016949152542	1
Csa3_1_CAS-I-II-III-IV-V-VI	JAVZWL010000001_378	151	118	0.026	12.0	331534	331986	JAVZWL010000001	378	0.5894039735099338	0.5084745762711864	1
Csa3_1_CAS-I-II-III-IV-V-VI	JAVZWL010000001_385	327	118	0.00017	19.1	339939	340919	JAVZWL010000001	385	0.21406727828746178	0.5338983050847458	1
Csa3_1_CAS-I-II-III-IV-V-VI	JAVZWL010000001_426	386	118	7.3e-08	29.9	378107	379264	JAVZWL010000001	426	0.3911917098445596	0.7966101694915254	1
Csa3_1_CAS-I-II-III-IV-V-VI	JAVZWL010000001_482	282	118	0.00029	18.3	432393	433238	JAVZWL010000001	482	0.22695035460992907	0.3898305084745763	1
Csa3_1_CAS-I-II-III-IV-V-VI	JAVZWL010000001_509	217	118	2.1e-05	22.0	463947	464597	JAVZWL010000001	509	0.22580645161290322	0.5	-1
Csa3_1_CAS-I-II-III-IV-V-VI	JAVZWL010000001_57	157	118	0.014	12.9	47997	48467	JAVZWL010000001	57	0.3630573248407643	0.3644067796610169	-1
Csa3_1_CAS-I-II-III-IV-V-VI	JAVZWL010000001_676	117	118	7e-19	65.4	656595	656945	JAVZWL010000001	676	0.7521367521367521	0.8220338983050848	-1
Csa3_1_CAS-I-II-III-IV-V-VI	JAVZWL010000001_707	86	118	0.00048	17.6	682682	682939	JAVZWL010000001	707	0.6627906976744186	0.4406779661016949	1
Csa3_1_CAS-I-II-III-IV-V-VI	JAVZWL010000001_723	212	118	0.0031	15.0	699979	700614	JAVZWL010000001	723	0.41037735849056606	0.6694915254237288	-1
Csa3_1_CAS-I-II-III-IV-V-VI	JAVZWL010000001_760	119	118	7.4e-05	20.2	731081	731437	JAVZWL010000001	760	0.5966386554621849	0.559322033898305	1
Csa3_1_CAS-I-II-III-IV-V-VI	JAVZWL010000001_81	116	118	0.0015	16.0	63409	63756	JAVZWL010000001	81	0.39655172413793105	0.3728813559322034	-1
Csa3_1_CAS-I-II-III-IV-V-VI	JAVZWL010000001_867	256	118	0.00022	18.7	829864	830631	JAVZWL010000001	867	0.3359375	0.5	-1
Csa3_1_CAS-I-II-III-IV-V-VI	JAVZWL010000001_904	266	118	0.011	13.2	863181	863978	JAVZWL010000001	904	0.2593984962406015	0.4322033898305085	-1
Csa3_1_CAS-I-II-III-IV-V-VI	JAVZWL010000001_936	135	118	0.005	14.3	890098	890502	JAVZWL010000001	936	0.5333333333333333	0.5338983050847458	-1
Csa3_1_CAS-I-II-III-IV-V-VI	JAVZWL010000001_991	84	118	8.3e-09	33.0	936439	936690	JAVZWL010000001	991	0.8452380952380952	0.652542372881356	-1
Csa3_1_CAS-I-II-III-IV-V-VI	JAVZWL010000002_103	218	118	3.9e-05	21.1	90275	90928	JAVZWL010000002	103	0.23853211009174313	0.5254237288135594	-1
Csa3_1_CAS-I-II-III-IV-V-VI	JAVZWL010000002_349	110	118	8.8e-07	26.4	324252	324581	JAVZWL010000002	349	0.6363636363636364	0.6101694915254238	-1
Csa3_1_CAS-I-II-III-IV-V-VI	JAVZWL010000002_395	214	118	0.0046	14.5	365361	366002	JAVZWL010000002	395	0.35046728971962615	0.5847457627118644	-1
Csa3_1_CAS-I-II-III-IV-V-VI	JAVZWL010000002_432	133	118	6.4e-06	23.7	392606	393004	JAVZWL010000002	432	0.42105263157894735	0.5084745762711864	1
Csa3_1_CAS-I-II-III-IV-V-VI	JAVZWL010000002_69	208	118	0.01	13.4	60979	61602	JAVZWL010000002	69	0.38461538461538464	0.3728813559322034	1
Csa5gr11_2_CAS-I-A	JAVZWL010000001_1610	152	101	0.0047	14.5	1499620	1500075	JAVZWL010000001	1610	0.618421052631579	0.5445544554455446	-1
Csc1_0_ID	JAVZWL010000001_512	261	225	5.5e-12	42.6	468252	469034	JAVZWL010000001	512	0.7126436781609196	0.7644444444444445	1
Csc1gr5_1_CAS-I-D	JAVZWL010000001_512	261	210	7.9e-13	45.6	468252	469034	JAVZWL010000001	512	0.7126436781609196	0.7571428571428571	1
Csc1gr5_4_CAS-I-D	JAVZWL010000001_512	261	255	3.8000000000000004e-74	246.4	468252	469034	JAVZWL010000001	512	0.9808429118773946	0.9568627450980393	1
Csc2_0_ID	JAVZWL010000001_511	350	282	3.7e-67	223.7	467206	468255	JAVZWL010000001	511	0.8142857142857143	0.9929078014184397	1
Csc2gr7_0_CAS-I-D	JAVZWL010000001_511	350	274	1.9e-65	218.1	467206	468255	JAVZWL010000001	511	0.8057142857142857	1.0	1
Cse2_0_IE	JAVZWL010000001_790	80	159	0.00062	17.2	755611	755850	JAVZWL010000001	790	0.6125	0.3081761006289308	-1
Cse2gr11_0_CAS-I-E	JAVZWL010000001_1529	188	160	0.021	12.2	1434300	1434863	JAVZWL010000001	1529	0.28191489361702127	0.31875	-1
Cse2gr11_7_CAS-I-E	JAVZWL010000001_188	656	144	0.012	13.1	155173	157140	JAVZWL010000001	188	0.06402439024390244	0.2708333333333333	-1
Csf1_0_IV	JAVZWL010000001_883	492	227	0.015	12.0	841315	842790	JAVZWL010000001	883	0.1443089430894309	0.23348017621145375	-1
Csf4_0_IVA	JAVZWL010000001_1167	741	666	0.013	11.1	1088583	1090805	JAVZWL010000001	1167	0.059379217273954114	0.07057057057057058	-1
Csf4_0_IVA	JAVZWL010000001_149	349	666	4.6e-06	22.6	120909	121955	JAVZWL010000001	149	0.35816618911174786	0.1831831831831832	-1
Csf4_0_IVA	JAVZWL010000001_645	1132	666	0.032	9.9	614176	617571	JAVZWL010000001	645	0.15812720848056538	0.2552552552552553	1
Csf4_0_IVA	JAVZWL010000001_649	578	666	0.0015	14.3	620698	622431	JAVZWL010000001	649	0.15570934256055363	0.13663663663663664	-1
Csf4_0_IVA	JAVZWL010000002_243	542	666	1.7e-14	50.4	228646	230271	JAVZWL010000002	243	0.4907749077490775	0.4264264264264264	-1
Csf4_1_IVA1	JAVZWL010000001_1167	741	802	0.0023	13.2	1088583	1090805	JAVZWL010000001	1167	0.0728744939271255	0.06982543640897755	-1
Csf4_1_IVA1	JAVZWL010000001_293	661	802	0.00036	15.9	252774	254756	JAVZWL010000001	293	0.16338880484114976	0.13591022443890274	1
Csf4_1_IVA1	JAVZWL010000001_645	1132	802	0.0025	13.1	614176	617571	JAVZWL010000001	645	0.13074204946996468	0.185785536159601	1
Csf4_1_IVA1	JAVZWL010000001_656	1070	802	0.018	10.3	634247	637456	JAVZWL010000001	656	0.09065420560747664	0.12344139650872818	-1
Csf4_1_IVA1	JAVZWL010000002_243	542	802	9.5e-07	24.4	228646	230271	JAVZWL010000002	243	0.23616236162361623	0.15835411471321695	-1
Csf4_3_IVE	JAVZWL010000002_243	542	648	8.7e-10	34.9	228646	230271	JAVZWL010000002	243	0.26199261992619927	0.21450617283950618	-1
Csm2_1_IIIA	JAVZWL010000001_1001	262	139	0.031	11.6	944199	944984	JAVZWL010000001	1001	0.3931297709923664	0.7050359712230215	1
Csm2gr11_0_CAS-III-A	JAVZWL010000001_19	199	95	0.002	16.1	13456	14052	JAVZWL010000001	19	0.5678391959798995	0.7789473684210526	-1
Csm4gr5_2_CAS-III-A	JAVZWL010000001_512	261	241	0.02	12.3	468252	469034	JAVZWL010000001	512	0.40229885057471265	0.43568464730290457	1
Csm4gr5_2_CAS-III-A	JAVZWL010000002_9	361	241	0.0077	13.7	5993	7075	JAVZWL010000002	9	0.24930747922437674	0.37344398340248963	1
Csm6_5_CAS-III	JAVZWL010000001_517	76	278	8.6e-05	18.9	479237	479464	JAVZWL010000001	517	0.7763157894736842	0.21942446043165467	1
Csn2_0_CAS-II-C	JAVZWL010000002_239	192	328	0.0061	12.9	225719	226294	JAVZWL010000002	239	0.578125	0.3445121951219512	-1
Csn2_7_CAS-II-A	JAVZWL010000001_1553	368	372	0.00071	15.7	1456308	1457411	JAVZWL010000001	1553	0.23097826086956522	0.17473118279569894	-1
Csn2_7_CAS-II-A	JAVZWL010000001_1811	454	372	0.0059	12.7	1670037	1671398	JAVZWL010000001	1811	0.34801762114537443	0.43548387096774194	-1
Csn2_7_CAS-II-A	JAVZWL010000001_418	363	372	0.012	11.6	368733	369821	JAVZWL010000001	418	0.24242424242424243	0.25	-1
Csn2_7_CAS-II-A	JAVZWL010000001_631	513	372	0.0011	15.0	597860	599398	JAVZWL010000001	631	0.2046783625730994	0.22043010752688172	-1
Csn2_7_CAS-II-A	JAVZWL010000002_22	249	372	0.00014	18.0	18890	19636	JAVZWL010000002	22	0.30120481927710846	0.1989247311827957	-1
Csx10gr5_2_CAS-III-D	JAVZWL010000001_798	209	482	0.018	10.6	762068	762694	JAVZWL010000001	798	0.2727272727272727	0.12033195020746888	-1
Csx18_0_CAS-I-III	JAVZWL010000001_877	112	96	0.17	9.0	837470	837805	JAVZWL010000001	877	0.42857142857142855	0.28125	-1
Csx1_16_CAS-III	JAVZWL010000001_1697	175	420	0.0044	12.9	1571032	1571556	JAVZWL010000001	1697	0.2914285714285714	0.11904761904761904	1
Csx3_2_CAS-I-III	JAVZWL010000001_1076	600	277	0.0024	14.1	1010649	1012448	JAVZWL010000001	1076	0.075	0.09025270758122744	1
Csx3_2_CAS-I-III	JAVZWL010000001_1115	453	277	0.011	11.9	1041269	1042627	JAVZWL010000001	1115	0.1280353200883002	0.21299638989169675	1
Csx3_2_CAS-I-III	JAVZWL010000001_1247	701	277	0.0002	17.7	1164467	1166569	JAVZWL010000001	1247	0.06704707560627675	0.09747292418772563	-1
Csx3_2_CAS-I-III	JAVZWL010000001_1521	749	277	0.0092	12.2	1427841	1430087	JAVZWL010000001	1521	0.050734312416555405	0.06859205776173286	-1
Csx3_2_CAS-I-III	JAVZWL010000001_1780	761	277	0.0013	15.0	1644865	1647147	JAVZWL010000001	1780	0.05519053876478318	0.08303249097472924	-1
Csx3_2_CAS-I-III	JAVZWL010000001_987	181	277	0.014	11.6	933517	934059	JAVZWL010000001	987	0.16574585635359115	0.11191335740072202	1
Csx3_2_CAS-I-III	JAVZWL010000002_354	332	277	0.00033	17.0	327611	328606	JAVZWL010000002	354	0.10843373493975904	0.1371841155234657	-1
Csx3_2_CAS-I-III	JAVZWL010000002_425	418	277	0.019	11.2	386974	388227	JAVZWL010000002	425	0.07894736842105263	0.11913357400722022	1
CysH_0_IVB	JAVZWL010000001_1166	461	249	0.0041	13.9	1087066	1088448	JAVZWL010000001	1166	0.2668112798264642	0.41365461847389556	-1
CysH_0_IVB	JAVZWL010000001_156	319	249	0.00044	17.1	126888	127844	JAVZWL010000001	156	0.07523510971786834	0.0963855421686747	1
CysH_0_IVB	JAVZWL010000001_717	239	249	4.4e-14	49.9	692584	693300	JAVZWL010000001	717	0.7573221757322176	0.7068273092369478	-1
CysH_0_IVB	JAVZWL010000002_317	316	249	0.0038	14.0	299484	300431	JAVZWL010000002	317	0.08544303797468354	0.10843373493975904	1
HTH_0_CAS-III-A	JAVZWL010000001_1821	140	364	0.0012	15.1	1681143	1681562	JAVZWL010000001	1821	0.4714285714285714	0.1043956043956044	-1
PD_DExK_0_CAS-I-B	JAVZWL010000001_1359	223	231	0.0013	15.3	1281303	1281971	JAVZWL010000001	1359	0.5829596412556054	0.5757575757575758	1
RecD_0_IVD	JAVZWL010000001_10	374	763	0.00015	17.1	8485	9606	JAVZWL010000001	10	0.21657754010695188	0.09698558322411534	-1
RecD_0_IVD	JAVZWL010000001_631	513	763	0.0036	12.5	597860	599398	JAVZWL010000001	631	0.16569200779727095	0.08387942332896461	-1
RecD_0_IVD	JAVZWL010000001_649	578	763	0.011	11.0	620698	622431	JAVZWL010000001	649	0.1972318339100346	0.145478374836173	-1
RecD_0_IVD	JAVZWL010000001_987	181	763	0.013	10.7	933517	934059	JAVZWL010000001	987	0.27624309392265195	0.0655307994757536	1
TPR_1_CAS-III-A	JAVZWL010000001_887	287	462	0.0085	11.9	848670	849530	JAVZWL010000001	887	0.3867595818815331	0.27056277056277056	-1
TPR_1_CAS-III-A	JAVZWL010000001_986	414	462	0.0009	15.1	932194	933435	JAVZWL010000001	986	0.14251207729468598	0.1277056277056277	-1
TPR_1_CAS-III-B	JAVZWL010000001_111	247	537	0.00016	17.6	87268	88008	JAVZWL010000001	111	0.6882591093117408	0.3258845437616387	-1
TnpB_0_Competitive	JAVZWL010000001_1543	277	400	6.6e-06	22.4	1448704	1449534	JAVZWL010000001	1543	0.259927797833935	0.1925	-1
TnpB_0_Competitive	JAVZWL010000001_36	407	400	3.1e-61	204.6	28680	29900	JAVZWL010000001	36	0.8624078624078624	0.91	1
TnpB_1_Competitive	JAVZWL010000001_1543	277	409	5.2e-12	42.3	1448704	1449534	JAVZWL010000001	1543	0.26714801444043323	0.18337408312958436	-1
TnpB_1_Competitive	JAVZWL010000001_36	407	409	1.6e-73	245.0	28680	29900	JAVZWL010000001	36	0.8746928746928747	0.8973105134474327	1
Unk_03_0_CAS-III-B	JAVZWL010000001_1002	450	186	3.1	4.9	945039	946388	JAVZWL010000001	1002	0.19111111111111112	0.4032258064516129	1
Unk_03_0_CAS-III-B	JAVZWL010000002_97	303	186	1.7	5.8	85514	86422	JAVZWL010000002	97	0.7986798679867987	0.521505376344086	-1
WYL_0_CAS-I-II-III-IV-V-VI	JAVZWL010000001_1224	175	313	0.00094	15.9	1144055	1144579	JAVZWL010000001	1224	0.2342857142857143	0.13099041533546327	-1
WYL_0_CAS-I-II-III-IV-V-VI	JAVZWL010000001_1539	105	313	0.0014	15.3	1445162	1445476	JAVZWL010000001	1539	0.5714285714285714	0.19488817891373802	-1
WYL_0_CAS-I-II-III-IV-V-VI	JAVZWL010000001_859	416	313	0.0015	15.3	820256	821503	JAVZWL010000001	859	0.09615384615384616	0.12140575079872204	-1
WYL_0_CAS-I-II-III-IV-V-VI	JAVZWL010000001_867	256	313	0.0039	13.8	829864	830631	JAVZWL010000001	867	0.2265625	0.11501597444089456	-1
htpX_0_CAS-III-B	JAVZWL010000001_1489	320	343	2.7e-05	20.6	1397890	1398849	JAVZWL010000001	1489	0.2375	0.22740524781341107	1
htpX_0_CAS-III-B	JAVZWL010000001_1536	187	343	0.022	11.0	1441895	1442455	JAVZWL010000001	1536	0.44919786096256686	0.25072886297376096	1
htpX_0_CAS-III-B	JAVZWL010000001_669	311	343	3e-11	40.2	649446	650378	JAVZWL010000001	669	0.5337620578778135	0.3935860058309038	-1
