Contig	Start	End	Strand	Pos
BPTN01000001	1	498	1	1
BPTN01000001	504	1715	1	2
BPTN01000001	1758	2630	1	3
BPTN01000001	2640	3788	1	4
BPTN01000001	3798	4922	-1	5
BPTN01000001	5103	5312	-1	6
BPTN01000001	5527	6096	-1	7
BPTN01000001	6151	7215	-1	8
BPTN01000001	7217	8218	-1	9
BPTN01000001	8289	9002	-1	10
BPTN01000001	9080	9835	-1	11
BPTN01000001	9852	11675	-1	12
BPTN01000001	11738	14398	-1	13
BPTN01000001	14436	15236	-1	14
BPTN01000001	15478	17586	1	15
BPTN01000001	17706	18110	1	16
BPTN01000001	18178	18474	1	17
BPTN01000001	18497	18886	-1	18
BPTN01000001	18936	19724	-1	19
BPTN01000001	19800	20450	1	20
BPTN01000001	20556	21728	1	21
BPTN01000001	21802	22488	1	22
BPTN01000001	22478	22999	1	23
BPTN01000001	23001	23633	1	24
BPTN01000001	23643	24293	1	25
BPTN01000001	24296	24964	1	26
BPTN01000001	25039	25734	1	27
BPTN01000001	25735	26178	-1	28
BPTN01000001	26262	26510	1	29
BPTN01000001	26574	27224	1	30
BPTN01000001	27224	27772	1	31
BPTN01000001	27947	29857	1	32
BPTN01000001	29861	30352	-1	33
BPTN01000001	30374	30805	-1	34
BPTN01000001	30974	32815	1	35
BPTN01000001	32841	34358	-1	36
BPTN01000001	34446	35696	-1	37
BPTN01000001	35752	36753	-1	38
BPTN01000001	36853	37674	-1	39
BPTN01000001	37781	38512	-1	40
BPTN01000001	38772	40007	-1	41
BPTN01000002	3	755	1	1
BPTN01000002	969	1994	1	2
BPTN01000002	2098	2733	1	3
BPTN01000002	2739	3377	1	4
BPTN01000002	3381	3851	-1	5
BPTN01000002	3848	4840	-1	6
BPTN01000002	4920	6014	-1	7
BPTN01000003	3	1034	-1	1
BPTN01000003	1055	2305	-1	2
BPTN01000003	2477	3211	-1	3
BPTN01000003	3298	4617	-1	4
BPTN01000003	4721	5290	-1	5
BPTN01000003	5377	7056	-1	6
BPTN01000003	7147	8052	-1	7
BPTN01000003	8141	8557	-1	8
BPTN01000003	8672	11218	-1	9
BPTN01000003	11357	11614	1	10
BPTN01000003	11658	14735	-1	11
BPTN01000003	14732	14836	-1	12
BPTN01000003	14833	15666	-1	13
BPTN01000003	15724	16848	-1	14
BPTN01000003	16826	17920	-1	15
BPTN01000003	17931	18620	-1	16
BPTN01000003	18602	19753	-1	17
BPTN01000003	19944	22160	1	18
BPTN01000003	22255	23778	-1	19
BPTN01000003	23786	25240	-1	20
BPTN01000003	25269	26273	-1	21
BPTN01000003	26312	27982	-1	22
BPTN01000003	28047	28499	-1	23
BPTN01000003	28489	32166	-1	24
BPTN01000003	32163	34421	-1	25
BPTN01000003	34539	35264	-1	26
BPTN01000003	35585	36289	1	27
BPTN01000003	36295	37128	-1	28
BPTN01000003	37125	38507	-1	29
BPTN01000003	38529	39473	-1	30
BPTN01000003	39470	40756	-1	31
BPTN01000003	40753	41439	-1	32
BPTN01000004	1261	1575	1	1
BPTN01000004	1691	2842	-1	2
BPTN01000004	2796	3275	-1	3
BPTN01000004	3342	3554	1	4
BPTN01000004	4045	6885	1	5
BPTN01000004	7007	7648	1	6
BPTN01000004	7657	8667	1	7
BPTN01000004	8677	8985	1	8
BPTN01000004	9050	9367	-1	9
BPTN01000004	9390	9986	-1	10
BPTN01000004	10011	11351	-1	11
BPTN01000004	11361	11720	-1	12
BPTN01000004	11717	12643	-1	13
BPTN01000004	12766	13524	1	14
BPTN01000004	13670	14095	1	15
BPTN01000004	14121	14327	-1	16
BPTN01000004	14324	14953	-1	17
BPTN01000004	15088	15342	-1	18
BPTN01000004	15402	16187	-1	19
BPTN01000004	16489	17553	1	20
BPTN01000004	17611	18900	1	21
BPTN01000004	18914	21052	1	22
BPTN01000004	21162	21272	1	23
BPTN01000004	21278	24181	-1	24
BPTN01000004	24480	25499	1	25
BPTN01000004	25534	26157	-1	26
BPTN01000004	26150	26923	-1	27
BPTN01000004	26960	28339	-1	28
BPTN01000004	28533	29504	1	29
BPTN01000004	29523	30374	-1	30
BPTN01000004	30555	30857	-1	31
BPTN01000004	30869	32086	-1	32
BPTN01000004	32493	32663	-1	33
BPTN01000004	32629	32799	-1	34
BPTN01000004	32894	33727	1	35
BPTN01000004	33739	34104	1	36
BPTN01000004	34119	34589	1	37
BPTN01000004	34600	35004	1	38
BPTN01000004	35043	36080	1	39
BPTN01000004	36046	36204	1	40
BPTN01000004	36256	37257	1	41
BPTN01000004	37274	38071	1	42
BPTN01000004	38068	38331	1	43
BPTN01000004	38346	39083	1	44
BPTN01000004	39173	39916	1	45
BPTN01000004	40079	41194	-1	46
BPTN01000004	41197	41301	-1	47
BPTN01000005	3	713	-1	1
BPTN01000005	838	1503	1	2
BPTN01000005	1606	3168	1	3
BPTN01000005	3182	4615	-1	4
BPTN01000005	4719	5756	1	5
BPTN01000005	5887	6927	1	6
BPTN01000005	6911	7384	1	7
BPTN01000005	7587	9383	1	8
BPTN01000005	9425	12409	-1	9
BPTN01000005	12524	12697	-1	10
BPTN01000005	12832	15075	-1	11
BPTN01000005	15173	15814	1	12
BPTN01000005	15801	16127	1	13
BPTN01000005	16138	17625	-1	14
BPTN01000005	17704	18327	-1	15
BPTN01000005	18416	19171	-1	16
BPTN01000005	19234	20064	1	17
BPTN01000005	20085	20927	-1	18
BPTN01000005	20897	21436	-1	19
BPTN01000005	21576	22319	1	20
BPTN01000005	22342	23031	1	21
BPTN01000005	23048	23956	1	22
BPTN01000005	23958	24767	1	23
BPTN01000005	24784	25065	1	24
BPTN01000005	25144	25692	1	25
BPTN01000005	25720	25995	1	26
BPTN01000005	26108	28099	1	27
BPTN01000005	28207	29082	1	28
BPTN01000005	29131	30168	1	29
BPTN01000005	30168	30500	1	30
BPTN01000005	30490	31146	-1	31
BPTN01000005	31272	33134	1	32
BPTN01000005	33147	34028	-1	33
BPTN01000005	34106	34531	-1	34
BPTN01000006	31	708	1	1
BPTN01000006	787	1248	1	2
BPTN01000006	1391	2950	1	3
BPTN01000006	3174	3434	1	4
BPTN01000006	3471	4034	-1	5
BPTN01000006	4082	5080	1	6
BPTN01000006	5172	5576	1	7
BPTN01000006	5573	6127	-1	8
BPTN01000006	6224	7993	1	9
BPTN01000006	7983	8822	1	10
BPTN01000006	8805	9707	-1	11
BPTN01000006	9744	9986	-1	12
BPTN01000006	9967	10365	-1	13
BPTN01000006	10460	11497	-1	14
BPTN01000006	11561	12721	-1	15
BPTN01000006	13141	13644	1	16
BPTN01000006	13791	15041	-1	17
BPTN01000006	15074	16012	-1	18
BPTN01000006	16307	17194	-1	19
BPTN01000006	17194	17889	-1	20
BPTN01000006	17996	18736	1	21
BPTN01000006	18814	20991	1	22
BPTN01000006	20988	22292	-1	23
BPTN01000006	22307	22924	-1	24
BPTN01000006	23031	23654	1	25
BPTN01000006	23677	24882	1	26
BPTN01000006	24882	25292	1	27
BPTN01000006	25303	26988	-1	28
BPTN01000006	27427	27654	-1	29
BPTN01000006	27871	28368	1	30
BPTN01000006	28433	28624	1	31
BPTN01000006	28639	29130	1	32
BPTN01000006	29154	30209	-1	33
BPTN01000006	30489	31580	1	34
BPTN01000007	1029	2312	-1	1
BPTN01000008	41	2299	-1	1
BPTN01000008	2513	2926	1	2
BPTN01000008	2949	4520	-1	3
BPTN01000008	4830	5015	1	4
BPTN01000008	5044	5337	1	5
BPTN01000008	5441	5680	1	6
BPTN01000008	5725	5964	-1	7
BPTN01000008	5961	8054	-1	8
BPTN01000008	8283	8564	-1	9
BPTN01000008	8601	9551	-1	10
BPTN01000008	9719	10537	-1	11
BPTN01000008	10632	14150	-1	12
BPTN01000008	14274	14900	1	13
BPTN01000008	15104	15985	1	14
BPTN01000008	16045	17064	1	15
BPTN01000008	17119	19074	1	16
BPTN01000008	19147	19566	1	17
BPTN01000008	19621	21225	1	18
BPTN01000008	21283	22227	1	19
BPTN01000008	22281	22595	-1	20
BPTN01000008	22698	23087	-1	21
BPTN01000008	23262	24419	1	22
BPTN01000009	3	587	1	1
BPTN01000009	593	2809	1	2
BPTN01000009	2907	3773	1	3
BPTN01000009	3776	4459	-1	4
BPTN01000009	4462	5892	-1	5
BPTN01000009	6006	6617	1	6
BPTN01000009	6707	7894	1	7
BPTN01000009	7891	8877	-1	8
BPTN01000009	8890	9714	-1	9
BPTN01000009	9785	10342	1	10
BPTN01000009	10387	10674	1	11
BPTN01000009	10744	13266	1	12
BPTN01000009	13279	14574	-1	13
BPTN01000009	14597	15262	-1	14
BPTN01000009	15376	16467	1	15
BPTN01000009	16474	17133	-1	16
BPTN01000009	17240	17512	-1	17
BPTN01000009	17579	18274	-1	18
BPTN01000009	18438	20327	-1	19
BPTN01000009	20427	21806	-1	20
BPTN01000009	22009	22518	1	21
BPTN01000009	22684	23388	1	22
BPTN01000009	23550	24911	1	23
BPTN01000009	25064	26020	1	24
BPTN01000010	102	1493	1	1
BPTN01000010	1599	4997	1	2
BPTN01000010	5014	5415	-1	3
BPTN01000010	5517	5951	-1	4
BPTN01000010	6174	6476	-1	5
BPTN01000010	6604	7494	-1	6
BPTN01000010	7692	8804	1	7
BPTN01000010	8825	9358	-1	8
BPTN01000010	9342	10190	-1	9
BPTN01000010	10238	11425	-1	10
BPTN01000010	11435	11929	-1	11
BPTN01000010	12146	13426	1	12
BPTN01000010	13618	14946	1	13
BPTN01000010	14995	15342	-1	14
BPTN01000010	15417	15695	-1	15
BPTN01000010	15722	16369	-1	16
BPTN01000010	16598	19294	1	17
BPTN01000010	19295	20503	1	18
BPTN01000010	20673	21116	1	19
BPTN01000010	21345	21758	1	20
BPTN01000010	22103	23185	1	21
BPTN01000011	39	2747	-1	1
BPTN01000011	2935	3372	1	2
BPTN01000011	3452	4465	1	3
BPTN01000011	4468	5808	1	4
BPTN01000011	5829	6248	1	5
BPTN01000011	6237	7034	-1	6
BPTN01000011	7098	9239	-1	7
BPTN01000011	9236	10549	-1	8
BPTN01000011	10562	12412	-1	9
BPTN01000011	12427	12933	-1	10
BPTN01000011	12934	14199	-1	11
BPTN01000011	14309	15442	-1	12
BPTN01000011	15462	16031	-1	13
BPTN01000011	16161	16553	-1	14
BPTN01000011	16570	17838	-1	15
BPTN01000011	18095	18682	1	16
BPTN01000011	18684	18872	1	17
BPTN01000011	18869	19420	1	18
BPTN01000011	19410	19706	1	19
BPTN01000011	19716	19883	1	20
BPTN01000011	20163	20630	1	21
BPTN01000011	20661	21344	-1	22
BPTN01000011	21468	21995	1	23
BPTN01000011	22023	22856	1	24
BPTN01000011	22866	23150	1	25
BPTN01000012	531	1205	1	1
BPTN01000012	1734	2624	1	2
BPTN01000012	2697	4034	1	3
BPTN01000012	4057	4626	1	4
BPTN01000012	4623	5954	1	5
BPTN01000012	6109	6420	1	6
BPTN01000012	6434	6787	1	7
BPTN01000012	6762	7529	1	8
BPTN01000012	7549	8433	1	9
BPTN01000012	8400	9029	1	10
BPTN01000012	9022	9762	1	11
BPTN01000012	9771	10370	1	12
BPTN01000012	10356	10535	-1	13
BPTN01000012	10556	11344	-1	14
BPTN01000012	11414	11995	1	15
BPTN01000012	12011	12439	-1	16
BPTN01000012	12445	12729	-1	17
BPTN01000012	12802	13497	-1	18
BPTN01000012	13519	14124	-1	19
BPTN01000012	14263	14913	1	20
BPTN01000012	15083	15952	1	21
BPTN01000012	16076	16816	1	22
BPTN01000012	16811	18631	-1	23
BPTN01000012	18636	19184	-1	24
BPTN01000012	19252	20088	1	25
BPTN01000012	20147	20632	1	26
BPTN01000012	20638	21015	-1	27
BPTN01000012	21287	21910	-1	28
BPTN01000012	22206	22805	1	29
BPTN01000013	2	520	-1	1
BPTN01000013	517	1608	-1	2
BPTN01000013	1900	3660	1	3
BPTN01000013	3796	4407	1	4
BPTN01000013	4556	5437	1	5
BPTN01000013	5434	6336	-1	6
BPTN01000013	6470	7909	-1	7
BPTN01000013	8156	8635	1	8
BPTN01000013	8681	9289	1	9
BPTN01000013	9341	10072	-1	10
BPTN01000013	10213	12285	-1	11
BPTN01000013	12420	13229	-1	12
BPTN01000013	13358	16468	1	13
BPTN01000013	16546	17091	1	14
BPTN01000013	17258	18895	1	15
BPTN01000013	18999	19415	-1	16
BPTN01000013	19543	22389	-1	17
BPTN01000014	228	1097	-1	1
BPTN01000014	1152	2960	-1	2
BPTN01000014	2957	4933	-1	3
BPTN01000014	5293	5496	1	4
BPTN01000014	5583	5843	1	5
BPTN01000014	5852	6625	-1	6
BPTN01000014	6622	8202	-1	7
BPTN01000014	8195	9580	-1	8
BPTN01000014	9615	11162	-1	9
BPTN01000014	11180	11776	-1	10
BPTN01000014	11870	12364	1	11
BPTN01000014	12374	13360	-1	12
BPTN01000014	13434	14270	1	13
BPTN01000014	14280	15194	1	14
BPTN01000014	15642	18254	1	15
BPTN01000014	18273	19370	1	16
BPTN01000014	19377	20411	1	17
BPTN01000014	20411	21145	1	18
BPTN01000015	1	762	-1	1
BPTN01000015	817	1548	-1	2
BPTN01000015	1659	1892	-1	3
BPTN01000015	2007	2783	1	4
BPTN01000015	3080	3547	1	5
BPTN01000015	3818	4279	1	6
BPTN01000015	4401	6722	1	7
BPTN01000015	6860	8140	1	8
BPTN01000015	8219	9241	1	9
BPTN01000015	9287	12001	-1	10
BPTN01000015	12193	13233	1	11
BPTN01000015	13276	14145	1	12
BPTN01000015	14240	15088	1	13
BPTN01000015	15077	15598	-1	14
BPTN01000015	15610	15774	-1	15
BPTN01000015	16229	18190	1	16
BPTN01000015	18544	19947	-1	17
BPTN01000015	20010	20486	-1	18
BPTN01000016	1	378	1	1
BPTN01000016	441	1109	1	2
BPTN01000016	1110	1766	1	3
BPTN01000016	1867	2883	1	4
BPTN01000016	2885	3253	-1	5
BPTN01000016	3410	5881	-1	6
BPTN01000016	5997	7562	1	7
BPTN01000016	7665	8369	1	8
BPTN01000016	8573	9112	1	9
BPTN01000016	9179	10294	1	10
BPTN01000016	10295	11917	-1	11
BPTN01000016	11995	12354	1	12
BPTN01000016	12446	12694	1	13
BPTN01000016	12795	13886	1	14
BPTN01000016	13887	14609	-1	15
BPTN01000016	14690	15622	-1	16
BPTN01000016	15619	15822	-1	17
BPTN01000016	15919	17142	-1	18
BPTN01000016	17319	18818	1	19
BPTN01000017	213	527	-1	1
BPTN01000017	564	911	-1	2
BPTN01000017	956	1357	-1	3
BPTN01000017	1522	4437	1	4
BPTN01000017	4579	4854	1	5
BPTN01000017	4926	6218	1	6
BPTN01000017	6224	6913	1	7
BPTN01000017	6946	7956	-1	8
BPTN01000017	8029	9624	-1	9
BPTN01000017	9655	9837	-1	10
BPTN01000017	10006	10332	1	11
BPTN01000018	343	1062	-1	1
BPTN01000018	1069	1776	-1	2
BPTN01000019	3	1130	-1	1
BPTN01000019	1189	3402	-1	2
BPTN01000019	3458	6157	-1	3
BPTN01000020	3	266	1	1
BPTN01000020	573	1328	1	2
BPTN01000020	1436	2008	-1	3
BPTN01000020	2278	3324	1	4
BPTN01000020	3364	4149	-1	5
BPTN01000020	4150	4818	-1	6
BPTN01000020	4931	7954	-1	7
BPTN01000020	8033	11035	-1	8
BPTN01000020	11174	12025	1	9
BPTN01000020	12285	13313	1	10
BPTN01000020	13481	14008	1	11
BPTN01000020	13992	15653	1	12
BPTN01000020	15743	16915	1	13
BPTN01000020	16961	17755	1	14
BPTN01000020	17759	18046	1	15
BPTN01000021	3	212	-1	1
BPTN01000021	312	1373	-1	2
BPTN01000022	1	636	-1	1
BPTN01000022	795	1040	1	2
BPTN01000022	1052	2194	1	3
BPTN01000022	2205	2444	1	4
BPTN01000022	2454	2927	1	5
BPTN01000022	2937	3305	1	6
BPTN01000022	3316	3723	1	7
BPTN01000022	3949	4848	-1	8
BPTN01000022	4949	5983	1	9
BPTN01000022	6022	6384	1	10
BPTN01000022	6381	7517	-1	11
BPTN01000022	7627	8043	1	12
BPTN01000022	8044	9408	-1	13
BPTN01000022	9408	9644	-1	14
BPTN01000022	9710	10225	1	15
BPTN01000022	10358	11581	1	16
BPTN01000022	11571	12860	1	17
BPTN01000022	12944	13795	1	18
BPTN01000022	14133	14948	1	19
BPTN01000022	14967	15962	-1	20
BPTN01000022	16067	16324	1	21
BPTN01000023	140	634	-1	1
BPTN01000023	690	1145	-1	2
BPTN01000023	1195	2421	1	3
BPTN01000023	2607	3794	1	4
BPTN01000023	3822	4232	-1	5
BPTN01000023	4528	4752	1	6
BPTN01000023	4757	5014	1	7
BPTN01000023	5026	6396	-1	8
BPTN01000023	6517	7962	1	9
BPTN01000023	7959	8804	-1	10
BPTN01000023	8843	9361	1	11
BPTN01000023	9362	9934	1	12
BPTN01000023	9943	10323	-1	13
BPTN01000023	10491	13115	1	14
BPTN01000023	13138	13887	-1	15
BPTN01000023	13914	15056	1	16
BPTN01000023	15120	16514	1	17
BPTN01000023	16516	17685	1	18
BPTN01000024	1	441	1	1
BPTN01000024	449	631	-1	2
BPTN01000024	696	857	-1	3
BPTN01000024	988	2511	1	4
BPTN01000024	2520	3038	1	5
BPTN01000024	3042	4073	-1	6
BPTN01000024	4146	5138	-1	7
BPTN01000024	5149	7173	-1	8
BPTN01000024	7390	7719	1	9
BPTN01000024	7780	8415	1	10
BPTN01000024	8458	8841	1	11
BPTN01000024	8831	11557	-1	12
BPTN01000024	11711	12580	-1	13
BPTN01000024	12650	12811	-1	14
BPTN01000024	12825	13553	-1	15
BPTN01000024	13689	15143	1	16
BPTN01000024	15152	17284	-1	17
BPTN01000024	17354	17647	-1	18
BPTN01000025	3	1544	-1	1
BPTN01000025	1712	1966	-1	2
BPTN01000025	1941	2114	-1	3
BPTN01000025	2111	2833	-1	4
BPTN01000025	2997	3746	-1	5
BPTN01000025	3768	4823	-1	6
BPTN01000025	4926	6086	-1	7
BPTN01000025	6163	6750	-1	8
BPTN01000025	6755	7606	-1	9
BPTN01000025	7730	9916	-1	10
BPTN01000025	10090	10341	-1	11
BPTN01000025	10508	10708	1	12
BPTN01000025	10727	11656	1	13
BPTN01000025	11686	12933	-1	14
BPTN01000025	12943	13980	-1	15
BPTN01000025	14047	14724	-1	16
BPTN01000025	14978	15280	1	17
BPTN01000025	15341	15907	1	18
BPTN01000025	16131	16841	-1	19
BPTN01000025	17003	17158	-1	20
BPTN01000025	17191	17475	-1	21
BPTN01000026	83	322	1	1
BPTN01000026	1216	1827	1	2
BPTN01000026	1809	2003	-1	3
BPTN01000026	2367	4166	1	4
BPTN01000026	4369	7503	1	5
BPTN01000026	7493	8485	1	6
BPTN01000026	8527	8913	-1	7
BPTN01000026	9111	10340	1	8
BPTN01000026	10330	11325	1	9
BPTN01000026	11305	12510	-1	10
BPTN01000026	12676	14076	1	11
BPTN01000026	14120	14407	1	12
BPTN01000026	14415	14786	-1	13
BPTN01000026	14822	15133	-1	14
BPTN01000026	15301	15900	1	15
BPTN01000026	15915	16568	1	16
BPTN01000026	16653	17228	-1	17
BPTN01000027	187	1053	1	1
BPTN01000027	1063	1992	1	2
BPTN01000027	2008	2439	1	3
BPTN01000027	2443	3600	1	4
BPTN01000027	3600	4073	1	5
BPTN01000027	4075	4758	1	6
BPTN01000027	4776	5432	-1	7
BPTN01000027	5548	7083	-1	8
BPTN01000027	7194	7658	-1	9
BPTN01000027	7668	8525	-1	10
BPTN01000027	8857	13518	1	11
BPTN01000027	13605	14663	1	12
BPTN01000027	14737	15897	1	13
BPTN01000027	15954	16139	1	14
BPTN01000027	16342	17136	1	15
BPTN01000028	2	1144	-1	1
BPTN01000028	1328	1852	1	2
BPTN01000028	1863	2927	1	3
BPTN01000028	2967	3746	-1	4
BPTN01000028	3926	4336	1	5
BPTN01000028	4369	7362	1	6
BPTN01000028	7424	8260	1	7
BPTN01000028	8427	9497	1	8
BPTN01000028	9514	10338	-1	9
BPTN01000028	10589	11614	1	10
BPTN01000028	11741	12343	1	11
BPTN01000028	12436	12867	1	12
BPTN01000028	12862	14007	-1	13
BPTN01000028	14082	15290	-1	14
BPTN01000028	15343	15615	-1	15
BPTN01000028	15742	16401	-1	16
BPTN01000028	16525	16827	-1	17
BPTN01000029	3	71	-1	1
BPTN01000029	109	756	1	2
BPTN01000029	1166	1288	1	3
BPTN01000029	1454	1633	1	4
BPTN01000029	1704	2924	1	5
BPTN01000029	2927	3991	-1	6
BPTN01000029	4252	5595	-1	7
BPTN01000029	5613	6365	-1	8
BPTN01000029	6604	7413	1	9
BPTN01000029	7466	8017	1	10
BPTN01000029	8094	8264	-1	11
BPTN01000029	8541	9827	-1	12
BPTN01000029	9939	10388	-1	13
BPTN01000029	10528	10716	-1	14
BPTN01000029	10724	10945	-1	15
BPTN01000029	10960	11319	-1	16
BPTN01000029	11412	12206	-1	17
BPTN01000029	12196	13218	-1	18
BPTN01000029	13272	13907	-1	19
BPTN01000029	14022	14291	-1	20
BPTN01000029	14269	15441	-1	21
BPTN01000029	15607	15933	1	22
BPTN01000030	2	2809	1	1
BPTN01000030	2899	5874	1	2
BPTN01000030	5871	6626	1	3
BPTN01000030	6641	7240	1	4
BPTN01000030	7237	7692	1	5
BPTN01000030	7864	9339	1	6
BPTN01000030	9500	12376	1	7
BPTN01000030	12401	14005	-1	8
BPTN01000030	14300	15325	1	9
BPTN01000030	15426	15839	1	10
BPTN01000030	15825	16370	-1	11
BPTN01000031	1	705	-1	1
BPTN01000031	832	2334	1	2
BPTN01000031	2396	3103	1	3
BPTN01000031	3108	5504	-1	4
BPTN01000031	5563	6081	-1	5
BPTN01000031	6168	6629	1	6
BPTN01000031	6645	9290	-1	7
BPTN01000031	9401	9811	-1	8
BPTN01000031	9978	10529	1	9
BPTN01000031	10541	11248	1	10
BPTN01000031	11295	11996	1	11
BPTN01000031	11983	12558	-1	12
BPTN01000031	12610	13590	-1	13
BPTN01000031	13650	14999	-1	14
BPTN01000031	15051	16295	-1	15
BPTN01000032	2	124	-1	1
BPTN01000032	300	758	1	2
BPTN01000032	899	1519	1	3
BPTN01000032	1611	2033	1	4
BPTN01000032	2030	2269	1	5
BPTN01000032	2354	4618	1	6
BPTN01000032	4700	5551	1	7
BPTN01000032	5606	5962	1	8
BPTN01000032	6033	6893	1	9
BPTN01000032	6908	7855	1	10
BPTN01000032	7839	8621	1	11
BPTN01000032	8625	9236	1	12
BPTN01000032	9236	10381	1	13
BPTN01000032	10410	10955	-1	14
BPTN01000032	11089	11706	1	15
BPTN01000032	11709	12059	1	16
BPTN01000032	12067	12564	-1	17
BPTN01000032	12694	12975	1	18
BPTN01000032	12986	13837	1	19
BPTN01000032	13863	14591	-1	20
BPTN01000032	14697	16076	1	21
BPTN01000033	2	817	-1	1
BPTN01000033	939	1331	1	2
BPTN01000033	1328	2533	-1	3
BPTN01000033	2632	2883	1	4
BPTN01000033	2932	3501	1	5
BPTN01000033	3547	4479	1	6
BPTN01000033	4501	5061	-1	7
BPTN01000033	5135	5581	-1	8
BPTN01000033	5902	7368	1	9
BPTN01000033	7447	8553	1	10
BPTN01000033	8617	8877	1	11
BPTN01000033	8940	9518	1	12
BPTN01000033	9557	10540	1	13
BPTN01000033	10878	12956	1	14
BPTN01000033	12953	14536	1	15
BPTN01000033	14717	15508	1	16
BPTN01000033	15534	16250	1	17
BPTN01000034	3	197	1	1
BPTN01000034	500	2104	1	2
BPTN01000034	2379	2627	-1	3
BPTN01000034	2672	3001	-1	4
BPTN01000034	3021	3329	-1	5
BPTN01000034	3478	4845	1	6
BPTN01000034	4966	6753	1	7
BPTN01000034	6763	8208	1	8
BPTN01000034	8224	8988	-1	9
BPTN01000034	9189	9698	-1	10
BPTN01000034	9744	10292	-1	11
BPTN01000034	10434	11108	1	12
BPTN01000034	11123	11737	-1	13
BPTN01000034	11927	13108	1	14
BPTN01000034	13147	14403	1	15
BPTN01000034	14516	14833	1	16
BPTN01000035	2	193	1	1
BPTN01000035	266	655	1	2
BPTN01000035	731	1654	-1	3
BPTN01000035	1664	2092	-1	4
BPTN01000035	2098	2367	-1	5
BPTN01000035	2437	3111	-1	6
BPTN01000035	3145	3585	-1	7
BPTN01000035	3754	4092	-1	8
BPTN01000035	4153	4617	-1	9
BPTN01000035	4936	5136	1	10
BPTN01000035	5150	5848	-1	11
BPTN01000035	5976	7052	1	12
BPTN01000035	7064	7786	-1	13
BPTN01000035	8134	10074	-1	14
BPTN01000035	10286	10468	-1	15
BPTN01000035	10545	11042	-1	16
BPTN01000035	11230	13764	1	17
BPTN01000035	13759	14982	-1	18
BPTN01000036	32	385	1	1
BPTN01000036	427	987	-1	2
BPTN01000036	1045	2706	-1	3
BPTN01000036	2712	3437	-1	4
BPTN01000036	3448	4356	-1	5
BPTN01000036	4369	4782	-1	6
BPTN01000036	4794	6761	-1	7
BPTN01000036	6775	7620	-1	8
BPTN01000036	7617	8642	-1	9
BPTN01000036	8652	9635	-1	10
BPTN01000036	9629	10054	-1	11
BPTN01000036	10089	10628	-1	12
BPTN01000036	10631	11500	-1	13
BPTN01000036	11497	12663	-1	14
BPTN01000036	12656	12976	-1	15
BPTN01000036	13436	14077	1	16
BPTN01000036	14147	14944	1	17
BPTN01000037	13	654	-1	1
BPTN01000037	772	1278	1	2
BPTN01000037	1358	7084	1	3
BPTN01000037	7085	9430	1	4
BPTN01000037	9475	10332	1	5
BPTN01000037	10389	10913	1	6
BPTN01000037	10910	11389	-1	7
BPTN01000037	11666	12190	1	8
BPTN01000037	12187	12717	-1	9
BPTN01000037	12939	14765	1	10
BPTN01000038	21	914	1	1
BPTN01000038	954	1916	1	2
BPTN01000038	1955	2908	-1	3
BPTN01000038	2957	4393	-1	4
BPTN01000038	4470	5129	1	5
BPTN01000038	5204	5833	1	6
BPTN01000038	5808	8036	-1	7
BPTN01000038	8057	9010	-1	8
BPTN01000038	9049	9354	-1	9
BPTN01000038	9396	9737	-1	10
BPTN01000038	9882	11009	-1	11
BPTN01000038	11257	11460	-1	12
BPTN01000038	11496	11768	-1	13
BPTN01000038	11755	12189	-1	14
BPTN01000038	12290	13024	-1	15
BPTN01000038	13146	13751	-1	16
BPTN01000039	2	388	1	1
BPTN01000039	392	1528	1	2
BPTN01000039	1837	3885	1	3
BPTN01000039	4089	4244	1	4
BPTN01000039	4308	4946	-1	5
BPTN01000039	4947	5594	-1	6
BPTN01000039	5607	6467	-1	7
BPTN01000039	6598	6972	-1	8
BPTN01000039	7101	7511	1	9
BPTN01000039	7535	7852	1	10
BPTN01000039	7905	9005	1	11
BPTN01000039	9076	10866	1	12
BPTN01000039	11073	12140	-1	13
BPTN01000039	12357	12566	1	14
BPTN01000039	12586	12852	-1	15
BPTN01000039	12951	13784	-1	16
BPTN01000040	1	633	1	1
BPTN01000040	712	1401	1	2
BPTN01000040	1433	2293	-1	3
BPTN01000040	2483	3034	1	4
BPTN01000040	3118	3546	1	5
BPTN01000040	3640	3882	-1	6
BPTN01000040	4211	4717	1	7
BPTN01000040	4798	6216	1	8
BPTN01000040	6225	6872	-1	9
BPTN01000040	6962	7642	-1	10
BPTN01000040	7795	7959	1	11
BPTN01000040	8003	8470	1	12
BPTN01000040	8537	9346	1	13
BPTN01000040	9359	10330	1	14
BPTN01000040	10314	10934	1	15
BPTN01000040	10943	11398	1	16
BPTN01000040	11460	12179	1	17
BPTN01000040	12242	12886	1	18
BPTN01000040	12883	13776	-1	19
BPTN01000041	124	1731	1	1
BPTN01000041	1771	2322	-1	2
BPTN01000041	2467	3303	1	3
BPTN01000041	3584	4333	1	4
BPTN01000041	4395	6188	1	5
BPTN01000041	6298	7320	1	6
BPTN01000041	7455	8168	-1	7
BPTN01000041	8200	8973	1	8
BPTN01000041	9056	9676	1	9
BPTN01000041	9698	10708	-1	10
BPTN01000041	10758	11039	-1	11
BPTN01000041	11042	11590	-1	12
BPTN01000041	11596	11853	-1	13
BPTN01000041	11864	12577	-1	14
BPTN01000041	12663	13394	-1	15
BPTN01000042	403	1203	-1	1
BPTN01000042	1316	2344	1	2
BPTN01000042	2360	4720	1	3
BPTN01000042	4919	5938	1	4
BPTN01000042	5941	6351	1	5
BPTN01000042	6348	6854	1	6
BPTN01000042	6851	7174	1	7
BPTN01000042	7180	8988	1	8
BPTN01000042	8988	10463	1	9
BPTN01000042	10644	12494	-1	10
BPTN01000042	12925	13374	-1	11
BPTN01000043	49	927	-1	1
BPTN01000043	929	1552	-1	2
BPTN01000043	1700	2467	1	3
BPTN01000043	2547	3605	1	4
BPTN01000043	3654	5075	1	5
BPTN01000043	5075	6802	1	6
BPTN01000043	6879	7676	1	7
BPTN01000043	7861	8439	1	8
BPTN01000043	8526	9722	-1	9
BPTN01000043	9933	10991	1	10
BPTN01000043	11043	12380	1	11
BPTN01000043	12438	13178	1	12
BPTN01000044	3	2828	-1	1
BPTN01000044	3018	3737	-1	2
BPTN01000044	3845	4999	-1	3
BPTN01000044	5001	7112	-1	4
BPTN01000044	7204	10098	-1	5
BPTN01000044	10277	11122	1	6
BPTN01000044	11136	11792	1	7
BPTN01000044	11774	13039	1	8
BPTN01000045	3	254	-1	1
BPTN01000045	357	1187	-1	2
BPTN01000045	1299	4004	1	3
BPTN01000045	4034	4984	-1	4
BPTN01000045	5086	6201	-1	5
BPTN01000045	6224	7774	-1	6
BPTN01000045	7771	9186	-1	7
BPTN01000045	9239	10030	-1	8
BPTN01000045	10068	10835	-1	9
BPTN01000045	11105	11341	1	10
BPTN01000045	11366	12118	1	11
BPTN01000045	12241	12810	1	12
BPTN01000046	103	333	-1	1
BPTN01000046	338	586	-1	2
BPTN01000046	664	1548	-1	3
BPTN01000046	1731	3080	1	4
BPTN01000046	3139	3264	-1	5
BPTN01000046	3488	4282	1	6
BPTN01000046	4277	5551	-1	7
BPTN01000046	5771	6466	-1	8
BPTN01000046	6683	6928	-1	9
BPTN01000046	6942	8330	-1	10
BPTN01000046	8476	8895	1	11
BPTN01000046	9033	10277	1	12
BPTN01000046	10338	10955	1	13
BPTN01000046	10976	11389	-1	14
BPTN01000046	11488	11631	1	15
BPTN01000046	11616	12245	1	16
BPTN01000046	12307	12903	-1	17
BPTN01000047	3	353	1	1
BPTN01000047	472	630	1	2
BPTN01000047	770	1669	1	3
BPTN01000047	1793	2296	1	4
BPTN01000047	2456	2815	1	5
BPTN01000047	2828	4081	1	6
BPTN01000047	4153	5061	1	7
BPTN01000047	5058	6494	1	8
BPTN01000047	6503	6946	-1	9
BPTN01000047	7093	7509	1	10
BPTN01000047	7564	8652	1	11
BPTN01000047	8649	9758	-1	12
BPTN01000047	9896	11092	1	13
BPTN01000047	11103	12035	1	14
BPTN01000047	12127	12711	1	15
BPTN01000047	12752	12892	-1	16
BPTN01000048	1	948	1	1
BPTN01000048	961	1560	1	2
BPTN01000048	1582	2367	-1	3
BPTN01000048	2418	3650	-1	4
BPTN01000048	3654	4511	-1	5
BPTN01000048	4508	5428	-1	6
BPTN01000048	5529	6272	1	7
BPTN01000048	6285	6668	-1	8
BPTN01000048	7234	8721	-1	9
BPTN01000048	8834	9799	-1	10
BPTN01000048	9893	11686	-1	11
BPTN01000048	11759	12313	-1	12
BPTN01000048	12370	12717	-1	13
BPTN01000049	10	630	-1	1
BPTN01000049	706	2133	-1	2
BPTN01000049	2253	4694	-1	3
BPTN01000049	4811	5278	1	4
BPTN01000049	5427	6428	1	5
BPTN01000049	6562	6969	1	6
BPTN01000049	7203	8117	1	7
BPTN01000049	8144	8752	-1	8
BPTN01000049	8943	9944	-1	9
BPTN01000049	10066	11187	-1	10
BPTN01000049	11386	12615	-1	11
BPTN01000050	113	1558	1	1
BPTN01000050	1596	2546	-1	2
BPTN01000050	2675	3124	-1	3
BPTN01000050	3130	3618	-1	4
BPTN01000050	3633	4274	-1	5
BPTN01000050	4285	4932	-1	6
BPTN01000050	4946	5410	-1	7
BPTN01000050	5425	5964	-1	8
BPTN01000050	6162	6713	-1	9
BPTN01000050	6723	7112	-1	10
BPTN01000050	7069	7269	-1	11
BPTN01000050	7304	7870	-1	12
BPTN01000050	7867	8625	-1	13
BPTN01000050	8622	9398	-1	14
BPTN01000050	9410	9826	-1	15
BPTN01000050	9836	10204	-1	16
BPTN01000050	10611	11645	1	17
BPTN01000050	12104	12490	1	18
BPTN01000051	3	1514	-1	1
BPTN01000051	1735	3822	1	2
BPTN01000051	3890	4609	1	3
BPTN01000051	4695	7487	1	4
BPTN01000051	7539	7856	1	5
BPTN01000051	7869	9578	-1	6
BPTN01000051	9714	10196	1	7
BPTN01000051	10320	12032	-1	8
BPTN01000051	12160	12432	-1	9
BPTN01000052	328	1317	-1	1
BPTN01000052	1608	3188	1	2
BPTN01000052	3307	3555	-1	3
BPTN01000052	3668	4213	1	4
BPTN01000052	4323	6212	1	5
BPTN01000052	6309	6545	1	6
BPTN01000052	7345	7875	1	7
BPTN01000052	7943	8755	1	8
BPTN01000052	9259	10857	1	9
BPTN01000052	11201	12055	1	10
BPTN01000052	12075	12353	1	11
BPTN01000053	46	663	-1	1
BPTN01000053	749	1258	-1	2
BPTN01000053	1375	3672	-1	3
BPTN01000053	3718	3942	-1	4
BPTN01000053	4036	4251	-1	5
BPTN01000053	4344	6194	-1	6
BPTN01000053	6366	6794	-1	7
BPTN01000053	6817	7104	-1	8
BPTN01000053	7201	7368	-1	9
BPTN01000053	7451	7789	-1	10
BPTN01000053	7965	8399	-1	11
BPTN01000054	1	2076	-1	1
BPTN01000054	2264	3097	-1	2
BPTN01000054	3453	3701	1	3
BPTN01000055	3	353	-1	1
BPTN01000055	429	1952	-1	2
BPTN01000055	2060	2443	1	3
BPTN01000055	2653	3585	1	4
BPTN01000055	3600	4097	-1	5
BPTN01000055	4299	4514	1	6
BPTN01000055	4629	5582	1	7
BPTN01000055	5637	6287	1	8
BPTN01000055	6289	8211	1	9
BPTN01000055	8526	9737	1	10
BPTN01000055	10248	12023	1	11
BPTN01000056	2	1603	-1	1
BPTN01000056	1710	2900	1	2
BPTN01000056	2923	3903	-1	3
BPTN01000056	3906	5273	-1	4
BPTN01000056	5314	6444	-1	5
BPTN01000056	6504	8531	-1	6
BPTN01000056	8597	9052	-1	7
BPTN01000056	9108	11321	-1	8
BPTN01000056	11588	11917	1	9
BPTN01000057	76	771	-1	1
BPTN01000057	824	1111	-1	2
BPTN01000057	1104	1880	-1	3
BPTN01000057	1994	3094	-1	4
BPTN01000057	3251	3565	1	5
BPTN01000057	3626	5263	-1	6
BPTN01000057	5336	6718	-1	7
BPTN01000057	6809	8371	-1	8
BPTN01000057	8373	8978	-1	9
BPTN01000057	9178	10224	1	10
BPTN01000057	10451	11692	1	11
BPTN01000058	1	948	1	1
BPTN01000058	1089	1301	1	2
BPTN01000058	1363	2988	-1	3
BPTN01000058	3239	4234	1	4
BPTN01000058	4312	5814	1	5
BPTN01000058	5891	6484	1	6
BPTN01000058	6501	7859	1	7
BPTN01000058	7861	8661	-1	8
BPTN01000058	8764	10515	-1	9
BPTN01000058	10677	11330	-1	10
BPTN01000059	45	686	-1	1
BPTN01000059	688	1938	-1	2
BPTN01000059	2237	2650	1	3
BPTN01000059	2904	4748	1	4
BPTN01000059	4749	6632	1	5
BPTN01000059	6660	8060	-1	6
BPTN01000059	8117	9526	-1	7
BPTN01000059	9627	11087	-1	8
BPTN01000060	175	672	-1	1
BPTN01000060	848	2752	1	2
BPTN01000060	2817	3446	-1	3
BPTN01000060	3537	3866	1	4
BPTN01000060	3867	4214	1	5
BPTN01000060	4332	5129	1	6
BPTN01000060	5566	6711	1	7
BPTN01000060	6703	6915	-1	8
BPTN01000060	7096	7881	-1	9
BPTN01000061	1	327	-1	1
BPTN01000061	530	1897	-1	2
BPTN01000061	1897	3279	-1	3
BPTN01000062	47	1120	-1	1
BPTN01000062	1305	2315	1	2
BPTN01000062	2345	3070	-1	3
BPTN01000062	3181	3822	1	4
BPTN01000062	3943	5760	1	5
BPTN01000062	5757	7571	1	6
BPTN01000062	7600	9507	-1	7
BPTN01000062	9576	10775	1	8
BPTN01000062	10877	11179	1	9
BPTN01000063	14	1018	-1	1
BPTN01000063	1091	5275	-1	2
BPTN01000063	5520	5852	-1	3
BPTN01000063	5926	8064	1	4
BPTN01000063	8152	9204	-1	5
BPTN01000063	9303	10367	-1	6
BPTN01000063	10733	11215	1	7
BPTN01000064	51	1082	1	1
BPTN01000064	1092	2567	-1	2
BPTN01000064	2668	3105	1	3
BPTN01000064	3256	3681	1	4
BPTN01000064	3702	5084	1	5
BPTN01000064	5087	6589	1	6
BPTN01000064	6616	7095	-1	7
BPTN01000064	7233	8798	-1	8
BPTN01000064	9078	10742	1	9
BPTN01000064	10824	11222	1	10
BPTN01000065	3	2219	-1	1
BPTN01000065	2530	4998	1	2
BPTN01000065	5199	5663	1	3
BPTN01000065	5668	6504	1	4
BPTN01000065	6510	6713	1	5
BPTN01000065	6713	7021	1	6
BPTN01000065	7035	7790	-1	7
BPTN01000065	7816	8070	-1	8
BPTN01000065	8240	9514	1	9
BPTN01000065	9553	10248	-1	10
BPTN01000065	10403	11011	1	11
BPTN01000066	1	219	-1	1
BPTN01000066	219	920	-1	2
BPTN01000066	925	3963	-1	3
BPTN01000066	4114	4689	1	4
BPTN01000066	4695	5753	-1	5
BPTN01000066	5885	6685	1	6
BPTN01000066	6690	7646	1	7
BPTN01000066	7856	8542	1	8
BPTN01000066	8597	9892	1	9
BPTN01000066	9889	10200	1	10
BPTN01000066	10540	10866	1	11
BPTN01000067	144	1691	-1	1
BPTN01000067	1820	2299	1	2
BPTN01000067	2506	3744	1	3
BPTN01000067	3794	4069	-1	4
BPTN01000067	4204	5469	-1	5
BPTN01000067	5488	5724	-1	6
BPTN01000067	5797	6708	-1	7
BPTN01000067	6727	8163	-1	8
BPTN01000067	8421	9026	-1	9
BPTN01000067	9074	9727	-1	10
BPTN01000067	9978	10823	-1	11
BPTN01000068	1	195	1	1
BPTN01000068	228	752	1	2
BPTN01000068	798	3704	-1	3
BPTN01000068	3701	4453	-1	4
BPTN01000068	4499	4771	-1	5
BPTN01000068	4758	5237	-1	6
BPTN01000068	5399	6055	1	7
BPTN01000068	6052	6471	1	8
BPTN01000068	6508	7416	1	9
BPTN01000068	7502	7915	1	10
BPTN01000068	7968	8354	1	11
BPTN01000068	8441	8713	1	12
BPTN01000068	8658	9338	1	13
BPTN01000068	9388	9660	1	14
BPTN01000068	10042	10809	-1	15
BPTN01000069	3	656	1	1
BPTN01000069	653	1936	1	2
BPTN01000069	2156	3622	1	3
BPTN01000069	3941	4312	-1	4
BPTN01000069	4505	5551	1	5
BPTN01000069	5597	6853	1	6
BPTN01000069	7005	8786	1	7
BPTN01000069	8773	10563	1	8
BPTN01000070	116	1477	-1	1
BPTN01000070	1499	3022	-1	2
BPTN01000070	2985	3164	-1	3
BPTN01000070	3205	4746	1	4
BPTN01000070	4743	5600	1	5
BPTN01000070	5686	6822	1	6
BPTN01000070	6922	7824	1	7
BPTN01000070	7821	8936	-1	8
BPTN01000070	9003	9422	-1	9
BPTN01000070	9822	10100	1	10
BPTN01000070	10227	10502	1	11
BPTN01000071	1	219	1	1
BPTN01000071	236	1312	1	2
BPTN01000071	1316	2362	-1	3
BPTN01000071	2427	3062	-1	4
BPTN01000071	3059	3715	-1	5
BPTN01000071	3968	4225	1	6
BPTN01000071	4359	4790	-1	7
BPTN01000071	4982	5767	-1	8
BPTN01000071	5865	7244	-1	9
BPTN01000071	7247	8665	-1	10
BPTN01000071	8752	9324	-1	11
BPTN01000071	9386	10069	-1	12
BPTN01000071	10178	10468	1	13
BPTN01000072	22	933	-1	1
BPTN01000072	1056	1886	1	2
BPTN01000072	1986	2138	1	3
BPTN01000072	2244	2615	1	4
BPTN01000072	3022	4398	1	5
BPTN01000072	4515	5042	1	6
BPTN01000072	5160	6554	1	7
BPTN01000072	6653	7300	1	8
BPTN01000072	7349	8116	1	9
BPTN01000072	8196	8474	1	10
BPTN01000072	8493	9464	1	11
BPTN01000072	9510	10313	1	12
BPTN01000073	1	4131	1	1
BPTN01000073	4348	5016	1	2
BPTN01000073	5006	5770	-1	3
BPTN01000073	5891	7117	1	4
BPTN01000073	7124	7984	-1	5
BPTN01000073	8040	9131	-1	6
BPTN01000073	9157	9837	-1	7
BPTN01000073	9914	10261	-1	8
BPTN01000074	2	313	1	1
BPTN01000074	467	1369	1	2
BPTN01000074	1505	1987	1	3
BPTN01000074	2049	2387	1	4
BPTN01000074	2404	3414	-1	5
BPTN01000074	3439	4092	-1	6
BPTN01000074	4340	5248	1	7
BPTN01000074	5381	7153	1	8
BPTN01000074	7198	8115	-1	9
BPTN01000074	8224	9234	-1	10
BPTN01000074	9319	10215	-1	11
BPTN01000075	2	565	-1	1
BPTN01000075	577	1440	-1	2
BPTN01000075	1575	2696	1	3
BPTN01000075	2926	4539	1	4
BPTN01000075	4898	6043	1	5
BPTN01000075	6120	7490	1	6
BPTN01000075	7519	8139	1	7
BPTN01000075	8136	9164	-1	8
BPTN01000075	9266	10168	-1	9
BPTN01000076	83	469	1	1
BPTN01000076	523	1494	-1	2
BPTN01000076	1516	3756	-1	3
BPTN01000076	3753	5123	-1	4
BPTN01000076	5123	6334	-1	5
BPTN01000076	6331	7407	-1	6
BPTN01000076	7408	8724	-1	7
BPTN01000076	8873	10090	1	8
BPTN01000076	10057	10125	-1	9
BPTN01000077	187	489	-1	1
BPTN01000077	855	1301	1	2
BPTN01000077	1987	3561	1	3
BPTN01000077	3604	4740	-1	4
BPTN01000077	5330	5677	-1	5
BPTN01000077	5809	6123	1	6
BPTN01000077	6237	7469	1	7
BPTN01000077	7540	8853	1	8
BPTN01000077	9101	9988	-1	9
BPTN01000078	83	928	1	1
BPTN01000078	1035	2318	1	2
BPTN01000078	2334	3494	1	3
BPTN01000078	3630	4667	1	4
BPTN01000078	4689	6476	1	5
BPTN01000078	6513	6962	-1	6
BPTN01000078	7428	8846	1	7
BPTN01000078	8863	9933	-1	8
BPTN01000079	1	1374	-1	1
BPTN01000079	1638	3155	-1	2
BPTN01000079	3410	3919	1	3
BPTN01000079	3977	5062	1	4
BPTN01000079	5074	5997	1	5
BPTN01000079	6127	7176	1	6
BPTN01000079	7188	8651	-1	7
BPTN01000079	8871	9911	1	8
BPTN01000080	2	172	1	1
BPTN01000080	278	1513	-1	2
BPTN01000080	1567	1743	-1	3
BPTN01000080	1865	3190	1	4
BPTN01000080	3239	3919	1	5
BPTN01000080	3926	5056	-1	6
BPTN01000080	5236	6672	1	7
BPTN01000080	6704	7906	-1	8
BPTN01000080	7995	8243	-1	9
BPTN01000080	8400	9317	1	10
BPTN01000080	9375	9818	1	11
BPTN01000081	2	676	-1	1
BPTN01000081	980	1993	1	2
BPTN01000081	1999	2895	-1	3
BPTN01000081	3017	4225	-1	4
BPTN01000081	4231	5034	-1	5
BPTN01000081	5031	6668	-1	6
BPTN01000081	6846	7262	1	7
BPTN01000081	7410	7754	1	8
BPTN01000081	8173	8646	-1	9
BPTN01000081	9192	9338	1	10
BPTN01000081	9365	9622	1	11
BPTN01000082	3	2093	1	1
BPTN01000082	2121	3581	1	2
BPTN01000082	3612	4031	1	3
BPTN01000082	4049	5341	1	4
BPTN01000082	5343	6374	1	5
BPTN01000082	6379	7194	1	6
BPTN01000082	7231	7992	1	7
BPTN01000082	8062	8976	1	8
BPTN01000082	9026	9634	1	9
BPTN01000083	1	201	1	1
BPTN01000083	213	1112	-1	2
BPTN01000083	1186	2943	-1	3
BPTN01000083	3093	4550	1	4
BPTN01000083	4832	5635	1	5
BPTN01000083	5652	6104	-1	6
BPTN01000083	6175	6993	-1	7
BPTN01000083	7140	7949	1	8
BPTN01000083	8022	8531	-1	9
BPTN01000083	8593	9510	1	10
BPTN01000084	3	413	-1	1
BPTN01000084	518	2119	1	2
BPTN01000084	2195	3475	-1	3
BPTN01000084	3526	4389	-1	4
BPTN01000084	4516	5085	1	5
BPTN01000084	5212	9522	1	6
BPTN01000085	23	406	1	1
BPTN01000085	484	1344	1	2
BPTN01000085	1369	1953	-1	3
BPTN01000085	1953	2051	-1	4
BPTN01000085	2041	2946	-1	5
BPTN01000085	2986	5280	-1	6
BPTN01000085	5382	6467	1	7
BPTN01000085	6470	7246	1	8
BPTN01000085	7243	8610	-1	9
BPTN01000085	8619	9506	-1	10
BPTN01000086	3	206	-1	1
BPTN01000086	263	1054	-1	2
BPTN01000086	1175	1582	-1	3
BPTN01000086	1552	1896	-1	4
BPTN01000086	2044	2553	1	5
BPTN01000086	2573	2785	-1	6
BPTN01000086	2896	3423	1	7
BPTN01000086	3442	4644	-1	8
BPTN01000086	4836	5375	1	9
BPTN01000086	5381	6148	1	10
BPTN01000086	6176	7273	1	11
BPTN01000086	7337	8110	-1	12
BPTN01000086	8371	9477	1	13
BPTN01000087	284	1252	1	1
BPTN01000087	1309	2685	-1	2
BPTN01000087	2742	4574	-1	3
BPTN01000087	4693	5523	-1	4
BPTN01000087	5533	6690	-1	5
BPTN01000087	6683	7438	-1	6
BPTN01000087	7596	8042	1	7
BPTN01000087	8248	9006	1	8
BPTN01000087	9028	9348	1	9
BPTN01000088	2	313	1	1
BPTN01000088	565	876	-1	2
BPTN01000088	892	1281	1	3
BPTN01000088	1298	2797	-1	4
BPTN01000088	2799	3677	-1	5
BPTN01000088	3712	4107	-1	6
BPTN01000088	4298	5101	1	7
BPTN01000088	5232	6449	1	8
BPTN01000088	6474	7331	-1	9
BPTN01000088	7410	7967	-1	10
BPTN01000088	8041	9279	-1	11
BPTN01000089	3	155	1	1
BPTN01000089	289	2001	1	2
BPTN01000089	2032	2448	-1	3
BPTN01000089	2494	2988	-1	4
BPTN01000089	2985	3563	-1	5
BPTN01000089	3591	6344	-1	6
BPTN01000089	6357	8303	-1	7
BPTN01000089	8314	9042	-1	8
BPTN01000090	3	131	-1	1
BPTN01000090	197	1189	-1	2
BPTN01000090	1191	2174	-1	3
BPTN01000090	2230	3096	-1	4
BPTN01000090	3293	4651	1	5
BPTN01000090	4663	6432	1	6
BPTN01000090	6450	7019	1	7
BPTN01000090	7012	7323	-1	8
BPTN01000090	7343	7702	-1	9
BPTN01000090	8068	9030	-1	10
BPTN01000091	57	290	-1	1
BPTN01000091	370	1863	-1	2
BPTN01000091	1864	3018	-1	3
BPTN01000091	3077	4744	-1	4
BPTN01000091	4741	5295	-1	5
BPTN01000091	5339	7585	-1	6
BPTN01000091	7600	8700	-1	7
BPTN01000092	1	1233	-1	1
BPTN01000092	1288	1629	-1	2
BPTN01000092	1872	3122	1	3
BPTN01000092	3207	3581	-1	4
BPTN01000092	3757	3951	1	5
BPTN01000092	4489	5277	1	6
BPTN01000092	5312	5992	-1	7
BPTN01000092	6059	6868	-1	8
BPTN01000092	7022	7804	1	9
BPTN01000092	7825	8151	-1	10
BPTN01000092	8270	8902	1	11
BPTN01000093	1	1224	1	1
BPTN01000093	1400	2962	1	2
BPTN01000093	3003	3485	-1	3
BPTN01000093	3519	3851	-1	4
BPTN01000093	3853	4695	-1	5
BPTN01000093	4913	5449	1	6
BPTN01000093	5490	5897	-1	7
BPTN01000093	6131	7078	1	8
BPTN01000093	7081	7497	-1	9
BPTN01000093	7631	8221	1	10
BPTN01000093	8211	8675	1	11
BPTN01000093	8731	8886	1	12
BPTN01000094	2	4450	1	1
BPTN01000094	4828	6126	1	2
BPTN01000094	6086	6289	-1	3
BPTN01000094	6734	8563	1	4
BPTN01000094	8656	8883	-1	5
BPTN01000095	2	121	1	1
BPTN01000095	164	904	1	2
BPTN01000095	992	5671	-1	3
BPTN01000095	5775	6359	-1	4
BPTN01000095	6702	8078	1	5
BPTN01000095	8097	8630	-1	6
BPTN01000096	3	1217	1	1
BPTN01000096	1238	1510	1	2
BPTN01000096	1593	2225	1	3
BPTN01000096	2256	3455	-1	4
BPTN01000096	3570	3941	1	5
BPTN01000096	4030	5247	-1	6
BPTN01000096	5428	5763	1	7
BPTN01000096	5786	7087	1	8
BPTN01000096	7077	8687	1	9
BPTN01000097	2	730	1	1
BPTN01000097	743	1486	1	2
BPTN01000097	1495	2349	-1	3
BPTN01000097	2346	2777	-1	4
BPTN01000097	2947	4434	1	5
BPTN01000097	4500	5213	1	6
BPTN01000097	5445	6452	1	7
BPTN01000097	6463	7527	1	8
BPTN01000097	7800	8576	1	9
BPTN01000097	8721	8828	1	10
BPTN01000098	3	2555	-1	1
BPTN01000098	2566	4143	-1	2
BPTN01000098	4216	4989	1	3
BPTN01000098	5393	6943	1	4
BPTN01000098	6961	8607	-1	5
BPTN01000099	1	1440	-1	1
BPTN01000099	1449	2846	-1	2
BPTN01000099	2911	3765	1	3
BPTN01000099	3816	4538	1	4
BPTN01000099	4625	5821	1	5
BPTN01000099	5824	6582	1	6
BPTN01000099	6594	8210	1	7
BPTN01000099	8235	8711	-1	8
BPTN01000100	278	5230	-1	1
BPTN01000100	5408	6568	1	2
BPTN01000100	6645	8531	-1	3
BPTN01000101	3	1385	-1	1
BPTN01000101	1449	2438	-1	2
BPTN01000101	2678	3436	1	3
BPTN01000101	3547	4008	-1	4
BPTN01000101	4114	4587	1	5
BPTN01000101	5000	5218	1	6
BPTN01000101	5228	6316	-1	7
BPTN01000101	6396	6950	-1	8
BPTN01000101	7102	8637	1	9
BPTN01000102	1	1911	-1	1
BPTN01000102	1914	3191	-1	2
BPTN01000102	3203	5017	-1	3
BPTN01000102	5030	6352	-1	4
BPTN01000102	6525	7118	1	5
BPTN01000102	7189	8517	1	6
BPTN01000103	3	602	-1	1
BPTN01000103	1219	1530	1	2
BPTN01000104	3	377	-1	1
BPTN01000104	414	935	-1	2
BPTN01000104	1054	1584	1	3
BPTN01000104	1576	1908	-1	4
BPTN01000104	2021	3109	1	5
BPTN01000104	3277	3945	-1	6
BPTN01000104	4188	6464	1	7
BPTN01000104	6512	6883	1	8
BPTN01000105	1	1002	1	1
BPTN01000105	1218	3260	1	2
BPTN01000105	3498	4007	1	3
BPTN01000105	4129	4326	-1	4
BPTN01000105	4595	5635	1	5
BPTN01000105	5853	6245	1	6
BPTN01000105	6301	6936	-1	7
BPTN01000105	6950	7312	-1	8
BPTN01000105	7505	8281	-1	9
BPTN01000105	8386	8472	1	10
BPTN01000106	1	294	1	1
BPTN01000106	309	761	-1	2
BPTN01000106	852	1931	1	3
BPTN01000106	1957	3303	1	4
BPTN01000106	3317	3826	-1	5
BPTN01000106	3992	5758	1	6
BPTN01000106	5760	7571	1	7
BPTN01000106	7875	8321	1	8
BPTN01000107	3	2972	1	1
BPTN01000107	3108	3551	1	2
BPTN01000107	3684	4727	1	3
BPTN01000107	4830	6530	1	4
BPTN01000107	6629	8251	1	5
BPTN01000108	1	399	1	1
BPTN01000108	396	1304	-1	2
BPTN01000108	1309	2337	-1	3
BPTN01000108	2334	3227	-1	4
BPTN01000108	3381	5327	1	5
BPTN01000108	5344	5664	1	6
BPTN01000108	5680	6711	-1	7
BPTN01000108	6967	7284	-1	8
BPTN01000108	7377	8354	1	9
BPTN01000109	77	1054	-1	1
BPTN01000109	1153	2154	1	2
BPTN01000109	2188	2967	1	3
BPTN01000109	2964	4172	1	4
BPTN01000109	4192	5085	-1	5
BPTN01000109	5164	5634	-1	6
BPTN01000109	5631	6932	-1	7
BPTN01000109	7109	8242	1	8
BPTN01000110	23	271	-1	1
BPTN01000110	264	1106	-1	2
BPTN01000110	1125	1472	-1	3
BPTN01000110	1482	1811	-1	4
BPTN01000110	1808	2140	-1	5
BPTN01000110	2327	3283	1	6
BPTN01000110	3376	5064	1	7
BPTN01000110	5271	5786	1	8
BPTN01000110	5919	6683	1	9
BPTN01000110	6840	7985	-1	10
BPTN01000110	8020	8130	1	11
BPTN01000111	325	540	1	1
BPTN01000111	596	5017	-1	2
BPTN01000111	5024	6472	-1	3
BPTN01000111	6482	8035	-1	4
BPTN01000112	13	522	1	1
BPTN01000112	571	1614	1	2
BPTN01000112	1614	2864	1	3
BPTN01000112	2913	3680	1	4
BPTN01000112	3766	5100	1	5
BPTN01000112	5277	5663	1	6
BPTN01000112	5653	6078	1	7
BPTN01000112	6184	7482	-1	8
BPTN01000112	7580	8023	-1	9
BPTN01000113	2	610	-1	1
BPTN01000113	585	713	-1	2
BPTN01000113	945	1466	1	3
BPTN01000113	1578	2762	1	4
BPTN01000113	2905	3087	1	5
BPTN01000113	3135	3401	-1	6
BPTN01000113	3449	4417	-1	7
BPTN01000113	4526	5686	1	8
BPTN01000113	5663	5974	-1	9
BPTN01000113	6145	7116	-1	10
BPTN01000113	7205	7852	-1	11
BPTN01000114	45	806	-1	1
BPTN01000114	938	1606	-1	2
BPTN01000114	1762	2712	1	3
BPTN01000114	2781	3743	1	4
BPTN01000114	3790	4881	1	5
BPTN01000114	4902	5951	1	6
BPTN01000114	5952	6923	-1	7
BPTN01000114	6971	7606	-1	8
BPTN01000115	1	696	-1	1
BPTN01000115	735	1085	-1	2
BPTN01000115	1406	2641	1	3
BPTN01000115	2659	3414	1	4
BPTN01000115	3421	4146	-1	5
BPTN01000115	4233	4547	-1	6
BPTN01000115	4617	6071	-1	7
BPTN01000115	6108	7112	-1	8
BPTN01000115	7268	7504	-1	9
BPTN01000116	1	1077	-1	1
BPTN01000116	1234	1605	1	2
BPTN01000116	1748	2665	-1	3
BPTN01000116	2775	3500	-1	4
BPTN01000116	3587	4141	1	5
BPTN01000116	4199	5113	1	6
BPTN01000116	5118	5969	-1	7
BPTN01000116	6096	7682	-1	8
BPTN01000117	51	1100	-1	1
BPTN01000117	1250	2620	1	2
BPTN01000117	2679	3527	-1	3
BPTN01000117	3692	5578	1	4
BPTN01000117	5581	5955	1	5
BPTN01000117	6044	6274	1	6
BPTN01000117	6255	7175	1	7
BPTN01000117	7172	7819	1	8
BPTN01000118	23	697	-1	1
BPTN01000118	816	1265	-1	2
BPTN01000118	1487	1942	-1	3
BPTN01000118	2063	2455	1	4
BPTN01000118	2491	3324	1	5
BPTN01000118	3449	4510	-1	6
BPTN01000118	4662	5240	1	7
BPTN01000118	5233	5961	1	8
BPTN01000118	6037	6483	1	9
BPTN01000118	6520	7677	-1	10
BPTN01000119	2	325	1	1
BPTN01000119	270	1418	1	2
BPTN01000119	1473	2504	-1	3
BPTN01000119	2598	3236	1	4
BPTN01000119	3298	3822	1	5
BPTN01000119	3836	4036	-1	6
BPTN01000119	4115	4807	-1	7
BPTN01000119	4965	5498	1	8
BPTN01000119	5531	6250	1	9
BPTN01000119	6278	7360	1	10
BPTN01000119	7443	7778	1	11
BPTN01000120	145	531	1	1
BPTN01000120	548	1135	-1	2
BPTN01000120	1325	2611	1	3
BPTN01000120	2617	3093	-1	4
BPTN01000120	3093	3563	-1	5
BPTN01000120	3575	4834	-1	6
BPTN01000120	4836	5357	-1	7
BPTN01000120	5491	6177	-1	8
BPTN01000120	6248	6472	-1	9
BPTN01000120	6526	7626	-1	10
BPTN01000121	2	967	1	1
BPTN01000121	1105	1494	-1	2
BPTN01000121	1738	2052	-1	3
BPTN01000121	2114	3004	1	4
BPTN01000121	3265	5031	1	5
BPTN01000121	5032	5388	1	6
BPTN01000121	5469	6296	-1	7
BPTN01000121	6421	6576	-1	8
BPTN01000121	6869	7183	1	9
BPTN01000121	7303	7674	1	10
BPTN01000122	22	828	-1	1
BPTN01000122	850	1557	-1	2
BPTN01000122	1910	2581	1	3
BPTN01000122	2821	3477	1	4
BPTN01000122	3622	5445	1	5
BPTN01000122	5514	7124	-1	6
BPTN01000122	7390	7593	-1	7
BPTN01000123	3	905	1	1
BPTN01000123	949	1839	1	2
BPTN01000123	1849	2904	-1	3
BPTN01000123	2935	4317	1	4
BPTN01000123	4397	6190	-1	5
BPTN01000123	6243	6845	-1	6
BPTN01000123	6897	7436	-1	7
BPTN01000124	2	196	-1	1
BPTN01000124	285	1121	1	2
BPTN01000124	1312	2001	1	3
BPTN01000124	2098	2568	1	4
BPTN01000124	2633	4084	1	5
BPTN01000124	4193	4405	1	6
BPTN01000124	4571	5089	1	7
BPTN01000124	5130	5417	-1	8
BPTN01000124	5531	6325	1	9
BPTN01000124	6336	7037	-1	10
BPTN01000124	7137	7388	1	11
BPTN01000125	1	84	-1	1
BPTN01000125	154	717	-1	2
BPTN01000125	790	1194	-1	3
BPTN01000125	1269	2333	-1	4
BPTN01000125	2335	3666	-1	5
BPTN01000125	3741	4373	1	6
BPTN01000125	4415	5845	1	7
BPTN01000125	5852	6229	1	8
BPTN01000125	6283	7131	1	9
BPTN01000125	7198	7374	-1	10
BPTN01000126	109	984	1	1
BPTN01000126	1465	1812	1	2
BPTN01000126	1824	2501	-1	3
BPTN01000126	2655	3965	1	4
BPTN01000126	4067	4354	1	5
BPTN01000126	4549	6642	1	6
BPTN01000126	6659	7357	1	7
BPTN01000127	137	1975	-1	1
BPTN01000127	2035	2601	-1	2
BPTN01000127	2650	3462	-1	3
BPTN01000127	3473	4399	-1	4
BPTN01000127	4537	5016	1	5
BPTN01000127	5116	6150	1	6
BPTN01000127	6225	7292	1	7
BPTN01000128	2	2020	1	1
BPTN01000128	2082	3299	1	2
BPTN01000128	3384	3608	1	3
BPTN01000128	3632	4864	-1	4
BPTN01000128	4941	5930	-1	5
BPTN01000128	6032	7129	1	6
BPTN01000129	40	1713	1	1
BPTN01000129	1899	3107	-1	2
BPTN01000129	3179	4198	-1	3
BPTN01000129	4361	5140	1	4
BPTN01000129	5162	6154	-1	5
BPTN01000129	6534	7115	1	6
BPTN01000130	218	373	1	1
BPTN01000130	473	2257	1	2
BPTN01000130	2324	2779	1	3
BPTN01000130	2795	3715	-1	4
BPTN01000130	4007	5218	1	5
BPTN01000130	5221	5616	1	6
BPTN01000130	5847	7115	1	7
BPTN01000131	38	214	-1	1
BPTN01000131	207	1865	-1	2
BPTN01000131	1938	3188	-1	3
BPTN01000131	3373	4044	-1	4
BPTN01000131	4059	4826	-1	5
BPTN01000131	4951	5397	1	6
BPTN01000131	5404	5736	-1	7
BPTN01000131	5813	6685	-1	8
BPTN01000131	6734	7096	-1	9
BPTN01000132	19	651	-1	1
BPTN01000132	617	1180	-1	2
BPTN01000132	1198	4182	-1	3
BPTN01000132	4269	4625	-1	4
BPTN01000132	4694	5059	-1	5
BPTN01000132	5103	5933	-1	6
BPTN01000132	6095	6712	1	7
BPTN01000132	6724	7083	1	8
BPTN01000133	354	1187	-1	1
BPTN01000133	1320	2042	1	2
BPTN01000133	2098	2601	1	3
BPTN01000133	2665	3537	1	4
BPTN01000133	3577	4647	1	5
BPTN01000133	4671	5633	-1	6
BPTN01000133	5728	6543	-1	7
BPTN01000133	6677	6961	1	8
BPTN01000134	2	1057	-1	1
BPTN01000134	1098	1919	-1	2
BPTN01000134	1979	2575	-1	3
BPTN01000134	2624	4063	-1	4
BPTN01000134	4107	4814	1	5
BPTN01000134	4822	6159	-1	6
BPTN01000134	6275	6967	-1	7
BPTN01000135	1	438	1	1
BPTN01000135	419	1045	1	2
BPTN01000135	1047	2444	1	3
BPTN01000135	2447	3700	1	4
BPTN01000135	3722	4192	-1	5
BPTN01000135	4193	5110	-1	6
BPTN01000135	5270	6085	1	7
BPTN01000135	6088	6675	-1	8
BPTN01000136	152	838	-1	1
BPTN01000136	1180	1302	1	2
BPTN01000136	1304	1516	1	3
BPTN01000136	1531	2952	1	4
BPTN01000136	2971	3645	1	5
BPTN01000136	3678	4706	-1	6
BPTN01000136	5110	6177	-1	7
BPTN01000136	6351	6782	-1	8
BPTN01000137	3	959	1	1
BPTN01000137	1064	1426	1	2
BPTN01000137	1507	2724	1	3
BPTN01000137	2721	3047	-1	4
BPTN01000137	3091	3900	-1	5
BPTN01000137	3910	5223	-1	6
BPTN01000137	5376	6200	1	7
BPTN01000137	6338	6757	1	8
BPTN01000138	12	833	-1	1
BPTN01000138	952	1275	1	2
BPTN01000138	1281	1499	-1	3
BPTN01000138	1499	1669	-1	4
BPTN01000138	1669	1977	-1	5
BPTN01000138	2184	2567	1	6
BPTN01000138	2588	2926	-1	7
BPTN01000138	3049	4029	1	8
BPTN01000138	4083	4286	-1	9
BPTN01000138	4745	5242	-1	10
BPTN01000138	5255	6466	-1	11
BPTN01000138	6476	6697	-1	12
BPTN01000139	72	1124	-1	1
BPTN01000139	1255	1782	1	2
BPTN01000139	1834	2208	1	3
BPTN01000139	2381	3055	1	4
BPTN01000139	3052	3636	-1	5
BPTN01000139	3777	4331	1	6
BPTN01000139	4394	4993	1	7
BPTN01000139	4994	5314	1	8
BPTN01000139	5317	6501	1	9
BPTN01000139	6512	6655	1	10
BPTN01000140	2	730	-1	1
BPTN01000140	830	2164	-1	2
BPTN01000140	2254	2841	1	3
BPTN01000140	2913	4781	1	4
BPTN01000140	4836	6668	-1	5
BPTN01000141	92	811	-1	1
BPTN01000141	888	2645	-1	2
BPTN01000141	2746	3606	1	3
BPTN01000141	3613	4455	-1	4
BPTN01000141	4513	5196	-1	5
BPTN01000141	5295	5699	1	6
BPTN01000141	5712	6311	-1	7
BPTN01000141	6396	6632	1	8
BPTN01000142	81	1121	1	1
BPTN01000142	1126	2307	1	2
BPTN01000142	2307	2696	1	3
BPTN01000142	2700	4070	-1	4
BPTN01000142	4201	4677	-1	5
BPTN01000142	4924	5325	1	6
BPTN01000142	5631	6614	1	7
BPTN01000143	2	739	-1	1
BPTN01000143	881	1327	1	2
BPTN01000143	1357	2589	-1	3
BPTN01000143	2735	3226	1	4
BPTN01000143	3352	4329	1	5
BPTN01000143	4338	5219	1	6
BPTN01000143	5220	6023	-1	7
BPTN01000143	6034	6549	-1	8
BPTN01000144	2	1237	-1	1
BPTN01000144	1493	2683	1	2
BPTN01000144	3026	3475	1	3
BPTN01000144	3488	4261	-1	4
BPTN01000144	4366	5583	1	5
BPTN01000144	5668	6243	1	6
BPTN01000144	6340	6525	1	7
BPTN01000145	201	1106	1	1
BPTN01000145	1117	2190	-1	2
BPTN01000145	2187	4091	-1	3
BPTN01000145	4252	5385	1	4
BPTN01000145	5401	6348	-1	5
BPTN01000146	3	332	-1	1
BPTN01000146	355	1857	-1	2
BPTN01000146	2046	3575	-1	3
BPTN01000146	3590	4684	-1	4
BPTN01000146	5051	6265	-1	5
BPTN01000147	88	354	1	1
BPTN01000147	438	1664	1	2
BPTN01000147	1661	2125	-1	3
BPTN01000147	2248	3405	-1	4
BPTN01000147	3784	4053	1	5
BPTN01000147	4059	6158	-1	6
BPTN01000148	2	394	-1	1
BPTN01000148	484	1620	-1	2
BPTN01000148	1747	2736	1	3
BPTN01000148	2742	4151	-1	4
BPTN01000148	4403	6235	1	5
BPTN01000149	2	595	-1	1
BPTN01000149	773	2014	1	2
BPTN01000149	2038	3174	-1	3
BPTN01000149	3263	3637	-1	4
BPTN01000149	3755	4489	-1	5
BPTN01000149	4512	4835	-1	6
BPTN01000149	4850	6208	-1	7
BPTN01000150	1	297	-1	1
BPTN01000150	297	1235	-1	2
BPTN01000150	1240	2832	-1	3
BPTN01000150	2829	3548	-1	4
BPTN01000150	3545	5731	-1	5
BPTN01000150	5744	6193	-1	6
BPTN01000151	2	6160	-1	1
BPTN01000152	1	6147	-1	1
BPTN01000153	3	1838	-1	1
BPTN01000153	2098	2793	1	2
BPTN01000153	2969	3733	1	3
BPTN01000153	3762	4445	1	4
BPTN01000153	4552	6135	1	5
BPTN01000154	154	1497	-1	1
BPTN01000154	1538	2293	-1	2
BPTN01000154	2325	4556	-1	3
BPTN01000154	4582	5247	-1	4
BPTN01000154	5427	6128	-1	5
BPTN01000155	136	1290	1	1
BPTN01000155	1438	2346	1	2
BPTN01000155	2352	2990	1	3
BPTN01000155	3028	3573	1	4
BPTN01000155	3570	3968	-1	5
BPTN01000155	4062	4571	1	6
BPTN01000155	4581	4937	1	7
BPTN01000155	4940	5362	1	8
BPTN01000155	5359	6123	-1	9
BPTN01000156	2	331	-1	1
BPTN01000156	335	2584	-1	2
BPTN01000156	2826	3770	1	3
BPTN01000156	3820	4323	-1	4
BPTN01000156	4448	5152	-1	5
BPTN01000156	5589	6062	-1	6
BPTN01000157	2	301	-1	1
BPTN01000157	440	1006	1	2
BPTN01000157	1087	2142	1	3
BPTN01000157	2301	2537	1	4
BPTN01000157	2553	4730	1	5
BPTN01000157	4981	5997	1	6
BPTN01000158	3	278	-1	1
BPTN01000158	295	1185	-1	2
BPTN01000158	1178	2926	-1	3
BPTN01000158	2995	3861	-1	4
BPTN01000158	3874	4104	-1	5
BPTN01000158	4184	5863	-1	6
BPTN01000159	26	865	-1	1
BPTN01000159	1301	2188	1	2
BPTN01000159	2482	4089	-1	3
BPTN01000159	4226	4975	-1	4
BPTN01000159	5081	5767	-1	5
BPTN01000160	3	1046	-1	1
BPTN01000160	1167	1799	1	2
BPTN01000160	1802	3193	-1	3
BPTN01000160	3266	3910	-1	4
BPTN01000160	3907	4623	-1	5
BPTN01000160	4728	5300	1	6
BPTN01000160	5531	6022	1	7
BPTN01000161	2	394	1	1
BPTN01000161	273	611	-1	2
BPTN01000161	751	1299	1	3
BPTN01000161	1290	1871	1	4
BPTN01000161	2035	3141	-1	5
BPTN01000161	3260	4081	1	6
BPTN01000161	4078	5889	-1	7
BPTN01000162	60	2093	1	1
BPTN01000162	2159	3340	1	2
BPTN01000162	3350	4297	-1	3
BPTN01000162	4417	4812	1	4
BPTN01000162	4932	5876	1	5
BPTN01000163	1	213	-1	1
BPTN01000163	265	1173	1	2
BPTN01000163	1149	2498	-1	3
BPTN01000163	2549	3691	-1	4
BPTN01000163	3754	4818	-1	5
BPTN01000163	4873	5424	-1	6
BPTN01000163	5524	5946	-1	7
BPTN01000164	2	103	-1	1
BPTN01000164	233	1492	1	2
BPTN01000164	1861	2892	-1	3
BPTN01000164	2896	3060	1	4
BPTN01000164	3237	4652	-1	5
BPTN01000164	4991	5335	1	6
BPTN01000165	112	1227	1	1
BPTN01000165	1478	1603	1	2
BPTN01000165	1703	2566	-1	3
BPTN01000165	2646	3095	-1	4
BPTN01000165	3264	4226	1	5
BPTN01000165	4291	5667	1	6
BPTN01000165	5675	5806	-1	7
BPTN01000166	1	666	-1	1
BPTN01000166	791	1687	1	2
BPTN01000166	1762	3069	1	3
BPTN01000166	3122	4198	1	4
BPTN01000166	4273	5064	1	5
BPTN01000166	5061	5852	1	6
BPTN01000167	3	407	-1	1
BPTN01000167	591	905	1	2
BPTN01000167	1080	2321	1	3
BPTN01000167	2487	3479	1	4
BPTN01000167	3491	4960	1	5
BPTN01000167	4965	5801	1	6
BPTN01000168	2	163	-1	1
BPTN01000168	278	1498	1	2
BPTN01000168	1536	2408	-1	3
BPTN01000168	2410	3552	-1	4
BPTN01000168	3647	3949	-1	5
BPTN01000168	4024	4332	-1	6
BPTN01000168	4664	5233	1	7
BPTN01000168	5236	5709	-1	8
BPTN01000169	126	344	1	1
BPTN01000169	391	1665	1	2
BPTN01000169	1791	2624	1	3
BPTN01000169	2840	3574	-1	4
BPTN01000169	3747	5105	1	5
BPTN01000169	5106	5702	1	6
BPTN01000170	1	1272	-1	1
BPTN01000170	1281	1955	-1	2
BPTN01000170	1988	3148	-1	3
BPTN01000170	3296	4585	1	4
BPTN01000170	4621	5133	1	5
BPTN01000170	5139	5684	1	6
BPTN01000171	3	311	1	1
BPTN01000171	418	1419	1	2
BPTN01000171	1433	2569	-1	3
BPTN01000171	2712	3434	-1	4
BPTN01000171	3579	4985	1	5
BPTN01000171	5059	5667	1	6
BPTN01000172	905	2326	-1	1
BPTN01000172	2833	4326	-1	2
BPTN01000172	4447	5664	-1	3
BPTN01000173	1	234	1	1
BPTN01000173	400	810	1	2
BPTN01000173	966	1244	1	3
BPTN01000173	1255	2229	1	4
BPTN01000173	2322	4469	1	5
BPTN01000173	4651	5655	1	6
BPTN01000174	326	742	1	1
BPTN01000174	880	1113	1	2
BPTN01000174	1110	2315	-1	3
BPTN01000174	2469	2909	1	4
BPTN01000174	2912	4435	-1	5
BPTN01000174	4602	5474	-1	6
BPTN01000175	33	1532	1	1
BPTN01000175	1529	2884	-1	2
BPTN01000175	2979	3440	1	3
BPTN01000175	3446	4405	-1	4
BPTN01000175	4487	5443	1	5
BPTN01000175	5472	5639	-1	6
BPTN01000176	2	127	1	1
BPTN01000176	129	671	1	2
BPTN01000176	668	1297	-1	3
BPTN01000176	1452	2159	1	4
BPTN01000176	2595	4079	1	5
BPTN01000176	4100	5026	1	6
BPTN01000176	5172	5564	1	7
BPTN01000177	1	714	1	1
BPTN01000177	721	1632	1	2
BPTN01000177	1665	2141	1	3
BPTN01000177	2178	3356	1	4
BPTN01000177	3425	4219	1	5
BPTN01000177	4320	5576	1	6
BPTN01000178	1	1116	1	1
BPTN01000178	1127	1657	1	2
BPTN01000178	1781	3526	1	3
BPTN01000178	3621	4397	-1	4
BPTN01000178	4387	5562	-1	5
BPTN01000179	32	1111	1	1
BPTN01000179	1205	1573	1	2
BPTN01000179	1570	2088	-1	3
BPTN01000179	2235	2630	1	4
BPTN01000179	2746	3711	1	5
BPTN01000179	3781	5019	1	6
BPTN01000179	5306	5506	1	7
BPTN01000179	5469	5561	-1	8
BPTN01000180	3	398	-1	1
BPTN01000180	691	2298	-1	2
BPTN01000180	2412	3392	1	3
BPTN01000180	3492	5414	1	4
BPTN01000180	5456	5536	-1	5
BPTN01000181	1	1404	-1	1
BPTN01000181	1401	2294	-1	2
BPTN01000181	2348	2893	1	3
BPTN01000181	2904	3185	-1	4
BPTN01000181	3489	4607	1	5
BPTN01000181	4616	5506	-1	6
BPTN01000182	24	902	-1	1
BPTN01000182	899	1645	-1	2
BPTN01000182	1716	2339	-1	3
BPTN01000182	3007	3618	1	4
BPTN01000182	3662	5416	-1	5
BPTN01000183	25	273	-1	1
BPTN01000183	887	2134	-1	2
BPTN01000183	2274	2801	1	3
BPTN01000183	2808	4370	-1	4
BPTN01000183	4609	5376	1	5
BPTN01000184	3	113	-1	1
BPTN01000184	162	989	-1	2
BPTN01000184	976	2169	-1	3
BPTN01000184	2494	3207	-1	4
BPTN01000184	3390	5372	1	5
BPTN01000185	2	166	1	1
BPTN01000185	280	1992	1	2
BPTN01000185	1992	2762	1	3
BPTN01000185	2759	4138	1	4
BPTN01000185	4153	5343	-1	5
BPTN01000186	2	202	-1	1
BPTN01000186	295	1296	1	2
BPTN01000186	1299	2615	1	3
BPTN01000186	2596	3285	-1	4
BPTN01000186	3278	4318	-1	5
BPTN01000186	4394	5341	-1	6
BPTN01000187	15	689	1	1
BPTN01000187	1173	1742	1	2
BPTN01000187	1936	5337	1	3
BPTN01000188	25	285	-1	1
BPTN01000188	474	2207	1	2
BPTN01000188	2275	3615	1	3
BPTN01000188	3631	4980	1	4
BPTN01000188	5008	5334	-1	5
BPTN01000189	1	480	-1	1
BPTN01000189	749	1204	1	2
BPTN01000189	1394	1828	1	3
BPTN01000189	2050	3111	1	4
BPTN01000189	3188	4084	-1	5
BPTN01000189	4157	4981	1	6
BPTN01000189	5001	5324	-1	7
BPTN01000190	12	233	-1	1
BPTN01000190	386	763	-1	2
BPTN01000190	792	1628	-1	3
BPTN01000190	2002	2904	-1	4
BPTN01000190	2977	4224	-1	5
BPTN01000190	4283	4744	-1	6
BPTN01000190	4825	5283	-1	7
BPTN01000191	1	1797	1	1
BPTN01000191	1806	2687	1	2
BPTN01000191	2751	3050	1	3
BPTN01000191	3053	3817	1	4
BPTN01000191	3895	5232	1	5
BPTN01000192	1	1095	1	1
BPTN01000192	1196	3001	1	2
BPTN01000192	3030	4259	-1	3
BPTN01000192	4662	5114	1	4
BPTN01000192	5107	5223	1	5
BPTN01000193	1	756	1	1
BPTN01000193	764	1468	-1	2
BPTN01000193	1485	2441	-1	3
BPTN01000193	2401	3330	-1	4
BPTN01000193	3320	3970	-1	5
BPTN01000193	4092	4193	1	6
BPTN01000193	4236	5069	-1	7
BPTN01000194	2	913	1	1
BPTN01000194	938	1321	-1	2
BPTN01000194	1522	1698	-1	3
BPTN01000194	1980	2546	-1	4
BPTN01000194	2649	3038	1	5
BPTN01000194	3187	3390	1	6
BPTN01000194	3553	4542	1	7
BPTN01000194	4539	5219	1	8
BPTN01000195	2	631	1	1
BPTN01000195	671	1099	1	2
BPTN01000195	1465	2361	-1	3
BPTN01000195	2528	2911	1	4
BPTN01000195	3022	3873	1	5
BPTN01000195	3922	4803	1	6
BPTN01000195	4862	5164	-1	7
BPTN01000196	3	782	-1	1
BPTN01000196	908	2344	1	2
BPTN01000196	2455	3693	1	3
BPTN01000196	3745	4155	1	4
BPTN01000196	4232	5050	1	5
BPTN01000196	5090	5161	-1	6
BPTN01000197	1	330	-1	1
BPTN01000197	550	1776	-1	2
BPTN01000197	1943	3445	-1	3
BPTN01000197	3489	4406	-1	4
BPTN01000197	4536	5153	1	5
BPTN01000198	3	1493	-1	1
BPTN01000198	1605	2285	1	2
BPTN01000198	2549	3130	1	3
BPTN01000198	3153	5105	-1	4
BPTN01000199	2	580	1	1
BPTN01000199	736	1284	1	2
BPTN01000199	1289	2284	-1	3
BPTN01000199	2378	2923	-1	4
BPTN01000199	2991	3653	-1	5
BPTN01000199	3702	3872	-1	6
BPTN01000199	4815	4970	1	7
BPTN01000199	5003	5092	1	8
BPTN01000200	3	218	1	1
BPTN01000200	273	1043	-1	2
BPTN01000200	1058	2047	-1	3
BPTN01000200	2048	3058	-1	4
BPTN01000200	3337	4044	-1	5
BPTN01000200	4079	4519	-1	6
BPTN01000200	4516	5091	-1	7
BPTN01000201	1	1380	1	1
BPTN01000201	1427	2215	-1	2
BPTN01000201	2309	2803	1	3
BPTN01000201	2864	4159	-1	4
BPTN01000201	4246	5082	-1	5
BPTN01000202	196	1029	1	1
BPTN01000202	1120	2181	1	2
BPTN01000202	2199	3194	-1	3
BPTN01000202	3195	4283	-1	4
BPTN01000202	4289	5050	-1	5
BPTN01000203	1	1521	1	1
BPTN01000203	1545	2885	-1	2
BPTN01000203	2964	4286	1	3
BPTN01000203	4303	5040	-1	4
BPTN01000204	2	541	1	1
BPTN01000204	577	1197	1	2
BPTN01000204	1198	2553	-1	3
BPTN01000204	2584	2844	-1	4
BPTN01000204	2854	4260	-1	5
BPTN01000204	4395	4946	1	6
BPTN01000205	28	1401	-1	1
BPTN01000205	1476	2081	-1	2
BPTN01000205	2168	2707	1	3
BPTN01000205	2799	3653	1	4
BPTN01000205	3726	4826	1	5
BPTN01000205	4873	4998	-1	6
BPTN01000206	3	1016	1	1
BPTN01000206	1006	1959	-1	2
BPTN01000206	2057	2671	-1	3
BPTN01000206	2810	4039	-1	4
BPTN01000206	4258	4944	1	5
BPTN01000207	48	827	-1	1
BPTN01000207	876	1685	-1	2
BPTN01000207	1767	3767	-1	3
BPTN01000207	3831	4997	-1	4
BPTN01000208	3	344	1	1
BPTN01000208	349	741	-1	2
BPTN01000208	886	2292	-1	3
BPTN01000208	2408	3832	-1	4
BPTN01000208	4010	4993	1	5
BPTN01000209	187	618	1	1
BPTN01000209	778	2151	1	2
BPTN01000209	2143	3132	-1	3
BPTN01000209	3452	4537	-1	4
BPTN01000209	4730	4945	1	5
BPTN01000210	1	180	-1	1
BPTN01000210	188	1237	-1	2
BPTN01000210	1338	2306	-1	3
BPTN01000211	3	203	-1	1
BPTN01000211	396	1439	1	2
BPTN01000211	1491	2333	1	3
BPTN01000211	2407	2535	1	4
BPTN01000212	3	206	-1	1
BPTN01000212	218	556	-1	2
BPTN01000212	678	2054	-1	3
BPTN01000212	2162	3334	1	4
BPTN01000212	3348	4178	-1	5
BPTN01000212	4232	4927	-1	6
BPTN01000213	339	728	1	1
BPTN01000213	862	1770	1	2
BPTN01000213	1796	2254	-1	3
BPTN01000213	2464	3234	1	4
BPTN01000213	3248	4027	-1	5
BPTN01000213	4035	4826	-1	6
BPTN01000214	54	1496	-1	1
BPTN01000214	1845	2048	-1	2
BPTN01000214	2256	2354	-1	3
BPTN01000214	2747	3724	-1	4
BPTN01000214	3717	4703	-1	5
BPTN01000215	1	660	-1	1
BPTN01000215	682	1440	-1	2
BPTN01000215	1843	3777	1	3
BPTN01000215	3840	4235	-1	4
BPTN01000215	4260	4571	-1	5
BPTN01000215	4585	4890	-1	6
BPTN01000216	98	331	1	1
BPTN01000216	340	2370	1	2
BPTN01000216	2360	2824	1	3
BPTN01000216	2834	3847	-1	4
BPTN01000216	3874	4206	1	5
BPTN01000216	4216	4893	-1	6
BPTN01000217	80	1774	1	1
BPTN01000217	1764	2720	-1	2
BPTN01000217	2879	3775	1	3
BPTN01000217	3879	4154	1	4
BPTN01000217	4163	4849	-1	5
BPTN01000218	370	1035	1	1
BPTN01000218	1141	3636	1	2
BPTN01000218	3655	4503	1	3
BPTN01000218	4632	4832	1	4
BPTN01000219	32	658	1	1
BPTN01000219	648	1463	-1	2
BPTN01000219	1479	2990	-1	3
BPTN01000219	2980	4062	-1	4
BPTN01000219	4064	4594	-1	5
BPTN01000219	4674	4802	-1	6
BPTN01000220	205	510	1	1
BPTN01000220	586	1671	1	2
BPTN01000220	1672	2394	-1	3
BPTN01000220	2672	3412	-1	4
BPTN01000220	3378	4280	-1	5
BPTN01000220	4471	4788	-1	6
BPTN01000221	2	1300	1	1
BPTN01000221	1658	2293	-1	2
BPTN01000221	2637	4607	1	3
BPTN01000221	4675	4785	1	4
BPTN01000222	2	1315	-1	1
BPTN01000222	1381	1740	1	2
BPTN01000222	1746	1997	1	3
BPTN01000222	2052	2888	1	4
BPTN01000222	2892	3686	-1	5
BPTN01000222	3727	4701	-1	6
BPTN01000223	2	196	1	1
BPTN01000223	198	413	1	2
BPTN01000223	431	961	1	3
BPTN01000223	963	1175	1	4
BPTN01000223	1172	1306	1	5
BPTN01000223	1781	2683	1	6
BPTN01000223	2725	3036	-1	7
BPTN01000223	3141	3665	-1	8
BPTN01000223	3735	4610	-1	9
BPTN01000224	3	641	-1	1
BPTN01000224	867	1523	-1	2
BPTN01000224	1721	2068	1	3
BPTN01000224	2112	3455	-1	4
BPTN01000224	3495	3692	-1	5
BPTN01000224	3786	4235	1	6
BPTN01000224	4222	4701	1	7
BPTN01000225	1	357	-1	1
BPTN01000225	461	1135	-1	2
BPTN01000225	1311	1652	-1	3
BPTN01000225	1767	2084	-1	4
BPTN01000225	2157	2525	-1	5
BPTN01000225	2546	4561	1	6
BPTN01000226	2	541	-1	1
BPTN01000226	594	1496	-1	2
BPTN01000226	1764	2252	-1	3
BPTN01000226	2336	3211	-1	4
BPTN01000226	3327	4577	-1	5
BPTN01000227	1	1146	1	1
BPTN01000227	1143	1568	-1	2
BPTN01000227	1724	2464	1	3
BPTN01000227	2506	3804	-1	4
BPTN01000227	3858	4361	-1	5
BPTN01000227	4469	4627	1	6
BPTN01000228	25	612	-1	1
BPTN01000228	707	1378	-1	2
BPTN01000228	1634	2503	-1	3
BPTN01000228	2507	3334	-1	4
BPTN01000228	3464	4234	1	5
BPTN01000228	4366	4650	-1	6
BPTN01000229	2	673	1	1
BPTN01000229	680	1777	-1	2
BPTN01000229	1876	2658	-1	3
BPTN01000229	2793	3893	1	4
BPTN01000229	4069	4587	1	5
BPTN01000230	8	1729	-1	1
BPTN01000230	1998	2438	-1	2
BPTN01000230	2507	4528	-1	3
BPTN01000231	307	1320	1	1
BPTN01000231	1317	1544	1	2
BPTN01000232	2	919	1	1
BPTN01000232	916	1368	1	2
BPTN01000232	1362	2345	1	3
BPTN01000232	2355	2873	1	4
BPTN01000233	3	473	1	1
BPTN01000233	482	1576	-1	2
BPTN01000233	1674	2531	-1	3
BPTN01000233	2656	3462	1	4
BPTN01000233	3510	4496	1	5
BPTN01000234	2	268	1	1
BPTN01000234	388	1587	1	2
BPTN01000234	1602	4481	1	3
BPTN01000235	3	1031	-1	1
BPTN01000235	1140	4037	-1	2
BPTN01000235	4132	4473	-1	3
BPTN01000236	3	467	1	1
BPTN01000236	470	2155	1	2
BPTN01000236	2152	4470	1	3
BPTN01000237	1	471	1	1
BPTN01000237	512	1363	1	2
BPTN01000237	1421	2545	1	3
BPTN01000237	2542	3816	-1	4
BPTN01000237	3991	4455	1	5
BPTN01000238	82	315	1	1
BPTN01000238	371	1858	1	2
BPTN01000238	1827	2702	1	3
BPTN01000238	2682	3614	-1	4
BPTN01000238	3648	4241	1	5
BPTN01000238	4253	4447	-1	6
BPTN01000239	112	2583	1	1
BPTN01000239	2580	3953	1	2
BPTN01000239	3956	4435	1	3
BPTN01000240	2	442	1	1
BPTN01000240	473	856	-1	2
BPTN01000240	964	1395	-1	3
BPTN01000240	1716	2474	-1	4
BPTN01000240	2497	3804	-1	5
BPTN01000240	3801	4436	-1	6
BPTN01000241	2	1153	1	1
BPTN01000241	1249	2031	-1	2
BPTN01000241	2121	3140	1	3
BPTN01000241	3271	4071	1	4
BPTN01000241	4189	4437	1	5
BPTN01000242	2	553	-1	1
BPTN01000242	558	1625	-1	2
BPTN01000242	1708	2733	1	3
BPTN01000242	2730	3476	1	4
BPTN01000242	3544	3831	-1	5
BPTN01000242	3995	4420	-1	6
BPTN01000243	2	826	1	1
BPTN01000243	831	1517	1	2
BPTN01000243	1511	3688	1	3
BPTN01000243	3691	4086	1	4
BPTN01000243	4096	4407	1	5
BPTN01000244	3	572	-1	1
BPTN01000244	569	1636	-1	2
BPTN01000244	1640	3388	-1	3
BPTN01000244	3405	4391	-1	4
BPTN01000245	6	1319	-1	1
BPTN01000245	1395	2423	-1	2
BPTN01000245	2550	4382	1	3
BPTN01000246	1	336	1	1
BPTN01000246	406	1524	1	2
BPTN01000246	1609	3102	-1	3
BPTN01000246	3298	4368	-1	4
BPTN01000247	3	656	1	1
BPTN01000247	739	1380	1	2
BPTN01000247	1392	1742	-1	3
BPTN01000247	1808	2587	-1	4
BPTN01000247	2594	2764	-1	5
BPTN01000247	2949	4379	1	6
BPTN01000248	134	637	1	1
BPTN01000248	690	2006	1	2
BPTN01000248	2009	2989	-1	3
BPTN01000248	3105	3974	1	4
BPTN01000248	3977	4363	-1	5
BPTN01000249	3	248	-1	1
BPTN01000249	334	1572	-1	2
BPTN01000249	1682	2638	1	3
BPTN01000249	2758	3138	-1	4
BPTN01000249	3138	4322	-1	5
BPTN01000250	1	1218	1	1
BPTN01000250	1487	2998	1	2
BPTN01000250	3109	3651	-1	3
BPTN01000250	3768	4307	1	4
BPTN01000251	2	301	1	1
BPTN01000251	360	920	1	2
BPTN01000251	921	1307	-1	3
BPTN01000251	1349	2224	-1	4
BPTN01000251	2273	4279	-1	5
BPTN01000252	2	1762	-1	1
BPTN01000252	1886	3010	-1	2
BPTN01000252	3058	3852	-1	3
BPTN01000252	4018	4266	-1	4
BPTN01000253	1	558	1	1
BPTN01000253	572	1471	-1	2
BPTN01000253	1538	2338	-1	3
BPTN01000253	2383	3054	-1	4
BPTN01000253	3120	3854	-1	5
BPTN01000253	3957	4247	-1	6
BPTN01000254	97	1023	-1	1
BPTN01000254	1147	1521	1	2
BPTN01000254	1525	2007	-1	3
BPTN01000254	2125	2613	1	4
BPTN01000254	2682	4085	1	5
BPTN01000255	16	792	-1	1
BPTN01000255	994	1560	1	2
BPTN01000255	1628	3172	1	3
BPTN01000255	3186	4043	-1	4
BPTN01000256	36	377	1	1
BPTN01000256	383	2743	-1	2
BPTN01000256	2745	3329	-1	3
BPTN01000256	3365	4210	-1	4
BPTN01000257	1	234	-1	1
BPTN01000257	417	1238	1	2
BPTN01000257	1231	2466	1	3
BPTN01000257	2459	3265	1	4
BPTN01000257	3262	4053	1	5
BPTN01000258	2	295	-1	1
BPTN01000258	306	1424	-1	2
BPTN01000258	1421	1960	-1	3
BPTN01000258	1966	2481	-1	4
BPTN01000258	2670	3527	1	5
BPTN01000258	3615	4202	1	6
BPTN01000259	1	156	-1	1
BPTN01000259	569	1231	-1	2
BPTN01000259	1339	1959	-1	3
BPTN01000259	2173	3240	1	4
BPTN01000259	3355	3501	1	5
BPTN01000259	3513	4136	-1	6
BPTN01000260	49	963	-1	1
BPTN01000260	1031	1594	-1	2
BPTN01000260	1691	2701	1	3
BPTN01000260	2760	3632	1	4
BPTN01000260	3667	4176	1	5
BPTN01000261	93	989	-1	1
BPTN01000261	994	1629	-1	2
BPTN01000261	1706	2320	-1	3
BPTN01000261	2420	3100	1	4
BPTN01000261	3105	3812	1	5
BPTN01000261	3817	4149	-1	6
BPTN01000262	344	472	-1	1
BPTN01000262	1402	3084	1	2
BPTN01000262	3161	3334	1	3
BPTN01000262	3993	4121	1	4
BPTN01000263	2	238	-1	1
BPTN01000263	239	1705	-1	2
BPTN01000263	1760	3595	-1	3
BPTN01000263	3743	4120	-1	4
BPTN01000264	141	2075	1	1
BPTN01000264	2167	2895	1	2
BPTN01000264	3092	3931	-1	3
BPTN01000265	43	216	-1	1
BPTN01000265	305	946	1	2
BPTN01000265	941	1594	-1	3
BPTN01000265	1908	3119	1	4
BPTN01000265	3120	4103	1	5
BPTN01000266	88	384	1	1
BPTN01000266	605	859	1	2
BPTN01000266	1108	1773	1	3
BPTN01000266	1826	4045	1	4
BPTN01000267	32	460	1	1
BPTN01000267	412	1275	1	2
BPTN01000267	1416	1958	-1	3
BPTN01000267	2065	2946	1	4
BPTN01000267	3021	3665	1	5
BPTN01000267	3672	4097	-1	6
BPTN01000268	1	1209	1	1
BPTN01000268	1196	1648	1	2
BPTN01000269	251	1855	1	1
BPTN01000269	1972	2856	1	2
BPTN01000269	2947	3699	1	3
BPTN01000269	3682	4089	-1	4
BPTN01000270	3	167	1	1
BPTN01000270	185	1159	-1	2
BPTN01000270	1207	2175	-1	3
BPTN01000270	2397	4040	1	4
BPTN01000271	1	486	1	1
BPTN01000271	550	741	1	2
BPTN01000271	1492	2070	1	3
BPTN01000271	2267	2887	1	4
BPTN01000271	2912	3310	-1	5
BPTN01000271	3297	3557	-1	6
BPTN01000271	3708	4067	-1	7
BPTN01000272	3	542	1	1
BPTN01000272	542	727	1	2
BPTN01000272	850	1464	1	3
BPTN01000272	1418	1654	1	4
BPTN01000272	1730	2617	1	5
BPTN01000272	2659	3645	1	6
BPTN01000272	3642	4043	-1	7
BPTN01000273	2	133	-1	1
BPTN01000273	557	1168	-1	2
BPTN01000273	1358	2488	-1	3
BPTN01000273	2509	3753	-1	4
BPTN01000274	1	348	1	1
BPTN01000274	349	717	1	2
BPTN01000274	719	3082	-1	3
BPTN01000274	3086	3895	-1	4
BPTN01000275	3	1166	1	1
BPTN01000275	1194	1859	1	2
BPTN01000275	1877	2779	-1	3
BPTN01000275	2826	4016	-1	4
BPTN01000276	667	1296	1	1
BPTN01000276	1390	1842	1	2
BPTN01000276	2022	4010	1	3
BPTN01000277	1	738	-1	1
BPTN01000277	806	1018	1	2
BPTN01000277	1040	3949	1	3
BPTN01000278	1	1497	-1	1
BPTN01000278	1554	3287	-1	2
BPTN01000278	3293	3997	-1	3
BPTN01000279	2	412	-1	1
BPTN01000279	423	860	-1	2
BPTN01000279	847	1497	-1	3
BPTN01000279	1494	2888	-1	4
BPTN01000279	2894	3979	-1	5
BPTN01000280	1	189	-1	1
BPTN01000280	321	512	1	2
BPTN01000280	509	652	-1	3
BPTN01000280	837	2642	1	4
BPTN01000280	2639	2851	1	5
BPTN01000280	2907	3062	-1	6
BPTN01000280	3197	3367	1	7
BPTN01000280	3364	3477	-1	8
BPTN01000280	3663	3974	-1	9
BPTN01000281	3	140	1	1
BPTN01000281	192	872	-1	2
BPTN01000281	1151	3958	-1	3
BPTN01000282	3	125	-1	1
BPTN01000282	256	1011	-1	2
BPTN01000282	1021	1773	-1	3
BPTN01000282	1998	3218	-1	4
BPTN01000282	3231	3932	-1	5
BPTN01000283	3	419	1	1
BPTN01000283	473	1408	-1	2
BPTN01000283	1405	2100	-1	3
BPTN01000283	2205	3341	1	4
BPTN01000283	3354	3854	1	5
BPTN01000284	2	190	-1	1
BPTN01000284	231	731	1	2
BPTN01000284	793	1578	1	3
BPTN01000284	1640	3304	1	4
BPTN01000284	3587	3844	1	5
BPTN01000285	2	3403	1	1
BPTN01000285	3420	3854	-1	2
BPTN01000286	2	148	1	1
BPTN01000286	324	2120	-1	2
BPTN01000286	2121	3824	-1	3
BPTN01000287	1	351	-1	1
BPTN01000287	459	1886	-1	2
BPTN01000287	2005	3057	1	3
BPTN01000287	3214	3825	1	4
BPTN01000288	238	2262	1	1
BPTN01000288	2326	3513	1	2
BPTN01000289	65	2122	1	1
BPTN01000289	2119	2553	1	2
BPTN01000289	2623	3528	1	3
BPTN01000289	3590	3811	-1	4
BPTN01000290	2	310	-1	1
BPTN01000290	450	1961	-1	2
BPTN01000290	2058	2966	1	3
BPTN01000290	2969	3652	-1	4
BPTN01000290	3670	3792	1	5
BPTN01000291	1	1473	1	1
BPTN01000291	1473	3278	1	2
BPTN01000291	3342	3770	1	3
BPTN01000292	40	357	1	1
BPTN01000292	434	1108	-1	2
BPTN01000292	1313	2167	1	3
BPTN01000292	2230	2937	-1	4
BPTN01000292	3117	3620	1	5
BPTN01000293	2	190	1	1
BPTN01000293	187	675	1	2
BPTN01000293	1091	2233	-1	3
BPTN01000293	2239	3411	-1	4
BPTN01000294	1	447	1	1
BPTN01000294	819	2969	-1	2
BPTN01000294	3201	3749	1	3
BPTN01000295	211	2229	-1	1
BPTN01000295	2364	3734	1	2
BPTN01000296	1	150	1	1
BPTN01000296	311	562	1	2
BPTN01000296	597	2897	-1	3
BPTN01000296	3026	3670	-1	4
BPTN01000297	57	200	1	1
BPTN01000297	273	671	1	2
BPTN01000297	724	1884	1	3
BPTN01000297	1925	2854	1	4
BPTN01000297	2864	3718	1	5
BPTN01000298	3	725	-1	1
BPTN01000298	855	1589	1	2
BPTN01000298	1648	2676	1	3
BPTN01000298	2678	3262	-1	4
BPTN01000298	3354	3716	-1	5
BPTN01000299	69	893	-1	1
BPTN01000299	890	2065	-1	2
BPTN01000299	2157	3479	-1	3
BPTN01000299	3575	3712	-1	4
BPTN01000300	135	752	1	1
BPTN01000300	755	1939	1	2
BPTN01000300	2046	2654	1	3
BPTN01000300	2627	3319	-1	4
BPTN01000300	3374	3673	-1	5
BPTN01000301	2	2710	1	1
BPTN01000301	2966	3652	1	2
BPTN01000302	1	1092	1	1
BPTN01000302	1172	2254	1	2
BPTN01000302	2353	3234	1	3
BPTN01000302	3240	3656	1	4
BPTN01000303	2	424	1	1
BPTN01000303	566	1822	1	2
BPTN01000303	1880	2383	1	3
BPTN01000303	2396	2662	1	4
BPTN01000303	2688	3341	1	5
BPTN01000303	3338	3619	1	6
BPTN01000304	282	848	1	1
BPTN01000304	889	1446	1	2
BPTN01000304	1443	2006	1	3
BPTN01000304	2152	2433	1	4
BPTN01000304	2441	2722	-1	5
BPTN01000304	2954	3316	-1	6
BPTN01000305	1	687	1	1
BPTN01000305	803	1360	1	2
BPTN01000305	1357	1629	1	3
BPTN01000305	1631	2773	1	4
BPTN01000305	2781	3605	1	5
BPTN01000306	47	1726	-1	1
BPTN01000306	1879	2637	-1	2
BPTN01000306	2733	3200	1	3
BPTN01000307	3	1928	1	1
BPTN01000307	2067	3299	-1	2
BPTN01000308	3	167	1	1
BPTN01000308	412	636	1	2
BPTN01000308	756	2084	1	3
BPTN01000308	2174	2416	-1	4
BPTN01000308	2748	3284	-1	5
BPTN01000309	2	295	1	1
BPTN01000309	428	1819	1	2
BPTN01000309	1900	2274	-1	3
BPTN01000309	2430	3296	1	4
BPTN01000309	3266	3571	-1	5
BPTN01000310	1	858	-1	1
BPTN01000310	861	3215	-1	2
BPTN01000310	3276	3563	-1	3
BPTN01000311	3	824	-1	1
BPTN01000311	987	1337	1	2
BPTN01000311	1401	2252	-1	3
BPTN01000311	2369	3322	-1	4
BPTN01000312	25	480	-1	1
BPTN01000312	606	1508	-1	2
BPTN01000312	1698	3056	-1	3
BPTN01000312	3216	3539	1	4
BPTN01000313	1	453	1	1
BPTN01000313	473	1978	-1	2
BPTN01000313	2171	3151	1	3
BPTN01000313	3336	3533	1	4
BPTN01000314	2	265	1	1
BPTN01000314	352	1524	1	2
BPTN01000314	1605	2480	-1	3
BPTN01000314	2522	2716	-1	4
BPTN01000314	2767	3525	1	5
BPTN01000315	3	617	-1	1
BPTN01000315	621	1619	-1	2
BPTN01000315	1720	2016	1	3
BPTN01000315	2084	3154	-1	4
BPTN01000315	3212	3523	1	5
BPTN01000316	413	1030	1	1
BPTN01000316	1057	3507	-1	2
BPTN01000317	3	344	1	1
BPTN01000317	325	1596	-1	2
BPTN01000317	1606	2751	-1	3
BPTN01000317	2844	3494	-1	4
BPTN01000318	323	1306	1	1
BPTN01000318	1389	2075	1	2
BPTN01000318	2142	2675	-1	3
BPTN01000318	2677	3471	-1	4
BPTN01000319	1	771	-1	1
BPTN01000319	768	2393	-1	2
BPTN01000319	2374	3261	-1	3
BPTN01000319	3322	3462	-1	4
BPTN01000320	3	401	1	1
BPTN01000320	373	1515	1	2
BPTN01000320	1689	3422	1	3
BPTN01000321	79	1047	1	1
BPTN01000321	1044	1283	1	2
BPTN01000321	1629	3242	1	3
BPTN01000322	1	537	-1	1
BPTN01000322	642	1826	1	2
BPTN01000322	1868	2305	1	3
BPTN01000322	2321	3403	-1	4
BPTN01000323	546	1529	-1	1
BPTN01000323	1869	2426	1	2
BPTN01000323	2523	2756	-1	3
BPTN01000323	2917	3153	-1	4
BPTN01000324	67	1497	-1	1
BPTN01000324	1677	2132	1	2
BPTN01000324	2140	3381	-1	3
BPTN01000325	3	1031	-1	1
BPTN01000325	1132	1329	1	2
BPTN01000325	1354	1530	1	3
BPTN01000325	1556	2578	-1	4
BPTN01000325	2723	2896	-1	5
BPTN01000325	2964	3149	-1	6
BPTN01000326	1	390	-1	1
BPTN01000326	521	2092	1	2
BPTN01000326	2161	3195	1	3
BPTN01000326	3229	3357	-1	4
BPTN01000327	3	713	1	1
BPTN01000327	1316	2536	1	2
BPTN01000327	2729	3334	1	3
BPTN01000328	2	496	1	1
BPTN01000328	659	1210	1	2
BPTN01000328	1275	1826	1	3
BPTN01000328	1839	2420	1	4
BPTN01000328	2443	3321	1	5
BPTN01000329	2	157	-1	1
BPTN01000329	196	2043	-1	2
BPTN01000329	2264	2536	1	3
BPTN01000329	3076	3237	1	4
BPTN01000330	3	1100	1	1
BPTN01000330	1185	1979	1	2
BPTN01000330	2004	2096	1	3
BPTN01000330	2223	2414	-1	4
BPTN01000330	2678	2899	-1	5
BPTN01000330	3046	3276	-1	6
BPTN01000331	1	342	1	1
BPTN01000331	343	1134	1	2
BPTN01000331	1137	2423	1	3
BPTN01000331	2424	2888	1	4
BPTN01000331	2906	3271	1	5
BPTN01000332	114	1208	-1	1
BPTN01000332	1215	1481	-1	2
BPTN01000332	1609	1788	-1	3
BPTN01000332	1841	2617	-1	4
BPTN01000332	2797	3060	-1	5
BPTN01000333	182	832	1	1
BPTN01000333	829	1995	1	2
BPTN01000333	2010	3257	-1	3
BPTN01000334	86	1906	-1	1
BPTN01000334	2310	3257	1	2
BPTN01000335	3	308	1	1
BPTN01000335	451	2700	-1	2
BPTN01000335	2809	3243	-1	3
BPTN01000336	45	587	-1	1
BPTN01000336	684	1673	1	2
BPTN01000336	1670	2593	-1	3
BPTN01000336	2869	3243	1	4
BPTN01000337	3	2852	1	1
BPTN01000337	2859	3206	1	2
BPTN01000338	139	1491	1	1
BPTN01000338	1586	3220	1	2
BPTN01000339	198	632	1	1
BPTN01000339	690	1616	1	2
BPTN01000339	1662	2846	-1	3
BPTN01000339	2866	3030	-1	4
BPTN01000339	3031	3186	-1	5
BPTN01000340	25	657	-1	1
BPTN01000340	767	1171	-1	2
BPTN01000340	1221	2627	-1	3
BPTN01000340	2969	3184	1	4
BPTN01000341	1	1695	1	1
BPTN01000341	1683	3005	1	2
BPTN01000342	2	373	1	1
BPTN01000342	434	886	1	2
BPTN01000342	980	1459	1	3
BPTN01000342	1591	1980	1	4
BPTN01000342	2018	2311	-1	5
BPTN01000342	2756	3124	-1	6
BPTN01000343	2	646	-1	1
BPTN01000343	788	1162	1	2
BPTN01000343	1176	1547	-1	3
BPTN01000343	1516	2448	-1	4
BPTN01000343	2540	3148	-1	5
BPTN01000344	3	281	1	1
BPTN01000344	408	1403	1	2
BPTN01000344	1495	2826	1	3
BPTN01000344	2826	3146	1	4
BPTN01000345	3	599	-1	1
BPTN01000345	972	1271	-1	2
BPTN01000345	1564	3018	-1	3
BPTN01000346	1	120	1	1
BPTN01000346	108	1478	-1	2
BPTN01000346	1546	2490	-1	3
BPTN01000347	67	195	-1	1
BPTN01000347	285	740	-1	2
BPTN01000347	762	1226	-1	3
BPTN01000347	1496	1966	-1	4
BPTN01000347	1988	3103	-1	5
BPTN01000348	13	2322	1	1
BPTN01000348	2362	3018	1	2
BPTN01000349	105	3092	-1	1
BPTN01000350	3	140	-1	1
BPTN01000350	223	1143	-1	2
BPTN01000350	1140	1706	-1	3
BPTN01000350	1707	3077	-1	4
BPTN01000351	15	374	-1	1
BPTN01000351	371	1153	-1	2
BPTN01000351	1098	2120	-1	3
BPTN01000351	2256	2780	1	4
BPTN01000351	2824	3069	1	5
BPTN01000352	2	205	-1	1
BPTN01000352	379	588	1	2
BPTN01000352	595	1890	1	3
BPTN01000352	2069	3058	1	4
BPTN01000353	200	1360	1	1
BPTN01000353	1467	2264	-1	2
BPTN01000353	2722	3045	-1	3
BPTN01000354	112	783	1	1
BPTN01000354	1033	1569	1	2
BPTN01000354	1611	3014	1	3
BPTN01000355	2	349	1	1
BPTN01000355	429	2414	1	2
BPTN01000355	2551	3012	1	3
BPTN01000356	3	1751	1	1
BPTN01000356	1930	2100	-1	2
BPTN01000356	2294	2746	-1	3
BPTN01000357	3	1259	1	1
BPTN01000357	1284	1637	-1	2
BPTN01000357	1760	2713	-1	3
BPTN01000358	3	314	-1	1
BPTN01000358	408	536	1	2
BPTN01000358	547	2445	1	3
BPTN01000358	2445	2942	1	4
BPTN01000359	30	617	1	1
BPTN01000359	610	1077	1	2
BPTN01000359	1082	1699	1	3
BPTN01000359	1696	2655	-1	4
BPTN01000359	2642	2902	-1	5
BPTN01000360	297	2393	1	1
BPTN01000360	2395	2958	-1	2
BPTN01000361	2	460	1	1
BPTN01000361	545	2932	1	2
BPTN01000362	3	1277	1	1
BPTN01000362	1280	2419	1	2
BPTN01000362	2481	2960	1	3
BPTN01000363	3	512	-1	1
BPTN01000363	625	954	-1	2
BPTN01000363	1128	1820	1	3
BPTN01000363	1865	2620	-1	4
BPTN01000363	2712	2945	1	5
BPTN01000364	171	1466	-1	1
BPTN01000364	1516	2781	-1	2
BPTN01000364	2783	2932	-1	3
BPTN01000365	1	2085	1	1
BPTN01000365	2312	2860	1	2
BPTN01000366	3	896	-1	1
BPTN01000366	1461	2906	-1	2
BPTN01000367	577	1431	1	1
BPTN01000367	1444	2892	-1	2
BPTN01000368	3	263	-1	1
BPTN01000368	276	926	-1	2
BPTN01000368	1057	2859	1	3
BPTN01000369	1	1092	-1	1
BPTN01000369	1159	2301	-1	2
BPTN01000369	2423	2863	-1	3
BPTN01000370	178	624	-1	1
BPTN01000370	667	2841	-1	2
BPTN01000371	3	1862	1	1
BPTN01000371	1911	2837	1	2
BPTN01000372	3	212	1	1
BPTN01000372	282	1022	1	2
BPTN01000372	1135	2799	1	3
BPTN01000373	1	342	-1	1
BPTN01000373	801	1784	1	2
BPTN01000373	1836	2153	1	3
BPTN01000373	2172	2474	1	4
BPTN01000373	2458	2712	1	5
BPTN01000374	444	623	1	1
BPTN01000374	672	1328	1	2
BPTN01000374	1322	1645	-1	3
BPTN01000374	1832	2407	-1	4
BPTN01000374	2583	2810	-1	5
BPTN01000375	3	422	-1	1
BPTN01000375	494	1000	1	2
BPTN01000375	1075	1503	1	3
BPTN01000375	1569	2759	-1	4
BPTN01000376	62	586	-1	1
BPTN01000376	658	960	-1	2
BPTN01000376	1084	2121	1	3
BPTN01000376	2151	2762	-1	4
BPTN01000377	3	2771	-1	1
BPTN01000378	67	771	-1	1
BPTN01000378	924	2078	1	2
BPTN01000378	2193	2369	1	3
BPTN01000379	2	184	1	1
BPTN01000379	479	1444	1	2
BPTN01000379	1550	2605	-1	3
BPTN01000380	2	340	1	1
BPTN01000380	443	778	1	2
BPTN01000380	844	1482	-1	3
BPTN01000380	1583	2353	1	4
BPTN01000380	2355	2714	-1	5
BPTN01000381	1	969	-1	1
BPTN01000381	1096	1455	-1	2
BPTN01000381	1712	2350	1	3
BPTN01000381	2347	2502	1	4
BPTN01000381	2472	2711	-1	5
BPTN01000382	174	1220	1	1
BPTN01000382	1306	1998	1	2
BPTN01000382	2097	2459	1	3
BPTN01000382	2460	2705	1	4
BPTN01000383	88	1713	1	1
BPTN01000383	1808	2704	1	2
BPTN01000384	175	1956	1	1
BPTN01000384	1976	2647	-1	2
BPTN01000385	3	551	-1	1
BPTN01000385	822	1379	1	2
BPTN01000385	1401	2591	-1	3
BPTN01000386	2	511	1	1
BPTN01000386	587	2035	1	2
BPTN01000386	2145	2660	-1	3
BPTN01000387	325	2295	-1	1
BPTN01000388	1	1203	1	1
BPTN01000388	1200	2645	-1	2
BPTN01000389	1	906	1	1
BPTN01000389	906	1568	1	2
BPTN01000389	1619	2392	-1	3
BPTN01000389	2430	2603	-1	4
BPTN01000390	2	1087	-1	1
BPTN01000390	1198	1725	1	2
BPTN01000390	2010	2618	-1	3
BPTN01000391	3	533	1	1
BPTN01000391	538	972	1	2
BPTN01000391	969	1382	1	3
BPTN01000391	1903	2055	-1	4
BPTN01000392	440	685	1	1
BPTN01000392	735	1703	-1	2
BPTN01000392	1821	2462	1	3
BPTN01000392	2484	2600	-1	4
BPTN01000393	2	1045	1	1
BPTN01000393	1046	1771	1	2
BPTN01000393	1797	2561	-1	3
BPTN01000394	254	1207	1	1
BPTN01000394	1217	2197	1	2
BPTN01000395	24	803	1	1
BPTN01000395	798	1511	-1	2
BPTN01000395	1650	2417	1	3
BPTN01000396	1	444	1	1
BPTN01000396	711	2246	1	2
BPTN01000397	2	496	1	1
BPTN01000397	486	806	1	2
BPTN01000397	931	1779	1	3
BPTN01000397	1808	2221	-1	4
BPTN01000398	2	754	-1	1
BPTN01000398	918	2390	1	2
BPTN01000398	2401	2541	1	3
BPTN01000399	12	1220	1	1
BPTN01000399	1260	2534	-1	2
BPTN01000400	3	545	-1	1
BPTN01000400	550	2523	-1	2
BPTN01000401	469	1185	1	1
BPTN01000401	1182	1931	-1	2
BPTN01000401	1936	2247	-1	3
BPTN01000402	10	261	-1	1
BPTN01000402	436	855	1	2
BPTN01000402	843	1916	-1	3
BPTN01000402	2008	2517	1	4
BPTN01000403	2	388	-1	1
BPTN01000403	420	806	-1	2
BPTN01000403	923	1483	1	3
BPTN01000403	1488	2465	-1	4
BPTN01000404	3	362	-1	1
BPTN01000404	417	1190	-1	2
BPTN01000404	1187	2014	-1	3
BPTN01000404	2163	2507	1	4
BPTN01000405	2	199	-1	1
BPTN01000405	494	1276	1	2
BPTN01000405	1294	2376	1	3
BPTN01000406	98	2047	1	1
BPTN01000406	2110	2502	1	2
BPTN01000407	385	2493	-1	1
BPTN01000408	2	1396	1	1
BPTN01000408	1477	2232	1	2
BPTN01000408	2242	2397	-1	3
BPTN01000409	2	2212	1	1
BPTN01000410	1	555	1	1
BPTN01000410	615	2465	1	2
BPTN01000411	399	917	-1	1
BPTN01000411	1126	2184	1	2
BPTN01000411	2190	2441	1	3
BPTN01000412	92	781	-1	1
BPTN01000412	829	1128	-1	2
BPTN01000412	1221	2426	1	3
BPTN01000413	93	494	1	1
BPTN01000413	491	2407	-1	2
BPTN01000414	3	149	1	1
BPTN01000414	154	2385	1	2
BPTN01000415	1	66	-1	1
BPTN01000415	229	1449	1	2
BPTN01000415	1461	2378	1	3
BPTN01000416	3	104	1	1
BPTN01000416	161	850	-1	2
BPTN01000416	919	1116	-1	3
BPTN01000416	1331	2365	1	4
BPTN01000417	66	314	-1	1
BPTN01000417	396	689	-1	2
BPTN01000417	1136	1456	1	3
BPTN01000417	1561	2127	-1	4
BPTN01000417	2168	2344	-1	5
BPTN01000418	327	2336	1	1
BPTN01000419	2	1369	-1	1
BPTN01000419	1374	2330	-1	2
BPTN01000420	102	425	-1	1
BPTN01000420	555	2291	-1	2
BPTN01000421	3	905	-1	1
BPTN01000421	971	2320	1	2
BPTN01000422	1	138	-1	1
BPTN01000422	435	1601	1	2
BPTN01000423	2	550	1	1
BPTN01000423	847	2163	-1	2
BPTN01000423	2232	2306	1	3
BPTN01000424	3	686	1	1
BPTN01000424	771	2291	1	2
BPTN01000425	2	2095	-1	1
BPTN01000426	77	577	1	1
BPTN01000426	1071	2288	1	2
BPTN01000427	92	967	1	1
BPTN01000427	979	1872	1	2
BPTN01000427	1879	2283	-1	3
BPTN01000428	19	1215	-1	1
BPTN01000428	1331	1474	-1	2
BPTN01000428	1548	2285	-1	3
BPTN01000429	1	156	-1	1
BPTN01000429	150	620	-1	2
BPTN01000429	903	2009	-1	3
BPTN01000430	50	202	-1	1
BPTN01000430	319	1482	1	2
BPTN01000430	1487	2158	1	3
BPTN01000431	177	1370	1	1
BPTN01000431	1367	1840	-1	2
BPTN01000431	1837	2235	-1	3
BPTN01000432	3	623	-1	1
BPTN01000432	728	1390	-1	2
BPTN01000432	1459	1887	-1	3
BPTN01000433	2	559	1	1
BPTN01000433	577	1020	-1	2
BPTN01000433	1126	1524	1	3
BPTN01000433	1736	2230	1	4
BPTN01000434	13	2007	-1	1
BPTN01000435	3	1328	-1	1
BPTN01000435	1338	2129	-1	2
BPTN01000436	3	389	-1	1
BPTN01000436	419	1666	-1	2
BPTN01000436	1788	2189	1	3
BPTN01000437	2	307	1	1
BPTN01000437	169	924	-1	2
BPTN01000437	914	2008	-1	3
BPTN01000438	1	156	1	1
BPTN01000438	153	413	1	2
BPTN01000438	406	768	1	3
BPTN01000438	833	2146	1	4
BPTN01000439	2	694	1	1
BPTN01000439	809	1615	1	2
BPTN01000439	1691	2167	1	3
BPTN01000440	46	900	-1	1
BPTN01000440	930	1490	-1	2
BPTN01000440	1598	2161	1	3
BPTN01000441	24	920	-1	1
BPTN01000441	994	1434	1	2
BPTN01000441	1470	2153	1	3
BPTN01000442	18	149	-1	1
BPTN01000442	222	1583	-1	2
BPTN01000442	1580	2140	-1	3
BPTN01000443	206	874	-1	1
BPTN01000443	828	1748	-1	2
BPTN01000443	1940	2128	1	3
BPTN01000444	1	96	1	1
BPTN01000444	106	1464	1	2
BPTN01000444	1493	2125	1	3
BPTN01000445	34	945	1	1
BPTN01000445	1030	1521	1	2
BPTN01000445	1523	1996	-1	3
BPTN01000446	2	136	-1	1
BPTN01000446	236	2110	-1	2
BPTN01000447	71	634	-1	1
BPTN01000447	631	2040	-1	2
BPTN01000448	138	1265	1	1
BPTN01000448	1562	2092	1	2
BPTN01000449	2	184	-1	1
BPTN01000449	446	1159	1	2
BPTN01000449	1184	1471	-1	3
BPTN01000449	1526	2032	-1	4
BPTN01000450	2	505	1	1
BPTN01000450	502	1353	-1	2
BPTN01000450	1346	2086	-1	3
BPTN01000451	1	222	1	1
BPTN01000451	225	980	-1	2
BPTN01000451	986	2074	-1	3
BPTN01000452	2	325	-1	1
BPTN01000452	436	2058	1	2
BPTN01000453	45	1955	-1	1
BPTN01000454	45	1391	-1	1
BPTN01000454	1464	2051	-1	2
BPTN01000455	2	529	-1	1
BPTN01000455	531	1937	-1	2
BPTN01000456	1	1119	1	1
BPTN01000456	1129	1389	-1	2
BPTN01000456	1473	1940	-1	3
BPTN01000457	19	2043	1	1
BPTN01000458	231	449	1	1
BPTN01000458	485	1588	-1	2
BPTN01000459	3	1139	-1	1
BPTN01000459	1380	2021	-1	2
BPTN01000460	2	1228	-1	1
BPTN01000460	1443	2015	1	2
BPTN01000461	79	1410	-1	1
BPTN01000461	1462	1665	-1	2
BPTN01000462	3	140	1	1
BPTN01000462	148	795	-1	2
BPTN01000462	879	1118	-1	3
BPTN01000462	1123	1482	1	4
BPTN01000462	1695	2003	-1	5
BPTN01000463	1	1536	1	1
BPTN01000463	1543	1995	-1	2
BPTN01000464	2	478	1	1
BPTN01000464	866	1813	1	2
BPTN01000465	3	554	-1	1
BPTN01000465	706	1698	1	2
BPTN01000465	1725	1985	-1	3
BPTN01000466	233	1615	-1	1
BPTN01000466	1752	1943	1	2
BPTN01000467	331	1950	1	1
BPTN01000468	2	298	1	1
BPTN01000468	497	1549	1	2
BPTN01000468	1607	1945	1	3
BPTN01000469	1	306	1	1
BPTN01000469	400	780	1	2
BPTN01000469	792	1127	1	3
BPTN01000469	1234	1938	1	4
BPTN01000470	1	1935	-1	1
BPTN01000471	1	564	1	1
BPTN01000471	574	1062	1	2
BPTN01000471	1135	1929	1	3
BPTN01000472	3	1925	-1	1
BPTN01000473	1	744	-1	1
BPTN01000473	1077	1925	-1	2
BPTN01000474	2	577	-1	1
BPTN01000474	819	1322	-1	2
BPTN01000474	1358	1924	-1	3
BPTN01000475	2	280	1	1
BPTN01000475	273	1628	-1	2
BPTN01000475	1733	1870	1	3
BPTN01000476	1	732	1	1
BPTN01000476	751	1725	-1	2
BPTN01000477	1	477	-1	1
BPTN01000477	1003	1908	1	2
BPTN01000478	3	803	1	1
BPTN01000478	884	1642	1	2
BPTN01000479	3	500	-1	1
BPTN01000479	497	1177	-1	2
BPTN01000479	1331	1735	1	3
BPTN01000480	2	643	1	1
BPTN01000480	679	1866	-1	2
BPTN01000481	3	437	1	1
BPTN01000481	493	1410	-1	2
BPTN01000481	1422	1856	-1	3
BPTN01000482	47	568	-1	1
BPTN01000482	571	1839	-1	2
BPTN01000483	3	881	-1	1
BPTN01000483	887	1804	-1	2
BPTN01000484	68	1564	1	1
BPTN01000485	3	1181	-1	1
BPTN01000485	1672	1827	1	2
BPTN01000486	188	1660	1	1
BPTN01000486	1657	1821	-1	2
BPTN01000487	2	73	1	1
BPTN01000487	176	1465	-1	2
BPTN01000488	2	1606	-1	1
BPTN01000489	47	520	1	1
BPTN01000489	556	1053	-1	2
BPTN01000489	1715	1804	1	3
BPTN01000490	34	1800	1	1
BPTN01000491	3	818	-1	1
BPTN01000491	1106	1798	1	2
BPTN01000492	3	1793	-1	1
BPTN01000493	144	377	1	1
BPTN01000493	405	1784	1	2
BPTN01000494	24	1220	-1	1
BPTN01000494	1407	1775	1	2
BPTN01000495	16	912	-1	1
BPTN01000495	1041	1592	-1	2
BPTN01000496	10	1776	-1	1
BPTN01000497	3	338	1	1
BPTN01000497	424	1530	1	2
BPTN01000497	1542	1769	-1	3
BPTN01000498	33	494	1	1
BPTN01000498	527	658	-1	2
BPTN01000498	719	1219	-1	3
BPTN01000498	1222	1767	-1	4
BPTN01000499	2	400	-1	1
BPTN01000499	738	893	-1	2
BPTN01000499	1003	1386	1	3
BPTN01000499	1461	1766	1	4
BPTN01000500	1	453	-1	1
BPTN01000500	947	1741	1	2
BPTN01000501	1	1749	-1	1
BPTN01000502	1	438	1	1
BPTN01000502	428	1477	1	2
BPTN01000503	370	714	-1	1
BPTN01000503	921	1730	-1	2
BPTN01000504	1	1722	-1	1
BPTN01000505	13	924	-1	1
BPTN01000505	1113	1571	1	2
BPTN01000506	340	1062	-1	1
BPTN01000506	1472	1588	1	2
BPTN01000507	2	1684	-1	1
BPTN01000508	2	712	-1	1
BPTN01000508	852	1127	1	2
BPTN01000508	1245	1676	1	3
BPTN01000509	3	890	1	1
BPTN01000509	1045	1422	1	2
BPTN01000509	1447	1653	1	3
BPTN01000510	28	1287	1	1
BPTN01000510	1373	1675	1	2
BPTN01000511	1	390	-1	1
BPTN01000511	451	1668	-1	2
BPTN01000512	1	789	-1	1
BPTN01000512	1020	1667	1	2
BPTN01000513	308	1534	-1	1
BPTN01000514	2	106	-1	1
BPTN01000514	430	984	1	2
BPTN01000514	1060	1659	1	3
BPTN01000515	1	1500	-1	1
BPTN01000516	1	204	-1	1
BPTN01000516	380	547	-1	2
BPTN01000516	1271	1483	1	3
BPTN01000517	1	297	-1	1
BPTN01000517	449	850	1	2
BPTN01000517	965	1369	1	3
BPTN01000517	1382	1630	1	4
BPTN01000518	2	877	1	1
BPTN01000518	874	1650	-1	2
BPTN01000519	21	554	-1	1
BPTN01000519	649	1140	-1	2
BPTN01000519	1238	1495	-1	3
BPTN01000520	251	1642	1	1
BPTN01000521	2	841	-1	1
BPTN01000521	916	1632	-1	2
BPTN01000522	284	1498	-1	1
BPTN01000523	26	343	-1	1
BPTN01000523	424	1041	-1	2
BPTN01000523	1179	1625	1	3
BPTN01000524	188	1105	-1	1
BPTN01000524	1235	1624	-1	2
BPTN01000525	137	268	1	1
BPTN01000525	261	1409	1	2
BPTN01000526	3	1616	1	1
BPTN01000527	847	1356	-1	1
BPTN01000527	1308	1598	-1	2
BPTN01000528	3	185	1	1
BPTN01000528	644	1603	1	2
BPTN01000529	317	1117	-1	1
BPTN01000529	1492	1596	1	2
BPTN01000530	97	951	-1	1
BPTN01000530	1030	1383	-1	2
BPTN01000531	3	383	-1	1
BPTN01000531	802	1536	1	2
BPTN01000532	262	927	1	1
BPTN01000532	996	1568	1	2
BPTN01000533	203	721	-1	1
BPTN01000533	760	1557	-1	2
BPTN01000534	82	813	-1	1
BPTN01000534	1253	1507	1	2
BPTN01000535	269	418	1	1
BPTN01000535	455	1336	-1	2
BPTN01000536	113	607	1	1
BPTN01000536	814	1458	-1	2
BPTN01000537	44	718	-1	1
BPTN01000537	863	1228	-1	2
BPTN01000538	180	974	1	1
BPTN01000538	1088	1531	1	2
BPTN01000539	87	506	1	1
BPTN01000539	797	1264	-1	2
BPTN01000540	2	1516	-1	1
BPTN01000541	3	818	1	1
BPTN01000541	970	1263	1	2
BPTN01000541	1373	1510	1	3
BPTN01000542	202	918	1	1
BPTN01000542	922	1509	-1	2
