Hmm	ORF	tlen	qlen	Eval	score	start	end	Acc	Pos	Cov_seq	Cov_hmm	strand
AbiEii_0_CAS-III	BPTN01000001_13	887	284	0.0041	14.2	11738	14398	BPTN01000001	13	0.03269447576099211	0.10211267605633803	-1
AbiEii_0_CAS-III	BPTN01000005_32	621	284	0.032	11.3	31272	33134	BPTN01000005	32	0.22705314009661837	0.4225352112676056	1
AbiEii_0_CAS-III	BPTN01000005_6	347	284	6e-07	26.8	5887	6927	BPTN01000005	6	0.5244956772334294	0.704225352112676	1
AbiEii_0_CAS-III	BPTN01000020_2	252	284	0.00046	17.3	573	1328	BPTN01000020	2	0.2896825396825397	0.19014084507042253	1
AbiEii_0_CAS-III	BPTN01000025_10	729	284	0.00012	19.2	7730	9916	BPTN01000025	10	0.05486968449931413	0.07394366197183098	-1
AbiEii_0_CAS-III	BPTN01000025_18	189	284	0.015	12.3	15341	15907	BPTN01000025	18	0.20105820105820105	0.13028169014084506	1
AbiEii_0_CAS-III	BPTN01000030_2	992	284	0.003	14.6	2899	5874	BPTN01000030	2	0.21673387096774194	0.5598591549295775	1
AbiEii_0_CAS-III	BPTN01000038_7	743	284	4.7e-13	46.8	5808	8036	BPTN01000038	7	0.3283983849259758	0.5211267605633803	-1
AbiEii_0_CAS-III	BPTN01000041_12	183	284	6.9e-05	20.0	11042	11590	BPTN01000041	12	0.3224043715846995	0.21830985915492956	-1
AbiEii_0_CAS-III	BPTN01000052_10	285	284	2.5e-10	37.9	11201	12055	BPTN01000052	10	0.519298245614035	0.49295774647887325	1
AbiEii_0_CAS-III	BPTN01000059_4	615	284	0.002	15.2	2904	4748	BPTN01000059	4	0.191869918699187	0.4154929577464789	1
AbiEii_0_CAS-III	BPTN01000062_6	605	284	0.0027	14.8	5757	7571	BPTN01000062	6	0.15867768595041323	0.3274647887323944	1
AbiEii_0_CAS-III	BPTN01000066_2	234	284	0.0086	13.2	219	920	BPTN01000066	2	0.14957264957264957	0.11267605633802817	-1
AbiEii_0_CAS-III	BPTN01000068_4	251	284	1.2e-05	22.5	3701	4453	BPTN01000068	4	0.5338645418326693	0.45774647887323944	-1
AbiEii_0_CAS-III	BPTN01000071_13	97	284	0.0001	19.5	10178	10468	BPTN01000071	13	0.28865979381443296	0.10915492957746478	1
AbiEii_0_CAS-III	BPTN01000080_4	442	284	4.6e-05	20.6	1865	3190	BPTN01000080	4	0.27828054298642535	0.43309859154929575	1
AbiEii_0_CAS-III	BPTN01000084_6	1437	284	0.042	10.9	5212	9522	BPTN01000084	6	0.10299234516353514	0.3591549295774648	1
AbiEii_0_CAS-III	BPTN01000087_6	252	284	0.00044	17.4	6683	7438	BPTN01000087	6	0.3134920634920635	0.2640845070422535	-1
AbiEii_0_CAS-III	BPTN01000097_6	238	284	0.012	12.7	4500	5213	BPTN01000097	6	0.2815126050420168	0.22535211267605634	1
AbiEii_0_CAS-III	BPTN01000099_6	253	284	3e-05	21.2	5824	6582	BPTN01000099	6	0.7193675889328063	0.7288732394366197	1
AbiEii_0_CAS-III	BPTN01000109_3	260	284	1.6e-07	28.6	2188	2967	BPTN01000109	3	0.4153846153846154	0.35563380281690143	1
AbiEii_0_CAS-III	BPTN01000117_7	307	284	9.3e-08	29.5	6255	7175	BPTN01000117	7	0.28338762214983715	0.29225352112676056	1
AbiEii_0_CAS-III	BPTN01000131_1	59	284	0.017	12.2	38	214	BPTN01000131	1	0.5932203389830508	0.11267605633802817	-1
AbiEii_0_CAS-III	BPTN01000149_5	245	284	6.3e-06	23.4	3755	4489	BPTN01000149	5	0.45714285714285713	0.38380281690140844	-1
AbiEii_0_CAS-III	BPTN01000153_3	255	284	0.0015	15.6	2969	3733	BPTN01000153	3	0.2	0.18309859154929578	1
AbiEii_0_CAS-III	BPTN01000154_3	744	284	0.00014	19.0	2325	4556	BPTN01000154	3	0.053763440860215055	0.07042253521126761	-1
AbiEii_0_CAS-III	BPTN01000166_4	359	284	5e-06	23.8	3122	4198	BPTN01000166	4	0.2757660167130919	0.3415492957746479	1
AbiEii_0_CAS-III	BPTN01000167_6	279	284	0.011	12.8	4965	5801	BPTN01000167	6	0.4121863799283154	0.41901408450704225	1
AbiEii_0_CAS-III	BPTN01000182_2	249	284	1.2e-07	29.1	899	1645	BPTN01000182	2	0.5742971887550201	0.4964788732394366	-1
AbiEii_0_CAS-III	BPTN01000191_2	294	284	0.00088	16.4	1806	2687	BPTN01000191	2	0.4421768707482993	0.45422535211267606	1
AbiEii_0_CAS-III	BPTN01000194_7	330	284	2.6e-08	31.3	3553	4542	BPTN01000194	7	0.38484848484848483	0.44366197183098594	1
AbiEii_0_CAS-III	BPTN01000224_1	213	284	4.5e-05	20.6	3	641	BPTN01000224	1	0.39906103286384975	0.2887323943661972	-1
AbiEii_0_CAS-III	BPTN01000242_4	249	284	1.1e-08	32.5	2730	3476	BPTN01000242	4	0.39357429718875503	0.3274647887323944	1
AbiEii_0_CAS-III	BPTN01000266_3	222	284	0.0053	13.8	1108	1773	BPTN01000266	3	0.4189189189189189	0.30985915492957744	1
AbiEii_0_CAS-III	BPTN01000278_2	578	284	1.2e-06	25.8	1554	3287	BPTN01000278	2	0.2370242214532872	0.3626760563380282	-1
AbiEii_0_CAS-III	BPTN01000282_5	234	284	0.032	11.3	3231	3932	BPTN01000282	5	0.2948717948717949	0.22535211267605634	-1
AbiEii_0_CAS-III	BPTN01000286_3	568	284	0.0011	16.0	2121	3824	BPTN01000286	3	0.13556338028169015	0.2887323943661972	-1
AbiEii_0_CAS-III	BPTN01000297_4	310	284	1.1e-07	29.2	1925	2854	BPTN01000297	4	0.4129032258064516	0.4471830985915493	1
AbiEii_0_CAS-III	BPTN01000320_2	381	284	1e-05	22.8	373	1515	BPTN01000320	2	0.3228346456692913	0.44366197183098594	1
AbiEii_0_CAS-III	BPTN01000337_2	116	284	0.0016	15.6	2859	3206	BPTN01000337	2	0.25862068965517243	0.10915492957746478	1
AbiEii_0_CAS-III	BPTN01000352_1	68	284	5.7e-06	23.6	2	205	BPTN01000352	1	0.6764705882352942	0.15140845070422534	-1
AbiEii_0_CAS-III	BPTN01000393_1	348	284	3.5e-05	21.0	2	1045	BPTN01000393	1	0.3390804597701149	0.4225352112676056	1
AbiEii_0_CAS-III	BPTN01000411_2	353	284	3.5e-06	24.3	1126	2184	BPTN01000411	2	0.43059490084985835	0.49295774647887325	1
AbiEii_0_CAS-III	BPTN01000435_1	442	284	4e-06	24.1	3	1328	BPTN01000435	1	0.13800904977375567	0.14788732394366197	-1
AbiEii_0_CAS-III	BPTN01000537_1	225	284	0.0002	18.5	44	718	BPTN01000537	1	0.4222222222222222	0.3591549295774648	-1
AbiEii_0_CAS-III	BPTN01000538_2	148	284	0.00028	18.1	1088	1531	BPTN01000538	2	0.18243243243243243	0.09859154929577464	1
AbiEii_1_CAS-III-A	BPTN01000109_3	260	335	0.003	14.2	2188	2967	BPTN01000109	3	0.28846153846153844	0.22388059701492538	1
AbiEii_1_CAS-III-A	BPTN01000117_7	307	335	0.0028	14.3	6255	7175	BPTN01000117	7	0.10097719869706841	0.09253731343283582	1
AbiEii_1_CAS-III-A	BPTN01000194_7	330	335	0.0067	13.1	3553	4542	BPTN01000194	7	0.21818181818181817	0.2208955223880597	1
AbiEii_1_CAS-III-A	BPTN01000266_3	222	335	0.001	15.8	1108	1773	BPTN01000266	3	0.32432432432432434	0.21492537313432836	1
AbiEii_1_CAS-III-A	BPTN01000332_4	259	335	7.5	3.1	1841	2617	BPTN01000332	4	0.3861003861003861	0.27761194029850744	-1
AbiEii_2_CAS-III-C	BPTN01000194_7	330	440	0.0017	15.1	3553	4542	BPTN01000194	7	0.19696969696969696	0.14772727272727273	1
Cas10_1_CAS-III	BPTN01000001_26	223	654	0.00019	17.6	24296	24964	BPTN01000001	26	0.3273542600896861	0.1162079510703364	1
Cas10_1_CAS-III	BPTN01000011_13	190	654	0.005	12.9	15462	16031	BPTN01000011	13	0.38421052631578945	0.0871559633027523	-1
Cas10_1_IIIB	BPTN01000120_3	429	116	0.0073	14.1	1325	2611	BPTN01000120	3	0.13986013986013987	0.5344827586206896	1
Cas11_0_IV	BPTN01000253_4	224	114	0.019	12.5	2383	3054	BPTN01000253	4	0.30357142857142855	0.5526315789473685	-1
Cas11b_0_CAS-I-B	BPTN01000460_1	409	170	0.016	12.5	2	1228	BPTN01000460	1	0.061124694376528114	0.1588235294117647	-1
Cas12a_1_CAS-V-A	BPTN01000086_4	115	1086	0.36	6.1	1552	1896	BPTN01000086	4	0.4	0.037753222836095765	-1
Cas12a_1_CAS-V-A	BPTN01000195_2	143	1086	0.00031	16.3	671	1099	BPTN01000195	2	0.3146853146853147	0.049723756906077346	1
Cas12b1_0_CAS-V-B	BPTN01000026_17	192	1125	0.016	10.5	16653	17228	BPTN01000026	17	0.21354166666666666	0.036444444444444446	-1
Cas12b1_0_CAS-V-B	BPTN01000195_2	143	1125	0.0012	14.3	671	1099	BPTN01000195	2	0.4405594405594406	0.05333333333333334	1
Cas12b2_0_CAS-V-B	BPTN01000068_15	256	747	7.2e-06	22.2	10042	10809	BPTN01000068	15	0.30859375	0.10307898259705489	-1
Cas12b2_0_CAS-V-B	BPTN01000195_2	143	747	9.2e-05	18.5	671	1099	BPTN01000195	2	0.5734265734265734	0.107095046854083	1
Cas12c_0_CAS-V-C	BPTN01000068_15	256	1272	0.018	10.1	10042	10809	BPTN01000068	15	0.2890625	0.060534591194968554	-1
Cas12c_0_CAS-V-C	BPTN01000195_2	143	1272	0.00037	15.7	671	1099	BPTN01000195	2	0.2727272727272727	0.03223270440251572	1
Cas12c_0_VC	BPTN01000195_2	143	1256	0.0039	12.1	671	1099	BPTN01000195	2	0.2937062937062937	0.03264331210191083	1
Cas12c_1_CAS-V-C	BPTN01000068_15	256	1268	0.00027	16.1	10042	10809	BPTN01000068	15	0.24609375	0.04889589905362776	-1
Cas12c_1_CAS-V-C	BPTN01000195_2	143	1268	0.0022	13.1	671	1099	BPTN01000195	2	0.2517482517482518	0.02996845425867508	1
Cas12e_0_CAS-V-E	BPTN01000068_15	256	855	0.0002	17.1	10042	10809	BPTN01000068	15	0.60546875	0.17543859649122806	-1
Cas12e_0_CAS-V-E	BPTN01000195_2	143	855	0.00023	16.9	671	1099	BPTN01000195	2	0.23076923076923078	0.03859649122807018	1
Cas12e_1_CAS-V-E	BPTN01000068_15	256	986	0.00051	15.4	10042	10809	BPTN01000068	15	0.3671875	0.09533468559837728	-1
Cas12f1_0_CAS-V-F	BPTN01000034_2	535	512	1.5e-10	38.0	500	2104	BPTN01000034	2	0.44299065420560746	0.44140625	1
Cas12f1_0_CAS-V-F	BPTN01000035_14	647	512	1.1e-05	21.9	8134	10074	BPTN01000035	14	0.21638330757341576	0.26953125	-1
Cas12f1_0_CAS-V-F	BPTN01000068_15	256	512	3.8e-09	33.4	10042	10809	BPTN01000068	15	0.328125	0.166015625	-1
Cas12f1_0_CAS-V-F	BPTN01000195_2	143	512	9.5e-08	28.8	671	1099	BPTN01000195	2	0.5244755244755245	0.154296875	1
Cas12f1_0_CAS-V-F	BPTN01000215_3	645	512	4.6e-06	23.2	1843	3777	BPTN01000215	3	0.2	0.25	1
Cas12f1_0_CAS-V-F	BPTN01000249_4	127	512	0.015	11.6	2758	3138	BPTN01000249	4	0.2047244094488189	0.05078125	-1
Cas12f1_1_CAS-V-F	BPTN01000026_17	192	557	3.3e-12	43.3	16653	17228	BPTN01000026	17	0.671875	0.24057450628366248	-1
Cas12f1_1_CAS-V-F	BPTN01000028_1	381	557	8.7e-14	48.5	2	1144	BPTN01000028	1	0.6509186351706037	0.4380610412926391	-1
Cas12f1_1_CAS-V-F	BPTN01000034_2	535	557	1.1e-17	61.4	500	2104	BPTN01000034	2	0.48411214953271026	0.4452423698384201	1
Cas12f1_1_CAS-V-F	BPTN01000050_17	345	557	2.4e-16	57.0	10611	11645	BPTN01000050	17	0.6434782608695652	0.40574506283662476	1
Cas12f1_1_CAS-V-F	BPTN01000068_15	256	557	4.9e-14	49.3	10042	10809	BPTN01000068	15	0.79296875	0.3464991023339318	-1
Cas12f1_1_CAS-V-F	BPTN01000092_3	417	557	9.4e-07	25.3	1872	3122	BPTN01000092	3	0.27817745803357313	0.21005385996409337	1
Cas12f1_1_CAS-V-F	BPTN01000124_4	157	557	3.4e-12	43.2	2098	2568	BPTN01000124	4	0.7579617834394905	0.22262118491921004	1
Cas12f1_1_CAS-V-F	BPTN01000164_2	420	557	6.4e-10	35.7	233	1492	BPTN01000164	2	0.4142857142857143	0.3177737881508079	1
Cas12f1_1_CAS-V-F	BPTN01000177_6	419	557	1.1e-13	48.2	4320	5576	BPTN01000177	6	0.47494033412887826	0.3464991023339318	1
Cas12f1_1_CAS-V-F	BPTN01000183_2	416	557	1.2e-08	31.6	887	2134	BPTN01000183	2	0.4855769230769231	0.3518850987432675	-1
Cas12f1_1_CAS-V-F	BPTN01000195_1	210	557	0.00044	16.5	2	631	BPTN01000195	1	0.5047619047619047	0.16337522441651706	1
Cas12f1_1_CAS-V-F	BPTN01000195_2	143	557	2.9e-10	36.9	671	1099	BPTN01000195	2	0.5874125874125874	0.17055655296229802	1
Cas12f1_1_CAS-V-F	BPTN01000267_2	288	557	7.2e-08	29.0	412	1275	BPTN01000267	2	0.6979166666666666	0.3500897666068223	1
Cas12f1_1_CAS-V-F	BPTN01000317_4	217	557	1.3e-08	31.5	2844	3494	BPTN01000317	4	0.6543778801843319	0.2495511669658887	-1
Cas12f1_2_CAS-V-F	BPTN01000026_17	192	429	6e-09	32.9	16653	17228	BPTN01000026	17	0.75	0.31002331002331	-1
Cas12f1_2_CAS-V-F	BPTN01000028_1	381	429	1.4e-05	21.8	2	1144	BPTN01000028	1	0.5800524934383202	0.4825174825174825	-1
Cas12f1_2_CAS-V-F	BPTN01000034_2	535	429	8.700000000000001e-22	75.2	500	2104	BPTN01000034	2	0.697196261682243	0.8041958041958042	1
Cas12f1_2_CAS-V-F	BPTN01000035_14	647	429	6.9e-06	22.8	8134	10074	BPTN01000035	14	0.2782071097372488	0.31002331002331	-1
Cas12f1_2_CAS-V-F	BPTN01000042_10	617	429	2.8e-07	27.3	10644	12494	BPTN01000042	10	0.24149108589951376	0.32400932400932403	-1
Cas12f1_2_CAS-V-F	BPTN01000050_17	345	429	9.7e-12	42.1	10611	11645	BPTN01000050	17	0.7304347826086957	0.578088578088578	1
Cas12f1_2_CAS-V-F	BPTN01000067_9	202	429	0.059	9.8	8421	9026	BPTN01000067	9	0.18316831683168316	0.08624708624708624	-1
Cas12f1_2_CAS-V-F	BPTN01000068_15	256	429	1.4e-16	58.0	10042	10809	BPTN01000068	15	0.49609375	0.3006993006993007	-1
Cas12f1_2_CAS-V-F	BPTN01000092_3	417	429	0.00056	16.5	1872	3122	BPTN01000092	3	0.5731414868105515	0.5244755244755245	1
Cas12f1_2_CAS-V-F	BPTN01000124_4	157	429	1.1e-06	25.4	2098	2568	BPTN01000124	4	0.45222929936305734	0.15384615384615385	1
Cas12f1_2_CAS-V-F	BPTN01000164_2	420	429	3.1e-06	23.9	233	1492	BPTN01000164	2	0.47619047619047616	0.43356643356643354	1
Cas12f1_2_CAS-V-F	BPTN01000177_6	419	429	2.8e-06	24.0	4320	5576	BPTN01000177	6	0.5990453460620525	0.5594405594405595	1
Cas12f1_2_CAS-V-F	BPTN01000183_2	416	429	1.4e-05	21.8	887	2134	BPTN01000183	2	0.5985576923076923	0.5501165501165501	-1
Cas12f1_2_CAS-V-F	BPTN01000195_1	210	429	3e-05	20.7	2	631	BPTN01000195	1	0.4380952380952381	0.23543123543123542	1
Cas12f1_2_CAS-V-F	BPTN01000195_2	143	429	9.3e-16	55.3	671	1099	BPTN01000195	2	0.5664335664335665	0.18414918414918416	1
Cas12f1_2_CAS-V-F	BPTN01000215_3	645	429	1.4e-07	28.3	1843	3777	BPTN01000215	3	0.34418604651162793	0.4731934731934732	1
Cas12f1_2_CAS-V-F	BPTN01000249_4	127	429	1.8e-07	28.0	2758	3138	BPTN01000249	4	0.8267716535433071	0.22377622377622378	-1
Cas12f1_2_CAS-V-F	BPTN01000267_2	288	429	3.9e-07	26.9	412	1275	BPTN01000267	2	0.6979166666666666	0.4358974358974359	1
Cas12f1_2_CAS-V-F	BPTN01000317_4	217	429	8.2e-05	19.2	2844	3494	BPTN01000317	4	0.7972350230414746	0.372960372960373	-1
Cas12f2_0_CAS-V-F	BPTN01000034_2	535	517	4.3e-09	33.0	500	2104	BPTN01000034	2	0.4654205607476635	0.4564796905222437	1
Cas12f2_0_CAS-V-F	BPTN01000068_15	256	517	7.2e-08	29.0	10042	10809	BPTN01000068	15	0.3671875	0.17408123791102514	-1
Cas12f2_0_CAS-V-F	BPTN01000195_2	143	517	8e-11	38.7	671	1099	BPTN01000195	2	0.5664335664335665	0.15473887814313347	1
Cas12f2_0_CAS-V-F	BPTN01000215_3	645	517	0.00043	16.5	1843	3777	BPTN01000215	3	0.08837209302325581	0.10831721470019343	1
Cas12f2_0_CAS-V-F	BPTN01000249_4	127	517	0.005	13.0	2758	3138	BPTN01000249	4	0.3779527559055118	0.09090909090909091	-1
Cas12f2_1_CAS-V-F	BPTN01000026_17	192	422	3.2e-13	47.0	16653	17228	BPTN01000026	17	0.7916666666666666	0.36492890995260663	-1
Cas12f2_1_CAS-V-F	BPTN01000028_1	381	422	3.4e-15	53.5	2	1144	BPTN01000028	1	0.8293963254593176	0.7440758293838863	-1
Cas12f2_1_CAS-V-F	BPTN01000034_2	535	422	2.1e-16	57.5	500	2104	BPTN01000034	2	0.5626168224299065	0.6492890995260664	1
Cas12f2_1_CAS-V-F	BPTN01000035_14	647	422	1.1e-05	22.1	8134	10074	BPTN01000035	14	0.26738794435857804	0.35071090047393366	-1
Cas12f2_1_CAS-V-F	BPTN01000042_10	617	422	3.4e-05	20.6	10644	12494	BPTN01000042	10	0.08589951377633712	0.12559241706161137	-1
Cas12f2_1_CAS-V-F	BPTN01000047_15	195	422	4.1	3.8	12127	12711	BPTN01000047	15	0.2	0.0995260663507109	1
Cas12f2_1_CAS-V-F	BPTN01000050_17	345	422	1.4e-14	51.5	10611	11645	BPTN01000050	17	0.7304347826086957	0.6327014218009479	1
Cas12f2_1_CAS-V-F	BPTN01000067_9	202	422	1.6	5.1	8421	9026	BPTN01000067	9	0.17326732673267325	0.08293838862559241	-1
Cas12f2_1_CAS-V-F	BPTN01000068_15	256	422	2.8e-12	43.9	10042	10809	BPTN01000068	15	0.37109375	0.22037914691943128	-1
Cas12f2_1_CAS-V-F	BPTN01000086_4	115	422	0.22	8.0	1552	1896	BPTN01000086	4	0.40869565217391307	0.07582938388625593	-1
Cas12f2_1_CAS-V-F	BPTN01000092_3	417	422	9.6e-09	32.3	1872	3122	BPTN01000092	3	0.6546762589928058	0.6563981042654028	1
Cas12f2_1_CAS-V-F	BPTN01000124_4	157	422	1.3e-08	31.8	2098	2568	BPTN01000124	4	0.5859872611464968	0.22985781990521326	1
Cas12f2_1_CAS-V-F	BPTN01000164_2	420	422	7.6e-12	42.5	233	1492	BPTN01000164	2	0.6571428571428571	0.6611374407582938	1
Cas12f2_1_CAS-V-F	BPTN01000177_6	419	422	1.4e-14	51.5	4320	5576	BPTN01000177	6	0.7541766109785203	0.7440758293838863	1
Cas12f2_1_CAS-V-F	BPTN01000183_2	416	422	7.7e-14	49.1	887	2134	BPTN01000183	2	0.7596153846153846	0.7440758293838863	-1
Cas12f2_1_CAS-V-F	BPTN01000195_1	210	422	1.7e-05	21.6	2	631	BPTN01000195	1	0.6619047619047619	0.2677725118483412	1
Cas12f2_1_CAS-V-F	BPTN01000195_2	143	422	8.9e-11	39.0	671	1099	BPTN01000195	2	0.6223776223776224	0.20616113744075829	1
Cas12f2_1_CAS-V-F	BPTN01000215_3	645	422	8.9e-10	35.7	1843	3777	BPTN01000215	3	0.15813953488372093	0.23222748815165878	1
Cas12f2_1_CAS-V-F	BPTN01000249_4	127	422	1.8e-08	31.4	2758	3138	BPTN01000249	4	0.5511811023622047	0.16113744075829384	-1
Cas12f2_1_CAS-V-F	BPTN01000267_2	288	422	1.3e-08	31.8	412	1275	BPTN01000267	2	0.5520833333333334	0.3696682464454976	1
Cas12f2_1_CAS-V-F	BPTN01000317_4	217	422	5.6e-09	33.0	2844	3494	BPTN01000317	4	0.7419354838709677	0.38388625592417064	-1
Cas12f2_1_CAS-V-F	BPTN01000343_1	215	422	0.0021	14.7	2	646	BPTN01000343	1	0.5953488372093023	0.31990521327014215	-1
Cas12f2_1_CAS-V-F	BPTN01000359_5	87	422	0.0021	14.7	2642	2902	BPTN01000359	5	0.41379310344827586	0.08293838862559241	-1
Cas12f2_1_CAS-V-F	BPTN01000505_1	304	422	6.8e-10	36.1	13	924	BPTN01000505	1	0.7039473684210527	0.5023696682464455	-1
Cas12f2_2_CAS-V-F	BPTN01000034_2	535	493	4.9e-11	39.4	500	2104	BPTN01000034	2	0.22429906542056074	0.23935091277890466	1
Cas12f2_2_CAS-V-F	BPTN01000035_14	647	493	0.0037	13.4	8134	10074	BPTN01000035	14	0.08964451313755796	0.11764705882352941	-1
Cas12f2_2_CAS-V-F	BPTN01000042_10	617	493	0.0032	13.6	10644	12494	BPTN01000042	10	0.1458670988654781	0.17849898580121704	-1
Cas12f2_2_CAS-V-F	BPTN01000067_9	202	493	1.7	4.6	8421	9026	BPTN01000067	9	0.14356435643564355	0.058823529411764705	-1
Cas12f2_2_CAS-V-F	BPTN01000068_15	256	493	3.3e-12	43.3	10042	10809	BPTN01000068	15	0.3359375	0.1724137931034483	-1
Cas12f2_2_CAS-V-F	BPTN01000124_4	157	493	0.034	10.2	2098	2568	BPTN01000124	4	0.46496815286624205	0.13995943204868155	1
Cas12f2_2_CAS-V-F	BPTN01000195_2	143	493	4.6e-11	39.5	671	1099	BPTN01000195	2	0.36363636363636365	0.10953346855983773	1
Cas12f2_2_CAS-V-F	BPTN01000215_3	645	493	7.9e-06	22.2	1843	3777	BPTN01000215	3	0.08992248062015504	0.11967545638945233	1
Cas12f2_2_CAS-V-F	BPTN01000249_4	127	493	6.5e-06	22.5	2758	3138	BPTN01000249	4	0.36220472440944884	0.09330628803245436	-1
Cas12f3_0_CAS-V-F	BPTN01000195_2	143	496	0.00022	17.8	671	1099	BPTN01000195	2	0.34265734265734266	0.07661290322580645	1
Cas12f7_0_CAS-V-F	BPTN01000195_2	143	566	0.016	11.5	671	1099	BPTN01000195	2	0.3356643356643357	0.08657243816254417	1
Cas12g_0_CAS-V-G	BPTN01000195_2	143	771	0.00038	16.2	671	1099	BPTN01000195	2	0.5384615384615384	0.10635538261997406	1
Cas12j_0_V-J	BPTN01000034_2	535	758	7.2e-06	21.7	500	2104	BPTN01000034	2	0.20747663551401868	0.1517150395778364	1
Cas12j_0_V-J	BPTN01000068_15	256	758	1.4e-06	24.1	10042	10809	BPTN01000068	15	0.203125	0.06992084432717678	-1
Cas12j_0_V-J	BPTN01000195_2	143	758	7.8e-09	31.5	671	1099	BPTN01000195	2	0.45454545454545453	0.0870712401055409	1
Cas12m_0_V-M	BPTN01000034_2	535	577	0.001	15.1	500	2104	BPTN01000034	2	0.16822429906542055	0.1611785095320624	1
Cas12m_0_V-M	BPTN01000035_14	647	577	6e-06	22.4	8134	10074	BPTN01000035	14	0.08964451313755796	0.10051993067590988	-1
Cas12m_0_V-M	BPTN01000068_15	256	577	0.00086	15.3	10042	10809	BPTN01000068	15	0.37890625	0.17677642980935876	-1
Cas12m_0_V-M	BPTN01000195_2	143	577	3.4e-06	23.2	671	1099	BPTN01000195	2	0.46853146853146854	0.11438474870017332	1
Cas12m_0_V-M	BPTN01000215_3	645	577	0.00013	18.1	1843	3777	BPTN01000215	3	0.09147286821705426	0.10398613518197573	1
Cas12m_0_V-M	BPTN01000249_4	127	577	0.0024	13.9	2758	3138	BPTN01000249	4	0.4015748031496063	0.09012131715771231	-1
Cas13a_0_VIA	BPTN01000014_9	516	167	0.012	13.5	9615	11162	BPTN01000014	9	0.20930232558139536	0.6047904191616766	-1
Cas1_0_CAS-III-B	BPTN01000265_3	218	266	0.01	12.9	941	1594	BPTN01000265	3	0.5045871559633027	0.37593984962406013	-1
Cas2_2_CAS-I-II-III-IV-V-VI	BPTN01000056_7	152	79	0.0032	15.2	8597	9052	BPTN01000056	7	0.4934210526315789	0.7721518987341772	-1
Cas3HD_0_CAS-I	BPTN01000001_26	223	203	0.00055	17.3	24296	24964	BPTN01000001	26	0.3452914798206278	0.5073891625615764	1
Cas3HD_0_CAS-I	BPTN01000010_21	361	203	0.0017	15.8	22103	23185	BPTN01000010	21	0.14127423822714683	0.2561576354679803	1
Cas3HD_0_CAS-I	BPTN01000011_13	190	203	0.00049	17.5	15462	16031	BPTN01000011	13	0.4421052631578947	0.43349753694581283	-1
Cas3HD_0_CAS-I	BPTN01000086_7	176	203	0.0042	14.4	2896	3423	BPTN01000086	7	0.7102272727272727	0.6403940886699507	1
Cas3HD_0_CAS-I	BPTN01000091_6	749	203	0.0026	15.1	5339	7585	BPTN01000091	6	0.12416555407209613	0.47783251231527096	-1
Cas3_0_CAS-I	BPTN01000003_9	849	353	1e-15	55.2	8672	11218	BPTN01000003	9	0.3663133097762073	0.9178470254957507	-1
Cas3_0_CAS-I	BPTN01000043_5	474	353	9.2e-05	19.2	3654	5075	BPTN01000043	5	0.25949367088607594	0.35410764872521244	1
Cas3_0_CAS-I	BPTN01000065_1	739	353	2.4e-11	40.8	3	2219	BPTN01000065	1	0.3870094722598105	0.6685552407932012	-1
Cas3_0_CAS-I	BPTN01000130_5	404	353	5.6e-11	39.6	4007	5218	BPTN01000130	5	0.49257425742574257	0.5439093484419264	1
Cas3_0_CAS-I	BPTN01000130_7	423	353	1.3e-08	31.8	5847	7115	BPTN01000130	7	0.46099290780141844	0.5609065155807366	1
Cas3_0_CAS-I	BPTN01000198_4	651	353	8.5e-05	19.3	3153	5105	BPTN01000198	4	0.3118279569892473	0.5609065155807366	-1
Cas3_0_CAS-I-D	BPTN01000003_9	849	626	9.7e-16	54.5	8672	11218	BPTN01000003	9	0.3133097762073027	0.4057507987220447	-1
Cas3_0_CAS-I-D	BPTN01000091_6	749	626	0.01	11.5	5339	7585	BPTN01000091	6	0.2963951935914553	0.3274760383386581	-1
Cas3_0_CAS-I-U	BPTN01000003_9	849	843	0.006	11.9	8672	11218	BPTN01000003	9	0.048292108362779744	0.04744958481613286	-1
Cas3_0_I	BPTN01000003_9	849	358	3.7e-15	53.3	8672	11218	BPTN01000003	9	0.35924617196702	0.8966480446927374	-1
Cas3_0_I	BPTN01000043_5	474	358	5.7e-05	19.8	3654	5075	BPTN01000043	5	0.26371308016877637	0.3547486033519553	1
Cas3_0_I	BPTN01000065_1	739	358	7.3e-10	35.9	3	2219	BPTN01000065	1	0.33152909336941816	0.6480446927374302	-1
Cas3_0_I	BPTN01000130_5	404	358	1.7e-11	41.3	4007	5218	BPTN01000130	5	0.4975247524752475	0.553072625698324	1
Cas3_0_I	BPTN01000198_4	651	358	0.00021	18.0	3153	5105	BPTN01000198	4	0.2980030721966206	0.5307262569832403	-1
Cas3_0_ID	BPTN01000003_9	849	357	1.5e-18	64.5	8672	11218	BPTN01000003	9	0.2838633686690224	0.6554621848739496	-1
Cas3_0_ID	BPTN01000043_5	474	357	0.00016	18.4	3654	5075	BPTN01000043	5	0.21729957805907174	0.3165266106442577	1
Cas3_0_ID	BPTN01000130_5	404	357	0.00037	17.2	4007	5218	BPTN01000130	5	0.3069306930693069	0.3389355742296919	1
Cas3_0_ID	BPTN01000130_7	423	357	0.0014	15.3	5847	7115	BPTN01000130	7	0.1607565011820331	0.17366946778711484	1
Cas3_0_IU	BPTN01000003_9	849	864	0.00032	16.2	8672	11218	BPTN01000003	9	0.08362779740871613	0.08101851851851852	-1
Cas3_1_CAS-I	BPTN01000003_9	849	745	6.5e-17	58.6	8672	11218	BPTN01000003	9	0.23910482921083628	0.22013422818791947	-1
Cas3_1_CAS-I	BPTN01000130_5	404	745	0.0011	14.8	4007	5218	BPTN01000130	5	0.14356435643564355	0.08322147651006712	1
Cas3_1_CAS-I	BPTN01000198_4	651	745	3.2e-07	26.5	3153	5105	BPTN01000198	4	0.26881720430107525	0.23758389261744967	-1
Cas3_1_CAS-I	BPTN01000368_2	217	745	0.0017	14.2	276	926	BPTN01000368	2	0.23963133640552994	0.07114093959731543	-1
Cas3_1_CAS-I-D	BPTN01000003_9	849	353	6.1e-17	59.2	8672	11218	BPTN01000003	9	0.3050647820965842	0.7705382436260623	-1
Cas3_1_CAS-I-D	BPTN01000043_5	474	353	9.6e-06	22.4	3654	5075	BPTN01000043	5	0.17721518987341772	0.23796033994334279	1
Cas3_1_CAS-I-D	BPTN01000130_5	404	353	0.00014	18.5	4007	5218	BPTN01000130	5	0.349009900990099	0.3937677053824363	1
Cas3_1_CAS-I-D	BPTN01000130_7	423	353	0.00017	18.3	5847	7115	BPTN01000130	7	0.14420803782505912	0.1558073654390935	1
Cas3_1_I	BPTN01000011_13	190	178	0.0087	13.6	15462	16031	BPTN01000011	13	0.30526315789473685	0.37640449438202245	-1
Cas3_2_CAS-I	BPTN01000003_9	849	967	2.9e-16	56.2	8672	11218	BPTN01000003	9	0.303886925795053	0.26163391933815927	-1
Cas3_2_CAS-I	BPTN01000130_5	404	967	3.1e-09	32.9	4007	5218	BPTN01000130	5	0.48514851485148514	0.19751809720785937	1
Cas3_2_CAS-I	BPTN01000130_7	423	967	1.4e-05	20.9	5847	7115	BPTN01000130	7	0.41134751773049644	0.1737331954498449	1
Cas3_2_CAS-I	BPTN01000310_2	785	967	0.00039	16.1	861	3215	BPTN01000310	2	0.19745222929936307	0.15718717683557393	-1
Cas3d_0_CAS-I-D	BPTN01000003_9	849	639	3.2e-14	49.8	8672	11218	BPTN01000003	9	0.17432273262661954	0.2190923317683881	-1
Cas3d_0_CAS-I-D	BPTN01000091_6	749	639	0.0018	14.2	5339	7585	BPTN01000091	6	0.0787716955941255	0.09389671361502347	-1
Cas3d_1_CAS-I-D	BPTN01000003_9	849	627	9.3e-09	31.6	8672	11218	BPTN01000003	9	0.29799764428739695	0.4019138755980861	-1
Cas3d_1_CAS-I-D	BPTN01000043_5	474	627	0.00021	17.2	3654	5075	BPTN01000043	5	0.15822784810126583	0.11802232854864433	1
Cas4_0_CAS-I-II-III-IV-V-VI	BPTN01000005_9	995	179	2.9e-07	28.4	9425	12409	BPTN01000005	9	0.20100502512562815	0.9888268156424581	-1
Cas4_0_CAS-I-II-III-IV-V-VI	BPTN01000031_14	450	179	0.025	12.3	13650	14999	BPTN01000031	14	0.18666666666666668	0.49162011173184356	-1
Cas4_0_CAS-I-II-III-IV-V-VI	BPTN01000237_5	155	179	3.9e-05	21.4	3991	4455	BPTN01000237	5	0.6709677419354839	0.553072625698324	1
Cas4_0_I-II	BPTN01000005_9	995	180	7.7e-07	26.6	9425	12409	BPTN01000005	9	0.1879396984924623	0.9888888888888889	-1
Cas4_0_I-II	BPTN01000031_14	450	180	0.023	12.0	13650	14999	BPTN01000031	14	0.4	0.9333333333333333	-1
Cas4_0_I-II	BPTN01000237_5	155	180	0.00029	18.2	3991	4455	BPTN01000237	5	0.5935483870967742	0.4666666666666667	1
Cas4_0_I-II-V	BPTN01000005_9	995	177	0.00017	19.2	9425	12409	BPTN01000005	9	0.23819095477386934	0.9887005649717514	-1
Cas4_3_CAS-I-II-III-IV-V-VI	BPTN01000031_14	450	197	0.0063	14.1	13650	14999	BPTN01000031	14	0.5377777777777778	0.9187817258883249	-1
Cas4_3_CAS-I-II-III-IV-V-VI	BPTN01000056_4	456	197	0.0041	14.7	3906	5273	BPTN01000056	4	0.19956140350877194	0.2639593908629442	-1
Cas4_3_CAS-I-II-III-IV-V-VI	BPTN01000141_1	240	197	0.018	12.6	92	811	BPTN01000141	1	0.2875	0.39086294416243655	-1
Cas4_5_CAS-I-II-III-IV-V-VI	BPTN01000005_9	995	161	0.00045	17.9	9425	12409	BPTN01000005	9	0.2321608040201005	0.9751552795031055	-1
Cas4_5_CAS-I-II-III-IV-V-VI	BPTN01000056_4	456	161	0.84	7.3	3906	5273	BPTN01000056	4	0.31140350877192985	0.42857142857142855	-1
Cas5_3_CAS-I-B	BPTN01000131_9	121	174	0.019	12.4	6734	7096	BPTN01000131	9	0.6528925619834711	0.41954022988505746	-1
Cas5_6_CAS-I-B	BPTN01000144_5	406	272	0.0047	13.7	4366	5583	BPTN01000144	5	0.12807881773399016	0.1948529411764706	1
Cas6e_2_CAS-I-II-III-IV-V-VI	BPTN01000474_3	189	202	0.0044	14.8	1358	1924	BPTN01000474	3	0.2857142857142857	0.2376237623762376	-1
Cas7_0_CAS-I	BPTN01000149_5	245	230	0.001	15.9	3755	4489	BPTN01000149	5	0.1469387755102041	0.13043478260869565	-1
Cas7_0_I	BPTN01000149_5	245	240	0.0023	14.5	3755	4489	BPTN01000149	5	0.10204081632653061	0.10416666666666667	-1
Cas8a1_0_CAS-I-A	BPTN01000046_2	83	377	0.0028	14.3	338	586	BPTN01000046	2	0.8192771084337349	0.17771883289124668	-1
Cas8a1_2_CAS-I-A	BPTN01000046_2	83	377	0.0028	14.3	338	586	BPTN01000046	2	0.8192771084337349	0.17771883289124668	-1
Cas8a2_3_CAS-I-A	BPTN01000212_2	113	347	0.0072	13.2	218	556	BPTN01000212	2	0.6106194690265486	0.2017291066282421	-1
CasR_0_CAS-I-II-III-IV-V-VI	BPTN01000001_34	144	198	0.0071	13.5	30374	30805	BPTN01000001	34	0.3333333333333333	0.26262626262626265	-1
CasR_0_CAS-I-II-III-IV-V-VI	BPTN01000004_19	262	198	0.017	12.2	15402	16187	BPTN01000004	19	0.41603053435114506	0.4898989898989899	-1
CasR_0_CAS-I-II-III-IV-V-VI	BPTN01000004_31	101	198	4.2e-05	20.8	30555	30857	BPTN01000004	31	0.5742574257425742	0.2878787878787879	-1
CasR_0_CAS-I-II-III-IV-V-VI	BPTN01000022_7	136	198	1.5e-05	22.2	3316	3723	BPTN01000022	7	0.5661764705882353	0.3888888888888889	1
CasR_0_CAS-I-II-III-IV-V-VI	BPTN01000033_17	239	198	0.00023	18.4	15534	16250	BPTN01000033	17	0.1589958158995816	0.18181818181818182	1
CasR_0_CAS-I-II-III-IV-V-VI	BPTN01000037_3	1909	198	0.14	9.3	1358	7084	BPTN01000037	3	0.143006809848088	0.3686868686868687	1
CasR_0_CAS-I-II-III-IV-V-VI	BPTN01000046_11	140	198	0.00023	18.3	8476	8895	BPTN01000046	11	0.6071428571428571	0.43434343434343436	1
CasR_0_CAS-I-II-III-IV-V-VI	BPTN01000057_5	105	198	0.0017	15.5	3251	3565	BPTN01000057	5	0.6190476190476191	0.3181818181818182	1
CasR_0_CAS-I-II-III-IV-V-VI	BPTN01000063_6	355	198	2.3e-05	21.6	9303	10367	BPTN01000063	6	0.27323943661971833	0.4696969696969697	-1
CasR_0_CAS-I-II-III-IV-V-VI	BPTN01000071_12	228	198	0.00028	18.1	9386	10069	BPTN01000071	12	0.19298245614035087	0.20202020202020202	-1
CasR_0_CAS-I-II-III-IV-V-VI	BPTN01000071_2	359	198	0.0095	13.1	236	1312	BPTN01000071	2	0.2479108635097493	0.2878787878787879	1
CasR_0_CAS-I-II-III-IV-V-VI	BPTN01000071_5	219	198	0.014	12.5	3059	3715	BPTN01000071	5	0.2648401826484018	0.2878787878787879	-1
CasR_0_CAS-I-II-III-IV-V-VI	BPTN01000072_2	277	198	0.003	14.7	1056	1886	BPTN01000072	2	0.22743682310469315	0.31313131313131315	1
CasR_0_CAS-I-II-III-IV-V-VI	BPTN01000077_6	105	198	0.0089	13.2	5809	6123	BPTN01000077	6	0.5428571428571428	0.26262626262626265	1
CasR_0_CAS-I-II-III-IV-V-VI	BPTN01000123_3	352	198	0.0091	13.1	1849	2904	BPTN01000123	3	0.13068181818181818	0.23737373737373738	-1
CasR_0_CAS-I-II-III-IV-V-VI	BPTN01000129_4	260	198	0.00036	17.7	4361	5140	BPTN01000129	4	0.5615384615384615	0.6262626262626263	1
CasR_0_CAS-I-II-III-IV-V-VI	BPTN01000141_6	135	198	7.3e-06	23.2	5295	5699	BPTN01000141	6	0.43703703703703706	0.23737373737373738	1
CasR_0_CAS-I-II-III-IV-V-VI	BPTN01000154_2	252	198	0.0011	16.2	1538	2293	BPTN01000154	2	0.21428571428571427	0.2727272727272727	-1
CasR_0_CAS-I-II-III-IV-V-VI	BPTN01000181_4	94	198	0.00058	17.0	2904	3185	BPTN01000181	4	0.574468085106383	0.2777777777777778	-1
CasR_0_CAS-I-II-III-IV-V-VI	BPTN01000220_3	241	198	0.00034	17.8	1672	2394	BPTN01000220	3	0.29045643153526973	0.3434343434343434	-1
CasR_0_CAS-I-II-III-IV-V-VI	BPTN01000224_4	448	198	0.0059	13.7	2112	3455	BPTN01000224	4	0.17633928571428573	0.3787878787878788	-1
CasR_0_CAS-I-II-III-IV-V-VI	BPTN01000252_3	265	198	0.00011	19.4	3058	3852	BPTN01000252	3	0.41132075471698115	0.8282828282828283	-1
CasR_0_CAS-I-II-III-IV-V-VI	BPTN01000282_3	251	198	0.001	16.3	1021	1773	BPTN01000282	3	0.6653386454183267	0.6161616161616161	-1
CasR_0_CAS-I-II-III-IV-V-VI	BPTN01000343_3	124	198	0.00012	19.3	1176	1547	BPTN01000343	3	0.717741935483871	0.41919191919191917	-1
CasR_0_CAS-I-II-III-IV-V-VI	BPTN01000382_1	349	198	0.002	15.3	174	1220	BPTN01000382	1	0.18911174785100288	0.3383838383838384	1
CasR_0_CAS-I-II-III-IV-V-VI	BPTN01000432_2	221	198	0.00011	19.4	728	1390	BPTN01000432	2	0.3167420814479638	0.21717171717171718	-1
CasR_0_CAS-I-II-III-IV-V-VI	BPTN01000497_2	369	198	0.00041	17.5	424	1530	BPTN01000497	2	0.13008130081300814	0.24242424242424243	1
CasR_0_CAS-III-B-III-D	BPTN01000023_9	482	255	4.5	4.2	6517	7962	BPTN01000023	9	0.35684647302904565	0.3254901960784314	1
CasR_0_CAS-III-B-III-D	BPTN01000034_3	83	255	0.023	11.7	2379	2627	BPTN01000034	3	0.891566265060241	0.28627450980392155	-1
CasR_0_CAS-III-B-III-D	BPTN01000047_13	399	255	4.7	4.1	9896	11092	BPTN01000047	13	0.3057644110275689	0.23921568627450981	1
CasR_0_CAS-III-B-III-D	BPTN01000093_6	179	255	0.65	7.0	4913	5449	BPTN01000093	6	0.7374301675977654	0.3137254901960784	1
CasR_0_CAS-III-B-III-D	BPTN01000188_1	87	255	0.22	8.5	25	285	BPTN01000188	1	0.7701149425287356	0.24705882352941178	-1
CasR_0_CAS-III-B-III-D	BPTN01000215_1	220	255	2.6	5.0	1	660	BPTN01000215	1	0.55	0.2549019607843137	-1
CasR_0_CAS-III-B-III-D	BPTN01000292_2	225	255	0.79	6.7	434	1108	BPTN01000292	2	0.5511111111111111	0.25882352941176473	-1
CasR_0_CAS-III-B-III-D	BPTN01000309_2	464	255	4.3	4.3	428	1819	BPTN01000309	2	0.4224137931034483	0.2901960784313726	1
CasR_0_CAS-III-B-III-D	BPTN01000385_2	186	255	0.026	11.5	822	1379	BPTN01000385	2	0.6397849462365591	0.2823529411764706	1
CasR_1_CAS-I-II-III-IV-V-VI	BPTN01000001_34	144	218	0.0011	15.7	30374	30805	BPTN01000001	34	0.4583333333333333	0.3073394495412844	-1
CasR_1_CAS-I-II-III-IV-V-VI	BPTN01000004_19	262	218	0.0014	15.4	15402	16187	BPTN01000004	19	0.3320610687022901	0.39908256880733944	-1
CasR_1_CAS-I-II-III-IV-V-VI	BPTN01000004_21	430	218	0.0053	13.5	17611	18900	BPTN01000004	21	0.16511627906976745	0.21100917431192662	1
CasR_1_CAS-I-II-III-IV-V-VI	BPTN01000004_31	101	218	9.8e-06	22.4	30555	30857	BPTN01000004	31	0.49504950495049505	0.22935779816513763	-1
CasR_1_CAS-I-II-III-IV-V-VI	BPTN01000022_7	136	218	8.6e-08	29.1	3316	3723	BPTN01000022	7	0.6470588235294118	0.4036697247706422	1
CasR_1_CAS-I-II-III-IV-V-VI	BPTN01000033_17	239	218	0.0011	15.6	15534	16250	BPTN01000033	17	0.14225941422594143	0.1559633027522936	1
CasR_1_CAS-I-II-III-IV-V-VI	BPTN01000037_3	1909	218	2.5	4.7	1358	7084	BPTN01000037	3	0.12624410686223153	0.28440366972477066	1
CasR_1_CAS-I-II-III-IV-V-VI	BPTN01000046_11	140	218	0.0001	19.0	8476	8895	BPTN01000046	11	0.6571428571428571	0.45871559633027525	1
CasR_1_CAS-I-II-III-IV-V-VI	BPTN01000057_5	105	218	1.1e-07	28.8	3251	3565	BPTN01000057	5	0.7333333333333333	0.3440366972477064	1
CasR_1_CAS-I-II-III-IV-V-VI	BPTN01000063_6	355	218	0.0001	19.1	9303	10367	BPTN01000063	6	0.22535211267605634	0.3623853211009174	-1
CasR_1_CAS-I-II-III-IV-V-VI	BPTN01000071_12	228	218	1.8e-05	21.5	9386	10069	BPTN01000071	12	0.18859649122807018	0.20642201834862386	-1
CasR_1_CAS-I-II-III-IV-V-VI	BPTN01000071_2	359	218	0.00014	18.6	236	1312	BPTN01000071	2	0.2590529247910863	0.26605504587155965	1
CasR_1_CAS-I-II-III-IV-V-VI	BPTN01000071_5	219	218	0.0072	13.0	3059	3715	BPTN01000071	5	0.2191780821917808	0.22477064220183487	-1
CasR_1_CAS-I-II-III-IV-V-VI	BPTN01000072_2	277	218	0.00033	17.4	1056	1886	BPTN01000072	2	0.24187725631768953	0.30275229357798167	1
CasR_1_CAS-I-II-III-IV-V-VI	BPTN01000120_1	129	218	0.0037	14.0	145	531	BPTN01000120	1	0.5038759689922481	0.3119266055045872	1
CasR_1_CAS-I-II-III-IV-V-VI	BPTN01000123_3	352	218	0.0085	12.8	1849	2904	BPTN01000123	3	0.19318181818181818	0.3119266055045872	-1
CasR_1_CAS-I-II-III-IV-V-VI	BPTN01000129_4	260	218	3.6e-05	20.5	4361	5140	BPTN01000129	4	0.23846153846153847	0.2706422018348624	1
CasR_1_CAS-I-II-III-IV-V-VI	BPTN01000141_6	135	218	9.4e-06	22.4	5295	5699	BPTN01000141	6	0.3333333333333333	0.20642201834862386	1
CasR_1_CAS-I-II-III-IV-V-VI	BPTN01000154_2	252	218	0.00029	17.6	1538	2293	BPTN01000154	2	0.2777777777777778	0.26146788990825687	-1
CasR_1_CAS-I-II-III-IV-V-VI	BPTN01000181_4	94	218	8.5e-06	22.6	2904	3185	BPTN01000181	4	0.6595744680851063	0.2798165137614679	-1
CasR_1_CAS-I-II-III-IV-V-VI	BPTN01000220_3	241	218	0.00017	18.3	1672	2394	BPTN01000220	3	0.22821576763485477	0.25229357798165136	-1
CasR_1_CAS-I-II-III-IV-V-VI	BPTN01000224_4	448	218	0.00034	17.3	2112	3455	BPTN01000224	4	0.26339285714285715	0.5137614678899083	-1
CasR_1_CAS-I-II-III-IV-V-VI	BPTN01000252_3	265	218	1.8e-05	21.5	3058	3852	BPTN01000252	3	0.37735849056603776	0.3211009174311927	-1
CasR_1_CAS-I-II-III-IV-V-VI	BPTN01000339_1	145	218	0.0046	13.6	198	632	BPTN01000339	1	0.36551724137931035	0.22935779816513763	1
CasR_1_CAS-I-II-III-IV-V-VI	BPTN01000343_3	124	218	4.3e-06	23.5	1176	1547	BPTN01000343	3	0.5725806451612904	0.3302752293577982	-1
CasR_1_CAS-I-II-III-IV-V-VI	BPTN01000382_1	349	218	0.00064	16.4	174	1220	BPTN01000382	1	0.12607449856733524	0.2018348623853211	1
CasR_1_CAS-I-II-III-IV-V-VI	BPTN01000432_2	221	218	5.1e-06	23.3	728	1390	BPTN01000432	2	0.4660633484162896	0.2889908256880734	-1
CasR_1_CAS-I-II-III-IV-V-VI	BPTN01000445_1	304	218	0.012	12.2	34	945	BPTN01000445	1	0.15789473684210525	0.22935779816513763	1
CasR_1_CAS-I-II-III-IV-V-VI	BPTN01000497_2	369	218	2.1e-06	24.6	424	1530	BPTN01000497	2	0.13008130081300814	0.22018348623853212	1
Cmr1gr7_0_CAS-III-B-III-C	BPTN01000129_4	260	173	0.26	8.9	4361	5140	BPTN01000129	4	0.4076923076923077	0.5606936416184971	1
Cmr1gr7_6_CAS-III-B-III-C	BPTN01000005_30	111	81	0.59	8.2	30168	30500	BPTN01000005	30	0.5585585585585585	0.6172839506172839	1
Cmr3gr5_0_CAS-III-B-III-C	BPTN01000123_3	352	373	0.019	11.2	1849	2904	BPTN01000123	3	0.20170454545454544	0.1769436997319035	-1
Cmr4_0_IIIB	BPTN01000036_5	303	283	0.0033	14.7	3448	4356	BPTN01000036	5	0.37623762376237624	0.40636042402826855	-1
Cmr4gr7_0_CAS-III-B-III-C	BPTN01000036_5	303	282	0.0076	13.4	3448	4356	BPTN01000036	5	0.3201320132013201	0.3049645390070922	-1
Cmr4gr7_1_CAS-III-B-III-C	BPTN01000282_2	252	309	3.0	4.7	256	1011	BPTN01000282	2	0.4642857142857143	0.3883495145631068	-1
Cmr5gr11_1_CAS-III-C	BPTN01000040_10	227	180	0.017	12.4	6962	7642	BPTN01000040	10	0.6167400881057269	0.4166666666666667	-1
Cmr5gr11_1_CAS-III-C	BPTN01000531_2	245	180	0.00055	17.3	802	1536	BPTN01000531	2	0.34285714285714286	0.4722222222222222	1
Cmr5gr11_3_CAS-III-B	BPTN01000008_10	317	119	0.026	12.5	8601	9551	BPTN01000008	10	0.26813880126182965	0.5966386554621849	-1
CorA_0_CAS-III-B-III-D	BPTN01000326_1	130	551	0.11	8.6	1	390	BPTN01000326	1	0.6461538461538462	0.13793103448275862	-1
Csa3_1_CAS-I-II-III-IV-V-VI	BPTN01000001_34	144	118	1.1e-07	29.7	30374	30805	BPTN01000001	34	0.4722222222222222	0.635593220338983	-1
Csa3_1_CAS-I-II-III-IV-V-VI	BPTN01000003_13	278	118	0.00019	19.3	14833	15666	BPTN01000003	13	0.17985611510791366	0.4745762711864407	-1
Csa3_1_CAS-I-II-III-IV-V-VI	BPTN01000004_31	101	118	4e-08	31.2	30555	30857	BPTN01000004	31	0.5643564356435643	0.5338983050847458	-1
Csa3_1_CAS-I-II-III-IV-V-VI	BPTN01000023_15	250	118	1.5e-06	26.1	13138	13887	BPTN01000023	15	0.388	0.6949152542372882	-1
Csa3_1_CAS-I-II-III-IV-V-VI	BPTN01000028_7	279	118	0.00025	18.9	7424	8260	BPTN01000028	7	0.26523297491039427	0.559322033898305	1
Csa3_1_CAS-I-II-III-IV-V-VI	BPTN01000046_11	140	118	8.4e-14	49.5	8476	8895	BPTN01000046	11	0.6428571428571429	0.711864406779661	1
Csa3_1_CAS-I-II-III-IV-V-VI	BPTN01000059_6	467	118	5.7e-05	21.0	6660	8060	BPTN01000059	6	0.17987152034261242	0.6186440677966102	-1
Csa3_1_CAS-I-II-III-IV-V-VI	BPTN01000063_6	355	118	0.0097	13.8	9303	10367	BPTN01000063	6	0.11267605633802817	0.3644067796610169	-1
Csa3_1_CAS-I-II-III-IV-V-VI	BPTN01000071_12	228	118	7.3e-06	23.9	9386	10069	BPTN01000071	12	0.33771929824561403	0.5677966101694916	-1
Csa3_1_CAS-I-II-III-IV-V-VI	BPTN01000082_1	697	118	0.0016	16.3	3	2093	BPTN01000082	1	0.14347202295552366	0.635593220338983	1
Csa3_1_CAS-I-II-III-IV-V-VI	BPTN01000087_9	107	118	0.02	12.8	9028	9348	BPTN01000087	9	0.2336448598130841	0.2033898305084746	1
Csa3_1_CAS-I-II-III-IV-V-VI	BPTN01000104_8	124	118	0.0017	16.3	6512	6883	BPTN01000104	8	0.27419354838709675	0.2542372881355932	1
Csa3_1_CAS-I-II-III-IV-V-VI	BPTN01000129_4	260	118	0.00038	18.3	4361	5140	BPTN01000129	4	0.41923076923076924	0.7627118644067796	1
Csa3_1_CAS-I-II-III-IV-V-VI	BPTN01000136_4	474	118	0.0098	13.8	1531	2952	BPTN01000136	4	0.1940928270042194	0.7457627118644068	1
Csa3_1_CAS-I-II-III-IV-V-VI	BPTN01000154_2	252	118	1.4e-05	23.0	1538	2293	BPTN01000154	2	0.4444444444444444	0.7288135593220338	-1
Csa3_1_CAS-I-II-III-IV-V-VI	BPTN01000181_4	94	118	6.7e-09	33.7	2904	3185	BPTN01000181	4	0.723404255319149	0.635593220338983	-1
Csa3_1_CAS-I-II-III-IV-V-VI	BPTN01000220_3	241	118	0.028	12.3	1672	2394	BPTN01000220	3	0.27800829875518673	0.4830508474576271	-1
Csa3_1_CAS-I-II-III-IV-V-VI	BPTN01000268_1	403	118	0.015	13.2	1	1209	BPTN01000268	1	0.14640198511166252	0.5084745762711864	1
Csa3_1_CAS-I-II-III-IV-V-VI	BPTN01000343_3	124	118	7.4e-06	23.8	1176	1547	BPTN01000343	3	0.5483870967741935	0.5847457627118644	-1
Csa3_1_CAS-I-II-III-IV-V-VI	BPTN01000432_2	221	118	1.9e-13	48.3	728	1390	BPTN01000432	2	0.6199095022624435	0.6610169491525424	-1
Csa3_1_CAS-I-II-III-IV-V-VI	BPTN01000445_1	304	118	2.7e-10	38.2	34	945	BPTN01000445	1	0.34868421052631576	0.6949152542372882	1
Csa3_1_CAS-I-II-III-IV-V-VI	BPTN01000465_1	184	118	8.2e-06	23.7	3	554	BPTN01000465	1	0.2717391304347826	0.4745762711864407	-1
Csa3_1_CAS-I-II-III-IV-V-VI	BPTN01000497_2	369	118	0.0061	14.4	424	1530	BPTN01000497	2	0.11924119241192412	0.3983050847457627	1
Csa3_1_CAS-I-II-III-IV-V-VI	BPTN01000508_2	92	118	0.00035	18.5	852	1127	BPTN01000508	2	0.782608695652174	0.5423728813559322	1
Csa3_1_CAS-I-II-III-IV-V-VI	BPTN01000536_2	215	118	2.2e-08	32.0	814	1458	BPTN01000536	2	0.4744186046511628	0.7288135593220338	-1
Csa5_0_IA	BPTN01000179_6	413	107	8.2	4.3	3781	5019	BPTN01000179	6	0.3075060532687651	0.6635514018691588	1
Csa5gr11_1_CAS-I-A	BPTN01000395_2	238	100	0.0042	14.8	798	1511	BPTN01000395	2	0.4789915966386555	0.63	-1
Csa5gr11_3_CAS-I-A	BPTN01000017_8	337	162	0.0089	13.8	6946	7956	BPTN01000017	8	0.3649851632047478	0.6358024691358025	-1
Csa5gr11_8_CAS-I-A	BPTN01000023_1	165	109	0.014	12.9	140	634	BPTN01000023	1	0.24848484848484848	0.3211009174311927	-1
CsaX_0_IA	BPTN01000117_8	216	281	0.013	12.3	7172	7819	BPTN01000117	8	0.36574074074074076	0.2846975088967972	1
Csf1_0_IV	BPTN01000092_5	65	227	0.014	12.4	3757	3951	BPTN01000092	5	0.6	0.14977973568281938	1
Csf2_1_IVA3	BPTN01000047_1	117	263	7.3	3.2	3	353	BPTN01000047	1	0.5384615384615384	0.23574144486692014	1
Csf4_0_IVA	BPTN01000056_8	738	666	2.5e-14	50.3	9108	11321	BPTN01000056	8	0.6205962059620597	0.6816816816816816	-1
Csf4_0_IVA	BPTN01000069_8	597	666	4e-14	49.6	8773	10563	BPTN01000069	8	0.5946398659966499	0.5285285285285285	1
Csf4_0_IVA	BPTN01000130_5	404	666	2.8e-06	23.7	4007	5218	BPTN01000130	5	0.24504950495049505	0.15015015015015015	1
Csf4_0_IVA	BPTN01000130_7	423	666	4.4e-06	23.0	5847	7115	BPTN01000130	7	0.2553191489361702	0.16516516516516516	1
Csf4_0_IVA	BPTN01000159_1	280	666	0.0076	12.3	26	865	BPTN01000159	1	0.33214285714285713	0.14564564564564564	-1
Csf4_0_IVA	BPTN01000198_4	651	666	1.1e-06	25.0	3153	5105	BPTN01000198	4	0.2457757296466974	0.23573573573573572	-1
Csf4_1_IVA1	BPTN01000056_8	738	802	7.2e-11	38.5	9108	11321	BPTN01000056	8	0.34417344173441733	0.3254364089775561	-1
Csf4_1_IVA1	BPTN01000069_8	597	802	0.0051	12.5	8773	10563	BPTN01000069	8	0.24790619765494137	0.19077306733167082	1
Csf4_1_IVA1	BPTN01000130_7	423	802	0.00084	15.1	5847	7115	BPTN01000130	7	0.16312056737588654	0.08229426433915212	1
Csf4_1_IVA1	BPTN01000198_4	651	802	2.8e-05	20.0	3153	5105	BPTN01000198	4	0.31643625192012287	0.25561097256857856	-1
Csf4_2_IVA1	BPTN01000069_8	597	526	3.6e-06	23.4	8773	10563	BPTN01000069	8	0.4036850921273032	0.4220532319391635	1
Csf4_3_IVE	BPTN01000198_4	651	648	3.1e-05	20.3	3153	5105	BPTN01000198	4	0.16129032258064516	0.15895061728395063	-1
Csm2_0_IIIA	BPTN01000006_20	232	96	0.015	13.7	17194	17889	BPTN01000006	20	0.28448275862068967	0.4895833333333333	-1
Csm2_0_IIIA	BPTN01000155_3	213	96	0.01	14.3	2352	2990	BPTN01000155	3	0.4694835680751174	0.5625	1
Csm2_0_IIIA	BPTN01000181_5	373	96	0.00054	18.3	3489	4607	BPTN01000181	5	0.2520107238605898	0.7291666666666666	1
Csm2_0_IIID	BPTN01000002_3	212	148	0.031	11.6	2098	2733	BPTN01000002	3	0.5141509433962265	0.5608108108108109	1
Csm2_1_IIIA	BPTN01000035_8	113	139	0.0044	14.7	3754	4092	BPTN01000035	8	0.8761061946902655	0.7050359712230215	-1
Csm2gr11_0_CAS-III-A	BPTN01000006_20	232	95	0.025	13.0	17194	17889	BPTN01000006	20	0.25	0.7368421052631579	-1
Csm2gr11_0_CAS-III-A	BPTN01000181_5	373	95	0.0004	18.8	3489	4607	BPTN01000181	5	0.24396782841823056	0.7263157894736842	1
Csm2gr11_1_CAS-III-D	BPTN01000002_3	212	149	0.14	9.6	2098	2733	BPTN01000002	3	0.5094339622641509	0.5637583892617449	1
Csm2gr11_2_CAS-III-A	BPTN01000035_8	113	142	0.069	11.0	3754	4092	BPTN01000035	8	0.8584070796460177	0.6901408450704225	-1
Csm2gr11_4_CAS-III-D	BPTN01000279_1	137	130	0.0052	14.2	2	412	BPTN01000279	1	0.45255474452554745	0.4846153846153846	-1
Csm2gr11_5_CAS-III-A	BPTN01000280_2	64	120	0.0069	13.9	321	512	BPTN01000280	2	0.640625	0.35833333333333334	1
Csm2gr11_6_CAS-III-D	BPTN01000160_2	211	151	0.028	11.8	1167	1799	BPTN01000160	2	0.41232227488151657	0.4966887417218543	1
Csm2gr11_7_CAS-III-A	BPTN01000181_5	373	110	0.091	11.3	3489	4607	BPTN01000181	5	0.22788203753351208	0.5272727272727272	1
Csm2gr11_7_CAS-III-A	BPTN01000332_4	259	110	2.9	6.5	1841	2617	BPTN01000332	4	0.42084942084942084	0.7636363636363637	-1
Csm3gr7_5_CAS-III-A-III-D	BPTN01000022_9	345	620	0.031	10.1	4949	5983	BPTN01000022	9	0.14782608695652175	0.08387096774193549	1
Csm6_6_CAS-III	BPTN01000116_4	242	136	0.0062	14.0	2775	3500	BPTN01000116	4	0.34710743801652894	0.5588235294117647	-1
Csm6_7_CAS-III	BPTN01000266_1	99	373	0.0048	13.3	88	384	BPTN01000266	1	0.5959595959595959	0.16621983914209115	1
Csn2_10_CAS-II-A	BPTN01000013_17	949	321	0.00017	18.3	19543	22389	BPTN01000013	17	0.24552160168598525	0.5358255451713395	-1
Csn2_10_CAS-II-A	BPTN01000384_2	224	321	0.0024	14.6	1976	2647	BPTN01000384	2	0.2857142857142857	0.19626168224299065	-1
Csn2_3_CAS-II-A	BPTN01000038_7	743	219	0.0093	13.2	5808	8036	BPTN01000038	7	0.2032301480484522	0.5342465753424658	-1
Csn2_3_CAS-II-A	BPTN01000279_1	137	219	0.016	12.4	2	412	BPTN01000279	1	0.7153284671532847	0.4018264840182648	-1
Csn2_7_CAS-II-A	BPTN01000005_32	621	372	0.054	9.9	31272	33134	BPTN01000005	32	0.27375201288244766	0.26881720430107525	1
Csn2_7_CAS-II-A	BPTN01000052_10	285	372	0.00066	16.2	11201	12055	BPTN01000052	10	0.4105263157894737	0.3118279569892473	1
Csn2_7_CAS-II-A	BPTN01000538_2	148	372	0.0046	13.5	1088	1531	BPTN01000538	2	0.49324324324324326	0.20430107526881722	1
Csx16_0_CAS-III-B	BPTN01000022_21	86	105	0.05	11.7	16067	16324	BPTN01000022	21	0.8372093023255814	0.2571428571428571	1
Csx19_0_CAS-III-D	BPTN01000534_2	85	143	0.014	12.9	1253	1507	BPTN01000534	2	0.6352941176470588	0.36363636363636365	1
Csx19_16_CAS-III-D	BPTN01000173_6	335	133	0.02	12.3	4651	5655	BPTN01000173	6	0.3373134328358209	0.5789473684210527	1
Csx19_6_CAS-III-D	BPTN01000033_1	272	205	0.021	11.9	2	817	BPTN01000033	1	0.2867647058823529	0.37073170731707317	-1
Csx1_7_CAS-III	BPTN01000240_3	144	309	0.051	10.6	964	1395	BPTN01000240	3	0.5833333333333334	0.27184466019417475	-1
Csx20_0_CAS-I-III	BPTN01000078_2	428	131	0.012	13.3	1035	2318	BPTN01000078	2	0.2616822429906542	0.7099236641221374	1
Csx23_0_CAS-III-D	BPTN01000486_1	491	130	0.018	12.1	188	1660	BPTN01000486	1	0.12016293279022404	0.3	1
Csx27_0_CAS-VI-B	BPTN01000042_5	137	238	0.25	8.9	5941	6351	BPTN01000042	5	0.6131386861313869	0.35714285714285715	1
Csx3_2_CAS-I-III	BPTN01000004_17	210	277	0.00074	16.2	14324	14953	BPTN01000004	17	0.11904761904761904	0.09025270758122744	-1
Csx3_2_CAS-I-III	BPTN01000004_32	406	277	0.0013	15.4	30869	32086	BPTN01000004	32	0.10591133004926108	0.1552346570397112	-1
Csx3_2_CAS-I-III	BPTN01000004_46	372	277	0.00094	15.9	40079	41194	BPTN01000004	46	0.1935483870967742	0.22743682310469315	-1
Csx3_2_CAS-I-III	BPTN01000020_2	252	277	1.9e-05	21.4	573	1328	BPTN01000020	2	0.25793650793650796	0.23465703971119134	1
Csx3_2_CAS-I-III	BPTN01000025_18	189	277	0.015	11.9	15341	15907	BPTN01000025	18	0.14285714285714285	0.09747292418772563	1
Csx3_2_CAS-I-III	BPTN01000033_6	311	277	0.0037	13.9	3547	4479	BPTN01000033	6	0.08681672025723473	0.09747292418772563	1
Csx3_2_CAS-I-III	BPTN01000040_4	184	277	0.00042	17.0	2483	3034	BPTN01000040	4	0.1956521739130435	0.1299638989169675	1
Csx3_2_CAS-I-III	BPTN01000224_1	213	277	0.011	12.4	3	641	BPTN01000224	1	0.1643192488262911	0.148014440433213	-1
CysH_0_IVB	BPTN01000008_16	652	249	1.1e-21	75.2	17119	19074	BPTN01000008	16	0.3450920245398773	0.8955823293172691	1
CysH_0_IVB	BPTN01000047_14	311	249	0.012	12.8	11103	12035	BPTN01000047	14	0.13183279742765272	0.1686746987951807	1
CysH_0_IVB	BPTN01000048_1	316	249	0.00011	19.4	1	948	BPTN01000048	1	0.20569620253164558	0.26907630522088355	1
CysH_0_IVB	BPTN01000257_2	274	249	0.00024	18.4	417	1238	BPTN01000257	2	0.3759124087591241	0.41365461847389556	1
DEDDh_0_CAS-I-II-III-IV-V-VI	BPTN01000062_2	337	160	1.3e-16	58.7	1305	2315	BPTN01000062	2	0.6379821958456974	0.9875	1
DEDDh_0_CAS-I-II-III-IV-V-VI	BPTN01000223_3	177	160	3e-17	60.7	431	961	BPTN01000223	3	0.9209039548022598	0.9875	1
HEAT_CxxC_PDDEXK_0_CAS-I-C	BPTN01000046_3	295	288	3.5e-05	20.6	664	1548	BPTN01000046	3	0.7423728813559322	0.28125	-1
HEAT_CxxC_PDDEXK_0_CAS-I-C	BPTN01000078_1	282	288	4.3e-07	26.8	83	928	BPTN01000078	1	0.5177304964539007	0.3680555555555556	1
NYN_0_CAS-III-B	BPTN01000489_2	166	320	5.1e-12	43.1	556	1053	BPTN01000489	2	0.8493975903614458	0.4375	-1
PD_DExK_1_CAS-I-II-III-IV-V-VI	BPTN01000174_4	147	203	0.0059	13.7	2469	2909	BPTN01000174	4	0.2789115646258503	0.2019704433497537	1
PD_DExK_2_CAS-I-II-III-IV-V-VI	BPTN01000120_10	367	127	0.0029	14.7	6526	7626	BPTN01000120	10	0.17983651226158037	0.5196850393700787	-1
RecD_0_IVD	BPTN01000005_9	995	763	1.8e-17	60.2	9425	12409	BPTN01000005	9	0.2241206030150754	0.24508519003931847	-1
RecD_0_IVD	BPTN01000083_8	270	763	0.0011	14.6	7140	7949	BPTN01000083	8	0.14074074074074075	0.05111402359108781	1
RecD_0_IVD	BPTN01000110_1	83	763	0.0002	17.1	23	271	BPTN01000110	1	0.3855421686746988	0.04193971166448231	-1
TPR_0_CAS-III-A	BPTN01000105_4	66	435	0.014	11.9	4129	4326	BPTN01000105	4	0.7878787878787878	0.11724137931034483	-1
TPR_0_CAS-III-A	BPTN01000214_2	68	435	0.00036	17.1	1845	2048	BPTN01000214	2	0.7794117647058824	0.11724137931034483	-1
TPR_0_CAS-III-B	BPTN01000022_9	345	488	3.4e-09	33.4	4949	5983	BPTN01000022	9	0.7217391304347827	0.26024590163934425	1
TPR_0_CAS-III-B	BPTN01000049_11	410	488	1.1e-13	48.3	11386	12615	BPTN01000049	11	0.5780487804878048	0.3094262295081967	-1
TPR_0_CAS-III-B	BPTN01000049_3	814	488	8.9e-05	18.9	2253	4694	BPTN01000049	3	0.5823095823095823	0.6188524590163934	-1
TPR_0_CAS-III-B	BPTN01000051_2	696	488	1.9e-14	50.8	1735	3822	BPTN01000051	2	0.4640804597701149	0.3524590163934426	1
TPR_0_CAS-III-B	BPTN01000055_9	641	488	4.2e-05	20.0	6289	8211	BPTN01000055	9	0.35257410296411856	0.4610655737704918	1
TPR_0_CAS-III-B	BPTN01000058_8	267	488	1.7e-09	34.4	7861	8661	BPTN01000058	8	0.6404494382022472	0.22950819672131148	-1
TPR_0_CAS-III-B	BPTN01000082_1	697	488	4.8e-13	46.1	3	2093	BPTN01000082	1	0.5566714490674318	0.4487704918032787	1
TPR_0_CAS-III-B	BPTN01000130_2	595	488	8.7e-12	42.0	473	2257	BPTN01000130	2	0.6252100840336134	0.48975409836065575	1
TPR_0_CAS-III-B	BPTN01000162_1	678	488	5e-07	26.3	60	2093	BPTN01000162	1	0.16666666666666666	0.1885245901639344	1
TPR_0_CAS-III-B	BPTN01000173_5	716	488	1.7e-11	41.1	2322	4469	BPTN01000173	5	0.3687150837988827	0.22336065573770492	1
TPR_0_CAS-III-B	BPTN01000221_3	657	488	7.6e-08	29.0	2637	4607	BPTN01000221	3	0.5692541856925418	0.5491803278688525	1
TPR_0_CAS-III-B	BPTN01000306_1	560	488	4.3e-14	49.6	47	1726	BPTN01000306	1	0.4875	0.514344262295082	-1
TPR_0_CAS-III-B	BPTN01000387_1	657	488	3e-15	53.4	325	2295	BPTN01000387	1	0.5007610350076104	0.4672131147540984	-1
TPR_0_CAS-III-B	BPTN01000406_1	650	488	5.9e-25	85.4	98	2047	BPTN01000406	1	0.5846153846153846	0.5	1
TPR_0_CAS-III-B	BPTN01000454_1	449	488	2.3e-11	40.6	45	1391	BPTN01000454	1	0.40979955456570155	0.35860655737704916	-1
TPR_1_CAS-III-A	BPTN01000245_3	611	462	4.2e-06	23.2	2550	4382	BPTN01000245	3	0.16039279869067102	0.08441558441558442	1
TPR_1_CAS-III-A	BPTN01000447_2	470	462	0.00027	17.3	631	2040	BPTN01000447	2	0.23829787234042554	0.21428571428571427	-1
TPR_1_CAS-III-B	BPTN01000051_2	696	537	5e-09	32.9	1735	3822	BPTN01000051	2	0.3074712643678161	0.3538175046554935	1
TPR_1_CAS-III-B	BPTN01000082_1	697	537	1.7e-05	21.3	3	2093	BPTN01000082	1	0.2797704447632712	0.3426443202979516	1
TPR_1_CAS-III-B	BPTN01000162_1	678	537	0.012	11.9	60	2093	BPTN01000162	1	0.1696165191740413	0.1154562383612663	1
TPR_1_CAS-III-B	BPTN01000172_1	474	537	0.00098	15.4	905	2326	BPTN01000172	1	0.46624472573839665	0.329608938547486	-1
TPR_1_CAS-III-B	BPTN01000221_3	657	537	3.9e-06	23.4	2637	4607	BPTN01000221	3	0.3242009132420091	0.2085661080074488	1
TPR_1_CAS-III-B	BPTN01000306_1	560	537	0.011	12.0	47	1726	BPTN01000306	1	0.18035714285714285	0.19366852886405958	-1
TPR_1_CAS-III-B	BPTN01000406_1	650	537	1.1e-08	31.8	98	2047	BPTN01000406	1	0.38153846153846155	0.4059590316573557	1
TPR_1_CAS-III-B	BPTN01000454_1	449	537	0.0012	15.1	45	1391	BPTN01000454	1	0.24944320712694878	0.15083798882681565	-1
TPR_1_CAS-III-B	BPTN01000472_1	641	537	0.0073	12.6	3	1925	BPTN01000472	1	0.22152886115444617	0.21787709497206703	-1
TniQ_1_I-F	BPTN01000011_20	56	400	0.031	10.8	19716	19883	BPTN01000011	20	0.5714285714285714	0.0775	1
TniQ_1_I-F	BPTN01000011_21	156	400	0.0065	13.0	20163	20630	BPTN01000011	21	0.33974358974358976	0.1325	1
TnpB_0_Competitive	BPTN01000026_17	192	400	4.3e-09	33.3	16653	17228	BPTN01000026	17	0.59375	0.2775	-1
TnpB_0_Competitive	BPTN01000124_4	157	400	0.00021	17.8	2098	2568	BPTN01000124	4	0.7898089171974523	0.285	1
TnpB_0_Competitive	BPTN01000195_2	143	400	0.00023	17.7	671	1099	BPTN01000195	2	0.5174825174825175	0.185	1
TnpB_0_Competitive	BPTN01000215_3	645	400	3.8e-05	20.3	1843	3777	BPTN01000215	3	0.262015503875969	0.4	1
TnpB_0_Competitive	BPTN01000256_2	787	400	0.41	7.0	383	2743	BPTN01000256	2	0.21473951715374842	0.3375	-1
TnpB_0_Competitive	BPTN01000505_1	304	400	8.1e-05	19.2	13	924	BPTN01000505	1	0.8421052631578947	0.6075	-1
TnpB_1_Competitive	BPTN01000026_17	192	409	1.3e-06	24.9	16653	17228	BPTN01000026	17	0.8125	0.3471882640586797	-1
TnpB_1_Competitive	BPTN01000034_2	535	409	2.2e-10	37.4	500	2104	BPTN01000034	2	0.4355140186915888	0.4743276283618582	1
TnpB_1_Competitive	BPTN01000042_10	617	409	0.00043	16.6	10644	12494	BPTN01000042	10	0.27228525121555913	0.38141809290953543	-1
TnpB_1_Competitive	BPTN01000050_17	345	409	9.9e-06	22.0	10611	11645	BPTN01000050	17	0.8463768115942029	0.7041564792176039	1
TnpB_1_Competitive	BPTN01000068_15	256	409	3.4e-10	36.8	10042	10809	BPTN01000068	15	0.3828125	0.22249388753056235	-1
TnpB_1_Competitive	BPTN01000092_3	417	409	6.2e-05	19.4	1872	3122	BPTN01000092	3	0.5779376498800959	0.5281173594132029	1
TnpB_1_Competitive	BPTN01000164_2	420	409	7.2e-05	19.2	233	1492	BPTN01000164	2	0.5976190476190476	0.5501222493887531	1
TnpB_1_Competitive	BPTN01000195_2	143	409	5.5e-09	32.8	671	1099	BPTN01000195	2	0.3706293706293706	0.1295843520782396	1
TnpB_1_Competitive	BPTN01000215_3	645	409	2.5e-06	24.0	1843	3777	BPTN01000215	3	0.23565891472868217	0.3471882640586797	1
TnpB_1_Competitive	BPTN01000249_4	127	409	9.4e-05	18.8	2758	3138	BPTN01000249	4	0.7874015748031497	0.23227383863080683	-1
Unk_02_0_CAS-III-A-III-B	BPTN01000004_45	248	261	0.0038	14.0	39173	39916	BPTN01000004	45	0.2056451612903226	0.19923371647509577	1
Unk_02_0_CAS-III-A-III-B	BPTN01000255_4	286	261	0.00077	16.3	3186	4043	BPTN01000255	4	0.26223776223776224	0.28735632183908044	-1
Unk_03_0_CAS-III-B	BPTN01000052_7	177	186	0.01	13.4	7345	7875	BPTN01000052	7	0.4745762711864407	0.42473118279569894	1
Unk_03_0_CAS-III-B	BPTN01000321_1	323	186	0.014	12.9	79	1047	BPTN01000321	1	0.2476780185758514	0.3655913978494624	1
Unk_05_0_CAS-I-B	BPTN01000003_13	278	195	0.0021	15.4	14833	15666	BPTN01000003	13	0.15827338129496402	0.2205128205128205	-1
htpX_0_CAS-III-B	BPTN01000048_11	598	343	2.6e-07	27.6	9893	11686	BPTN01000048	11	0.33277591973244147	0.4489795918367347	-1
