Contig	Start	End	Strand	Pos
JAACVF010000001	132	1505	-1	1
JAACVF010000001	1764	2126	-1	2
JAACVF010000001	2183	2998	-1	3
JAACVF010000001	3114	4082	-1	4
JAACVF010000001	4146	4355	-1	5
JAACVF010000001	4382	4585	-1	6
JAACVF010000001	5432	6247	-1	7
JAACVF010000001	6849	7409	-1	8
JAACVF010000001	7618	8427	1	9
JAACVF010000001	8554	9363	-1	10
JAACVF010000001	9475	9789	1	11
JAACVF010000001	9910	10170	1	12
JAACVF010000001	10167	11282	-1	13
JAACVF010000001	11403	12983	-1	14
JAACVF010000001	13249	13398	-1	15
JAACVF010000001	13538	14650	-1	16
JAACVF010000002	2	136	1	1
JAACVF010000002	264	1463	1	2
JAACVF010000002	1602	1991	1	3
JAACVF010000002	2062	2154	1	4
JAACVF010000002	2190	2291	1	5
JAACVF010000002	2631	3206	1	6
JAACVF010000002	3291	4961	1	7
JAACVF010000002	5682	6083	1	8
JAACVF010000002	6133	6411	-1	9
JAACVF010000002	6450	7238	-1	10
JAACVF010000002	7277	7471	-1	11
JAACVF010000002	7874	8632	1	12
JAACVF010000002	8801	9934	-1	13
JAACVF010000002	9964	10815	-1	14
JAACVF010000003	134	466	-1	1
JAACVF010000003	780	1259	-1	2
JAACVF010000003	1452	3692	-1	3
JAACVF010000003	3767	7462	-1	4
JAACVF010000003	7494	8117	-1	5
JAACVF010000004	1	135	1	1
JAACVF010000004	333	896	1	2
JAACVF010000004	889	4545	1	3
JAACVF010000005	283	3477	1	1
JAACVF010000005	3571	4659	1	2
JAACVF010000005	4661	5269	1	3
JAACVF010000005	5257	6222	1	4
JAACVF010000005	6235	7515	1	5
JAACVF010000005	7557	8342	1	6
JAACVF010000005	8334	8492	-1	7
JAACVF010000006	1	1077	1	1
JAACVF010000006	1258	1494	-1	2
JAACVF010000006	1960	2667	1	3
JAACVF010000006	2709	3521	-1	4
JAACVF010000006	3585	4475	1	5
JAACVF010000006	4649	4990	1	6
JAACVF010000006	5023	5415	1	7
JAACVF010000006	5517	5705	1	8
JAACVF010000006	6034	6495	1	9
JAACVF010000006	6744	8441	-1	10
JAACVF010000006	8611	8760	-1	11
JAACVF010000006	8818	10155	1	12
JAACVF010000006	10179	10916	1	13
JAACVF010000006	10913	11296	1	14
JAACVF010000006	11263	11448	1	15
JAACVF010000006	11817	11981	1	16
JAACVF010000007	167	1627	-1	1
JAACVF010000007	2036	3418	1	2
JAACVF010000007	4137	4712	-1	3
JAACVF010000007	4725	5387	-1	4
JAACVF010000007	6420	7127	-1	5
JAACVF010000007	7172	8011	-1	6
JAACVF010000007	8016	9584	-1	7
JAACVF010000007	9601	10026	-1	8
JAACVF010000007	10041	10157	-1	9
JAACVF010000007	10604	11596	1	10
JAACVF010000008	73	618	-1	1
JAACVF010000008	606	2078	-1	2
JAACVF010000008	2093	3307	-1	3
JAACVF010000008	3297	3608	-1	4
JAACVF010000008	3614	4186	-1	5
JAACVF010000008	4199	4513	-1	6
JAACVF010000008	4541	5542	-1	7
JAACVF010000008	5586	5690	-1	8
JAACVF010000009	459	1094	1	1
JAACVF010000009	1072	1290	1	2
JAACVF010000009	1305	1547	1	3
JAACVF010000009	1549	2109	1	4
JAACVF010000009	2225	3280	1	5
JAACVF010000009	3333	4238	1	6
JAACVF010000009	4323	5459	1	7
JAACVF010000009	6257	7615	1	8
JAACVF010000010	754	3240	-1	1
JAACVF010000010	3278	3499	-1	2
JAACVF010000010	3599	5527	-1	3
JAACVF010000011	215	811	1	1
JAACVF010000011	843	2165	1	2
JAACVF010000011	2403	3119	1	3
JAACVF010000011	3565	4344	1	4
JAACVF010000011	4334	4744	1	5
JAACVF010000011	5415	6320	1	6
JAACVF010000011	6556	11154	1	7
JAACVF010000012	129	338	1	1
JAACVF010000012	335	853	1	2
JAACVF010000012	850	966	1	3
JAACVF010000012	1749	2768	1	4
JAACVF010000012	2953	4107	1	5
JAACVF010000012	4114	5307	-1	6
JAACVF010000012	5573	6757	1	7
JAACVF010000012	6760	6828	1	8
JAACVF010000013	1	3141	1	1
JAACVF010000013	3228	5453	1	2
JAACVF010000014	238	1377	1	1
JAACVF010000014	1517	2686	-1	2
JAACVF010000014	2894	3019	-1	3
JAACVF010000015	2	406	1	1
JAACVF010000015	440	994	1	2
JAACVF010000015	1114	2076	1	3
JAACVF010000015	2097	3239	-1	4
JAACVF010000015	3274	3735	-1	5
JAACVF010000015	3792	4244	-1	6
JAACVF010000015	5025	7073	1	7
JAACVF010000015	7277	7444	1	8
JAACVF010000016	395	1681	-1	1
JAACVF010000016	1716	2039	-1	2
JAACVF010000016	2096	3268	-1	3
JAACVF010000016	3542	4105	1	4
JAACVF010000016	4102	6036	1	5
JAACVF010000016	6087	7202	1	6
JAACVF010000016	7260	7658	1	7
JAACVF010000016	7757	7978	1	8
JAACVF010000016	8391	9224	1	9
JAACVF010000016	9271	9654	1	10
JAACVF010000016	9662	9895	1	11
JAACVF010000016	9892	10386	1	12
JAACVF010000016	10406	10825	1	13
JAACVF010000016	10856	11908	1	14
JAACVF010000016	11920	12624	1	15
JAACVF010000016	12672	13730	1	16
JAACVF010000016	13806	13982	1	17
JAACVF010000016	13984	14244	1	18
JAACVF010000016	14456	14824	1	19
JAACVF010000016	14857	15117	1	20
JAACVF010000017	145	897	-1	1
JAACVF010000017	1177	2088	1	2
JAACVF010000017	2665	3156	1	3
JAACVF010000017	3311	3964	1	4
JAACVF010000017	4159	4803	1	5
JAACVF010000017	4745	4927	1	6
JAACVF010000017	4884	5144	1	7
JAACVF010000017	5247	5777	-1	8
JAACVF010000017	5856	6086	-1	9
JAACVF010000017	6320	7720	-1	10
JAACVF010000018	138	1226	1	1
JAACVF010000018	1788	2543	1	2
JAACVF010000018	2575	3147	1	3
JAACVF010000019	137	508	1	1
JAACVF010000019	515	1807	1	2
JAACVF010000019	1831	3489	1	3
JAACVF010000019	3546	3728	1	4
JAACVF010000019	4366	6960	-1	5
JAACVF010000019	7358	8155	-1	6
JAACVF010000019	8513	9637	1	7
JAACVF010000020	3	104	-1	1
JAACVF010000020	502	1896	1	2
JAACVF010000020	1851	2318	1	3
JAACVF010000020	2322	3377	-1	4
JAACVF010000020	3415	3876	-1	5
JAACVF010000021	2	3013	1	1
JAACVF010000021	4555	5805	-1	2
JAACVF010000021	6050	6571	-1	3
JAACVF010000021	6774	7628	-1	4
JAACVF010000022	1	411	-1	1
JAACVF010000022	564	1958	-1	2
JAACVF010000022	2238	3671	-1	3
JAACVF010000022	3742	4011	-1	4
JAACVF010000023	179	2029	1	1
JAACVF010000023	2386	4314	-1	2
JAACVF010000023	4374	4985	-1	3
JAACVF010000023	5576	6931	-1	4
JAACVF010000023	7025	8236	1	5
JAACVF010000023	8254	8766	1	6
JAACVF010000023	8997	9449	-1	7
JAACVF010000023	9981	11231	1	8
JAACVF010000023	11253	11672	-1	9
JAACVF010000023	11767	12624	1	10
JAACVF010000024	2	700	1	1
JAACVF010000024	717	1400	-1	2
JAACVF010000024	1394	1573	-1	3
JAACVF010000024	2399	2707	-1	4
JAACVF010000024	2715	4031	-1	5
JAACVF010000024	4156	6105	-1	6
JAACVF010000024	6170	6781	-1	7
JAACVF010000024	7349	8131	1	8
JAACVF010000024	8205	9332	-1	9
JAACVF010000024	9492	9734	1	10
JAACVF010000024	9676	10794	1	11
JAACVF010000024	11015	11962	1	12
JAACVF010000024	12013	13476	1	13
JAACVF010000024	13662	13787	-1	14
JAACVF010000024	13858	14028	-1	15
JAACVF010000025	322	1704	-1	1
JAACVF010000025	1716	2390	1	2
JAACVF010000025	2409	3389	-1	3
JAACVF010000025	3433	3771	-1	4
JAACVF010000025	4027	4512	-1	5
JAACVF010000025	4609	7503	1	6
JAACVF010000025	7854	8684	-1	7
JAACVF010000025	8701	8940	-1	8
JAACVF010000026	55	858	-1	1
JAACVF010000026	1067	2122	-1	2
JAACVF010000026	2161	3015	-1	3
JAACVF010000026	3080	4111	-1	4
JAACVF010000026	4371	4940	-1	5
JAACVF010000026	4999	5874	-1	6
JAACVF010000026	5871	6734	-1	7
JAACVF010000027	3	86	-1	1
JAACVF010000027	279	695	-1	2
JAACVF010000027	734	922	-1	3
JAACVF010000027	919	1164	-1	4
JAACVF010000027	1189	1557	-1	5
JAACVF010000027	1713	2012	-1	6
JAACVF010000027	2079	2267	-1	7
JAACVF010000027	2349	3836	1	8
JAACVF010000027	4011	4301	1	9
JAACVF010000027	4298	6028	1	10
JAACVF010000027	6055	7494	-1	11
JAACVF010000028	2	472	-1	1
JAACVF010000028	590	1219	-1	2
JAACVF010000028	1312	1662	-1	3
JAACVF010000028	1663	1905	-1	4
JAACVF010000028	2874	3044	1	5
JAACVF010000028	3151	4155	-1	6
JAACVF010000028	4217	4870	1	7
JAACVF010000028	5010	5513	1	8
JAACVF010000029	570	3947	1	1
JAACVF010000030	529	729	1	1
JAACVF010000030	1000	1434	1	2
JAACVF010000030	1577	1819	1	3
JAACVF010000030	1901	3187	-1	4
JAACVF010000030	3430	3744	-1	5
JAACVF010000030	5453	6256	1	6
JAACVF010000030	7419	8804	1	7
JAACVF010000031	3	3473	-1	1
JAACVF010000031	3592	3855	-1	2
JAACVF010000031	3993	4376	-1	3
JAACVF010000032	539	1948	1	1
JAACVF010000032	2386	2586	-1	2
JAACVF010000032	2607	2726	-1	3
JAACVF010000032	3071	4249	-1	4
JAACVF010000033	118	240	1	1
JAACVF010000033	322	465	1	2
JAACVF010000033	806	1078	1	3
JAACVF010000033	1616	3307	-1	4
JAACVF010000033	3360	4484	-1	5
JAACVF010000033	4623	6374	1	6
JAACVF010000033	6859	7290	-1	7
JAACVF010000033	7277	7528	-1	8
JAACVF010000033	8050	8265	-1	9
JAACVF010000033	8662	8796	-1	10
JAACVF010000034	1	183	-1	1
JAACVF010000034	704	949	1	2
JAACVF010000034	1084	1506	-1	3
JAACVF010000034	1791	2210	-1	4
JAACVF010000034	2315	3667	-1	5
JAACVF010000034	4449	5678	1	6
JAACVF010000035	333	473	1	1
JAACVF010000035	631	1815	1	2
JAACVF010000035	1830	2087	-1	3
JAACVF010000035	2238	2870	-1	4
JAACVF010000035	2918	3769	-1	5
JAACVF010000035	3949	6027	1	6
JAACVF010000035	6024	7178	1	7
JAACVF010000035	7296	7586	-1	8
JAACVF010000035	7951	8325	-1	9
JAACVF010000036	239	1261	-1	1
JAACVF010000036	1258	2139	-1	2
JAACVF010000036	2148	3623	-1	3
JAACVF010000036	3637	3930	-1	4
JAACVF010000036	3927	4295	-1	5
JAACVF010000036	4353	4679	-1	6
JAACVF010000036	4960	6279	-1	7
JAACVF010000037	240	2150	1	1
JAACVF010000037	2137	3105	1	2
JAACVF010000037	3112	3891	1	3
JAACVF010000037	3854	6346	1	4
JAACVF010000038	2	484	1	1
JAACVF010000038	597	1658	1	2
JAACVF010000038	2065	2220	1	3
JAACVF010000038	2198	2368	1	4
JAACVF010000038	2378	2506	1	5
JAACVF010000038	2503	2634	1	6
JAACVF010000038	2860	3339	1	7
JAACVF010000038	3410	4306	1	8
JAACVF010000038	4615	4902	1	9
JAACVF010000038	4876	6207	-1	10
JAACVF010000038	6635	6745	-1	11
JAACVF010000038	7963	8397	-1	12
JAACVF010000038	8486	9235	-1	13
JAACVF010000038	9391	12549	-1	14
JAACVF010000039	157	564	1	1
JAACVF010000039	584	1618	1	2
JAACVF010000039	2180	2410	-1	3
JAACVF010000039	2429	2599	-1	4
JAACVF010000039	2596	2826	-1	5
JAACVF010000039	3301	3768	1	6
JAACVF010000039	3775	4257	1	7
JAACVF010000039	4271	5107	1	8
JAACVF010000039	5641	6198	1	9
JAACVF010000039	6325	6699	1	10
JAACVF010000039	7082	7570	1	11
JAACVF010000039	7630	8049	1	12
JAACVF010000039	8317	9345	-1	13
JAACVF010000040	502	2100	-1	1
JAACVF010000040	2278	2808	1	2
JAACVF010000040	2853	4988	-1	3
JAACVF010000040	5609	6598	1	4
JAACVF010000040	6681	7352	-1	5
JAACVF010000040	7515	9266	1	6
JAACVF010000040	9302	11071	1	7
JAACVF010000040	11199	11753	-1	8
JAACVF010000040	11886	12653	-1	9
JAACVF010000040	12670	13356	-1	10
JAACVF010000040	13404	15527	-1	11
JAACVF010000040	16897	17889	-1	12
JAACVF010000040	17905	18018	-1	13
JAACVF010000040	17979	18203	-1	14
JAACVF010000040	18271	18969	-1	15
JAACVF010000040	19000	19698	-1	16
JAACVF010000040	19752	20435	-1	17
JAACVF010000040	20437	21669	-1	18
JAACVF010000040	21730	22569	-1	19
JAACVF010000040	22571	22933	-1	20
JAACVF010000041	1	309	1	1
JAACVF010000041	345	2369	1	2
JAACVF010000041	2354	2515	1	3
JAACVF010000041	2838	3602	1	4
JAACVF010000041	3624	4184	1	5
JAACVF010000041	4222	4896	1	6
JAACVF010000041	4872	5828	1	7
JAACVF010000041	5862	6263	1	8
JAACVF010000041	6272	7282	1	9
JAACVF010000041	7315	8097	1	10
JAACVF010000041	8122	9111	1	11
JAACVF010000042	592	1368	-1	1
JAACVF010000042	1656	2657	-1	2
JAACVF010000042	2734	3375	1	3
JAACVF010000042	3400	3669	1	4
JAACVF010000042	3766	5049	-1	5
JAACVF010000042	5134	6300	1	6
JAACVF010000042	6459	7142	1	7
JAACVF010000042	7149	7565	1	8
JAACVF010000042	7586	8365	1	9
JAACVF010000042	8520	9299	1	10
JAACVF010000042	9253	9384	1	11
JAACVF010000042	9592	10284	1	12
JAACVF010000042	10318	12177	1	13
JAACVF010000042	12246	13292	-1	14
JAACVF010000042	13282	14625	-1	15
JAACVF010000042	14636	16039	-1	16
JAACVF010000043	113	1105	1	1
JAACVF010000043	1440	2105	1	2
JAACVF010000043	2166	2522	1	3
JAACVF010000043	2535	3389	1	4
JAACVF010000043	3391	4182	1	5
JAACVF010000043	4281	5363	1	6
JAACVF010000043	5561	6880	-1	7
JAACVF010000044	56	886	1	1
JAACVF010000044	909	1133	1	2
JAACVF010000044	1143	1409	1	3
JAACVF010000044	1566	2330	1	4
JAACVF010000044	2526	3167	1	5
JAACVF010000044	3629	4804	1	6
JAACVF010000044	4954	5184	1	7
JAACVF010000044	5390	6952	-1	8
JAACVF010000044	7215	7613	1	9
JAACVF010000044	7809	8117	1	10
JAACVF010000044	8167	8721	1	11
JAACVF010000044	8687	9670	1	12
JAACVF010000044	10207	12996	1	13
JAACVF010000044	13390	14457	1	14
JAACVF010000044	14470	16671	1	15
JAACVF010000044	17942	18574	1	16
JAACVF010000044	18559	19542	1	17
JAACVF010000044	19738	20679	-1	18
JAACVF010000045	127	348	-1	1
JAACVF010000045	464	1147	-1	2
JAACVF010000045	1220	2098	1	3
JAACVF010000045	2180	2329	-1	4
JAACVF010000045	2381	2860	-1	5
JAACVF010000045	3186	4019	-1	6
JAACVF010000045	4012	4812	-1	7
JAACVF010000045	4812	6599	-1	8
JAACVF010000045	6646	6969	-1	9
JAACVF010000046	37	825	-1	1
JAACVF010000046	859	1962	-1	2
JAACVF010000046	2020	2466	-1	3
JAACVF010000046	2761	3798	-1	4
JAACVF010000046	3884	4933	-1	5
JAACVF010000046	5069	5509	-1	6
JAACVF010000046	5562	7571	-1	7
JAACVF010000046	7893	8432	-1	8
JAACVF010000046	8454	9917	-1	9
JAACVF010000046	9983	10357	-1	10
JAACVF010000046	10308	11024	-1	11
JAACVF010000046	11221	11403	-1	12
JAACVF010000046	11506	12270	-1	13
JAACVF010000046	12324	12584	1	14
JAACVF010000046	12641	13000	1	15
JAACVF010000047	865	2823	1	1
JAACVF010000048	104	1015	-1	1
JAACVF010000048	1033	1455	-1	2
JAACVF010000048	1535	2548	1	3
JAACVF010000048	2820	4031	1	4
JAACVF010000049	1	120	1	1
JAACVF010000049	511	798	-1	2
JAACVF010000049	866	976	-1	3
JAACVF010000049	1201	2655	1	4
JAACVF010000050	74	646	1	1
JAACVF010000050	650	1297	1	2
JAACVF010000050	1303	2280	-1	3
JAACVF010000050	2331	2618	-1	4
JAACVF010000051	673	1344	1	1
JAACVF010000051	1383	2459	-1	2
JAACVF010000052	2	181	1	1
JAACVF010000052	340	1191	1	2
JAACVF010000052	1200	2477	1	3
JAACVF010000052	2528	5194	1	4
JAACVF010000052	5751	7199	-1	5
JAACVF010000052	7244	7465	-1	6
JAACVF010000052	7543	7941	-1	7
JAACVF010000052	7919	8386	-1	8
JAACVF010000053	276	2504	-1	1
JAACVF010000053	2476	3216	-1	2
JAACVF010000053	3206	4153	-1	3
JAACVF010000053	4191	5507	-1	4
JAACVF010000054	42	974	1	1
JAACVF010000054	1169	2719	1	2
JAACVF010000054	2743	3354	1	3
JAACVF010000054	3461	3820	1	4
JAACVF010000054	3941	4069	1	5
JAACVF010000054	4540	5793	1	6
JAACVF010000054	5771	6043	-1	7
JAACVF010000054	6251	7495	1	8
JAACVF010000054	7817	8755	1	9
JAACVF010000054	8757	9251	1	10
JAACVF010000054	9241	9624	1	11
JAACVF010000054	9765	9893	-1	12
JAACVF010000054	10300	12042	-1	13
JAACVF010000055	517	1167	-1	1
JAACVF010000055	1224	1718	-1	2
JAACVF010000055	1793	2032	-1	3
JAACVF010000055	2037	3707	-1	4
JAACVF010000055	3730	4671	-1	5
JAACVF010000055	4803	4934	1	6
JAACVF010000055	4924	5217	-1	7
JAACVF010000056	328	1050	1	1
JAACVF010000056	1155	1742	1	2
JAACVF010000056	1792	2424	1	3
JAACVF010000056	2469	3056	1	4
JAACVF010000056	3077	3664	1	5
JAACVF010000056	3745	4110	1	6
JAACVF010000056	4115	4582	1	7
JAACVF010000056	4620	5024	1	8
JAACVF010000056	5087	5545	1	9
JAACVF010000056	5716	5952	1	10
JAACVF010000056	5970	6863	-1	11
JAACVF010000056	6978	9251	1	12
JAACVF010000056	9426	10658	1	13
JAACVF010000056	10661	13270	1	14
JAACVF010000057	250	1617	-1	1
JAACVF010000057	1635	2015	-1	2
JAACVF010000057	2497	3339	1	3
JAACVF010000057	3727	4110	1	4
JAACVF010000057	4234	4923	1	5
JAACVF010000057	4968	5495	1	6
JAACVF010000057	5529	5684	1	7
JAACVF010000057	5744	6133	1	8
JAACVF010000057	6231	6764	1	9
JAACVF010000057	6817	7602	1	10
JAACVF010000057	7635	8114	1	11
JAACVF010000057	8125	8634	1	12
JAACVF010000057	8638	9489	1	13
JAACVF010000057	9866	10441	1	14
JAACVF010000057	10657	11982	-1	15
JAACVF010000057	12066	12731	1	16
JAACVF010000058	17	220	-1	1
JAACVF010000058	330	1331	1	2
JAACVF010000058	1386	2978	-1	3
JAACVF010000058	3268	3483	-1	4
JAACVF010000059	2	172	-1	1
JAACVF010000059	634	753	-1	2
JAACVF010000059	753	1040	-1	3
JAACVF010000059	1221	1904	1	4
JAACVF010000059	1930	3513	-1	5
JAACVF010000060	26	265	-1	1
JAACVF010000060	303	851	-1	2
JAACVF010000060	891	2054	-1	3
JAACVF010000060	2192	2500	-1	4
JAACVF010000060	3226	4482	1	5
JAACVF010000060	4503	5207	1	6
JAACVF010000060	5849	6145	1	7
JAACVF010000061	3	737	1	1
JAACVF010000061	740	1747	-1	2
JAACVF010000061	1714	1848	-1	3
JAACVF010000061	1854	2513	-1	4
JAACVF010000061	2636	2776	-1	5
JAACVF010000061	2822	3511	-1	6
JAACVF010000061	3576	4136	-1	7
JAACVF010000061	4201	4788	-1	8
JAACVF010000062	268	1458	1	1
JAACVF010000062	1418	1702	1	2
JAACVF010000062	1864	3753	-1	3
JAACVF010000063	1	1695	1	1
JAACVF010000063	1801	3084	1	2
JAACVF010000063	3134	6118	1	3
JAACVF010000063	6194	6304	-1	4
JAACVF010000064	3	89	-1	1
JAACVF010000064	369	2720	1	2
JAACVF010000064	2913	3305	-1	3
JAACVF010000064	3363	3761	-1	4
JAACVF010000064	3823	4371	-1	5
JAACVF010000064	4631	6037	1	6
JAACVF010000064	6997	8391	1	7
JAACVF010000064	8614	8913	1	8
JAACVF010000065	841	1854	-1	1
JAACVF010000065	2072	2605	1	2
JAACVF010000065	2647	3426	-1	3
JAACVF010000066	168	761	1	1
JAACVF010000066	758	2302	1	2
JAACVF010000066	2319	2825	1	3
JAACVF010000067	955	2226	-1	1
JAACVF010000067	2281	2895	1	2
JAACVF010000067	2983	3831	-1	3
JAACVF010000067	3921	4070	1	4
JAACVF010000068	1	669	-1	1
JAACVF010000068	666	1664	-1	2
JAACVF010000068	1622	2404	-1	3
JAACVF010000068	2401	3495	-1	4
JAACVF010000068	3492	4190	-1	5
JAACVF010000069	142	1341	1	1
JAACVF010000069	1436	3871	-1	2
JAACVF010000069	4329	5324	1	3
JAACVF010000070	676	2130	-1	1
JAACVF010000071	2	475	1	1
JAACVF010000071	513	1037	1	2
JAACVF010000071	1037	1480	1	3
JAACVF010000071	1573	1761	-1	4
JAACVF010000071	1799	2152	-1	5
JAACVF010000071	2372	2923	-1	6
JAACVF010000071	2920	3168	-1	7
JAACVF010000071	3318	3551	-1	8
JAACVF010000071	3691	5199	-1	9
JAACVF010000071	5445	5906	1	10
JAACVF010000071	5923	6957	-1	11
JAACVF010000071	6992	7168	-1	12
JAACVF010000072	436	1278	-1	1
JAACVF010000072	1280	1801	-1	2
JAACVF010000072	1822	2268	-1	3
JAACVF010000072	2285	3010	-1	4
JAACVF010000072	3242	5032	-1	5
JAACVF010000072	5349	5504	-1	6
JAACVF010000072	5630	6700	-1	7
JAACVF010000072	6753	7874	-1	8
JAACVF010000072	8080	8724	-1	9
JAACVF010000072	9005	9721	-1	10
JAACVF010000072	9977	10363	-1	11
JAACVF010000072	10360	10623	-1	12
JAACVF010000072	11409	11570	-1	13
JAACVF010000072	11692	11805	1	14
JAACVF010000072	11872	12177	1	15
JAACVF010000072	12119	12355	1	16
JAACVF010000072	12684	13064	1	17
JAACVF010000072	13072	13803	-1	18
JAACVF010000072	13816	14529	-1	19
JAACVF010000073	69	3773	1	1
JAACVF010000073	3791	5095	1	2
JAACVF010000073	5356	5847	-1	3
JAACVF010000073	5887	7167	-1	4
JAACVF010000073	7441	9066	-1	5
JAACVF010000074	3	170	-1	1
JAACVF010000074	685	1188	-1	2
JAACVF010000074	1367	2596	-1	3
JAACVF010000074	2698	2895	-1	4
JAACVF010000074	2925	3422	-1	5
JAACVF010000074	3825	4145	-1	6
JAACVF010000074	4153	4968	-1	7
JAACVF010000074	5419	6135	-1	8
JAACVF010000074	6139	6750	-1	9
JAACVF010000074	6779	6913	-1	10
JAACVF010000074	7158	7784	-1	11
JAACVF010000074	8031	8960	-1	12
JAACVF010000074	9173	10258	-1	13
JAACVF010000074	10493	12736	-1	14
JAACVF010000075	2	1183	1	1
JAACVF010000075	1273	3336	1	2
JAACVF010000075	3333	4253	1	3
JAACVF010000075	4473	5603	1	4
JAACVF010000075	5644	6009	-1	5
JAACVF010000075	6002	7876	-1	6
JAACVF010000075	7920	8147	-1	7
JAACVF010000075	8330	8623	-1	8
JAACVF010000075	8968	10122	-1	9
JAACVF010000075	10518	10661	1	10
JAACVF010000076	2	7048	1	1
JAACVF010000076	7200	7559	1	2
JAACVF010000076	7622	9052	1	3
JAACVF010000076	9266	10279	1	4
JAACVF010000076	10269	10421	1	5
JAACVF010000076	10411	11583	1	6
JAACVF010000077	53	580	-1	1
JAACVF010000077	782	1036	-1	2
JAACVF010000077	1058	1747	-1	3
JAACVF010000077	1794	1952	-1	4
JAACVF010000077	2689	3204	-1	5
JAACVF010000077	3390	3752	-1	6
JAACVF010000077	3712	3894	-1	7
JAACVF010000077	3924	5144	-1	8
JAACVF010000077	5152	5907	-1	9
JAACVF010000078	1	1059	-1	1
JAACVF010000078	1162	1500	-1	2
JAACVF010000078	1763	2176	-1	3
JAACVF010000078	2183	2380	-1	4
JAACVF010000078	2643	3158	1	5
JAACVF010000078	3352	3804	-1	6
JAACVF010000078	4079	5728	1	7
JAACVF010000078	5757	6563	1	8
JAACVF010000078	7385	8893	-1	9
JAACVF010000078	8945	10807	-1	10
JAACVF010000078	10889	11182	-1	11
JAACVF010000079	349	762	-1	1
JAACVF010000079	1439	2533	1	2
JAACVF010000079	3261	3467	-1	3
JAACVF010000079	3507	4151	-1	4
JAACVF010000079	4187	4858	-1	5
JAACVF010000079	5329	5661	1	6
JAACVF010000079	5827	7596	1	7
JAACVF010000080	96	1202	-1	1
JAACVF010000080	1255	2193	-1	2
JAACVF010000080	2272	2631	-1	3
JAACVF010000080	2632	2904	-1	4
JAACVF010000080	3727	4701	1	5
JAACVF010000080	5028	5423	1	6
JAACVF010000080	5462	5569	1	7
JAACVF010000081	119	472	1	1
JAACVF010000081	440	724	-1	2
JAACVF010000081	1230	2717	-1	3
JAACVF010000081	2867	3049	-1	4
JAACVF010000081	3465	3563	-1	5
JAACVF010000081	3676	4389	1	6
JAACVF010000081	4391	4933	-1	7
JAACVF010000081	5027	5389	-1	8
JAACVF010000081	5545	6120	-1	9
JAACVF010000081	6177	7256	-1	10
JAACVF010000082	48	149	1	1
JAACVF010000082	445	1227	-1	2
JAACVF010000082	1331	3028	1	3
JAACVF010000082	3067	3165	1	4
JAACVF010000082	3381	5144	1	5
JAACVF010000083	1	102	-1	1
JAACVF010000083	167	952	-1	2
JAACVF010000083	1100	1645	-1	3
JAACVF010000083	1889	3220	1	4
JAACVF010000083	3281	4624	1	5
JAACVF010000084	315	530	1	1
JAACVF010000084	711	896	1	2
JAACVF010000084	1293	3257	-1	3
JAACVF010000084	3409	3978	1	4
JAACVF010000084	3998	5968	-1	5
JAACVF010000084	6219	6437	-1	6
JAACVF010000084	6445	7380	-1	7
JAACVF010000084	7388	7570	-1	8
JAACVF010000084	8087	8986	1	9
JAACVF010000084	9406	9708	-1	10
JAACVF010000084	10037	11146	-1	11
JAACVF010000085	2	583	1	1
JAACVF010000085	600	1241	1	2
JAACVF010000085	1617	2498	1	3
JAACVF010000085	3125	3535	1	4
JAACVF010000085	3578	4573	1	5
JAACVF010000086	2	916	-1	1
JAACVF010000086	1381	1536	-1	2
JAACVF010000086	1603	2229	-1	3
JAACVF010000086	2204	3292	-1	4
JAACVF010000086	3289	3813	-1	5
JAACVF010000086	3872	4609	1	6
JAACVF010000086	4955	5089	1	7
JAACVF010000087	126	854	1	1
JAACVF010000087	920	1597	-1	2
JAACVF010000087	1759	2061	1	3
JAACVF010000087	2257	3663	1	4
JAACVF010000087	3677	4294	1	5
JAACVF010000087	4393	4629	1	6
JAACVF010000087	4592	4882	1	7
JAACVF010000087	4822	4980	1	8
JAACVF010000087	5049	5330	1	9
JAACVF010000087	5572	6432	1	10
JAACVF010000087	7003	8154	-1	11
JAACVF010000088	75	1169	-1	1
JAACVF010000088	1342	1827	-1	2
JAACVF010000088	2236	3186	-1	3
JAACVF010000088	3758	4747	1	4
JAACVF010000089	167	811	1	1
JAACVF010000089	892	1728	1	2
JAACVF010000089	1785	3236	1	3
JAACVF010000089	3394	4572	-1	4
JAACVF010000089	5078	5788	-1	5
JAACVF010000090	690	1409	1	1
JAACVF010000090	1888	2124	1	2
JAACVF010000090	2223	2549	1	3
JAACVF010000090	2583	3335	1	4
JAACVF010000090	3426	4133	1	5
JAACVF010000090	4234	4518	1	6
JAACVF010000091	562	3621	-1	1
JAACVF010000091	3709	4614	-1	2
JAACVF010000091	4954	7776	1	3
JAACVF010000091	7810	9594	1	4
JAACVF010000092	3	839	-1	1
JAACVF010000092	832	2145	-1	2
JAACVF010000092	2242	2730	-1	3
JAACVF010000092	2798	2947	-1	4
JAACVF010000092	3200	3367	-1	5
JAACVF010000092	3658	3972	-1	6
JAACVF010000092	4201	4998	-1	7
JAACVF010000093	306	632	-1	1
JAACVF010000093	773	1246	-1	2
JAACVF010000093	1273	2415	-1	3
JAACVF010000094	56	928	-1	1
JAACVF010000094	961	1755	-1	2
JAACVF010000094	1935	2069	-1	3
JAACVF010000094	2056	2364	-1	4
JAACVF010000094	2384	3193	-1	5
JAACVF010000094	3360	3674	-1	6
JAACVF010000094	3850	4386	-1	7
JAACVF010000094	4498	5469	1	8
JAACVF010000094	5673	6290	-1	9
JAACVF010000094	6412	7200	1	10
JAACVF010000094	7234	7662	-1	11
JAACVF010000095	248	1531	1	1
JAACVF010000095	1588	2571	1	2
JAACVF010000095	3514	3735	-1	3
JAACVF010000095	3920	5650	-1	4
JAACVF010000095	5750	6394	-1	5
JAACVF010000095	6563	7465	1	6
JAACVF010000095	7501	7722	1	7
JAACVF010000095	8098	8868	1	8
JAACVF010000095	9143	10810	-1	9
JAACVF010000095	10844	12724	-1	10
JAACVF010000095	12780	12968	-1	11
JAACVF010000095	12975	13280	-1	12
JAACVF010000095	13277	13552	-1	13
JAACVF010000095	13568	13804	-1	14
JAACVF010000095	13842	14249	-1	15
JAACVF010000095	14324	14698	-1	16
JAACVF010000095	14871	14984	-1	17
JAACVF010000096	66	587	1	1
JAACVF010000096	805	1275	1	2
JAACVF010000096	1444	1914	1	3
JAACVF010000096	1930	2814	-1	4
JAACVF010000096	2820	2957	-1	5
JAACVF010000096	3012	4865	-1	6
JAACVF010000096	5370	6344	-1	7
JAACVF010000096	6434	7264	1	8
JAACVF010000097	1	552	-1	1
JAACVF010000097	549	2024	-1	2
JAACVF010000097	2035	4836	-1	3
JAACVF010000097	4862	5470	-1	4
JAACVF010000097	5424	5801	-1	5
JAACVF010000097	6289	7476	-1	6
JAACVF010000098	239	694	-1	1
JAACVF010000098	750	1190	-1	2
JAACVF010000098	1259	1933	-1	3
JAACVF010000098	1945	2259	-1	4
JAACVF010000098	2465	2692	-1	5
JAACVF010000098	2872	3198	-1	6
JAACVF010000098	3241	3570	-1	7
JAACVF010000098	3593	5104	-1	8
JAACVF010000098	5382	6350	1	9
JAACVF010000099	282	482	-1	1
JAACVF010000099	542	2224	1	2
JAACVF010000099	2245	2892	1	3
JAACVF010000099	3091	3435	1	4
JAACVF010000099	3598	4512	1	5
JAACVF010000099	4757	5677	1	6
JAACVF010000099	5800	5979	1	7
JAACVF010000099	6066	7274	-1	8
JAACVF010000099	7491	9527	-1	9
JAACVF010000099	10222	11037	-1	10
JAACVF010000099	11123	12259	-1	11
JAACVF010000100	3	128	1	1
JAACVF010000100	296	1306	1	2
JAACVF010000100	1319	1864	-1	3
JAACVF010000100	1874	2032	-1	4
JAACVF010000100	2130	3851	-1	5
JAACVF010000100	4001	4294	-1	6
JAACVF010000100	4383	5426	1	7
JAACVF010000100	5895	7016	-1	8
JAACVF010000101	139	2148	1	1
JAACVF010000101	2323	2526	1	2
JAACVF010000101	2706	2921	-1	3
JAACVF010000101	2968	4008	1	4
JAACVF010000101	4442	7891	-1	5
JAACVF010000101	8216	8419	1	6
JAACVF010000101	8788	11268	1	7
JAACVF010000101	11405	12457	1	8
JAACVF010000101	13387	14397	1	9
JAACVF010000101	14413	15426	1	10
JAACVF010000101	15470	19048	-1	11
JAACVF010000101	19240	20316	1	12
JAACVF010000101	20498	21763	1	13
JAACVF010000101	22462	23469	-1	14
JAACVF010000101	23501	23695	-1	15
JAACVF010000101	23726	24013	-1	16
JAACVF010000101	24167	24748	-1	17
JAACVF010000102	214	3132	-1	1
JAACVF010000102	3228	3359	-1	2
JAACVF010000102	3450	3974	-1	3
JAACVF010000102	4131	4292	-1	4
JAACVF010000102	4381	5793	-1	5
JAACVF010000102	5864	6256	-1	6
JAACVF010000102	6214	6369	-1	7
JAACVF010000102	6371	6970	-1	8
JAACVF010000102	7771	9144	1	9
JAACVF010000102	9858	10466	-1	10
JAACVF010000102	10527	10679	-1	11
JAACVF010000102	10706	10954	-1	12
JAACVF010000103	2	67	-1	1
JAACVF010000103	126	1334	-1	2
JAACVF010000103	1474	1914	1	3
JAACVF010000103	1938	2825	1	4
JAACVF010000104	132	947	1	1
JAACVF010000104	1104	3065	1	2
JAACVF010000104	3096	3176	1	3
JAACVF010000105	2	154	1	1
JAACVF010000105	270	2225	-1	2
JAACVF010000105	2570	2707	-1	3
JAACVF010000105	2767	5112	-1	4
JAACVF010000105	5114	5395	-1	5
JAACVF010000105	5512	5757	-1	6
JAACVF010000106	3	839	-1	1
JAACVF010000106	889	2022	-1	2
JAACVF010000106	2015	2437	-1	3
JAACVF010000106	2434	4197	-1	4
JAACVF010000107	1	414	1	1
JAACVF010000107	614	1939	1	2
JAACVF010000107	2384	3094	1	3
JAACVF010000107	3128	3664	1	4
JAACVF010000107	3835	5028	-1	5
JAACVF010000107	5514	5750	-1	6
JAACVF010000107	6086	6259	1	7
JAACVF010000108	141	284	1	1
JAACVF010000108	297	386	1	2
JAACVF010000108	448	1404	1	3
JAACVF010000108	1634	2797	-1	4
JAACVF010000108	2794	2892	-1	5
JAACVF010000109	201	1490	1	1
JAACVF010000109	1496	2803	-1	2
JAACVF010000110	291	2714	1	1
JAACVF010000110	2729	3265	1	2
JAACVF010000110	3348	3881	1	3
JAACVF010000111	70	1056	1	1
JAACVF010000111	1049	1486	1	2
JAACVF010000111	1483	2517	1	3
JAACVF010000111	2694	2777	-1	4
JAACVF010000112	3	281	-1	1
JAACVF010000112	473	736	1	2
JAACVF010000112	1265	2104	1	3
JAACVF010000112	2673	2891	1	4
JAACVF010000113	13	906	-1	1
JAACVF010000113	1505	2518	1	2
JAACVF010000113	2611	2922	1	3
JAACVF010000113	3340	3828	1	4
JAACVF010000113	4301	5044	1	5
JAACVF010000114	3	713	1	1
JAACVF010000114	2155	4578	1	2
JAACVF010000114	4582	6105	1	3
JAACVF010000114	6209	8179	1	4
JAACVF010000115	252	359	1	1
JAACVF010000115	823	1050	1	2
JAACVF010000115	1442	2518	-1	3
JAACVF010000115	2708	2878	1	4
JAACVF010000116	584	1261	-1	1
JAACVF010000116	1268	1765	-1	2
JAACVF010000116	1725	2210	-1	3
JAACVF010000116	2365	2889	1	4
JAACVF010000116	3255	3962	1	5
JAACVF010000116	3968	4321	-1	6
JAACVF010000117	3	185	1	1
JAACVF010000117	188	1441	1	2
JAACVF010000117	1597	2622	1	3
JAACVF010000117	2641	3243	1	4
JAACVF010000118	2	565	1	1
JAACVF010000118	1424	3112	1	2
JAACVF010000118	3266	3415	1	3
JAACVF010000118	3430	4032	-1	4
JAACVF010000119	478	1215	-1	1
JAACVF010000119	1456	2436	1	2
JAACVF010000119	2438	3184	1	3
JAACVF010000119	3562	4833	1	4
JAACVF010000119	4866	5663	1	5
JAACVF010000119	5605	5850	1	6
JAACVF010000120	1	3024	1	1
JAACVF010000120	3649	4050	1	2
JAACVF010000121	1	840	1	1
JAACVF010000121	806	4624	1	2
JAACVF010000121	4638	4946	1	3
JAACVF010000122	775	2382	1	1
JAACVF010000122	2640	3749	1	2
JAACVF010000122	3811	4410	1	3
JAACVF010000122	5321	5932	1	4
JAACVF010000122	6001	7074	1	5
JAACVF010000123	1	243	-1	1
JAACVF010000123	409	4050	-1	2
JAACVF010000123	4013	4903	-1	3
JAACVF010000123	5053	5478	-1	4
JAACVF010000124	3	290	1	1
JAACVF010000124	251	1132	1	2
JAACVF010000124	1647	2507	1	3
JAACVF010000124	2524	4029	1	4
JAACVF010000124	4037	4195	1	5
JAACVF010000125	167	2860	-1	1
JAACVF010000125	2841	3551	-1	2
JAACVF010000125	3786	4313	1	3
JAACVF010000126	575	1612	-1	1
JAACVF010000126	1748	2284	-1	2
JAACVF010000126	2419	2550	-1	3
JAACVF010000126	2529	3818	-1	4
JAACVF010000126	3833	4405	-1	5
JAACVF010000127	254	931	-1	1
JAACVF010000127	1839	2222	-1	2
JAACVF010000127	2312	3526	-1	3
JAACVF010000127	3977	4474	1	4
JAACVF010000127	4492	4875	1	5
JAACVF010000127	5815	6921	-1	6
JAACVF010000127	7087	8130	1	7
JAACVF010000127	8125	8466	-1	8
JAACVF010000127	9045	9302	-1	9
JAACVF010000127	9405	9692	-1	10
JAACVF010000127	9766	10113	-1	11
JAACVF010000127	10120	10329	-1	12
JAACVF010000127	10366	11052	-1	13
JAACVF010000127	11055	11591	-1	14
JAACVF010000127	11603	12022	-1	15
JAACVF010000127	12074	12793	-1	16
JAACVF010000127	12849	13097	-1	17
JAACVF010000127	13104	13778	-1	18
JAACVF010000127	13896	14873	-1	19
JAACVF010000127	14980	15954	-1	20
JAACVF010000127	16009	16374	-1	21
JAACVF010000127	16374	16847	-1	22
JAACVF010000127	17175	17645	1	23
JAACVF010000128	3	4334	1	1
JAACVF010000129	126	719	1	1
JAACVF010000129	800	3406	1	2
JAACVF010000129	3399	4031	1	3
JAACVF010000129	4210	4299	-1	4
JAACVF010000130	159	389	-1	1
JAACVF010000130	693	1121	-1	2
JAACVF010000130	1346	2281	-1	3
JAACVF010000130	3007	4275	1	4
JAACVF010000130	4443	4541	-1	5
JAACVF010000130	4710	5915	1	6
JAACVF010000130	5922	6242	1	7
JAACVF010000131	120	569	-1	1
JAACVF010000131	615	935	-1	2
JAACVF010000131	905	1363	-1	3
JAACVF010000131	1410	3029	-1	4
JAACVF010000131	3235	3363	1	5
JAACVF010000131	3377	4486	1	6
JAACVF010000132	154	1158	1	1
JAACVF010000132	1277	2452	1	2
JAACVF010000132	2629	2781	1	3
JAACVF010000133	69	413	-1	1
JAACVF010000133	455	766	-1	2
JAACVF010000133	939	2018	1	3
JAACVF010000133	2115	3110	1	4
JAACVF010000133	3107	3601	1	5
JAACVF010000133	3783	3923	-1	6
JAACVF010000133	4183	5097	-1	7
JAACVF010000134	240	1046	-1	1
JAACVF010000134	1073	1339	-1	2
JAACVF010000134	1382	2005	-1	3
JAACVF010000134	2442	2912	1	4
JAACVF010000134	3000	3272	1	5
JAACVF010000134	3300	3692	1	6
JAACVF010000134	3695	4048	-1	7
JAACVF010000134	4089	4838	-1	8
JAACVF010000134	4961	5356	1	9
JAACVF010000134	5590	5901	-1	10
JAACVF010000135	222	1169	1	1
JAACVF010000135	1430	4504	1	2
JAACVF010000135	4854	5156	-1	3
JAACVF010000135	5175	5444	-1	4
JAACVF010000135	5487	5687	-1	5
JAACVF010000135	5903	7285	-1	6
JAACVF010000136	2	118	1	1
JAACVF010000136	935	1408	1	2
JAACVF010000136	1383	1829	1	3
JAACVF010000136	2439	3191	-1	4
JAACVF010000136	3201	4037	-1	5
JAACVF010000137	3	176	1	1
JAACVF010000137	342	1010	1	2
JAACVF010000137	1022	1945	1	3
JAACVF010000137	1953	3428	1	4
JAACVF010000137	4300	4977	1	5
JAACVF010000137	5042	6046	1	6
JAACVF010000137	6067	6561	1	7
JAACVF010000138	91	294	-1	1
JAACVF010000138	334	1413	-1	2
JAACVF010000138	1376	1696	-1	3
JAACVF010000138	1693	2991	-1	4
JAACVF010000138	3059	3256	-1	5
JAACVF010000139	156	329	1	1
JAACVF010000139	342	1307	-1	2
JAACVF010000139	1574	2599	1	3
JAACVF010000139	2772	4439	1	4
JAACVF010000140	392	598	-1	1
JAACVF010000140	755	1339	-1	2
JAACVF010000140	1585	2157	1	3
JAACVF010000140	2300	2473	1	4
JAACVF010000140	2606	3649	1	5
JAACVF010000140	3729	5696	1	6
JAACVF010000141	267	3587	1	1
JAACVF010000142	460	1623	1	1
JAACVF010000142	1671	2168	1	2
JAACVF010000142	2187	2693	-1	3
JAACVF010000142	2827	3189	1	4
JAACVF010000143	36	248	-1	1
JAACVF010000143	811	1584	-1	2
JAACVF010000143	2471	2632	-1	3
JAACVF010000143	2706	2999	-1	4
JAACVF010000143	3612	4862	-1	5
JAACVF010000143	4940	7717	-1	6
JAACVF010000143	7861	9849	1	7
JAACVF010000143	9916	10236	-1	8
JAACVF010000143	10259	10489	-1	9
JAACVF010000143	10790	11869	-1	10
JAACVF010000143	11948	12706	-1	11
JAACVF010000143	13181	13900	1	12
JAACVF010000144	3	683	1	1
JAACVF010000144	956	1630	-1	2
JAACVF010000144	2045	2596	-1	3
JAACVF010000144	2689	2958	1	4
JAACVF010000144	2937	3035	1	5
JAACVF010000144	3250	9063	-1	6
JAACVF010000144	9207	10082	-1	7
JAACVF010000145	3	95	1	1
JAACVF010000145	372	2048	1	2
JAACVF010000145	2150	2941	1	3
JAACVF010000145	3135	5075	1	4
JAACVF010000145	5247	5513	1	5
JAACVF010000145	5950	6666	-1	6
JAACVF010000145	6690	7778	-1	7
JAACVF010000145	8121	8750	-1	8
JAACVF010000145	8775	10031	-1	9
JAACVF010000145	10197	10838	1	10
JAACVF010000145	11252	12673	1	11
JAACVF010000145	12985	14973	-1	12
JAACVF010000145	15331	15750	-1	13
JAACVF010000145	15885	17228	1	14
JAACVF010000145	17446	18153	1	15
JAACVF010000145	18280	18603	1	16
JAACVF010000145	18856	22122	1	17
JAACVF010000145	22157	24673	1	18
JAACVF010000145	24695	25795	1	19
JAACVF010000145	25909	26199	1	20
JAACVF010000145	26196	26786	1	21
JAACVF010000145	26834	26959	1	22
JAACVF010000145	27153	27251	1	23
JAACVF010000145	27429	27725	-1	24
JAACVF010000145	27764	28609	-1	25
JAACVF010000145	28910	30412	1	26
JAACVF010000145	30649	31584	1	27
JAACVF010000145	31950	32054	1	28
JAACVF010000145	32110	32439	1	29
JAACVF010000145	32399	32749	1	30
JAACVF010000145	32873	33013	1	31
JAACVF010000145	33329	33613	1	32
JAACVF010000146	571	1431	1	1
JAACVF010000146	1950	2654	1	2
JAACVF010000146	3174	5309	1	3
JAACVF010000146	5281	5766	1	4
JAACVF010000147	172	945	1	1
JAACVF010000147	992	1801	1	2
JAACVF010000147	2061	3221	1	3
JAACVF010000147	3345	3536	1	4
JAACVF010000148	290	1423	1	1
JAACVF010000148	2556	3911	1	2
JAACVF010000148	3917	5104	-1	3
JAACVF010000148	5141	5242	-1	4
JAACVF010000148	5326	5538	-1	5
JAACVF010000148	5728	6051	1	6
JAACVF010000148	6080	7198	1	7
JAACVF010000148	7510	7665	-1	8
JAACVF010000148	7968	8192	1	9
JAACVF010000148	8490	9236	-1	10
JAACVF010000148	9353	9769	-1	11
JAACVF010000148	9776	9913	-1	12
JAACVF010000148	11211	11513	-1	13
JAACVF010000148	11570	12325	1	14
JAACVF010000148	12413	13474	-1	15
JAACVF010000149	117	851	1	1
JAACVF010000149	2347	3495	1	2
JAACVF010000150	2	244	-1	1
JAACVF010000150	514	1566	-1	2
JAACVF010000150	1697	2317	1	3
JAACVF010000150	2540	2818	1	4
JAACVF010000151	52	165	-1	1
JAACVF010000151	927	1070	-1	2
JAACVF010000151	1048	2154	-1	3
JAACVF010000151	2244	2495	-1	4
JAACVF010000151	2567	3310	1	5
JAACVF010000151	3708	4019	-1	6
JAACVF010000151	4145	4330	-1	7
JAACVF010000152	1	108	1	1
JAACVF010000152	79	432	-1	2
JAACVF010000152	926	2251	-1	3
JAACVF010000152	3232	3849	1	4
JAACVF010000152	3888	4820	-1	5
JAACVF010000152	4817	5806	-1	6
JAACVF010000152	5790	6626	-1	7
JAACVF010000152	6689	7150	-1	8
JAACVF010000152	7108	7677	-1	9
JAACVF010000153	3	428	-1	1
JAACVF010000153	452	547	-1	2
JAACVF010000153	1019	1108	1	3
JAACVF010000153	1125	1376	1	4
JAACVF010000153	1373	1513	1	5
JAACVF010000153	1618	2505	1	6
JAACVF010000154	258	1043	1	1
JAACVF010000154	1018	1905	-1	2
JAACVF010000154	2187	2498	1	3
JAACVF010000155	492	1442	1	1
JAACVF010000155	2116	2616	1	2
JAACVF010000155	3044	6988	1	3
JAACVF010000156	288	434	1	1
JAACVF010000156	613	1701	1	2
JAACVF010000156	3021	3680	1	3
JAACVF010000156	3766	4707	-1	4
JAACVF010000156	4734	5327	-1	5
JAACVF010000157	1	1863	1	1
JAACVF010000157	1894	2247	1	2
JAACVF010000157	2345	4456	1	3
JAACVF010000158	663	950	1	1
JAACVF010000158	932	1939	1	2
JAACVF010000158	2227	2469	1	3
JAACVF010000159	230	1399	-1	1
JAACVF010000159	1411	2193	-1	2
JAACVF010000160	2	217	1	1
JAACVF010000160	326	1831	-1	2
JAACVF010000161	394	1356	-1	1
JAACVF010000161	1515	1703	1	2
JAACVF010000161	1824	2366	1	3
JAACVF010000162	678	1565	1	1
JAACVF010000162	2006	3199	1	2
JAACVF010000163	84	458	1	1
JAACVF010000163	503	1228	1	2
JAACVF010000163	1526	3898	1	3
JAACVF010000163	3980	4363	1	4
JAACVF010000163	4451	5566	1	5
JAACVF010000164	527	1060	-1	1
JAACVF010000164	1119	1292	-1	2
JAACVF010000164	1324	1545	-1	3
JAACVF010000164	1781	2707	1	4
JAACVF010000164	2827	3708	1	5
JAACVF010000164	4070	4177	1	6
JAACVF010000165	465	1193	-1	1
JAACVF010000165	1329	2885	1	2
JAACVF010000166	3	299	1	1
JAACVF010000166	296	1189	1	2
JAACVF010000166	1169	2008	-1	3
JAACVF010000166	2068	2160	1	4
JAACVF010000166	2181	2246	1	5
JAACVF010000167	67	426	-1	1
JAACVF010000167	548	1309	1	2
JAACVF010000167	1321	2064	1	3
JAACVF010000168	272	547	1	1
JAACVF010000168	737	1489	-1	2
JAACVF010000168	1564	2094	1	3
JAACVF010000168	2105	3103	-1	4
JAACVF010000168	3115	4413	-1	5
JAACVF010000169	2	322	1	1
JAACVF010000169	309	536	1	2
JAACVF010000169	621	1556	1	3
JAACVF010000169	1569	1952	1	4
JAACVF010000170	3	623	-1	1
JAACVF010000170	684	1115	1	2
JAACVF010000170	1355	2062	1	3
JAACVF010000170	2608	2919	1	4
JAACVF010000170	2882	3523	1	5
JAACVF010000170	3542	4498	1	6
JAACVF010000171	208	1326	-1	1
JAACVF010000171	1503	2048	-1	2
JAACVF010000171	2629	3762	-1	3
JAACVF010000171	3841	5310	1	4
JAACVF010000171	5344	5703	-1	5
JAACVF010000171	5754	6062	-1	6
JAACVF010000171	6311	6745	-1	7
JAACVF010000171	6772	7038	-1	8
JAACVF010000171	7153	7800	-1	9
JAACVF010000172	96	1793	1	1
JAACVF010000173	437	676	-1	1
JAACVF010000173	829	1371	-1	2
JAACVF010000173	1398	1874	-1	3
JAACVF010000173	2258	2845	1	4
JAACVF010000174	227	1882	-1	1
JAACVF010000175	3	77	1	1
JAACVF010000175	70	615	1	2
JAACVF010000175	617	796	1	3
JAACVF010000175	891	1790	1	4
JAACVF010000175	2108	2182	-1	5
JAACVF010000176	112	228	-1	1
JAACVF010000176	374	592	1	2
JAACVF010000176	669	1586	1	3
JAACVF010000176	1613	2434	1	4
JAACVF010000176	2567	2761	1	5
JAACVF010000177	1	87	-1	1
JAACVF010000177	200	1177	1	2
JAACVF010000177	1343	1984	1	3
JAACVF010000178	54	275	1	1
JAACVF010000178	389	2083	-1	2
JAACVF010000179	170	412	1	1
JAACVF010000179	419	1174	1	2
JAACVF010000179	1600	2007	-1	3
JAACVF010000180	238	756	-1	1
JAACVF010000180	784	1209	-1	2
JAACVF010000180	1259	1645	-1	3
JAACVF010000180	1708	2571	-1	4
JAACVF010000180	2618	3292	-1	5
JAACVF010000180	3471	3749	-1	6
JAACVF010000180	3997	5016	-1	7
JAACVF010000180	5047	5682	-1	8
JAACVF010000180	5755	5856	-1	9
JAACVF010000181	119	382	-1	1
JAACVF010000181	500	709	-1	2
JAACVF010000181	773	1759	-1	3
JAACVF010000181	1761	1898	-1	4
JAACVF010000181	2003	2500	-1	5
JAACVF010000182	189	878	1	1
JAACVF010000182	917	1021	1	2
JAACVF010000182	1048	1827	1	3
JAACVF010000183	38	1186	1	1
JAACVF010000183	1605	2162	1	2
JAACVF010000183	2216	2560	-1	3
JAACVF010000183	2619	3053	-1	4
JAACVF010000184	1227	1787	-1	1
JAACVF010000185	372	944	-1	1
JAACVF010000185	950	1318	-1	2
JAACVF010000185	1479	1730	-1	3
JAACVF010000185	1827	2069	-1	4
JAACVF010000185	2126	2863	-1	5
JAACVF010000186	738	2204	1	1
JAACVF010000187	245	3523	1	1
JAACVF010000188	134	1558	1	1
JAACVF010000188	1609	2184	1	2
JAACVF010000188	2222	3004	1	3
JAACVF010000188	3088	3279	1	4
JAACVF010000189	1	186	1	1
JAACVF010000189	665	1210	-1	2
JAACVF010000189	1448	2854	1	3
JAACVF010000189	3094	3351	1	4
JAACVF010000189	3427	4248	-1	5
JAACVF010000190	194	550	1	1
JAACVF010000190	702	1178	1	2
JAACVF010000190	1175	1873	1	3
JAACVF010000191	271	1752	1	1
JAACVF010000191	1838	2032	1	2
JAACVF010000192	169	1707	1	1
JAACVF010000193	333	827	1	1
JAACVF010000193	884	1396	1	2
JAACVF010000193	1415	2815	1	3
JAACVF010000194	1	369	-1	1
JAACVF010000194	417	713	-1	2
JAACVF010000194	775	1425	-1	3
JAACVF010000194	1415	1954	-1	4
JAACVF010000194	1991	2203	-1	5
JAACVF010000194	2320	3270	-1	6
JAACVF010000195	268	423	1	1
JAACVF010000195	502	657	1	2
JAACVF010000195	736	891	1	3
JAACVF010000195	1038	1787	1	4
JAACVF010000195	2531	3190	1	5
JAACVF010000195	3413	4291	1	6
JAACVF010000195	4404	4622	1	7
JAACVF010000196	76	606	-1	1
JAACVF010000196	675	776	-1	2
JAACVF010000196	916	1209	-1	3
JAACVF010000196	1267	2211	-1	4
JAACVF010000196	2238	2384	-1	5
JAACVF010000197	211	750	1	1
JAACVF010000197	763	1524	-1	2
JAACVF010000197	1706	2125	-1	3
JAACVF010000198	1	240	1	1
JAACVF010000198	718	1722	-1	2
JAACVF010000199	97	492	-1	1
JAACVF010000199	726	1703	-1	2
JAACVF010000199	1945	2346	1	3
JAACVF010000200	120	728	-1	1
JAACVF010000200	748	1794	-1	2
JAACVF010000201	1	1794	1	1
JAACVF010000202	2	214	1	1
JAACVF010000202	384	776	1	2
JAACVF010000202	806	1321	1	3
JAACVF010000202	1528	4335	1	4
JAACVF010000202	5407	6462	1	5
JAACVF010000203	3	173	-1	1
JAACVF010000203	597	1247	1	2
JAACVF010000204	680	1552	1	1
JAACVF010000204	1522	1953	-1	2
JAACVF010000204	2070	2330	-1	3
JAACVF010000205	207	1499	-1	1
JAACVF010000206	197	847	1	1
JAACVF010000206	1030	1320	1	2
JAACVF010000206	1356	1457	1	3
JAACVF010000207	337	1521	1	1
JAACVF010000208	3	650	1	1
JAACVF010000208	1171	2415	1	2
JAACVF010000208	2451	2630	1	3
JAACVF010000209	3	1634	-1	1
JAACVF010000210	216	1421	-1	1
JAACVF010000211	3	155	1	1
JAACVF010000211	173	463	1	2
JAACVF010000211	481	1935	1	3
JAACVF010000212	1	156	1	1
JAACVF010000212	193	738	1	2
JAACVF010000212	1070	1504	1	3
JAACVF010000212	1550	2518	1	4
JAACVF010000212	2560	2913	1	5
JAACVF010000212	3091	5412	1	6
JAACVF010000213	1	219	-1	1
JAACVF010000213	338	1435	-1	2
JAACVF010000214	284	544	-1	1
JAACVF010000214	563	733	-1	2
JAACVF010000214	730	960	-1	3
JAACVF010000214	1242	2288	1	4
JAACVF010000215	3	2705	1	1
JAACVF010000216	105	1205	-1	1
JAACVF010000216	1481	1648	-1	2
JAACVF010000216	1645	2712	-1	3
JAACVF010000217	349	726	-1	1
JAACVF010000217	740	1087	-1	2
JAACVF010000218	227	781	1	1
JAACVF010000218	812	1447	1	2
JAACVF010000219	161	994	1	1
JAACVF010000219	1027	1227	1	2
JAACVF010000220	3	1424	-1	1
JAACVF010000221	228	2558	-1	1
JAACVF010000222	3	1769	1	1
JAACVF010000222	1956	2057	1	2
JAACVF010000222	2059	2808	1	3
JAACVF010000223	63	443	1	1
JAACVF010000223	495	1151	1	2
JAACVF010000224	3	1328	-1	1
JAACVF010000225	381	2084	1	1
JAACVF010000226	2	2041	-1	1
JAACVF010000226	2046	2180	-1	2
JAACVF010000227	315	1517	1	1
JAACVF010000228	1	777	-1	1
JAACVF010000228	877	1062	-1	2
JAACVF010000229	2	247	1	1
JAACVF010000229	322	1098	1	2
JAACVF010000230	532	729	1	1
JAACVF010000230	786	1151	1	2
JAACVF010000230	1654	2133	1	3
JAACVF010000230	2105	2674	1	4
JAACVF010000230	3015	3362	1	5
JAACVF010000231	1	171	-1	1
JAACVF010000231	255	380	-1	2
JAACVF010000231	377	958	-1	3
JAACVF010000231	955	1149	-1	4
JAACVF010000231	1167	1475	-1	5
JAACVF010000232	1	1785	-1	1
JAACVF010000233	116	622	1	1
JAACVF010000233	653	1183	1	2
JAACVF010000234	251	1231	-1	1
JAACVF010000235	3	407	1	1
JAACVF010000235	440	1321	1	2
JAACVF010000235	1392	1466	1	3
JAACVF010000236	388	831	1	1
JAACVF010000236	804	1985	1	2
JAACVF010000236	2161	2418	1	3
JAACVF010000237	1	1128	1	1
JAACVF010000238	1	114	1	1
JAACVF010000238	136	960	1	2
JAACVF010000238	963	1391	1	3
JAACVF010000239	2	1087	1	1
JAACVF010000240	1	120	1	1
JAACVF010000240	350	931	1	2
JAACVF010000241	3	776	1	1
JAACVF010000241	1270	1707	1	2
JAACVF010000242	736	1251	-1	1
JAACVF010000243	3	155	1	1
JAACVF010000243	522	1061	1	2
JAACVF010000244	2	445	-1	1
JAACVF010000244	438	1124	-1	2
JAACVF010000244	1281	1934	-1	3
JAACVF010000245	131	472	1	1
JAACVF010000245	633	1067	1	2
JAACVF010000245	1090	1347	1	3
JAACVF010000245	1426	1662	1	4
JAACVF010000246	1	1014	1	1
JAACVF010000247	1	807	1	1
JAACVF010000247	874	1008	-1	2
JAACVF010000248	3	263	-1	1
JAACVF010000248	395	850	-1	2
JAACVF010000248	1067	1327	-1	3
JAACVF010000249	3	761	-1	1
JAACVF010000249	816	992	-1	2
JAACVF010000250	19	807	-1	1
JAACVF010000250	1012	1371	-1	2
