Hmm	ORF	tlen	qlen	Eval	score	start	end	Acc	Pos	Cov_seq	Cov_hmm	strand
AbiEii_0_CAS-III	JAACVF010000014_2	390	284	0.0037	13.2	1517	2686	JAACVF010000014	2	0.25384615384615383	0.3626760563380282	-1
AbiEii_0_CAS-III	JAACVF010000015_4	381	284	0.00063	15.7	2097	3239	JAACVF010000015	4	0.25196850393700787	0.3204225352112676	-1
AbiEii_0_CAS-III	JAACVF010000029_1	1126	284	5.5e-06	22.5	570	3947	JAACVF010000029	1	0.3907637655417407	0.8767605633802817	1
AbiEii_0_CAS-III	JAACVF010000036_6	109	284	0.0073	12.2	4353	4679	JAACVF010000036	6	0.22935779816513763	0.08450704225352113	-1
AbiEii_0_CAS-III	JAACVF010000041_10	261	284	2.1e-05	20.6	7315	8097	JAACVF010000041	10	0.31800766283524906	0.29225352112676056	1
AbiEii_0_CAS-III	JAACVF010000054_13	581	284	0.013	11.4	10300	12042	JAACVF010000054	13	0.16006884681583478	0.2323943661971831	-1
AbiEii_0_CAS-III	JAACVF010000077_9	252	284	1.1e-05	21.5	5152	5907	JAACVF010000077	9	0.10317460317460317	0.09154929577464789	-1
AbiEii_0_CAS-III	JAACVF010000091_1	1020	284	7.2e-07	25.4	562	3621	JAACVF010000091	1	0.058823529411764705	0.07394366197183098	-1
AbiEii_0_CAS-III	JAACVF010000101_5	1150	284	5e-05	19.3	4442	7891	JAACVF010000101	5	0.35391304347826086	0.8485915492957746	-1
AbiEii_0_CAS-III	JAACVF010000147_1	258	284	0.0014	14.6	172	945	JAACVF010000147	1	0.3643410852713178	0.31690140845070425	1
AbiEii_0_CAS-III	JAACVF010000152_7	279	284	1.5e-07	27.7	5790	6626	JAACVF010000152	7	0.3727598566308244	0.36619718309859156	-1
Cas10_0_CAS-III	JAACVF010000042_8	139	511	0.015	10.4	7149	7565	JAACVF010000042	8	0.8992805755395683	0.24266144814090018	1
Cas10_0_III	JAACVF010000195_5	220	414	0.0017	13.7	2531	3190	JAACVF010000195	5	0.5681818181818182	0.19806763285024154	1
Cas10_1_CAS-III	JAACVF010000057_7	52	654	0.00069	14.6	5529	5684	JAACVF010000057	7	0.7307692307692307	0.05504587155963303	1
Cas10_1_CAS-III	JAACVF010000102_7	52	654	0.011	10.6	6214	6369	JAACVF010000102	7	0.9230769230769231	0.053516819571865444	-1
Cas10_1_CAS-III	JAACVF010000133_4	332	654	0.0036	12.2	2115	3110	JAACVF010000133	4	0.49698795180722893	0.22324159021406728	1
Cas10_7_CAS-III	JAACVF010000195_5	220	410	0.0024	13.2	2531	3190	JAACVF010000195	5	0.6181818181818182	0.22439024390243903	1
Cas11b_0_CAS-I-B	JAACVF010000006_7	131	170	0.0062	12.7	5023	5415	JAACVF010000006	7	0.4580152671755725	0.3411764705882353	1
Cas11d2_0_CAS-I-D	JAACVF010000193_1	165	212	0.0053	13.3	333	827	JAACVF010000193	1	0.26666666666666666	0.20754716981132076	1
Cas12a_1_CAS-V-A	JAACVF010000100_4	53	1086	2.1	2.4	1874	2032	JAACVF010000100	4	0.6226415094339622	0.03130755064456722	-1
Cas12f1_2_CAS-V-F	JAACVF010000077_5	172	429	0.0076	11.6	2689	3204	JAACVF010000077	5	0.75	0.2773892773892774	-1
Cas12f2_1_CAS-V-F	JAACVF010000071_4	63	422	0.0025	13.3	1573	1761	JAACVF010000071	4	0.746031746031746	0.10900473933649289	-1
Cas12f2_2_CAS-V-F	JAACVF010000052_3	426	493	0.0038	12.2	1200	2477	JAACVF010000052	3	0.2323943661971831	0.20081135902636918	1
Cas12f2_2_CAS-V-F	JAACVF010000071_4	63	493	0.0015	13.5	1573	1761	JAACVF010000071	4	0.5555555555555556	0.07302231237322515	-1
Cas12m_0_V-M	JAACVF010000102_12	83	577	0.0022	12.8	10706	10954	JAACVF010000102	12	0.3614457831325301	0.05545927209705372	-1
Cas1_0_CAS-I-II-III-IV-V-VI	JAACVF010000181_3	329	317	5.9e-102	337.3	773	1759	JAACVF010000181	3	0.939209726443769	0.9936908517350158	-1
Cas1_0_CAS-III-B	JAACVF010000181_3	329	266	0.00017	17.6	773	1759	JAACVF010000181	3	0.24316109422492402	0.31203007518796994	-1
Cas1_0_I-II-III	JAACVF010000041_9	337	327	0.0038	12.7	6272	7282	JAACVF010000041	9	0.21364985163204747	0.13149847094801223	1
Cas1_0_I-II-III	JAACVF010000181_3	329	327	4.899999999999999e-96	317.9	773	1759	JAACVF010000181	3	0.9544072948328267	0.9938837920489296	-1
Cas1_0_I-II-III-V	JAACVF010000181_3	329	315	4.8e-86	284.8	773	1759	JAACVF010000181	3	0.9361702127659575	0.9904761904761905	-1
Cas1_0_IA	JAACVF010000181_3	329	347	2.8e-40	134.6	773	1759	JAACVF010000181	3	0.8541033434650456	0.8443804034582133	-1
Cas1_0_IC	JAACVF010000181_3	329	340	5.899999999999999e-53	176.5	773	1759	JAACVF010000181	3	0.9544072948328267	0.9705882352941176	-1
Cas1_0_IE	JAACVF010000181_3	329	269	7.5e-11	38.1	773	1759	JAACVF010000181	3	0.6474164133738601	0.79182156133829	-1
Cas1_0_IF	JAACVF010000181_3	329	307	1.8e-10	37.0	773	1759	JAACVF010000181	3	0.7355623100303952	0.8566775244299675	-1
Cas1_0_II	JAACVF010000181_3	329	278	3.8e-11	39.1	773	1759	JAACVF010000181	3	0.7750759878419453	0.8669064748201439	-1
Cas1_0_V	JAACVF010000181_3	329	317	2.7e-12	42.7	773	1759	JAACVF010000181	3	0.5866261398176292	0.6056782334384858	-1
Cas1_1_CAS-I-II-III-IV-V-VI	JAACVF010000041_9	337	261	0.0036	13.0	6272	7282	JAACVF010000041	9	0.2195845697329377	0.16091954022988506	1
Cas1_1_CAS-I-II-III-IV-V-VI	JAACVF010000181_3	329	261	7.3e-73	241.4	773	1759	JAACVF010000181	3	0.7659574468085106	1.0	-1
Cas1_2_CAS-I-II-III-IV-V-VI	JAACVF010000181_3	329	306	2.2e-10	36.7	773	1759	JAACVF010000181	3	0.7355623100303952	0.8562091503267973	-1
Cas1_3_CAS-I-II-III-IV-V-VI	JAACVF010000181_3	329	262	4.6e-11	38.8	773	1759	JAACVF010000181	3	0.6565349544072948	0.8129770992366412	-1
Cas1_4_CAS-I-II-III-IV-V-VI	JAACVF010000181_3	329	275	7e-12	41.4	773	1759	JAACVF010000181	3	0.78419452887538	0.88	-1
Cas1_5_CAS-I-II-III-IV-V-VI	JAACVF010000181_3	329	338	1.4e-52	175.3	773	1759	JAACVF010000181	3	0.9452887537993921	0.9674556213017751	-1
Cas1_6_CAS-I-II-III-IV-V-VI	JAACVF010000181_3	329	320	2e-133	440.9	773	1759	JAACVF010000181	3	0.9635258358662614	0.996875	-1
Cas1_7_CAS-I-II-III-IV-V-VI	JAACVF010000181_3	329	328	1.4000000000000001e-101	336.2	773	1759	JAACVF010000181	3	0.9848024316109423	0.9969512195121951	-1
Cas1_8_CAS-I-II-III-IV-V-VI	JAACVF010000181_3	329	283	9e-83	274.0	773	1759	JAACVF010000181	3	0.8358662613981763	1.0	-1
Cas2_0_CAS-I-II-III-IV-V-VI	JAACVF010000181_1	88	90	1.6e-18	63.3	119	382	JAACVF010000181	1	0.8068181818181818	0.8222222222222222	-1
Cas2_0_I-II-III	JAACVF010000181_1	88	96	3.2e-16	55.8	119	382	JAACVF010000181	1	0.9318181818181818	0.90625	-1
Cas2_0_I-II-III-V	JAACVF010000181_1	88	83	1.0999999999999998e-24	82.9	119	382	JAACVF010000181	1	0.8636363636363636	0.9759036144578314	-1
Cas2_0_IE	JAACVF010000181_1	88	87	0.0001	18.8	119	382	JAACVF010000181	1	0.8068181818181818	0.8160919540229885	-1
Cas2_10_CAS-I-II-III-IV-V-VI	JAACVF010000181_1	88	86	0.0025	14.3	119	382	JAACVF010000181	1	0.75	0.7558139534883721	-1
Cas2_11_CAS-I-II-III-IV-V-VI	JAACVF010000181_1	88	71	2.2999999999999997e-24	81.8	119	382	JAACVF010000181	1	0.75	0.9436619718309859	-1
Cas2_1_CAS-I-II-III-IV-V-VI	JAACVF010000181_1	88	93	5.4e-05	19.7	119	382	JAACVF010000181	1	0.8181818181818182	0.7741935483870968	-1
Cas2_2_CAS-I-II-III-IV-V-VI	JAACVF010000181_1	88	79	2.9000000000000002e-30	100.7	119	382	JAACVF010000181	1	0.8636363636363636	0.9746835443037974	-1
Cas2_4_CAS-I-II-III-IV-V-VI	JAACVF010000181_1	88	89	4.6e-29	97.0	119	382	JAACVF010000181	1	0.9659090909090909	0.9775280898876404	-1
Cas2_5_CAS-I-II-III-IV-V-VI	JAACVF010000119_3	249	116	0.024	11.3	2438	3184	JAACVF010000119	3	0.42168674698795183	0.7586206896551724	1
Cas2_6_CAS-I-II-III-IV-V-VI	JAACVF010000181_1	88	90	0.00061	16.5	119	382	JAACVF010000181	1	0.7045454545454546	0.6777777777777778	-1
Cas2_7_CAS-I-II-III-IV-V-VI	JAACVF010000181_1	88	94	1.1e-12	44.6	119	382	JAACVF010000181	1	0.7840909090909091	0.7553191489361702	-1
Cas3-Cas2_0_CAS-I-F	JAACVF010000037_4	831	1106	5e-08	27.5	3854	6346	JAACVF010000037	4	0.1299638989169675	0.09764918625678119	1
Cas3-Cas2_0_CAS-I-F	JAACVF010000053_1	743	1106	7.4e-12	40.2	276	2504	JAACVF010000053	1	0.22207267833109018	0.15099457504520797	-1
Cas3-Cas2_0_IF	JAACVF010000037_4	831	1110	3.7e-08	27.9	3854	6346	JAACVF010000037	4	0.13477737665463296	0.1009009009009009	1
Cas3-Cas2_0_IF	JAACVF010000053_1	743	1110	6.7e-12	40.3	276	2504	JAACVF010000053	1	0.22207267833109018	0.15045045045045044	-1
Cas3HD_0_CAS-I	JAACVF010000012_6	398	203	1.2e-05	21.5	4114	5307	JAACVF010000012	6	0.2914572864321608	0.5517241379310345	-1
Cas3HD_0_CAS-I	JAACVF010000037_4	831	203	1.2e-33	113.0	3854	6346	JAACVF010000037	4	0.4741275571600481	0.9753694581280788	1
Cas3HD_0_CAS-I	JAACVF010000053_1	743	203	1.4e-18	63.9	276	2504	JAACVF010000053	1	0.3283983849259758	0.9753694581280788	-1
Cas3HD_0_CAS-I	JAACVF010000054_8	415	203	0.005	13.0	6251	7495	JAACVF010000054	8	0.4963855421686747	0.7733990147783252	1
Cas3HD_0_CAS-I	JAACVF010000061_2	336	203	0.013	11.6	740	1747	JAACVF010000061	2	0.41369047619047616	0.7635467980295566	-1
Cas3HD_0_CAS-I	JAACVF010000133_4	332	203	1.4e-05	21.4	2115	3110	JAACVF010000133	4	0.572289156626506	0.8472906403940886	1
Cas3HD_0_CAS-I	JAACVF010000183_2	186	203	6.9e-05	19.1	1605	2162	JAACVF010000183	2	0.6720430107526881	0.5615763546798029	1
Cas3HD_1_CAS-I	JAACVF010000037_4	831	191	3.4e-05	20.1	3854	6346	JAACVF010000037	4	0.20577617328519857	0.8010471204188482	1
Cas3HD_1_CAS-I	JAACVF010000053_1	743	191	0.0001	18.6	276	2504	JAACVF010000053	1	0.2449528936742934	0.8691099476439791	-1
Cas3HD_2_CAS-I	JAACVF010000037_4	831	231	1.4e-06	24.4	3854	6346	JAACVF010000037	4	0.26233453670276774	0.5454545454545454	1
Cas3HD_2_CAS-I	JAACVF010000053_1	743	231	0.023	10.6	276	2504	JAACVF010000053	1	0.1440107671601615	0.44155844155844154	-1
Cas3_0_CAS-I	JAACVF010000015_7	683	353	8.7e-07	24.7	5025	7073	JAACVF010000015	7	0.42752562225475843	0.8328611898016998	1
Cas3_0_CAS-I	JAACVF010000037_4	831	353	1.1e-42	142.7	3854	6346	JAACVF010000037	4	0.43922984356197353	0.9886685552407932	1
Cas3_0_CAS-I	JAACVF010000053_1	743	353	9.600000000000001e-80	264.6	276	2504	JAACVF010000053	1	0.4535666218034993	0.9801699716713881	-1
Cas3_0_CAS-I	JAACVF010000056_12	758	353	1.4e-14	50.3	6978	9251	JAACVF010000056	12	0.420844327176781	0.8130311614730878	1
Cas3_0_CAS-I	JAACVF010000074_3	410	353	7e-10	34.9	1367	2596	JAACVF010000074	3	0.5829268292682926	0.6855524079320113	-1
Cas3_0_CAS-I	JAACVF010000091_4	595	353	1e-05	21.2	7810	9594	JAACVF010000091	4	0.4436974789915966	0.40226628895184136	1
Cas3_0_CAS-I	JAACVF010000099_2	561	353	6e-06	21.9	542	2224	JAACVF010000099	2	0.2976827094474153	0.4702549575070821	1
Cas3_0_CAS-I	JAACVF010000129_2	869	353	8.9e-18	60.8	800	3406	JAACVF010000129	2	0.3924050632911392	0.9263456090651558	1
Cas3_0_CAS-I-D	JAACVF010000015_7	683	626	4.3e-07	24.8	5025	7073	JAACVF010000015	7	0.13030746705710103	0.13738019169329074	1
Cas3_0_CAS-I-D	JAACVF010000037_4	831	626	7.9e-08	27.3	3854	6346	JAACVF010000037	4	0.09747292418772563	0.12300319488817892	1
Cas3_0_CAS-I-D	JAACVF010000053_1	743	626	5.8e-17	57.4	276	2504	JAACVF010000053	1	0.45625841184387617	0.5750798722044729	-1
Cas3_0_CAS-I-D	JAACVF010000074_3	410	626	8.7e-07	23.8	1367	2596	JAACVF010000074	3	0.48292682926829267	0.31309904153354634	-1
Cas3_0_CAS-I-D	JAACVF010000091_4	595	626	0.00088	13.9	7810	9594	JAACVF010000091	4	0.08235294117647059	0.07348242811501597	1
Cas3_0_CAS-I-U	JAACVF010000037_4	831	843	1.6e-09	32.5	3854	6346	JAACVF010000037	4	0.20577617328519857	0.18861209964412812	1
Cas3_0_CAS-I-U	JAACVF010000053_1	743	843	1.7e-20	68.8	276	2504	JAACVF010000053	1	0.3135935397039031	0.28113879003558717	-1
Cas3_0_CAS-I-U	JAACVF010000133_4	332	843	0.0021	12.3	2115	3110	JAACVF010000133	4	0.32228915662650603	0.13167259786476868	1
Cas3_0_I	JAACVF010000037_4	831	358	3.3999999999999997e-43	144.4	3854	6346	JAACVF010000037	4	0.43441636582430804	0.9776536312849162	1
Cas3_0_I	JAACVF010000053_1	743	358	2.1e-80	266.8	276	2504	JAACVF010000053	1	0.4535666218034993	0.9804469273743017	-1
Cas3_0_I	JAACVF010000056_12	758	358	3e-16	55.8	6978	9251	JAACVF010000056	12	0.32849604221635886	0.6731843575418994	1
Cas3_0_I	JAACVF010000074_3	410	358	1.3e-08	30.7	1367	2596	JAACVF010000074	3	0.5756097560975609	0.6759776536312849	-1
Cas3_0_I	JAACVF010000091_4	595	358	9e-05	18.0	7810	9594	JAACVF010000091	4	0.3226890756302521	0.3743016759776536	1
Cas3_0_I	JAACVF010000099_2	561	358	1.5e-05	20.5	542	2224	JAACVF010000099	2	0.26559714795008915	0.4022346368715084	1
Cas3_0_I	JAACVF010000119_3	249	358	0.0017	13.9	2438	3184	JAACVF010000119	3	0.24899598393574296	0.164804469273743	1
Cas3_0_I	JAACVF010000129_2	869	358	5.2e-19	64.9	800	3406	JAACVF010000129	2	0.38895281933256615	0.9217877094972067	1
Cas3_0_ID	JAACVF010000053_1	743	357	2.2e-05	20.1	276	2504	JAACVF010000053	1	0.3364737550471063	0.7338935574229691	-1
Cas3_0_ID	JAACVF010000129_2	869	357	1.1e-08	30.9	800	3406	JAACVF010000129	2	0.29344073647871116	0.7226890756302521	1
Cas3_0_IU	JAACVF010000037_4	831	864	2.2e-10	35.5	3854	6346	JAACVF010000037	4	0.21058965102286403	0.19791666666666666	1
Cas3_0_IU	JAACVF010000053_1	743	864	7.3e-21	70.1	276	2504	JAACVF010000053	1	0.23687752355316286	0.20601851851851852	-1
Cas3_0_IU	JAACVF010000074_3	410	864	0.0025	12.1	1367	2596	JAACVF010000074	3	0.2121951219512195	0.08912037037037036	-1
Cas3_1_CAS-I	JAACVF010000037_4	831	745	4.9999999999999996e-54	180.1	3854	6346	JAACVF010000037	4	0.7111913357400722	0.7825503355704698	1
Cas3_1_CAS-I	JAACVF010000053_1	743	745	9.2e-79	261.9	276	2504	JAACVF010000053	1	0.5248990578734859	0.548993288590604	-1
Cas3_1_CAS-I	JAACVF010000074_3	410	745	0.0015	13.2	1367	2596	JAACVF010000074	3	0.4902439024390244	0.29261744966442954	-1
Cas3_1_CAS-I-D	JAACVF010000053_1	743	353	3.6e-07	25.9	276	2504	JAACVF010000053	1	0.4078061911170929	0.943342776203966	-1
Cas3_1_CAS-I-D	JAACVF010000129_2	869	353	5.2e-09	32.0	800	3406	JAACVF010000129	2	0.22094361334867663	0.5524079320113314	1
Cas3_1_I	JAACVF010000012_6	398	178	0.0028	14.1	4114	5307	JAACVF010000012	6	0.23366834170854273	0.42134831460674155	-1
Cas3_1_I	JAACVF010000037_4	831	178	2.3e-25	86.0	3854	6346	JAACVF010000037	4	0.36101083032490977	1.0	1
Cas3_1_I	JAACVF010000053_1	743	178	3.1e-17	59.5	276	2504	JAACVF010000053	1	0.22072678331090176	0.8932584269662921	-1
Cas3_1_I	JAACVF010000054_8	415	178	0.073	9.4	6251	7495	JAACVF010000054	8	0.3566265060240964	0.7808988764044944	1
Cas3_1_I	JAACVF010000133_4	332	178	0.00054	16.4	2115	3110	JAACVF010000133	4	0.46686746987951805	0.848314606741573	1
Cas3_2_CAS-I	JAACVF010000053_1	743	967	1.3e-07	26.5	276	2504	JAACVF010000053	1	0.11305518169582772	0.0889348500517063	-1
Cas3_2_CAS-I	JAACVF010000074_3	410	967	1.3e-09	33.1	1367	2596	JAACVF010000074	3	0.4292682926829268	0.17890382626680454	-1
Cas4_0_CAS-I-II-III-IV-V-VI	JAACVF010000052_4	889	179	0.0014	15.3	2528	5194	JAACVF010000052	4	0.09898762654668167	0.49162011173184356	1
Cas4_0_CAS-I-II-III-IV-V-VI	JAACVF010000181_5	166	179	2.4e-25	86.1	2003	2500	JAACVF010000181	5	0.963855421686747	0.994413407821229	-1
Cas4_0_I-II	JAACVF010000052_4	889	180	0.0041	13.3	2528	5194	JAACVF010000052	4	0.11923509561304838	0.4888888888888889	1
Cas4_0_I-II	JAACVF010000181_5	166	180	1.0999999999999999e-25	86.8	2003	2500	JAACVF010000181	5	0.9698795180722891	0.9944444444444445	-1
Cas4_0_I-II-V	JAACVF010000181_5	166	177	2.3e-23	79.5	2003	2500	JAACVF010000181	5	0.9578313253012049	0.9887005649717514	-1
Cas4_3_CAS-I-II-III-IV-V-VI	JAACVF010000181_5	166	197	7.700000000000001e-38	126.9	2003	2500	JAACVF010000181	5	0.9819277108433735	0.9187817258883249	-1
Cas4_5_CAS-I-II-III-IV-V-VI	JAACVF010000181_5	166	161	4e-52	173.0	2003	2500	JAACVF010000181	5	0.9578313253012049	0.9875776397515528	-1
Cas5_0_CAS-I	JAACVF010000037_3	260	201	1.4e-11	40.9	3112	3891	JAACVF010000037	3	0.676923076923077	0.8606965174129353	1
Cas5_0_CAS-I	JAACVF010000053_2	247	201	4.7e-21	71.8	2476	3216	JAACVF010000053	2	0.562753036437247	0.6865671641791045	-1
Cas5_0_CAS-I-B	JAACVF010000037_3	260	221	2.6e-05	20.1	3112	3891	JAACVF010000037	3	0.7076923076923077	0.7330316742081447	1
Cas5_0_CAS-I-B	JAACVF010000053_2	247	221	0.001	14.9	2476	3216	JAACVF010000053	2	0.6477732793522267	0.5656108597285068	-1
Cas5_0_CAS-I-C	JAACVF010000037_3	260	198	1.4e-06	24.7	3112	3891	JAACVF010000037	3	0.6076923076923076	0.7828282828282829	1
Cas5_0_CAS-I-E	JAACVF010000053_2	247	182	4.5e-07	26.2	2476	3216	JAACVF010000053	2	0.21862348178137653	0.29120879120879123	-1
Cas5_0_I	JAACVF010000037_3	260	43	9.9e-11	37.6	3112	3891	JAACVF010000037	3	0.16538461538461538	1.0	1
Cas5_0_I	JAACVF010000053_2	247	43	5.6e-09	32.0	2476	3216	JAACVF010000053	2	0.13360323886639677	0.7674418604651163	-1
Cas5_0_IB	JAACVF010000037_3	260	217	3.5e-06	23.1	3112	3891	JAACVF010000037	3	0.7538461538461538	0.8248847926267281	1
Cas5_0_IE	JAACVF010000053_2	247	230	5.9e-06	22.5	2476	3216	JAACVF010000053	2	0.4534412955465587	0.5347826086956522	-1
Cas5_10_CAS-I-B	JAACVF010000037_3	260	238	1.9e-19	66.3	3112	3891	JAACVF010000037	3	0.9076923076923077	0.9495798319327731	1
Cas5_10_CAS-I-B	JAACVF010000053_2	247	238	4.3e-09	32.4	2476	3216	JAACVF010000053	2	0.4331983805668016	0.4411764705882353	-1
Cas5_1_CAS-I	JAACVF010000037_3	260	241	8.2e-06	22.0	3112	3891	JAACVF010000037	3	0.7307692307692307	0.8008298755186722	1
Cas5_1_CAS-I	JAACVF010000053_2	247	241	4.2e-13	45.9	2476	3216	JAACVF010000053	2	0.4777327935222672	0.4854771784232365	-1
Cas5_1_CAS-I	JAACVF010000248_2	152	241	0.032	10.2	395	850	JAACVF010000248	2	0.5592105263157895	0.4066390041493776	-1
Cas5_1_CAS-I-C	JAACVF010000037_3	260	198	9e-07	25.3	3112	3891	JAACVF010000037	3	0.6076923076923076	0.7828282828282829	1
Cas5_1_CAS-I-E	JAACVF010000053_2	247	180	3.2e-07	26.7	2476	3216	JAACVF010000053	2	0.4574898785425101	0.6722222222222223	-1
Cas5_1_IB	JAACVF010000037_3	260	241	9e-43	143.0	3112	3891	JAACVF010000037	3	0.6884615384615385	0.7095435684647303	1
Cas5_1_IB	JAACVF010000053_2	247	241	1.1e-12	44.5	2476	3216	JAACVF010000053	2	0.708502024291498	0.7136929460580913	-1
Cas5_2_CAS-I	JAACVF010000037_3	260	213	1.4e-07	28.0	3112	3891	JAACVF010000037	3	0.27692307692307694	0.323943661971831	1
Cas5_2_CAS-I	JAACVF010000053_2	247	213	5.5e-11	39.1	2476	3216	JAACVF010000053	2	0.5708502024291497	0.6807511737089202	-1
Cas5_2_CAS-I-B	JAACVF010000037_3	260	194	1.6e-06	24.6	3112	3891	JAACVF010000037	3	0.7230769230769231	0.8505154639175257	1
Cas5_2_CAS-I-B	JAACVF010000053_2	247	194	5.9e-20	68.4	2476	3216	JAACVF010000053	2	0.6680161943319838	0.845360824742268	-1
Cas5_4_CAS-I-B	JAACVF010000037_3	260	190	1.8e-36	121.9	3112	3891	JAACVF010000037	3	0.7346153846153847	0.9842105263157894	1
Cas5_4_CAS-I-B	JAACVF010000053_2	247	190	5.4e-12	42.1	2476	3216	JAACVF010000053	2	0.7044534412955465	0.9210526315789473	-1
Cas5_7_CAS-I-B	JAACVF010000037_3	260	239	3.699999999999999e-43	144.2	3112	3891	JAACVF010000037	3	0.6884615384615385	0.7196652719665272	1
Cas5_7_CAS-I-B	JAACVF010000053_2	247	239	4.3e-13	45.8	2476	3216	JAACVF010000053	2	0.728744939271255	0.7447698744769874	-1
Cas6_0_CAS-I-II-III-IV-V-VI	JAACVF010000006_13	246	194	2.7e-22	76.5	10179	10916	JAACVF010000006	13	0.8008130081300813	0.9948453608247423	1
Cas6_0_CAS-I-II-III-IV-V-VI	JAACVF010000078_8	269	194	3.3e-31	105.6	5757	6563	JAACVF010000078	8	0.7174721189591078	1.0	1
Cas6_0_CAS-III-B-I-B	JAACVF010000006_13	246	235	1.3e-14	50.5	10179	10916	JAACVF010000006	13	0.8821138211382114	0.8595744680851064	1
Cas6_0_CAS-III-B-I-B	JAACVF010000078_8	269	235	1.1e-11	40.9	5757	6563	JAACVF010000078	8	0.8364312267657993	0.9148936170212766	1
Cas6_0_I-III	JAACVF010000006_13	246	200	3.1e-25	86.1	10179	10916	JAACVF010000006	13	0.8292682926829268	0.995	1
Cas6_0_I-III	JAACVF010000078_8	269	200	1.3000000000000001e-32	110.2	5757	6563	JAACVF010000078	8	0.7397769516728625	0.995	1
Cas6_13_CAS-I-II-III-IV-V-VI	JAACVF010000006_13	246	151	4.2e-22	75.5	10179	10916	JAACVF010000006	13	0.6788617886178862	0.9801324503311258	1
Cas6_13_CAS-I-II-III-IV-V-VI	JAACVF010000078_8	269	151	1.3e-25	86.9	5757	6563	JAACVF010000078	8	0.6579925650557621	0.9867549668874173	1
Cas6_3_CAS-I-II-III-IV-V-VI	JAACVF010000006_13	246	240	1.1e-23	80.9	10179	10916	JAACVF010000006	13	0.9878048780487805	1.0	1
Cas6_3_CAS-I-II-III-IV-V-VI	JAACVF010000078_8	269	240	5.4e-14	49.1	5757	6563	JAACVF010000078	8	0.8810408921933085	0.9958333333333333	1
Cas6_6_IVD	JAACVF010000078_8	269	259	0.00071	15.4	5757	6563	JAACVF010000078	8	0.275092936802974	0.2857142857142857	1
Cas6_7_CAS-I-II-III-IV-V-VI	JAACVF010000006_13	246	241	3.2e-39	131.6	10179	10916	JAACVF010000006	13	0.9959349593495935	0.9875518672199171	1
Cas6_7_CAS-I-II-III-IV-V-VI	JAACVF010000078_8	269	241	5.1e-43	144.1	5757	6563	JAACVF010000078	8	0.8996282527881041	0.995850622406639	1
Cas6_7_IV	JAACVF010000006_13	246	262	5.4e-19	65.2	10179	10916	JAACVF010000006	13	0.991869918699187	0.916030534351145	1
Cas6_7_IV	JAACVF010000078_8	269	262	5.8e-08	29.0	5757	6563	JAACVF010000078	8	0.966542750929368	0.9923664122137404	1
Cas6_7_IV	JAACVF010000092_3	163	262	0.00076	15.5	2242	2730	JAACVF010000092	3	0.4233128834355828	0.2633587786259542	-1
Cas7_0_CAS-I	JAACVF010000053_3	316	230	5.4e-43	143.2	3206	4153	JAACVF010000053	3	0.7025316455696202	0.9869565217391304	-1
Cas7_0_CAS-I-B	JAACVF010000053_3	316	306	5.2e-53	176.6	3206	4153	JAACVF010000053	3	0.9018987341772152	0.9313725490196079	-1
Cas7_0_CAS-I-C	JAACVF010000037_2	323	268	2.6999999999999998e-70	233.3	2137	3105	JAACVF010000037	2	0.9164086687306502	1.0	1
Cas7_0_I	JAACVF010000053_3	316	240	1.3e-41	138.6	3206	4153	JAACVF010000053	3	0.7246835443037974	0.9875	-1
Cas7_0_IC	JAACVF010000037_2	323	284	2.3000000000000002e-33	112.1	2137	3105	JAACVF010000037	2	0.7058823529411765	0.7887323943661971	1
Cas7_1_CAS-I-B	JAACVF010000037_2	323	286	1.8e-92	306.1	2137	3105	JAACVF010000037	2	0.9195046439628483	0.993006993006993	1
Cas7_1_CAS-I-C	JAACVF010000037_2	323	278	4.7e-34	114.3	2137	3105	JAACVF010000037	2	0.8080495356037152	0.9172661870503597	1
Cas7_1_IB	JAACVF010000053_3	316	321	4.3e-52	173.5	3206	4153	JAACVF010000053	3	0.9367088607594937	0.9844236760124611	-1
Cas7_2_CAS-I	JAACVF010000053_3	316	338	5.8e-18	61.6	3206	4153	JAACVF010000053	3	0.9367088607594937	0.849112426035503	-1
Cas7_2_CAS-I-C	JAACVF010000037_2	323	283	5.2e-65	215.9	2137	3105	JAACVF010000037	2	0.9287925696594427	0.9717314487632509	1
Cas7_2_IB	JAACVF010000037_2	323	286	3.2e-94	311.9	2137	3105	JAACVF010000037	2	0.9195046439628483	0.993006993006993	1
Cas7_3_CAS-I	JAACVF010000053_3	316	265	2.4e-17	59.1	3206	4153	JAACVF010000053	3	0.6867088607594937	0.909433962264151	-1
Cas7_3_IB	JAACVF010000037_2	323	268	2.5999999999999997e-69	230.0	2137	3105	JAACVF010000037	2	0.9318885448916409	1.0	1
Cas7b_0_CAS-I-B-I-C	JAACVF010000037_2	323	254	4.5e-73	242.3	2137	3105	JAACVF010000037	2	0.8359133126934984	0.9921259842519685	1
Cas8a1_1_IB	JAACVF010000037_1	637	571	8.600000000000001e-88	291.4	240	2150	JAACVF010000037	1	0.967032967032967	0.9982486865148862	1
Cas8a3_1_CAS-I-A	JAACVF010000028_8	168	294	6.3e-05	18.7	5010	5513	JAACVF010000028	8	0.7619047619047619	0.4523809523809524	1
Cas8b1_11_CAS-I-B	JAACVF010000053_4	439	503	2.7e-21	72.1	4191	5507	JAACVF010000053	4	0.8132118451025057	0.6998011928429424	-1
Cas8b1_13_CAS-I-B	JAACVF010000037_1	637	580	4.4e-143	474.4	240	2150	JAACVF010000037	1	0.9654631083202512	0.9982758620689656	1
Cas8b1_1_CAS-I-B	JAACVF010000037_1	637	563	3.9e-85	282.9	240	2150	JAACVF010000037	1	0.967032967032967	0.9982238010657194	1
Cas8b1_2_CAS-I-B	JAACVF010000037_1	637	385	1.1e-55	185.7	240	2150	JAACVF010000037	1	0.6342229199372057	0.9844155844155844	1
Cas8b1_3_CAS-I-B	JAACVF010000037_1	637	594	9.1e-131	433.7	240	2150	JAACVF010000037	1	0.9654631083202512	1.0	1
Cas8b2_6_CAS-I-B	JAACVF010000053_4	439	443	1.2e-102	340.4	4191	5507	JAACVF010000053	4	0.9931662870159453	0.9706546275395034	-1
Cas8b4_0_CAS-I-B	JAACVF010000040_10	229	474	0.00042	15.3	12670	13356	JAACVF010000040	10	0.26200873362445415	0.12658227848101267	-1
Cas8b_0_IB	JAACVF010000037_1	637	395	8.5e-54	179.6	240	2150	JAACVF010000037	1	0.7629513343799058	0.9848101265822785	1
Cas9_1_IIB	JAACVF010000131_4	540	827	0.00041	14.9	1410	3029	JAACVF010000131	4	0.17962962962962964	0.11970979443772672	-1
CasR_0_CAS-I-II-III-IV-V-VI	JAACVF010000016_20	87	198	1.3e-08	31.0	14857	15117	JAACVF010000016	20	0.6896551724137931	0.31313131313131315	1
CasR_0_CAS-I-II-III-IV-V-VI	JAACVF010000044_5	214	198	3.3e-05	19.9	2526	3167	JAACVF010000044	5	0.42990654205607476	0.29797979797979796	1
CasR_0_CAS-I-II-III-IV-V-VI	JAACVF010000065_3	260	198	7.8e-07	25.2	2647	3426	JAACVF010000065	3	0.21153846153846154	0.2777777777777778	-1
CasR_0_CAS-I-II-III-IV-V-VI	JAACVF010000102_3	175	198	2.9e-06	23.4	3450	3974	JAACVF010000102	3	0.46285714285714286	0.4090909090909091	-1
CasR_0_CAS-I-II-III-IV-V-VI	JAACVF010000105_5	94	198	6.8e-05	18.9	5114	5395	JAACVF010000105	5	0.9148936170212766	0.41919191919191917	-1
CasR_0_CAS-I-II-III-IV-V-VI	JAACVF010000137_4	492	198	0.00021	17.3	1953	3428	JAACVF010000137	4	0.13008130081300814	0.6515151515151515	1
CasR_0_CAS-I-II-III-IV-V-VI	JAACVF010000189_3	469	198	0.0053	12.7	1448	2854	JAACVF010000189	3	0.44776119402985076	0.6464646464646465	1
CasR_0_CAS-I-II-III-IV-V-VI	JAACVF010000190_1	119	198	7.7e-07	25.3	194	550	JAACVF010000190	1	0.6050420168067226	0.35353535353535354	1
CasR_0_CAS-III-B	JAACVF010000176_2	73	480	0.0017	13.5	374	592	JAACVF010000176	2	0.4520547945205479	0.07083333333333333	1
CasR_1_CAS-I-II-III-IV-V-VI	JAACVF010000016_20	87	218	2e-08	30.0	14857	15117	JAACVF010000016	20	0.6896551724137931	0.2798165137614679	1
CasR_1_CAS-I-II-III-IV-V-VI	JAACVF010000044_5	214	218	3.9e-05	19.3	2526	3167	JAACVF010000044	5	0.411214953271028	0.2798165137614679	1
CasR_1_CAS-I-II-III-IV-V-VI	JAACVF010000065_3	260	218	1.5e-07	27.2	2647	3426	JAACVF010000065	3	0.3	0.3577981651376147	-1
CasR_1_CAS-I-II-III-IV-V-VI	JAACVF010000102_3	175	218	2.8e-06	23.0	3450	3974	JAACVF010000102	3	0.28	0.22477064220183487	-1
CasR_1_CAS-I-II-III-IV-V-VI	JAACVF010000105_5	94	218	1.6e-07	27.1	5114	5395	JAACVF010000105	5	0.9361702127659575	0.38990825688073394	-1
CasR_1_CAS-I-II-III-IV-V-VI	JAACVF010000137_4	492	218	0.00033	16.2	1953	3428	JAACVF010000137	4	0.13821138211382114	0.3211009174311927	1
CasR_1_CAS-I-II-III-IV-V-VI	JAACVF010000189_3	469	218	0.034	9.7	1448	2854	JAACVF010000189	3	0.3816631130063966	0.5504587155963303	1
CasR_1_CAS-I-II-III-IV-V-VI	JAACVF010000190_1	119	218	1e-08	31.0	194	550	JAACVF010000190	1	0.5798319327731093	0.3073394495412844	1
CasR_1_CAS-I-II-III-IV-V-VI	JAACVF010000214_3	77	218	0.0009	14.8	730	960	JAACVF010000214	3	0.6883116883116883	0.24311926605504589	-1
CasR_1_CAS-I-II-III-IV-V-VI	JAACVF010000217_2	116	218	0.00098	14.7	740	1087	JAACVF010000217	2	0.4482758620689655	0.25229357798165136	-1
Cmr5_0_IIIB	JAACVF010000020_3	156	143	0.04	10.6	1851	2318	JAACVF010000020	3	0.5769230769230769	0.48951048951048953	1
Cmr5_1_IIIC	JAACVF010000130_4	423	178	0.11	8.7	3007	4275	JAACVF010000130	4	0.28132387706855794	0.6460674157303371	1
Cmr5gr11_0_CAS-III-B	JAACVF010000180_1	173	225	0.0011	15.0	238	756	JAACVF010000180	1	0.5028901734104047	0.21777777777777776	-1
Cmr5gr11_14_CAS-III-B	JAACVF010000096_2	157	118	0.0028	14.4	805	1275	JAACVF010000096	2	0.4713375796178344	0.5423728813559322	1
Cmr5gr11_4_CAS-III-B	JAACVF010000248_2	152	132	0.015	12.0	395	850	JAACVF010000248	2	0.6447368421052632	0.5909090909090909	-1
Cmr6gr7_2_CAS-III-B-III-C	JAACVF010000048_3	338	262	0.0033	13.4	1535	2548	JAACVF010000048	3	0.1834319526627219	0.22900763358778625	1
Csa3_1_CAS-I-II-III-IV-V-VI	JAACVF010000016_20	87	118	3.6000000000000003e-22	75.3	14857	15117	JAACVF010000016	20	0.9080459770114943	0.7457627118644068	1
Csa3_1_CAS-I-II-III-IV-V-VI	JAACVF010000044_5	214	118	0.0029	14.3	2526	3167	JAACVF010000044	5	0.37383177570093457	0.5677966101694916	1
Csa3_1_CAS-I-II-III-IV-V-VI	JAACVF010000065_3	260	118	8.5e-08	29.0	2647	3426	JAACVF010000065	3	0.2653846153846154	0.5423728813559322	-1
Csa3_1_CAS-I-II-III-IV-V-VI	JAACVF010000105_5	94	118	3.1e-07	27.2	5114	5395	JAACVF010000105	5	0.5851063829787234	0.5338983050847458	-1
Csa3_1_CAS-I-II-III-IV-V-VI	JAACVF010000159_2	261	118	0.0047	13.7	1411	2193	JAACVF010000159	2	0.13409961685823754	0.2966101694915254	-1
Csa3_1_CAS-I-II-III-IV-V-VI	JAACVF010000189_3	469	118	0.0038	14.0	1448	2854	JAACVF010000189	3	0.255863539445629	0.7288135593220338	1
Csa5gr11_0_CAS-III-B	JAACVF010000156_2	363	135	0.21	7.9	613	1701	JAACVF010000156	2	0.371900826446281	0.6518518518518519	1
Csa5gr11_3_CAS-I-A	JAACVF010000152_7	279	162	0.00046	16.8	5790	6626	JAACVF010000152	7	0.3655913978494624	0.6049382716049383	-1
Csf3_1_IVC	JAACVF010000125_3	176	300	0.0004	16.0	3786	4313	JAACVF010000125	3	0.4943181818181818	0.29333333333333333	1
Csf4_0_IVA	JAACVF010000074_3	410	666	0.017	10.0	1367	2596	JAACVF010000074	3	0.15121951219512195	0.09309309309309309	-1
Csf4_0_IVA	JAACVF010000091_4	595	666	7.6e-15	50.8	7810	9594	JAACVF010000091	4	0.42521008403361343	0.3933933933933934	1
Csf4_1_IVA1	JAACVF010000091_4	595	802	1.2e-08	30.0	7810	9594	JAACVF010000091	4	0.5243697478991597	0.36658354114713215	1
Csf4_2_IVA1	JAACVF010000091_4	595	526	6.9e-06	21.3	7810	9594	JAACVF010000091	4	0.8117647058823529	0.8193916349809885	1
Csm3gr7_2_CAS-III-A-III-D	JAACVF010000081_6	238	180	0.00015	18.6	3676	4389	JAACVF010000081	6	0.5126050420168067	0.6	1
Csm6_6_CAS-III	JAACVF010000231_5	103	136	0.002	14.5	1167	1475	JAACVF010000231	5	0.5242718446601942	0.39705882352941174	-1
Csn2_0_CAS-II-C	JAACVF010000173_1	80	328	0.0029	13.2	437	676	JAACVF010000173	1	0.5875	0.13719512195121952	-1
Csn2_11_CAS-II-A	JAACVF010000145_11	474	283	0.0053	12.7	11252	12673	JAACVF010000145	11	0.1350210970464135	0.22968197879858657	1
Csn2_7_CAS-II-A	JAACVF010000041_10	261	372	0.031	9.6	7315	8097	JAACVF010000041	10	0.5210727969348659	0.3736559139784946	1
Csn2_7_CAS-II-A	JAACVF010000147_1	258	372	8.8e-05	18.0	172	945	JAACVF010000147	1	0.3682170542635659	0.2553763440860215	1
Csx1_18_CAS-III	JAACVF010000145_4	647	376	0.00018	17.6	3135	5075	JAACVF010000145	4	0.2117465224111283	0.26595744680851063	1
Csx20_1_CAS-I-III	JAACVF010000180_4	288	125	0.002	15.0	1708	2571	JAACVF010000180	4	0.2743055555555556	0.392	-1
Csx3_2_CAS-I-III	JAACVF010000036_6	109	277	0.007	11.8	4353	4679	JAACVF010000036	6	0.24770642201834864	0.10469314079422383	-1
Csx3_2_CAS-I-III	JAACVF010000044_7	77	277	0.016	10.7	4954	5184	JAACVF010000044	7	0.4805194805194805	0.4404332129963899	1
Csx3_2_CAS-I-III	JAACVF010000066_2	515	277	0.01	11.3	758	2302	JAACVF010000066	2	0.16116504854368932	0.2924187725631769	1
Csx3_2_CAS-I-III	JAACVF010000091_1	1020	277	0.00017	17.1	562	3621	JAACVF010000091	1	0.05784313725490196	0.07581227436823104	-1
Csx3_2_CAS-I-III	JAACVF010000100_8	374	277	0.0091	11.5	5895	7016	JAACVF010000100	8	0.0962566844919786	0.1371841155234657	-1
Csx3_2_CAS-I-III	JAACVF010000122_5	358	277	0.0023	13.4	6001	7074	JAACVF010000122	5	0.08100558659217877	0.10469314079422383	1
CysH_0_IVB	JAACVF010000021_4	285	249	0.0083	12.2	6774	7628	JAACVF010000021	4	0.17192982456140352	0.20080321285140562	-1
CysH_0_IVB	JAACVF010000059_4	228	249	0.0023	14.0	1221	1904	JAACVF010000059	4	0.16228070175438597	0.14056224899598393	1
CysH_0_IVB	JAACVF010000099_5	305	249	0.0015	14.6	3598	4512	JAACVF010000099	5	0.43278688524590164	0.46987951807228917	1
CysH_0_IVB	JAACVF010000182_1	230	249	0.00011	18.3	189	878	JAACVF010000182	1	0.5695652173913044	0.43373493975903615	1
HEAT_CxxC_PDDEXK_0_CAS-I-C	JAACVF010000005_3	203	288	0.0034	12.9	4661	5269	JAACVF010000005	3	0.1625615763546798	0.11458333333333333	1
Mem_02_0_CAS-III-D	JAACVF010000090_6	95	270	0.00015	17.7	4234	4518	JAACVF010000090	6	0.7894736842105263	0.27037037037037037	1
Mem_DnaJ_0_CAS-III-AM	JAACVF010000020_3	156	284	0.0025	13.5	1851	2318	JAACVF010000020	3	0.4551282051282051	0.2746478873239437	1
Mem_DnaJ_0_CAS-III-AM	JAACVF010000171_3	378	284	0.0086	11.8	2629	3762	JAACVF010000171	3	0.1111111111111111	0.15845070422535212	-1
NYN_0_CAS-III-B	JAACVF010000006_14	128	320	0.0015	14.1	10913	11296	JAACVF010000006	14	0.546875	0.203125	1
NYN_0_CAS-III-B	JAACVF010000017_5	215	320	7.8e-07	24.9	4159	4803	JAACVF010000017	5	0.3302325581395349	0.215625	1
PD_DExK_0_CAS-I-II-III-IV-V-VI	JAACVF010000045_5	160	159	1.1e-12	44.6	2381	2860	JAACVF010000045	5	0.84375	0.8490566037735849	-1
PD_DExK_0_CAS-I-II-III-IV-V-VI	JAACVF010000075_8	98	159	2.3e-27	92.2	8330	8623	JAACVF010000075	8	0.9285714285714286	0.5534591194968553	-1
PD_DExK_0_CAS-I-II-III-IV-V-VI	JAACVF010000087_3	101	159	3e-23	78.9	1759	2061	JAACVF010000087	3	0.5346534653465347	0.33962264150943394	1
PD_DExK_0_CAS-I-II-III-IV-V-VI	JAACVF010000130_2	143	159	9.700000000000001e-30	99.9	693	1121	JAACVF010000130	2	0.958041958041958	0.8553459119496856	-1
RecD_0_IVD	JAACVF010000148_15	354	763	2.9e-05	18.7	12413	13474	JAACVF010000148	15	0.12146892655367232	0.057667103538663174	-1
RecD_0_IVD	JAACVF010000153_6	296	763	1.6e-15	52.6	1618	2505	JAACVF010000153	6	0.7567567567567568	0.25688073394495414	1
TPR_0_CAS-III-B	JAACVF010000046_2	368	488	6.6e-13	44.5	859	1962	JAACVF010000046	2	0.3070652173913043	0.23155737704918034	-1
TPR_0_CAS-III-B	JAACVF010000071_12	59	488	6.3e-05	18.2	6992	7168	JAACVF010000071	12	0.9152542372881356	0.11065573770491803	-1
TPR_0_CAS-III-B	JAACVF010000119_5	266	488	1.8e-09	33.2	4866	5663	JAACVF010000119	5	0.2706766917293233	0.14959016393442623	1
TPR_0_CAS-III-B	JAACVF010000119_6	82	488	3.3e-13	45.5	5605	5850	JAACVF010000119	6	0.9146341463414634	0.15368852459016394	1
TPR_0_CAS-III-B	JAACVF010000249_2	59	488	0.00015	16.9	816	992	JAACVF010000249	2	0.8813559322033898	0.10655737704918032	-1
TPR_1_CAS-III-A	JAACVF010000061_4	220	462	1.7e-05	20.0	1854	2513	JAACVF010000061	4	0.6318181818181818	0.15800865800865802	-1
TPR_1_CAS-III-A	JAACVF010000096_2	157	462	1.7e-06	23.3	805	1275	JAACVF010000096	2	0.6050955414012739	0.13852813852813853	1
TPR_1_CAS-III-A	JAACVF010000137_5	226	462	0.00041	15.5	4300	4977	JAACVF010000137	5	0.5442477876106194	0.22077922077922077	1
TPR_1_CAS-III-B	JAACVF010000046_2	368	537	0.00023	16.4	859	1962	JAACVF010000046	2	0.45652173913043476	0.28677839851024206	-1
TPR_1_CAS-III-B	JAACVF010000061_4	220	537	3.1e-06	22.5	1854	2513	JAACVF010000061	4	0.5909090909090909	0.21042830540037244	-1
TPR_1_CAS-III-B	JAACVF010000137_5	226	537	0.0026	12.9	4300	4977	JAACVF010000137	5	0.5	0.09869646182495345	1
WYL_0_CAS-I-II-III-IV-V-VI	JAACVF010000111_2	146	313	0.0027	13.6	1049	1486	JAACVF010000111	2	0.2945205479452055	0.13738019169329074	1
WYL_0_CAS-I-II-III-IV-V-VI	JAACVF010000148_15	354	313	3e-11	39.7	12413	13474	JAACVF010000148	15	0.2231638418079096	0.23961661341853036	-1
WYL_0_CAS-I-II-III-IV-V-VI	JAACVF010000196_3	98	313	0.0007	15.5	916	1209	JAACVF010000196	3	0.6428571428571429	0.2012779552715655	-1
WYL_3_CAS-I-II-III-IV-V-VI	JAACVF010000148_15	354	172	1.2e-07	28.3	12413	13474	JAACVF010000148	15	0.20903954802259886	0.4069767441860465	-1
htpX_0_CAS-III-B	JAACVF010000139_3	342	343	1.3e-16	57.1	1574	2599	JAACVF010000139	3	0.5380116959064327	0.5451895043731778	1
tm_4_0_CAS-VI-B	JAACVF010000094_6	105	225	0.19	8.1	3360	3674	JAACVF010000094	6	0.6666666666666666	0.3111111111111111	-1
