Contig	Start	End	Strand	Pos
JAGGYF010000001	3	2810	1	1
JAGGYF010000001	2850	7124	1	2
JAGGYF010000001	7125	7436	-1	3
JAGGYF010000001	7486	8358	-1	4
JAGGYF010000001	8457	9704	1	5
JAGGYF010000001	9955	11619	-1	6
JAGGYF010000001	11645	12313	-1	7
JAGGYF010000001	12357	12647	-1	8
JAGGYF010000001	12756	12935	1	9
JAGGYF010000001	13018	13479	1	10
JAGGYF010000001	13476	14096	-1	11
JAGGYF010000001	14171	14731	1	12
JAGGYF010000001	14904	15989	1	13
JAGGYF010000001	16108	16968	1	14
JAGGYF010000001	16969	17349	-1	15
JAGGYF010000001	17732	18115	1	16
JAGGYF010000001	18115	18342	1	17
JAGGYF010000001	18450	18560	1	18
JAGGYF010000002	1	645	-1	1
JAGGYF010000002	876	4097	-1	2
JAGGYF010000002	4171	4608	-1	3
JAGGYF010000002	4756	5229	1	4
JAGGYF010000002	5216	5611	-1	5
JAGGYF010000002	5707	6912	1	6
JAGGYF010000002	7053	7727	-1	7
JAGGYF010000002	7721	9013	-1	8
JAGGYF010000002	9137	9721	1	9
JAGGYF010000002	9826	10728	1	10
JAGGYF010000002	10729	11172	1	11
JAGGYF010000002	11164	11523	-1	12
JAGGYF010000002	11886	12107	1	13
JAGGYF010000002	12104	12370	1	14
JAGGYF010000002	12376	13491	-1	15
JAGGYF010000002	13488	14363	-1	16
JAGGYF010000002	14424	14633	1	17
JAGGYF010000002	14630	18157	-1	18
JAGGYF010000002	18226	18708	1	19
JAGGYF010000002	18694	20157	-1	20
JAGGYF010000002	20253	20708	1	21
JAGGYF010000002	20703	21320	-1	22
JAGGYF010000002	21325	21903	-1	23
JAGGYF010000002	21904	22263	-1	24
JAGGYF010000002	22260	22649	-1	25
JAGGYF010000002	22649	22984	-1	26
JAGGYF010000002	22984	23271	-1	27
JAGGYF010000002	23282	23518	-1	28
JAGGYF010000002	23559	23924	-1	29
JAGGYF010000002	23927	24298	-1	30
JAGGYF010000002	24395	25159	1	31
JAGGYF010000002	25292	26164	-1	32
JAGGYF010000002	26164	26577	-1	33
JAGGYF010000002	26736	27035	1	34
JAGGYF010000002	27017	27472	1	35
JAGGYF010000002	27579	28001	-1	36
JAGGYF010000002	27998	28540	-1	37
JAGGYF010000002	28564	29484	-1	38
JAGGYF010000002	29516	30028	-1	39
JAGGYF010000002	30025	30651	-1	40
JAGGYF010000002	30842	31474	-1	41
JAGGYF010000002	31455	32003	-1	42
JAGGYF010000002	32054	32449	-1	43
JAGGYF010000002	32455	32640	-1	44
JAGGYF010000002	32665	43560	-1	45
JAGGYF010000002	43631	51259	-1	46
JAGGYF010000002	51265	54399	-1	47
JAGGYF010000003	1	1881	1	1
JAGGYF010000003	2144	2569	1	2
JAGGYF010000003	2620	3804	1	3
JAGGYF010000003	3801	4313	1	4
JAGGYF010000003	4362	5150	1	5
JAGGYF010000003	5173	5478	-1	6
JAGGYF010000003	5475	5990	-1	7
JAGGYF010000003	5977	7278	-1	8
JAGGYF010000003	7323	7442	-1	9
JAGGYF010000003	7456	7830	-1	10
JAGGYF010000003	8122	12789	1	11
JAGGYF010000003	12782	13363	1	12
JAGGYF010000003	13613	15601	1	13
JAGGYF010000003	15622	16002	1	14
JAGGYF010000003	16019	16186	1	15
JAGGYF010000003	16176	16811	-1	16
JAGGYF010000003	16789	17646	-1	17
JAGGYF010000003	17731	18057	1	18
JAGGYF010000003	18070	18477	1	19
JAGGYF010000003	18470	18904	-1	20
JAGGYF010000003	18905	20131	-1	21
JAGGYF010000003	20204	20659	1	22
JAGGYF010000003	20986	21642	1	23
JAGGYF010000003	21713	26641	1	24
JAGGYF010000003	26652	26792	-1	25
JAGGYF010000003	26843	27601	1	26
JAGGYF010000003	27627	28463	1	27
JAGGYF010000003	28460	29221	-1	28
JAGGYF010000003	29347	29670	1	29
JAGGYF010000003	29650	29892	-1	30
JAGGYF010000003	29903	30325	1	31
JAGGYF010000003	30330	30536	1	32
JAGGYF010000003	30588	31229	1	33
JAGGYF010000003	31218	32660	-1	34
JAGGYF010000003	32675	33694	-1	35
JAGGYF010000003	33691	34596	-1	36
JAGGYF010000003	34593	34820	-1	37
JAGGYF010000003	34858	35955	1	38
JAGGYF010000003	36297	37052	1	39
JAGGYF010000004	9	356	-1	1
JAGGYF010000004	343	1044	-1	2
JAGGYF010000004	1141	2307	1	3
JAGGYF010000004	2337	3140	1	4
JAGGYF010000004	3456	4163	1	5
JAGGYF010000004	4205	4432	-1	6
JAGGYF010000004	4429	4707	-1	7
JAGGYF010000004	4942	5193	1	8
JAGGYF010000005	3	3221	1	1
JAGGYF010000005	3403	4593	1	2
JAGGYF010000005	4643	7324	1	3
JAGGYF010000006	24	671	1	1
JAGGYF010000006	723	1832	1	2
JAGGYF010000006	1876	3741	1	3
JAGGYF010000006	3906	4787	1	4
JAGGYF010000006	4784	5683	1	5
JAGGYF010000007	3	1976	-1	1
JAGGYF010000007	1996	2886	-1	2
JAGGYF010000007	2998	3234	-1	3
JAGGYF010000007	3388	4695	-1	4
JAGGYF010000007	4761	5351	1	5
JAGGYF010000007	5348	5917	1	6
JAGGYF010000007	5907	6485	1	7
JAGGYF010000007	6472	7209	1	8
JAGGYF010000007	7187	8350	1	9
JAGGYF010000007	8347	8925	-1	10
JAGGYF010000007	8966	9247	-1	11
JAGGYF010000007	9247	10092	-1	12
JAGGYF010000007	10102	10848	-1	13
JAGGYF010000007	10845	11570	-1	14
JAGGYF010000007	11570	12145	-1	15
JAGGYF010000007	12152	12490	-1	16
JAGGYF010000007	12502	12792	-1	17
JAGGYF010000007	12838	13248	1	18
JAGGYF010000007	13297	13566	1	19
JAGGYF010000007	14624	15505	-1	20
JAGGYF010000007	15549	16730	1	21
JAGGYF010000007	16727	17458	1	22
JAGGYF010000007	17494	18690	1	23
JAGGYF010000007	18807	21122	1	24
JAGGYF010000007	21188	21619	1	25
JAGGYF010000007	21706	22155	1	26
JAGGYF010000007	22195	22659	1	27
JAGGYF010000007	22706	23143	1	28
JAGGYF010000007	23193	25403	1	29
JAGGYF010000007	25404	26390	1	30
JAGGYF010000007	26390	27334	1	31
JAGGYF010000007	27344	27832	1	32
JAGGYF010000007	27829	28863	1	33
JAGGYF010000007	28868	29521	1	34
JAGGYF010000008	60	278	1	1
JAGGYF010000008	319	1416	1	2
JAGGYF010000008	1403	2158	-1	3
JAGGYF010000008	2188	2448	1	4
JAGGYF010000008	2423	2851	-1	5
JAGGYF010000008	2862	3593	-1	6
JAGGYF010000008	3643	3873	-1	7
JAGGYF010000008	3890	4927	-1	8
JAGGYF010000008	5098	5745	1	9
JAGGYF010000008	5785	6531	1	10
JAGGYF010000008	6528	7403	-1	11
JAGGYF010000008	7587	8030	-1	12
JAGGYF010000008	8214	8390	1	13
JAGGYF010000008	8430	11600	-1	14
JAGGYF010000009	134	520	-1	1
JAGGYF010000009	609	1724	-1	2
JAGGYF010000009	1721	3295	-1	3
JAGGYF010000009	3304	3831	-1	4
JAGGYF010000010	284	1111	-1	1
JAGGYF010000010	1368	1598	1	2
JAGGYF010000010	1599	1853	1	3
JAGGYF010000010	1953	2381	-1	4
JAGGYF010000010	2378	2923	-1	5
JAGGYF010000010	3038	3352	-1	6
JAGGYF010000010	3385	4287	-1	7
JAGGYF010000010	4319	4627	-1	8
JAGGYF010000010	4632	4808	-1	9
JAGGYF010000010	4805	5779	-1	10
JAGGYF010000010	6035	6337	-1	11
JAGGYF010000010	6389	6895	-1	12
JAGGYF010000010	6962	8107	1	13
JAGGYF010000010	8139	8759	1	14
JAGGYF010000010	8796	9098	1	15
JAGGYF010000010	9596	9823	1	16
JAGGYF010000010	9816	10130	1	17
JAGGYF010000010	10242	10547	1	18
JAGGYF010000010	10632	10982	-1	19
JAGGYF010000010	11247	11957	1	20
JAGGYF010000010	11939	13177	-1	21
JAGGYF010000010	13238	13438	-1	22
JAGGYF010000010	13440	14681	-1	23
JAGGYF010000010	14859	15104	1	24
JAGGYF010000011	2	862	1	1
JAGGYF010000011	837	2048	-1	2
JAGGYF010000011	2045	2881	-1	3
JAGGYF010000011	3036	3365	-1	4
JAGGYF010000011	3370	3603	-1	5
JAGGYF010000011	3600	4070	-1	6
JAGGYF010000011	4071	4199	-1	7
JAGGYF010000011	4202	4528	-1	8
JAGGYF010000011	4528	5316	-1	9
JAGGYF010000011	5317	6042	-1	10
JAGGYF010000011	6026	6673	-1	11
JAGGYF010000011	6694	7392	-1	12
JAGGYF010000011	7398	8117	-1	13
JAGGYF010000011	8190	9038	-1	14
JAGGYF010000011	9035	9355	-1	15
JAGGYF010000011	9352	9864	-1	16
JAGGYF010000011	9864	10178	-1	17
JAGGYF010000011	10312	10893	1	18
JAGGYF010000011	10898	11431	1	19
JAGGYF010000011	11428	12315	1	20
JAGGYF010000011	12312	12758	-1	21
JAGGYF010000012	3	536	-1	1
JAGGYF010000012	533	1183	-1	2
JAGGYF010000012	1246	2529	1	3
JAGGYF010000012	2526	3236	1	4
JAGGYF010000012	3226	3636	-1	5
JAGGYF010000012	3641	4798	-1	6
JAGGYF010000012	4795	5307	-1	7
JAGGYF010000012	5316	6353	-1	8
JAGGYF010000012	6448	7128	-1	9
JAGGYF010000012	7186	7677	-1	10
JAGGYF010000012	7733	8383	1	11
JAGGYF010000012	8388	8933	1	12
JAGGYF010000012	8960	9463	1	13
JAGGYF010000012	9451	10524	1	14
JAGGYF010000012	10529	11125	1	15
JAGGYF010000012	11115	11837	-1	16
JAGGYF010000012	11806	13158	-1	17
JAGGYF010000012	13198	13869	1	18
JAGGYF010000012	13879	15030	1	19
JAGGYF010000012	15085	17259	1	20
JAGGYF010000012	17236	18120	-1	21
JAGGYF010000012	18113	19270	-1	22
JAGGYF010000012	19267	19533	-1	23
JAGGYF010000012	19530	20069	-1	24
JAGGYF010000012	20147	20701	-1	25
JAGGYF010000012	20702	21934	-1	26
JAGGYF010000012	21974	22789	1	27
JAGGYF010000012	22767	24284	-1	28
JAGGYF010000012	24285	24578	-1	29
JAGGYF010000012	24579	25493	-1	30
JAGGYF010000012	25613	26725	1	31
JAGGYF010000012	26736	26894	1	32
JAGGYF010000012	26904	27350	1	33
JAGGYF010000012	27382	27684	1	34
JAGGYF010000012	27706	28749	-1	35
JAGGYF010000012	28746	28916	-1	36
JAGGYF010000013	40	306	1	1
JAGGYF010000013	372	632	1	2
JAGGYF010000013	629	1258	1	3
JAGGYF010000013	1408	2043	-1	4
JAGGYF010000013	2048	3115	-1	5
JAGGYF010000013	3162	4343	1	6
JAGGYF010000013	4344	4859	1	7
JAGGYF010000013	4930	5994	-1	8
JAGGYF010000013	6004	8316	-1	9
JAGGYF010000014	2	721	1	1
JAGGYF010000014	731	1504	1	2
JAGGYF010000014	1529	2458	1	3
JAGGYF010000014	2455	6234	-1	4
JAGGYF010000014	6279	6779	-1	5
JAGGYF010000014	6841	7059	1	6
JAGGYF010000014	7060	7932	-1	7
JAGGYF010000014	8086	9843	1	8
JAGGYF010000014	9899	10102	1	9
JAGGYF010000014	10099	10296	-1	10
JAGGYF010000014	10296	11135	-1	11
JAGGYF010000015	1	288	1	1
JAGGYF010000015	393	1397	-1	2
JAGGYF010000015	1431	2342	1	3
JAGGYF010000015	2339	2911	1	4
JAGGYF010000015	3008	4090	1	5
JAGGYF010000015	4077	5195	1	6
JAGGYF010000015	5192	5761	1	7
JAGGYF010000015	5774	6058	1	8
JAGGYF010000015	6064	6237	1	9
JAGGYF010000015	6234	7004	1	10
JAGGYF010000015	7001	7150	1	11
JAGGYF010000015	7147	7920	1	12
JAGGYF010000015	7908	8264	-1	13
JAGGYF010000015	8427	9671	1	14
JAGGYF010000015	9671	10345	1	15
JAGGYF010000015	10312	10731	-1	16
JAGGYF010000015	10697	11734	-1	17
JAGGYF010000015	11786	12319	-1	18
JAGGYF010000015	12340	13188	-1	19
JAGGYF010000015	13197	14462	-1	20
JAGGYF010000015	14492	16000	-1	21
JAGGYF010000015	16006	16287	-1	22
JAGGYF010000015	16310	17158	-1	23
JAGGYF010000015	17346	19682	1	24
JAGGYF010000015	19683	19985	-1	25
JAGGYF010000015	20022	20654	1	26
JAGGYF010000015	20651	20869	1	27
JAGGYF010000015	21179	23617	1	28
JAGGYF010000015	23814	24971	1	29
JAGGYF010000015	24926	25735	1	30
JAGGYF010000015	25710	26807	-1	31
JAGGYF010000015	26804	29707	-1	32
JAGGYF010000015	29753	30436	1	33
JAGGYF010000015	30442	30849	1	34
JAGGYF010000015	30846	32192	1	35
JAGGYF010000015	32203	32733	1	36
JAGGYF010000015	32734	34554	1	37
JAGGYF010000015	34551	35333	1	38
JAGGYF010000015	35330	35791	1	39
JAGGYF010000015	35784	36944	-1	40
JAGGYF010000015	36963	37874	-1	41
JAGGYF010000015	37871	38668	-1	42
JAGGYF010000015	38665	38862	-1	43
JAGGYF010000015	38913	39455	1	44
JAGGYF010000015	39489	39854	1	45
JAGGYF010000015	39930	40652	1	46
JAGGYF010000015	40658	41014	1	47
JAGGYF010000015	41025	41756	1	48
JAGGYF010000015	41753	42547	1	49
JAGGYF010000015	42544	46179	1	50
JAGGYF010000015	46176	46910	1	51
JAGGYF010000015	46910	49951	1	52
JAGGYF010000016	193	759	-1	1
JAGGYF010000016	752	1468	-1	2
JAGGYF010000016	1533	2240	1	3
JAGGYF010000016	2356	3366	-1	4
JAGGYF010000016	3403	4215	1	5
JAGGYF010000016	4212	4679	1	6
JAGGYF010000016	4679	5413	1	7
JAGGYF010000017	89	988	-1	1
JAGGYF010000017	994	1200	-1	2
JAGGYF010000017	1266	2072	-1	3
JAGGYF010000017	2084	3259	-1	4
JAGGYF010000017	3290	3442	-1	5
JAGGYF010000017	3492	3905	-1	6
JAGGYF010000017	3910	4680	-1	7
JAGGYF010000017	4765	5676	1	8
JAGGYF010000017	5682	6671	-1	9
JAGGYF010000017	6722	6919	1	10
JAGGYF010000017	6909	8198	-1	11
JAGGYF010000017	8195	8659	-1	12
JAGGYF010000017	8647	9294	-1	13
JAGGYF010000017	9291	9917	-1	14
JAGGYF010000017	10047	11762	1	15
JAGGYF010000017	11797	11958	1	16
JAGGYF010000017	12000	13136	1	17
JAGGYF010000017	13239	14306	1	18
JAGGYF010000017	14431	15114	1	19
JAGGYF010000017	15098	15811	-1	20
JAGGYF010000017	15808	16038	-1	21
JAGGYF010000017	16039	16533	-1	22
JAGGYF010000017	16530	16835	-1	23
JAGGYF010000017	16904	17293	-1	24
JAGGYF010000017	17302	17979	-1	25
JAGGYF010000018	3	215	1	1
JAGGYF010000018	250	1656	1	2
JAGGYF010000018	1653	1871	-1	3
JAGGYF010000018	1903	2565	-1	4
JAGGYF010000018	2629	3642	1	5
JAGGYF010000018	3639	4562	1	6
JAGGYF010000018	4564	4683	-1	7
JAGGYF010000019	2	850	-1	1
JAGGYF010000019	847	1314	-1	2
JAGGYF010000019	1400	2263	1	3
JAGGYF010000019	2268	3185	1	4
JAGGYF010000019	3175	4395	-1	5
JAGGYF010000020	3	149	1	1
JAGGYF010000020	159	401	-1	2
JAGGYF010000020	421	663	-1	3
JAGGYF010000020	858	1382	-1	4
JAGGYF010000020	1433	3727	1	5
JAGGYF010000020	3708	5825	1	6
JAGGYF010000020	5911	7698	1	7
JAGGYF010000021	1	384	1	1
JAGGYF010000021	582	1793	1	2
JAGGYF010000021	1970	2302	1	3
JAGGYF010000021	2449	3258	1	4
JAGGYF010000021	3356	4273	1	5
JAGGYF010000021	4279	4521	-1	6
JAGGYF010000021	4567	5310	-1	7
JAGGYF010000021	5622	6104	-1	8
JAGGYF010000021	6120	7289	-1	9
JAGGYF010000021	7384	7719	-1	10
JAGGYF010000021	7844	8200	1	11
JAGGYF010000021	8451	10286	1	12
JAGGYF010000021	10307	11239	-1	13
JAGGYF010000021	11335	12819	1	14
JAGGYF010000021	13068	13529	1	15
JAGGYF010000021	13526	13885	-1	16
JAGGYF010000021	14000	14239	1	17
JAGGYF010000021	14249	14671	1	18
JAGGYF010000021	14843	15058	1	19
JAGGYF010000021	15079	15261	-1	20
JAGGYF010000021	15332	15808	-1	21
JAGGYF010000021	15859	17193	1	22
JAGGYF010000021	17199	18494	-1	23
JAGGYF010000021	18584	18937	-1	24
JAGGYF010000021	19181	20269	1	25
JAGGYF010000021	20223	21071	-1	26
JAGGYF010000021	22137	23315	1	27
JAGGYF010000021	23299	23481	-1	28
JAGGYF010000021	23486	23620	-1	29
JAGGYF010000021	23644	24711	-1	30
JAGGYF010000021	24918	25370	1	31
JAGGYF010000021	25648	26670	-1	32
JAGGYF010000021	26682	27710	-1	33
JAGGYF010000021	27754	28362	1	34
JAGGYF010000021	28371	29252	1	35
JAGGYF010000021	29252	30160	1	36
JAGGYF010000021	30202	32274	1	37
JAGGYF010000021	32353	33225	1	38
JAGGYF010000021	33236	34117	1	39
JAGGYF010000021	34152	34724	1	40
JAGGYF010000021	34726	37389	-1	41
JAGGYF010000021	37492	37773	1	42
JAGGYF010000021	37826	38320	1	43
JAGGYF010000021	38353	39648	1	44
JAGGYF010000021	39645	39929	1	45
JAGGYF010000021	39916	40398	-1	46
JAGGYF010000021	40391	40918	-1	47
JAGGYF010000021	40921	41475	-1	48
JAGGYF010000021	41533	42933	-1	49
JAGGYF010000021	42935	44203	-1	50
JAGGYF010000021	44266	45909	-1	51
JAGGYF010000021	46048	46827	1	52
JAGGYF010000021	46808	47131	-1	53
JAGGYF010000021	47070	47195	-1	54
JAGGYF010000021	47192	48034	-1	55
JAGGYF010000021	48039	48815	-1	56
JAGGYF010000021	48851	49555	-1	57
JAGGYF010000021	49560	50387	-1	58
JAGGYF010000021	50433	51662	-1	59
JAGGYF010000021	51730	52347	-1	60
JAGGYF010000021	52352	53725	-1	61
JAGGYF010000021	53722	55452	-1	62
JAGGYF010000021	55433	55729	-1	63
JAGGYF010000021	55726	56850	-1	64
JAGGYF010000021	56847	57413	-1	65
JAGGYF010000021	57418	58383	-1	66
JAGGYF010000021	58380	60344	-1	67
JAGGYF010000021	60350	60661	-1	68
JAGGYF010000021	60715	60834	-1	69
JAGGYF010000021	60900	61727	1	70
JAGGYF010000021	61834	62622	-1	71
JAGGYF010000021	62752	63846	1	72
JAGGYF010000021	63843	64853	1	73
JAGGYF010000021	64858	66084	1	74
JAGGYF010000021	66157	66534	1	75
JAGGYF010000021	66570	67364	1	76
JAGGYF010000021	67366	68526	-1	77
JAGGYF010000021	68531	68800	-1	78
JAGGYF010000021	68840	70060	-1	79
JAGGYF010000021	70050	70277	-1	80
JAGGYF010000021	70267	70647	-1	81
JAGGYF010000021	70644	71819	-1	82
JAGGYF010000021	71888	72199	1	83
JAGGYF010000021	72196	72564	1	84
JAGGYF010000021	72557	73990	-1	85
JAGGYF010000021	74000	74764	-1	86
JAGGYF010000021	74783	75694	-1	87
JAGGYF010000021	75953	77551	1	88
JAGGYF010000021	77573	77833	-1	89
JAGGYF010000021	77838	78089	-1	90
JAGGYF010000022	2	160	-1	1
JAGGYF010000022	250	1008	1	2
JAGGYF010000022	1005	2015	-1	3
JAGGYF010000022	2018	3637	-1	4
JAGGYF010000022	3719	4363	-1	5
JAGGYF010000022	4360	5166	-1	6
JAGGYF010000022	5263	5988	1	7
JAGGYF010000022	5985	6995	-1	8
JAGGYF010000022	7000	7671	-1	9
JAGGYF010000022	7673	8002	-1	10
JAGGYF010000022	8050	8694	-1	11
JAGGYF010000022	8779	10929	1	12
JAGGYF010000022	10926	11342	1	13
JAGGYF010000022	11373	11813	1	14
JAGGYF010000022	11810	12244	1	15
JAGGYF010000022	12246	13322	1	16
JAGGYF010000022	13325	13570	1	17
JAGGYF010000022	13557	14987	1	18
JAGGYF010000022	14984	15343	1	19
JAGGYF010000022	15345	17048	1	20
JAGGYF010000022	17063	17926	1	21
JAGGYF010000022	17949	18965	1	22
JAGGYF010000022	19034	19480	1	23
JAGGYF010000022	19560	20237	1	24
JAGGYF010000022	20377	21021	-1	25
JAGGYF010000022	21340	22668	-1	26
JAGGYF010000022	22665	23939	-1	27
JAGGYF010000022	24068	24718	-1	28
JAGGYF010000022	24767	26002	1	29
JAGGYF010000022	26023	26196	-1	30
JAGGYF010000022	26225	27673	-1	31
JAGGYF010000022	27736	28086	-1	32
JAGGYF010000022	28134	28706	-1	33
JAGGYF010000022	28835	30127	1	34
JAGGYF010000022	30129	32597	1	35
JAGGYF010000022	32594	33664	1	36
JAGGYF010000022	33665	34168	-1	37
JAGGYF010000022	34165	35112	-1	38
JAGGYF010000022	35166	35939	1	39
JAGGYF010000022	35936	37183	1	40
JAGGYF010000022	37183	38190	1	41
JAGGYF010000022	38190	39365	1	42
JAGGYF010000022	39358	39969	-1	43
JAGGYF010000022	40001	41143	-1	44
JAGGYF010000022	41148	42395	-1	45
JAGGYF010000022	42560	43936	1	46
JAGGYF010000022	43936	45078	1	47
JAGGYF010000023	2	3505	-1	1
JAGGYF010000023	3577	3702	-1	2
JAGGYF010000024	161	796	1	1
JAGGYF010000024	796	1350	1	2
JAGGYF010000024	1406	1924	1	3
JAGGYF010000024	1947	2123	1	4
JAGGYF010000024	2407	3045	-1	5
JAGGYF010000024	3042	3956	-1	6
JAGGYF010000024	3953	4753	-1	7
JAGGYF010000024	4808	6187	-1	8
JAGGYF010000024	6192	7655	-1	9
JAGGYF010000024	7758	8972	1	10
JAGGYF010000024	8973	9149	1	11
JAGGYF010000024	9146	10348	1	12
JAGGYF010000024	10353	10754	1	13
JAGGYF010000024	10751	12031	-1	14
JAGGYF010000024	12329	13156	1	15
JAGGYF010000024	13137	14150	1	16
JAGGYF010000024	14147	14410	-1	17
JAGGYF010000024	14480	15412	1	18
JAGGYF010000024	15405	16211	-1	19
JAGGYF010000024	16216	16965	-1	20
JAGGYF010000024	16997	17764	-1	21
JAGGYF010000024	17811	18404	1	22
JAGGYF010000024	18391	19416	-1	23
JAGGYF010000024	19466	20125	1	24
JAGGYF010000024	20122	20307	-1	25
JAGGYF010000024	20304	21032	-1	26
JAGGYF010000025	1	147	1	1
JAGGYF010000025	142	762	-1	2
JAGGYF010000025	763	1191	-1	3
JAGGYF010000025	1221	1604	1	4
JAGGYF010000025	1634	2545	1	5
JAGGYF010000025	2550	3659	1	6
JAGGYF010000025	3644	4459	1	7
JAGGYF010000025	4456	5166	-1	8
JAGGYF010000025	5182	5340	-1	9
JAGGYF010000025	5341	7362	-1	10
JAGGYF010000026	2	151	1	1
JAGGYF010000026	334	1326	1	2
JAGGYF010000026	1382	1666	1	3
JAGGYF010000026	1714	2217	1	4
JAGGYF010000026	2214	2471	1	5
JAGGYF010000026	2468	2806	1	6
JAGGYF010000026	2803	3054	1	7
JAGGYF010000026	3051	3317	1	8
JAGGYF010000026	3314	3784	1	9
JAGGYF010000026	3781	4119	1	10
JAGGYF010000026	4116	5672	1	11
JAGGYF010000026	5672	5998	1	12
JAGGYF010000026	5995	6414	1	13
JAGGYF010000026	6387	6926	1	14
JAGGYF010000026	6923	8128	1	15
JAGGYF010000026	8128	9081	1	16
JAGGYF010000026	9081	9473	1	17
JAGGYF010000026	9460	9897	-1	18
JAGGYF010000026	9936	10583	1	19
JAGGYF010000026	10583	10951	1	20
JAGGYF010000026	10948	11547	-1	21
JAGGYF010000026	11585	12355	-1	22
JAGGYF010000026	12364	12927	-1	23
JAGGYF010000026	12930	13214	-1	24
JAGGYF010000026	13224	13793	-1	25
JAGGYF010000026	13850	14674	1	26
JAGGYF010000026	14698	15516	1	27
JAGGYF010000026	15513	15959	-1	28
JAGGYF010000026	15960	17012	-1	29
JAGGYF010000026	17075	18361	1	30
JAGGYF010000026	18353	20227	-1	31
JAGGYF010000026	20267	21178	1	32
JAGGYF010000026	21170	21559	-1	33
JAGGYF010000026	21556	22830	-1	34
JAGGYF010000026	22827	24191	-1	35
JAGGYF010000026	24197	25513	-1	36
JAGGYF010000026	25549	26451	1	37
JAGGYF010000026	26495	27295	1	38
JAGGYF010000026	27300	28811	1	39
JAGGYF010000026	28814	30439	1	40
JAGGYF010000026	30443	31141	-1	41
JAGGYF010000026	31170	31934	-1	42
JAGGYF010000026	31962	33266	-1	43
JAGGYF010000026	33301	33549	-1	44
JAGGYF010000026	33584	34747	1	45
JAGGYF010000026	34750	34971	1	46
JAGGYF010000026	34972	35253	-1	47
JAGGYF010000026	35312	36010	1	48
JAGGYF010000026	36007	36861	1	49
JAGGYF010000026	36858	37079	-1	50
JAGGYF010000026	37076	37930	-1	51
JAGGYF010000026	38032	38562	1	52
JAGGYF010000026	38552	38797	1	53
JAGGYF010000026	38794	39192	1	54
JAGGYF010000026	39179	39544	1	55
JAGGYF010000026	39527	39916	-1	56
JAGGYF010000026	39921	40103	-1	57
JAGGYF010000026	40117	40308	-1	58
JAGGYF010000026	40364	40933	1	59
JAGGYF010000026	40944	44804	-1	60
JAGGYF010000026	44862	45521	1	61
JAGGYF010000026	45567	46049	-1	62
JAGGYF010000026	46155	46346	1	63
JAGGYF010000026	46407	46661	1	64
JAGGYF010000026	46673	46822	-1	65
JAGGYF010000026	46885	47073	-1	66
JAGGYF010000026	47070	47897	-1	67
JAGGYF010000026	47933	48577	1	68
JAGGYF010000026	48582	50600	-1	69
JAGGYF010000026	50597	52192	-1	70
JAGGYF010000026	52198	52944	-1	71
JAGGYF010000026	53075	54340	-1	72
JAGGYF010000026	54378	54779	-1	73
JAGGYF010000026	54784	55146	-1	74
JAGGYF010000026	55218	56183	1	75
JAGGYF010000026	56180	56770	1	76
JAGGYF010000026	56757	57791	-1	77
JAGGYF010000026	57842	59581	1	78
JAGGYF010000026	59762	60022	-1	79
JAGGYF010000026	60075	60317	1	80
JAGGYF010000026	60322	61560	1	81
JAGGYF010000026	61538	62125	-1	82
JAGGYF010000026	62122	62406	-1	83
JAGGYF010000026	62403	62729	-1	84
JAGGYF010000026	62726	63211	-1	85
JAGGYF010000026	63233	63580	-1	86
JAGGYF010000026	63577	64704	-1	87
JAGGYF010000026	64701	65036	-1	88
JAGGYF010000026	65006	65638	-1	89
JAGGYF010000026	65595	65996	-1	90
JAGGYF010000026	65977	66435	-1	91
JAGGYF010000026	66432	67478	-1	92
JAGGYF010000026	67483	67686	-1	93
JAGGYF010000026	67664	68215	-1	94
JAGGYF010000026	68282	68662	-1	95
JAGGYF010000026	68779	70173	-1	96
JAGGYF010000026	70385	71245	-1	97
JAGGYF010000026	71250	72533	-1	98
JAGGYF010000026	72499	74100	-1	99
JAGGYF010000026	74144	75976	-1	100
JAGGYF010000026	75982	76170	-1	101
JAGGYF010000026	76224	77381	1	102
JAGGYF010000026	77339	78019	1	103
JAGGYF010000026	78012	78737	-1	104
JAGGYF010000026	78724	78936	-1	105
JAGGYF010000026	79315	79668	1	106
JAGGYF010000026	79669	81657	-1	107
JAGGYF010000026	81724	82188	1	108
JAGGYF010000026	82189	83088	-1	109
JAGGYF010000026	83143	83874	1	110
JAGGYF010000026	83904	84257	1	111
JAGGYF010000026	84247	84777	1	112
JAGGYF010000026	84781	85569	1	113
JAGGYF010000026	85573	87069	1	114
JAGGYF010000026	87101	87607	1	115
JAGGYF010000026	87588	87905	1	116
JAGGYF010000027	149	1000	-1	1
JAGGYF010000027	997	1539	-1	2
JAGGYF010000027	1761	2225	1	3
JAGGYF010000027	2381	3610	1	4
JAGGYF010000027	3607	3867	-1	5
JAGGYF010000027	3931	4392	1	6
JAGGYF010000027	4394	4555	1	7
JAGGYF010000027	4629	5333	1	8
JAGGYF010000027	5374	6159	1	9
JAGGYF010000027	6195	6740	1	10
JAGGYF010000027	6745	7422	1	11
JAGGYF010000027	7415	7939	1	12
JAGGYF010000027	7936	8517	1	13
JAGGYF010000027	8563	9114	1	14
JAGGYF010000027	9111	10034	-1	15
JAGGYF010000027	10041	14567	-1	16
JAGGYF010000027	14625	15083	-1	17
JAGGYF010000027	15076	15819	-1	18
JAGGYF010000027	15861	16718	-1	19
JAGGYF010000027	16709	17581	-1	20
JAGGYF010000027	17532	19208	-1	21
JAGGYF010000027	19264	19533	1	22
JAGGYF010000027	19525	19857	-1	23
JAGGYF010000027	19866	22262	-1	24
JAGGYF010000027	22262	23479	-1	25
JAGGYF010000027	23470	23883	-1	26
JAGGYF010000027	23871	24341	-1	27
JAGGYF010000027	24338	25555	-1	28
JAGGYF010000027	25557	26438	-1	29
JAGGYF010000027	26448	28379	-1	30
JAGGYF010000027	28379	28825	-1	31
JAGGYF010000027	28819	29415	-1	32
JAGGYF010000027	29492	29629	1	33
JAGGYF010000027	29630	30328	-1	34
JAGGYF010000027	30392	31066	1	35
JAGGYF010000027	31063	31980	1	36
JAGGYF010000027	32158	33075	1	37
JAGGYF010000027	33058	33774	-1	38
JAGGYF010000027	33753	34340	-1	39
JAGGYF010000027	34397	34981	-1	40
JAGGYF010000027	34978	36849	-1	41
JAGGYF010000027	37286	37435	1	42
JAGGYF010000027	37437	38849	1	43
JAGGYF010000027	38859	39551	1	44
JAGGYF010000027	39538	40224	1	45
JAGGYF010000027	40547	41617	-1	46
JAGGYF010000027	41614	42957	-1	47
JAGGYF010000027	42966	43394	-1	48
JAGGYF010000027	43396	43662	-1	49
JAGGYF010000027	43695	44003	-1	50
JAGGYF010000027	44075	44902	1	51
JAGGYF010000027	44911	46020	1	52
JAGGYF010000027	46054	47022	1	53
JAGGYF010000027	47019	47903	1	54
JAGGYF010000027	47881	49110	1	55
JAGGYF010000027	49111	50346	-1	56
JAGGYF010000027	50343	51017	-1	57
JAGGYF010000027	51017	51625	-1	58
JAGGYF010000027	51618	52292	-1	59
JAGGYF010000027	52282	52704	-1	60
JAGGYF010000027	52676	53284	-1	61
JAGGYF010000027	53330	54157	-1	62
JAGGYF010000027	54194	54556	-1	63
JAGGYF010000027	54547	54984	-1	64
JAGGYF010000027	55099	55500	1	65
JAGGYF010000027	55510	56799	1	66
JAGGYF010000028	1	156	1	1
JAGGYF010000028	134	442	-1	2
JAGGYF010000028	614	910	-1	3
JAGGYF010000028	882	1064	-1	4
JAGGYF010000028	1163	1927	1	5
JAGGYF010000028	1992	2402	1	6
JAGGYF010000028	2399	2935	1	7
JAGGYF010000028	2932	3486	1	8
JAGGYF010000028	3483	4925	1	9
JAGGYF010000028	4961	5515	1	10
JAGGYF010000028	5638	6630	1	11
JAGGYF010000028	6633	7436	1	12
JAGGYF010000028	7426	7674	1	13
JAGGYF010000028	7685	8401	1	14
JAGGYF010000028	8406	8789	1	15
JAGGYF010000028	8794	9228	1	16
JAGGYF010000028	9231	9926	1	17
JAGGYF010000028	9880	10068	1	18
JAGGYF010000028	10065	10370	1	19
JAGGYF010000028	10357	10644	1	20
JAGGYF010000028	10649	10951	1	21
JAGGYF010000028	10948	11346	1	22
JAGGYF010000028	11346	11711	1	23
JAGGYF010000028	11712	12428	1	24
JAGGYF010000028	12421	12930	1	25
JAGGYF010000028	12927	13088	1	26
JAGGYF010000028	13105	13488	1	27
JAGGYF010000028	13498	14034	1	28
JAGGYF010000028	14040	14378	1	29
JAGGYF010000028	14383	14793	1	30
JAGGYF010000028	14803	15318	1	31
JAGGYF010000028	15323	15985	1	32
JAGGYF010000028	15963	16430	1	33
JAGGYF010000028	16440	16835	1	34
JAGGYF010000028	16835	18361	1	35
JAGGYF010000028	18364	18867	1	36
JAGGYF010000028	18872	19081	1	37
JAGGYF010000028	19083	19643	1	38
JAGGYF010000028	19640	19855	1	39
JAGGYF010000028	19858	20748	1	40
JAGGYF010000028	20741	21331	1	41
JAGGYF010000028	21651	21923	1	42
JAGGYF010000028	21923	22267	1	43
JAGGYF010000028	22391	22636	1	44
JAGGYF010000028	22824	25586	1	45
JAGGYF010000028	25593	25772	1	46
JAGGYF010000028	25820	26110	-1	47
JAGGYF010000028	26128	26223	-1	48
JAGGYF010000028	26223	27332	-1	49
JAGGYF010000028	27431	27763	1	50
JAGGYF010000028	27764	28195	1	51
JAGGYF010000028	28200	28562	1	52
JAGGYF010000028	28559	28957	1	53
JAGGYF010000028	28959	29168	1	54
JAGGYF010000028	29165	30409	1	55
JAGGYF010000028	30406	31242	1	56
JAGGYF010000028	31239	31625	1	57
JAGGYF010000028	31694	32383	1	58
JAGGYF010000028	32380	33264	1	59
JAGGYF010000028	33261	34061	1	60
JAGGYF010000028	34058	34891	1	61
JAGGYF010000028	34894	35469	1	62
JAGGYF010000028	35477	37534	1	63
JAGGYF010000028	37542	38246	1	64
JAGGYF010000028	38359	38553	1	65
JAGGYF010000028	38708	39232	1	66
JAGGYF010000028	39243	39848	1	67
JAGGYF010000028	39845	40237	1	68
JAGGYF010000028	40237	41010	1	69
JAGGYF010000028	41408	41704	1	70
JAGGYF010000028	41714	42151	1	71
JAGGYF010000028	42153	42578	1	72
JAGGYF010000028	42583	42777	1	73
JAGGYF010000028	42947	43630	1	74
JAGGYF010000028	43632	44399	1	75
JAGGYF010000028	44450	45403	1	76
JAGGYF010000028	45400	45954	1	77
JAGGYF010000028	45951	46586	1	78
JAGGYF010000028	46583	47791	1	79
JAGGYF010000028	47788	48174	1	80
JAGGYF010000028	48167	49753	1	81
JAGGYF010000028	49758	50276	1	82
JAGGYF010000028	50273	51325	1	83
JAGGYF010000028	51339	52940	1	84
JAGGYF010000028	53033	53386	1	85
JAGGYF010000028	53395	53610	1	86
JAGGYF010000028	53615	53956	1	87
JAGGYF010000028	53953	54594	1	88
JAGGYF010000028	54599	54790	1	89
JAGGYF010000028	54902	56662	1	90
JAGGYF010000028	56659	57066	1	91
JAGGYF010000028	57071	58261	1	92
JAGGYF010000028	58245	58619	1	93
JAGGYF010000028	58632	59216	1	94
JAGGYF010000028	59217	59411	1	95
JAGGYF010000028	59411	59899	1	96
JAGGYF010000028	59896	60240	1	97
JAGGYF010000028	60243	60437	1	98
JAGGYF010000028	60401	61396	1	99
JAGGYF010000028	61386	62492	-1	100
JAGGYF010000028	62919	63596	1	101
JAGGYF010000028	63593	63826	1	102
JAGGYF010000028	63823	64413	1	103
JAGGYF010000028	64448	65101	1	104
JAGGYF010000028	65108	65650	1	105
JAGGYF010000028	65729	66187	1	106
JAGGYF010000028	66184	66303	1	107
JAGGYF010000028	66294	66890	1	108
JAGGYF010000028	66891	67565	1	109
JAGGYF010000028	67603	68292	1	110
JAGGYF010000028	68462	68920	-1	111
JAGGYF010000028	68922	69431	-1	112
JAGGYF010000028	69443	69649	1	113
JAGGYF010000028	69642	70214	-1	114
JAGGYF010000028	70457	71224	1	115
JAGGYF010000028	71233	71736	1	116
JAGGYF010000028	71741	72730	1	117
JAGGYF010000029	141	2066	-1	1
JAGGYF010000029	2078	3079	-1	2
JAGGYF010000029	3060	3983	-1	3
JAGGYF010000029	4007	4522	-1	4
JAGGYF010000029	4512	5222	-1	5
JAGGYF010000030	394	1605	1	1
JAGGYF010000030	1653	2339	1	2
JAGGYF010000030	2352	4754	1	3
JAGGYF010000030	4759	4884	1	4
JAGGYF010000030	4918	5277	1	5
JAGGYF010000030	5210	5932	-1	6
JAGGYF010000030	5929	6249	-1	7
JAGGYF010000030	6231	6542	-1	8
JAGGYF010000030	6547	6957	-1	9
JAGGYF010000030	6954	7382	-1	10
JAGGYF010000030	7372	8196	-1	11
JAGGYF010000030	8196	13256	-1	12
JAGGYF010000030	13411	15171	1	13
JAGGYF010000030	15168	15464	-1	14
JAGGYF010000030	15513	15971	-1	15
JAGGYF010000030	15972	16499	-1	16
JAGGYF010000030	16484	16687	-1	17
JAGGYF010000030	16752	18776	1	18
JAGGYF010000030	18776	19384	1	19
JAGGYF010000030	19444	20598	1	20
JAGGYF010000030	20595	20978	-1	21
JAGGYF010000030	20980	21366	-1	22
JAGGYF010000030	21375	22403	-1	23
JAGGYF010000030	22439	22864	1	24
JAGGYF010000031	1	591	1	1
JAGGYF010000031	591	1226	1	2
JAGGYF010000031	1229	2221	1	3
JAGGYF010000031	2226	5195	1	4
JAGGYF010000031	5204	5977	1	5
JAGGYF010000031	6358	7245	1	6
JAGGYF010000031	7238	8191	1	7
JAGGYF010000031	8191	8754	1	8
JAGGYF010000031	8751	9881	1	9
JAGGYF010000031	9878	10966	1	10
JAGGYF010000031	10966	12489	1	11
JAGGYF010000031	12599	13288	1	12
JAGGYF010000031	13285	13686	1	13
JAGGYF010000031	13667	13903	-1	14
JAGGYF010000031	13913	14326	-1	15
JAGGYF010000031	14369	15238	-1	16
JAGGYF010000031	15216	16472	-1	17
JAGGYF010000031	16462	16986	-1	18
JAGGYF010000031	16991	18307	-1	19
JAGGYF010000031	18338	19288	-1	20
JAGGYF010000031	19293	19727	-1	21
JAGGYF010000031	19729	19989	-1	22
JAGGYF010000031	19964	20650	-1	23
JAGGYF010000031	20634	20975	-1	24
JAGGYF010000031	20987	21172	-1	25
JAGGYF010000031	21178	21498	-1	26
JAGGYF010000031	21491	22000	-1	27
JAGGYF010000031	22096	22446	-1	28
JAGGYF010000031	22507	22788	1	29
JAGGYF010000031	22782	22985	1	30
JAGGYF010000031	22957	23550	1	31
JAGGYF010000031	23764	24108	1	32
JAGGYF010000031	24100	25326	-1	33
JAGGYF010000031	25339	25716	-1	34
JAGGYF010000031	25716	25994	-1	35
JAGGYF010000031	26182	26979	-1	36
JAGGYF010000031	26983	27522	-1	37
JAGGYF010000031	27562	27672	-1	38
JAGGYF010000031	27677	28297	-1	39
JAGGYF010000031	28302	28649	-1	40
JAGGYF010000031	28649	29062	-1	41
JAGGYF010000031	29065	30168	1	42
JAGGYF010000031	30168	31748	1	43
JAGGYF010000031	31741	32949	-1	44
JAGGYF010000031	33022	33192	1	45
JAGGYF010000031	33198	33407	1	46
JAGGYF010000031	33408	34124	1	47
JAGGYF010000031	34146	35339	1	48
JAGGYF010000031	35486	35791	-1	49
JAGGYF010000031	35813	36031	-1	50
JAGGYF010000031	36196	36819	-1	51
JAGGYF010000031	36994	37749	1	52
JAGGYF010000031	37742	38089	-1	53
JAGGYF010000031	38162	38836	1	54
JAGGYF010000031	38859	39548	-1	55
JAGGYF010000031	39597	39806	-1	56
JAGGYF010000031	40095	40364	1	57
JAGGYF010000031	40429	40632	-1	58
JAGGYF010000031	40634	41104	-1	59
JAGGYF010000031	41110	41466	-1	60
JAGGYF010000031	41673	42038	-1	61
JAGGYF010000031	42084	42536	1	62
JAGGYF010000032	3	998	-1	1
JAGGYF010000032	1120	2112	1	2
JAGGYF010000032	2133	2879	-1	3
JAGGYF010000032	2922	3548	-1	4
JAGGYF010000032	3643	4320	1	5
JAGGYF010000032	4431	7070	1	6
JAGGYF010000032	7100	8134	1	7
JAGGYF010000033	3	107	-1	1
JAGGYF010000033	104	730	-1	2
JAGGYF010000033	727	1656	-1	3
JAGGYF010000033	1839	2780	-1	4
JAGGYF010000033	2933	3964	-1	5
JAGGYF010000033	4200	4382	-1	6
JAGGYF010000033	4509	5486	1	7
JAGGYF010000033	5453	5848	-1	8
JAGGYF010000033	5914	7245	1	9
JAGGYF010000033	7242	7778	1	10
JAGGYF010000033	7810	9012	-1	11
JAGGYF010000033	9124	10341	-1	12
JAGGYF010000033	10490	11713	-1	13
JAGGYF010000033	11798	12160	1	14
JAGGYF010000033	12241	13434	-1	15
JAGGYF010000033	13681	15024	1	16
JAGGYF010000033	15040	16311	1	17
JAGGYF010000033	16298	16876	-1	18
JAGGYF010000033	16873	17556	-1	19
JAGGYF010000033	17787	17990	-1	20
JAGGYF010000033	18168	20348	1	21
JAGGYF010000033	20345	21184	1	22
JAGGYF010000033	21195	21431	1	23
JAGGYF010000034	2	2041	-1	1
JAGGYF010000034	2052	3587	-1	2
JAGGYF010000034	3560	4552	-1	3
JAGGYF010000034	4608	5345	1	4
JAGGYF010000034	5358	5573	-1	5
JAGGYF010000034	5579	5692	-1	6
JAGGYF010000034	5673	6143	-1	7
JAGGYF010000034	6140	6976	-1	8
JAGGYF010000034	7023	7511	1	9
JAGGYF010000034	7492	9156	-1	10
JAGGYF010000034	9161	9709	-1	11
JAGGYF010000034	9762	10721	1	12
JAGGYF010000034	10809	11066	1	13
JAGGYF010000034	11067	12098	1	14
JAGGYF010000034	12192	13661	1	15
JAGGYF010000034	13666	18360	1	16
JAGGYF010000034	18361	19146	-1	17
JAGGYF010000034	19155	19526	-1	18
JAGGYF010000034	19622	20818	1	19
JAGGYF010000034	20913	21068	1	20
JAGGYF010000034	21065	21433	-1	21
JAGGYF010000034	21438	22031	-1	22
JAGGYF010000034	22051	24186	-1	23
JAGGYF010000034	24215	24760	1	24
JAGGYF010000034	24937	25164	1	25
JAGGYF010000034	25161	25802	-1	26
JAGGYF010000034	25872	26189	1	27
JAGGYF010000034	26170	27258	-1	28
JAGGYF010000034	27349	28017	1	29
JAGGYF010000034	28079	28687	1	30
JAGGYF010000034	28711	30618	1	31
JAGGYF010000034	30704	31942	1	32
JAGGYF010000034	32047	32301	-1	33
JAGGYF010000034	32473	34053	1	34
JAGGYF010000034	34204	34764	1	35
JAGGYF010000035	3	1781	1	1
JAGGYF010000035	1778	2440	1	2
JAGGYF010000035	2445	14867	1	3
JAGGYF010000035	15081	17900	-1	4
JAGGYF010000035	17905	18054	-1	5
JAGGYF010000035	18051	20765	-1	6
JAGGYF010000035	20802	21086	-1	7
JAGGYF010000035	21083	21349	-1	8
JAGGYF010000035	21358	22059	-1	9
JAGGYF010000035	22077	22763	-1	10
JAGGYF010000035	22802	24505	1	11
JAGGYF010000035	24502	25422	1	12
JAGGYF010000035	25433	25807	1	13
JAGGYF010000035	25838	26629	-1	14
JAGGYF010000035	26639	27331	-1	15
JAGGYF010000035	27396	28262	1	16
JAGGYF010000035	28245	28592	-1	17
JAGGYF010000035	28598	29086	-1	18
JAGGYF010000035	29485	29757	-1	19
JAGGYF010000035	30469	31230	-1	20
JAGGYF010000035	32359	32703	-1	21
JAGGYF010000035	34577	34912	-1	22
JAGGYF010000035	36062	36265	1	23
JAGGYF010000035	36281	37180	-1	24
JAGGYF010000036	3	599	1	1
JAGGYF010000036	657	1487	1	2
JAGGYF010000036	1554	2003	1	3
JAGGYF010000036	2000	3439	1	4
JAGGYF010000036	3480	4136	1	5
JAGGYF010000036	4138	4587	1	6
JAGGYF010000036	5307	5729	1	7
JAGGYF010000036	5726	6178	1	8
JAGGYF010000036	6167	6619	-1	9
JAGGYF010000036	6656	6940	1	10
JAGGYF010000036	7143	7613	1	11
JAGGYF010000036	7649	8710	1	12
JAGGYF010000036	8749	9441	1	13
JAGGYF010000036	9459	10307	1	14
JAGGYF010000036	10295	10792	1	15
JAGGYF010000036	11030	11281	1	16
JAGGYF010000036	11278	11523	1	17
JAGGYF010000036	11590	12618	1	18
JAGGYF010000036	12687	13325	1	19
JAGGYF010000036	13322	13957	1	20
JAGGYF010000036	13967	14869	1	21
JAGGYF010000036	14850	15503	-1	22
JAGGYF010000036	16049	16252	1	23
JAGGYF010000036	16278	16622	-1	24
JAGGYF010000036	16619	16906	-1	25
JAGGYF010000036	17186	17683	1	26
JAGGYF010000036	17665	18426	1	27
JAGGYF010000036	18509	18850	-1	28
JAGGYF010000036	18921	19469	-1	29
JAGGYF010000036	19589	20332	-1	30
JAGGYF010000036	20560	20988	1	31
JAGGYF010000036	21006	21191	-1	32
JAGGYF010000036	21244	22098	1	33
JAGGYF010000036	22079	22435	-1	34
JAGGYF010000036	23209	23445	1	35
JAGGYF010000036	23456	24928	1	36
JAGGYF010000036	24934	26754	1	37
JAGGYF010000036	26766	29402	1	38
JAGGYF010000036	29395	30516	1	39
JAGGYF010000036	30516	30830	1	40
JAGGYF010000036	30839	31231	1	41
JAGGYF010000036	31241	31666	1	42
JAGGYF010000036	31671	32267	1	43
JAGGYF010000036	32278	34473	1	44
JAGGYF010000036	34526	35794	1	45
JAGGYF010000036	35843	36151	1	46
JAGGYF010000037	3	269	1	1
JAGGYF010000037	303	488	1	2
JAGGYF010000037	491	1222	1	3
JAGGYF010000037	1430	4987	1	4
JAGGYF010000037	5009	6106	1	5
JAGGYF010000037	6107	7450	-1	6
JAGGYF010000037	7495	8397	-1	7
JAGGYF010000037	8354	9037	-1	8
JAGGYF010000037	9128	9436	-1	9
JAGGYF010000037	9446	10291	-1	10
JAGGYF010000037	10302	10940	-1	11
JAGGYF010000037	10975	11589	-1	12
JAGGYF010000038	3	1256	1	1
JAGGYF010000038	1253	2314	-1	2
JAGGYF010000038	2488	3111	-1	3
JAGGYF010000038	3112	4008	-1	4
JAGGYF010000038	4121	4270	1	5
JAGGYF010000038	4304	4522	1	6
JAGGYF010000038	4606	6891	1	7
JAGGYF010000038	6894	7937	-1	8
JAGGYF010000038	8025	8498	1	9
JAGGYF010000038	8522	9166	1	10
JAGGYF010000038	9236	9694	1	11
JAGGYF010000038	9699	10097	1	12
JAGGYF010000038	10100	10657	1	13
JAGGYF010000038	10654	11421	1	14
JAGGYF010000038	11438	11674	-1	15
JAGGYF010000038	11757	12932	1	16
JAGGYF010000038	12950	13219	1	17
JAGGYF010000038	13277	14305	1	18
JAGGYF010000038	14306	14845	1	19
JAGGYF010000038	14882	16060	1	20
JAGGYF010000038	16061	16777	1	21
JAGGYF010000038	16779	17870	1	22
JAGGYF010000038	17862	18335	-1	23
JAGGYF010000038	18503	18790	1	24
JAGGYF010000038	18856	19503	1	25
JAGGYF010000038	19493	20113	-1	26
JAGGYF010000038	20153	20959	-1	27
JAGGYF010000038	20961	21413	-1	28
JAGGYF010000038	21473	21940	1	29
JAGGYF010000038	21921	22286	1	30
JAGGYF010000038	22264	23127	-1	31
JAGGYF010000038	23201	23404	1	32
JAGGYF010000038	23406	23579	1	33
JAGGYF010000038	23569	25107	-1	34
JAGGYF010000038	25094	25303	-1	35
JAGGYF010000038	25377	26294	1	36
JAGGYF010000038	26279	27586	-1	37
JAGGYF010000038	27583	28899	-1	38
JAGGYF010000038	28841	29074	-1	39
JAGGYF010000038	29071	29514	-1	40
JAGGYF010000038	29746	30459	-1	41
JAGGYF010000038	30456	33032	-1	42
JAGGYF010000038	33135	33578	1	43
JAGGYF010000038	33570	34466	-1	44
JAGGYF010000038	34500	35132	1	45
JAGGYF010000038	35129	35662	1	46
JAGGYF010000039	113	859	1	1
JAGGYF010000039	819	1337	1	2
JAGGYF010000039	1343	2080	1	3
JAGGYF010000039	2082	2546	1	4
JAGGYF010000039	2551	3375	1	5
JAGGYF010000039	3390	3611	1	6
JAGGYF010000039	3976	4092	-1	7
JAGGYF010000040	275	2470	1	1
JAGGYF010000040	2473	2694	1	2
JAGGYF010000040	2898	3737	1	3
JAGGYF010000040	3922	4641	-1	4
JAGGYF010000040	4842	6902	1	5
JAGGYF010000041	1	1359	1	1
JAGGYF010000041	1354	2844	-1	2
JAGGYF010000041	2895	4139	1	3
JAGGYF010000041	4153	5415	1	4
JAGGYF010000041	5425	5517	1	5
JAGGYF010000041	5514	6443	-1	6
JAGGYF010000041	6518	6934	1	7
JAGGYF010000041	6935	7765	-1	8
JAGGYF010000041	7904	8053	1	9
JAGGYF010000041	8071	8889	1	10
JAGGYF010000041	8941	9093	1	11
JAGGYF010000041	9103	9369	1	12
JAGGYF010000041	9369	9629	1	13
JAGGYF010000041	9631	10434	-1	14
JAGGYF010000041	10450	10851	-1	15
JAGGYF010000041	11001	13352	1	16
JAGGYF010000041	13342	14106	-1	17
JAGGYF010000041	14109	14735	-1	18
JAGGYF010000041	14815	15231	1	19
JAGGYF010000041	15228	16736	1	20
JAGGYF010000041	16795	17883	1	21
JAGGYF010000041	17884	19029	1	22
JAGGYF010000041	19030	19764	1	23
JAGGYF010000041	19757	20266	-1	24
JAGGYF010000041	20263	20871	-1	25
JAGGYF010000041	21224	22855	1	26
JAGGYF010000041	23075	23221	1	27
JAGGYF010000041	23258	23626	-1	28
JAGGYF010000041	23617	24201	-1	29
JAGGYF010000041	24277	25545	1	30
JAGGYF010000041	25542	26348	1	31
JAGGYF010000041	26343	26519	-1	32
JAGGYF010000042	22	930	-1	1
JAGGYF010000042	1341	1499	-1	2
JAGGYF010000042	1552	3687	1	3
JAGGYF010000042	3682	3891	-1	4
JAGGYF010000042	3945	4367	1	5
JAGGYF010000042	4350	4586	-1	6
JAGGYF010000042	4631	6388	-1	7
JAGGYF010000042	6535	7701	-1	8
JAGGYF010000042	7832	8926	1	9
JAGGYF010000042	8932	9606	1	10
JAGGYF010000042	9609	10550	-1	11
JAGGYF010000042	10547	11368	-1	12
JAGGYF010000042	11377	12384	-1	13
JAGGYF010000042	12513	12851	1	14
JAGGYF010000042	12848	13210	1	15
JAGGYF010000042	13200	14078	-1	16
JAGGYF010000042	14075	15556	-1	17
JAGGYF010000042	15816	16349	1	18
JAGGYF010000042	16363	18999	1	19
JAGGYF010000042	19024	19185	1	20
JAGGYF010000042	19234	20976	1	21
JAGGYF010000042	20936	21598	-1	22
JAGGYF010000042	21599	22174	-1	23
JAGGYF010000042	22285	22800	1	24
JAGGYF010000042	22802	23242	1	25
JAGGYF010000042	23275	23781	1	26
JAGGYF010000042	24008	24529	-1	27
JAGGYF010000042	24574	25086	1	28
JAGGYF010000042	25145	25519	1	29
JAGGYF010000042	25521	26012	1	30
JAGGYF010000042	26020	26331	1	31
JAGGYF010000042	26318	26848	1	32
JAGGYF010000042	26947	28827	-1	33
JAGGYF010000042	28827	29387	-1	34
JAGGYF010000042	29421	30176	-1	35
JAGGYF010000042	30229	30423	1	36
JAGGYF010000042	30622	30969	1	37
JAGGYF010000042	30966	31367	1	38
JAGGYF010000042	31372	33120	1	39
JAGGYF010000042	33228	34175	1	40
JAGGYF010000043	3	1268	-1	1
JAGGYF010000043	1367	5491	-1	2
JAGGYF010000043	5526	6989	1	3
JAGGYF010000043	6991	7632	1	4
JAGGYF010000043	7633	8286	-1	5
JAGGYF010000043	8402	9307	1	6
JAGGYF010000043	9392	12178	1	7
JAGGYF010000043	12218	13468	1	8
JAGGYF010000043	13549	15822	-1	9
JAGGYF010000043	15861	18485	-1	10
JAGGYF010000043	18497	19375	-1	11
JAGGYF010000043	19378	20949	-1	12
JAGGYF010000043	21011	21097	1	13
JAGGYF010000044	3	881	-1	1
JAGGYF010000044	1029	1931	-1	2
JAGGYF010000044	1933	2073	-1	3
JAGGYF010000044	2257	2370	1	4
JAGGYF010000044	2802	3509	1	5
JAGGYF010000044	3689	4291	1	6
JAGGYF010000044	4276	4761	1	7
JAGGYF010000044	4764	4901	1	8
JAGGYF010000044	4910	5554	1	9
JAGGYF010000044	5720	5980	-1	10
JAGGYF010000044	6024	6653	-1	11
JAGGYF010000044	6656	7198	-1	12
JAGGYF010000044	7201	7467	-1	13
JAGGYF010000044	7472	7954	-1	14
JAGGYF010000044	7932	8366	-1	15
JAGGYF010000044	8359	8778	-1	16
JAGGYF010000044	8747	8875	-1	17
JAGGYF010000044	9160	9540	1	18
JAGGYF010000044	9572	10018	1	19
JAGGYF010000044	10023	11174	1	20
JAGGYF010000044	11207	11668	1	21
JAGGYF010000044	11673	11990	1	22
JAGGYF010000044	11977	12642	-1	23
JAGGYF010000044	12642	12863	-1	24
JAGGYF010000044	12848	13252	-1	25
JAGGYF010000044	13332	14240	1	26
JAGGYF010000044	14233	15006	1	27
JAGGYF010000044	15003	16325	1	28
JAGGYF010000044	16285	17088	1	29
JAGGYF010000044	17094	18026	1	30
JAGGYF010000044	18108	18383	1	31
JAGGYF010000044	18380	18568	-1	32
JAGGYF010000044	18577	20394	-1	33
JAGGYF010000044	20420	20635	-1	34
JAGGYF010000044	20750	21022	1	35
JAGGYF010000044	21055	21795	1	36
JAGGYF010000044	21800	22216	1	37
JAGGYF010000044	22695	23273	-1	38
JAGGYF010000044	23372	23971	1	39
JAGGYF010000044	24005	25081	1	40
JAGGYF010000044	25085	25582	-1	41
JAGGYF010000044	25628	26614	-1	42
JAGGYF010000044	26680	26847	-1	43
JAGGYF010000044	26849	27604	-1	44
JAGGYF010000044	27605	28546	-1	45
JAGGYF010000044	28619	28915	1	46
JAGGYF010000044	28912	29985	1	47
JAGGYF010000044	29945	31627	-1	48
JAGGYF010000044	31663	32274	-1	49
JAGGYF010000044	32271	32825	-1	50
JAGGYF010000044	32849	33649	-1	51
JAGGYF010000044	33669	34481	-1	52
JAGGYF010000044	34579	36024	1	53
JAGGYF010000044	36024	36566	1	54
JAGGYF010000044	36590	37396	1	55
JAGGYF010000044	37385	38692	-1	56
JAGGYF010000044	38726	38968	-1	57
JAGGYF010000044	39367	40509	1	58
JAGGYF010000044	40513	40734	-1	59
JAGGYF010000044	40737	42215	-1	60
JAGGYF010000044	42301	42486	1	61
JAGGYF010000044	42486	42944	1	62
JAGGYF010000045	1	585	1	1
JAGGYF010000045	572	1204	-1	2
JAGGYF010000045	1457	2827	1	3
JAGGYF010000045	2966	4753	-1	4
JAGGYF010000045	4841	7534	1	5
