Contig	Start	End	Strand	Pos
JAACUZ010000001	86	1438	1	1
JAACUZ010000001	1543	1962	1	2
JAACUZ010000001	2247	2669	1	3
JAACUZ010000001	2804	3049	-1	4
JAACUZ010000001	3570	3800	1	5
JAACUZ010000002	337	3714	-1	1
JAACUZ010000003	791	991	1	1
JAACUZ010000003	1262	1624	1	2
JAACUZ010000003	1767	2009	1	3
JAACUZ010000003	2091	3377	-1	4
JAACUZ010000003	3620	3934	-1	5
JAACUZ010000003	5643	6446	1	6
JAACUZ010000003	7609	8994	1	7
JAACUZ010000004	2	949	1	1
JAACUZ010000004	1066	1278	1	2
JAACUZ010000004	1315	2478	1	3
JAACUZ010000004	2540	2836	1	4
JAACUZ010000004	2884	3324	1	5
JAACUZ010000004	3341	3595	1	6
JAACUZ010000004	3733	3996	1	7
JAACUZ010000004	4115	7657	1	8
JAACUZ010000005	2	193	1	1
JAACUZ010000005	753	1997	1	2
JAACUZ010000005	2033	2896	1	3
JAACUZ010000005	3322	4077	-1	4
JAACUZ010000005	4084	4326	-1	5
JAACUZ010000006	73	372	-1	1
JAACUZ010000006	595	1989	-1	2
JAACUZ010000006	3133	4539	-1	3
JAACUZ010000006	4763	5311	1	4
JAACUZ010000006	5373	5771	1	5
JAACUZ010000006	5829	6221	1	6
JAACUZ010000006	6414	8765	-1	7
JAACUZ010000006	9045	9131	1	8
JAACUZ010000007	1	72	1	1
JAACUZ010000007	713	2122	1	2
JAACUZ010000007	2560	2760	-1	3
JAACUZ010000007	2781	2900	-1	4
JAACUZ010000007	3245	4423	-1	5
JAACUZ010000008	165	944	1	1
JAACUZ010000008	934	1344	1	2
JAACUZ010000008	2015	2920	1	3
JAACUZ010000008	3156	7577	1	4
JAACUZ010000009	112	639	-1	1
JAACUZ010000009	874	1584	1	2
JAACUZ010000009	1565	4258	1	3
JAACUZ010000010	168	1628	-1	1
JAACUZ010000010	2037	3419	1	2
JAACUZ010000010	4138	4713	-1	3
JAACUZ010000010	4726	5388	-1	4
JAACUZ010000010	6421	7128	-1	5
JAACUZ010000010	7173	8012	-1	6
JAACUZ010000010	8017	9585	-1	7
JAACUZ010000010	9602	10027	-1	8
JAACUZ010000010	10042	10158	-1	9
JAACUZ010000010	10602	11597	1	10
JAACUZ010000010	12557	15616	-1	11
JAACUZ010000010	15704	16609	-1	12
JAACUZ010000010	16949	19771	1	13
JAACUZ010000010	19805	23125	1	14
JAACUZ010000010	23215	25278	1	15
JAACUZ010000010	25275	26195	1	16
JAACUZ010000010	26415	27545	1	17
JAACUZ010000010	27586	27951	-1	18
JAACUZ010000010	27944	29818	-1	19
JAACUZ010000010	29862	30089	-1	20
JAACUZ010000010	30272	30565	-1	21
JAACUZ010000010	30910	32064	-1	22
JAACUZ010000010	32460	32615	1	23
JAACUZ010000011	84	371	1	1
JAACUZ010000011	373	1314	1	2
JAACUZ010000011	1286	1474	1	3
JAACUZ010000011	1428	2618	1	4
JAACUZ010000011	2620	3303	1	5
JAACUZ010000011	3357	4055	1	6
JAACUZ010000011	4086	4784	1	7
JAACUZ010000011	4852	5076	1	8
JAACUZ010000011	5037	5150	1	9
JAACUZ010000011	5166	6158	1	10
JAACUZ010000011	7555	9678	1	11
JAACUZ010000011	9726	10412	1	12
JAACUZ010000011	10429	11196	1	13
JAACUZ010000011	11329	11883	1	14
JAACUZ010000011	12011	13780	-1	15
JAACUZ010000011	13816	15567	-1	16
JAACUZ010000011	15721	16392	1	17
JAACUZ010000011	16475	17464	-1	18
JAACUZ010000012	584	1957	1	1
JAACUZ010000012	2671	3279	-1	2
JAACUZ010000012	3340	3492	-1	3
JAACUZ010000012	3519	3767	-1	4
JAACUZ010000012	4519	5241	1	5
JAACUZ010000012	5346	5456	1	6
JAACUZ010000012	5536	5964	1	7
JAACUZ010000012	6014	6646	1	8
JAACUZ010000012	6691	7278	1	9
JAACUZ010000012	7299	7886	1	10
JAACUZ010000012	7967	8332	1	11
JAACUZ010000012	8337	8804	1	12
JAACUZ010000012	8842	9246	1	13
JAACUZ010000012	9309	9767	1	14
JAACUZ010000012	9938	10174	1	15
JAACUZ010000012	10192	11085	-1	16
JAACUZ010000012	11232	13604	1	17
JAACUZ010000012	13763	14995	1	18
JAACUZ010000012	14998	17607	1	19
JAACUZ010000012	17795	17950	1	20
JAACUZ010000012	18427	20385	-1	21
JAACUZ010000012	21278	21919	-1	22
JAACUZ010000012	22085	23062	-1	23
JAACUZ010000012	23175	23258	1	24
JAACUZ010000013	248	1615	-1	1
JAACUZ010000013	1633	2013	-1	2
JAACUZ010000013	2495	3337	1	3
JAACUZ010000013	3725	4108	1	4
JAACUZ010000013	4232	4921	1	5
JAACUZ010000013	4966	5493	1	6
JAACUZ010000013	5527	5682	1	7
JAACUZ010000013	5742	6131	1	8
JAACUZ010000013	6229	6762	1	9
JAACUZ010000013	6815	7600	1	10
JAACUZ010000013	7633	8112	1	11
JAACUZ010000013	8123	8632	1	12
JAACUZ010000013	8636	9487	1	13
JAACUZ010000013	9914	10489	1	14
JAACUZ010000013	10705	12030	-1	15
JAACUZ010000013	12114	12779	1	16
JAACUZ010000013	13003	16707	1	17
JAACUZ010000013	16725	18029	1	18
JAACUZ010000013	18290	18781	-1	19
JAACUZ010000013	18821	20101	-1	20
JAACUZ010000013	20375	22000	-1	21
JAACUZ010000014	486	746	-1	1
JAACUZ010000014	779	1147	-1	2
JAACUZ010000014	1359	1619	-1	3
JAACUZ010000014	1621	1797	-1	4
JAACUZ010000014	1873	2931	-1	5
JAACUZ010000014	2979	3683	-1	6
JAACUZ010000014	3695	4747	-1	7
JAACUZ010000014	4778	5197	-1	8
JAACUZ010000014	5217	5711	-1	9
JAACUZ010000014	5708	5941	-1	10
JAACUZ010000014	5949	6332	-1	11
JAACUZ010000014	6379	7212	-1	12
JAACUZ010000014	7625	7846	-1	13
JAACUZ010000014	7945	8343	-1	14
JAACUZ010000014	8401	9516	-1	15
JAACUZ010000014	9567	11501	-1	16
JAACUZ010000014	11498	12061	-1	17
JAACUZ010000014	12335	13507	1	18
JAACUZ010000014	13564	13887	1	19
JAACUZ010000014	13922	15208	1	20
JAACUZ010000015	10	2502	-1	1
JAACUZ010000015	2465	3244	-1	2
JAACUZ010000015	3251	4219	-1	3
JAACUZ010000015	4206	6116	-1	4
JAACUZ010000016	239	1261	-1	1
JAACUZ010000016	1258	2139	-1	2
JAACUZ010000016	2148	3623	-1	3
JAACUZ010000016	3637	3930	-1	4
JAACUZ010000016	3927	4295	-1	5
JAACUZ010000016	4353	4679	-1	6
JAACUZ010000016	4960	6279	-1	7
JAACUZ010000017	286	867	-1	1
JAACUZ010000017	1097	1405	-1	2
JAACUZ010000017	1867	1986	-1	3
JAACUZ010000017	1986	2273	-1	4
JAACUZ010000017	2454	3137	1	5
JAACUZ010000017	3163	4746	-1	6
JAACUZ010000017	5189	5353	-1	7
JAACUZ010000017	5605	6519	-1	8
JAACUZ010000017	7016	8398	-1	9
JAACUZ010000017	8410	9084	1	10
JAACUZ010000017	9103	10083	-1	11
JAACUZ010000017	10127	10465	-1	12
JAACUZ010000017	10721	11206	-1	13
JAACUZ010000017	11303	14344	1	14
JAACUZ010000017	14672	15502	-1	15
JAACUZ010000017	15519	15758	-1	16
JAACUZ010000018	23	262	-1	1
JAACUZ010000018	300	848	-1	2
JAACUZ010000018	888	2051	-1	3
JAACUZ010000018	2189	2497	-1	4
JAACUZ010000018	3223	4479	1	5
JAACUZ010000018	4500	5204	1	6
JAACUZ010000018	5846	6142	1	7
JAACUZ010000019	420	2387	-1	1
JAACUZ010000019	2467	3510	-1	2
JAACUZ010000019	3643	3816	-1	3
JAACUZ010000019	3959	4531	-1	4
JAACUZ010000019	4777	5361	1	5
JAACUZ010000019	5518	5724	1	6
JAACUZ010000020	233	1372	1	1
JAACUZ010000020	1512	2681	-1	2
JAACUZ010000021	100	462	-1	1
JAACUZ010000021	596	1102	1	2
JAACUZ010000021	1121	1618	-1	3
JAACUZ010000021	1666	2829	-1	4
JAACUZ010000022	1	393	1	1
JAACUZ010000022	427	981	1	2
JAACUZ010000022	1101	2063	1	3
JAACUZ010000022	2084	3283	-1	4
JAACUZ010000022	3358	3771	-1	5
JAACUZ010000022	3828	4280	-1	6
JAACUZ010000022	5113	7137	1	7
JAACUZ010000022	7338	7469	1	8
JAACUZ010000022	8196	8681	1	9
JAACUZ010000023	118	471	1	1
JAACUZ010000023	439	723	-1	2
JAACUZ010000023	1229	2716	-1	3
JAACUZ010000023	2866	3048	-1	4
JAACUZ010000023	3464	3562	-1	5
JAACUZ010000023	3675	4388	1	6
JAACUZ010000023	4390	4932	-1	7
JAACUZ010000023	5026	5388	-1	8
JAACUZ010000023	5544	6011	-1	9
JAACUZ010000024	125	1276	1	1
JAACUZ010000024	1808	2668	-1	2
JAACUZ010000024	2910	3191	-1	3
JAACUZ010000024	3260	3418	-1	4
JAACUZ010000024	3358	3648	-1	5
JAACUZ010000024	3611	3847	-1	6
JAACUZ010000024	3946	4563	-1	7
JAACUZ010000024	4577	5983	-1	8
JAACUZ010000024	6179	6496	-1	9
JAACUZ010000024	6723	7382	1	10
JAACUZ010000024	7448	8176	-1	11
JAACUZ010000025	214	1413	1	1
JAACUZ010000025	1508	3943	-1	2
JAACUZ010000025	4401	5396	1	3
JAACUZ010000026	313	1656	-1	1
JAACUZ010000026	1717	3048	-1	2
JAACUZ010000026	3292	3837	1	3
JAACUZ010000026	3985	4770	1	4
JAACUZ010000026	4835	4924	1	5
JAACUZ010000027	828	2336	-1	1
JAACUZ010000027	2388	4250	-1	2
JAACUZ010000027	4332	4625	-1	3
JAACUZ010000028	29	1138	1	1
JAACUZ010000028	1467	1769	1	2
JAACUZ010000028	2189	3088	-1	3
JAACUZ010000028	3605	3787	1	4
JAACUZ010000028	3795	4730	1	5
JAACUZ010000028	4738	4956	1	6
JAACUZ010000028	5207	7177	1	7
JAACUZ010000028	7197	7766	-1	8
JAACUZ010000028	7918	9882	1	9
JAACUZ010000028	10260	10445	-1	10
JAACUZ010000028	10626	10841	-1	11
JAACUZ010000029	8	2488	-1	1
JAACUZ010000029	2485	3282	-1	2
JAACUZ010000029	3287	4381	-1	3
JAACUZ010000029	4383	6827	-1	4
JAACUZ010000029	7124	8827	-1	5
JAACUZ010000029	9065	9280	1	6
JAACUZ010000030	229	1518	1	1
JAACUZ010000030	1524	2855	-1	2
JAACUZ010000030	3049	3651	-1	3
JAACUZ010000030	3670	4695	-1	4
JAACUZ010000030	4851	6104	-1	5
JAACUZ010000030	6107	8404	-1	6
JAACUZ010000030	8409	8543	-1	7
JAACUZ010000031	276	3470	1	1
JAACUZ010000031	3564	4652	1	2
JAACUZ010000031	4654	5262	1	3
JAACUZ010000031	5250	6215	1	4
JAACUZ010000031	6228	7508	1	5
JAACUZ010000031	7550	8335	1	6
JAACUZ010000031	8327	8488	-1	7
JAACUZ010000032	3	83	-1	1
JAACUZ010000032	276	692	-1	2
JAACUZ010000032	731	919	-1	3
JAACUZ010000032	916	1161	-1	4
JAACUZ010000032	1186	1554	-1	5
JAACUZ010000032	1710	2009	-1	6
JAACUZ010000032	2076	2264	-1	7
JAACUZ010000032	2346	3833	1	8
JAACUZ010000032	4008	4298	1	9
JAACUZ010000032	4295	6025	1	10
JAACUZ010000032	6052	7779	-1	11
JAACUZ010000032	7795	8508	-1	12
JAACUZ010000032	8733	9542	1	13
JAACUZ010000032	9569	10510	1	14
JAACUZ010000032	10596	11255	-1	15
JAACUZ010000032	11699	11974	1	16
JAACUZ010000032	12722	13810	-1	17
JAACUZ010000032	13989	14135	-1	18
JAACUZ010000032	14400	14618	1	19
JAACUZ010000033	3	80	-1	1
JAACUZ010000033	103	2253	-1	2
JAACUZ010000033	2357	3880	-1	3
JAACUZ010000033	3884	6307	-1	4
JAACUZ010000033	7895	8581	-1	5
JAACUZ010000033	9518	10480	-1	6
JAACUZ010000033	10639	10827	1	7
JAACUZ010000033	10948	11490	1	8
JAACUZ010000034	1	1047	-1	1
JAACUZ010000034	1150	1488	-1	2
JAACUZ010000034	1784	2197	-1	3
JAACUZ010000034	2204	2401	-1	4
JAACUZ010000034	2664	3179	1	5
JAACUZ010000034	3373	3825	-1	6
JAACUZ010000034	4100	5749	1	7
JAACUZ010000034	5778	6584	1	8
JAACUZ010000035	594	1370	-1	1
JAACUZ010000035	1785	2786	-1	2
JAACUZ010000035	2863	3504	1	3
JAACUZ010000035	3529	3798	1	4
JAACUZ010000035	3895	5178	-1	5
JAACUZ010000035	5263	6429	1	6
JAACUZ010000035	6588	7271	1	7
JAACUZ010000035	7278	7694	1	8
JAACUZ010000035	7715	8494	1	9
JAACUZ010000035	8637	9416	1	10
JAACUZ010000035	9370	9501	1	11
JAACUZ010000035	9709	10401	1	12
JAACUZ010000035	10435	12294	1	13
JAACUZ010000035	12363	13409	-1	14
JAACUZ010000035	13399	14742	-1	15
JAACUZ010000035	14753	16156	-1	16
JAACUZ010000036	148	861	1	1
JAACUZ010000036	874	1605	1	2
JAACUZ010000036	1613	1993	-1	3
JAACUZ010000036	2322	2558	-1	4
JAACUZ010000036	2500	2805	-1	5
JAACUZ010000036	3107	3268	1	6
JAACUZ010000036	4054	4317	1	7
JAACUZ010000036	4314	4700	1	8
JAACUZ010000036	4956	5672	1	9
JAACUZ010000036	5953	6597	1	10
JAACUZ010000036	6803	7924	1	11
JAACUZ010000036	7977	9047	1	12
JAACUZ010000036	9173	9328	1	13
JAACUZ010000036	9628	11418	1	14
JAACUZ010000036	11650	12375	1	15
JAACUZ010000036	12392	12838	1	16
JAACUZ010000036	12859	13380	1	17
JAACUZ010000036	13382	14224	1	18
JAACUZ010000037	245	1528	1	1
JAACUZ010000037	1570	2568	1	2
JAACUZ010000037	3511	3732	-1	3
JAACUZ010000037	3917	5647	-1	4
JAACUZ010000037	5747	6391	-1	5
JAACUZ010000037	6560	7462	1	6
JAACUZ010000037	7498	7719	1	7
JAACUZ010000037	8095	8865	1	8
JAACUZ010000037	9140	10807	-1	9
JAACUZ010000037	10841	12721	-1	10
JAACUZ010000037	12777	12965	-1	11
JAACUZ010000037	12972	13277	-1	12
JAACUZ010000037	13274	13549	-1	13
JAACUZ010000037	13565	13801	-1	14
JAACUZ010000037	13839	14612	-1	15
JAACUZ010000037	15379	15906	1	16
JAACUZ010000037	15999	16520	1	17
JAACUZ010000037	16687	17778	1	18
JAACUZ010000037	17885	18652	1	19
JAACUZ010000037	18690	19739	1	20
JAACUZ010000037	19832	20020	-1	21
JAACUZ010000037	20066	20419	-1	22
JAACUZ010000037	20554	21294	-1	23
JAACUZ010000037	21291	21539	-1	24
JAACUZ010000037	21689	21922	-1	25
JAACUZ010000037	22062	23570	-1	26
JAACUZ010000037	23812	24273	1	27
JAACUZ010000037	24290	25336	-1	28
JAACUZ010000037	25371	25769	-1	29
JAACUZ010000038	385	1539	1	1
JAACUZ010000038	2019	3134	-1	2
JAACUZ010000038	3222	3605	-1	3
JAACUZ010000038	3687	6059	-1	4
JAACUZ010000038	6357	7253	-1	5
JAACUZ010000039	117	1499	1	1
JAACUZ010000039	1715	1915	1	2
JAACUZ010000039	1958	2227	1	3
JAACUZ010000039	2246	2548	1	4
JAACUZ010000039	2898	5972	-1	5
JAACUZ010000039	6233	7126	-1	6
JAACUZ010000040	342	1265	1	1
JAACUZ010000040	1382	2377	1	2
JAACUZ010000040	2546	3304	-1	3
JAACUZ010000040	3707	3901	1	4
JAACUZ010000040	3940	4728	1	5
JAACUZ010000040	4767	5045	1	6
JAACUZ010000040	5095	5496	-1	7
JAACUZ010000040	6185	7855	-1	8
JAACUZ010000040	8054	8629	-1	9
JAACUZ010000040	8969	9070	-1	10
JAACUZ010000040	9106	9198	-1	11
JAACUZ010000040	9269	9658	-1	12
JAACUZ010000040	9697	9852	-1	13
JAACUZ010000040	10002	11201	-1	14
JAACUZ010000041	561	1382	1	1
JAACUZ010000041	1458	1748	-1	2
JAACUZ010000041	1971	3413	-1	3
JAACUZ010000041	3651	4196	1	4
JAACUZ010000041	4675	4935	-1	5
JAACUZ010000041	5019	5144	-1	6
JAACUZ010000041	5141	5722	-1	7
JAACUZ010000041	5719	5913	-1	8
JAACUZ010000041	5931	6242	-1	9
JAACUZ010000042	3	1019	-1	1
JAACUZ010000042	1192	1677	-1	2
JAACUZ010000042	2086	3036	-1	3
JAACUZ010000042	3608	4597	1	4
JAACUZ010000043	3	851	1	1
JAACUZ010000043	841	1917	1	2
JAACUZ010000043	1980	2816	1	3
JAACUZ010000043	2800	3789	1	4
JAACUZ010000043	3786	4718	1	5
JAACUZ010000043	4757	5374	-1	6
JAACUZ010000043	6355	7680	1	7
JAACUZ010000043	8174	8527	1	8
JAACUZ010000043	8498	8599	-1	9
JAACUZ010000044	169	813	1	1
JAACUZ010000044	894	1730	1	2
JAACUZ010000044	1787	3238	1	3
JAACUZ010000044	3396	4574	-1	4
JAACUZ010000044	5181	5891	-1	5
JAACUZ010000045	162	860	-1	1
JAACUZ010000045	857	1333	-1	2
JAACUZ010000045	1485	1841	-1	3
JAACUZ010000045	2681	3400	1	4
JAACUZ010000045	3879	4115	1	5
JAACUZ010000045	4214	4540	1	6
JAACUZ010000045	4574	5326	1	7
JAACUZ010000045	5417	6124	1	8
JAACUZ010000045	6225	6509	1	9
JAACUZ010000046	2	1207	-1	1
JAACUZ010000046	1257	2396	-1	2
JAACUZ010000046	2383	2805	-1	3
JAACUZ010000046	2802	4565	-1	4
JAACUZ010000047	242	1351	-1	1
JAACUZ010000047	1365	1493	-1	2
JAACUZ010000047	1699	3318	1	3
JAACUZ010000047	3365	3823	1	4
JAACUZ010000047	3793	4113	1	5
JAACUZ010000047	4159	4608	1	6
JAACUZ010000048	3	137	1	1
JAACUZ010000048	335	898	1	2
JAACUZ010000048	876	4547	1	3
JAACUZ010000048	4729	6108	1	4
JAACUZ010000048	6159	6734	1	5
JAACUZ010000048	6772	7554	1	6
JAACUZ010000048	7638	8288	1	7
JAACUZ010000049	241	858	1	1
JAACUZ010000049	873	2162	1	2
JAACUZ010000049	2141	2272	1	3
JAACUZ010000049	2407	2943	1	4
JAACUZ010000049	3079	4116	1	5
JAACUZ010000050	700	1059	-1	1
JAACUZ010000050	1116	1376	-1	2
JAACUZ010000050	1430	2194	1	3
JAACUZ010000050	2297	2479	1	4
JAACUZ010000050	2642	3817	1	5
JAACUZ010000050	3883	5346	1	6
JAACUZ010000050	5368	5907	1	7
JAACUZ010000050	6214	8238	1	8
JAACUZ010000050	8291	8731	1	9
JAACUZ010000050	8867	9916	1	10
JAACUZ010000050	10002	11039	1	11
JAACUZ010000050	11334	11780	1	12
JAACUZ010000050	11838	13061	1	13
JAACUZ010000050	13095	13883	1	14
JAACUZ010000051	1	7062	1	1
JAACUZ010000051	7214	7573	1	2
JAACUZ010000051	7636	9066	1	3
JAACUZ010000051	9280	10293	1	4
JAACUZ010000051	10283	10375	1	5
JAACUZ010000052	2	2272	-1	1
JAACUZ010000052	2787	3290	-1	2
JAACUZ010000052	3469	4698	-1	3
JAACUZ010000052	4800	4997	-1	4
JAACUZ010000052	5027	5524	-1	5
JAACUZ010000052	5927	6247	-1	6
JAACUZ010000052	6255	7070	-1	7
JAACUZ010000052	7521	8237	-1	8
JAACUZ010000052	8241	8852	-1	9
JAACUZ010000052	8881	9015	-1	10
JAACUZ010000052	9219	9845	-1	11
JAACUZ010000052	10092	11021	-1	12
JAACUZ010000052	11234	12319	-1	13
JAACUZ010000052	12554	14797	-1	14
JAACUZ010000053	136	1011	1	1
JAACUZ010000053	1155	6968	1	2
JAACUZ010000053	7183	7281	-1	3
JAACUZ010000053	7260	7529	-1	4
JAACUZ010000053	7622	8173	1	5
JAACUZ010000053	8588	9262	1	6
JAACUZ010000053	9535	10146	-1	7
JAACUZ010000054	2	1741	-1	1
JAACUZ010000054	1774	3045	-1	2
JAACUZ010000054	3423	4169	-1	3
JAACUZ010000054	4171	5193	-1	4
JAACUZ010000054	5434	6171	1	5
JAACUZ010000055	295	735	-1	1
JAACUZ010000055	732	1244	-1	2
JAACUZ010000055	1471	1821	-1	3
JAACUZ010000055	2263	3123	1	4
JAACUZ010000055	3642	4346	1	5
JAACUZ010000055	4866	7001	1	6
JAACUZ010000055	6973	7458	1	7
JAACUZ010000056	175	948	1	1
JAACUZ010000056	995	1804	1	2
JAACUZ010000056	2064	3224	1	3
JAACUZ010000056	3348	3542	1	4
JAACUZ010000057	159	344	1	1
JAACUZ010000057	470	781	1	2
JAACUZ010000057	1179	1922	-1	3
JAACUZ010000057	1994	2245	1	4
JAACUZ010000057	2335	3441	1	5
JAACUZ010000057	4312	4425	1	6
JAACUZ010000058	179	955	-1	1
JAACUZ010000058	1706	2308	1	2
JAACUZ010000058	2323	2472	-1	3
JAACUZ010000058	2626	4314	-1	4
JAACUZ010000059	335	829	1	1
JAACUZ010000059	886	1398	1	2
JAACUZ010000059	1417	2817	1	3
JAACUZ010000060	2	202	1	1
JAACUZ010000060	270	1568	1	2
JAACUZ010000060	1565	1885	1	3
JAACUZ010000060	1848	2927	1	4
JAACUZ010000060	2967	3170	1	5
JAACUZ010000061	353	2947	-1	1
JAACUZ010000061	3345	4142	-1	2
JAACUZ010000061	4500	5624	1	3
JAACUZ010000061	6326	7012	-1	4
JAACUZ010000062	17	385	-1	1
JAACUZ010000062	411	932	1	2
JAACUZ010000062	1150	1620	1	3
JAACUZ010000062	1789	2259	1	4
JAACUZ010000062	2275	3159	-1	5
JAACUZ010000062	3165	3302	-1	6
JAACUZ010000062	3357	5210	-1	7
JAACUZ010000062	5715	6689	-1	8
JAACUZ010000062	6779	7609	1	9
JAACUZ010000063	122	244	1	1
JAACUZ010000063	326	469	1	2
JAACUZ010000063	810	1082	1	3
JAACUZ010000063	1620	3287	-1	4
JAACUZ010000063	3364	4488	-1	5
JAACUZ010000063	4627	6378	1	6
JAACUZ010000063	6863	7720	-1	7
JAACUZ010000063	8242	8457	-1	8
JAACUZ010000063	8854	8988	-1	9
JAACUZ010000063	8999	9802	-1	10
JAACUZ010000063	10011	11066	-1	11
JAACUZ010000063	11105	11959	-1	12
JAACUZ010000063	12024	13055	-1	13
JAACUZ010000063	13315	13884	-1	14
JAACUZ010000063	13943	14818	-1	15
JAACUZ010000063	14815	15678	-1	16
JAACUZ010000064	290	1411	1	1
JAACUZ010000064	1880	2923	-1	2
JAACUZ010000064	3012	3305	1	3
JAACUZ010000064	3455	5176	1	4
JAACUZ010000064	5274	5432	1	5
JAACUZ010000064	5442	5987	1	6
JAACUZ010000064	6000	7010	-1	7
JAACUZ010000064	7178	7303	-1	8
JAACUZ010000065	286	885	1	1
JAACUZ010000065	887	1042	1	2
JAACUZ010000065	1000	1392	1	3
JAACUZ010000065	1463	2875	1	4
JAACUZ010000065	2964	3125	1	5
JAACUZ010000065	3282	3806	1	6
JAACUZ010000065	3897	4028	1	7
JAACUZ010000065	4124	7042	1	8
JAACUZ010000066	17	220	-1	1
JAACUZ010000066	330	1331	1	2
JAACUZ010000066	1386	2978	-1	3
JAACUZ010000066	3268	3483	-1	4
JAACUZ010000067	2	4372	1	1
JAACUZ010000067	4494	4613	1	2
JAACUZ010000068	410	559	1	1
JAACUZ010000068	714	1664	1	2
JAACUZ010000068	2572	3072	1	3
JAACUZ010000068	3500	7444	1	4
JAACUZ010000068	8112	8312	-1	5
JAACUZ010000068	8345	9178	-1	6
JAACUZ010000069	23	949	-1	1
JAACUZ010000069	1591	2190	-1	2
JAACUZ010000069	2252	3361	-1	3
JAACUZ010000069	3619	5226	-1	4
JAACUZ010000070	1	492	1	1
JAACUZ010000070	536	1537	1	2
JAACUZ010000070	1565	1879	1	3
JAACUZ010000070	1892	2464	1	4
JAACUZ010000070	2470	2781	1	5
JAACUZ010000070	2771	3985	1	6
JAACUZ010000070	4000	5472	1	7
JAACUZ010000070	5460	6005	1	8
JAACUZ010000071	1	180	-1	1
JAACUZ010000071	170	1654	-1	2
JAACUZ010000071	1678	1773	-1	3
JAACUZ010000071	2245	2334	1	4
JAACUZ010000071	2351	2602	1	5
JAACUZ010000071	2599	2739	1	6
JAACUZ010000071	2844	4703	1	7
JAACUZ010000071	4791	5528	-1	8
JAACUZ010000071	5671	5973	1	9
JAACUZ010000071	7248	7460	1	10
JAACUZ010000071	7467	7883	1	11
JAACUZ010000071	8000	8746	1	12
JAACUZ010000071	9044	9373	-1	13
JAACUZ010000071	9571	9726	1	14
JAACUZ010000071	10038	11156	-1	15
JAACUZ010000071	11185	11508	-1	16
JAACUZ010000071	11716	11928	1	17
JAACUZ010000071	12012	12113	1	18
JAACUZ010000071	12150	13337	1	19
JAACUZ010000071	13343	14698	-1	20
JAACUZ010000071	16313	17446	-1	21
JAACUZ010000071	18564	19220	-1	22
JAACUZ010000071	19619	20476	-1	23
JAACUZ010000071	20589	21008	1	24
JAACUZ010000071	21030	22280	-1	25
JAACUZ010000071	22812	23264	1	26
JAACUZ010000071	23495	24007	-1	27
JAACUZ010000071	24025	25236	-1	28
JAACUZ010000071	25330	26685	1	29
JAACUZ010000071	27276	27887	1	30
JAACUZ010000071	27947	29875	1	31
JAACUZ010000071	30232	32082	-1	32
JAACUZ010000072	1	195	-1	1
JAACUZ010000072	192	1454	-1	2
JAACUZ010000072	1451	2926	-1	3
JAACUZ010000072	2937	5738	-1	4
JAACUZ010000072	5764	6372	-1	5
JAACUZ010000072	6326	6703	-1	6
JAACUZ010000072	7191	8489	-1	7
JAACUZ010000072	8794	8967	1	8
JAACUZ010000072	9434	10108	-1	9
JAACUZ010000072	10110	11207	-1	10
JAACUZ010000072	11282	11485	-1	11
JAACUZ010000072	11592	13175	-1	12
JAACUZ010000072	13400	13510	1	13
JAACUZ010000072	13578	13865	1	14
JAACUZ010000072	14256	14366	-1	15
JAACUZ010000073	283	1017	1	1
JAACUZ010000073	2513	4105	1	2
JAACUZ010000073	4053	4670	1	3
JAACUZ010000073	4706	6730	1	4
JAACUZ010000073	6715	6876	1	5
JAACUZ010000073	7199	7963	1	6
JAACUZ010000073	7985	8545	1	7
JAACUZ010000073	8583	9257	1	8
JAACUZ010000073	9233	10189	1	9
JAACUZ010000073	10223	10624	1	10
JAACUZ010000073	10633	11643	1	11
JAACUZ010000073	11676	12458	1	12
JAACUZ010000073	12483	13472	1	13
JAACUZ010000074	168	398	-1	1
JAACUZ010000074	417	587	-1	2
JAACUZ010000074	584	814	-1	3
JAACUZ010000074	1263	1730	1	4
JAACUZ010000074	1737	2219	1	5
JAACUZ010000074	2233	3069	1	6
JAACUZ010000074	3603	4160	1	7
JAACUZ010000074	4287	4661	1	8
JAACUZ010000074	5044	5532	1	9
JAACUZ010000074	5592	6011	1	10
JAACUZ010000074	6279	7451	-1	11
JAACUZ010000074	7637	8623	1	12
JAACUZ010000074	8616	9053	1	13
JAACUZ010000074	9050	10084	1	14
JAACUZ010000074	10261	10344	-1	15
JAACUZ010000075	287	1327	1	1
JAACUZ010000075	1707	5156	-1	2
JAACUZ010000075	5556	5759	1	3
JAACUZ010000075	6128	8608	1	4
JAACUZ010000075	8745	9797	1	5
JAACUZ010000075	10660	11670	1	6
JAACUZ010000075	11686	12699	1	7
JAACUZ010000075	12743	16321	-1	8
JAACUZ010000075	16510	17589	1	9
JAACUZ010000075	17836	19101	1	10
JAACUZ010000075	19800	20807	-1	11
JAACUZ010000075	20839	21033	-1	12
JAACUZ010000075	21064	21351	-1	13
JAACUZ010000075	21505	22086	-1	14
JAACUZ010000076	184	744	1	1
JAACUZ010000076	1991	2224	1	2
JAACUZ010000076	2221	2406	1	3
JAACUZ010000076	3206	4396	1	4
JAACUZ010000076	4356	4640	1	5
JAACUZ010000076	4802	6661	-1	6
JAACUZ010000077	437	676	-1	1
JAACUZ010000077	1111	1653	-1	2
JAACUZ010000077	1680	2156	-1	3
JAACUZ010000077	2540	3127	1	4
JAACUZ010000077	3299	3967	1	5
JAACUZ010000077	3979	4902	1	6
JAACUZ010000077	4910	6385	1	7
JAACUZ010000077	7353	8030	1	8
JAACUZ010000077	8095	9099	1	9
JAACUZ010000077	9120	9614	1	10
JAACUZ010000078	626	1810	1	1
JAACUZ010000078	1825	2082	-1	2
JAACUZ010000078	2233	2865	-1	3
JAACUZ010000078	2913	3764	-1	4
JAACUZ010000078	3944	6022	1	5
JAACUZ010000078	6019	7173	1	6
JAACUZ010000078	7291	7581	-1	7
JAACUZ010000078	7946	8434	-1	8
JAACUZ010000078	8540	9907	-1	9
JAACUZ010000079	457	1272	-1	1
JAACUZ010000079	1874	2434	-1	2
JAACUZ010000079	2643	3452	1	3
JAACUZ010000079	3579	4388	-1	4
JAACUZ010000079	4589	4903	1	5
JAACUZ010000079	5024	5284	1	6
JAACUZ010000079	5281	6396	-1	7
JAACUZ010000079	6517	8097	-1	8
JAACUZ010000079	8363	8512	-1	9
JAACUZ010000079	8652	9764	-1	10
JAACUZ010000080	1	468	1	1
JAACUZ010000080	446	844	1	2
JAACUZ010000080	922	1143	1	3
JAACUZ010000080	1188	2636	1	4
JAACUZ010000080	3193	5859	-1	5
JAACUZ010000080	5910	7187	-1	6
JAACUZ010000080	7196	8047	-1	7
JAACUZ010000081	411	1154	-1	1
JAACUZ010000081	1627	2115	-1	2
JAACUZ010000081	2288	2554	-1	3
JAACUZ010000081	2533	2844	-1	4
JAACUZ010000081	2937	3950	-1	5
JAACUZ010000081	4549	5442	1	6
JAACUZ010000082	3	179	1	1
JAACUZ010000082	234	1382	1	2
JAACUZ010000082	1552	1944	1	3
JAACUZ010000082	1974	2489	1	4
JAACUZ010000082	2696	4369	1	5
JAACUZ010000082	5441	6496	1	6
JAACUZ010000082	6787	7875	-1	7
JAACUZ010000083	559	1209	-1	1
JAACUZ010000083	1266	1760	-1	2
JAACUZ010000083	1835	2074	-1	3
JAACUZ010000083	2079	3749	-1	4
JAACUZ010000083	3772	4713	-1	5
JAACUZ010000083	4845	4976	1	6
JAACUZ010000083	4966	5259	-1	7
JAACUZ010000084	91	1785	-1	1
JAACUZ010000084	2066	3808	1	2
JAACUZ010000084	4215	4343	1	3
JAACUZ010000084	4484	4867	-1	4
JAACUZ010000084	4857	5351	-1	5
JAACUZ010000084	5353	6291	-1	6
JAACUZ010000084	6640	7884	-1	7
JAACUZ010000084	8092	8364	1	8
JAACUZ010000084	8342	9595	-1	9
JAACUZ010000084	9942	10064	-1	10
JAACUZ010000084	10066	10194	-1	11
JAACUZ010000084	10315	10674	-1	12
JAACUZ010000084	10781	11392	-1	13
JAACUZ010000084	11416	12966	-1	14
JAACUZ010000085	118	795	-1	1
JAACUZ010000085	1641	1760	1	2
JAACUZ010000085	1762	2145	-1	3
JAACUZ010000085	2235	3449	-1	4
JAACUZ010000085	3900	4397	1	5
JAACUZ010000085	4415	4798	1	6
JAACUZ010000085	5738	6844	-1	7
JAACUZ010000085	7032	8075	1	8
JAACUZ010000085	8070	8411	-1	9
JAACUZ010000085	8990	9247	-1	10
JAACUZ010000085	9350	9637	-1	11
JAACUZ010000085	9711	10058	-1	12
JAACUZ010000085	10065	10274	-1	13
JAACUZ010000085	10311	10997	-1	14
JAACUZ010000085	11000	11536	-1	15
JAACUZ010000085	11548	11967	-1	16
JAACUZ010000085	12019	12738	-1	17
JAACUZ010000085	12794	13042	-1	18
JAACUZ010000085	13049	13723	-1	19
JAACUZ010000085	13879	14856	-1	20
JAACUZ010000085	14963	15937	-1	21
JAACUZ010000085	15992	16357	-1	22
JAACUZ010000085	16357	16830	-1	23
JAACUZ010000085	17158	17628	1	24
JAACUZ010000085	18346	19719	-1	25
JAACUZ010000085	19978	20340	-1	26
JAACUZ010000085	20397	21212	-1	27
JAACUZ010000085	21328	22296	-1	28
JAACUZ010000085	22360	22569	-1	29
JAACUZ010000085	22596	22799	-1	30
JAACUZ010000086	521	3457	1	1
JAACUZ010000086	3613	4362	1	2
JAACUZ010000086	4451	4885	1	3
JAACUZ010000086	6039	6431	1	4
JAACUZ010000086	6593	7924	1	5
JAACUZ010000086	7898	8164	-1	6
JAACUZ010000086	8494	9390	-1	7
JAACUZ010000086	9461	9940	-1	8
JAACUZ010000086	10166	10297	-1	9
JAACUZ010000086	10294	10422	-1	10
JAACUZ010000086	10432	10602	-1	11
JAACUZ010000086	10580	10735	-1	12
JAACUZ010000086	11142	12203	-1	13
JAACUZ010000086	12316	12795	-1	14
JAACUZ010000087	2	82	1	1
JAACUZ010000087	79	468	1	2
JAACUZ010000087	800	1234	1	3
JAACUZ010000087	1280	2248	1	4
JAACUZ010000087	2290	2643	1	5
JAACUZ010000087	2869	5217	1	6
JAACUZ010000087	5269	6099	1	7
JAACUZ010000087	6122	6346	1	8
JAACUZ010000087	6356	6622	1	9
JAACUZ010000087	6778	7542	1	10
JAACUZ010000087	7738	8379	1	11
JAACUZ010000087	8841	10016	1	12
JAACUZ010000087	10166	10396	1	13
JAACUZ010000087	10602	12164	-1	14
JAACUZ010000087	12436	12834	1	15
JAACUZ010000087	13030	13338	1	16
JAACUZ010000087	13388	13942	1	17
JAACUZ010000087	13908	14891	1	18
JAACUZ010000087	15478	18267	1	19
JAACUZ010000087	18636	18740	1	20
JAACUZ010000087	18789	19856	1	21
JAACUZ010000087	19869	22070	1	22
JAACUZ010000087	23341	23973	1	23
JAACUZ010000087	23958	24941	1	24
JAACUZ010000087	25137	26294	-1	25
JAACUZ010000087	26281	26940	-1	26
JAACUZ010000087	26971	27525	-1	27
JAACUZ010000088	339	1334	-1	1
JAACUZ010000088	1377	1787	-1	2
JAACUZ010000088	2414	3295	-1	3
JAACUZ010000088	3671	4312	-1	4
JAACUZ010000088	4329	4967	-1	5
JAACUZ010000088	5058	5402	-1	6
JAACUZ010000088	5444	5755	-1	7
JAACUZ010000088	5928	7007	1	8
JAACUZ010000088	7168	8217	1	9
JAACUZ010000088	8214	8708	1	10
JAACUZ010000088	8890	9030	-1	11
JAACUZ010000088	9290	10204	-1	12
JAACUZ010000088	10556	10738	-1	13
JAACUZ010000088	11276	11731	-1	14
JAACUZ010000088	11787	12227	-1	15
JAACUZ010000088	12296	12970	-1	16
JAACUZ010000088	12982	13287	-1	17
JAACUZ010000088	13502	13729	-1	18
JAACUZ010000088	13909	14235	-1	19
JAACUZ010000088	14278	14607	-1	20
JAACUZ010000088	14630	16141	-1	21
JAACUZ010000088	16419	17387	1	22
JAACUZ010000089	3	653	1	1
JAACUZ010000089	628	1515	-1	2
JAACUZ010000089	1797	2147	1	3
JAACUZ010000089	2424	4100	1	4
JAACUZ010000089	4202	4993	1	5
JAACUZ010000089	5143	7083	1	6
JAACUZ010000089	7255	7521	1	7
JAACUZ010000089	7958	8674	-1	8
JAACUZ010000089	8698	9786	-1	9
JAACUZ010000089	10129	10758	-1	10
JAACUZ010000089	10783	12039	-1	11
JAACUZ010000089	12205	12846	1	12
JAACUZ010000089	13260	14681	1	13
JAACUZ010000089	14993	16981	-1	14
JAACUZ010000089	17352	17771	-1	15
JAACUZ010000089	17921	19249	1	16
JAACUZ010000089	19449	20291	1	17
JAACUZ010000089	20418	20741	1	18
JAACUZ010000089	20994	24260	1	19
JAACUZ010000089	24295	26811	1	20
JAACUZ010000089	26833	27933	1	21
JAACUZ010000089	28047	28337	1	22
JAACUZ010000089	28334	28924	1	23
JAACUZ010000089	28972	29097	1	24
JAACUZ010000089	29307	29405	1	25
JAACUZ010000089	29583	29879	-1	26
JAACUZ010000089	29918	30763	-1	27
JAACUZ010000089	31064	32566	1	28
JAACUZ010000089	32803	33738	1	29
JAACUZ010000089	34104	34208	1	30
JAACUZ010000089	34264	34593	1	31
JAACUZ010000089	34553	34903	1	32
JAACUZ010000089	35027	35167	1	33
JAACUZ010000090	174	956	1	1
JAACUZ010000090	1018	2145	-1	2
JAACUZ010000090	2305	2547	1	3
JAACUZ010000090	2489	3607	1	4
JAACUZ010000090	3828	4775	1	5
JAACUZ010000090	4826	6289	1	6
JAACUZ010000090	6475	6600	-1	7
JAACUZ010000090	6671	6841	-1	8
JAACUZ010000091	111	1103	1	1
JAACUZ010000091	1438	2103	1	2
JAACUZ010000091	2164	2520	1	3
JAACUZ010000091	2533	3387	1	4
JAACUZ010000091	3389	4180	1	5
JAACUZ010000091	4279	5361	1	6
JAACUZ010000091	5559	6878	-1	7
JAACUZ010000092	1	333	1	1
JAACUZ010000092	380	2167	1	2
JAACUZ010000092	2167	2967	1	3
JAACUZ010000092	2960	3793	1	4
JAACUZ010000092	4119	4598	1	5
JAACUZ010000092	4650	4799	1	6
JAACUZ010000092	4881	5759	-1	7
JAACUZ010000092	5832	6515	1	8
JAACUZ010000092	6631	6852	1	9
JAACUZ010000092	7076	7282	1	10
JAACUZ010000092	7245	7721	1	11
JAACUZ010000092	7724	8119	1	12
JAACUZ010000092	8212	8379	1	13
JAACUZ010000092	8407	8847	1	14
JAACUZ010000092	8834	9061	1	15
JAACUZ010000092	9146	10081	1	16
JAACUZ010000092	10094	10477	1	17
JAACUZ010000092	11132	12799	-1	18
JAACUZ010000092	12972	13997	-1	19
JAACUZ010000092	14269	15234	1	20
JAACUZ010000092	15247	15420	-1	21
JAACUZ010000093	142	1236	-1	1
JAACUZ010000093	1334	2245	1	2
JAACUZ010000093	2822	3313	1	3
JAACUZ010000093	3468	4121	1	4
JAACUZ010000093	4316	4960	1	5
JAACUZ010000093	4902	5084	1	6
JAACUZ010000093	5041	5301	1	7
JAACUZ010000093	5404	5934	-1	8
JAACUZ010000093	6013	6243	-1	9
JAACUZ010000093	6477	7877	-1	10
JAACUZ010000094	3	1211	1	1
JAACUZ010000094	1299	1736	1	2
JAACUZ010000094	2056	2703	1	3
JAACUZ010000094	2646	2864	1	4
JAACUZ010000094	2879	3121	1	5
JAACUZ010000094	3123	3683	1	6
JAACUZ010000094	3799	4854	1	7
JAACUZ010000094	4907	5812	1	8
JAACUZ010000094	5897	7033	1	9
JAACUZ010000094	7831	9189	1	10
JAACUZ010000095	1	3138	1	1
JAACUZ010000095	3152	3460	1	2
JAACUZ010000095	3848	4192	-1	3
JAACUZ010000096	240	2009	-1	1
JAACUZ010000096	2175	2507	-1	2
JAACUZ010000096	2978	3649	1	3
JAACUZ010000096	3685	4329	1	4
JAACUZ010000096	4369	4575	1	5
JAACUZ010000096	5303	6397	-1	6
JAACUZ010000096	6435	6680	1	7
JAACUZ010000096	7025	7438	1	8
JAACUZ010000097	327	860	-1	1
JAACUZ010000097	943	3366	-1	2
JAACUZ010000098	247	354	1	1
JAACUZ010000098	818	1045	1	2
JAACUZ010000098	1437	2513	-1	3
JAACUZ010000098	2703	2873	1	4
JAACUZ010000098	3772	4608	1	5
JAACUZ010000098	4618	5370	1	6
JAACUZ010000098	5980	6426	-1	7
JAACUZ010000098	6401	6874	-1	8
JAACUZ010000099	2	1507	1	1
JAACUZ010000099	1613	2896	1	2
JAACUZ010000099	2946	5780	1	3
JAACUZ010000100	1	885	1	1
JAACUZ010000100	1088	1609	1	2
JAACUZ010000100	1854	3104	1	3
JAACUZ010000100	4646	7846	-1	4
JAACUZ010000100	8112	8375	1	5
JAACUZ010000100	8904	9743	1	6
JAACUZ010000100	10312	10530	1	7
JAACUZ010000101	3	482	-1	1
JAACUZ010000101	635	2029	-1	2
JAACUZ010000101	2309	3742	-1	3
JAACUZ010000101	3813	4094	-1	4
JAACUZ010000101	4156	4512	-1	5
JAACUZ010000101	4543	6504	-1	6
JAACUZ010000101	6661	7566	-1	7
JAACUZ010000102	585	1262	-1	1
JAACUZ010000102	1269	1766	-1	2
JAACUZ010000102	1726	2211	-1	3
JAACUZ010000102	2366	2890	1	4
JAACUZ010000102	3256	3963	1	5
JAACUZ010000102	3969	4310	-1	6
JAACUZ010000103	157	750	1	1
JAACUZ010000103	831	3437	1	2
JAACUZ010000103	3430	4062	1	3
JAACUZ010000104	2	3532	1	1
JAACUZ010000104	3619	6138	1	2
JAACUZ010000105	218	1534	1	1
JAACUZ010000105	1477	1569	1	2
JAACUZ010000105	1572	2519	1	3
JAACUZ010000105	2521	3249	1	4
JAACUZ010000105	3221	5449	1	5
JAACUZ010000106	2	241	-1	1
JAACUZ010000106	407	4030	-1	2
JAACUZ010000106	4011	4901	-1	3
JAACUZ010000106	5051	5476	-1	4
JAACUZ010000107	246	611	1	1
JAACUZ010000107	873	1979	-1	2
JAACUZ010000107	2032	2970	-1	3
JAACUZ010000107	3049	3408	-1	4
JAACUZ010000107	3409	3681	-1	5
JAACUZ010000107	4504	5478	1	6
JAACUZ010000107	5777	6172	1	7
JAACUZ010000107	6211	6312	1	8
JAACUZ010000108	102	2030	1	1
JAACUZ010000108	2130	2351	1	2
JAACUZ010000108	2389	4875	1	3
JAACUZ010000109	3	1043	-1	1
JAACUZ010000109	1118	4813	-1	2
JAACUZ010000109	4845	5468	-1	3
JAACUZ010000110	3	287	-1	1
JAACUZ010000110	290	1474	-1	2
JAACUZ010000110	1740	2933	1	3
JAACUZ010000110	2940	4094	-1	4
JAACUZ010000110	4279	5298	-1	5
JAACUZ010000110	6081	6197	-1	6
JAACUZ010000110	6194	6712	-1	7
JAACUZ010000110	6709	6918	-1	8
JAACUZ010000111	520	2118	-1	1
JAACUZ010000111	2296	2826	1	2
JAACUZ010000111	2871	5006	-1	3
JAACUZ010000112	309	566	1	1
JAACUZ010000112	638	1015	1	2
JAACUZ010000112	1244	1558	1	3
JAACUZ010000112	1849	2016	1	4
JAACUZ010000112	2269	2418	1	5
JAACUZ010000112	2486	2974	1	6
JAACUZ010000112	3071	4384	1	7
JAACUZ010000112	4377	5318	1	8
JAACUZ010000112	5357	5686	1	9
JAACUZ010000112	5699	6010	1	10
JAACUZ010000113	2	106	-1	1
JAACUZ010000113	504	1898	1	2
JAACUZ010000113	1853	2320	1	3
JAACUZ010000113	2324	3379	-1	4
JAACUZ010000113	3417	3878	-1	5
JAACUZ010000114	425	607	-1	1
JAACUZ010000114	664	2322	-1	2
JAACUZ010000114	2346	3638	-1	3
JAACUZ010000114	3645	4016	-1	4
JAACUZ010000115	468	3485	-1	1
JAACUZ010000116	433	1008	1	1
JAACUZ010000116	1912	2568	-1	2
JAACUZ010000116	2620	3000	-1	3
JAACUZ010000116	3164	3784	-1	4
JAACUZ010000116	3903	5000	-1	5
JAACUZ010000117	1102	1770	-1	1
JAACUZ010000117	2093	3526	1	2
JAACUZ010000117	3552	4892	1	3
JAACUZ010000117	4916	5059	1	4
JAACUZ010000117	5116	5427	1	5
JAACUZ010000117	5446	6558	1	6
JAACUZ010000118	297	527	-1	1
JAACUZ010000118	831	1259	-1	2
JAACUZ010000118	1484	2419	-1	3
JAACUZ010000118	2945	4540	1	4
JAACUZ010000118	4708	4806	-1	5
JAACUZ010000118	4975	6183	1	6
JAACUZ010000118	6791	8245	-1	7
JAACUZ010000118	9146	10507	1	8
JAACUZ010000118	10593	11408	1	9
JAACUZ010000118	12159	14195	1	10
JAACUZ010000118	14412	15620	1	11
JAACUZ010000118	15707	15886	-1	12
JAACUZ010000118	16009	16929	-1	13
JAACUZ010000118	17174	18088	-1	14
JAACUZ010000118	18251	18595	-1	15
JAACUZ010000118	18794	19441	-1	16
JAACUZ010000118	19462	21144	-1	17
JAACUZ010000119	757	1104	1	1
JAACUZ010000119	1118	1495	1	2
JAACUZ010000119	2131	2886	1	3
JAACUZ010000119	2894	4114	1	4
JAACUZ010000119	4144	4326	1	5
JAACUZ010000119	4286	4648	1	6
JAACUZ010000119	4834	5349	1	7
JAACUZ010000119	6086	6244	1	8
JAACUZ010000119	6291	6980	1	9
JAACUZ010000119	7002	7256	1	10
JAACUZ010000119	7458	7985	1	11
JAACUZ010000120	1	219	1	1
JAACUZ010000120	284	973	1	2
JAACUZ010000120	1019	1159	1	3
JAACUZ010000120	1282	1941	1	4
JAACUZ010000120	1947	2081	1	5
JAACUZ010000120	2048	3055	1	6
JAACUZ010000120	3058	4179	-1	7
JAACUZ010000120	4312	5133	-1	8
JAACUZ010000120	5160	6077	-1	9
JAACUZ010000120	6154	6372	-1	10
JAACUZ010000120	6499	6615	1	11
JAACUZ010000120	7010	9016	1	12
JAACUZ010000120	9096	10484	1	13
JAACUZ010000120	10530	12119	1	14
JAACUZ010000120	12182	12673	1	15
JAACUZ010000120	12675	13097	1	16
JAACUZ010000120	13204	14469	1	17
JAACUZ010000121	3	404	1	1
JAACUZ010000121	371	550	1	2
JAACUZ010000121	984	1085	1	3
JAACUZ010000121	1348	2130	-1	4
JAACUZ010000121	2234	3931	1	5
JAACUZ010000121	3970	4068	1	6
JAACUZ010000121	4284	6047	1	7
JAACUZ010000121	6893	7429	1	8
JAACUZ010000121	7463	8251	-1	9
JAACUZ010000121	8373	8990	1	10
JAACUZ010000121	9194	10165	-1	11
JAACUZ010000121	10277	10813	1	12
JAACUZ010000121	10989	11303	1	13
JAACUZ010000121	11470	12279	1	14
JAACUZ010000121	12299	12607	1	15
JAACUZ010000121	12594	12728	1	16
JAACUZ010000121	12908	13702	1	17
JAACUZ010000121	13735	14607	1	18
JAACUZ010000121	14778	14936	1	19
JAACUZ010000122	3	293	1	1
JAACUZ010000123	300	455	1	1
JAACUZ010000123	534	689	1	2
JAACUZ010000123	836	1585	1	3
JAACUZ010000123	2411	3097	1	4
JAACUZ010000123	3309	4187	1	5
JAACUZ010000123	4300	4518	1	6
JAACUZ010000123	5239	5742	-1	7
JAACUZ010000123	5882	6535	-1	8
JAACUZ010000123	6597	7601	1	9
JAACUZ010000123	7708	7878	-1	10
JAACUZ010000123	8489	8605	1	11
JAACUZ010000123	8847	9089	1	12
JAACUZ010000123	9090	9440	1	13
JAACUZ010000123	9533	10162	1	14
JAACUZ010000123	10280	10771	1	15
JAACUZ010000124	207	1325	-1	1
JAACUZ010000124	1502	2047	-1	2
JAACUZ010000124	2661	3794	-1	3
JAACUZ010000124	3873	5342	1	4
JAACUZ010000124	5376	5735	-1	5
JAACUZ010000124	5786	6094	-1	6
JAACUZ010000124	6385	7113	-1	7
JAACUZ010000124	7228	8670	-1	8
JAACUZ010000124	8808	10271	1	9
JAACUZ010000124	10281	11417	-1	10
JAACUZ010000124	11414	13642	-1	11
JAACUZ010000124	13725	14882	-1	12
JAACUZ010000124	14886	15935	-1	13
JAACUZ010000124	15932	17011	-1	14
JAACUZ010000124	17008	17301	-1	15
JAACUZ010000124	17294	18571	-1	16
JAACUZ010000124	18573	19874	-1	17
JAACUZ010000124	19871	20032	-1	18
JAACUZ010000125	1	1290	1	1
JAACUZ010000125	1471	1707	-1	2
JAACUZ010000125	2150	2857	1	3
JAACUZ010000125	2899	3711	-1	4
JAACUZ010000125	3775	4665	1	5
JAACUZ010000125	4839	5180	1	6
JAACUZ010000125	5213	5605	1	7
JAACUZ010000125	5707	5895	1	8
JAACUZ010000125	6224	6685	1	9
JAACUZ010000125	6934	8631	-1	10
JAACUZ010000125	8801	8950	-1	11
JAACUZ010000125	9008	10345	1	12
JAACUZ010000125	10369	11106	1	13
JAACUZ010000125	11103	11486	1	14
JAACUZ010000125	11453	11638	1	15
JAACUZ010000125	12007	12171	1	16
JAACUZ010000126	325	1044	-1	1
JAACUZ010000126	1519	2277	1	2
JAACUZ010000126	2356	3435	1	3
JAACUZ010000126	3736	3966	1	4
JAACUZ010000126	3989	4309	1	5
JAACUZ010000126	4376	6364	-1	6
JAACUZ010000126	6508	9285	1	7
JAACUZ010000126	9363	10613	1	8
JAACUZ010000126	11590	11883	1	9
JAACUZ010000126	11957	12118	1	10
JAACUZ010000126	13005	13778	1	11
JAACUZ010000126	14341	14553	1	12
JAACUZ010000127	689	4009	-1	1
JAACUZ010000127	4705	4878	-1	2
JAACUZ010000127	5214	5450	1	3
JAACUZ010000127	5936	7129	1	4
JAACUZ010000127	7300	7836	-1	5
JAACUZ010000127	7870	8580	-1	6
JAACUZ010000127	9025	10350	-1	7
JAACUZ010000127	10550	10987	-1	8
JAACUZ010000128	291	1028	1	1
JAACUZ010000128	1085	1327	1	2
JAACUZ010000128	1424	1675	1	3
JAACUZ010000128	1836	2204	1	4
JAACUZ010000128	2210	2782	1	5
JAACUZ010000129	1	978	-1	1
JAACUZ010000129	1010	1765	-1	2
JAACUZ010000129	2327	3415	-1	3
JAACUZ010000130	127	528	-1	1
JAACUZ010000130	759	1736	1	2
JAACUZ010000130	1970	2365	1	3
JAACUZ010000130	2442	2669	1	4
JAACUZ010000130	3191	5476	-1	5
JAACUZ010000131	1	204	1	1
JAACUZ010000131	430	1425	-1	2
JAACUZ010000131	1661	2194	1	3
JAACUZ010000131	2236	3015	-1	4
JAACUZ010000131	3585	5540	-1	5
JAACUZ010000132	167	760	1	1
JAACUZ010000132	757	2301	1	2
JAACUZ010000132	2318	2824	1	3
JAACUZ010000133	964	2235	-1	1
JAACUZ010000133	2290	2904	1	2
JAACUZ010000133	2992	3840	-1	3
JAACUZ010000133	3930	4079	1	4
JAACUZ010000133	4296	4772	1	5
JAACUZ010000134	2	79	1	1
JAACUZ010000134	373	933	1	2
JAACUZ010000134	926	1471	1	3
JAACUZ010000134	1473	1652	1	4
JAACUZ010000134	1747	2646	1	5
JAACUZ010000134	2964	3038	-1	6
JAACUZ010000135	244	1050	-1	1
JAACUZ010000135	1077	1343	-1	2
JAACUZ010000135	1386	2009	-1	3
JAACUZ010000135	2446	2916	1	4
JAACUZ010000135	3425	3817	1	5
JAACUZ010000135	3820	4173	-1	6
JAACUZ010000135	4214	4963	-1	7
JAACUZ010000135	5086	5481	1	8
JAACUZ010000136	411	698	1	1
JAACUZ010000136	749	1726	1	2
JAACUZ010000136	1732	2379	-1	3
JAACUZ010000136	2383	2955	-1	4
JAACUZ010000137	3	104	1	1
JAACUZ010000137	121	804	-1	2
JAACUZ010000137	798	977	-1	3
JAACUZ010000137	1853	2161	-1	4
JAACUZ010000137	2169	3485	-1	5
JAACUZ010000137	3610	5811	-1	6
JAACUZ010000137	5876	6487	-1	7
JAACUZ010000138	3	728	-1	1
JAACUZ010000138	1193	1348	-1	2
JAACUZ010000138	1415	2041	-1	3
JAACUZ010000138	2016	3104	-1	4
JAACUZ010000138	3101	3625	-1	5
JAACUZ010000138	3684	4421	1	6
JAACUZ010000138	4767	5060	1	7
JAACUZ010000139	116	1414	1	1
JAACUZ010000139	1426	2424	1	2
JAACUZ010000139	2435	2965	-1	3
JAACUZ010000139	3284	4036	1	4
JAACUZ010000139	4226	4426	-1	5
JAACUZ010000140	144	1337	-1	1
JAACUZ010000140	1778	2665	-1	2
JAACUZ010000141	145	1149	1	1
JAACUZ010000141	1268	2443	1	2
JAACUZ010000141	2620	2772	1	3
JAACUZ010000142	265	1746	1	1
JAACUZ010000142	1832	2857	1	2
JAACUZ010000143	138	281	1	1
JAACUZ010000143	294	383	1	2
JAACUZ010000143	445	1401	1	3
JAACUZ010000143	1631	2854	-1	4
JAACUZ010000144	2	145	1	1
JAACUZ010000144	172	492	1	2
JAACUZ010000144	609	890	1	3
JAACUZ010000144	892	3237	1	4
JAACUZ010000144	3297	3392	1	5
JAACUZ010000145	2	511	1	1
JAACUZ010000145	1548	2642	1	2
JAACUZ010000145	2646	2816	1	3
JAACUZ010000146	1	4551	1	1
JAACUZ010000147	1	414	1	1
JAACUZ010000147	523	1944	-1	2
JAACUZ010000147	2827	2961	-1	3
JAACUZ010000147	3323	4204	-1	4
JAACUZ010000147	4324	5250	-1	5
JAACUZ010000147	5486	5707	1	6
JAACUZ010000147	5739	5912	1	7
JAACUZ010000147	5971	6504	1	8
JAACUZ010000148	453	1682	1	1
JAACUZ010000148	2582	3493	-1	2
JAACUZ010000148	3511	3933	-1	3
JAACUZ010000148	4078	5091	1	4
JAACUZ010000148	5363	6574	1	5
JAACUZ010000149	360	3899	1	1
JAACUZ010000149	3993	4787	1	2
JAACUZ010000150	231	425	-1	1
JAACUZ010000150	609	2618	-1	2
JAACUZ010000151	312	1268	-1	1
JAACUZ010000151	1287	2378	-1	2
JAACUZ010000151	3197	3904	-1	3
JAACUZ010000151	4144	4575	-1	4
JAACUZ010000151	4636	5265	1	5
JAACUZ010000151	5384	5920	1	6
JAACUZ010000152	182	1258	1	1
JAACUZ010000152	1297	1968	-1	2
JAACUZ010000153	185	1327	1	1
JAACUZ010000153	1372	1827	1	2
JAACUZ010000153	1968	2294	1	3
JAACUZ010000154	592	1464	1	1
JAACUZ010000154	1434	1865	-1	2
JAACUZ010000154	1982	2272	-1	3
JAACUZ010000155	2	244	-1	1
JAACUZ010000155	532	1539	-1	2
JAACUZ010000155	1521	1808	-1	3
JAACUZ010000155	2190	2462	-1	4
JAACUZ010000156	2	106	1	1
JAACUZ010000156	200	1348	1	2
JAACUZ010000156	1767	2324	1	3
JAACUZ010000156	2378	2461	-1	4
JAACUZ010000157	1	60	-1	1
JAACUZ010000157	81	173	-1	2
JAACUZ010000157	233	1072	1	3
JAACUZ010000157	1052	1945	-1	4
JAACUZ010000157	1942	2445	-1	5
JAACUZ010000158	63	929	-1	1
JAACUZ010000158	1136	1414	-1	2
JAACUZ010000158	1637	2257	-1	3
JAACUZ010000158	2388	3440	1	4
JAACUZ010000158	3710	3946	1	5
JAACUZ010000159	310	468	-1	1
JAACUZ010000159	476	1981	-1	2
JAACUZ010000159	1998	2846	-1	3
JAACUZ010000159	3361	4242	-1	4
JAACUZ010000159	4203	4484	-1	5
JAACUZ010000160	229	1398	-1	1
JAACUZ010000160	1410	2192	-1	2
JAACUZ010000161	290	886	1	1
JAACUZ010000161	918	2240	1	2
JAACUZ010000162	514	2070	-1	1
JAACUZ010000162	2206	2934	1	2
JAACUZ010000163	65	424	-1	1
JAACUZ010000163	546	1307	1	2
JAACUZ010000163	1319	2062	1	3
JAACUZ010000164	68	2032	-1	1
JAACUZ010000165	228	1883	-1	1
JAACUZ010000166	37	672	1	1
JAACUZ010000166	703	1722	1	2
JAACUZ010000166	1970	2194	1	3
JAACUZ010000167	256	663	1	1
JAACUZ010000167	683	1717	1	2
JAACUZ010000168	2	103	1	1
JAACUZ010000168	121	1002	1	2
JAACUZ010000168	999	2066	1	3
JAACUZ010000168	2107	2829	1	4
JAACUZ010000169	372	2069	-1	1
JAACUZ010000170	2	427	1	1
JAACUZ010000170	609	1370	1	2
JAACUZ010000170	1383	1922	-1	3
JAACUZ010000171	399	842	1	1
JAACUZ010000171	815	1996	1	2
JAACUZ010000171	2187	2429	1	3
JAACUZ010000172	320	838	-1	1
JAACUZ010000172	866	1291	-1	2
JAACUZ010000172	1341	1727	-1	3
JAACUZ010000172	1790	2653	-1	4
JAACUZ010000172	2700	3374	-1	5
JAACUZ010000172	3539	3616	-1	6
JAACUZ010000173	55	276	1	1
JAACUZ010000173	390	2084	-1	2
JAACUZ010000174	2	1201	1	1
JAACUZ010000174	1221	1829	1	2
JAACUZ010000175	193	669	1	1
JAACUZ010000175	774	911	1	2
JAACUZ010000175	913	1899	1	3
JAACUZ010000176	185	874	1	1
JAACUZ010000176	913	1017	1	2
JAACUZ010000176	1044	1823	1	3
JAACUZ010000177	333	1916	-1	1
JAACUZ010000177	1925	3679	-1	2
JAACUZ010000178	3	758	-1	1
JAACUZ010000178	760	861	-1	2
JAACUZ010000178	1048	2811	-1	3
JAACUZ010000179	162	1700	-1	1
JAACUZ010000180	1	240	1	1
JAACUZ010000180	718	1722	-1	2
JAACUZ010000181	2	1810	1	1
JAACUZ010000182	2	568	1	1
JAACUZ010000182	634	1470	1	2
JAACUZ010000182	1749	2111	-1	3
JAACUZ010000183	2	880	1	1
JAACUZ010000183	877	1659	1	2
JAACUZ010000183	1617	1727	1	3
JAACUZ010000184	362	1546	1	1
JAACUZ010000185	1	171	-1	1
JAACUZ010000185	595	1245	1	2
JAACUZ010000186	2	2170	-1	1
JAACUZ010000187	2	241	1	1
JAACUZ010000187	268	1203	1	2
JAACUZ010000187	1261	1554	1	3
JAACUZ010000187	1694	1795	1	4
JAACUZ010000187	1864	2394	1	5
JAACUZ010000188	179	1471	1	1
JAACUZ010000189	3	200	1	1
JAACUZ010000189	422	1996	1	2
JAACUZ010000190	198	848	1	1
JAACUZ010000190	1031	1321	1	2
JAACUZ010000190	1357	1458	1	3
JAACUZ010000191	106	1206	-1	1
JAACUZ010000191	1482	1649	-1	2
JAACUZ010000191	1646	2713	-1	3
JAACUZ010000191	3116	4321	-1	4
JAACUZ010000192	3	1613	1	1
JAACUZ010000193	134	2527	1	1
JAACUZ010000194	3	1199	-1	1
JAACUZ010000195	206	376	1	1
JAACUZ010000195	1249	2295	-1	2
JAACUZ010000195	2577	2807	1	3
JAACUZ010000195	2804	2974	1	4
JAACUZ010000195	2993	3253	1	5
JAACUZ010000196	3	155	1	1
JAACUZ010000196	177	1001	1	2
JAACUZ010000196	1004	1573	1	3
JAACUZ010000197	908	1105	1	1
JAACUZ010000197	1162	1527	1	2
JAACUZ010000197	2071	2589	1	3
JAACUZ010000197	2561	3130	1	4
JAACUZ010000197	3434	3865	1	5
JAACUZ010000198	3	1880	-1	1
JAACUZ010000199	281	1282	-1	1
JAACUZ010000199	1448	2092	1	2
JAACUZ010000199	2249	2935	1	3
JAACUZ010000199	2928	3368	1	4
JAACUZ010000200	80	1834	-1	1
JAACUZ010000200	1842	2012	-1	2
JAACUZ010000201	3	1679	-1	1
JAACUZ010000202	1	1314	-1	1
JAACUZ010000203	2	778	-1	1
JAACUZ010000203	878	1063	-1	2
JAACUZ010000204	3	989	1	1
JAACUZ010000205	21	551	-1	1
JAACUZ010000205	582	1088	-1	2
JAACUZ010000206	2	1183	1	1
JAACUZ010000207	3	80	-1	1
JAACUZ010000207	151	1032	-1	2
JAACUZ010000207	1065	1586	-1	3
JAACUZ010000208	3	143	-1	1
JAACUZ010000208	658	1278	-1	2
JAACUZ010000209	3	158	1	1
JAACUZ010000209	525	1142	1	2
JAACUZ010000210	3	1784	1	1
JAACUZ010000211	2	1966	-1	1
JAACUZ010000212	157	354	1	1
JAACUZ010000212	571	1026	1	2
JAACUZ010000213	379	1113	-1	1
JAACUZ010000214	1	1092	-1	1
JAACUZ010000214	1099	2034	-1	2
JAACUZ010000215	1	1041	1	1
JAACUZ010000216	1	522	-1	1
JAACUZ010000216	601	918	-1	2
JAACUZ010000216	990	1394	-1	3
JAACUZ010000216	1555	1896	-1	4
JAACUZ010000217	2	724	1	1
JAACUZ010000217	721	1023	1	2
JAACUZ010000218	105	1004	1	1
JAACUZ010000219	2	1180	1	1
JAACUZ010000220	2	2236	1	1
JAACUZ010000221	2	460	1	1
JAACUZ010000221	457	1017	1	2
JAACUZ010000222	2	334	1	1
JAACUZ010000222	382	1569	1	2
JAACUZ010000223	1	1584	1	1
