Contig	Start	End	Strand	Pos
JAENZA010000001	1	339	-1	1
JAENZA010000001	397	732	-1	2
JAENZA010000001	799	1374	-1	3
JAENZA010000001	1371	2063	-1	4
JAENZA010000001	2616	5972	1	5
JAENZA010000001	6166	6819	-1	6
JAENZA010000001	6827	7855	-1	7
JAENZA010000001	8184	9065	-1	8
JAENZA010000001	9195	10004	1	9
JAENZA010000001	10007	10573	1	10
JAENZA010000001	10578	11129	-1	11
JAENZA010000001	11375	11695	-1	12
JAENZA010000001	11940	12263	1	13
JAENZA010000001	12272	12598	1	14
JAENZA010000001	12732	12914	1	15
JAENZA010000001	13236	14090	1	16
JAENZA010000001	14244	15146	1	17
JAENZA010000001	15256	15564	1	18
JAENZA010000001	15644	17425	1	19
JAENZA010000001	17422	18513	-1	20
JAENZA010000001	18686	19390	1	21
JAENZA010000001	19671	21260	1	22
JAENZA010000001	21343	23061	1	23
JAENZA010000001	23105	23896	-1	24
JAENZA010000001	24834	25967	1	25
JAENZA010000001	25967	27484	1	26
JAENZA010000001	27487	28233	1	27
JAENZA010000001	28239	29273	1	28
JAENZA010000001	29390	30133	1	29
JAENZA010000001	30146	31069	-1	30
JAENZA010000001	31326	31640	-1	31
JAENZA010000001	31653	32849	-1	32
JAENZA010000001	32968	34302	-1	33
JAENZA010000001	34473	35480	-1	34
JAENZA010000001	35589	36959	-1	35
JAENZA010000001	36956	37495	-1	36
JAENZA010000001	37611	37880	1	37
JAENZA010000001	37884	40085	1	38
JAENZA010000001	40107	41132	1	39
JAENZA010000001	41360	41887	1	40
JAENZA010000001	42197	42646	-1	41
JAENZA010000001	42648	42938	-1	42
JAENZA010000001	42949	44112	-1	43
JAENZA010000001	44112	46754	-1	44
JAENZA010000001	46768	48588	-1	45
JAENZA010000001	48585	50153	-1	46
JAENZA010000001	50174	50428	-1	47
JAENZA010000001	50792	51235	1	48
JAENZA010000001	51245	51871	-1	49
JAENZA010000001	51871	52245	-1	50
JAENZA010000001	52438	53673	1	51
JAENZA010000001	53696	54307	1	52
JAENZA010000001	54440	55270	1	53
JAENZA010000001	55267	55473	1	54
JAENZA010000001	55629	56489	1	55
JAENZA010000001	56513	57307	-1	56
JAENZA010000001	57381	58682	-1	57
JAENZA010000001	58740	59384	-1	58
JAENZA010000001	59443	60108	1	59
JAENZA010000001	60100	61293	-1	60
JAENZA010000001	61277	61480	-1	61
JAENZA010000001	61999	63336	1	62
JAENZA010000001	63348	64478	-1	63
JAENZA010000001	64485	65231	-1	64
JAENZA010000001	65379	66164	-1	65
JAENZA010000001	66176	66364	-1	66
JAENZA010000001	66372	66650	-1	67
JAENZA010000001	66689	67324	-1	68
JAENZA010000001	67343	68503	-1	69
JAENZA010000001	68500	70077	-1	70
JAENZA010000001	70084	70371	-1	71
JAENZA010000001	70402	71301	1	72
JAENZA010000001	71333	71788	-1	73
JAENZA010000001	71792	72874	-1	74
JAENZA010000001	72888	73736	1	75
JAENZA010000001	73729	74295	1	76
JAENZA010000001	74308	75741	1	77
JAENZA010000001	75964	76464	-1	78
JAENZA010000001	76569	77420	-1	79
JAENZA010000001	77417	79087	-1	80
JAENZA010000001	79169	79804	-1	81
JAENZA010000001	79994	80476	1	82
JAENZA010000001	80507	81184	-1	83
JAENZA010000001	81422	83233	1	84
JAENZA010000001	83242	83937	-1	85
JAENZA010000001	84018	84959	1	86
JAENZA010000001	85214	86020	1	87
JAENZA010000001	86171	86845	1	88
JAENZA010000001	86848	87603	1	89
JAENZA010000001	87611	88303	1	90
JAENZA010000001	88320	89114	-1	91
JAENZA010000001	89157	91151	1	92
JAENZA010000001	91483	91890	-1	93
JAENZA010000001	91896	92612	-1	94
JAENZA010000001	92744	93091	1	95
JAENZA010000001	93118	95895	-1	96
JAENZA010000001	95966	97915	-1	97
JAENZA010000001	97941	98315	-1	98
JAENZA010000001	98323	99117	-1	99
JAENZA010000001	99419	99664	1	100
JAENZA010000001	99664	100227	1	101
JAENZA010000001	100239	101159	1	102
JAENZA010000001	101156	102550	1	103
JAENZA010000001	102569	102916	1	104
JAENZA010000001	102916	103575	1	105
JAENZA010000001	103710	104339	1	106
JAENZA010000001	104332	106836	1	107
JAENZA010000001	106829	107752	1	108
JAENZA010000001	107757	108767	1	109
JAENZA010000001	108795	109100	-1	110
JAENZA010000001	109261	110715	1	111
JAENZA010000001	110978	111469	-1	112
JAENZA010000001	111586	112752	1	113
JAENZA010000001	112758	113543	-1	114
JAENZA010000001	113600	114064	-1	115
JAENZA010000001	114223	114897	1	116
JAENZA010000001	114957	115217	1	117
JAENZA010000001	115218	115793	-1	118
JAENZA010000001	115897	116382	1	119
JAENZA010000001	116318	116500	-1	120
JAENZA010000001	116484	117749	-1	121
JAENZA010000001	117811	118632	1	122
JAENZA010000001	118722	119990	1	123
JAENZA010000001	120015	120629	1	124
JAENZA010000001	120672	120992	1	125
JAENZA010000001	121328	121777	1	126
JAENZA010000001	121792	122133	1	127
JAENZA010000001	122133	122723	1	128
JAENZA010000001	122904	123167	1	129
JAENZA010000001	123169	123831	1	130
JAENZA010000001	123837	124028	1	131
JAENZA010000001	124060	124470	1	132
JAENZA010000001	124484	125578	1	133
JAENZA010000001	125572	126891	1	134
JAENZA010000001	126898	127479	1	135
JAENZA010000001	127483	127761	1	136
JAENZA010000001	127758	128765	1	137
JAENZA010000001	128725	129018	1	138
JAENZA010000001	129036	129386	1	139
JAENZA010000001	129389	129958	1	140
JAENZA010000001	129955	130764	1	141
JAENZA010000001	130761	132494	-1	142
JAENZA010000001	132571	133197	1	143
JAENZA010000001	133241	135043	-1	144
JAENZA010000001	135056	137650	-1	145
JAENZA010000001	137952	139166	1	146
JAENZA010000001	139157	140335	1	147
JAENZA010000001	140662	141594	-1	148
JAENZA010000001	143187	144167	1	149
JAENZA010000001	144164	144937	1	150
JAENZA010000001	144942	146303	1	151
JAENZA010000001	146575	147144	-1	152
JAENZA010000001	147372	148547	-1	153
JAENZA010000001	148553	149794	-1	154
JAENZA010000001	149787	150341	-1	155
JAENZA010000001	150357	151565	-1	156
JAENZA010000001	151620	152513	1	157
JAENZA010000001	152541	153530	1	158
JAENZA010000001	153552	154457	1	159
JAENZA010000001	154458	155672	-1	160
JAENZA010000001	155789	158527	-1	161
JAENZA010000001	158538	158993	-1	162
JAENZA010000001	159110	160399	1	163
JAENZA010000001	160396	161289	1	164
JAENZA010000001	161294	161911	-1	165
JAENZA010000001	161999	163540	-1	166
JAENZA010000001	163617	166163	-1	167
JAENZA010000001	166207	167403	1	168
JAENZA010000001	167400	168071	1	169
JAENZA010000001	168068	168889	-1	170
JAENZA010000001	169039	170238	-1	171
JAENZA010000001	170242	171198	-1	172
JAENZA010000001	171258	172064	1	173
JAENZA010000001	172144	173754	1	174
JAENZA010000001	173770	175326	1	175
JAENZA010000001	175323	175790	1	176
JAENZA010000001	175797	176252	1	177
JAENZA010000001	176249	177490	1	178
JAENZA010000001	177494	178078	1	179
JAENZA010000001	178075	179019	1	180
JAENZA010000001	179081	179551	1	181
JAENZA010000001	179553	180350	-1	182
JAENZA010000001	180648	181163	1	183
JAENZA010000001	182537	184252	-1	184
JAENZA010000002	2	442	1	1
JAENZA010000002	439	1320	1	2
JAENZA010000002	1517	1708	1	3
JAENZA010000002	1904	2359	1	4
JAENZA010000002	2437	3633	-1	5
JAENZA010000002	3713	4666	-1	6
JAENZA010000002	5340	6467	-1	7
JAENZA010000002	6481	8328	-1	8
JAENZA010000002	8330	8896	-1	9
JAENZA010000002	9051	10409	-1	10
JAENZA010000002	10591	12078	1	11
JAENZA010000002	12164	13678	1	12
JAENZA010000002	13650	15326	1	13
JAENZA010000002	15323	15829	1	14
JAENZA010000002	16025	17542	1	15
JAENZA010000002	17607	18926	1	16
JAENZA010000002	19253	19960	1	17
JAENZA010000002	20099	20641	1	18
JAENZA010000002	20653	21723	1	19
JAENZA010000002	21866	23218	-1	20
JAENZA010000002	23215	24054	-1	21
JAENZA010000002	24193	25839	-1	22
JAENZA010000002	25826	27274	-1	23
JAENZA010000002	27271	27849	-1	24
JAENZA010000002	28305	28841	1	25
JAENZA010000002	28904	29458	1	26
JAENZA010000002	29453	30121	-1	27
JAENZA010000002	30178	30672	-1	28
JAENZA010000002	31015	32280	1	29
JAENZA010000002	32288	32722	-1	30
JAENZA010000002	32727	33905	-1	31
JAENZA010000002	33943	34353	1	32
JAENZA010000002	34391	35509	1	33
JAENZA010000002	35525	36652	1	34
JAENZA010000002	36655	37296	1	35
JAENZA010000002	37283	37825	-1	36
JAENZA010000002	37869	38615	1	37
JAENZA010000002	38624	39601	-1	38
JAENZA010000002	39646	41547	-1	39
JAENZA010000002	41588	41959	1	40
JAENZA010000002	41978	43750	1	41
JAENZA010000002	43796	44986	1	42
JAENZA010000002	44992	46083	-1	43
JAENZA010000002	46068	46559	-1	44
JAENZA010000002	46573	47187	-1	45
JAENZA010000002	47201	49477	-1	46
JAENZA010000002	49470	50510	-1	47
JAENZA010000002	50515	50877	-1	48
JAENZA010000002	50990	51796	-1	49
JAENZA010000002	51797	53275	-1	50
JAENZA010000002	53287	54876	-1	51
JAENZA010000002	54878	56743	-1	52
JAENZA010000002	56753	57490	-1	53
JAENZA010000002	57509	58003	-1	54
JAENZA010000002	58013	58519	-1	55
JAENZA010000002	58523	59368	-1	56
JAENZA010000002	59731	60300	-1	57
JAENZA010000002	60541	61245	1	58
JAENZA010000002	61242	62099	-1	59
JAENZA010000002	62104	62505	-1	60
JAENZA010000002	62569	63360	1	61
JAENZA010000002	63350	64165	1	62
JAENZA010000002	64223	64990	1	63
JAENZA010000002	64991	65449	-1	64
JAENZA010000002	65481	66062	1	65
JAENZA010000002	66062	67048	1	66
JAENZA010000002	67032	68138	1	67
JAENZA010000002	68291	68848	1	68
JAENZA010000002	68854	69330	1	69
JAENZA010000002	69294	69635	-1	70
JAENZA010000002	69689	71542	-1	71
JAENZA010000002	71539	72189	-1	72
JAENZA010000002	72262	72888	1	73
JAENZA010000002	72875	74809	-1	74
JAENZA010000002	74806	76356	-1	75
JAENZA010000002	76349	79162	-1	76
JAENZA010000002	79233	79412	1	77
JAENZA010000002	79390	79941	1	78
JAENZA010000002	80030	80509	-1	79
JAENZA010000002	80635	81192	-1	80
JAENZA010000002	81359	81799	-1	81
JAENZA010000002	82062	82433	1	82
JAENZA010000002	82571	83095	-1	83
JAENZA010000002	83092	84576	-1	84
JAENZA010000002	84786	85379	1	85
JAENZA010000002	85380	85550	1	86
JAENZA010000002	85822	86295	-1	87
JAENZA010000002	87420	87803	-1	88
JAENZA010000002	88292	92914	-1	89
JAENZA010000002	93396	94532	-1	90
JAENZA010000002	94780	95265	1	91
JAENZA010000002	95262	95504	1	92
JAENZA010000002	95501	95737	1	93
JAENZA010000002	95727	95966	1	94
JAENZA010000002	95983	96417	1	95
JAENZA010000002	96414	97013	1	96
JAENZA010000002	97006	97674	1	97
JAENZA010000002	97681	97884	1	98
JAENZA010000002	97890	98732	1	99
JAENZA010000002	98729	98977	1	100
JAENZA010000002	98977	99366	1	101
JAENZA010000002	99363	99818	1	102
JAENZA010000002	99815	100900	1	103
JAENZA010000002	100903	101508	1	104
JAENZA010000002	101505	101897	1	105
JAENZA010000002	101884	103176	1	106
JAENZA010000002	103173	104873	1	107
JAENZA010000002	104870	105640	1	108
JAENZA010000002	105787	106146	-1	109
JAENZA010000002	106177	106920	1	110
JAENZA010000002	106917	107075	-1	111
JAENZA010000002	107124	108161	1	112
JAENZA010000002	108201	108629	1	113
JAENZA010000002	108653	109492	1	114
JAENZA010000002	109628	110242	1	115
JAENZA010000002	110294	112186	1	116
JAENZA010000002	112232	113332	1	117
JAENZA010000002	113341	115566	-1	118
JAENZA010000002	115658	115798	1	119
JAENZA010000002	115810	115890	1	120
JAENZA010000003	3	509	-1	1
JAENZA010000003	561	1439	-1	2
JAENZA010000003	1430	2671	-1	3
JAENZA010000003	2661	3644	-1	4
JAENZA010000003	3614	4897	-1	5
JAENZA010000003	4894	5517	-1	6
JAENZA010000003	5944	7248	-1	7
JAENZA010000003	7654	8289	-1	8
JAENZA010000003	8404	8865	1	9
JAENZA010000003	8862	9128	1	10
JAENZA010000003	9132	9944	-1	11
JAENZA010000003	10043	10447	-1	12
JAENZA010000003	10444	11454	-1	13
JAENZA010000003	11448	12674	-1	14
JAENZA010000003	12667	13305	-1	15
JAENZA010000003	13302	13739	-1	16
JAENZA010000003	13740	14084	-1	17
JAENZA010000003	14086	15660	-1	18
JAENZA010000003	15657	16001	-1	19
JAENZA010000003	16001	16465	-1	20
JAENZA010000003	16452	16739	-1	21
JAENZA010000003	16736	16993	-1	22
JAENZA010000003	16990	17346	-1	23
JAENZA010000003	17346	17603	-1	24
JAENZA010000003	17600	18127	-1	25
JAENZA010000003	18370	19782	1	26
JAENZA010000003	19760	20362	1	27
JAENZA010000003	20517	21212	-1	28
JAENZA010000003	21209	23953	-1	29
JAENZA010000003	23998	24372	-1	30
JAENZA010000003	24344	25165	-1	31
JAENZA010000003	25228	26736	1	32
JAENZA010000003	26733	27119	1	33
JAENZA010000003	27116	27823	1	34
JAENZA010000003	27833	28225	-1	35
JAENZA010000003	28324	28626	1	36
JAENZA010000003	28619	29143	1	37
JAENZA010000003	29119	30222	1	38
JAENZA010000003	30216	30734	1	39
JAENZA010000003	30731	31234	1	40
JAENZA010000003	31235	31735	-1	41
JAENZA010000003	32154	34229	-1	42
JAENZA010000003	34277	34771	-1	43
JAENZA010000003	34782	35567	1	44
JAENZA010000003	35568	36446	-1	45
JAENZA010000003	36495	37262	1	46
JAENZA010000003	37259	38944	-1	47
JAENZA010000003	38947	39300	-1	48
JAENZA010000003	39362	39841	-1	49
JAENZA010000003	39983	40828	1	50
JAENZA010000003	40860	43664	1	51
JAENZA010000003	43664	44473	1	52
JAENZA010000003	44483	44749	-1	53
JAENZA010000003	44847	45536	1	54
JAENZA010000003	45548	46168	-1	55
JAENZA010000003	46242	46625	-1	56
JAENZA010000003	46574	46825	-1	57
JAENZA010000003	47033	48895	-1	58
JAENZA010000003	48908	50086	-1	59
JAENZA010000003	50141	51337	-1	60
JAENZA010000003	51366	52313	-1	61
JAENZA010000003	52301	53074	-1	62
JAENZA010000003	53071	53619	-1	63
JAENZA010000003	53654	54376	-1	64
JAENZA010000003	54548	55174	1	65
JAENZA010000003	55296	55886	1	66
JAENZA010000003	56051	58522	1	67
JAENZA010000003	58558	59007	1	68
JAENZA010000003	59081	59980	1	69
JAENZA010000003	60048	60284	1	70
JAENZA010000003	60292	60633	1	71
JAENZA010000003	60928	61428	1	72
JAENZA010000003	61492	61860	1	73
JAENZA010000003	61936	62868	1	74
JAENZA010000003	62850	63380	-1	75
JAENZA010000003	63353	63985	-1	76
JAENZA010000003	64002	64271	-1	77
JAENZA010000003	64341	65855	-1	78
JAENZA010000003	65852	66712	-1	79
JAENZA010000003	66915	67229	1	80
JAENZA010000003	67280	67549	1	81
JAENZA010000003	67571	67978	1	82
JAENZA010000003	67986	69419	1	83
JAENZA010000003	69416	69994	1	84
JAENZA010000003	70041	70463	1	85
JAENZA010000003	70463	71449	1	86
JAENZA010000003	71492	72001	1	87
JAENZA010000003	71998	72690	1	88
JAENZA010000003	72666	73364	1	89
JAENZA010000003	73346	73987	1	90
JAENZA010000003	74050	75786	1	91
JAENZA010000003	75783	77276	1	92
JAENZA010000003	77756	77962	-1	93
JAENZA010000003	78207	78596	1	94
JAENZA010000003	78642	79568	-1	95
JAENZA010000003	79648	80349	-1	96
JAENZA010000003	80428	80658	1	97
JAENZA010000003	80665	81960	-1	98
JAENZA010000003	82297	82665	1	99
JAENZA010000003	82862	83515	-1	100
JAENZA010000003	83478	84689	-1	101
JAENZA010000003	84838	85062	1	102
JAENZA010000003	85116	87566	1	103
JAENZA010000003	87601	87909	1	104
JAENZA010000003	87988	88572	1	105
JAENZA010000003	89005	89874	1	106
JAENZA010000003	89884	90396	1	107
JAENZA010000003	90549	90908	1	108
JAENZA010000003	91154	93223	1	109
JAENZA010000003	93226	94464	1	110
JAENZA010000003	94707	94850	-1	111
JAENZA010000004	728	1144	1	1
JAENZA010000004	1206	1466	1	2
JAENZA010000004	1928	2557	1	3
JAENZA010000004	2672	3712	-1	4
JAENZA010000004	3788	4360	-1	5
JAENZA010000004	4357	5109	-1	6
JAENZA010000004	5476	6069	1	7
JAENZA010000004	6039	6827	-1	8
JAENZA010000004	6824	7744	-1	9
JAENZA010000004	7776	9317	-1	10
JAENZA010000004	9627	10055	-1	11
JAENZA010000004	10064	10372	-1	12
JAENZA010000004	10437	11078	-1	13
JAENZA010000004	11268	11843	1	14
JAENZA010000004	11840	12613	1	15
JAENZA010000004	12685	13554	1	16
JAENZA010000004	13755	14561	1	17
JAENZA010000004	14842	15291	1	18
JAENZA010000004	15301	15849	1	19
JAENZA010000004	15849	16244	1	20
JAENZA010000004	16248	17081	1	21
JAENZA010000004	17074	17439	1	22
JAENZA010000004	17445	17867	1	23
JAENZA010000004	17883	18284	1	24
JAENZA010000004	18314	18502	1	25
JAENZA010000004	18614	18784	1	26
JAENZA010000004	18789	19979	1	27
JAENZA010000004	19976	20584	1	28
JAENZA010000004	20622	21413	1	29
JAENZA010000004	21467	22315	1	30
JAENZA010000004	22281	23048	1	31
JAENZA010000004	23155	24204	1	32
JAENZA010000004	24208	25551	1	33
JAENZA010000004	25571	26536	1	34
JAENZA010000004	26537	28222	1	35
JAENZA010000004	28279	29238	1	36
JAENZA010000004	29245	31050	-1	37
JAENZA010000004	31254	31991	1	38
JAENZA010000004	32071	32757	1	39
JAENZA010000004	32749	33147	-1	40
JAENZA010000004	33295	33855	-1	41
JAENZA010000004	33900	35795	-1	42
JAENZA010000004	36006	38072	1	43
JAENZA010000004	38145	38435	-1	44
JAENZA010000004	38564	39388	1	45
JAENZA010000004	39348	39992	-1	46
JAENZA010000004	40174	40866	1	47
JAENZA010000004	40863	41651	1	48
JAENZA010000004	41661	42938	-1	49
JAENZA010000004	42935	43369	-1	50
JAENZA010000004	43423	44568	1	51
JAENZA010000004	44682	44810	-1	52
JAENZA010000004	44844	45152	1	53
JAENZA010000004	45319	47235	1	54
JAENZA010000004	47225	49744	1	55
JAENZA010000004	49781	50638	-1	56
JAENZA010000004	50704	51117	1	57
JAENZA010000004	51148	51411	-1	58
JAENZA010000004	51482	51856	1	59
JAENZA010000004	51860	54133	-1	60
JAENZA010000004	54130	55857	-1	61
JAENZA010000004	55999	56634	1	62
JAENZA010000004	56698	57351	1	63
JAENZA010000004	57375	57758	-1	64
JAENZA010000004	57776	58951	-1	65
JAENZA010000004	59264	60079	1	66
JAENZA010000004	60194	60604	1	67
JAENZA010000004	61296	61532	1	68
JAENZA010000004	61653	62843	-1	69
JAENZA010000004	62986	63291	1	70
JAENZA010000004	63584	65284	1	71
JAENZA010000004	65286	66299	-1	72
JAENZA010000004	66359	67675	-1	73
JAENZA010000004	67672	68352	-1	74
JAENZA010000004	68502	69629	1	75
JAENZA010000004	69798	70427	1	76
JAENZA010000004	70436	71617	1	77
JAENZA010000004	71629	72276	-1	78
JAENZA010000004	72407	73123	-1	79
JAENZA010000004	73205	74224	1	80
JAENZA010000004	74240	74911	-1	81
JAENZA010000004	74949	75518	-1	82
JAENZA010000004	75559	76533	1	83
JAENZA010000004	76530	77594	1	84
JAENZA010000004	77671	78498	1	85
JAENZA010000004	78715	79578	-1	86
JAENZA010000004	79634	81010	-1	87
JAENZA010000004	81007	82071	-1	88
JAENZA010000004	82077	83282	-1	89
JAENZA010000004	83290	83697	-1	90
JAENZA010000004	83774	84226	1	91
JAENZA010000004	84268	85404	1	92
JAENZA010000004	85391	85477	1	93
JAENZA010000005	2	328	-1	1
JAENZA010000005	407	1669	1	2
JAENZA010000005	1952	2518	1	3
JAENZA010000005	2515	3648	1	4
JAENZA010000005	3642	4214	1	5
JAENZA010000005	4202	4606	1	6
JAENZA010000005	4608	5054	1	7
JAENZA010000005	5054	5869	1	8
JAENZA010000005	5906	6232	-1	9
JAENZA010000005	6450	7940	-1	10
JAENZA010000005	7937	10933	-1	11
JAENZA010000005	10933	11643	-1	12
JAENZA010000005	11694	13670	-1	13
JAENZA010000005	14029	14691	-1	14
JAENZA010000005	14836	15513	-1	15
JAENZA010000005	15611	15847	-1	16
JAENZA010000005	16003	16485	1	17
JAENZA010000005	16651	17424	1	18
JAENZA010000005	17708	19156	1	19
JAENZA010000005	19199	20836	-1	20
JAENZA010000005	21717	22181	1	21
JAENZA010000005	22244	23866	-1	22
JAENZA010000005	24124	24465	-1	23
JAENZA010000005	24507	26282	-1	24
JAENZA010000005	26442	28337	-1	25
JAENZA010000005	28594	29268	1	26
JAENZA010000005	29284	31545	-1	27
JAENZA010000005	31755	34442	-1	28
JAENZA010000005	34785	35600	1	29
JAENZA010000005	35694	36254	-1	30
JAENZA010000005	36432	37286	-1	31
JAENZA010000005	37604	38797	1	32
JAENZA010000005	38865	39449	-1	33
JAENZA010000005	39446	39874	-1	34
JAENZA010000005	40124	40579	-1	35
JAENZA010000005	41084	42397	1	36
JAENZA010000005	42387	43244	1	37
JAENZA010000005	43300	43884	-1	38
JAENZA010000005	44043	45260	1	39
JAENZA010000005	45267	46481	1	40
JAENZA010000005	46481	47170	1	41
JAENZA010000005	47203	47712	-1	42
JAENZA010000005	48260	48688	1	43
JAENZA010000005	48775	48999	1	44
JAENZA010000005	49048	49731	-1	45
JAENZA010000005	49737	51164	-1	46
JAENZA010000005	51334	51684	-1	47
JAENZA010000005	51774	52334	-1	48
JAENZA010000005	52345	52845	-1	49
JAENZA010000005	52877	54247	-1	50
JAENZA010000005	54278	56086	-1	51
JAENZA010000005	56325	56528	1	52
JAENZA010000005	56655	58616	1	53
JAENZA010000005	58629	59537	1	54
JAENZA010000005	59518	60270	-1	55
JAENZA010000005	60273	61256	-1	56
JAENZA010000005	61237	61740	-1	57
JAENZA010000005	61904	62875	-1	58
JAENZA010000005	63012	65315	-1	59
JAENZA010000005	65593	66924	1	60
JAENZA010000005	66963	67541	1	61
JAENZA010000005	67561	68139	1	62
JAENZA010000005	68090	68875	1	63
JAENZA010000005	69239	70060	-1	64
JAENZA010000005	70066	70905	-1	65
JAENZA010000005	71046	71630	-1	66
JAENZA010000005	71900	73630	1	67
JAENZA010000005	73998	74240	1	68
JAENZA010000005	74240	74599	1	69
JAENZA010000005	74660	75736	1	70
JAENZA010000006	1	207	-1	1
JAENZA010000006	578	1612	1	2
JAENZA010000006	1622	2518	-1	3
JAENZA010000006	2515	2958	-1	4
JAENZA010000006	3083	5629	-1	5
JAENZA010000006	5702	7528	-1	6
JAENZA010000006	7636	8736	-1	7
JAENZA010000006	8778	9887	-1	8
JAENZA010000006	9951	11966	-1	9
JAENZA010000006	12092	12319	1	10
JAENZA010000006	12497	15709	-1	11
JAENZA010000006	15909	17168	1	12
JAENZA010000006	17364	17810	1	13
JAENZA010000006	18294	18992	1	14
JAENZA010000006	19309	19911	-1	15
JAENZA010000006	20029	20508	-1	16
JAENZA010000006	20669	20848	1	17
JAENZA010000006	20861	21172	1	18
JAENZA010000006	21435	21719	1	19
JAENZA010000006	21741	21959	-1	20
JAENZA010000006	22008	22526	1	21
JAENZA010000006	22670	22852	1	22
JAENZA010000006	22962	23606	-1	23
JAENZA010000006	23698	23877	-1	24
JAENZA010000006	24412	26118	-1	25
JAENZA010000006	26124	26888	-1	26
JAENZA010000006	26959	27429	-1	27
JAENZA010000006	27451	28755	-1	28
JAENZA010000006	29919	31532	1	29
JAENZA010000006	32002	32697	1	30
JAENZA010000006	33695	33955	-1	31
JAENZA010000006	34077	34553	-1	32
JAENZA010000006	34640	34915	-1	33
JAENZA010000006	35372	35509	-1	34
JAENZA010000006	35620	35946	-1	35
JAENZA010000006	36089	36226	-1	36
JAENZA010000006	36907	38259	1	37
JAENZA010000006	38213	38542	1	38
JAENZA010000006	38844	39533	1	39
JAENZA010000006	40125	41564	1	40
JAENZA010000006	41790	41972	1	41
JAENZA010000006	41999	42583	1	42
JAENZA010000006	42672	43259	-1	43
JAENZA010000006	43310	43417	-1	44
JAENZA010000006	43779	44117	-1	45
JAENZA010000006	44102	44344	-1	46
JAENZA010000006	44413	45126	-1	47
JAENZA010000006	45583	46308	-1	48
JAENZA010000006	46567	47637	1	49
JAENZA010000006	47634	49046	1	50
JAENZA010000006	49466	52750	1	51
JAENZA010000006	52753	54693	1	52
JAENZA010000006	54690	55499	1	53
JAENZA010000006	55496	58840	1	54
JAENZA010000006	59100	59852	-1	55
JAENZA010000006	60019	61311	-1	56
JAENZA010000007	1	486	-1	1
JAENZA010000007	601	1770	1	2
JAENZA010000007	1834	2154	1	3
JAENZA010000007	2172	3515	-1	4
JAENZA010000007	3615	4961	-1	5
JAENZA010000007	4982	5491	-1	6
JAENZA010000007	5481	6263	-1	7
JAENZA010000007	6311	6631	1	8
JAENZA010000007	6659	7888	1	9
JAENZA010000007	7840	9684	1	10
JAENZA010000007	9674	10762	1	11
JAENZA010000007	10770	11921	-1	12
JAENZA010000007	11937	12929	-1	13
JAENZA010000007	12981	13808	-1	14
JAENZA010000007	13811	14557	-1	15
JAENZA010000007	14554	15501	-1	16
JAENZA010000007	15498	16145	-1	17
JAENZA010000007	16224	17183	-1	18
JAENZA010000007	17192	18106	-1	19
JAENZA010000007	18231	19382	-1	20
JAENZA010000007	19383	20387	-1	21
JAENZA010000007	20396	21172	-1	22
JAENZA010000007	21153	21956	-1	23
JAENZA010000007	22128	23084	-1	24
JAENZA010000007	23091	24134	-1	25
JAENZA010000007	24212	25570	-1	26
JAENZA010000007	25678	27150	1	27
JAENZA010000007	27456	28934	-1	28
JAENZA010000007	28931	29842	-1	29
JAENZA010000007	29844	30932	-1	30
JAENZA010000007	30929	31519	-1	31
JAENZA010000007	31686	33428	-1	32
JAENZA010000007	33431	34543	-1	33
JAENZA010000007	34589	35788	-1	34
JAENZA010000007	35807	37066	-1	35
JAENZA010000007	37694	38146	-1	36
JAENZA010000007	38226	38855	-1	37
JAENZA010000007	39030	39800	1	38
JAENZA010000007	39865	41061	1	39
JAENZA010000007	41076	42254	-1	40
JAENZA010000007	42251	42433	-1	41
JAENZA010000007	42606	43265	1	42
JAENZA010000007	43286	44209	-1	43
JAENZA010000007	44206	45090	-1	44
JAENZA010000007	45175	45963	1	45
JAENZA010000007	45981	46580	-1	46
JAENZA010000007	46543	47124	-1	47
JAENZA010000007	47258	48937	1	48
JAENZA010000007	49563	50927	1	49
JAENZA010000007	50948	51313	-1	50
JAENZA010000007	51310	51564	-1	51
JAENZA010000007	51536	51940	-1	52
JAENZA010000007	52075	52368	-1	53
JAENZA010000007	52415	53116	-1	54
JAENZA010000007	53126	53872	-1	55
JAENZA010000007	53874	54356	-1	56
JAENZA010000007	54350	54997	-1	57
JAENZA010000007	55093	55671	-1	58
JAENZA010000007	55818	56288	-1	59
JAENZA010000007	56378	56536	-1	60
JAENZA010000008	2	202	1	1
JAENZA010000008	173	1147	-1	2
JAENZA010000008	1243	2889	1	3
JAENZA010000008	3150	4703	-1	4
JAENZA010000008	5010	5354	-1	5
JAENZA010000008	5504	6559	1	6
JAENZA010000008	6559	9723	1	7
JAENZA010000008	9744	10637	1	8
JAENZA010000008	10717	12057	1	9
JAENZA010000008	12054	13673	-1	10
JAENZA010000008	13844	14320	1	11
JAENZA010000008	14469	15431	1	12
JAENZA010000008	15489	16181	1	13
JAENZA010000008	16183	17265	1	14
JAENZA010000008	17346	19070	1	15
JAENZA010000008	19077	19469	1	16
JAENZA010000008	19613	21682	-1	17
JAENZA010000008	21734	22993	-1	18
JAENZA010000008	22997	23176	-1	19
JAENZA010000008	23530	24168	-1	20
JAENZA010000008	24230	25411	-1	21
JAENZA010000008	25415	25921	-1	22
JAENZA010000008	26008	26889	-1	23
JAENZA010000008	26879	27520	-1	24
JAENZA010000008	27575	28318	1	25
JAENZA010000008	28318	29349	1	26
JAENZA010000008	29327	29503	-1	27
JAENZA010000008	29601	30149	1	28
JAENZA010000008	30164	30355	1	29
JAENZA010000008	30363	31238	1	30
JAENZA010000008	31231	31989	1	31
JAENZA010000008	32053	32226	1	32
JAENZA010000008	32270	33286	1	33
JAENZA010000008	33299	33577	1	34
JAENZA010000008	33663	34112	1	35
JAENZA010000008	34326	35480	-1	36
JAENZA010000008	35531	36394	-1	37
JAENZA010000008	36821	37978	-1	38
JAENZA010000008	37989	38138	-1	39
JAENZA010000008	38149	38349	-1	40
JAENZA010000008	38526	39527	1	41
JAENZA010000008	39515	40114	1	42
JAENZA010000008	40186	41421	1	43
JAENZA010000008	41453	42439	-1	44
JAENZA010000008	42467	43591	1	45
JAENZA010000008	43770	43994	1	46
JAENZA010000008	43994	44335	1	47
JAENZA010000008	44332	45330	1	48
JAENZA010000008	45383	45853	1	49
JAENZA010000008	45837	46751	1	50
JAENZA010000008	46798	48072	1	51
JAENZA010000008	48254	48568	1	52
JAENZA010000008	48749	49951	1	53
JAENZA010000008	50159	50443	1	54
JAENZA010000008	50431	51237	-1	55
JAENZA010000008	51355	52854	-1	56
JAENZA010000008	53060	53551	1	57
JAENZA010000008	53545	53703	1	58
JAENZA010000009	3	434	1	1
JAENZA010000009	852	1940	1	2
JAENZA010000009	1999	2682	1	3
JAENZA010000009	2778	3470	1	4
JAENZA010000009	3482	4531	1	5
JAENZA010000009	4528	5676	1	6
JAENZA010000009	5724	6488	1	7
JAENZA010000009	6472	8115	-1	8
JAENZA010000009	8121	8897	-1	9
JAENZA010000009	9052	9861	-1	10
JAENZA010000009	10148	10363	1	11
JAENZA010000009	10429	10821	1	12
JAENZA010000009	10911	12041	1	13
JAENZA010000009	12059	13150	-1	14
JAENZA010000009	13137	13979	-1	15
JAENZA010000009	14007	15074	-1	16
JAENZA010000009	15255	16508	1	17
JAENZA010000009	16549	17556	-1	18
JAENZA010000009	17561	18265	-1	19
JAENZA010000009	18272	18787	-1	20
JAENZA010000009	18915	19328	1	21
JAENZA010000009	19447	21039	1	22
JAENZA010000009	21044	21961	1	23
JAENZA010000009	22002	23135	1	24
JAENZA010000009	23119	24174	1	25
JAENZA010000009	24171	24689	1	26
JAENZA010000009	24680	25279	1	27
JAENZA010000009	25303	26706	-1	28
JAENZA010000009	26703	27179	-1	29
JAENZA010000009	27227	28555	-1	30
JAENZA010000009	28726	29277	-1	31
JAENZA010000009	29446	30300	1	32
JAENZA010000009	30297	31418	-1	33
JAENZA010000009	31402	32400	-1	34
JAENZA010000009	32414	33229	-1	35
JAENZA010000009	33249	33461	-1	36
JAENZA010000009	33524	34993	-1	37
JAENZA010000009	35079	35480	-1	38
JAENZA010000009	35493	36677	-1	39
JAENZA010000009	36679	36903	-1	40
JAENZA010000009	37094	38206	1	41
JAENZA010000009	38215	40227	-1	42
JAENZA010000009	40224	41033	-1	43
JAENZA010000009	41017	41508	-1	44
JAENZA010000009	41587	43803	1	45
JAENZA010000009	43814	44203	-1	46
JAENZA010000009	44760	45983	-1	47
JAENZA010000009	46213	46521	-1	48
JAENZA010000009	46547	47395	-1	49
JAENZA010000009	47395	48039	-1	50
JAENZA010000009	48103	48579	-1	51
JAENZA010000009	48702	49169	-1	52
JAENZA010000009	49175	49354	-1	53
JAENZA010000009	49363	50472	-1	54
JAENZA010000009	50469	51392	-1	55
JAENZA010000010	132	416	1	1
JAENZA010000010	419	940	1	2
JAENZA010000010	959	1588	1	3
JAENZA010000010	1592	3658	-1	4
JAENZA010000010	3837	4688	1	5
JAENZA010000010	4904	6790	1	6
JAENZA010000010	6945	7433	1	7
JAENZA010000010	7772	8671	-1	8
JAENZA010000010	8821	9681	-1	9
JAENZA010000010	10013	11446	-1	10
JAENZA010000010	11446	12003	-1	11
JAENZA010000010	12071	13099	-1	12
JAENZA010000010	13465	14517	-1	13
JAENZA010000010	14514	16142	-1	14
JAENZA010000010	16139	17221	-1	15
JAENZA010000010	17355	17978	-1	16
JAENZA010000010	17975	19513	-1	17
JAENZA010000010	19510	19959	-1	18
JAENZA010000010	20010	20993	-1	19
JAENZA010000010	21532	25389	1	20
JAENZA010000010	25686	26114	1	21
JAENZA010000010	26206	29877	-1	22
JAENZA010000010	30085	32751	1	23
JAENZA010000010	32841	33614	1	24
JAENZA010000010	33617	33787	1	25
JAENZA010000010	34057	35025	1	26
JAENZA010000010	35400	35921	1	27
JAENZA010000010	36260	36709	1	28
JAENZA010000010	37527	38189	-1	29
JAENZA010000010	38691	42242	1	30
JAENZA010000010	42526	43419	1	31
JAENZA010000010	43633	44769	-1	32
JAENZA010000010	45128	45262	1	33
JAENZA010000011	2	700	-1	1
JAENZA010000011	651	1517	-1	2
JAENZA010000011	1567	2457	1	3
JAENZA010000011	2408	3220	1	4
JAENZA010000011	3496	3978	-1	5
JAENZA010000011	3975	4586	-1	6
JAENZA010000011	4608	5522	-1	7
JAENZA010000011	5558	6001	-1	8
JAENZA010000011	5992	7995	-1	9
JAENZA010000011	8104	8334	1	10
JAENZA010000011	8385	9728	1	11
JAENZA010000011	9956	10951	1	12
JAENZA010000011	10956	11225	1	13
JAENZA010000011	11226	12530	1	14
JAENZA010000011	12532	13965	1	15
JAENZA010000011	13972	16767	1	16
JAENZA010000011	16767	17468	1	17
JAENZA010000011	17490	18254	1	18
JAENZA010000011	18341	18895	1	19
JAENZA010000011	18979	20814	1	20
JAENZA010000011	21011	21871	-1	21
JAENZA010000011	21876	22430	-1	22
JAENZA010000011	22539	23903	-1	23
JAENZA010000011	23958	24488	-1	24
JAENZA010000011	24706	24972	1	25
JAENZA010000011	25088	25999	-1	26
JAENZA010000011	26104	26643	1	27
JAENZA010000011	26673	27884	-1	28
JAENZA010000011	27917	28378	1	29
JAENZA010000011	28402	29130	-1	30
JAENZA010000011	29418	35312	1	31
JAENZA010000012	1	309	-1	1
JAENZA010000012	366	1247	-1	2
JAENZA010000012	1589	1984	1	3
JAENZA010000012	2041	3903	-1	4
JAENZA010000012	3897	5099	-1	5
JAENZA010000012	5096	5278	-1	6
JAENZA010000012	5672	5968	1	7
JAENZA010000012	5978	7141	1	8
JAENZA010000012	7153	7737	1	9
JAENZA010000012	7739	8641	1	10
JAENZA010000012	8654	10678	1	11
JAENZA010000012	10678	11103	1	12
JAENZA010000012	11125	11517	1	13
JAENZA010000012	11468	12847	1	14
JAENZA010000012	12850	14574	1	15
JAENZA010000012	14586	15386	1	16
JAENZA010000012	16048	17835	1	17
JAENZA010000012	18350	18475	1	18
JAENZA010000012	18552	19436	1	19
JAENZA010000012	19878	21179	1	20
JAENZA010000012	21197	21673	1	21
JAENZA010000012	21677	22303	1	22
JAENZA010000012	22314	23078	1	23
JAENZA010000012	23084	24790	1	24
JAENZA010000012	25015	25929	1	25
JAENZA010000012	25926	26753	1	26
JAENZA010000012	26765	27625	1	27
JAENZA010000012	27628	27912	1	28
JAENZA010000012	27924	28649	1	29
JAENZA010000012	28655	28861	1	30
JAENZA010000012	28863	29603	1	31
JAENZA010000012	29619	30656	1	32
JAENZA010000012	30927	31781	-1	33
JAENZA010000012	31786	32685	-1	34
JAENZA010000012	32691	33449	-1	35
JAENZA010000012	33765	34556	1	36
JAENZA010000012	34558	35172	1	37
JAENZA010000013	1	465	-1	1
JAENZA010000013	691	2169	1	2
JAENZA010000013	2253	3401	1	3
JAENZA010000013	3391	5220	1	4
JAENZA010000013	5286	5579	1	5
JAENZA010000013	5645	6001	1	6
JAENZA010000013	5988	6515	1	7
JAENZA010000013	6530	6868	1	8
JAENZA010000013	6865	7755	1	9
JAENZA010000013	7868	9628	1	10
JAENZA010000013	10083	10622	-1	11
JAENZA010000013	10796	11557	1	12
JAENZA010000013	11661	12323	-1	13
JAENZA010000013	12317	12895	-1	14
JAENZA010000013	13010	13225	1	15
JAENZA010000013	13473	14972	1	16
JAENZA010000013	15098	15301	-1	17
JAENZA010000013	15379	15942	-1	18
JAENZA010000013	15998	16687	-1	19
JAENZA010000013	16752	17336	-1	20
JAENZA010000013	17382	17621	-1	21
JAENZA010000013	17636	18319	-1	22
JAENZA010000013	18372	19262	-1	23
JAENZA010000013	19684	19947	-1	24
JAENZA010000013	20174	21019	-1	25
JAENZA010000013	21020	22051	-1	26
JAENZA010000013	22280	22600	1	27
JAENZA010000013	22923	23624	1	28
JAENZA010000013	23674	24504	1	29
JAENZA010000013	24482	25942	1	30
JAENZA010000013	25944	27191	-1	31
JAENZA010000013	27203	28054	-1	32
JAENZA010000013	28227	28937	1	33
JAENZA010000013	28986	29882	1	34
JAENZA010000013	30574	30909	1	35
JAENZA010000013	30884	32854	1	36
JAENZA010000013	32851	33051	1	37
JAENZA010000014	3	2393	-1	1
JAENZA010000014	2390	6475	-1	2
JAENZA010000014	6607	7698	-1	3
JAENZA010000014	7799	9379	1	4
JAENZA010000014	9414	11534	-1	5
JAENZA010000014	11714	11923	1	6
JAENZA010000014	11929	12411	1	7
JAENZA010000014	12627	14063	-1	8
JAENZA010000014	14669	15091	1	9
JAENZA010000014	15200	15667	-1	10
JAENZA010000014	15891	17426	1	11
JAENZA010000014	17423	18016	1	12
JAENZA010000014	18009	19022	1	13
JAENZA010000014	19019	19777	1	14
JAENZA010000014	19768	20349	1	15
JAENZA010000014	20342	21517	1	16
JAENZA010000014	21514	22317	1	17
JAENZA010000014	22418	22810	-1	18
JAENZA010000014	23036	23869	-1	19
JAENZA010000014	24054	24203	1	20
JAENZA010000014	24140	24763	-1	21
JAENZA010000014	24827	25483	-1	22
JAENZA010000014	25639	26853	-1	23
JAENZA010000014	26850	27524	-1	24
JAENZA010000014	27536	28807	-1	25
JAENZA010000014	28901	29686	-1	26
JAENZA010000015	3	2183	-1	1
JAENZA010000015	2300	3688	-1	2
JAENZA010000015	3713	5251	-1	3
JAENZA010000015	5384	7768	-1	4
JAENZA010000015	8488	9198	-1	5
JAENZA010000015	9201	9809	-1	6
JAENZA010000015	9806	10669	-1	7
JAENZA010000015	10793	11719	1	8
JAENZA010000015	11774	12988	-1	9
JAENZA010000015	13070	13750	1	10
JAENZA010000015	13756	14667	1	11
JAENZA010000015	14988	15149	-1	12
JAENZA010000015	15406	16338	1	13
JAENZA010000015	16344	17138	1	14
JAENZA010000015	17135	17962	1	15
JAENZA010000015	18079	19581	-1	16
JAENZA010000015	19763	20341	-1	17
JAENZA010000015	20338	22107	-1	18
JAENZA010000015	22458	22934	1	19
JAENZA010000015	22951	23472	-1	20
JAENZA010000015	23567	24778	-1	21
JAENZA010000015	24870	25322	-1	22
JAENZA010000015	25325	26350	-1	23
JAENZA010000015	26350	27402	-1	24
JAENZA010000016	10	1248	-1	1
JAENZA010000016	1369	3633	1	2
JAENZA010000016	3633	4730	1	3
JAENZA010000016	4723	5274	1	4
JAENZA010000016	5237	6199	1	5
JAENZA010000016	6226	6813	1	6
JAENZA010000016	6810	7997	1	7
JAENZA010000016	8023	9663	1	8
JAENZA010000016	9795	10916	-1	9
JAENZA010000016	10904	11392	-1	10
JAENZA010000016	11394	12656	-1	11
JAENZA010000016	12902	13291	1	12
JAENZA010000016	13663	14493	1	13
JAENZA010000016	14726	15478	-1	14
JAENZA010000016	15899	16057	1	15
JAENZA010000016	16427	16927	1	16
JAENZA010000016	16944	17144	-1	17
JAENZA010000016	17189	17422	1	18
JAENZA010000016	17616	18071	1	19
JAENZA010000016	18164	19333	-1	20
JAENZA010000016	19515	20327	-1	21
JAENZA010000016	20470	21021	-1	22
JAENZA010000016	21267	21977	1	23
JAENZA010000016	22117	22350	1	24
JAENZA010000016	22350	22976	1	25
JAENZA010000016	23055	23954	1	26
JAENZA010000016	24007	25212	-1	27
JAENZA010000017	390	953	-1	1
JAENZA010000017	1408	2247	1	2
JAENZA010000017	2362	4125	-1	3
JAENZA010000017	4178	5470	-1	4
JAENZA010000017	5500	6642	-1	5
JAENZA010000017	6859	7218	-1	6
JAENZA010000017	7877	8452	1	7
JAENZA010000017	8395	10095	-1	8
JAENZA010000017	10529	11434	1	9
JAENZA010000017	11648	12952	-1	10
JAENZA010000017	12982	14124	-1	11
JAENZA010000017	14232	15743	1	12
JAENZA010000017	15730	16626	-1	13
JAENZA010000017	16641	17288	-1	14
JAENZA010000017	17302	17973	-1	15
JAENZA010000017	17970	18443	-1	16
JAENZA010000017	18471	18794	-1	17
JAENZA010000017	18810	20525	-1	18
JAENZA010000017	20526	20897	-1	19
JAENZA010000017	20894	21223	-1	20
JAENZA010000017	21500	21757	1	21
JAENZA010000017	21655	22227	-1	22
JAENZA010000017	22276	22497	-1	23
JAENZA010000017	22720	23622	-1	24
JAENZA010000017	23950	24498	-1	25
JAENZA010000017	24525	24761	-1	26
JAENZA010000017	24842	25324	1	27
JAENZA010000018	1	492	1	1
JAENZA010000018	562	1359	1	2
JAENZA010000018	1365	2126	1	3
JAENZA010000018	2188	2697	1	4
JAENZA010000018	2779	3615	1	5
JAENZA010000018	3612	4157	1	6
JAENZA010000018	4238	4510	1	7
JAENZA010000018	4507	5610	1	8
JAENZA010000018	5613	6410	1	9
JAENZA010000018	6407	6943	1	10
JAENZA010000018	6969	8057	1	11
JAENZA010000018	8054	8920	1	12
JAENZA010000018	8917	9711	1	13
JAENZA010000018	9833	11041	1	14
JAENZA010000018	11067	11945	1	15
JAENZA010000018	11950	12666	1	16
JAENZA010000018	12663	13244	1	17
JAENZA010000018	13276	13491	-1	18
JAENZA010000018	13688	14431	-1	19
JAENZA010000018	14441	15460	-1	20
JAENZA010000018	15559	16968	1	21
JAENZA010000018	16974	17366	-1	22
JAENZA010000018	17384	17935	1	23
JAENZA010000018	18047	18589	1	24
JAENZA010000018	18603	19931	1	25
JAENZA010000018	19944	20393	1	26
JAENZA010000018	20537	21052	1	27
JAENZA010000018	21157	23187	1	28
JAENZA010000018	23187	23978	1	29
JAENZA010000018	24079	24603	-1	30
JAENZA010000018	24603	24974	-1	31
JAENZA010000019	1	306	-1	1
JAENZA010000019	294	1445	-1	2
JAENZA010000019	1492	1920	-1	3
JAENZA010000019	2068	4803	1	4
JAENZA010000019	4800	7934	1	5
JAENZA010000019	7939	11151	1	6
JAENZA010000019	11200	11658	1	7
JAENZA010000019	11811	16685	1	8
JAENZA010000019	16813	20040	-1	9
JAENZA010000019	20086	21210	-1	10
JAENZA010000019	21203	21646	-1	11
JAENZA010000019	21940	23478	-1	12
JAENZA010000019	23519	24589	-1	13
JAENZA010000019	24706	24804	-1	14
JAENZA010000020	299	1021	-1	1
JAENZA010000020	1014	4448	-1	2
JAENZA010000020	4464	5009	-1	3
JAENZA010000020	5154	6422	1	4
JAENZA010000020	6416	7249	1	5
JAENZA010000020	7243	8058	1	6
JAENZA010000020	7997	8854	1	7
JAENZA010000020	8783	9454	-1	8
JAENZA010000020	9470	9769	-1	9
JAENZA010000020	9777	10472	-1	10
JAENZA010000020	10475	10714	-1	11
JAENZA010000020	10711	11436	-1	12
JAENZA010000020	11430	12332	-1	13
JAENZA010000020	12504	13505	-1	14
JAENZA010000020	13531	13845	-1	15
JAENZA010000020	13995	14918	1	16
JAENZA010000020	14857	15831	-1	17
JAENZA010000020	15879	16757	1	18
JAENZA010000020	16840	17094	1	19
JAENZA010000020	17083	17784	-1	20
JAENZA010000020	17807	18781	-1	21
JAENZA010000020	18880	19296	-1	22
JAENZA010000020	19393	20175	-1	23
JAENZA010000020	20198	21502	-1	24
JAENZA010000020	21499	22716	-1	25
JAENZA010000020	22766	23542	1	26
JAENZA010000020	23539	24018	1	27
JAENZA010000020	24006	24293	1	28
JAENZA010000020	24315	24602	-1	29
JAENZA010000021	1	204	-1	1
JAENZA010000021	201	1136	-1	2
JAENZA010000021	1236	1928	-1	3
JAENZA010000021	2049	3290	-1	4
JAENZA010000021	3329	4243	1	5
JAENZA010000021	4296	5957	1	6
JAENZA010000021	6251	8158	1	7
JAENZA010000021	8218	8322	-1	8
JAENZA010000021	8396	8716	-1	9
JAENZA010000021	9035	9379	1	10
JAENZA010000021	9617	10183	1	11
JAENZA010000021	10457	10822	1	12
JAENZA010000021	10850	12253	-1	13
JAENZA010000021	12408	12653	-1	14
JAENZA010000021	12650	13177	-1	15
JAENZA010000021	13177	14283	-1	16
JAENZA010000021	14277	14891	-1	17
JAENZA010000021	14901	15155	-1	18
JAENZA010000021	15514	16605	1	19
JAENZA010000021	16697	17470	1	20
JAENZA010000021	17436	18248	-1	21
JAENZA010000021	18245	18913	-1	22
JAENZA010000021	18958	20373	1	23
JAENZA010000021	20442	20963	-1	24
JAENZA010000021	21034	21405	1	25
JAENZA010000021	21402	21833	1	26
JAENZA010000021	21846	22037	1	27
JAENZA010000021	22041	22811	-1	28
JAENZA010000021	22844	23527	-1	29
JAENZA010000021	23619	24293	-1	30
JAENZA010000021	24334	24471	-1	31
JAENZA010000022	3	776	-1	1
JAENZA010000022	1114	4260	-1	2
JAENZA010000022	4730	4951	1	3
JAENZA010000022	5089	8259	-1	4
JAENZA010000022	8864	12049	-1	5
JAENZA010000022	12389	12997	-1	6
JAENZA010000022	12994	13632	-1	7
JAENZA010000022	13936	14199	-1	8
JAENZA010000022	14852	15739	-1	9
JAENZA010000022	15806	16477	-1	10
JAENZA010000022	16504	16692	1	11
JAENZA010000022	16650	16991	-1	12
JAENZA010000022	16996	17121	-1	13
JAENZA010000022	17190	17408	-1	14
JAENZA010000022	17571	18176	1	15
JAENZA010000022	18402	18863	-1	16
JAENZA010000022	18945	19724	1	17
JAENZA010000022	19787	20458	-1	18
JAENZA010000022	20598	21098	1	19
JAENZA010000022	21162	22319	1	20
JAENZA010000022	22509	23114	1	21
JAENZA010000022	23247	23354	-1	22
JAENZA010000022	23351	23536	-1	23
JAENZA010000023	2	277	-1	1
JAENZA010000023	283	852	-1	2
JAENZA010000023	886	2319	-1	3
JAENZA010000023	2341	2766	-1	4
JAENZA010000023	2773	3234	-1	5
JAENZA010000023	3235	3852	-1	6
JAENZA010000023	3854	4381	-1	7
JAENZA010000023	4381	4833	-1	8
JAENZA010000023	4826	5284	-1	9
JAENZA010000023	5291	5815	-1	10
JAENZA010000023	5825	6217	-1	11
JAENZA010000023	6231	6407	-1	12
JAENZA010000023	6407	6904	-1	13
JAENZA010000023	6910	7638	-1	14
JAENZA010000023	7638	8003	-1	15
JAENZA010000023	8016	8414	-1	16
JAENZA010000023	8411	8737	-1	17
JAENZA010000023	8745	9020	-1	18
JAENZA010000023	9052	9252	-1	19
JAENZA010000023	9255	9971	-1	20
JAENZA010000023	9978	10439	-1	21
JAENZA010000023	10439	10852	-1	22
JAENZA010000023	10866	11576	-1	23
JAENZA010000023	11588	11836	-1	24
JAENZA010000023	11837	12583	-1	25
JAENZA010000023	12590	13546	-1	26
JAENZA010000023	14112	14516	-1	27
JAENZA010000023	14658	15497	1	28
JAENZA010000023	15586	16518	-1	29
JAENZA010000023	16623	17624	-1	30
JAENZA010000023	17933	20098	1	31
JAENZA010000023	20091	20531	-1	32
JAENZA010000023	20528	20797	-1	33
JAENZA010000023	20870	21790	-1	34
JAENZA010000024	2	121	1	1
JAENZA010000024	408	995	1	2
JAENZA010000024	1322	2440	1	3
JAENZA010000024	2541	2744	1	4
JAENZA010000024	3212	3715	1	5
JAENZA010000024	4249	4656	1	6
JAENZA010000024	5132	5383	1	7
JAENZA010000024	5485	5751	1	8
JAENZA010000024	5896	6468	1	9
JAENZA010000024	6462	6956	1	10
JAENZA010000024	7116	7619	1	11
JAENZA010000024	8397	8876	1	12
JAENZA010000024	8830	9141	-1	13
JAENZA010000024	9129	10025	-1	14
JAENZA010000024	10035	10718	-1	15
JAENZA010000024	10718	11473	-1	16
JAENZA010000024	11466	12611	-1	17
JAENZA010000024	12622	13149	-1	18
JAENZA010000024	13169	14614	-1	19
JAENZA010000024	14837	17524	-1	20
JAENZA010000024	18224	19030	1	21
JAENZA010000025	3	476	1	1
JAENZA010000025	608	1213	1	2
JAENZA010000025	1423	2502	1	3
JAENZA010000025	2915	3460	1	4
JAENZA010000025	3725	4348	1	5
JAENZA010000025	4486	4674	1	6
JAENZA010000025	4776	5615	1	7
JAENZA010000025	5608	6567	1	8
JAENZA010000025	6567	7409	1	9
JAENZA010000025	7476	8597	1	10
JAENZA010000025	8670	9521	1	11
JAENZA010000025	9745	9930	-1	12
JAENZA010000025	10463	10885	-1	13
JAENZA010000025	11385	12854	-1	14
JAENZA010000025	12868	13050	-1	15
JAENZA010000025	13072	13299	-1	16
JAENZA010000025	13429	13926	1	17
JAENZA010000025	13987	14361	1	18
JAENZA010000025	14364	14897	1	19
JAENZA010000025	14927	15673	1	20
JAENZA010000025	15972	16178	1	21
JAENZA010000025	16457	17458	-1	22
JAENZA010000025	17455	18840	-1	23
JAENZA010000025	18911	19366	1	24
JAENZA010000026	1	1599	1	1
JAENZA010000026	1781	3376	-1	2
JAENZA010000026	3758	5545	-1	3
JAENZA010000026	5878	7488	-1	4
JAENZA010000026	7699	9303	-1	5
JAENZA010000026	9990	10508	-1	6
JAENZA010000026	11191	12510	-1	7
JAENZA010000026	12510	14747	-1	8
JAENZA010000026	14744	16009	-1	9
JAENZA010000026	16562	16858	-1	10
JAENZA010000026	17013	17678	1	11
JAENZA010000026	17709	18632	-1	12
JAENZA010000026	18638	18931	-1	13
JAENZA010000027	1	519	1	1
JAENZA010000027	787	1584	-1	2
JAENZA010000027	1693	2454	-1	3
JAENZA010000027	2602	4482	-1	4
JAENZA010000027	4515	6962	-1	5
JAENZA010000027	7799	8566	-1	6
JAENZA010000027	8770	12573	-1	7
JAENZA010000027	12516	13892	-1	8
JAENZA010000027	14822	16714	-1	9
JAENZA010000027	16915	17358	1	10
JAENZA010000028	2	328	1	1
JAENZA010000028	489	935	1	2
JAENZA010000028	1001	1888	1	3
JAENZA010000028	1927	2118	-1	4
JAENZA010000028	2359	3621	1	5
JAENZA010000028	3618	4193	1	6
JAENZA010000028	4230	4724	1	7
JAENZA010000028	4705	5376	-1	8
JAENZA010000028	5436	6563	-1	9
JAENZA010000028	6573	7055	-1	10
JAENZA010000028	7170	7877	1	11
JAENZA010000028	7937	9124	-1	12
JAENZA010000028	9341	9799	-1	13
JAENZA010000028	9953	10309	1	14
JAENZA010000028	10375	11385	1	15
JAENZA010000028	11382	12440	1	16
JAENZA010000028	12735	13043	-1	17
JAENZA010000028	13776	14657	-1	18
JAENZA010000028	14766	14924	1	19
JAENZA010000028	14937	15644	1	20
JAENZA010000028	15688	15834	-1	21
JAENZA010000028	15920	16438	-1	22
JAENZA010000028	16462	16986	-1	23
JAENZA010000029	2	766	-1	1
JAENZA010000029	1060	2166	-1	2
JAENZA010000029	2287	3423	1	3
JAENZA010000029	3730	4461	1	4
JAENZA010000029	4446	5555	1	5
JAENZA010000029	5571	6200	1	6
JAENZA010000029	6184	6789	1	7
JAENZA010000029	6877	9327	1	8
JAENZA010000029	9414	10622	-1	9
JAENZA010000029	10679	10966	1	10
JAENZA010000029	10977	11399	-1	11
JAENZA010000029	11613	12845	1	12
JAENZA010000029	12846	13226	1	13
JAENZA010000029	13239	13808	1	14
JAENZA010000029	13798	13995	1	15
JAENZA010000029	13996	14505	1	16
JAENZA010000029	14538	14849	1	17
JAENZA010000029	14852	15007	1	18
JAENZA010000029	15011	16090	1	19
JAENZA010000030	2	409	1	1
JAENZA010000030	406	1227	1	2
JAENZA010000030	1268	2521	1	3
JAENZA010000030	2566	4374	1	4
JAENZA010000030	4400	6013	1	5
JAENZA010000030	6022	6810	1	6
JAENZA010000030	6827	8017	-1	7
JAENZA010000030	8010	9641	-1	8
JAENZA010000030	9677	11389	1	9
JAENZA010000030	11399	12208	1	10
JAENZA010000030	12587	14410	-1	11
JAENZA010000030	14808	15104	-1	12
JAENZA010000031	495	1763	-1	1
JAENZA010000031	1760	2521	-1	2
JAENZA010000031	2933	3901	1	3
JAENZA010000031	3928	5163	-1	4
JAENZA010000031	5291	5431	-1	5
JAENZA010000031	5551	5982	-1	6
JAENZA010000031	6438	8822	1	7
JAENZA010000031	9215	10981	1	8
JAENZA010000031	11310	13757	1	9
JAENZA010000031	13989	14831	1	10
JAENZA010000032	36	704	-1	1
JAENZA010000032	708	1331	-1	2
JAENZA010000032	1303	1785	-1	3
JAENZA010000032	2058	2486	1	4
JAENZA010000032	2492	3115	1	5
JAENZA010000032	3159	5336	1	6
JAENZA010000032	5375	5725	1	7
JAENZA010000032	5560	8196	-1	8
JAENZA010000032	8485	9717	-1	9
JAENZA010000032	10503	11402	1	10
JAENZA010000032	11496	11927	-1	11
JAENZA010000032	12159	14012	-1	12
JAENZA010000033	1	159	-1	1
JAENZA010000033	618	1106	1	2
JAENZA010000033	1099	1833	1	3
JAENZA010000033	1852	2493	1	4
JAENZA010000033	2749	3291	-1	5
JAENZA010000033	3700	3918	1	6
JAENZA010000033	4097	4726	-1	7
JAENZA010000033	4732	6114	-1	8
JAENZA010000033	6111	7859	-1	9
JAENZA010000033	7856	8158	-1	10
JAENZA010000033	8160	9221	-1	11
JAENZA010000033	9237	9815	-1	12
JAENZA010000033	9825	10073	-1	13
JAENZA010000033	10077	12050	-1	14
JAENZA010000033	12043	12366	-1	15
JAENZA010000033	12702	13151	-1	16
JAENZA010000033	13148	13279	-1	17
JAENZA010000033	13470	13604	-1	18
JAENZA010000034	2	256	-1	1
JAENZA010000034	363	1058	-1	2
JAENZA010000034	1184	1360	-1	3
JAENZA010000034	1627	1812	1	4
JAENZA010000034	2170	2376	1	5
JAENZA010000034	2569	3429	-1	6
JAENZA010000034	4253	4633	-1	7
JAENZA010000034	4640	5722	-1	8
JAENZA010000034	5722	6129	-1	9
JAENZA010000034	6126	6575	-1	10
JAENZA010000034	6592	7455	-1	11
JAENZA010000034	7452	9359	-1	12
JAENZA010000034	9837	11429	-1	13
JAENZA010000034	12106	13317	1	14
JAENZA010000034	13347	13466	-1	15
JAENZA010000035	2	145	-1	1
JAENZA010000035	600	800	-1	2
JAENZA010000035	831	1964	-1	3
JAENZA010000035	2088	2288	1	4
JAENZA010000035	2260	2649	-1	5
JAENZA010000035	2694	4652	-1	6
JAENZA010000035	4649	4795	-1	7
JAENZA010000035	5314	5982	-1	8
JAENZA010000035	6075	6332	-1	9
JAENZA010000035	6373	7410	1	10
JAENZA010000035	7600	8046	1	11
JAENZA010000035	8253	10205	1	12
JAENZA010000035	10496	10885	1	13
JAENZA010000035	11018	12496	-1	14
JAENZA010000035	12503	13078	-1	15
JAENZA010000036	2	715	-1	1
JAENZA010000036	887	1810	-1	2
JAENZA010000036	1926	2954	1	3
JAENZA010000036	3372	3905	-1	4
JAENZA010000036	4106	4408	1	5
JAENZA010000036	4511	5104	-1	6
JAENZA010000036	5254	6180	1	7
JAENZA010000036	6340	6918	1	8
JAENZA010000036	7062	8057	1	9
JAENZA010000036	8080	8202	1	10
JAENZA010000036	8347	9957	1	11
JAENZA010000036	10016	10234	-1	12
JAENZA010000036	10341	10952	1	13
JAENZA010000036	10986	11630	-1	14
JAENZA010000036	11810	12340	1	15
JAENZA010000036	12424	12726	1	16
JAENZA010000037	2	127	1	1
JAENZA010000037	276	2429	1	2
JAENZA010000037	2610	2738	-1	3
JAENZA010000037	2817	3929	1	4
JAENZA010000037	4255	4911	-1	5
JAENZA010000037	4950	5318	1	6
JAENZA010000037	5339	7522	-1	7
JAENZA010000037	7626	8510	-1	8
JAENZA010000037	8811	9206	-1	9
JAENZA010000037	9320	10492	-1	10
JAENZA010000037	10489	10983	-1	11
JAENZA010000037	11012	12004	-1	12
JAENZA010000037	12029	12655	-1	13
JAENZA010000038	3	755	1	1
JAENZA010000038	879	1190	1	2
JAENZA010000038	1306	2397	-1	3
JAENZA010000038	2504	3286	-1	4
JAENZA010000038	3390	4856	1	5
JAENZA010000038	4833	6359	-1	6
JAENZA010000038	6447	7274	-1	7
JAENZA010000038	7975	10056	1	8
JAENZA010000038	10131	10541	1	9
JAENZA010000038	10964	11161	1	10
JAENZA010000038	11240	11566	1	11
JAENZA010000038	11943	12509	1	12
JAENZA010000039	2	115	1	1
JAENZA010000039	285	767	-1	2
JAENZA010000039	787	1386	1	3
JAENZA010000039	1519	2301	-1	4
JAENZA010000039	2620	3762	1	5
JAENZA010000039	3829	3999	-1	6
JAENZA010000039	4276	5415	1	7
JAENZA010000039	5475	6545	1	8
JAENZA010000039	6542	7297	1	9
JAENZA010000039	7479	8276	-1	10
JAENZA010000039	8368	9681	-1	11
JAENZA010000039	10421	11803	-1	12
JAENZA010000039	11908	12486	-1	13
JAENZA010000040	220	510	-1	1
JAENZA010000040	500	949	-1	2
JAENZA010000040	1072	1788	1	3
JAENZA010000040	1788	2771	1	4
JAENZA010000040	2777	3184	-1	5
JAENZA010000040	3174	3791	-1	6
JAENZA010000040	3834	5300	-1	7
JAENZA010000040	5307	5993	-1	8
JAENZA010000040	6037	6708	1	9
JAENZA010000040	6702	7301	1	10
JAENZA010000040	7276	9873	-1	11
JAENZA010000040	10009	11208	1	12
JAENZA010000040	11214	12068	-1	13
JAENZA010000040	12080	12211	-1	14
JAENZA010000041	1	84	1	1
JAENZA010000041	85	681	1	2
JAENZA010000041	674	1864	1	3
JAENZA010000041	1861	2172	1	4
JAENZA010000041	2220	3932	1	5
JAENZA010000041	3929	5317	1	6
JAENZA010000041	5314	5964	1	7
JAENZA010000041	6271	7383	1	8
JAENZA010000041	7402	8511	-1	9
JAENZA010000041	8708	9550	1	10
JAENZA010000041	9612	10028	1	11
JAENZA010000041	10022	10726	-1	12
JAENZA010000041	10759	11532	-1	13
JAENZA010000042	1	387	1	1
JAENZA010000042	384	533	1	2
JAENZA010000042	672	1004	1	3
JAENZA010000042	912	1346	-1	4
JAENZA010000042	1324	1881	-1	5
JAENZA010000042	2114	2317	-1	6
JAENZA010000042	2385	2963	-1	7
JAENZA010000042	3170	5257	-1	8
JAENZA010000042	5391	6986	1	9
JAENZA010000042	7207	7800	1	10
JAENZA010000042	8162	8806	-1	11
JAENZA010000042	8928	9215	-1	12
JAENZA010000042	9307	9606	-1	13
JAENZA010000042	9603	10055	-1	14
JAENZA010000042	10250	11512	1	15
JAENZA010000043	2	1744	1	1
JAENZA010000043	1779	3197	-1	2
JAENZA010000043	3209	3403	-1	3
JAENZA010000043	3436	4083	1	4
JAENZA010000043	4226	4903	1	5
JAENZA010000043	5159	6370	-1	6
JAENZA010000043	6473	6658	1	7
JAENZA010000043	7107	7358	-1	8
JAENZA010000043	7389	7934	1	9
JAENZA010000043	8040	8558	1	10
JAENZA010000043	8676	9518	1	11
JAENZA010000043	9779	10468	1	12
JAENZA010000043	10626	11234	1	13
JAENZA010000044	2	598	-1	1
JAENZA010000044	728	1162	-1	2
JAENZA010000044	1310	1612	1	3
JAENZA010000044	2216	2659	1	4
JAENZA010000044	2965	3684	-1	5
JAENZA010000044	3688	4611	-1	6
JAENZA010000044	5051	5863	-1	7
JAENZA010000044	6091	6699	1	8
JAENZA010000044	6711	7826	1	9
JAENZA010000044	7831	8871	1	10
JAENZA010000044	8954	9505	1	11
JAENZA010000044	9486	11234	1	12
JAENZA010000045	3	764	-1	1
JAENZA010000045	745	966	-1	2
JAENZA010000045	1133	1582	-1	3
JAENZA010000045	1589	1780	-1	4
JAENZA010000045	1786	1992	-1	5
JAENZA010000045	2001	2369	-1	6
JAENZA010000045	2559	4565	-1	7
JAENZA010000045	4562	5530	-1	8
JAENZA010000045	5514	6230	-1	9
JAENZA010000045	6227	7456	-1	10
JAENZA010000045	7567	8745	1	11
JAENZA010000045	8760	9872	1	12
JAENZA010000045	9989	10477	1	13
JAENZA010000045	10539	11180	-1	14
JAENZA010000046	2	508	1	1
JAENZA010000046	551	1342	-1	2
JAENZA010000046	1638	2771	1	3
JAENZA010000046	2889	5195	1	4
JAENZA010000046	5207	5665	1	5
JAENZA010000046	5799	6320	1	6
JAENZA010000046	6402	7814	-1	7
JAENZA010000046	7822	8559	-1	8
JAENZA010000046	8697	9794	1	9
JAENZA010000046	9915	10028	1	10
JAENZA010000046	10100	10486	1	11
JAENZA010000046	10444	10752	-1	12
JAENZA010000047	494	1315	-1	1
JAENZA010000047	1373	1639	-1	2
JAENZA010000047	2108	3598	1	3
JAENZA010000047	3697	4731	-1	4
JAENZA010000047	5204	6235	-1	5
JAENZA010000047	7339	7659	1	6
JAENZA010000047	7982	8980	-1	7
JAENZA010000047	9178	9366	-1	8
JAENZA010000047	9363	10322	-1	9
JAENZA010000047	10387	10623	-1	10
JAENZA010000048	2	3046	1	1
JAENZA010000048	3159	7316	1	2
JAENZA010000048	7421	8452	-1	3
JAENZA010000048	8508	9599	-1	4
JAENZA010000048	9629	10375	-1	5
JAENZA010000049	1	237	-1	1
JAENZA010000049	245	508	-1	2
JAENZA010000049	565	1212	1	3
JAENZA010000049	1333	1710	1	4
JAENZA010000049	1808	2230	1	5
JAENZA010000049	2266	2697	1	6
JAENZA010000049	2879	3280	-1	7
JAENZA010000049	3369	5180	-1	8
JAENZA010000049	5868	6668	-1	9
JAENZA010000049	6889	8103	1	10
JAENZA010000049	8100	8618	1	11
JAENZA010000049	8645	9709	-1	12
JAENZA010000050	3	332	1	1
JAENZA010000050	238	2217	-1	2
JAENZA010000050	2382	2573	-1	3
JAENZA010000050	2913	3491	1	4
JAENZA010000050	3727	4905	1	5
JAENZA010000050	5058	6551	1	6
JAENZA010000050	6560	6820	1	7
JAENZA010000050	6875	7156	1	8
JAENZA010000050	7184	8095	-1	9
JAENZA010000050	8092	9384	-1	10
JAENZA010000050	9416	9610	-1	11
JAENZA010000051	3	125	-1	1
JAENZA010000051	168	1265	1	2
JAENZA010000051	1314	2543	-1	3
JAENZA010000051	2726	3682	1	4
JAENZA010000051	3726	4508	1	5
JAENZA010000051	4632	5525	-1	6
JAENZA010000051	5614	6453	-1	7
JAENZA010000051	6446	7672	-1	8
JAENZA010000051	7940	8482	1	9
JAENZA010000051	8714	9601	1	10
JAENZA010000052	2	373	-1	1
JAENZA010000052	524	1363	-1	2
JAENZA010000052	1496	2707	-1	3
JAENZA010000052	2952	3476	1	4
JAENZA010000052	3384	3683	-1	5
JAENZA010000052	4479	5666	1	6
JAENZA010000052	5884	6249	1	7
JAENZA010000052	6168	6509	-1	8
JAENZA010000052	6578	7030	1	9
JAENZA010000052	7247	8182	-1	10
JAENZA010000052	8706	9209	-1	11
JAENZA010000052	9434	9577	1	12
JAENZA010000053	1	1860	-1	1
JAENZA010000053	2027	2755	1	2
JAENZA010000053	2773	3279	-1	3
JAENZA010000053	3462	3647	1	4
JAENZA010000053	3720	4040	1	5
JAENZA010000053	4044	4952	-1	6
JAENZA010000053	5174	5773	1	7
JAENZA010000053	5954	7255	1	8
JAENZA010000053	7252	8553	1	9
JAENZA010000053	8553	8996	1	10
JAENZA010000053	9200	9538	-1	11
JAENZA010000054	1	258	1	1
JAENZA010000054	357	1418	-1	2
JAENZA010000054	1434	2231	-1	3
JAENZA010000054	2228	2776	-1	4
JAENZA010000054	2822	3631	-1	5
JAENZA010000054	3907	4713	-1	6
JAENZA010000054	4963	5301	1	7
JAENZA010000054	5384	5659	1	8
JAENZA010000054	5796	6131	1	9
JAENZA010000054	6141	6425	1	10
JAENZA010000054	6459	6680	-1	11
JAENZA010000054	6858	7109	1	12
JAENZA010000054	7185	7412	-1	13
JAENZA010000054	7572	7976	1	14
JAENZA010000054	8169	8411	1	15
JAENZA010000054	8408	8641	1	16
JAENZA010000054	8649	9101	1	17
JAENZA010000055	1	78	1	1
JAENZA010000055	79	300	1	2
JAENZA010000055	430	879	1	3
JAENZA010000055	947	1912	1	4
JAENZA010000055	2043	2387	1	5
JAENZA010000055	2447	4174	-1	6
JAENZA010000055	4191	4745	-1	7
JAENZA010000055	4852	5751	1	8
JAENZA010000055	6395	7570	-1	9
JAENZA010000055	7807	8769	-1	10
JAENZA010000055	8905	9048	-1	11
JAENZA010000056	2	310	-1	1
JAENZA010000056	307	444	-1	2
JAENZA010000056	444	1931	-1	3
JAENZA010000056	1928	3394	-1	4
JAENZA010000056	3391	4197	-1	5
JAENZA010000056	4261	6492	-1	6
JAENZA010000056	6489	8474	-1	7
JAENZA010000057	1	1347	1	1
JAENZA010000057	1328	2224	1	2
JAENZA010000057	2227	3807	1	3
JAENZA010000057	3915	5666	1	4
JAENZA010000057	5820	6008	-1	5
JAENZA010000057	6077	6286	-1	6
JAENZA010000057	6357	6644	1	7
JAENZA010000057	6778	7149	1	8
JAENZA010000057	7175	8152	1	9
JAENZA010000057	8183	8974	-1	10
JAENZA010000058	433	2418	1	1
JAENZA010000058	2415	3821	1	2
JAENZA010000058	3818	5914	1	3
JAENZA010000058	5911	6135	1	4
JAENZA010000058	6132	6938	1	5
JAENZA010000058	6905	8398	1	6
JAENZA010000058	8398	8535	1	7
JAENZA010000058	8532	8840	1	8
JAENZA010000059	165	455	-1	1
JAENZA010000059	581	892	-1	2
JAENZA010000059	904	1332	1	3
JAENZA010000059	1714	3933	-1	4
JAENZA010000059	4255	5007	-1	5
JAENZA010000059	4979	6019	-1	6
JAENZA010000059	6170	7435	-1	7
JAENZA010000059	7862	8176	1	8
JAENZA010000059	8306	8509	1	9
JAENZA010000059	8535	8696	1	10
JAENZA010000060	2	730	-1	1
JAENZA010000060	727	1008	-1	2
JAENZA010000060	1516	3429	-1	3
JAENZA010000060	3558	3863	1	4
JAENZA010000060	4041	5264	-1	5
JAENZA010000060	5786	7375	-1	6
JAENZA010000060	7650	8687	-1	7
JAENZA010000061	1	480	-1	1
JAENZA010000061	477	1334	-1	2
JAENZA010000061	1389	2276	1	3
JAENZA010000061	2273	3988	1	4
JAENZA010000061	3985	4740	1	5
JAENZA010000061	4737	5423	-1	6
JAENZA010000061	5423	6715	-1	7
JAENZA010000061	6781	7551	1	8
JAENZA010000061	7616	8545	1	9
JAENZA010000062	3	485	1	1
JAENZA010000062	519	1517	1	2
JAENZA010000062	1531	2787	1	3
JAENZA010000062	2787	4223	1	4
JAENZA010000062	4226	5842	1	5
JAENZA010000062	5865	6458	-1	6
JAENZA010000062	6505	7311	-1	7
JAENZA010000062	7342	8394	-1	8
JAENZA010000063	3	128	1	1
JAENZA010000063	121	1233	1	2
JAENZA010000063	1304	2329	1	3
JAENZA010000063	2326	3573	1	4
JAENZA010000063	3721	7365	1	5
JAENZA010000063	7346	8263	1	6
JAENZA010000064	268	1038	1	1
JAENZA010000064	1135	1392	1	2
JAENZA010000064	1446	1742	1	3
JAENZA010000064	1655	2740	-1	4
JAENZA010000064	2994	3803	1	5
JAENZA010000064	3885	4853	1	6
JAENZA010000064	4959	6278	-1	7
JAENZA010000064	6590	7483	1	8
JAENZA010000064	7437	7715	1	9
JAENZA010000064	7715	7987	1	10
JAENZA010000064	8057	8236	-1	11
JAENZA010000065	3	4511	-1	1
JAENZA010000065	4637	5020	-1	2
JAENZA010000065	5422	6165	-1	3
JAENZA010000065	6367	8148	1	4
JAENZA010000066	1	984	1	1
JAENZA010000066	1204	2298	-1	2
JAENZA010000066	2381	3163	-1	3
JAENZA010000066	3351	4832	1	4
JAENZA010000066	4843	5703	1	5
JAENZA010000066	5690	6568	1	6
JAENZA010000066	6662	7447	1	7
JAENZA010000066	7434	8087	-1	8
JAENZA010000067	201	1031	-1	1
JAENZA010000067	1034	3976	-1	2
JAENZA010000067	4273	5343	1	3
JAENZA010000067	5680	6483	1	4
JAENZA010000067	7299	7574	-1	5
JAENZA010000068	3	800	-1	1
JAENZA010000068	817	2685	-1	2
JAENZA010000068	2678	3205	-1	3
JAENZA010000068	3476	4771	1	4
JAENZA010000068	4896	5111	-1	5
JAENZA010000068	5786	6568	-1	6
JAENZA010000068	6725	7417	1	7
JAENZA010000069	2	277	1	1
JAENZA010000069	294	1049	1	2
JAENZA010000069	1036	3726	1	3
JAENZA010000069	3868	5532	1	4
JAENZA010000069	5606	7459	1	5
JAENZA010000070	1	153	-1	1
JAENZA010000070	468	1598	1	2
JAENZA010000070	1584	2828	-1	3
JAENZA010000070	3330	4403	1	4
JAENZA010000070	4416	5585	-1	5
JAENZA010000070	5591	6802	-1	6
JAENZA010000070	7156	7506	1	7
JAENZA010000071	2	193	-1	1
JAENZA010000071	363	1358	1	2
JAENZA010000071	1359	3485	1	3
JAENZA010000071	3536	3859	1	4
JAENZA010000071	3861	4691	1	5
JAENZA010000071	4747	5040	1	6
JAENZA010000071	5049	6095	1	7
JAENZA010000071	6101	6979	1	8
JAENZA010000071	6976	7401	1	9
JAENZA010000072	3	170	1	1
JAENZA010000072	126	752	-1	2
JAENZA010000072	1772	2338	-1	3
JAENZA010000072	2293	2421	-1	4
JAENZA010000072	2516	3094	-1	5
JAENZA010000072	3088	3594	-1	6
JAENZA010000072	3607	4971	-1	7
JAENZA010000072	5340	6740	1	8
JAENZA010000073	3	155	1	1
JAENZA010000073	317	2668	1	2
JAENZA010000073	2814	3404	-1	3
JAENZA010000073	3931	4467	1	4
JAENZA010000073	4484	4675	-1	5
JAENZA010000073	4893	5456	1	6
JAENZA010000073	5577	6062	1	7
JAENZA010000073	6056	7114	1	8
JAENZA010000074	1	1407	1	1
JAENZA010000074	1408	1956	1	2
JAENZA010000074	2174	2665	-1	3
JAENZA010000074	4079	5449	1	4
JAENZA010000074	5455	5946	1	5
JAENZA010000074	5960	6976	1	6
JAENZA010000075	1	1635	-1	1
JAENZA010000075	2117	3352	1	2
JAENZA010000075	3522	3905	-1	3
JAENZA010000075	4280	5539	1	4
JAENZA010000075	5955	6230	1	5
JAENZA010000075	6342	6875	-1	6
JAENZA010000076	420	812	1	1
JAENZA010000076	904	1347	1	2
JAENZA010000076	1331	2515	1	3
JAENZA010000076	2563	2883	-1	4
JAENZA010000076	2883	3149	-1	5
JAENZA010000076	3252	3449	1	6
JAENZA010000076	3446	4000	1	7
JAENZA010000076	3997	4269	1	8
JAENZA010000076	4266	4724	1	9
JAENZA010000076	4960	5199	1	10
JAENZA010000076	5199	5654	1	11
JAENZA010000076	5654	5824	1	12
JAENZA010000076	5817	6038	1	13
JAENZA010000076	6040	6210	1	14
JAENZA010000076	6219	6419	1	15
JAENZA010000076	6416	6577	1	16
JAENZA010000076	6574	6711	1	17
JAENZA010000077	2	424	-1	1
JAENZA010000077	421	1131	-1	2
JAENZA010000077	1116	2267	-1	3
JAENZA010000077	2269	2910	-1	4
JAENZA010000077	3123	3251	1	5
JAENZA010000077	3392	4156	-1	6
JAENZA010000077	4153	5067	-1	7
JAENZA010000077	5570	5755	1	8
JAENZA010000077	5970	6125	1	9
JAENZA010000077	6464	6643	-1	10
JAENZA010000078	3	1244	-1	1
JAENZA010000078	1241	2245	-1	2
JAENZA010000078	2737	3762	1	3
JAENZA010000078	4034	5902	-1	4
JAENZA010000078	6003	6245	1	5
JAENZA010000079	2	688	-1	1
JAENZA010000079	702	1277	-1	2
JAENZA010000079	1386	3728	-1	3
JAENZA010000079	4106	4348	-1	4
JAENZA010000079	4436	4600	-1	5
JAENZA010000079	4707	5369	-1	6
JAENZA010000079	5611	6048	1	7
JAENZA010000080	2	1603	1	1
JAENZA010000080	1740	2630	1	2
JAENZA010000080	2703	3338	-1	3
JAENZA010000080	4309	5946	-1	4
JAENZA010000080	6344	6484	1	5
JAENZA010000081	43	468	1	1
JAENZA010000081	771	1580	1	2
JAENZA010000081	1758	2351	1	3
JAENZA010000081	2476	2733	-1	4
JAENZA010000081	2852	3100	-1	5
JAENZA010000081	3291	3629	-1	6
JAENZA010000081	3598	3939	-1	7
JAENZA010000081	3936	4160	-1	8
JAENZA010000081	4157	4474	-1	9
JAENZA010000081	4481	4882	-1	10
JAENZA010000081	4898	5509	-1	11
JAENZA010000081	5545	5862	-1	12
JAENZA010000081	5924	6469	1	13
JAENZA010000082	1	582	-1	1
JAENZA010000082	1073	2149	-1	2
JAENZA010000082	2371	2868	-1	3
JAENZA010000082	3093	3749	1	4
JAENZA010000082	3746	4084	1	5
JAENZA010000082	4209	5042	1	6
JAENZA010000082	5039	5857	1	7
JAENZA010000082	6002	6445	1	8
JAENZA010000083	176	898	1	1
JAENZA010000083	1052	1849	-1	2
JAENZA010000083	2034	2159	1	3
JAENZA010000083	2322	4637	1	4
JAENZA010000083	4648	4821	-1	5
JAENZA010000083	4918	5097	1	6
JAENZA010000083	5101	5409	1	7
JAENZA010000083	5477	6244	-1	8
JAENZA010000084	3	242	1	1
JAENZA010000084	396	1109	1	2
JAENZA010000084	1206	2045	1	3
JAENZA010000084	2091	2627	1	4
JAENZA010000084	2658	3044	-1	5
JAENZA010000084	3041	5296	-1	6
JAENZA010000084	5422	5805	-1	7
JAENZA010000084	5820	6404	1	8
JAENZA010000085	1	1401	-1	1
JAENZA010000085	1780	2610	1	2
JAENZA010000085	2639	3457	-1	3
JAENZA010000085	3584	4273	1	4
JAENZA010000085	4392	4661	1	5
JAENZA010000085	4691	5263	-1	6
JAENZA010000085	5270	5452	-1	7
JAENZA010000085	5536	6114	1	8
JAENZA010000085	6226	6378	1	9
JAENZA010000086	2	706	1	1
JAENZA010000086	725	1882	-1	2
JAENZA010000086	1935	2192	1	3
JAENZA010000086	2280	3008	1	4
JAENZA010000086	2991	6149	-1	5
JAENZA010000086	6243	6386	1	6
JAENZA010000087	1	954	-1	1
JAENZA010000087	957	2771	-1	2
JAENZA010000087	2836	3726	1	3
JAENZA010000087	4018	5493	1	4
JAENZA010000087	5483	6103	1	5
JAENZA010000087	6093	6371	1	6
JAENZA010000088	1	546	1	1
JAENZA010000088	664	2757	-1	2
JAENZA010000088	2954	4150	1	3
JAENZA010000088	4190	4573	1	4
JAENZA010000088	4676	4912	1	5
JAENZA010000088	4957	6282	-1	6
JAENZA010000089	448	1743	-1	1
JAENZA010000089	2003	2449	-1	2
JAENZA010000089	2829	3056	-1	3
JAENZA010000089	3288	6110	-1	4
JAENZA010000090	1	243	-1	1
JAENZA010000090	431	1285	-1	2
JAENZA010000090	1287	2276	-1	3
JAENZA010000090	2221	2781	-1	4
JAENZA010000090	2792	4162	-1	5
JAENZA010000090	4428	5366	-1	6
JAENZA010000090	5510	6040	1	7
JAENZA010000091	2	802	-1	1
JAENZA010000091	799	1848	-1	2
JAENZA010000091	2113	2661	1	3
JAENZA010000091	2754	3551	1	4
JAENZA010000091	3590	5833	1	5
JAENZA010000091	5905	5982	1	6
JAENZA010000092	1	381	-1	1
JAENZA010000092	832	2193	1	2
JAENZA010000092	2236	2721	-1	3
JAENZA010000092	2940	3311	1	4
JAENZA010000092	4420	5319	-1	5
JAENZA010000092	5316	5882	-1	6
JAENZA010000093	305	589	1	1
JAENZA010000093	964	1377	1	2
JAENZA010000093	1377	2753	1	3
JAENZA010000093	2750	4453	1	4
JAENZA010000093	4467	5267	1	5
JAENZA010000093	5326	5772	1	6
JAENZA010000094	1	975	1	1
JAENZA010000094	956	2095	1	2
JAENZA010000094	2079	3290	1	3
JAENZA010000094	3290	3763	1	4
JAENZA010000094	3760	4563	1	5
JAENZA010000094	4560	5531	1	6
JAENZA010000094	5698	5772	1	7
JAENZA010000095	181	798	1	1
JAENZA010000095	974	2461	1	2
JAENZA010000095	2833	3531	1	3
JAENZA010000095	3590	4492	-1	4
JAENZA010000095	4678	5031	1	5
JAENZA010000095	5001	5216	1	6
JAENZA010000095	5139	5498	-1	7
JAENZA010000095	5541	5702	-1	8
JAENZA010000096	481	1842	-1	1
JAENZA010000096	2112	4013	-1	2
JAENZA010000096	4238	5245	1	3
JAENZA010000096	5262	5519	1	4
JAENZA010000097	3	575	1	1
JAENZA010000097	812	1201	-1	2
JAENZA010000097	1207	2367	-1	3
JAENZA010000097	2378	3427	-1	4
JAENZA010000097	3421	4131	-1	5
JAENZA010000097	4234	4923	1	6
JAENZA010000097	4920	5480	1	7
JAENZA010000098	2	97	1	1
JAENZA010000098	155	997	-1	2
JAENZA010000098	1083	1925	-1	3
JAENZA010000098	2011	2865	-1	4
JAENZA010000098	3094	5232	1	5
JAENZA010000099	97	825	-1	1
JAENZA010000099	841	1059	-1	2
JAENZA010000099	1116	2678	-1	3
JAENZA010000099	2813	3106	-1	4
JAENZA010000099	3852	5444	1	5
JAENZA010000100	3	1214	-1	1
JAENZA010000100	1331	2716	1	2
JAENZA010000100	2682	3161	1	3
JAENZA010000100	3163	3501	1	4
JAENZA010000100	3498	4226	1	5
JAENZA010000100	4496	4621	1	6
JAENZA010000100	4611	5381	1	7
JAENZA010000101	2	175	-1	1
JAENZA010000101	172	2379	-1	2
JAENZA010000101	2414	2680	-1	3
JAENZA010000101	2652	2867	-1	4
JAENZA010000101	3144	3905	1	5
JAENZA010000101	3956	5194	-1	6
JAENZA010000102	408	1535	1	1
JAENZA010000102	1611	2558	1	2
JAENZA010000102	2682	2885	1	3
JAENZA010000102	3024	3326	-1	4
JAENZA010000102	3697	4167	-1	5
JAENZA010000102	4259	4810	-1	6
JAENZA010000103	3	824	1	1
JAENZA010000103	980	1873	1	2
JAENZA010000103	1874	2344	1	3
JAENZA010000103	2337	2795	-1	4
JAENZA010000103	2826	3317	1	5
JAENZA010000103	3310	4584	1	6
JAENZA010000103	4588	4776	1	7
JAENZA010000104	1	270	-1	1
JAENZA010000104	321	1676	-1	2
JAENZA010000104	1774	3087	-1	3
JAENZA010000104	3103	3357	1	4
JAENZA010000104	3237	4535	-1	5
JAENZA010000104	4599	4706	-1	6
JAENZA010000105	3	281	-1	1
JAENZA010000105	475	1500	-1	2
JAENZA010000105	1543	2568	1	3
JAENZA010000105	3006	4547	-1	4
JAENZA010000106	51	1016	1	1
JAENZA010000106	1077	1637	1	2
JAENZA010000106	1645	2196	1	3
JAENZA010000106	2189	3394	1	4
JAENZA010000106	3450	3950	1	5
JAENZA010000106	4076	4627	1	6
JAENZA010000107	3	1874	-1	1
JAENZA010000107	2097	2618	-1	2
JAENZA010000107	3180	4535	1	3
JAENZA010000107	4540	4620	1	4
JAENZA010000108	1	1221	1	1
JAENZA010000108	1218	3278	1	2
JAENZA010000108	3278	4516	1	3
JAENZA010000109	2	1345	1	1
JAENZA010000109	1208	2416	-1	2
JAENZA010000109	2726	4141	1	3
JAENZA010000109	4138	4350	1	4
JAENZA010000109	4251	4574	-1	5
JAENZA010000110	2	628	-1	1
JAENZA010000110	1123	2073	1	2
JAENZA010000110	2105	3232	1	3
JAENZA010000110	3378	3581	1	4
JAENZA010000110	3598	4539	1	5
JAENZA010000111	3	572	1	1
JAENZA010000111	580	2466	-1	2
JAENZA010000111	2845	3717	1	3
JAENZA010000111	3729	4238	1	4
JAENZA010000111	4322	4516	-1	5
JAENZA010000112	1	357	1	1
JAENZA010000112	418	579	1	2
JAENZA010000112	582	839	1	3
JAENZA010000112	1036	2760	1	4
JAENZA010000112	2827	3783	-1	5
JAENZA010000112	4143	4511	-1	6
JAENZA010000113	1	135	-1	1
JAENZA010000113	297	1610	-1	2
JAENZA010000113	2314	2742	-1	3
JAENZA010000113	2755	3198	-1	4
JAENZA010000113	3309	4475	1	5
JAENZA010000114	3	695	1	1
JAENZA010000114	679	975	1	2
JAENZA010000114	997	3357	-1	3
JAENZA010000114	4011	4328	1	4
JAENZA010000114	4325	4471	1	5
JAENZA010000115	3	125	1	1
JAENZA010000115	261	1181	1	2
JAENZA010000115	1279	2031	1	3
JAENZA010000115	2112	4307	-1	4
JAENZA010000115	4304	4417	-1	5
JAENZA010000116	1	510	-1	1
JAENZA010000116	653	1036	1	2
JAENZA010000116	1033	1287	-1	3
JAENZA010000116	1514	2218	-1	4
JAENZA010000116	2404	3924	-1	5
JAENZA010000117	1	234	-1	1
JAENZA010000117	466	1617	-1	2
JAENZA010000117	1687	2625	-1	3
JAENZA010000117	2743	3555	1	4
JAENZA010000117	3695	4285	1	5
JAENZA010000118	1	213	-1	1
JAENZA010000118	309	1091	1	2
JAENZA010000118	1385	2005	1	3
JAENZA010000118	1954	4281	1	4
JAENZA010000119	1	426	1	1
JAENZA010000119	408	1022	1	2
JAENZA010000119	1029	1421	-1	3
JAENZA010000119	1740	2198	-1	4
JAENZA010000119	2531	2962	-1	5
JAENZA010000119	2972	3259	-1	6
JAENZA010000119	3252	3704	-1	7
JAENZA010000119	3787	4248	-1	8
JAENZA010000120	1	666	-1	1
JAENZA010000120	615	1448	-1	2
JAENZA010000120	1523	1741	-1	3
JAENZA010000120	1738	3546	-1	4
JAENZA010000120	3543	4199	-1	5
JAENZA010000121	3	104	-1	1
JAENZA010000121	104	349	-1	2
JAENZA010000121	339	593	-1	3
JAENZA010000121	583	990	-1	4
JAENZA010000121	1127	1444	-1	5
JAENZA010000121	1625	2104	-1	6
JAENZA010000121	2803	3417	-1	7
JAENZA010000121	3414	3617	-1	8
JAENZA010000121	3708	3923	1	9
JAENZA010000121	3936	4127	1	10
JAENZA010000122	3	203	1	1
JAENZA010000122	459	1088	1	2
JAENZA010000122	1176	1886	-1	3
JAENZA010000122	1980	2258	-1	4
JAENZA010000122	2258	2548	-1	5
JAENZA010000122	2631	3272	-1	6
JAENZA010000122	3344	3772	1	7
JAENZA010000122	3833	4027	-1	8
JAENZA010000123	1	603	1	1
JAENZA010000123	635	1717	1	2
JAENZA010000123	1900	3222	1	3
JAENZA010000123	3188	3991	1	4
JAENZA010000124	3	68	1	1
JAENZA010000124	258	2501	1	2
JAENZA010000124	2455	3864	1	3
JAENZA010000125	481	927	-1	1
JAENZA010000125	1153	1320	-1	2
JAENZA010000125	1346	3175	-1	3
JAENZA010000125	3670	3870	1	4
JAENZA010000126	1	801	-1	1
JAENZA010000126	994	3249	1	2
JAENZA010000126	3544	3963	-1	3
JAENZA010000127	3	2486	-1	1
JAENZA010000127	2846	3421	1	2
JAENZA010000127	3517	3915	1	3
JAENZA010000128	332	634	1	1
JAENZA010000128	782	1429	1	2
JAENZA010000128	1445	2218	1	3
JAENZA010000128	2628	3890	1	4
JAENZA010000129	1	402	-1	1
JAENZA010000129	439	1050	-1	2
JAENZA010000129	1471	3618	1	3
JAENZA010000130	1	2103	-1	1
JAENZA010000130	2106	3803	-1	2
JAENZA010000131	3	176	-1	1
JAENZA010000131	242	880	-1	2
JAENZA010000131	1200	3266	1	3
JAENZA010000131	3268	3801	1	4
JAENZA010000132	3	2018	1	1
JAENZA010000132	2181	3482	1	2
JAENZA010000133	3	206	1	1
JAENZA010000133	188	1087	1	2
JAENZA010000133	1099	1275	1	3
JAENZA010000133	1278	1694	1	4
JAENZA010000133	1701	2453	1	5
JAENZA010000133	2601	3773	-1	6
JAENZA010000134	3	995	-1	1
JAENZA010000134	1007	1279	-1	2
JAENZA010000134	1463	2131	-1	3
JAENZA010000134	2733	3455	1	4
JAENZA010000134	3452	3766	1	5
JAENZA010000135	3	308	1	1
JAENZA010000135	310	2211	1	2
JAENZA010000135	2312	3673	1	3
JAENZA010000136	161	388	-1	1
JAENZA010000136	566	790	-1	2
JAENZA010000136	787	999	-1	3
JAENZA010000136	1517	3715	1	4
JAENZA010000137	3	623	1	1
JAENZA010000137	685	987	-1	2
JAENZA010000137	1172	2449	1	3
JAENZA010000137	2480	2788	1	4
JAENZA010000137	2798	3697	1	5
JAENZA010000138	3	212	1	1
JAENZA010000138	207	449	-1	2
JAENZA010000138	491	1189	1	3
JAENZA010000138	1186	1926	1	4
JAENZA010000138	2095	3660	-1	5
JAENZA010000139	2	694	-1	1
JAENZA010000139	887	2101	1	2
JAENZA010000139	2155	2301	1	3
JAENZA010000139	2594	2962	1	4
JAENZA010000139	3558	3635	1	5
JAENZA010000140	1	108	1	1
JAENZA010000140	143	937	-1	2
JAENZA010000140	938	3592	1	3
JAENZA010000141	1	2319	1	1
JAENZA010000141	2496	3191	1	2
JAENZA010000141	3184	3555	1	3
JAENZA010000142	3	173	1	1
JAENZA010000142	263	580	1	2
JAENZA010000142	645	950	1	3
JAENZA010000142	1048	1287	1	4
JAENZA010000142	1424	1585	-1	5
JAENZA010000142	1929	2543	-1	6
JAENZA010000142	2953	3507	1	7
JAENZA010000143	42	2465	1	1
JAENZA010000143	2446	3210	1	2
JAENZA010000143	3207	3392	1	3
JAENZA010000144	3	170	-1	1
JAENZA010000144	243	848	1	2
JAENZA010000144	715	2340	-1	3
JAENZA010000144	2442	2810	1	4
JAENZA010000144	2748	3212	-1	5
JAENZA010000144	3217	3348	1	6
JAENZA010000145	3	284	1	1
JAENZA010000145	499	1185	1	2
JAENZA010000145	1379	1567	1	3
JAENZA010000145	1537	1935	-1	4
JAENZA010000145	2058	2906	1	5
JAENZA010000145	2898	3335	-1	6
JAENZA010000146	2	124	1	1
JAENZA010000146	432	2255	1	2
JAENZA010000146	2310	2459	-1	3
JAENZA010000146	2607	3062	-1	4
JAENZA010000146	3106	3324	-1	5
JAENZA010000147	2	244	1	1
JAENZA010000147	323	601	-1	2
JAENZA010000147	1098	1949	-1	3
JAENZA010000147	2880	3068	-1	4
JAENZA010000148	2	124	1	1
JAENZA010000148	813	3254	1	2
JAENZA010000149	1	279	1	1
JAENZA010000149	459	863	1	2
JAENZA010000149	865	1122	1	3
JAENZA010000149	1123	2283	1	4
JAENZA010000149	2285	3178	1	5
JAENZA010000150	1	1374	-1	1
JAENZA010000150	1418	2029	-1	2
JAENZA010000150	1969	3237	-1	3
JAENZA010000151	3	320	-1	1
JAENZA010000151	317	1588	-1	2
JAENZA010000151	1585	2376	-1	3
JAENZA010000151	2373	3224	-1	4
JAENZA010000152	1	174	-1	1
JAENZA010000152	197	673	-1	2
JAENZA010000152	1237	2310	1	3
JAENZA010000152	2382	2918	-1	4
JAENZA010000152	3080	3178	-1	5
JAENZA010000153	89	451	-1	1
JAENZA010000153	444	863	-1	2
JAENZA010000153	993	1325	-1	3
JAENZA010000153	1409	2212	1	4
JAENZA010000153	2227	2541	-1	5
JAENZA010000153	2761	3168	-1	6
JAENZA010000154	2	352	1	1
JAENZA010000154	349	1122	1	2
JAENZA010000154	1130	1795	1	3
JAENZA010000154	1997	3154	1	4
JAENZA010000155	3	125	1	1
JAENZA010000155	193	342	-1	2
JAENZA010000155	1538	1996	1	3
JAENZA010000155	2011	3144	1	4
JAENZA010000156	1	324	1	1
JAENZA010000156	321	596	1	2
JAENZA010000156	601	990	1	3
JAENZA010000156	1120	2175	-1	4
JAENZA010000156	2615	2812	1	5
JAENZA010000156	2936	3118	-1	6
JAENZA010000157	1	528	-1	1
JAENZA010000157	539	862	-1	2
JAENZA010000157	1329	2240	-1	3
JAENZA010000157	2499	3095	-1	4
JAENZA010000158	607	1722	1	1
JAENZA010000158	2151	2261	-1	2
JAENZA010000158	2408	2725	-1	3
JAENZA010000158	3005	3076	1	4
JAENZA010000159	233	775	1	1
JAENZA010000159	787	2109	1	2
JAENZA010000159	2115	2564	1	3
JAENZA010000159	2777	3049	-1	4
JAENZA010000160	3	200	-1	1
JAENZA010000160	424	813	1	2
JAENZA010000160	815	1039	-1	3
JAENZA010000160	1394	2059	1	4
JAENZA010000160	2091	2342	1	5
JAENZA010000160	2294	2635	-1	6
JAENZA010000160	2622	2933	-1	7
JAENZA010000161	2	64	-1	1
JAENZA010000161	309	1124	-1	2
JAENZA010000161	1121	1954	-1	3
JAENZA010000161	1989	2321	-1	4
JAENZA010000161	2321	2971	-1	5
JAENZA010000162	2	454	-1	1
JAENZA010000162	932	1819	1	2
JAENZA010000162	1872	2096	-1	3
JAENZA010000162	2121	2513	-1	4
JAENZA010000162	2767	3006	1	5
JAENZA010000163	303	797	-1	1
JAENZA010000163	1078	1869	-1	2
JAENZA010000163	2421	2972	-1	3
JAENZA010000164	3	95	1	1
JAENZA010000164	404	1150	-1	2
JAENZA010000164	1253	2653	-1	3
JAENZA010000164	2818	2937	1	4
JAENZA010000165	139	2937	-1	1
JAENZA010000166	3	452	-1	1
JAENZA010000166	939	2159	1	2
JAENZA010000166	2337	2474	-1	3
JAENZA010000167	2	169	1	1
JAENZA010000167	432	656	1	2
JAENZA010000167	672	1682	1	3
JAENZA010000167	2103	2555	-1	4
JAENZA010000167	2711	2866	-1	5
JAENZA010000168	1	2838	1	1
JAENZA010000169	2	289	-1	1
JAENZA010000169	669	1592	-1	2
JAENZA010000169	1764	1913	-1	3
JAENZA010000169	1954	2211	-1	4
JAENZA010000169	2217	2591	-1	5
JAENZA010000169	2621	2815	1	6
JAENZA010000170	36	542	1	1
JAENZA010000170	610	1455	1	2
JAENZA010000170	1449	2282	1	3
JAENZA010000170	2283	2801	-1	4
JAENZA010000171	3	563	1	1
JAENZA010000171	668	1360	-1	2
JAENZA010000171	1845	2786	1	3
JAENZA010000172	1	564	1	1
JAENZA010000172	610	840	-1	2
JAENZA010000172	837	1040	-1	3
JAENZA010000172	1316	1651	-1	4
JAENZA010000172	1946	2170	-1	5
JAENZA010000172	2167	2388	-1	6
JAENZA010000172	2642	2755	-1	7
JAENZA010000173	2	337	1	1
JAENZA010000173	513	1820	1	2
JAENZA010000173	2047	2745	1	3
JAENZA010000174	3	86	-1	1
JAENZA010000174	261	1052	1	2
JAENZA010000174	1054	2718	1	3
JAENZA010000175	115	330	-1	1
JAENZA010000175	912	1391	-1	2
JAENZA010000175	1717	2475	1	3
JAENZA010000176	2	133	1	1
JAENZA010000176	200	793	-1	2
JAENZA010000176	942	2147	-1	3
JAENZA010000176	2249	2650	-1	4
JAENZA010000177	3	341	-1	1
JAENZA010000177	462	683	-1	2
JAENZA010000177	751	1188	1	3
JAENZA010000177	1189	1305	-1	4
JAENZA010000177	1365	2642	-1	5
JAENZA010000178	3	116	1	1
JAENZA010000178	176	427	1	2
JAENZA010000178	504	710	1	3
JAENZA010000178	917	1918	1	4
JAENZA010000178	1923	2129	1	5
JAENZA010000178	2147	2632	1	6
JAENZA010000179	2	64	-1	1
JAENZA010000179	273	515	-1	2
JAENZA010000179	522	1178	-1	3
JAENZA010000179	1190	1432	-1	4
JAENZA010000179	1803	2258	1	5
JAENZA010000179	2342	2605	1	6
JAENZA010000180	2	139	1	1
JAENZA010000180	152	496	-1	2
JAENZA010000180	439	846	-1	3
JAENZA010000180	1170	2324	1	4
JAENZA010000180	2445	2585	1	5
JAENZA010000181	1	177	-1	1
JAENZA010000181	149	1504	-1	2
JAENZA010000181	1515	2543	-1	3
JAENZA010000182	318	785	-1	1
JAENZA010000182	1149	2309	1	2
JAENZA010000182	2293	2391	1	3
JAENZA010000183	3	434	-1	1
JAENZA010000183	380	1078	-1	2
JAENZA010000183	1851	2351	-1	3
JAENZA010000183	2425	2505	-1	4
JAENZA010000184	1	561	1	1
JAENZA010000184	790	957	1	2
JAENZA010000184	1148	1915	1	3
JAENZA010000184	1921	2481	1	4
JAENZA010000185	422	1021	-1	1
JAENZA010000185	1576	2058	1	2
JAENZA010000185	2131	2466	-1	3
JAENZA010000186	3	1145	1	1
JAENZA010000186	1148	1471	1	2
JAENZA010000186	1468	2442	1	3
JAENZA010000187	3	65	-1	1
JAENZA010000187	317	1648	1	2
JAENZA010000187	1645	2412	1	3
JAENZA010000188	3	1718	-1	1
JAENZA010000188	1730	2287	-1	2
JAENZA010000189	2	643	1	1
JAENZA010000189	640	1644	-1	2
JAENZA010000189	1631	2362	-1	3
JAENZA010000190	3	500	1	1
JAENZA010000190	497	1585	1	2
JAENZA010000190	1629	2117	-1	3
JAENZA010000190	2230	2367	1	4
JAENZA010000191	3	131	1	1
JAENZA010000191	362	853	1	2
JAENZA010000191	837	1055	1	3
JAENZA010000191	1048	1764	1	4
JAENZA010000191	1761	1925	1	5
JAENZA010000192	88	1305	1	1
JAENZA010000192	1553	1765	1	2
JAENZA010000192	1765	1935	1	3
JAENZA010000192	2091	2357	1	4
JAENZA010000193	2	169	1	1
JAENZA010000193	262	366	-1	2
JAENZA010000193	381	1667	-1	3
JAENZA010000193	2208	2345	-1	4
JAENZA010000194	2	1606	-1	1
JAENZA010000194	1835	2239	-1	2
JAENZA010000195	3	464	-1	1
JAENZA010000195	589	1284	1	2
JAENZA010000195	1328	2290	-1	3
JAENZA010000196	3	251	1	1
JAENZA010000196	348	1916	-1	2
JAENZA010000196	2209	2280	-1	3
JAENZA010000197	1	525	1	1
JAENZA010000197	1026	1430	1	2
JAENZA010000197	1707	2279	-1	3
JAENZA010000198	3	131	1	1
JAENZA010000198	213	674	-1	2
JAENZA010000198	689	880	-1	3
JAENZA010000198	916	1368	1	4
JAENZA010000198	1365	1955	1	5
JAENZA010000198	2006	2164	1	6
JAENZA010000199	86	262	1	1
JAENZA010000199	259	813	1	2
JAENZA010000199	818	970	1	3
JAENZA010000199	955	1203	1	4
JAENZA010000199	1196	1879	1	5
JAENZA010000199	1913	2095	1	6
JAENZA010000199	2137	2247	1	7
JAENZA010000200	1	465	-1	1
JAENZA010000200	601	1203	-1	2
JAENZA010000200	1200	1703	-1	3
JAENZA010000200	1751	2227	-1	4
JAENZA010000201	3	125	1	1
JAENZA010000201	122	319	1	2
JAENZA010000201	570	725	1	3
JAENZA010000201	934	1392	1	4
JAENZA010000201	1495	1749	1	5
JAENZA010000201	1848	2180	1	6
JAENZA010000202	59	910	1	1
JAENZA010000202	1016	2176	-1	2
JAENZA010000203	283	1479	1	1
JAENZA010000203	1490	1828	1	2
JAENZA010000204	3	95	1	1
JAENZA010000204	249	512	1	2
JAENZA010000204	758	1159	-1	3
JAENZA010000204	1500	2075	1	4
JAENZA010000205	2	316	1	1
JAENZA010000205	440	1051	-1	2
JAENZA010000205	1123	1359	-1	3
JAENZA010000205	1400	2053	-1	4
JAENZA010000206	3	65	-1	1
JAENZA010000206	246	485	-1	2
JAENZA010000206	687	1523	1	3
JAENZA010000206	1650	2045	-1	4
JAENZA010000207	2	121	-1	1
JAENZA010000207	613	1902	1	2
JAENZA010000208	256	600	-1	1
JAENZA010000208	839	1423	1	2
JAENZA010000208	1420	1905	1	3
JAENZA010000208	1934	1999	-1	4
JAENZA010000209	2	259	-1	1
JAENZA010000209	512	748	1	2
JAENZA010000209	961	1356	-1	3
JAENZA010000210	100	786	-1	1
JAENZA010000210	1279	1392	1	2
JAENZA010000210	1379	1975	1	3
JAENZA010000211	1	312	1	1
JAENZA010000211	462	1490	-1	2
JAENZA010000211	1483	1965	-1	3
JAENZA010000212	3	563	1	1
JAENZA010000212	576	1199	1	2
JAENZA010000212	1538	1750	1	3
JAENZA010000212	1675	1944	-1	4
JAENZA010000213	2	1015	-1	1
JAENZA010000213	1183	1458	-1	2
JAENZA010000213	1692	1931	1	3
JAENZA010000214	1	279	1	1
JAENZA010000214	405	677	1	2
JAENZA010000214	778	1194	-1	3
JAENZA010000214	1214	1771	-1	4
JAENZA010000215	3	131	1	1
JAENZA010000215	365	856	1	2
JAENZA010000215	1072	1305	1	3
JAENZA010000215	1286	1540	1	4
JAENZA010000216	48	860	-1	1
JAENZA010000216	1029	1592	1	2
JAENZA010000216	1660	1884	1	3
JAENZA010000217	2	1180	-1	1
JAENZA010000217	1537	1875	1	2
JAENZA010000218	3	197	1	1
JAENZA010000218	435	1445	-1	2
JAENZA010000218	1447	1869	-1	3
JAENZA010000219	3	1451	-1	1
JAENZA010000220	89	1546	1	1
JAENZA010000220	1585	1836	-1	2
JAENZA010000221	343	780	-1	1
JAENZA010000221	925	1581	-1	2
JAENZA010000221	1699	1830	1	3
JAENZA010000222	22	261	-1	1
JAENZA010000222	307	501	-1	2
JAENZA010000222	498	1418	-1	3
JAENZA010000223	3	968	1	1
JAENZA010000223	962	1471	1	2
JAENZA010000223	1459	1791	1	3
JAENZA010000224	2	1399	1	1
JAENZA010000224	1350	1766	1	2
JAENZA010000225	2	772	-1	1
JAENZA010000225	762	1625	-1	2
JAENZA010000226	2	109	-1	1
JAENZA010000226	272	1069	-1	2
JAENZA010000226	1391	1666	1	3
JAENZA010000227	2	199	1	1
JAENZA010000227	249	833	-1	2
JAENZA010000227	1064	1483	1	3
JAENZA010000227	1539	1640	1	4
JAENZA010000228	60	404	1	1
JAENZA010000228	413	583	1	2
JAENZA010000228	580	1131	1	3
JAENZA010000228	1278	1442	1	4
JAENZA010000228	1466	1636	1	5
JAENZA010000229	453	1634	-1	1
JAENZA010000230	1258	1626	1	1
JAENZA010000231	2	1618	1	1
JAENZA010000232	1	324	1	1
JAENZA010000232	573	779	1	2
JAENZA010000232	836	1462	1	3
JAENZA010000233	1	528	-1	1
JAENZA010000233	619	726	-1	2
JAENZA010000233	716	1147	-1	3
JAENZA010000233	1221	1553	-1	4
JAENZA010000234	3	305	-1	1
JAENZA010000234	419	964	-1	2
JAENZA010000234	992	1519	-1	3
JAENZA010000235	2	115	-1	1
JAENZA010000235	112	1500	-1	2
JAENZA010000236	2	904	1	1
JAENZA010000236	1088	1246	1	2
JAENZA010000236	1243	1494	1	3
JAENZA010000237	221	658	-1	1
JAENZA010000237	1006	1344	-1	2
JAENZA010000238	47	1012	-1	1
JAENZA010000238	994	1476	-1	2
JAENZA010000239	2	88	-1	1
JAENZA010000239	250	1404	-1	2
JAENZA010000240	3	455	-1	1
JAENZA010000240	448	1143	-1	2
JAENZA010000240	1156	1437	-1	3
JAENZA010000241	3	155	1	1
JAENZA010000241	155	649	1	2
JAENZA010000241	810	986	1	3
JAENZA010000241	1123	1296	-1	4
JAENZA010000241	1338	1433	-1	5
JAENZA010000242	3	839	1	1
JAENZA010000242	875	1402	1	2
JAENZA010000243	1	141	1	1
JAENZA010000243	738	1376	-1	2
JAENZA010000244	2	1372	-1	1
JAENZA010000245	1	1359	-1	1
JAENZA010000246	1	1074	-1	1
JAENZA010000246	1262	1351	1	2
JAENZA010000247	1	1110	1	1
JAENZA010000247	1111	1326	1	2
JAENZA010000248	3	1301	-1	1
JAENZA010000249	3	149	1	1
JAENZA010000249	173	928	1	2
JAENZA010000249	1102	1269	1	3
JAENZA010000250	2	625	-1	1
JAENZA010000250	1018	1251	-1	2
JAENZA010000251	2	559	-1	1
JAENZA010000251	583	1245	-1	2
JAENZA010000252	1	222	1	1
JAENZA010000252	328	750	-1	2
JAENZA010000252	927	1244	1	3
JAENZA010000253	2	322	1	1
JAENZA010000253	520	1221	-1	2
JAENZA010000254	20	1213	-1	1
JAENZA010000255	1	288	1	1
JAENZA010000255	298	1053	1	2
JAENZA010000256	1	1086	-1	1
JAENZA010000257	1	165	1	1
JAENZA010000257	869	1204	1	2
JAENZA010000258	2	358	1	1
JAENZA010000258	445	960	1	2
JAENZA010000259	3	383	-1	1
JAENZA010000259	380	1198	-1	2
JAENZA010000260	3	335	-1	1
JAENZA010000260	895	1194	-1	2
JAENZA010000261	1	399	1	1
JAENZA010000261	978	1187	-1	2
JAENZA010000262	1	552	-1	1
JAENZA010000262	730	1188	1	2
JAENZA010000263	2	181	-1	1
JAENZA010000263	188	1174	-1	2
JAENZA010000264	1	351	1	1
JAENZA010000264	467	931	-1	2
JAENZA010000265	2	232	-1	1
JAENZA010000265	326	1156	1	2
JAENZA010000266	1	771	-1	1
JAENZA010000266	798	1142	1	2
JAENZA010000267	3	290	1	1
JAENZA010000267	287	883	1	2
JAENZA010000267	914	1141	-1	3
JAENZA010000268	2	421	-1	1
JAENZA010000268	544	1134	1	2
JAENZA010000269	2	331	-1	1
JAENZA010000269	428	910	1	2
JAENZA010000270	3	596	-1	1
JAENZA010000270	680	1129	1	2
JAENZA010000271	608	862	1	1
JAENZA010000271	739	1032	-1	2
JAENZA010000271	1002	1127	-1	3
JAENZA010000272	3	326	1	1
JAENZA010000272	356	535	-1	2
JAENZA010000272	601	1122	-1	3
JAENZA010000273	3	1043	-1	1
JAENZA010000274	2	70	1	1
JAENZA010000274	67	198	1	2
JAENZA010000274	229	825	-1	3
JAENZA010000274	822	1109	-1	4
JAENZA010000275	1	303	1	1
JAENZA010000275	246	698	1	2
JAENZA010000275	855	1094	1	3
JAENZA010000276	3	140	1	1
JAENZA010000276	272	397	1	2
JAENZA010000276	394	1098	1	3
JAENZA010000277	3	236	1	1
JAENZA010000277	291	1082	-1	2
JAENZA010000278	3	452	1	1
JAENZA010000278	464	1072	1	2
JAENZA010000279	1	159	1	1
JAENZA010000279	230	448	-1	2
JAENZA010000279	448	645	-1	3
JAENZA010000279	834	1055	1	4
JAENZA010000280	127	756	-1	1
JAENZA010000280	815	1051	-1	2
JAENZA010000281	2	265	1	1
JAENZA010000281	372	1049	1	2
JAENZA010000282	3	413	1	1
JAENZA010000282	592	702	1	2
JAENZA010000282	859	1035	1	3
JAENZA010000283	3	215	1	1
JAENZA010000283	294	524	-1	2
JAENZA010000283	511	867	-1	3
JAENZA010000283	864	1031	-1	4
JAENZA010000284	3	506	1	1
JAENZA010000285	1	93	-1	1
JAENZA010000285	139	348	1	2
JAENZA010000285	917	1024	-1	3
JAENZA010000286	1	111	1	1
JAENZA010000286	98	442	1	2
JAENZA010000287	3	278	1	1
JAENZA010000287	467	1009	-1	2
JAENZA010000288	3	101	1	1
JAENZA010000288	338	877	-1	2
