Contig	Start	End	Strand	Pos
CP070761	3	155	-1	1
CP070761	171	1370	-1	2
CP070761	1471	3732	-1	3
CP070761	3729	5888	-1	4
CP070761	5890	7143	-1	5
CP070761	7157	8023	-1	6
CP070761	8025	8567	-1	7
CP070761	8686	8877	-1	8
CP070761	8904	9203	-1	9
CP070761	9196	9807	-1	10
CP070761	9800	11179	-1	11
CP070761	11294	12046	-1	12
CP070761	12060	12527	-1	13
CP070761	12494	12823	-1	14
CP070761	12876	13307	-1	15
CP070761	13344	13640	-1	16
CP070761	13637	14410	-1	17
CP070761	14403	15044	-1	18
CP070761	15079	15225	1	19
CP070761	15222	16481	1	20
CP070761	16493	18193	-1	21
CP070761	18291	19268	1	22
CP070761	19293	20672	1	23
CP070761	21342	22124	1	24
CP070761	22140	22499	-1	25
CP070761	22684	22947	1	26
CP070761	23036	24517	1	27
CP070761	24540	24782	-1	28
CP070761	24779	26134	-1	29
CP070761	26175	26636	-1	30
CP070761	26755	27384	-1	31
CP070761	27387	28376	-1	32
CP070761	28528	28755	1	33
CP070761	28781	30802	-1	34
CP070761	30988	31236	1	35
CP070761	31386	32000	-1	36
CP070761	32141	33649	-1	37
CP070761	33658	34821	-1	38
CP070761	34821	36497	-1	39
CP070761	36613	37191	-1	40
CP070761	37205	38125	-1	41
CP070761	38122	39069	-1	42
CP070761	39201	40496	-1	43
CP070761	40525	41262	-1	44
CP070761	41390	42160	1	45
CP070761	42185	43231	1	46
CP070761	43228	43653	-1	47
CP070761	43656	44192	-1	48
CP070761	44355	44921	1	49
CP070761	45200	46255	1	50
CP070761	46252	48507	-1	51
CP070761	48530	50614	-1	52
CP070761	50725	51279	-1	53
CP070761	51493	52446	1	54
CP070761	52449	53666	1	55
CP070761	53629	54459	-1	56
CP070761	54476	54760	-1	57
CP070761	54780	55973	-1	58
CP070761	56465	56773	1	59
CP070761	56872	57837	1	60
CP070761	57834	59099	-1	61
CP070761	59186	59815	-1	62
CP070761	59963	60271	1	63
CP070761	60268	61296	1	64
CP070761	61293	62264	1	65
CP070761	62264	63214	1	66
CP070761	63220	64020	1	67
CP070761	64310	65230	1	68
CP070761	65274	66626	-1	69
CP070761	66707	67243	-1	70
CP070761	67264	67860	-1	71
CP070761	68051	68785	1	72
CP070761	68782	69192	-1	73
CP070761	69225	69815	-1	74
CP070761	69934	71598	-1	75
CP070761	71610	73118	-1	76
CP070761	73291	81069	-1	77
CP070761	81266	81862	-1	78
CP070761	82085	82501	-1	79
CP070761	82543	82683	1	80
CP070761	82770	84458	1	81
CP070761	84448	84699	-1	82
CP070761	84703	85692	-1	83
CP070761	85703	86431	-1	84
CP070761	86406	87308	-1	85
CP070761	87356	88060	-1	86
CP070761	88047	89621	-1	87
CP070761	89614	91818	-1	88
CP070761	91815	94139	-1	89
CP070761	94126	94401	-1	90
CP070761	94376	94984	-1	91
CP070761	94986	96962	-1	92
CP070761	96959	97579	-1	93
CP070761	97576	97911	-1	94
CP070761	98367	101144	1	95
CP070761	101156	102049	1	96
CP070761	102148	102939	-1	97
CP070761	103048	104082	1	98
CP070761	104166	105044	1	99
CP070761	105181	105930	-1	100
CP070761	106104	106874	-1	101
CP070761	107179	107607	1	102
CP070761	107650	108168	-1	103
CP070761	108249	108791	-1	104
CP070761	108835	109425	-1	105
CP070761	109548	110141	1	106
CP070761	110236	111240	-1	107
CP070761	111450	111983	-1	108
CP070761	112060	113193	1	109
CP070761	113250	113669	-1	110
CP070761	113716	113940	-1	111
CP070761	113943	115478	-1	112
CP070761	115802	116944	-1	113
CP070761	117060	117686	-1	114
CP070761	117692	119587	-1	115
CP070761	119696	120172	-1	116
CP070761	120333	120575	1	117
CP070761	120580	121518	1	118
CP070761	121530	121826	-1	119
CP070761	121828	122472	-1	120
CP070761	122558	123637	-1	121
CP070761	123758	124645	-1	122
CP070761	124837	125208	1	123
CP070761	125214	125564	1	124
CP070761	125577	125876	1	125
CP070761	125888	126640	-1	126
CP070761	126957	128384	1	127
CP070761	128400	129794	1	128
CP070761	129872	131392	-1	129
CP070761	131448	132446	-1	130
CP070761	132443	133057	-1	131
CP070761	133094	133396	-1	132
CP070761	133462	133647	-1	133
CP070761	133637	133894	-1	134
CP070761	133947	134747	1	135
CP070761	134901	135761	1	136
CP070761	135828	137618	-1	137
CP070761	137782	138294	-1	138
CP070761	138317	138814	-1	139
CP070761	139013	140041	1	140
CP070761	140108	140830	1	141
CP070761	140843	141253	1	142
CP070761	141329	141694	1	143
CP070761	141691	141981	-1	144
CP070761	142024	143361	-1	145
CP070761	143439	144221	-1	146
CP070761	144234	144653	1	147
CP070761	144714	146618	1	148
CP070761	146611	148500	1	149
CP070761	148529	149299	-1	150
CP070761	149296	150240	-1	151
CP070761	150333	151604	-1	152
CP070761	151868	152041	1	153
CP070761	152152	152616	-1	154
CP070761	152632	153408	-1	155
CP070761	153525	154232	1	156
CP070761	154285	155484	-1	157
CP070761	155487	158345	-1	158
CP070761	158429	158722	1	159
CP070761	158752	159201	1	160
CP070761	159222	159629	1	161
CP070761	159696	160373	-1	162
CP070761	160506	161261	1	163
CP070761	161285	161995	-1	164
CP070761	162015	162965	-1	165
CP070761	163082	164596	-1	166
CP070761	164603	165100	-1	167
CP070761	165220	165744	1	168
CP070761	165846	166631	1	169
CP070761	166678	167001	-1	170
CP070761	167004	167798	-1	171
CP070761	167878	169905	-1	172
CP070761	170004	170357	1	173
CP070761	170382	171020	1	174
CP070761	171092	172072	1	175
CP070761	172089	172394	-1	176
CP070761	172552	173385	1	177
CP070761	173445	173720	-1	178
CP070761	173827	174396	-1	179
CP070761	174570	174722	-1	180
CP070761	174719	175057	-1	181
CP070761	175102	175578	-1	182
CP070761	175693	177732	-1	183
CP070761	178093	179097	-1	184
CP070761	179342	179626	1	185
CP070761	179687	180454	1	186
CP070761	180455	181426	-1	187
CP070761	181474	182475	-1	188
CP070761	182499	182963	-1	189
CP070761	183741	187109	1	190
CP070761	187110	189767	1	191
CP070761	189781	190965	1	192
CP070761	191080	191373	1	193
CP070761	191383	191844	1	194
CP070761	192065	192448	1	195
CP070761	192445	194529	-1	196
CP070761	194574	195380	1	197
CP070761	195470	195679	-1	198
CP070761	195760	196845	-1	199
CP070761	196985	197878	-1	200
CP070761	197989	198378	1	201
CP070761	198380	199528	-1	202
CP070761	199639	200904	-1	203
CP070761	200843	201397	-1	204
CP070761	201538	202236	1	205
CP070761	202307	202636	1	206
CP070761	202686	204092	1	207
CP070761	204095	205258	1	208
CP070761	205303	205827	-1	209
CP070761	206207	206305	-1	210
CP070761	206449	207516	1	211
CP070761	207518	208165	-1	212
CP070761	208396	209481	1	213
CP070761	209564	209926	-1	214
CP070761	209916	210152	-1	215
CP070761	210284	210856	-1	216
CP070761	210917	211153	-1	217
CP070761	211391	212608	1	218
CP070761	212798	213265	1	219
CP070761	213262	213807	-1	220
CP070761	213907	214818	1	221
CP070761	214986	215567	1	222
CP070761	215599	216060	1	223
CP070761	216063	216761	1	224
CP070761	216748	217053	1	225
CP070761	217054	217482	-1	226
CP070761	217501	217938	-1	227
CP070761	218091	218921	-1	228
CP070761	219154	220026	-1	229
CP070761	220137	222287	-1	230
CP070761	222450	223001	1	231
CP070761	223014	223592	-1	232
CP070761	223690	224067	1	233
CP070761	224154	224822	1	234
CP070761	224877	226148	1	235
CP070761	226259	226819	1	236
CP070761	226917	227333	1	237
CP070761	227484	227705	-1	238
CP070761	227908	229566	-1	239
CP070761	229563	230810	-1	240
CP070761	230958	231074	1	241
CP070761	231150	233219	1	242
CP070761	233255	234064	1	243
CP070761	234291	235073	1	244
CP070761	235081	235695	-1	245
CP070761	235740	236423	-1	246
CP070761	236589	237731	1	247
CP070761	237739	241068	-1	248
CP070761	241238	241543	1	249
CP070761	241570	241740	1	250
CP070761	241740	242255	1	251
CP070761	242514	243227	1	252
CP070761	243346	244728	-1	253
CP070761	244922	245638	1	254
CP070761	245918	246460	-1	255
CP070761	246535	247704	-1	256
CP070761	247760	248323	-1	257
CP070761	248345	248875	-1	258
CP070761	249170	250393	1	259
CP070761	250512	251501	-1	260
CP070761	251598	252416	-1	261
CP070761	252623	255469	1	262
CP070761	255739	256719	1	263
CP070761	256744	256953	-1	264
CP070761	257093	257404	-1	265
CP070761	257532	257753	-1	266
CP070761	257902	258891	1	267
CP070761	259060	259839	1	268
CP070761	259840	261006	1	269
CP070761	261014	261496	1	270
CP070761	261526	262092	1	271
CP070761	262151	263560	-1	272
CP070761	263783	264445	1	273
CP070761	264442	264825	1	274
CP070761	265018	265608	1	275
CP070761	265798	268620	1	276
CP070761	268722	270065	1	277
CP070761	270093	271052	-1	278
CP070761	271064	271546	-1	279
CP070761	271798	272565	-1	280
CP070761	272633	275164	-1	281
CP070761	275164	275649	-1	282
CP070761	275847	277646	1	283
CP070761	277704	279122	1	284
CP070761	279124	280344	-1	285
CP070761	280352	281119	-1	286
CP070761	281131	284046	-1	287
CP070761	284079	286073	-1	288
CP070761	286393	287007	1	289
CP070761	287010	288128	-1	290
CP070761	288363	289847	-1	291
CP070761	290019	291899	-1	292
CP070761	292050	293930	-1	293
CP070761	294067	294528	-1	294
CP070761	294624	295256	-1	295
CP070761	295616	296245	1	296
CP070761	296215	296964	1	297
CP070761	296977	298578	-1	298
CP070761	298701	299756	1	299
CP070761	300643	301677	-1	300
CP070761	301764	302651	-1	301
CP070761	302721	303026	1	302
CP070761	303029	304438	1	303
CP070761	304441	304932	1	304
CP070761	304929	306614	1	305
CP070761	306485	307102	-1	306
CP070761	307117	308319	-1	307
CP070761	308423	308950	-1	308
CP070761	309472	309741	1	309
CP070761	309809	311182	1	310
CP070761	311193	312122	-1	311
CP070761	312130	312708	-1	312
CP070761	312854	313432	1	313
CP070761	313473	313922	-1	314
CP070761	313919	314857	-1	315
CP070761	315114	317462	1	316
CP070761	317446	318174	1	317
CP070761	318254	319444	-1	318
CP070761	319625	320038	-1	319
CP070761	320098	321066	1	320
CP070761	321014	321562	-1	321
CP070761	321868	322446	-1	322
CP070761	322509	324488	-1	323
CP070761	324653	325966	1	324
CP070761	326452	327327	-1	325
CP070761	327538	328395	1	326
CP070761	328407	328808	1	327
CP070761	328814	330442	-1	328
CP070761	330447	331001	-1	329
CP070761	331010	332086	1	330
CP070761	332083	332439	-1	331
CP070761	332587	333309	1	332
CP070761	333306	333956	-1	333
CP070761	333949	334530	-1	334
CP070761	334545	334934	-1	335
CP070761	334952	335221	1	336
CP070761	335252	335989	1	337
CP070761	336018	336935	1	338
CP070761	337087	338907	1	339
CP070761	338763	339299	-1	340
CP070761	339305	339574	-1	341
CP070761	339642	340031	-1	342
CP070761	340084	340290	1	343
CP070761	340493	341431	-1	344
CP070761	341608	341802	1	345
CP070761	341812	342411	-1	346
CP070761	342717	343970	-1	347
CP070761	343963	345078	-1	348
CP070761	345101	345820	-1	349
CP070761	345804	346598	-1	350
CP070761	346937	347416	1	351
CP070761	347460	347831	-1	352
CP070761	347906	348958	-1	353
CP070761	349092	350303	-1	354
CP070761	350304	350591	1	355
CP070761	350588	351100	1	356
CP070761	351156	352481	-1	357
CP070761	352500	354017	-1	358
CP070761	354526	355212	1	359
CP070761	355659	356402	1	360
CP070761	356501	356761	-1	361
CP070761	356751	357050	-1	362
CP070761	357649	358803	-1	363
CP070761	358872	359978	-1	364
CP070761	359975	360124	-1	365
CP070761	360808	362025	-1	366
CP070761	362282	362611	-1	367
CP070761	362715	362921	-1	368
CP070761	363031	363321	1	369
CP070761	363356	363754	1	370
CP070761	363849	364826	-1	371
CP070761	364965	365213	1	372
CP070761	365340	366683	-1	373
CP070761	366788	367390	1	374
CP070761	367407	367805	1	375
CP070761	367885	369060	1	376
CP070761	369219	370112	1	377
CP070761	370222	370650	1	378
CP070761	370972	371931	-1	379
CP070761	371984	372175	1	380
CP070761	372387	372551	1	381
CP070761	372944	373738	1	382
CP070761	373953	374486	-1	383
CP070761	374685	376112	1	384
CP070761	376109	376501	-1	385
CP070761	376764	377072	1	386
CP070761	377428	379539	1	387
CP070761	379597	379935	1	388
CP070761	379947	380186	1	389
CP070761	380332	380715	-1	390
CP070761	380741	381106	1	391
CP070761	381121	381363	1	392
CP070761	381700	384150	-1	393
CP070761	384131	384394	-1	394
CP070761	384446	385342	-1	395
CP070761	385737	386057	-1	396
CP070761	386373	387182	-1	397
CP070761	387358	387573	-1	398
CP070761	387765	388952	-1	399
CP070761	389107	389787	1	400
CP070761	390638	391987	-1	401
CP070761	392017	392703	-1	402
CP070761	392709	393185	-1	403
CP070761	393302	393574	-1	404
CP070761	393906	394076	-1	405
CP070761	394267	394923	1	406
CP070761	395035	395343	1	407
CP070761	395544	396986	1	408
CP070761	397425	397973	-1	409
CP070761	398201	399298	1	410
CP070761	399397	399969	1	411
CP070761	400245	401753	-1	412
CP070761	401847	403097	-1	413
CP070761	403271	403510	1	414
CP070761	403609	403992	-1	415
CP070761	404056	404514	1	416
CP070761	404601	405713	1	417
CP070761	405724	407553	1	418
CP070761	407675	408328	1	419
CP070761	408403	408783	1	420
CP070761	408688	409071	-1	421
CP070761	409692	410984	1	422
CP070761	411106	411474	1	423
CP070761	411737	412513	1	424
CP070761	412361	413761	-1	425
CP070761	413783	414226	-1	426
CP070761	414358	414792	-1	427
CP070761	415054	415584	-1	428
CP070761	415678	416016	-1	429
CP070761	416018	416803	-1	430
CP070761	417128	418084	1	431
CP070761	418065	419078	1	432
CP070761	419252	419863	-1	433
CP070761	419932	421026	-1	434
CP070761	421185	421910	1	435
CP070761	421963	423072	-1	436
CP070761	423069	423728	-1	437
CP070761	423785	424156	1	438
CP070761	424256	424444	-1	439
CP070761	424639	424950	1	440
CP070761	424940	426304	1	441
CP070761	426358	427305	1	442
CP070761	427329	429842	-1	443
CP070761	429990	430352	-1	444
CP070761	430372	430746	-1	445
CP070761	430929	431168	1	446
CP070761	431273	431701	1	447
CP070761	431824	432375	1	448
CP070761	432465	433049	1	449
CP070761	433167	433745	1	450
CP070761	433769	434461	1	451
CP070761	434476	435231	-1	452
CP070761	435240	435929	-1	453
CP070761	436327	438189	1	454
CP070761	438556	439449	-1	455
CP070761	439584	441296	1	456
CP070761	441306	441587	-1	457
CP070761	441766	442008	1	458
CP070761	442117	442431	-1	459
CP070761	442564	443982	1	460
CP070761	443979	445529	1	461
CP070761	445526	445897	1	462
CP070761	445931	446212	1	463
CP070761	446219	447508	1	464
CP070761	447498	448502	-1	465
CP070761	449219	449887	1	466
CP070761	450621	451613	1	467
CP070761	451613	453337	1	468
CP070761	453664	453909	-1	469
CP070761	453979	454821	-1	470
CP070761	454903	456231	-1	471
CP070761	456497	457387	-1	472
CP070761	457576	457884	-1	473
CP070761	457904	458920	-1	474
CP070761	458926	459582	-1	475
CP070761	459586	460089	-1	476
CP070761	460321	461010	-1	477
CP070761	461053	461232	-1	478
CP070761	461334	462467	-1	479
CP070761	462538	463515	-1	480
CP070761	463527	464453	-1	481
CP070761	464526	465437	-1	482
CP070761	465447	465872	-1	483
CP070761	465869	466114	-1	484
CP070761	466132	466797	-1	485
CP070761	466804	467217	-1	486
CP070761	467403	467735	-1	487
CP070761	467756	468208	-1	488
CP070761	468397	468678	-1	489
CP070761	469118	469822	1	490
CP070761	469930	470874	1	491
CP070761	470949	471320	-1	492
CP070761	471415	472092	1	493
CP070761	472089	473012	-1	494
CP070761	473210	475216	1	495
CP070761	475235	475693	-1	496
CP070761	475732	476298	-1	497
CP070761	476420	477295	-1	498
CP070761	477618	478691	1	499
CP070761	478719	479771	-1	500
CP070761	479833	480537	1	501
CP070761	480560	481039	1	502
CP070761	481261	481653	1	503
CP070761	481796	482317	1	504
CP070761	482787	483005	1	505
CP070761	482988	484199	-1	506
CP070761	484267	484710	-1	507
CP070761	484931	485422	1	508
CP070761	485540	485878	-1	509
CP070761	486092	486610	-1	510
CP070761	486683	487261	-1	511
CP070761	487405	488481	1	512
CP070761	488538	489089	1	513
CP070761	489097	489753	1	514
CP070761	489830	490960	1	515
CP070761	491108	491683	1	516
CP070761	491676	492113	-1	517
CP070761	492289	493179	-1	518
CP070761	493328	494608	1	519
CP070761	494616	494732	1	520
CP070761	494759	496075	1	521
CP070761	496230	497657	1	522
CP070761	497679	498545	1	523
CP070761	498803	499447	-1	524
CP070761	499560	500996	1	525
CP070761	501093	503780	1	526
CP070761	503812	504021	1	527
CP070761	503923	504462	-1	528
CP070761	504786	508181	-1	529
CP070761	508893	509327	1	530
CP070761	509309	510724	1	531
CP070761	510737	511981	1	532
CP070761	512026	513228	1	533
CP070761	513847	514989	-1	534
CP070761	515053	515346	-1	535
CP070761	515613	516008	1	536
CP070761	516091	517167	-1	537
CP070761	517171	517680	-1	538
CP070761	517834	518214	1	539
CP070761	518194	519117	-1	540
CP070761	519441	520595	-1	541
CP070761	520847	521437	1	542
CP070761	521639	522490	1	543
CP070761	522504	523322	1	544
CP070761	523342	524142	1	545
CP070761	524201	524920	1	546
CP070761	524928	525542	-1	547
CP070761	525657	526649	1	548
CP070761	526804	527862	1	549
CP070761	527872	528468	-1	550
CP070761	528469	529416	1	551
CP070761	529479	530429	-1	552
CP070761	530569	530847	1	553
CP070761	531088	531960	1	554
CP070761	531978	532844	1	555
CP070761	532922	533929	1	556
CP070761	533930	534370	-1	557
CP070761	534422	534952	-1	558
CP070761	535076	536800	-1	559
CP070761	536900	538210	-1	560
CP070761	538296	539930	-1	561
CP070761	539933	540706	-1	562
CP070761	540838	541467	1	563
CP070761	541454	541771	1	564
CP070761	541848	542243	1	565
CP070761	542230	545445	1	566
CP070761	545641	546972	1	567
CP070761	547161	551567	1	568
CP070761	551933	552853	1	569
CP070761	552934	555324	1	570
CP070761	555448	555603	1	571
CP070761	555956	556762	-1	572
CP070761	557003	558196	-1	573
CP070761	558285	558821	-1	574
CP070761	558887	559393	-1	575
CP070761	559390	560232	-1	576
CP070761	560448	561989	-1	577
CP070761	562171	562944	1	578
CP070761	563139	563849	-1	579
CP070761	563935	566256	-1	580
CP070761	566253	568298	-1	581
CP070761	568627	569385	1	582
CP070761	569390	570118	-1	583
CP070761	570296	571876	-1	584
CP070761	571873	572088	-1	585
CP070761	572410	573867	-1	586
CP070761	574192	575073	1	587
CP070761	575160	576002	1	588
CP070761	576064	576906	1	589
CP070761	576982	577608	1	590
CP070761	577605	578801	-1	591
CP070761	578877	580223	1	592
CP070761	580298	580651	1	593
CP070761	580648	581130	1	594
CP070761	581157	581726	1	595
CP070761	581723	582763	-1	596
CP070761	582790	584652	-1	597
CP070761	584655	585296	-1	598
CP070761	585545	586273	1	599
CP070761	586342	587301	1	600
CP070761	587408	587611	-1	601
CP070761	587684	588409	1	602
CP070761	588451	589569	1	603
CP070761	589631	590260	1	604
CP070761	590374	591237	-1	605
CP070761	591230	591637	-1	606
CP070761	591679	592215	-1	607
CP070761	592361	593629	-1	608
CP070761	593662	594327	-1	609
CP070761	594404	594949	-1	610
CP070761	595061	595813	-1	611
CP070761	595813	596676	-1	612
CP070761	596705	598195	-1	613
CP070761	598348	599328	1	614
CP070761	600148	603930	-1	615
CP070761	603992	604981	1	616
CP070761	604993	605388	-1	617
CP070761	605463	606422	-1	618
CP070761	606772	607233	1	619
CP070761	607236	607757	-1	620
CP070761	607851	608075	1	621
CP070761	608111	608293	-1	622
CP070761	608286	609080	-1	623
CP070761	609310	609912	1	624
CP070761	610053	610685	1	625
CP070761	610809	611369	1	626
CP070761	611383	612018	-1	627
CP070761	612079	613401	-1	628
CP070761	613583	614095	1	629
CP070761	614229	615581	1	630
CP070761	615655	616032	-1	631
CP070761	616224	617006	1	632
CP070761	617040	617294	-1	633
CP070761	617496	618491	-1	634
CP070761	618606	618740	-1	635
CP070761	618770	619249	-1	636
CP070761	619249	619722	-1	637
CP070761	619712	620398	-1	638
CP070761	620503	621690	-1	639
CP070761	621795	622610	1	640
CP070761	622618	623724	-1	641
CP070761	623920	624591	-1	642
CP070761	624755	625483	1	643
CP070761	625501	625833	-1	644
CP070761	626089	626646	-1	645
CP070761	626833	627528	1	646
CP070761	627601	627798	-1	647
CP070761	627885	629399	-1	648
CP070761	629586	630167	-1	649
CP070761	630218	632821	-1	650
CP070761	633079	633777	1	651
CP070761	634123	634431	1	652
CP070761	634565	635371	1	653
CP070761	635564	635668	1	654
CP070761	635826	637094	1	655
CP070761	637181	637288	-1	656
CP070761	637349	638194	-1	657
CP070761	638320	638871	1	658
CP070761	638874	639488	-1	659
CP070761	639625	640617	1	660
CP070761	640698	640907	1	661
CP070761	641066	641743	1	662
CP070761	641743	642087	1	663
CP070761	642153	642923	1	664
CP070761	642929	644569	1	665
CP070761	644647	645897	-1	666
CP070761	645939	646838	-1	667
CP070761	646985	647908	1	668
CP070761	648041	648211	1	669
CP070761	648263	649429	1	670
CP070761	649669	651201	-1	671
CP070761	651494	652843	-1	672
CP070761	653030	654025	-1	673
CP070761	654188	654343	1	674
CP070761	654391	656007	1	675
CP070761	656122	657120	1	676
CP070761	657319	659619	-1	677
CP070761	659629	660054	-1	678
CP070761	660182	660409	1	679
CP070761	660423	660686	-1	680
CP070761	660825	661205	-1	681
CP070761	661472	661753	-1	682
CP070761	661794	662348	-1	683
CP070761	662473	663204	1	684
CP070761	663010	663546	-1	685
CP070761	663685	665091	1	686
CP070761	665093	665656	-1	687
CP070761	665897	666274	1	688
CP070761	666346	666804	1	689
CP070761	666947	667726	1	690
CP070761	667723	669369	1	691
CP070761	669471	672080	1	692
CP070761	672142	673056	-1	693
CP070761	673100	673771	1	694
CP070761	673858	674508	1	695
CP070761	674595	676145	1	696
CP070761	676154	677959	1	697
CP070761	678044	679441	1	698
CP070761	679542	679970	1	699
CP070761	680064	681041	1	700
CP070761	681235	681963	1	701
CP070761	682135	683412	-1	702
CP070761	683444	683653	-1	703
CP070761	684090	684488	1	704
CP070761	684558	690410	-1	705
CP070761	690713	698029	-1	706
CP070761	698255	701119	-1	707
CP070761	701288	701815	1	708
CP070761	701967	703958	1	709
CP070761	703977	704450	1	710
CP070761	704482	704931	-1	711
CP070761	705037	706548	-1	712
CP070761	706666	707928	1	713
CP070761	708089	708832	1	714
CP070761	708843	710093	-1	715
CP070761	710233	711444	1	716
CP070761	711447	711854	-1	717
CP070761	711935	713566	-1	718
CP070761	713786	714943	1	719
CP070761	714973	715941	-1	720
CP070761	715947	717062	-1	721
CP070761	717068	718216	-1	722
CP070761	718379	718630	1	723
CP070761	718634	719254	1	724
CP070761	719265	720887	1	725
CP070761	720902	721558	-1	726
CP070761	721612	722145	-1	727
CP070761	722151	722729	-1	728
CP070761	722886	724088	1	729
CP070761	724321	724875	1	730
CP070761	724945	725283	1	731
CP070761	725392	725952	1	732
CP070761	726015	726941	-1	733
CP070761	727306	728166	1	734
CP070761	728236	728694	1	735
CP070761	728747	730150	-1	736
CP070761	730308	730658	1	737
CP070761	730716	731471	1	738
CP070761	731482	731919	-1	739
CP070761	732035	732355	-1	740
CP070761	732382	733326	-1	741
CP070761	733577	734452	1	742
CP070761	734599	736443	1	743
CP070761	736509	736943	-1	744
CP070761	736959	737972	-1	745
CP070761	737973	739697	-1	746
CP070761	739860	742385	1	747
CP070761	742429	743055	1	748
CP070761	743074	743667	-1	749
CP070761	743718	744470	1	750
CP070761	744560	745057	1	751
CP070761	745050	745955	1	752
CP070761	746150	747781	1	753
CP070761	747797	748453	1	754
CP070761	748564	749910	1	755
CP070761	750067	751380	1	756
CP070761	751476	752315	1	757
CP070761	752291	753577	-1	758
CP070761	753645	754154	-1	759
CP070761	754168	754713	-1	760
CP070761	754724	754825	-1	761
CP070761	754848	755387	-1	762
CP070761	755492	755734	-1	763
CP070761	755867	758770	-1	764
CP070761	759033	759647	1	765
CP070761	759762	761081	1	766
CP070761	761208	762110	1	767
CP070761	762149	762958	-1	768
CP070761	763336	763884	1	769
CP070761	763956	765020	-1	770
CP070761	765023	765271	1	771
CP070761	765310	766146	1	772
CP070761	766234	767133	1	773
CP070761	767157	767975	-1	774
CP070761	768150	768341	-1	775
CP070761	768667	769107	1	776
CP070761	769174	770013	1	777
CP070761	770010	770771	-1	778
CP070761	770922	771275	1	779
CP070761	771358	771687	-1	780
CP070761	771796	772617	1	781
CP070761	772666	773118	-1	782
CP070761	773242	774417	-1	783
CP070761	774474	775112	-1	784
CP070761	775279	776085	1	785
CP070761	776243	777535	-1	786
CP070761	777514	778080	-1	787
CP070761	778156	778488	1	788
CP070761	778659	779486	-1	789
CP070761	779890	781875	1	790
CP070761	781872	784763	1	791
CP070761	784760	787618	1	792
CP070761	787714	789522	1	793
CP070761	789611	789856	1	794
CP070761	789860	791194	-1	795
CP070761	791398	791589	1	796
CP070761	791698	791982	-1	797
CP070761	792051	793736	1	798
CP070761	793809	794498	-1	799
CP070761	794526	795071	1	800
CP070761	795087	795458	1	801
CP070761	795442	796242	-1	802
CP070761	796360	796476	1	803
CP070761	796484	797344	-1	804
CP070761	797434	798099	-1	805
CP070761	798170	799018	-1	806
CP070761	799108	800265	1	807
CP070761	800285	800728	1	808
CP070761	800826	801302	1	809
CP070761	801332	802849	-1	810
CP070761	802901	803296	-1	811
CP070761	803389	803907	-1	812
CP070761	804087	804437	1	813
CP070761	804503	805192	1	814
CP070761	805195	807267	-1	815
CP070761	807369	808001	-1	816
CP070761	808041	809288	-1	817
CP070761	809366	809728	1	818
CP070761	809781	811544	1	819
CP070761	811609	812379	1	820
CP070761	812454	812657	1	821
CP070761	812818	813993	1	822
CP070761	813999	814769	1	823
CP070761	814829	817447	1	824
CP070761	817470	817724	-1	825
CP070761	818118	818438	-1	826
CP070761	818377	818934	-1	827
CP070761	818944	819948	-1	828
CP070761	819997	820905	-1	829
CP070761	820925	821989	-1	830
CP070761	822160	823149	1	831
CP070761	823161	824438	1	832
CP070761	824435	824761	1	833
CP070761	824767	825069	-1	834
CP070761	825198	826454	1	835
CP070761	826562	828028	1	836
CP070761	828122	828799	1	837
CP070761	828861	829127	-1	838
CP070761	829306	829845	1	839
CP070761	829889	831007	-1	840
CP070761	831128	832072	-1	841
CP070761	832370	832633	-1	842
CP070761	832670	832831	-1	843
CP070761	832831	833778	-1	844
CP070761	834254	834694	1	845
CP070761	834709	835644	1	846
CP070761	835641	837242	1	847
CP070761	837448	838335	1	848
CP070761	838354	839664	-1	849
CP070761	839954	840253	1	850
CP070761	840395	841123	1	851
CP070761	841131	841592	-1	852
CP070761	841755	842738	1	853
CP070761	842795	843175	1	854
CP070761	843194	844381	-1	855
CP070761	844356	845054	-1	856
CP070761	845202	848042	-1	857
CP070761	848325	848957	1	858
CP070761	848983	850917	-1	859
CP070761	851142	853841	1	860
CP070761	853860	855245	1	861
CP070761	855263	856321	1	862
CP070761	856404	857810	1	863
CP070761	857820	858950	-1	864
CP070761	859066	859353	-1	865
CP070761	859509	860051	1	866
CP070761	860241	860939	1	867
CP070761	860950	863076	1	868
CP070761	863144	864289	1	869
CP070761	864297	864920	-1	870
CP070761	865009	865773	1	871
CP070761	865786	866148	-1	872
CP070761	866182	866433	-1	873
CP070761	866511	867089	-1	874
CP070761	867238	868395	1	875
CP070761	868471	868875	1	876
CP070761	868884	869855	1	877
CP070761	869920	872055	1	878
CP070761	872171	874333	1	879
CP070761	874335	875849	-1	880
CP070761	875940	878234	-1	881
CP070761	878242	878814	1	882
CP070761	878896	879978	1	883
CP070761	879993	880547	-1	884
CP070761	880711	880860	1	885
CP070761	881045	885565	-1	886
CP070761	885988	887376	-1	887
CP070761	887787	888560	1	888
CP070761	888650	888982	1	889
CP070761	888992	889963	1	890
CP070761	889911	891344	-1	891
CP070761	891652	892818	1	892
CP070761	892840	893880	1	893
CP070761	894203	895813	1	894
CP070761	895761	895949	1	895
CP070761	895954	897540	-1	896
CP070761	897672	898151	1	897
CP070761	898158	899303	-1	898
CP070761	899447	900022	1	899
CP070761	900017	900562	-1	900
CP070761	900575	901432	-1	901
CP070761	901477	902283	-1	902
CP070761	902339	903754	-1	903
CP070761	903755	904951	-1	904
CP070761	904948	906351	-1	905
CP070761	906352	906897	-1	906
CP070761	906900	909245	-1	907
CP070761	909449	910243	-1	908
CP070761	910270	911553	-1	909
CP070761	911563	912036	-1	910
CP070761	912192	914663	1	911
CP070761	914668	916023	1	912
CP070761	915989	916387	-1	913
CP070761	916520	917164	1	914
CP070761	917236	917460	1	915
CP070761	917656	919020	1	916
CP070761	919093	920280	1	917
CP070761	920392	920628	1	918
CP070761	920651	921796	-1	919
CP070761	921952	922479	1	920
CP070761	922542	923198	1	921
CP070761	923213	924184	-1	922
CP070761	924498	926639	1	923
CP070761	926654	928591	-1	924
CP070761	928739	930433	-1	925
CP070761	930540	932786	-1	926
CP070761	933045	933203	1	927
CP070761	933428	934318	-1	928
CP070761	934398	935201	1	929
CP070761	935211	937022	-1	930
CP070761	937049	937759	-1	931
CP070761	938054	938212	-1	932
CP070761	938351	939523	1	933
CP070761	939644	940318	1	934
CP070761	940465	940851	-1	935
CP070761	940993	942129	1	936
CP070761	942168	943307	-1	937
CP070761	943452	943595	-1	938
CP070761	943592	945841	-1	939
CP070761	946211	947053	1	940
CP070761	947089	947595	-1	941
CP070761	947574	948185	-1	942
CP070761	948215	949531	-1	943
CP070761	949521	950915	-1	944
CP070761	951039	951422	1	945
CP070761	951517	952560	1	946
CP070761	952567	952914	-1	947
CP070761	953251	954246	-1	948
CP070761	954276	954401	-1	949
CP070761	954491	955276	-1	950
CP070761	955348	955665	-1	951
CP070761	955756	956328	-1	952
CP070761	956351	957046	-1	953
CP070761	957101	957895	1	954
CP070761	957887	958615	-1	955
CP070761	958750	959721	1	956
CP070761	959723	959821	1	957
CP070761	959951	960082	-1	958
CP070761	960102	961733	-1	959
CP070761	961825	962163	1	960
CP070761	962237	963205	-1	961
CP070761	963370	964305	-1	962
CP070761	964376	964768	-1	963
CP070761	964845	965624	-1	964
CP070761	965685	966320	-1	965
CP070761	966454	967473	1	966
CP070761	967607	968251	1	967
CP070761	968254	969333	-1	968
CP070761	969411	969779	-1	969
CP070761	969955	970251	1	970
CP070761	970257	970874	-1	971
CP070761	970993	971628	-1	972
CP070761	971680	971898	-1	973
CP070761	972005	972748	1	974
CP070761	972785	973174	1	975
CP070761	973466	973930	1	976
CP070761	973931	974833	1	977
CP070761	974837	975049	1	978
CP070761	975046	975327	1	979
CP070761	975330	975695	1	980
CP070761	975699	976121	1	981
CP070761	976133	976519	1	982
CP070761	976521	977273	1	983
CP070761	977273	977848	1	984
CP070761	977858	978031	1	985
CP070761	978049	978441	1	986
CP070761	978453	979016	1	987
CP070761	979028	979840	1	988
CP070761	979844	980293	1	989
CP070761	980294	981040	1	990
CP070761	981044	981727	1	991
CP070761	981724	982206	1	992
CP070761	982221	982757	1	993
CP070761	982772	983221	1	994
CP070761	983406	984902	1	995
CP070761	984895	985107	-1	996
CP070761	985729	986790	1	997
CP070761	986815	987039	1	998
CP070761	987040	987654	1	999
CP070761	987782	988078	-1	1000
CP070761	988236	988649	-1	1001
CP070761	988761	989351	1	1002
CP070761	989358	989918	1	1003
CP070761	990360	990899	1	1004
CP070761	991036	991317	1	1005
CP070761	991356	992363	1	1006
CP070761	992771	993325	-1	1007
CP070761	993647	994987	1	1008
CP070761	995013	995414	-1	1009
CP070761	995411	996034	-1	1010
CP070761	996051	996503	-1	1011
CP070761	996623	997534	-1	1012
CP070761	997715	998527	1	1013
CP070761	998827	999426	1	1014
CP070761	999466	1000515	-1	1015
CP070761	1000560	1001516	-1	1016
CP070761	1001578	1002966	-1	1017
CP070761	1003030	1003812	-1	1018
CP070761	1003841	1004413	-1	1019
CP070761	1004400	1005524	-1	1020
CP070761	1005585	1006631	-1	1021
CP070761	1006657	1007838	-1	1022
CP070761	1007920	1008738	-1	1023
CP070761	1008824	1009015	1	1024
CP070761	1009080	1009676	1	1025
CP070761	1009683	1011092	-1	1026
CP070761	1011201	1012322	-1	1027
CP070761	1012378	1013343	-1	1028
CP070761	1013433	1014515	-1	1029
CP070761	1014601	1015938	-1	1030
CP070761	1016122	1016970	-1	1031
CP070761	1016967	1018184	-1	1032
CP070761	1018294	1019379	-1	1033
CP070761	1019637	1019924	1	1034
CP070761	1020055	1020501	-1	1035
CP070761	1020625	1021653	1	1036
CP070761	1021750	1022949	1	1037
CP070761	1022993	1023376	1	1038
CP070761	1023441	1024580	-1	1039
CP070761	1024900	1025700	1	1040
CP070761	1025639	1026409	1	1041
CP070761	1026406	1027917	-1	1042
CP070761	1027994	1028527	-1	1043
CP070761	1028687	1029700	1	1044
CP070761	1029707	1030123	-1	1045
CP070761	1030247	1030843	-1	1046
CP070761	1030827	1031837	-1	1047
CP070761	1031977	1032651	1	1048
CP070761	1032618	1033193	1	1049
CP070761	1033202	1033801	-1	1050
CP070761	1033811	1034500	-1	1051
CP070761	1034522	1035781	1	1052
CP070761	1035797	1036228	-1	1053
CP070761	1036350	1037900	-1	1054
CP070761	1038043	1039176	1	1055
CP070761	1039173	1039367	1	1056
CP070761	1039485	1040399	1	1057
CP070761	1040414	1040908	-1	1058
CP070761	1040993	1043005	-1	1059
CP070761	1043337	1044245	-1	1060
CP070761	1044460	1044819	1	1061
CP070761	1044876	1045454	-1	1062
CP070761	1045566	1046336	-1	1063
CP070761	1046338	1047162	-1	1064
CP070761	1047159	1047998	-1	1065
CP070761	1048003	1049055	-1	1066
CP070761	1049016	1049315	-1	1067
CP070761	1049322	1049684	-1	1068
CP070761	1049745	1050020	-1	1069
CP070761	1050097	1050654	-1	1070
CP070761	1050675	1051109	-1	1071
CP070761	1051239	1052066	-1	1072
CP070761	1052069	1052878	-1	1073
CP070761	1052875	1053765	-1	1074
CP070761	1053830	1054555	-1	1075
CP070761	1054583	1055323	-1	1076
CP070761	1055512	1055904	-1	1077
CP070761	1056009	1056953	-1	1078
CP070761	1056946	1057764	-1	1079
CP070761	1057875	1058954	1	1080
CP070761	1058967	1059287	-1	1081
CP070761	1059353	1060285	-1	1082
CP070761	1060396	1061502	1	1083
CP070761	1061625	1064729	1	1084
CP070761	1064740	1065303	1	1085
CP070761	1065330	1066205	-1	1086
CP070761	1066206	1066724	-1	1087
CP070761	1066728	1070189	-1	1088
CP070761	1070290	1070571	-1	1089
CP070761	1070718	1072067	-1	1090
CP070761	1072068	1073456	-1	1091
CP070761	1073453	1074268	-1	1092
CP070761	1074559	1075521	-1	1093
CP070761	1075518	1076174	-1	1094
CP070761	1076819	1077094	1	1095
CP070761	1077161	1078105	-1	1096
CP070761	1078106	1078654	-1	1097
CP070761	1078659	1079237	-1	1098
CP070761	1079240	1079842	1	1099
CP070761	1079920	1080465	1	1100
CP070761	1080471	1081373	1	1101
CP070761	1081364	1082380	-1	1102
CP070761	1082386	1082847	-1	1103
CP070761	1083075	1083419	1	1104
CP070761	1083420	1084556	1	1105
CP070761	1084661	1085395	1	1106
CP070761	1085401	1085958	1	1107
CP070761	1085995	1086909	-1	1108
CP070761	1086983	1087768	-1	1109
CP070761	1087780	1088991	-1	1110
CP070761	1089006	1090208	-1	1111
CP070761	1090441	1092174	1	1112
CP070761	1092338	1093789	1	1113
CP070761	1094228	1095379	1	1114
CP070761	1095509	1097278	1	1115
CP070761	1097296	1097898	-1	1116
CP070761	1097921	1098532	1	1117
CP070761	1098519	1099466	-1	1118
CP070761	1099539	1100798	1	1119
CP070761	1100950	1102353	1	1120
CP070761	1102350	1103516	-1	1121
CP070761	1103522	1104151	-1	1122
CP070761	1104298	1107036	1	1123
CP070761	1107051	1108100	1	1124
CP070761	1108097	1109269	1	1125
CP070761	1109289	1109822	-1	1126
CP070761	1109891	1111444	-1	1127
CP070761	1111585	1112196	1	1128
CP070761	1112169	1112606	-1	1129
CP070761	1112877	1113089	1	1130
CP070761	1113096	1114013	1	1131
CP070761	1114010	1114642	1	1132
CP070761	1114646	1116223	-1	1133
CP070761	1116440	1117645	1	1134
CP070761	1118117	1118992	-1	1135
CP070761	1119154	1119405	1	1136
CP070761	1119436	1120665	-1	1137
CP070761	1121201	1122880	1	1138
CP070761	1123382	1123612	-1	1139
CP070761	1123758	1124057	1	1140
CP070761	1124081	1125721	-1	1141
CP070761	1125872	1126771	1	1142
CP070761	1126870	1128330	1	1143
CP070761	1128406	1129764	1	1144
CP070761	1129910	1130407	1	1145
CP070761	1130417	1130791	-1	1146
CP070761	1130956	1132728	1	1147
CP070761	1133001	1133444	1	1148
CP070761	1133605	1134597	1	1149
CP070761	1134695	1135135	-1	1150
CP070761	1135331	1135990	1	1151
CP070761	1136009	1137034	1	1152
CP070761	1137038	1137790	-1	1153
CP070761	1137865	1138296	-1	1154
CP070761	1138505	1139347	1	1155
CP070761	1139251	1139493	-1	1156
CP070761	1139499	1140953	-1	1157
CP070761	1141032	1142240	-1	1158
CP070761	1142339	1143676	1	1159
CP070761	1143708	1144034	-1	1160
CP070761	1144167	1145033	-1	1161
CP070761	1145154	1146545	1	1162
CP070761	1146547	1147035	-1	1163
CP070761	1147165	1148400	-1	1164
CP070761	1148514	1148825	-1	1165
CP070761	1148972	1149541	-1	1166
CP070761	1149551	1149718	-1	1167
CP070761	1149812	1151077	-1	1168
CP070761	1151101	1151484	-1	1169
CP070761	1151592	1154441	1	1170
CP070761	1154564	1155055	1	1171
CP070761	1155137	1156501	1	1172
CP070761	1156532	1157293	1	1173
CP070761	1157370	1157666	-1	1174
CP070761	1157832	1158641	1	1175
CP070761	1158669	1160312	-1	1176
CP070761	1160321	1160566	-1	1177
CP070761	1160596	1162107	-1	1178
CP070761	1162107	1162268	-1	1179
CP070761	1162274	1163962	-1	1180
CP070761	1163967	1164737	-1	1181
CP070761	1164867	1165475	1	1182
CP070761	1165489	1166238	1	1183
CP070761	1166241	1166348	1	1184
CP070761	1166348	1167088	1	1185
CP070761	1167108	1167287	1	1186
CP070761	1167482	1167718	1	1187
CP070761	1167736	1167831	1	1188
CP070761	1167912	1169180	1	1189
CP070761	1169331	1169438	1	1190
CP070761	1169531	1170379	-1	1191
CP070761	1170440	1170961	-1	1192
CP070761	1171108	1172406	-1	1193
CP070761	1172555	1173538	1	1194
CP070761	1173620	1173925	-1	1195
CP070761	1174019	1174711	-1	1196
CP070761	1174819	1175802	-1	1197
CP070761	1175978	1176223	1	1198
CP070761	1176264	1177190	-1	1199
CP070761	1177262	1177504	-1	1200
CP070761	1177507	1177674	-1	1201
CP070761	1177752	1178063	-1	1202
CP070761	1178195	1178341	1	1203
CP070761	1178355	1179140	1	1204
CP070761	1179407	1180573	-1	1205
CP070761	1180671	1181252	-1	1206
CP070761	1181345	1182148	-1	1207
CP070761	1182165	1182908	1	1208
CP070761	1182905	1183870	-1	1209
CP070761	1184093	1184485	1	1210
CP070761	1184492	1184917	-1	1211
CP070761	1184974	1185318	-1	1212
CP070761	1185337	1185798	-1	1213
CP070761	1185951	1186262	1	1214
CP070761	1186375	1187310	1	1215
CP070761	1187406	1188125	1	1216
CP070761	1188177	1188671	-1	1217
CP070761	1188699	1189508	-1	1218
CP070761	1189694	1190227	1	1219
CP070761	1190218	1190967	-1	1220
CP070761	1191217	1192161	1	1221
CP070761	1192194	1194608	1	1222
CP070761	1194610	1195107	-1	1223
CP070761	1195276	1197156	1	1224
CP070761	1197169	1197699	-1	1225
CP070761	1197851	1198918	1	1226
CP070761	1199120	1201294	1	1227
CP070761	1201291	1201410	1	1228
CP070761	1201596	1202120	1	1229
CP070761	1202212	1203189	1	1230
CP070761	1203269	1206520	1	1231
CP070761	1206330	1207610	-1	1232
CP070761	1207731	1208768	1	1233
CP070761	1208813	1210111	1	1234
CP070761	1210233	1211507	1	1235
CP070761	1211534	1211737	-1	1236
CP070761	1211889	1212713	1	1237
CP070761	1212726	1213556	1	1238
CP070761	1213633	1214484	1	1239
CP070761	1214836	1215270	1	1240
CP070761	1215400	1215648	-1	1241
CP070761	1215795	1216394	1	1242
CP070761	1216410	1217225	1	1243
CP070761	1217347	1218393	1	1244
CP070761	1218494	1218910	-1	1245
CP070761	1219000	1220259	-1	1246
CP070761	1220327	1221340	1	1247
CP070761	1221415	1222725	-1	1248
CP070761	1222877	1223407	1	1249
CP070761	1223393	1223704	-1	1250
CP070761	1223710	1224129	-1	1251
CP070761	1224148	1224630	-1	1252
CP070761	1224726	1226135	1	1253
CP070761	1226274	1228979	1	1254
CP070761	1229089	1229445	1	1255
CP070761	1229492	1230577	-1	1256
CP070761	1230596	1231927	-1	1257
CP070761	1232159	1232422	1	1258
CP070761	1232562	1233434	1	1259
CP070761	1233459	1233962	1	1260
CP070761	1234060	1234536	1	1261
CP070761	1234828	1236486	1	1262
CP070761	1236479	1238143	-1	1263
CP070761	1238146	1240146	-1	1264
CP070761	1240322	1241713	1	1265
CP070761	1241727	1243085	1	1266
CP070761	1243192	1246359	1	1267
CP070761	1246356	1247639	1	1268
CP070761	1247629	1250526	-1	1269
CP070761	1250716	1251006	1	1270
CP070761	1251134	1252228	1	1271
CP070761	1252513	1253229	-1	1272
CP070761	1253770	1254516	1	1273
CP070761	1254518	1255678	1	1274
CP070761	1255832	1256527	1	1275
CP070761	1256529	1256912	1	1276
CP070761	1257074	1257712	1	1277
CP070761	1257890	1259248	1	1278
CP070761	1259312	1260217	-1	1279
CP070761	1260214	1260705	-1	1280
CP070761	1260715	1263396	-1	1281
CP070761	1263393	1265372	-1	1282
CP070761	1265410	1266615	1	1283
CP070761	1266616	1267956	1	1284
CP070761	1268022	1269161	1	1285
CP070761	1269216	1269983	1	1286
CP070761	1270109	1270603	-1	1287
CP070761	1270603	1270821	-1	1288
CP070761	1270969	1271718	1	1289
CP070761	1271731	1273623	-1	1290
CP070761	1273598	1275100	-1	1291
CP070761	1275163	1275729	-1	1292
CP070761	1275734	1276525	-1	1293
CP070761	1276605	1276940	-1	1294
CP070761	1277065	1278159	-1	1295
CP070761	1278231	1278551	-1	1296
CP070761	1278548	1278961	-1	1297
CP070761	1279013	1279720	-1	1298
CP070761	1279852	1280886	-1	1299
CP070761	1281271	1281537	1	1300
CP070761	1281692	1283884	1	1301
CP070761	1283888	1284166	1	1302
CP070761	1284193	1284666	1	1303
CP070761	1284655	1286001	-1	1304
CP070761	1286101	1288062	-1	1305
CP070761	1288091	1289884	-1	1306
CP070761	1289896	1290717	-1	1307
CP070761	1290790	1291125	-1	1308
CP070761	1291178	1293508	1	1309
CP070761	1293539	1294210	-1	1310
CP070761	1294351	1294572	-1	1311
CP070761	1294584	1294844	-1	1312
CP070761	1295099	1296367	1	1313
CP070761	1296378	1297904	1	1314
CP070761	1298001	1298339	1	1315
CP070761	1298856	1300256	-1	1316
CP070761	1300348	1300884	-1	1317
CP070761	1300894	1301466	-1	1318
CP070761	1301520	1303328	-1	1319
CP070761	1303355	1303678	-1	1320
CP070761	1303831	1304316	-1	1321
CP070761	1304504	1305820	1	1322
CP070761	1305848	1306435	1	1323
CP070761	1306503	1307678	1	1324
CP070761	1307711	1308448	1	1325
CP070761	1308445	1309032	-1	1326
CP070761	1309140	1310066	-1	1327
CP070761	1310249	1310947	1	1328
CP070761	1310928	1311317	1	1329
CP070761	1311471	1312067	1	1330
CP070761	1312024	1313031	-1	1331
CP070761	1313164	1313907	1	1332
CP070761	1313897	1315087	-1	1333
CP070761	1315205	1315972	-1	1334
CP070761	1316056	1316427	-1	1335
CP070761	1316438	1317001	-1	1336
CP070761	1317131	1317358	-1	1337
CP070761	1317598	1317708	1	1338
CP070761	1317971	1318264	-1	1339
CP070761	1318706	1320508	1	1340
CP070761	1320554	1320655	1	1341
CP070761	1320627	1320860	1	1342
CP070761	1320927	1321391	-1	1343
CP070761	1321402	1321716	-1	1344
CP070761	1321889	1323505	-1	1345
CP070761	1323833	1324195	-1	1346
CP070761	1324494	1324862	1	1347
CP070761	1325064	1328654	1	1348
CP070761	1328651	1329367	1	1349
CP070761	1329364	1329927	1	1350
CP070761	1329924	1330937	-1	1351
CP070761	1331089	1331466	1	1352
CP070761	1331458	1331853	-1	1353
CP070761	1331989	1332618	1	1354
CP070761	1332575	1333225	1	1355
CP070761	1333300	1334559	1	1356
CP070761	1334561	1335106	-1	1357
CP070761	1335204	1335593	1	1358
CP070761	1335620	1337179	-1	1359
CP070761	1337192	1338889	-1	1360
CP070761	1339132	1339233	1	1361
CP070761	1339300	1339908	-1	1362
CP070761	1339910	1340797	-1	1363
CP070761	1340979	1341473	1	1364
CP070761	1341479	1341826	-1	1365
CP070761	1341902	1343917	1	1366
CP070761	1344064	1344636	1	1367
CP070761	1344699	1345514	1	1368
CP070761	1345557	1346867	1	1369
CP070761	1346905	1347534	1	1370
CP070761	1347552	1348409	1	1371
CP070761	1348496	1349569	-1	1372
CP070761	1349962	1352346	1	1373
CP070761	1352440	1352886	-1	1374
CP070761	1353254	1354015	1	1375
CP070761	1354097	1354576	1	1376
CP070761	1354848	1355222	-1	1377
CP070761	1355248	1355556	-1	1378
CP070761	1355666	1356202	1	1379
CP070761	1356216	1356788	-1	1380
CP070761	1356799	1359027	-1	1381
CP070761	1359170	1360159	-1	1382
CP070761	1360281	1361765	-1	1383
CP070761	1361922	1362455	-1	1384
CP070761	1362530	1363600	1	1385
CP070761	1363568	1364644	-1	1386
CP070761	1364758	1365348	1	1387
CP070761	1365348	1366616	1	1388
CP070761	1366693	1367646	1	1389
CP070761	1367667	1368296	1	1390
CP070761	1368310	1368990	1	1391
CP070761	1368992	1369669	-1	1392
CP070761	1369732	1370157	1	1393
CP070761	1370147	1371208	-1	1394
CP070761	1371254	1372339	-1	1395
CP070761	1372421	1373200	-1	1396
CP070761	1373258	1374064	-1	1397
CP070761	1374353	1375213	1	1398
CP070761	1375214	1376260	-1	1399
CP070761	1376575	1377498	1	1400
CP070761	1377623	1378060	1	1401
CP070761	1378148	1378564	-1	1402
CP070761	1378762	1379745	1	1403
CP070761	1379904	1380626	1	1404
CP070761	1380816	1381796	1	1405
CP070761	1382125	1383069	1	1406
CP070761	1383078	1384418	-1	1407
CP070761	1384415	1385476	-1	1408
CP070761	1385912	1387354	1	1409
CP070761	1387365	1387502	-1	1410
CP070761	1387567	1388751	-1	1411
CP070761	1388857	1390005	1	1412
CP070761	1390121	1390534	1	1413
CP070761	1390625	1391512	1	1414
CP070761	1391749	1391967	1	1415
CP070761	1392013	1392555	-1	1416
CP070761	1392744	1394123	-1	1417
CP070761	1394123	1394872	-1	1418
CP070761	1394895	1396250	1	1419
CP070761	1396257	1397519	1	1420
CP070761	1397495	1398853	1	1421
CP070761	1398921	1399754	-1	1422
CP070761	1399754	1400305	-1	1423
CP070761	1400432	1400953	1	1424
CP070761	1400950	1404084	-1	1425
CP070761	1404424	1405770	1	1426
CP070761	1405804	1406208	-1	1427
CP070761	1406240	1406653	-1	1428
CP070761	1406752	1407747	-1	1429
CP070761	1407881	1408348	-1	1430
CP070761	1408707	1409651	1	1431
CP070761	1410235	1410783	-1	1432
CP070761	1410820	1411806	1	1433
CP070761	1411937	1412533	1	1434
CP070761	1412530	1412973	-1	1435
CP070761	1413101	1413616	-1	1436
CP070761	1413707	1414801	-1	1437
CP070761	1414972	1416057	-1	1438
CP070761	1416214	1417398	1	1439
CP070761	1417446	1420250	1	1440
CP070761	1420247	1420705	-1	1441
CP070761	1420733	1421641	-1	1442
CP070761	1421646	1422134	-1	1443
CP070761	1422212	1426648	-1	1444
CP070761	1426797	1427504	1	1445
CP070761	1427508	1429892	1	1446
CP070761	1430512	1431009	1	1447
CP070761	1431055	1431459	-1	1448
CP070761	1431855	1432694	1	1449
CP070761	1432749	1433291	-1	1450
CP070761	1433445	1435232	-1	1451
CP070761	1435424	1435729	1	1452
CP070761	1435814	1436140	1	1453
CP070761	1436220	1437497	-1	1454
CP070761	1437571	1449327	1	1455
CP070761	1449354	1449935	1	1456
CP070761	1450045	1453329	1	1457
CP070761	1453477	1456530	1	1458
CP070761	1456677	1459766	1	1459
CP070761	1459796	1460581	1	1460
CP070761	1460762	1461664	1	1461
CP070761	1461719	1462012	1	1462
CP070761	1462033	1462797	-1	1463
CP070761	1462876	1464417	1	1464
CP070761	1464498	1465880	-1	1465
CP070761	1466077	1466403	1	1466
CP070761	1466403	1467200	1	1467
CP070761	1467197	1468498	1	1468
CP070761	1468491	1468952	1	1469
CP070761	1468949	1469218	1	1470
CP070761	1469238	1470518	-1	1471
CP070761	1471205	1472164	1	1472
CP070761	1472213	1472806	-1	1473
CP070761	1472850	1474904	-1	1474
CP070761	1474971	1476323	-1	1475
CP070761	1476504	1478066	-1	1476
CP070761	1478160	1478567	-1	1477
CP070761	1478691	1479200	1	1478
CP070761	1479311	1479814	1	1479
CP070761	1479831	1480730	1	1480
CP070761	1480847	1481380	1	1481
CP070761	1481432	1482949	-1	1482
CP070761	1482949	1484493	-1	1483
CP070761	1484495	1486756	-1	1484
CP070761	1486767	1488302	-1	1485
CP070761	1488299	1488730	-1	1486
CP070761	1488735	1489865	-1	1487
CP070761	1489880	1491016	-1	1488
CP070761	1491013	1491594	-1	1489
CP070761	1491587	1491907	-1	1490
CP070761	1491904	1492575	-1	1491
CP070761	1492577	1493008	-1	1492
CP070761	1493209	1493559	1	1493
CP070761	1493572	1494186	-1	1494
CP070761	1494198	1496138	-1	1495
CP070761	1496331	1497557	1	1496
CP070761	1497611	1498873	1	1497
CP070761	1498878	1499363	1	1498
CP070761	1499580	1500800	1	1499
CP070761	1500805	1502268	1	1500
CP070761	1502273	1503394	1	1501
CP070761	1503440	1504768	1	1502
CP070761	1504975	1506066	1	1503
CP070761	1506071	1507789	1	1504
CP070761	1508052	1508663	1	1505
CP070761	1508667	1509170	1	1506
CP070761	1509184	1510368	1	1507
CP070761	1510378	1512114	1	1508
CP070761	1512409	1512816	1	1509
CP070761	1512828	1514312	1	1510
CP070761	1514318	1515544	1	1511
CP070761	1515546	1516685	-1	1512
CP070761	1516773	1517867	1	1513
CP070761	1517935	1518615	1	1514
CP070761	1518625	1519299	1	1515
CP070761	1519371	1520039	1	1516
CP070761	1520044	1520397	1	1517
CP070761	1520403	1520798	1	1518
CP070761	1520834	1523512	-1	1519
CP070761	1523697	1525712	-1	1520
CP070761	1525858	1527174	1	1521
CP070761	1527253	1529166	1	1522
CP070761	1529141	1531015	1	1523
CP070761	1531100	1532170	1	1524
CP070761	1532239	1533219	1	1525
CP070761	1533230	1534834	-1	1526
CP070761	1534858	1535196	-1	1527
CP070761	1535235	1535993	-1	1528
CP070761	1536005	1537240	-1	1529
CP070761	1537253	1537528	-1	1530
CP070761	1537653	1538171	1	1531
CP070761	1538177	1539937	-1	1532
CP070761	1540122	1541045	1	1533
CP070761	1541154	1542017	1	1534
CP070761	1542073	1543650	-1	1535
CP070761	1543831	1544721	1	1536
CP070761	1544955	1546631	1	1537
CP070761	1546759	1548054	1	1538
CP070761	1548044	1548796	1	1539
CP070761	1548842	1549603	-1	1540
CP070761	1549603	1550430	-1	1541
CP070761	1550771	1551217	1	1542
CP070761	1551271	1552566	-1	1543
CP070761	1552650	1554422	-1	1544
CP070761	1554432	1555727	-1	1545
CP070761	1556112	1557905	1	1546
CP070761	1558037	1558927	1	1547
CP070761	1558915	1559955	1	1548
CP070761	1560029	1561963	1	1549
CP070761	1562062	1564794	1	1550
CP070761	1564800	1565759	1	1551
CP070761	1565759	1566772	1	1552
CP070761	1566773	1567906	-1	1553
CP070761	1568043	1569665	-1	1554
CP070761	1569666	1570571	-1	1555
CP070761	1570621	1572000	-1	1556
CP070761	1572005	1572652	-1	1557
CP070761	1572789	1574618	-1	1558
CP070761	1574652	1574756	-1	1559
CP070761	1574978	1576945	1	1560
CP070761	1577061	1577813	-1	1561
CP070761	1577833	1578129	-1	1562
CP070761	1578261	1578488	-1	1563
CP070761	1578620	1579537	1	1564
CP070761	1579527	1581116	-1	1565
CP070761	1581239	1582438	1	1566
CP070761	1582466	1583026	-1	1567
CP070761	1583234	1584499	1	1568
CP070761	1584588	1585013	-1	1569
CP070761	1584997	1585647	-1	1570
CP070761	1585826	1586524	1	1571
CP070761	1586540	1589347	1	1572
CP070761	1589348	1592179	1	1573
CP070761	1592185	1593066	1	1574
CP070761	1593142	1593381	1	1575
CP070761	1593402	1594709	-1	1576
CP070761	1594841	1596760	-1	1577
CP070761	1597289	1597432	-1	1578
CP070761	1597844	1599028	1	1579
CP070761	1599037	1599555	-1	1580
CP070761	1599675	1599917	1	1581
CP070761	1599929	1600468	-1	1582
CP070761	1600478	1600678	-1	1583
CP070761	1600808	1602019	1	1584
CP070761	1602036	1602359	1	1585
CP070761	1602423	1603172	1	1586
CP070761	1603165	1605915	1	1587
CP070761	1606159	1612656	-1	1588
CP070761	1612757	1619290	-1	1589
CP070761	1619569	1620696	1	1590
CP070761	1620714	1621448	-1	1591
CP070761	1621521	1623029	-1	1592
CP070761	1623185	1624666	1	1593
CP070761	1624753	1625337	1	1594
CP070761	1625543	1627306	1	1595
CP070761	1627376	1628392	1	1596
CP070761	1628463	1629455	1	1597
CP070761	1629562	1631013	1	1598
CP070761	1631015	1631629	1	1599
CP070761	1631626	1632402	1	1600
CP070761	1632425	1633282	-1	1601
CP070761	1633440	1634930	1	1602
CP070761	1634907	1636247	-1	1603
CP070761	1636312	1636872	-1	1604
CP070761	1637046	1637513	1	1605
CP070761	1637631	1638866	1	1606
CP070761	1638909	1639094	1	1607
CP070761	1639378	1641807	1	1608
CP070761	1642009	1642866	-1	1609
CP070761	1643780	1644184	1	1610
CP070761	1644448	1644612	1	1611
CP070761	1644609	1644794	1	1612
CP070761	1645164	1646768	1	1613
CP070761	1646805	1647296	-1	1614
CP070761	1647321	1648157	-1	1615
CP070761	1648185	1648787	-1	1616
CP070761	1648859	1650355	1	1617
CP070761	1650365	1651039	-1	1618
CP070761	1651465	1652229	-1	1619
CP070761	1652827	1653438	1	1620
CP070761	1653578	1654687	1	1621
CP070761	1655076	1655354	1	1622
CP070761	1655351	1655560	1	1623
CP070761	1655553	1655879	1	1624
CP070761	1655959	1656573	1	1625
CP070761	1656835	1657557	1	1626
CP070761	1657497	1658636	1	1627
CP070761	1658636	1659463	1	1628
CP070761	1659737	1660327	-1	1629
CP070761	1660822	1661196	1	1630
CP070761	1661177	1661485	1	1631
CP070761	1661497	1662333	1	1632
CP070761	1662337	1662720	1	1633
CP070761	1662720	1663124	1	1634
CP070761	1663115	1663408	1	1635
CP070761	1663408	1663551	1	1636
CP070761	1663776	1664495	-1	1637
CP070761	1664505	1664936	-1	1638
CP070761	1665318	1665428	-1	1639
CP070761	1665551	1666162	1	1640
CP070761	1666244	1666621	-1	1641
CP070761	1666812	1667642	1	1642
CP070761	1667729	1668448	-1	1643
CP070761	1668557	1668982	-1	1644
CP070761	1669005	1669748	-1	1645
CP070761	1669893	1670465	-1	1646
CP070761	1670827	1671186	1	1647
CP070761	1671441	1672190	1	1648
CP070761	1672226	1672489	1	1649
CP070761	1672624	1674132	-1	1650
CP070761	1674158	1674400	-1	1651
CP070761	1674865	1675137	1	1652
CP070761	1675267	1675767	1	1653
CP070761	1675764	1676870	-1	1654
CP070761	1677172	1677936	1	1655
CP070761	1677971	1679095	1	1656
CP070761	1679124	1679909	1	1657
CP070761	1680011	1680886	1	1658
CP070761	1680898	1681359	-1	1659
CP070761	1681762	1683186	1	1660
CP070761	1683094	1683843	-1	1661
CP070761	1684012	1684791	1	1662
CP070761	1684784	1684936	1	1663
CP070761	1685249	1685536	1	1664
CP070761	1685748	1686149	-1	1665
CP070761	1686301	1688256	1	1666
CP070761	1688294	1689547	-1	1667
CP070761	1689642	1690457	-1	1668
CP070761	1690680	1691681	1	1669
CP070761	1691700	1692362	1	1670
CP070761	1692353	1693426	1	1671
CP070761	1693485	1694477	1	1672
CP070761	1694474	1695358	1	1673
CP070761	1695355	1695855	1	1674
CP070761	1695852	1697066	1	1675
CP070761	1697068	1698045	-1	1676
CP070761	1698070	1699119	-1	1677
CP070761	1699349	1700296	1	1678
CP070761	1700342	1700926	-1	1679
CP070761	1701027	1701770	-1	1680
CP070761	1701818	1702786	-1	1681
CP070761	1702863	1703513	1	1682
CP070761	1703545	1705554	-1	1683
CP070761	1705555	1705875	1	1684
CP070761	1705728	1706390	-1	1685
CP070761	1706540	1706728	1	1686
CP070761	1706865	1707269	1	1687
CP070761	1707375	1707614	1	1688
CP070761	1707653	1709479	-1	1689
CP070761	1709512	1710141	1	1690
CP070761	1710278	1717984	1	1691
CP070761	1717963	1718256	1	1692
CP070761	1718350	1718802	1	1693
CP070761	1718867	1719286	-1	1694
CP070761	1719334	1719588	-1	1695
CP070761	1719742	1720152	1	1696
CP070761	1720314	1721918	1	1697
CP070761	1721915	1722091	-1	1698
CP070761	1722309	1723475	1	1699
CP070761	1723557	1724111	1	1700
CP070761	1724219	1725574	1	1701
CP070761	1725571	1726344	1	1702
CP070761	1726341	1727963	1	1703
CP070761	1728131	1728877	1	1704
CP070761	1728948	1729778	1	1705
CP070761	1729744	1731342	1	1706
CP070761	1731508	1732443	-1	1707
CP070761	1732410	1732616	-1	1708
CP070761	1732632	1733219	-1	1709
CP070761	1733332	1733634	-1	1710
CP070761	1733862	1735535	1	1711
CP070761	1735615	1736343	-1	1712
CP070761	1736472	1736792	-1	1713
CP070761	1736924	1737625	1	1714
CP070761	1737723	1738538	1	1715
CP070761	1738569	1738865	1	1716
CP070761	1738919	1739077	-1	1717
CP070761	1739079	1739375	-1	1718
CP070761	1739710	1740306	-1	1719
CP070761	1740439	1740882	-1	1720
CP070761	1740869	1742110	-1	1721
CP070761	1742188	1742571	-1	1722
CP070761	1742765	1743940	1	1723
CP070761	1744023	1744430	1	1724
CP070761	1744518	1745537	1	1725
CP070761	1745629	1746561	1	1726
CP070761	1746600	1747307	1	1727
CP070761	1747313	1748428	1	1728
CP070761	1748429	1749517	-1	1729
CP070761	1749544	1750980	-1	1730
CP070761	1751119	1752402	-1	1731
CP070761	1753201	1753875	-1	1732
CP070761	1754009	1754911	1	1733
CP070761	1754901	1755863	1	1734
CP070761	1755860	1756234	-1	1735
CP070761	1756245	1757366	-1	1736
CP070761	1757655	1758521	-1	1737
CP070761	1758920	1759597	1	1738
CP070761	1759594	1760559	-1	1739
CP070761	1760637	1761098	-1	1740
CP070761	1761095	1761793	-1	1741
CP070761	1761793	1762965	-1	1742
CP070761	1763151	1764020	1	1743
CP070761	1764023	1764841	1	1744
CP070761	1764881	1765042	-1	1745
CP070761	1765189	1766784	1	1746
CP070761	1766781	1767569	-1	1747
CP070761	1767767	1768309	-1	1748
CP070761	1768663	1769094	1	1749
CP070761	1769115	1769966	1	1750
CP070761	1770025	1772391	1	1751
CP070761	1772540	1773547	1	1752
CP070761	1773562	1774350	1	1753
CP070761	1774361	1774624	1	1754
CP070761	1774637	1775356	1	1755
CP070761	1775504	1775689	1	1756
CP070761	1775686	1776954	1	1757
CP070761	1777073	1777525	-1	1758
CP070761	1777710	1778537	1	1759
CP070761	1778534	1779061	1	1760
CP070761	1779058	1779339	-1	1761
CP070761	1779481	1780953	1	1762
CP070761	1781004	1781960	-1	1763
CP070761	1781974	1782828	-1	1764
CP070761	1782980	1783876	1	1765
CP070761	1783891	1784517	-1	1766
CP070761	1784752	1785063	-1	1767
CP070761	1785158	1785535	-1	1768
CP070761	1785541	1785780	-1	1769
CP070761	1786052	1786771	1	1770
CP070761	1786774	1787688	-1	1771
CP070761	1787770	1788252	-1	1772
CP070761	1788497	1788778	1	1773
CP070761	1788810	1789064	1	1774
CP070761	1789204	1789551	1	1775
CP070761	1789567	1790163	-1	1776
CP070761	1790167	1791372	-1	1777
CP070761	1791482	1791970	1	1778
CP070761	1792081	1794234	1	1779
CP070761	1794310	1795200	1	1780
CP070761	1795648	1796352	1	1781
CP070761	1796288	1797094	-1	1782
CP070761	1797266	1797772	1	1783
CP070761	1797849	1798670	1	1784
CP070761	1798682	1800562	-1	1785
CP070761	1800654	1802540	-1	1786
CP070761	1802706	1804001	1	1787
CP070761	1804163	1804687	1	1788
CP070761	1804767	1805045	1	1789
CP070761	1805075	1807147	1	1790
CP070761	1807286	1808251	1	1791
CP070761	1808248	1808364	-1	1792
CP070761	1808348	1808683	-1	1793
CP070761	1808775	1809269	1	1794
CP070761	1809282	1809926	-1	1795
CP070761	1809963	1810265	-1	1796
CP070761	1810341	1810574	-1	1797
CP070761	1810733	1811578	1	1798
CP070761	1811647	1812669	1	1799
CP070761	1812742	1813590	1	1800
CP070761	1813685	1814131	1	1801
CP070761	1814162	1814989	1	1802
CP070761	1815116	1815478	1	1803
CP070761	1815475	1816539	1	1804
CP070761	1816659	1817276	-1	1805
CP070761	1817394	1818032	1	1806
CP070761	1818143	1818880	1	1807
CP070761	1818883	1820577	-1	1808
CP070761	1820691	1821323	1	1809
CP070761	1821348	1822535	-1	1810
CP070761	1822640	1825534	-1	1811
CP070761	1825580	1826665	1	1812
CP070761	1826677	1828389	1	1813
CP070761	1828406	1829035	-1	1814
CP070761	1829370	1829492	1	1815
CP070761	1829523	1832411	-1	1816
CP070761	1832408	1833355	-1	1817
CP070761	1833361	1834293	-1	1818
CP070761	1834368	1835180	-1	1819
CP070761	1835541	1835642	1	1820
CP070761	1836093	1836965	-1	1821
CP070761	1837065	1837928	1	1822
CP070761	1838060	1838149	-1	1823
CP070761	1838134	1838280	-1	1824
CP070761	1838290	1838943	-1	1825
CP070761	1838978	1839085	-1	1826
CP070761	1839460	1841097	1	1827
CP070761	1841101	1841817	-1	1828
CP070761	1841960	1842286	-1	1829
CP070761	1842279	1842965	-1	1830
CP070761	1843146	1844012	1	1831
CP070761	1844188	1846653	1	1832
CP070761	1846677	1847114	-1	1833
CP070761	1847167	1848057	-1	1834
CP070761	1848137	1848913	-1	1835
CP070761	1848970	1849377	-1	1836
CP070761	1849469	1849996	1	1837
CP070761	1850198	1850491	-1	1838
CP070761	1850488	1851117	-1	1839
CP070761	1851312	1851863	1	1840
CP070761	1851860	1852087	1	1841
CP070761	1852089	1852457	1	1842
CP070761	1852468	1853211	-1	1843
CP070761	1853441	1854262	-1	1844
CP070761	1854781	1855056	1	1845
CP070761	1855225	1855686	-1	1846
CP070761	1855744	1856643	-1	1847
CP070761	1857366	1858247	1	1848
CP070761	1858321	1859331	-1	1849
CP070761	1859455	1860120	1	1850
CP070761	1860163	1860846	1	1851
CP070761	1861128	1861517	1	1852
CP070761	1862082	1862240	1	1853
CP070761	1862351	1862818	1	1854
CP070761	1862830	1863660	-1	1855
CP070761	1863753	1864565	-1	1856
CP070761	1864665	1865321	1	1857
CP070761	1865351	1865995	1	1858
CP070761	1865961	1867163	-1	1859
CP070761	1867250	1868332	-1	1860
CP070761	1868353	1869765	1	1861
CP070761	1869810	1871243	1	1862
CP070761	1871446	1872456	1	1863
CP070761	1872443	1873222	-1	1864
CP070761	1873356	1873526	-1	1865
CP070761	1873609	1874745	-1	1866
CP070761	1874902	1875690	1	1867
CP070761	1875717	1876457	-1	1868
CP070761	1876588	1876824	1	1869
CP070761	1876867	1878462	-1	1870
CP070761	1878539	1879537	-1	1871
CP070761	1879636	1880181	-1	1872
CP070761	1880275	1880991	1	1873
CP070761	1881015	1881656	-1	1874
CP070761	1881844	1882647	-1	1875
CP070761	1882961	1884307	1	1876
CP070761	1884409	1885011	-1	1877
CP070761	1885149	1885559	-1	1878
CP070761	1885666	1886733	1	1879
CP070761	1886811	1887317	1	1880
CP070761	1887321	1889210	1	1881
CP070761	1889212	1890165	-1	1882
CP070761	1890264	1890488	-1	1883
CP070761	1890578	1891024	-1	1884
CP070761	1891148	1892095	1	1885
CP070761	1892212	1894815	1	1886
CP070761	1894815	1897259	1	1887
CP070761	1897274	1897591	-1	1888
CP070761	1897705	1899105	1	1889
CP070761	1899111	1900586	1	1890
CP070761	1900849	1901067	1	1891
CP070761	1901193	1904306	-1	1892
CP070761	1904595	1905746	1	1893
CP070761	1905764	1906549	-1	1894
CP070761	1906646	1907158	1	1895
CP070761	1907155	1907892	1	1896
CP070761	1907889	1909220	1	1897
CP070761	1909243	1909920	-1	1898
CP070761	1909967	1910887	1	1899
CP070761	1911064	1911633	-1	1900
CP070761	1911780	1912631	-1	1901
CP070761	1912628	1913740	-1	1902
CP070761	1914319	1916631	1	1903
CP070761	1916697	1917491	1	1904
CP070761	1917488	1917751	-1	1905
CP070761	1917765	1919645	1	1906
CP070761	1919709	1920458	1	1907
CP070761	1920509	1923790	1	1908
CP070761	1923779	1925359	-1	1909
CP070761	1925352	1927385	-1	1910
CP070761	1927510	1928706	1	1911
CP070761	1928789	1928983	1	1912
CP070761	1929141	1929377	1	1913
CP070761	1929447	1930133	1	1914
CP070761	1930440	1931000	1	1915
CP070761	1931001	1931324	-1	1916
CP070761	1931441	1932727	1	1917
CP070761	1932724	1934244	-1	1918
CP070761	1934298	1934543	-1	1919
CP070761	1934645	1937674	-1	1920
CP070761	1937801	1938628	1	1921
CP070761	1938665	1939492	1	1922
CP070761	1939343	1940137	-1	1923
CP070761	1940188	1941204	-1	1924
CP070761	1941280	1941975	1	1925
CP070761	1942026	1944611	-1	1926
CP070761	1944734	1945780	1	1927
CP070761	1945777	1945971	1	1928
CP070761	1946183	1946782	1	1929
CP070761	1946824	1948800	-1	1930
CP070761	1948878	1949984	1	1931
CP070761	1950008	1950346	1	1932
CP070761	1950411	1951265	1	1933
CP070761	1951536	1952621	-1	1934
CP070761	1952763	1953875	1	1935
CP070761	1954123	1954890	1	1936
CP070761	1954961	1956157	1	1937
CP070761	1956179	1956703	1	1938
CP070761	1956725	1957840	1	1939
CP070761	1957830	1958963	-1	1940
CP070761	1959115	1960338	1	1941
CP070761	1960310	1961572	-1	1942
CP070761	1961733	1962578	1	1943
CP070761	1962648	1963544	1	1944
CP070761	1963522	1964547	-1	1945
CP070761	1964625	1965629	-1	1946
CP070761	1965718	1966971	-1	1947
CP070761	1967080	1968423	1	1948
CP070761	1968561	1968794	1	1949
CP070761	1968959	1971553	1	1950
CP070761	1971685	1972572	-1	1951
CP070761	1972572	1973249	-1	1952
CP070761	1973429	1973854	-1	1953
CP070761	1974300	1974971	1	1954
CP070761	1975017	1975457	1	1955
CP070761	1975461	1976540	-1	1956
CP070761	1977089	1979557	1	1957
CP070761	1979529	1980719	1	1958
CP070761	1980726	1981238	1	1959
CP070761	1981264	1982259	-1	1960
CP070761	1982304	1983368	-1	1961
CP070761	1983402	1984706	-1	1962
CP070761	1984790	1985845	-1	1963
CP070761	1986005	1987603	1	1964
CP070761	1987605	1988495	1	1965
CP070761	1988467	1990119	1	1966
CP070761	1990129	1991211	-1	1967
CP070761	1991361	1992125	1	1968
CP070761	1992230	1993831	1	1969
CP070761	1993838	1994557	-1	1970
CP070761	1994633	1996453	-1	1971
CP070761	1996465	1997640	-1	1972
CP070761	1997714	1998787	-1	1973
CP070761	1998933	1999766	1	1974
CP070761	1999799	2000626	-1	1975
CP070761	2000909	2001331	-1	1976
CP070761	2001405	2002064	-1	1977
CP070761	2002284	2003948	1	1978
CP070761	2004063	2005193	1	1979
CP070761	2005204	2005668	-1	1980
CP070761	2005723	2006622	-1	1981
CP070761	2006712	2006966	-1	1982
CP070761	2007050	2008093	-1	1983
CP070761	2008045	2008176	-1	1984
CP070761	2008307	2009500	-1	1985
CP070761	2009735	2010721	-1	1986
CP070761	2010870	2012186	1	1987
CP070761	2012262	2013218	1	1988
CP070761	2013273	2014238	1	1989
CP070761	2014248	2016539	-1	1990
CP070761	2016655	2017143	1	1991
CP070761	2017138	2018367	-1	1992
CP070761	2018402	2019310	-1	1993
CP070761	2019578	2022718	1	1994
CP070761	2022822	2023187	1	1995
CP070761	2023194	2024066	-1	1996
CP070761	2024135	2024968	-1	1997
CP070761	2025054	2026679	-1	1998
CP070761	2026779	2027303	-1	1999
CP070761	2027358	2027924	-1	2000
CP070761	2027970	2029091	-1	2001
CP070761	2029276	2030067	1	2002
CP070761	2030064	2031155	-1	2003
CP070761	2031255	2032565	-1	2004
CP070761	2032672	2034252	1	2005
CP070761	2034263	2034628	-1	2006
CP070761	2034678	2035670	-1	2007
CP070761	2035692	2036174	-1	2008
CP070761	2036239	2036511	-1	2009
CP070761	2036516	2037283	-1	2010
CP070761	2037276	2038271	-1	2011
CP070761	2038366	2038689	1	2012
CP070761	2038672	2039619	-1	2013
CP070761	2039616	2040989	-1	2014
CP070761	2040992	2041726	-1	2015
CP070761	2041754	2042689	-1	2016
CP070761	2042809	2044464	-1	2017
CP070761	2044472	2045050	-1	2018
CP070761	2045292	2045642	1	2019
CP070761	2045643	2046239	1	2020
CP070761	2046298	2046714	1	2021
CP070761	2046723	2047163	-1	2022
CP070761	2047275	2048225	-1	2023
CP070761	2048225	2049727	-1	2024
CP070761	2049724	2051337	-1	2025
CP070761	2051437	2052564	-1	2026
CP070761	2052760	2053500	1	2027
CP070761	2053497	2053904	-1	2028
CP070761	2053944	2055503	-1	2029
CP070761	2055701	2056816	1	2030
CP070761	2056937	2057740	1	2031
CP070761	2057744	2058403	1	2032
CP070761	2058404	2059168	1	2033
CP070761	2059189	2059947	1	2034
CP070761	2060043	2060342	-1	2035
CP070761	2060697	2061425	1	2036
CP070761	2061520	2063301	-1	2037
CP070761	2063377	2063988	-1	2038
CP070761	2064047	2065897	-1	2039
CP070761	2065894	2066187	-1	2040
CP070761	2066200	2067057	1	2041
CP070761	2067109	2067534	-1	2042
CP070761	2067607	2070708	-1	2043
CP070761	2070977	2071603	-1	2044
CP070761	2071634	2073532	-1	2045
CP070761	2073572	2073922	1	2046
CP070761	2073859	2074740	-1	2047
CP070761	2075255	2076769	1	2048
CP070761	2076840	2078147	1	2049
CP070761	2078216	2079121	-1	2050
CP070761	2079319	2080698	1	2051
CP070761	2080793	2081650	1	2052
CP070761	2081655	2082650	1	2053
CP070761	2082652	2083392	1	2054
CP070761	2083385	2084089	1	2055
CP070761	2084101	2085441	1	2056
CP070761	2085461	2087143	1	2057
CP070761	2087380	2087955	-1	2058
CP070761	2088030	2088758	-1	2059
CP070761	2088798	2089151	1	2060
CP070761	2089250	2090164	1	2061
CP070761	2090116	2090940	1	2062
CP070761	2090958	2091704	1	2063
CP070761	2091795	2092244	1	2064
CP070761	2092214	2092480	-1	2065
CP070761	2092578	2093723	1	2066
CP070761	2093707	2094837	1	2067
CP070761	2094898	2095299	1	2068
CP070761	2095324	2096283	1	2069
CP070761	2096296	2097960	1	2070
CP070761	2097977	2098387	1	2071
CP070761	2098483	2098755	1	2072
CP070761	2098768	2099811	-1	2073
CP070761	2099929	2101221	1	2074
CP070761	2101214	2102041	-1	2075
CP070761	2102167	2102967	1	2076
CP070761	2102969	2103835	1	2077
CP070761	2103907	2104083	1	2078
CP070761	2104093	2105001	1	2079
CP070761	2105102	2105788	-1	2080
CP070761	2105888	2106715	1	2081
CP070761	2106824	2107570	1	2082
CP070761	2107634	2108080	1	2083
CP070761	2108160	2108342	-1	2084
CP070761	2108434	2108868	-1	2085
CP070761	2109087	2109302	1	2086
CP070761	2109378	2110235	1	2087
CP070761	2110258	2110389	-1	2088
CP070761	2110404	2111162	-1	2089
CP070761	2111583	2112002	-1	2090
CP070761	2112179	2113726	1	2091
CP070761	2114025	2117429	1	2092
CP070761	2117440	2118831	1	2093
CP070761	2118853	2119839	1	2094
CP070761	2119876	2121198	1	2095
CP070761	2121195	2122604	1	2096
CP070761	2122626	2123603	1	2097
CP070761	2123592	2125802	-1	2098
CP070761	2125898	2126206	-1	2099
CP070761	2126343	2126723	1	2100
CP070761	2126803	2127177	1	2101
CP070761	2127223	2127972	-1	2102
CP070761	2128958	2129791	-1	2103
CP070761	2129870	2131012	1	2104
CP070761	2131083	2132306	1	2105
CP070761	2132420	2134681	1	2106
CP070761	2134686	2135663	-1	2107
CP070761	2135794	2137374	1	2108
CP070761	2137520	2139088	1	2109
CP070761	2139090	2141828	-1	2110
CP070761	2141995	2143464	1	2111
CP070761	2143454	2145043	-1	2112
CP070761	2145231	2146391	-1	2113
CP070761	2146535	2147395	-1	2114
CP070761	2147936	2149279	1	2115
CP070761	2149370	2149717	-1	2116
CP070761	2149924	2150739	1	2117
CP070761	2150818	2152254	-1	2118
CP070761	2152368	2153510	1	2119
CP070761	2153704	2155518	1	2120
CP070761	2155545	2155961	1	2121
CP070761	2155958	2156320	-1	2122
CP070761	2156425	2157291	1	2123
CP070761	2157265	2157852	-1	2124
CP070761	2157932	2159263	1	2125
CP070761	2159287	2160264	1	2126
CP070761	2160261	2160800	1	2127
CP070761	2160817	2161563	-1	2128
CP070761	2161727	2162455	-1	2129
CP070761	2162512	2164815	1	2130
CP070761	2164876	2166033	1	2131
CP070761	2166035	2166904	1	2132
CP070761	2167013	2167168	1	2133
CP070761	2167476	2168960	1	2134
CP070761	2169165	2169380	1	2135
CP070761	2169377	2170642	-1	2136
CP070761	2170658	2171164	1	2137
CP070761	2171237	2171815	1	2138
CP070761	2171817	2173154	-1	2139
CP070761	2173166	2173546	-1	2140
CP070761	2173612	2174826	1	2141
CP070761	2174871	2176262	1	2142
CP070761	2176351	2176647	1	2143
CP070761	2176658	2176993	1	2144
CP070761	2177139	2177753	1	2145
CP070761	2177796	2178653	1	2146
CP070761	2178640	2179245	1	2147
CP070761	2179184	2180095	1	2148
CP070761	2180092	2180856	1	2149
CP070761	2180973	2182886	1	2150
CP070761	2182928	2183329	-1	2151
CP070761	2183446	2186106	1	2152
CP070761	2186111	2186680	-1	2153
CP070761	2186796	2187038	1	2154
CP070761	2187045	2187233	1	2155
CP070761	2187506	2188339	1	2156
CP070761	2188341	2188898	1	2157
CP070761	2188998	2189702	1	2158
CP070761	2189723	2190739	-1	2159
CP070761	2191011	2191625	1	2160
CP070761	2191941	2192969	1	2161
CP070761	2192954	2193109	-1	2162
CP070761	2193106	2195946	-1	2163
CP070761	2195943	2196482	-1	2164
CP070761	2196560	2197327	-1	2165
CP070761	2197339	2198412	1	2166
CP070761	2198429	2199253	1	2167
CP070761	2199282	2200232	1	2168
CP070761	2200317	2201699	1	2169
CP070761	2201784	2203052	-1	2170
CP070761	2203292	2203954	1	2171
CP070761	2204060	2204887	1	2172
CP070761	2204996	2206270	1	2173
CP070761	2206550	2207047	-1	2174
CP070761	2207915	2208199	-1	2175
CP070761	2208344	2209174	1	2176
CP070761	2209189	2209734	-1	2177
CP070761	2209749	2211944	-1	2178
CP070761	2211941	2212621	-1	2179
CP070761	2212830	2212979	-1	2180
CP070761	2213070	2216069	-1	2181
CP070761	2216277	2216606	-1	2182
CP070761	2216778	2217245	1	2183
CP070761	2217397	2217819	1	2184
CP070761	2218175	2219572	-1	2185
CP070761	2219783	2220073	1	2186
CP070761	2220041	2220832	-1	2187
CP070761	2221209	2222075	1	2188
CP070761	2222166	2222726	1	2189
CP070761	2222746	2223009	-1	2190
CP070761	2223166	2223780	1	2191
CP070761	2223893	2224159	-1	2192
CP070761	2224182	2225186	-1	2193
CP070761	2225388	2225612	1	2194
CP070761	2225676	2226653	1	2195
CP070761	2227393	2227668	1	2196
CP070761	2227788	2228084	1	2197
CP070761	2228096	2229010	1	2198
CP070761	2229050	2229394	-1	2199
CP070761	2229734	2229991	-1	2200
CP070761	2230176	2231312	1	2201
CP070761	2231296	2231661	-1	2202
CP070761	2231688	2232590	1	2203
CP070761	2232623	2233300	-1	2204
CP070761	2233474	2233935	1	2205
CP070761	2233975	2234430	-1	2206
CP070761	2234573	2235616	1	2207
CP070761	2235625	2236029	-1	2208
CP070761	2236207	2237289	1	2209
CP070761	2237354	2238691	-1	2210
CP070761	2238831	2239109	1	2211
CP070761	2239261	2243145	1	2212
CP070761	2243250	2243837	-1	2213
CP070761	2243961	2244911	-1	2214
CP070761	2244875	2245882	-1	2215
CP070761	2245991	2246473	1	2216
CP070761	2246470	2246922	1	2217
CP070761	2247147	2247905	1	2218
CP070761	2247986	2248339	-1	2219
CP070761	2248340	2249071	1	2220
CP070761	2249068	2249904	-1	2221
CP070761	2250025	2251470	1	2222
CP070761	2251474	2251899	-1	2223
CP070761	2252037	2253107	1	2224
CP070761	2253118	2254011	1	2225
CP070761	2254050	2254916	1	2226
CP070761	2255031	2255849	1	2227
CP070761	2255853	2256518	-1	2228
CP070761	2256690	2257082	-1	2229
CP070761	2257185	2258144	-1	2230
CP070761	2258220	2258891	-1	2231
CP070761	2258928	2260073	-1	2232
CP070761	2260070	2261602	-1	2233
CP070761	2261682	2262578	-1	2234
CP070761	2262908	2263342	1	2235
CP070761	2263353	2265548	1	2236
CP070761	2265701	2268190	1	2237
CP070761	2268296	2269174	1	2238
CP070761	2269273	2269548	1	2239
CP070761	2269724	2270428	1	2240
CP070761	2270628	2272400	1	2241
CP070761	2272408	2273607	-1	2242
CP070761	2273688	2274077	-1	2243
CP070761	2274107	2275024	-1	2244
CP070761	2275047	2275253	-1	2245
CP070761	2275281	2276345	1	2246
CP070761	2276333	2277400	-1	2247
CP070761	2277401	2279068	-1	2248
CP070761	2279078	2280220	-1	2249
CP070761	2280306	2281232	1	2250
CP070761	2281303	2282151	1	2251
CP070761	2282152	2283753	-1	2252
CP070761	2283825	2284232	-1	2253
CP070761	2284328	2284816	-1	2254
CP070761	2284841	2286031	-1	2255
CP070761	2286167	2287489	-1	2256
CP070761	2287602	2288636	-1	2257
CP070761	2288747	2289145	-1	2258
CP070761	2289170	2289286	-1	2259
CP070761	2289311	2289838	1	2260
CP070761	2289887	2290645	-1	2261
CP070761	2290642	2291592	-1	2262
CP070761	2291708	2291959	-1	2263
CP070761	2291970	2293229	-1	2264
CP070761	2293324	2294259	-1	2265
CP070761	2294396	2295295	-1	2266
CP070761	2295384	2295770	1	2267
CP070761	2295772	2297604	-1	2268
CP070761	2297774	2298481	1	2269
CP070761	2298478	2299194	-1	2270
CP070761	2299357	2300334	1	2271
CP070761	2300400	2304128	1	2272
CP070761	2304240	2304440	1	2273
CP070761	2304497	2304814	1	2274
CP070761	2304887	2305099	-1	2275
CP070761	2305262	2305741	-1	2276
CP070761	2305814	2306230	-1	2277
CP070761	2306335	2306997	1	2278
CP070761	2306998	2308023	-1	2279
CP070761	2308268	2308630	1	2280
CP070761	2308697	2309374	1	2281
CP070761	2309417	2309572	-1	2282
CP070761	2309622	2310998	-1	2283
CP070761	2311083	2311856	-1	2284
CP070761	2311868	2313037	-1	2285
CP070761	2313062	2313427	-1	2286
CP070761	2313437	2313679	-1	2287
CP070761	2313751	2314161	-1	2288
CP070761	2314226	2315410	1	2289
CP070761	2315636	2317489	-1	2290
CP070761	2317522	2318967	-1	2291
CP070761	2318981	2321806	-1	2292
CP070761	2321876	2323315	-1	2293
CP070761	2323385	2324467	1	2294
CP070761	2324537	2325667	1	2295
CP070761	2325627	2326688	1	2296
CP070761	2326691	2328295	1	2297
CP070761	2328273	2329355	1	2298
CP070761	2329729	2330424	1	2299
CP070761	2330534	2331268	1	2300
CP070761	2331314	2332213	-1	2301
CP070761	2332326	2333120	1	2302
CP070761	2333141	2333806	-1	2303
CP070761	2333871	2334356	1	2304
CP070761	2334500	2334892	1	2305
CP070761	2334996	2335700	-1	2306
CP070761	2335977	2337215	1	2307
CP070761	2337264	2338058	1	2308
CP070761	2338177	2339130	1	2309
CP070761	2339303	2340136	1	2310
CP070761	2340144	2344037	1	2311
CP070761	2344042	2344512	-1	2312
CP070761	2344531	2344836	-1	2313
CP070761	2345062	2345490	1	2314
CP070761	2345568	2346530	1	2315
CP070761	2346534	2347520	-1	2316
CP070761	2347547	2348449	1	2317
CP070761	2348564	2349709	1	2318
CP070761	2349726	2350334	1	2319
CP070761	2350347	2351336	-1	2320
CP070761	2351476	2352483	-1	2321
CP070761	2352571	2352711	-1	2322
CP070761	2352914	2353489	1	2323
CP070761	2353507	2354202	1	2324
CP070761	2354289	2356418	1	2325
CP070761	2356418	2357479	1	2326
CP070761	2357839	2358606	1	2327
CP070761	2358612	2358869	1	2328
CP070761	2358870	2359142	1	2329
CP070761	2359145	2359507	1	2330
CP070761	2359520	2360644	1	2331
CP070761	2360794	2361606	1	2332
CP070761	2361830	2362996	1	2333
CP070761	2362996	2363412	1	2334
CP070761	2363451	2363798	-1	2335
CP070761	2363947	2364732	1	2336
CP070761	2364743	2365687	-1	2337
CP070761	2365804	2367270	1	2338
CP070761	2367486	2369138	1	2339
CP070761	2369138	2370505	1	2340
CP070761	2370508	2371746	1	2341
CP070761	2371754	2373181	1	2342
CP070761	2373178	2374287	1	2343
CP070761	2374284	2375456	1	2344
CP070761	2375525	2376013	1	2345
CP070761	2376105	2377772	1	2346
CP070761	2377786	2379129	1	2347
CP070761	2379119	2380054	-1	2348
CP070761	2380193	2380615	1	2349
CP070761	2380626	2381516	-1	2350
CP070761	2381623	2382375	1	2351
CP070761	2382440	2383231	1	2352
CP070761	2383234	2383425	-1	2353
CP070761	2383437	2383901	-1	2354
CP070761	2384019	2384729	1	2355
CP070761	2384803	2385414	-1	2356
CP070761	2385548	2386246	1	2357
CP070761	2386248	2386586	1	2358
CP070761	2386593	2387024	-1	2359
CP070761	2387201	2388793	1	2360
CP070761	2388877	2389260	-1	2361
CP070761	2389358	2390749	-1	2362
CP070761	2390912	2391541	-1	2363
CP070761	2391896	2392447	1	2364
CP070761	2392457	2392912	-1	2365
CP070761	2392984	2393328	1	2366
CP070761	2393371	2394549	1	2367
CP070761	2394583	2397219	-1	2368
CP070761	2397388	2398878	1	2369
CP070761	2398946	2400238	1	2370
CP070761	2400246	2401466	-1	2371
CP070761	2401606	2402451	1	2372
CP070761	2402479	2403189	-1	2373
CP070761	2403208	2404038	-1	2374
CP070761	2404226	2405026	-1	2375
CP070761	2405133	2406449	1	2376
CP070761	2406455	2407369	-1	2377
CP070761	2407635	2411066	-1	2378
CP070761	2411084	2411530	-1	2379
CP070761	2411611	2412672	-1	2380
CP070761	2412685	2413674	-1	2381
CP070761	2413958	2414275	1	2382
CP070761	2414513	2416102	1	2383
CP070761	2416309	2417358	1	2384
CP070761	2417612	2419324	1	2385
CP070761	2419299	2420240	-1	2386
CP070761	2420385	2420897	1	2387
CP070761	2420951	2421790	-1	2388
CP070761	2421910	2423250	-1	2389
CP070761	2423426	2424259	1	2390
CP070761	2424313	2425290	-1	2391
CP070761	2425527	2425892	1	2392
CP070761	2426007	2426681	1	2393
CP070761	2426695	2427519	1	2394
CP070761	2427550	2428524	1	2395
CP070761	2428549	2429646	1	2396
CP070761	2429760	2430434	1	2397
CP070761	2430513	2431430	1	2398
CP070761	2431745	2432455	-1	2399
CP070761	2432645	2433100	1	2400
CP070761	2432977	2433408	-1	2401
CP070761	2433472	2434275	-1	2402
CP070761	2434421	2434735	1	2403
CP070761	2434732	2435907	1	2404
CP070761	2435913	2436818	1	2405
CP070761	2437007	2437423	1	2406
CP070761	2437442	2438248	-1	2407
CP070761	2438263	2438841	-1	2408
CP070761	2439025	2439951	1	2409
CP070761	2440094	2440348	1	2410
CP070761	2440386	2440811	1	2411
CP070761	2441013	2441942	1	2412
CP070761	2442129	2443403	1	2413
CP070761	2443497	2445779	1	2414
CP070761	2445754	2446470	-1	2415
CP070761	2446492	2447058	-1	2416
CP070761	2447141	2448976	-1	2417
CP070761	2449119	2449646	1	2418
CP070761	2449651	2451474	1	2419
CP070761	2451474	2453561	1	2420
CP070761	2453564	2454352	-1	2421
CP070761	2454468	2455646	-1	2422
CP070761	2455801	2456427	1	2423
CP070761	2456380	2456961	-1	2424
CP070761	2457264	2458229	1	2425
CP070761	2458226	2458654	-1	2426
CP070761	2458967	2461234	1	2427
CP070761	2461366	2461716	1	2428
CP070761	2461983	2462342	-1	2429
CP070761	2462409	2462912	-1	2430
CP070761	2462905	2463564	-1	2431
CP070761	2463581	2466949	-1	2432
CP070761	2466965	2468038	-1	2433
CP070761	2468170	2469888	1	2434
CP070761	2469889	2471613	1	2435
CP070761	2471699	2472541	1	2436
CP070761	2472541	2473974	1	2437
CP070761	2474323	2474994	-1	2438
CP070761	2475148	2476674	1	2439
CP070761	2476661	2477653	-1	2440
CP070761	2477739	2478443	1	2441
CP070761	2478440	2478868	-1	2442
CP070761	2478874	2480034	-1	2443
CP070761	2480050	2481090	-1	2444
CP070761	2481332	2481547	1	2445
CP070761	2481558	2482964	-1	2446
CP070761	2483055	2483474	-1	2447
CP070761	2483571	2485154	-1	2448
CP070761	2485236	2486444	-1	2449
CP070761	2486551	2487492	-1	2450
CP070761	2487566	2488450	-1	2451
CP070761	2488476	2490185	-1	2452
CP070761	2490808	2491311	-1	2453
CP070761	2491329	2491586	-1	2454
CP070761	2491598	2491873	-1	2455
CP070761	2492071	2492571	-1	2456
CP070761	2492812	2494536	1	2457
CP070761	2494533	2495399	1	2458
CP070761	2495428	2496816	1	2459
CP070761	2496905	2498584	1	2460
CP070761	2498584	2499324	1	2461
CP070761	2499570	2499773	1	2462
CP070761	2499792	2501936	-1	2463
CP070761	2501940	2502206	-1	2464
CP070761	2502649	2503272	1	2465
CP070761	2503378	2503992	1	2466
CP070761	2504017	2504616	1	2467
CP070761	2504624	2506702	1	2468
CP070761	2506711	2509017	-1	2469
CP070761	2509093	2509815	-1	2470
CP070761	2509847	2510590	-1	2471
CP070761	2510594	2510920	-1	2472
CP070761	2511012	2511398	-1	2473
CP070761	2511593	2512126	1	2474
CP070761	2512141	2513304	-1	2475
CP070761	2513355	2513921	-1	2476
CP070761	2514213	2514488	1	2477
CP070761	2514488	2516767	1	2478
CP070761	2516772	2518199	-1	2479
CP070761	2518271	2519044	-1	2480
CP070761	2519140	2520558	-1	2481
CP070761	2520575	2521510	-1	2482
CP070761	2521516	2522175	-1	2483
CP070761	2522216	2523133	-1	2484
CP070761	2523168	2524400	-1	2485
CP070761	2524428	2526596	1	2486
CP070761	2526586	2527737	-1	2487
CP070761	2527751	2529760	-1	2488
CP070761	2529799	2531217	-1	2489
CP070761	2531495	2532517	1	2490
CP070761	2532627	2534543	1	2491
CP070761	2534554	2535375	1	2492
CP070761	2535457	2536098	1	2493
CP070761	2536095	2537168	-1	2494
CP070761	2537295	2538209	-1	2495
CP070761	2538814	2539575	1	2496
CP070761	2539672	2540157	1	2497
CP070761	2540261	2541007	1	2498
CP070761	2541075	2542118	1	2499
CP070761	2542277	2542885	1	2500
CP070761	2542948	2544603	-1	2501
CP070761	2544727	2545035	-1	2502
CP070761	2545059	2545733	-1	2503
CP070761	2546037	2549396	1	2504
CP070761	2549431	2550762	-1	2505
CP070761	2550880	2553096	-1	2506
CP070761	2553229	2553825	1	2507
CP070761	2553844	2554629	-1	2508
CP070761	2554749	2554961	-1	2509
CP070761	2555322	2555936	-1	2510
CP070761	2556133	2556981	-1	2511
CP070761	2557059	2558210	1	2512
CP070761	2558207	2558896	1	2513
CP070761	2558886	2559872	-1	2514
CP070761	2559869	2560666	-1	2515
CP070761	2560666	2561595	-1	2516
CP070761	2561684	2562529	-1	2517
CP070761	2562755	2564011	1	2518
CP070761	2564030	2564392	-1	2519
CP070761	2564488	2568351	-1	2520
CP070761	2568459	2569334	-1	2521
CP070761	2569388	2570089	-1	2522
CP070761	2570292	2571257	-1	2523
CP070761	2571518	2572921	1	2524
CP070761	2572892	2573866	-1	2525
CP070761	2573863	2574366	-1	2526
CP070761	2574395	2574754	-1	2527
CP070761	2574875	2576692	-1	2528
CP070761	2576820	2577092	-1	2529
CP070761	2577157	2578296	-1	2530
CP070761	2578440	2579075	-1	2531
CP070761	2579228	2579755	1	2532
CP070761	2579752	2580501	1	2533
CP070761	2580522	2581121	1	2534
CP070761	2581161	2581802	1	2535
CP070761	2581805	2582632	1	2536
CP070761	2582728	2583813	1	2537
CP070761	2583876	2584445	-1	2538
CP070761	2584678	2584857	1	2539
CP070761	2584968	2585498	1	2540
CP070761	2585502	2586191	1	2541
CP070761	2586287	2587117	1	2542
CP070761	2587252	2587464	1	2543
CP070761	2587504	2588079	-1	2544
CP070761	2588092	2588508	-1	2545
CP070761	2588496	2588771	-1	2546
CP070761	2588843	2589820	-1	2547
CP070761	2589817	2590311	-1	2548
CP070761	2590437	2591885	1	2549
CP070761	2591882	2593003	1	2550
CP070761	2593107	2593391	1	2551
CP070761	2593466	2594059	1	2552
CP070761	2594060	2594407	1	2553
CP070761	2594420	2595352	-1	2554
CP070761	2595330	2596022	-1	2555
CP070761	2596100	2597779	-1	2556
CP070761	2597828	2599678	-1	2557
CP070761	2599679	2600428	-1	2558
CP070761	2600520	2601275	-1	2559
CP070761	2601342	2601890	-1	2560
CP070761	2601967	2602440	-1	2561
CP070761	2602463	2603449	-1	2562
CP070761	2603648	2604223	1	2563
CP070761	2604242	2604745	-1	2564
CP070761	2604845	2605351	-1	2565
CP070761	2605373	2606305	-1	2566
CP070761	2606383	2607456	-1	2567
CP070761	2607486	2607929	-1	2568
CP070761	2608024	2608821	-1	2569
CP070761	2608935	2609270	1	2570
CP070761	2609333	2610634	1	2571
CP070761	2610631	2611785	-1	2572
CP070761	2611905	2613317	1	2573
CP070761	2613347	2614153	1	2574
CP070761	2614160	2614717	-1	2575
CP070761	2614821	2615303	1	2576
CP070761	2615315	2616688	-1	2577
CP070761	2616763	2617866	-1	2578
CP070761	2618019	2619857	1	2579
CP070761	2619946	2620365	1	2580
CP070761	2620366	2620635	-1	2581
CP070761	2620711	2621226	-1	2582
CP070761	2621236	2622117	-1	2583
CP070761	2622268	2622678	1	2584
CP070761	2622775	2623212	1	2585
CP070761	2623477	2624466	1	2586
CP070761	2624641	2625396	-1	2587
CP070761	2625393	2627183	-1	2588
CP070761	2627303	2627725	1	2589
CP070761	2627751	2628461	-1	2590
CP070761	2628577	2629068	-1	2591
CP070761	2629168	2629446	1	2592
CP070761	2629569	2629928	1	2593
CP070761	2630234	2630491	1	2594
CP070761	2630471	2631274	-1	2595
CP070761	2631369	2631932	1	2596
CP070761	2631950	2632813	-1	2597
CP070761	2633000	2633800	1	2598
CP070761	2633846	2634745	-1	2599
CP070761	2635124	2636737	-1	2600
CP070761	2636734	2637648	-1	2601
CP070761	2637654	2638001	-1	2602
CP070761	2637998	2638432	-1	2603
CP070761	2638429	2640177	-1	2604
CP070761	2640177	2641517	-1	2605
CP070761	2641514	2641942	-1	2606
CP070761	2641939	2645310	-1	2607
CP070761	2645310	2646209	-1	2608
CP070761	2646206	2646778	-1	2609
CP070761	2646785	2647666	-1	2610
CP070761	2647663	2648157	-1	2611
CP070761	2648776	2650968	1	2612
CP070761	2651066	2653663	1	2613
CP070761	2653768	2654850	1	2614
CP070761	2654859	2655203	-1	2615
CP070761	2655540	2656244	-1	2616
CP070761	2656386	2657417	1	2617
CP070761	2657478	2658020	1	2618
CP070761	2658025	2658963	-1	2619
CP070761	2658982	2660010	-1	2620
CP070761	2660041	2661273	-1	2621
CP070761	2661438	2662538	-1	2622
CP070761	2662600	2663364	-1	2623
CP070761	2663771	2664187	1	2624
CP070761	2664209	2664751	-1	2625
CP070761	2664874	2665863	1	2626
CP070761	2665860	2666768	1	2627
CP070761	2666772	2668283	-1	2628
CP070761	2668325	2669377	-1	2629
CP070761	2670123	2670371	1	2630
CP070761	2670407	2670517	1	2631
CP070761	2670797	2671444	1	2632
CP070761	2671516	2672607	1	2633
CP070761	2672704	2674002	1	2634
CP070761	2674003	2674542	1	2635
CP070761	2674595	2675065	1	2636
CP070761	2675108	2676388	-1	2637
CP070761	2676497	2677147	-1	2638
CP070761	2677326	2677703	1	2639
CP070761	2677764	2678195	-1	2640
CP070761	2678243	2679232	-1	2641
CP070761	2679329	2680303	1	2642
CP070761	2680306	2680869	1	2643
CP070761	2680841	2681371	1	2644
CP070761	2681449	2681895	1	2645
CP070761	2681888	2683561	-1	2646
CP070761	2683684	2684718	1	2647
CP070761	2684745	2685593	1	2648
CP070761	2685685	2690583	1	2649
CP070761	2690580	2691617	1	2650
CP070761	2691631	2693040	-1	2651
CP070761	2693188	2693349	-1	2652
CP070761	2693346	2694176	-1	2653
CP070761	2694173	2694670	-1	2654
CP070761	2695051	2696253	-1	2655
CP070761	2696478	2698184	1	2656
CP070761	2698181	2699146	-1	2657
CP070761	2699166	2700299	-1	2658
CP070761	2700459	2702210	1	2659
CP070761	2702291	2703115	1	2660
CP070761	2703145	2703504	-1	2661
CP070761	2703548	2704621	-1	2662
CP070761	2704605	2705606	-1	2663
CP070761	2705737	2706219	1	2664
CP070761	2706232	2706708	1	2665
CP070761	2706715	2707086	-1	2666
CP070761	2707102	2707218	-1	2667
CP070761	2707436	2707924	-1	2668
CP070761	2707944	2709404	-1	2669
CP070761	2709907	2710254	1	2670
CP070761	2710283	2711830	1	2671
CP070761	2712109	2712615	1	2672
CP070761	2712612	2713340	-1	2673
CP070761	2713409	2714611	1	2674
CP070761	2714616	2715671	1	2675
CP070761	2715668	2716321	1	2676
CP070761	2716323	2717060	-1	2677
CP070761	2717145	2718050	1	2678
CP070761	2718052	2718984	-1	2679
CP070761	2719134	2721758	-1	2680
CP070761	2721929	2723455	1	2681
CP070761	2723529	2725808	1	2682
CP070761	2725886	2726908	1	2683
CP070761	2726924	2727346	1	2684
CP070761	2727391	2728647	-1	2685
CP070761	2728799	2729728	1	2686
CP070761	2729733	2730473	-1	2687
CP070761	2730572	2731972	-1	2688
CP070761	2732039	2733175	1	2689
CP070761	2733250	2734725	-1	2690
CP070761	2734827	2735621	-1	2691
CP070761	2735624	2737174	-1	2692
CP070761	2737247	2738257	-1	2693
CP070761	2738337	2739155	-1	2694
CP070761	2739223	2741199	-1	2695
CP070761	2741343	2741741	-1	2696
CP070761	2741799	2742947	-1	2697
CP070761	2743082	2743912	1	2698
CP070761	2743913	2744632	1	2699
CP070761	2744659	2745081	-1	2700
CP070761	2745260	2747395	1	2701
CP070761	2747388	2747609	1	2702
CP070761	2747587	2747931	-1	2703
CP070761	2748070	2749998	1	2704
CP070761	2749995	2750762	-1	2705
CP070761	2750830	2751513	1	2706
CP070761	2751546	2752112	1	2707
CP070761	2752266	2753123	1	2708
CP070761	2753120	2756668	-1	2709
CP070761	2756821	2758590	1	2710
CP070761	2758587	2759828	-1	2711
CP070761	2759831	2760064	-1	2712
CP070761	2760218	2760472	1	2713
CP070761	2760537	2760650	1	2714
CP070761	2760672	2760902	1	2715
CP070761	2760902	2763739	1	2716
CP070761	2763711	2764331	1	2717
CP070761	2764333	2765457	-1	2718
CP070761	2765541	2765927	-1	2719
CP070761	2765993	2766835	1	2720
CP070761	2767061	2767636	1	2721
CP070761	2767608	2768093	-1	2722
CP070761	2768086	2769051	-1	2723
CP070761	2769112	2770158	1	2724
CP070761	2770173	2771483	1	2725
CP070761	2771483	2772670	1	2726
CP070761	2772667	2773059	1	2727
CP070761	2773062	2773700	-1	2728
CP070761	2773697	2773915	-1	2729
CP070761	2773928	2774326	-1	2730
CP070761	2774328	2774780	-1	2731
CP070761	2774792	2775154	-1	2732
CP070761	2775166	2775966	-1	2733
CP070761	2776141	2776638	-1	2734
CP070761	2776835	2777836	1	2735
CP070761	2777990	2778361	1	2736
CP070761	2778382	2778612	1	2737
CP070761	2778615	2778815	1	2738
CP070761	2778866	2779537	-1	2739
CP070761	2779700	2781799	1	2740
CP070761	2782106	2783437	-1	2741
CP070761	2783620	2784246	-1	2742
CP070761	2784623	2785186	-1	2743
CP070761	2785196	2785831	-1	2744
CP070761	2785883	2786623	-1	2745
CP070761	2786657	2787067	1	2746
CP070761	2787175	2788440	1	2747
CP070761	2788490	2789284	-1	2748
CP070761	2789341	2791089	-1	2749
CP070761	2791089	2792396	-1	2750
CP070761	2792397	2792840	-1	2751
CP070761	2792956	2793924	1	2752
CP070761	2793925	2794899	1	2753
CP070761	2794914	2796152	1	2754
CP070761	2796396	2797205	1	2755
CP070761	2797220	2797567	1	2756
CP070761	2797662	2798711	-1	2757
CP070761	2798882	2799226	-1	2758
CP070761	2799258	2800298	-1	2759
CP070761	2800354	2800623	-1	2760
CP070761	2800808	2801167	-1	2761
CP070761	2801329	2801688	1	2762
CP070761	2801755	2803290	-1	2763
CP070761	2803393	2804313	1	2764
CP070761	2804342	2805244	1	2765
CP070761	2805260	2805706	1	2766
CP070761	2805708	2805941	-1	2767
CP070761	2805945	2807780	-1	2768
CP070761	2807786	2808238	-1	2769
CP070761	2808299	2809660	-1	2770
CP070761	2809830	2810669	-1	2771
CP070761	2810803	2811624	-1	2772
CP070761	2811816	2813051	1	2773
CP070761	2813558	2814640	1	2774
CP070761	2814643	2815581	1	2775
CP070761	2815571	2816536	1	2776
CP070761	2816559	2817635	-1	2777
CP070761	2817785	2818357	1	2778
CP070761	2818357	2819628	1	2779
CP070761	2819699	2821573	1	2780
CP070761	2821576	2822196	1	2781
CP070761	2822193	2824466	-1	2782
CP070761	2824635	2825435	1	2783
CP070761	2825432	2826373	-1	2784
CP070761	2826348	2827349	-1	2785
CP070761	2827543	2827830	1	2786
CP070761	2827980	2828366	1	2787
CP070761	2828397	2829008	1	2788
CP070761	2829086	2830306	1	2789
CP070761	2830357	2831658	1	2790
CP070761	2831727	2832305	1	2791
CP070761	2832302	2832598	1	2792
CP070761	2832600	2833775	1	2793
CP070761	2833775	2834716	1	2794
CP070761	2834848	2835600	1	2795
CP070761	2835718	2835852	1	2796
CP070761	2836048	2836440	1	2797
CP070761	2836443	2838179	1	2798
CP070761	2838661	2839413	1	2799
CP070761	2839474	2840229	-1	2800
CP070761	2840351	2841268	1	2801
CP070761	2841271	2842437	1	2802
CP070761	2842434	2845364	1	2803
CP070761	2845376	2846098	1	2804
CP070761	2846153	2846821	1	2805
CP070761	2846848	2848083	1	2806
CP070761	2848085	2849677	-1	2807
CP070761	2849827	2850726	1	2808
CP070761	2850737	2853193	-1	2809
CP070761	2853383	2854546	1	2810
CP070761	2854558	2856240	1	2811
CP070761	2856272	2860690	1	2812
CP070761	2860692	2861672	1	2813
CP070761	2861669	2864125	1	2814
CP070761	2863983	2865101	-1	2815
CP070761	2865207	2867087	-1	2816
CP070761	2867130	2867270	-1	2817
CP070761	2867287	2867652	-1	2818
CP070761	2867737	2868819	-1	2819
CP070761	2868932	2869315	1	2820
CP070761	2869317	2870294	-1	2821
CP070761	2870431	2870796	-1	2822
CP070761	2870989	2871780	-1	2823
CP070761	2871917	2872894	-1	2824
CP070761	2873013	2874218	1	2825
CP070761	2874208	2874672	-1	2826
CP070761	2874804	2875982	-1	2827
CP070761	2876007	2876651	-1	2828
CP070761	2876786	2878531	1	2829
CP070761	2878544	2879359	-1	2830
CP070761	2879361	2880788	-1	2831
CP070761	2881322	2881999	1	2832
CP070761	2882002	2882985	1	2833
CP070761	2883088	2883744	1	2834
CP070761	2883870	2884787	1	2835
CP070761	2884790	2887321	1	2836
CP070761	2887318	2888043	-1	2837
CP070761	2888239	2888514	1	2838
CP070761	2888880	2890163	1	2839
CP070761	2890179	2891519	-1	2840
CP070761	2891545	2892786	1	2841
CP070761	2892966	2893856	1	2842
CP070761	2893859	2894074	-1	2843
CP070761	2894298	2895104	-1	2844
CP070761	2895169	2896299	-1	2845
CP070761	2896728	2897417	-1	2846
CP070761	2897548	2898084	1	2847
CP070761	2898081	2898962	1	2848
CP070761	2899017	2900141	1	2849
CP070761	2900148	2900984	-1	2850
CP070761	2901029	2903035	-1	2851
CP070761	2903032	2905041	-1	2852
CP070761	2905115	2905612	-1	2853
CP070761	2905684	2906463	1	2854
CP070761	2906408	2909359	1	2855
CP070761	2909372	2912275	1	2856
CP070761	2912348	2913367	1	2857
CP070761	2913372	2913833	-1	2858
CP070761	2913833	2914900	-1	2859
CP070761	2914997	2915449	1	2860
CP070761	2915459	2915977	-1	2861
CP070761	2915978	2916838	-1	2862
CP070761	2916822	2917238	-1	2863
CP070761	2917411	2917725	-1	2864
CP070761	2917786	2919606	1	2865
CP070761	2919615	2920445	-1	2866
CP070761	2920648	2921796	1	2867
CP070761	2921911	2922258	-1	2868
CP070761	2922378	2923418	1	2869
CP070761	2923521	2923751	1	2870
CP070761	2923870	2924454	1	2871
CP070761	2924533	2925213	1	2872
CP070761	2925273	2926163	1	2873
CP070761	2926181	2926996	-1	2874
CP070761	2927107	2929515	-1	2875
CP070761	2929679	2929972	-1	2876
CP070761	2930115	2930636	1	2877
CP070761	2930849	2931088	1	2878
CP070761	2930974	2931243	-1	2879
CP070761	2931261	2931785	-1	2880
CP070761	2931904	2932272	-1	2881
CP070761	2932326	2935103	1	2882
CP070761	2935120	2937063	1	2883
CP070761	2937069	2938169	1	2884
CP070761	2938218	2938577	1	2885
CP070761	2938629	2940410	-1	2886
CP070761	2940487	2941182	-1	2887
CP070761	2941467	2942762	1	2888
CP070761	2942784	2944553	1	2889
CP070761	2944564	2945874	1	2890
CP070761	2945871	2947970	1	2891
CP070761	2948026	2949570	1	2892
CP070761	2949589	2951079	1	2893
CP070761	2951103	2952254	-1	2894
CP070761	2952377	2952808	1	2895
CP070761	2952842	2953387	-1	2896
CP070761	2953389	2956193	1	2897
CP070761	2956398	2957384	1	2898
CP070761	2957988	2959832	1	2899
CP070761	2960086	2961093	1	2900
CP070761	2961106	2961963	-1	2901
CP070761	2962166	2962534	1	2902
CP070761	2962641	2964035	1	2903
CP070761	2964097	2964417	-1	2904
CP070761	2964558	2965895	1	2905
CP070761	2965905	2966576	-1	2906
CP070761	2966719	2966952	1	2907
CP070761	2967070	2967462	-1	2908
CP070761	2967601	2968959	1	2909
CP070761	2969091	2969309	1	2910
CP070761	2969452	2970195	1	2911
CP070761	2970200	2970925	-1	2912
CP070761	2970929	2972158	-1	2913
CP070761	2972362	2972973	1	2914
CP070761	2972974	2974539	-1	2915
CP070761	2974689	2976074	1	2916
CP070761	2976076	2977425	1	2917
CP070761	2977427	2979415	-1	2918
CP070761	2979710	2980672	1	2919
CP070761	2980886	2982097	1	2920
CP070761	2982165	2983193	-1	2921
CP070761	2983362	2984195	1	2922
CP070761	2984192	2985535	-1	2923
CP070761	2985532	2986377	-1	2924
CP070761	2986432	2987436	1	2925
CP070761	2987450	2988274	-1	2926
CP070761	2988703	2990337	1	2927
CP070761	2990539	2992653	1	2928
CP070761	2992663	2994981	-1	2929
CP070761	2995097	2995483	-1	2930
CP070761	2995486	2995839	-1	2931
CP070761	2995916	2996695	-1	2932
CP070761	2996788	2998962	1	2933
CP070761	2999049	2999414	1	2934
CP070761	2999520	3000476	-1	2935
CP070761	3000494	3001009	-1	2936
CP070761	3001646	3001828	1	2937
CP070761	3001879	3002313	-1	2938
CP070761	3002315	3003340	-1	2939
CP070761	3003374	3004228	1	2940
CP070761	3004415	3005686	1	2941
CP070761	3005678	3007393	-1	2942
CP070761	3007411	3008583	-1	2943
CP070761	3008683	3009351	1	2944
CP070761	3009348	3009758	-1	2945
CP070761	3009844	3011214	-1	2946
CP070761	3011356	3012150	1	2947
CP070761	3012178	3013146	1	2948
CP070761	3013297	3013845	1	2949
CP070761	3013948	3014532	1	2950
CP070761	3014539	3015681	1	2951
CP070761	3015695	3016432	1	2952
CP070761	3016500	3017042	1	2953
CP070761	3017109	3018224	1	2954
CP070761	3018420	3025628	-1	2955
CP070761	3025780	3026274	-1	2956
CP070761	3026456	3027205	1	2957
CP070761	3027214	3028857	-1	2958
CP070761	3028970	3029482	1	2959
CP070761	3029545	3029724	1	2960
CP070761	3029755	3030741	1	2961
CP070761	3030766	3031767	1	2962
CP070761	3031768	3032070	-1	2963
CP070761	3032141	3032878	-1	2964
CP070761	3033002	3033334	1	2965
CP070761	3033376	3034380	1	2966
CP070761	3034392	3035891	1	2967
CP070761	3035894	3036523	1	2968
CP070761	3036539	3038323	1	2969
CP070761	3038320	3039045	-1	2970
CP070761	3039167	3040402	-1	2971
CP070761	3040513	3041952	1	2972
CP070761	3041979	3042380	1	2973
CP070761	3042406	3042921	-1	2974
CP070761	3043052	3043861	-1	2975
CP070761	3044002	3044523	-1	2976
CP070761	3044622	3045185	-1	2977
CP070761	3045562	3046083	1	2978
CP070761	3046080	3046988	1	2979
CP070761	3047035	3048042	1	2980
CP070761	3048106	3048882	1	2981
CP070761	3048885	3050336	-1	2982
CP070761	3050562	3051482	1	2983
CP070761	3051578	3053632	-1	2984
CP070761	3054015	3056336	1	2985
CP070761	3056393	3059044	1	2986
CP070761	3059123	3059305	1	2987
CP070761	3060330	3060899	1	2988
CP070761	3061007	3061180	-1	2989
CP070761	3061203	3061454	-1	2990
CP070761	3061801	3062613	1	2991
CP070761	3062672	3063313	-1	2992
CP070761	3063544	3064161	-1	2993
CP070761	3064171	3065001	-1	2994
CP070761	3065495	3067894	1	2995
CP070761	3067964	3068278	1	2996
CP070761	3068391	3069116	1	2997
CP070761	3069113	3070090	-1	2998
CP070761	3070147	3070536	-1	2999
CP070761	3070533	3071705	-1	3000
CP070761	3071860	3072204	1	3001
CP070761	3072300	3073502	1	3002
CP070761	3073647	3074399	1	3003
CP070761	3074396	3074944	1	3004
CP070761	3074990	3076258	1	3005
CP070761	3076278	3077021	-1	3006
CP070761	3077142	3077864	1	3007
CP070761	3077871	3078404	1	3008
CP070761	3078494	3078766	1	3009
CP070761	3078894	3079274	1	3010
CP070761	3079291	3080085	1	3011
CP070761	3080072	3080509	-1	3012
CP070761	3080796	3081698	-1	3013
CP070761	3081775	3082509	-1	3014
CP070761	3082678	3083724	1	3015
CP070761	3083721	3083825	1	3016
CP070761	3083825	3084514	1	3017
CP070761	3084623	3085414	1	3018
CP070761	3085480	3087348	1	3019
CP070761	3087811	3089700	1	3020
CP070761	3089781	3090161	1	3021
CP070761	3090303	3091577	1	3022
CP070761	3091626	3092261	-1	3023
CP070761	3092397	3093179	-1	3024
CP070761	3093312	3093971	-1	3025
CP070761	3093975	3095249	-1	3026
CP070761	3095341	3096006	-1	3027
CP070761	3096188	3096787	1	3028
CP070761	3096891	3097202	1	3029
CP070761	3097258	3098682	-1	3030
CP070761	3099231	3100172	1	3031
CP070761	3100204	3100830	1	3032
CP070761	3100895	3101008	-1	3033
CP070761	3101066	3102676	1	3034
CP070761	3102915	3104066	-1	3035
CP070761	3104600	3106447	-1	3036
CP070761	3106541	3107116	-1	3037
CP070761	3107212	3108189	-1	3038
CP070761	3108186	3109250	-1	3039
CP070761	3109360	3112437	-1	3040
CP070761	3112586	3113008	1	3041
CP070761	3113124	3113342	1	3042
CP070761	3113359	3114222	-1	3043
CP070761	3114308	3115189	1	3044
CP070761	3115199	3117199	-1	3045
CP070761	3117180	3120119	-1	3046
CP070761	3120227	3122311	1	3047
CP070761	3122646	3123866	1	3048
CP070761	3123881	3124726	1	3049
CP070761	3124774	3125205	1	3050
CP070761	3125227	3125880	1	3051
CP070761	3125928	3126476	1	3052
CP070761	3126509	3127411	-1	3053
CP070761	3127476	3127805	1	3054
CP070761	3127816	3128976	1	3055
CP070761	3128982	3130250	1	3056
CP070761	3130247	3130759	1	3057
CP070761	3130840	3132624	1	3058
CP070761	3132666	3133832	-1	3059
CP070761	3133904	3134245	-1	3060
CP070761	3134458	3134781	-1	3061
CP070761	3134840	3135214	-1	3062
CP070761	3135304	3136473	-1	3063
CP070761	3136488	3137012	-1	3064
CP070761	3137012	3138598	-1	3065
CP070761	3138832	3139968	1	3066
CP070761	3140064	3140921	-1	3067
CP070761	3140921	3141754	-1	3068
CP070761	3142212	3142313	-1	3069
CP070761	3142506	3143798	-1	3070
CP070761	3143803	3144579	-1	3071
CP070761	3144581	3145432	-1	3072
CP070761	3145429	3146460	-1	3073
CP070761	3146795	3147178	-1	3074
CP070761	3147324	3147968	1	3075
CP070761	3147973	3148482	-1	3076
CP070761	3148571	3149236	-1	3077
CP070761	3149277	3150917	-1	3078
CP070761	3151114	3152049	-1	3079
CP070761	3152228	3154408	1	3080
CP070761	3154472	3157342	-1	3081
