Hmm	ORF	tlen	qlen	Eval	score	start	end	Acc	Pos	Cov_seq	Cov_hmm	strand
AbiEii_0_CAS-III	CP070761_1027	374	284	0.0016	15.5	1011201	1012322	CP070761	1027	0.13636363636363635	0.16901408450704225	-1
AbiEii_0_CAS-III	CP070761_1064	275	284	0.00013	19.1	1046338	1047162	CP070761	1064	0.36363636363636365	0.352112676056338	-1
AbiEii_0_CAS-III	CP070761_1065	280	284	2.4e-06	24.8	1047159	1047998	CP070761	1065	0.5142857142857142	0.4823943661971831	-1
AbiEii_0_CAS-III	CP070761_1079	273	284	2.4e-06	24.8	1056946	1057764	CP070761	1079	0.32234432234432236	0.2887323943661972	-1
AbiEii_0_CAS-III	CP070761_1181	257	284	0.0001	19.4	1163967	1164737	CP070761	1181	0.245136186770428	0.21830985915492956	-1
AbiEii_0_CAS-III	CP070761_1273	249	284	1.3e-05	22.4	1253770	1254516	CP070761	1273	0.27309236947791166	0.2323943661971831	1
AbiEii_0_CAS-III	CP070761_1301	731	284	0.0026	14.8	1281692	1283884	CP070761	1301	0.0533515731874145	0.07042253521126761	1
AbiEii_0_CAS-III	CP070761_1336	188	284	0.011	12.8	1316438	1317001	CP070761	1336	0.18617021276595744	0.12323943661971831	-1
AbiEii_0_CAS-III	CP070761_1348	1197	284	4.9e-06	23.8	1325064	1328654	CP070761	1348	0.0960735171261487	0.30985915492957744	1
AbiEii_0_CAS-III	CP070761_1514	227	284	2.7e-05	21.4	1517935	1518615	CP070761	1514	0.3656387665198238	0.28169014084507044	1
AbiEii_0_CAS-III	CP070761_1551	320	284	0.018	12.1	1564800	1565759	CP070761	1551	0.1625	0.1795774647887324	1
AbiEii_0_CAS-III	CP070761_1552	338	284	2.7e-05	21.3	1565759	1566772	CP070761	1552	0.39349112426035504	0.4507042253521127	1
AbiEii_0_CAS-III	CP070761_1571	233	284	0.0032	14.5	1585826	1586524	CP070761	1571	0.2832618025751073	0.20774647887323944	1
AbiEii_0_CAS-III	CP070761_1574	294	284	0.0009	16.3	1592185	1593066	CP070761	1574	0.30612244897959184	0.30633802816901406	1
AbiEii_0_CAS-III	CP070761_1671	358	284	5.2e-07	27.0	1692353	1693426	CP070761	1671	0.388268156424581	0.4788732394366197	1
AbiEii_0_CAS-III	CP070761_1968	255	284	3.3e-08	30.9	1991361	1992125	CP070761	1968	0.403921568627451	0.34507042253521125	1
AbiEii_0_CAS-III	CP070761_2033	255	284	1.9e-10	38.2	2058404	2059168	CP070761	2033	0.5803921568627451	0.5105633802816901	1
AbiEii_0_CAS-III	CP070761_2054	247	284	9.9e-05	19.5	2082652	2083392	CP070761	2054	0.3522267206477733	0.2887323943661972	1
AbiEii_0_CAS-III	CP070761_2055	235	284	2.7e-06	24.6	2083385	2084089	CP070761	2055	0.33617021276595743	0.2640845070422535	1
AbiEii_0_CAS-III	CP070761_2236	732	284	0.0021	15.1	2263353	2265548	CP070761	2236	0.0546448087431694	0.07394366197183098	1
AbiEii_0_CAS-III	CP070761_2247	356	284	0.012	12.6	2276333	2277400	CP070761	2247	0.17415730337078653	0.2112676056338028	-1
AbiEii_0_CAS-III	CP070761_2262	317	284	1.4e-07	28.8	2290642	2291592	CP070761	2262	0.21451104100946372	0.23591549295774647	-1
AbiEii_0_CAS-III	CP070761_2381	330	284	0.00019	18.5	2412685	2413674	CP070761	2381	0.42424242424242425	0.4788732394366197	-1
AbiEii_0_CAS-III	CP070761_2419	608	284	0.0024	15.0	2449651	2451474	CP070761	2419	0.1825657894736842	0.41901408450704225	1
AbiEii_0_CAS-III	CP070761_2432	1123	284	3.6e-08	30.8	2463581	2466949	CP070761	2432	0.13802315227070347	0.5422535211267606	-1
AbiEii_0_CAS-III	CP070761_2487	384	284	2.2e-05	21.6	2526586	2527737	CP070761	2487	0.2265625	0.27816901408450706	-1
AbiEii_0_CAS-III	CP070761_2511	283	284	0.00092	16.3	2556133	2556981	CP070761	2511	0.23674911660777384	0.23943661971830985	-1
AbiEii_0_CAS-III	CP070761_2541	230	284	3.2e-05	21.1	2585502	2586191	CP070761	2541	0.46956521739130436	0.3591549295774648	1
AbiEii_0_CAS-III	CP070761_2558	250	284	0.00012	19.2	2599679	2600428	CP070761	2558	0.42	0.3485915492957746	-1
AbiEii_0_CAS-III	CP070761_2587	252	284	4.1e-06	24.0	2624641	2625396	CP070761	2587	0.3968253968253968	0.3380281690140845	-1
AbiEii_0_CAS-III	CP070761_2642	325	284	6.1e-06	23.4	2679329	2680303	CP070761	2642	0.23692307692307693	0.2640845070422535	1
AbiEii_0_CAS-III	CP070761_2649	1633	284	0.0076	13.3	2685685	2690583	CP070761	2649	0.16289038579301898	0.46830985915492956	1
AbiEii_0_CAS-III	CP070761_268	260	284	5.4e-07	26.9	259060	259839	CP070761	268	0.45	0.3873239436619718	1
AbiEii_0_CAS-III	CP070761_2813	327	284	0.0098	12.9	2860692	2861672	CP070761	2813	0.3486238532110092	0.2852112676056338	1
AbiEii_0_CAS-III	CP070761_2854	260	284	0.0043	14.1	2905684	2906463	CP070761	2854	0.34615384615384615	0.30633802816901406	1
AbiEii_0_CAS-III	CP070761_2857	340	284	0.0088	13.1	2912348	2913367	CP070761	2857	0.16176470588235295	0.19718309859154928	1
AbiEii_0_CAS-III	CP070761_286	256	284	6.2e-08	30.0	280352	281119	CP070761	286	0.5234375	0.45422535211267606	-1
AbiEii_0_CAS-III	CP070761_2865	607	284	1.5e-05	22.2	2917786	2919606	CP070761	2865	0.14662273476112025	0.24295774647887325	1
AbiEii_0_CAS-III	CP070761_2913	410	284	0.0086	13.1	2970929	2972158	CP070761	2913	0.046341463414634146	0.06690140845070422	-1
AbiEii_0_CAS-III	CP070761_349	240	284	4.1e-08	30.6	345101	345820	CP070761	349	0.5708333333333333	0.4823943661971831	-1
AbiEii_0_CAS-III	CP070761_350	265	284	6.2e-05	20.1	345804	346598	CP070761	350	0.27169811320754716	0.24647887323943662	-1
AbiEii_0_CAS-III	CP070761_40	193	284	0.0027	14.8	36613	37191	CP070761	40	0.13989637305699482	0.09154929577464789	-1
AbiEii_0_CAS-III	CP070761_417	371	284	0.0004	17.5	404601	405713	CP070761	417	0.25336927223719674	0.3274647887323944	1
AbiEii_0_CAS-III	CP070761_562	258	284	0.00011	19.3	539933	540706	CP070761	562	0.2364341085271318	0.2112676056338028	-1
AbiEii_0_CAS-III	CP070761_64	343	284	2.2e-09	34.8	60268	61296	CP070761	64	0.32653061224489793	0.3767605633802817	1
AbiEii_0_CAS-III	CP070761_66	317	284	5.6e-05	20.3	62264	63214	CP070761	66	0.21766561514195584	0.23943661971830985	1
AbiEii_0_CAS-III	CP070761_664	257	284	7.3e-05	19.9	642153	642923	CP070761	664	0.27626459143968873	0.2605633802816901	1
AbiEii_0_CAS-III	CP070761_690	260	284	1.7e-08	31.9	666947	667726	CP070761	690	0.5653846153846154	0.5	1
AbiEii_0_CAS-III	CP070761_749	198	284	0.0085	13.1	743074	743667	CP070761	749	0.3181818181818182	0.24295774647887325	-1
AbiEii_0_CAS-III	CP070761_792	953	284	0.022	11.8	784760	787618	CP070761	792	0.04931794333683106	0.10915492957746478	1
AbiEii_0_CAS-III	CP070761_888	258	284	5.9e-05	20.2	887787	888560	CP070761	888	0.29069767441860467	0.25	1
AbiEii_0_CAS-III	CP070761_96	298	284	3.2e-06	24.4	101156	102049	CP070761	96	0.6677852348993288	0.7183098591549296	1
AbiEii_1_CAS-III-A	CP070761_1079	273	335	0.0024	14.5	1056946	1057764	CP070761	1079	0.21611721611721613	0.16119402985074627	-1
AbiEii_1_CAS-III-A	CP070761_1671	358	335	0.0036	14.0	1692353	1693426	CP070761	1671	0.2011173184357542	0.2208955223880597	1
AbiEii_1_CAS-III-A	CP070761_2033	255	335	0.0093	12.6	2058404	2059168	CP070761	2033	0.30196078431372547	0.2417910447761194	1
AbiEii_1_CAS-III-A	CP070761_2055	235	335	0.0007	16.3	2083385	2084089	CP070761	2055	0.2170212765957447	0.14925373134328357	1
AbiEii_1_CAS-III-A	CP070761_2541	230	335	0.0073	12.9	2585502	2586191	CP070761	2541	0.2565217391304348	0.18208955223880596	1
AbiEii_1_CAS-III-A	CP070761_346	200	335	4.5e-05	20.2	341812	342411	CP070761	346	0.245	0.14925373134328357	-1
AbiEii_1_CAS-III-A	CP070761_692	870	335	0.011	12.3	669471	672080	CP070761	692	0.1528735632183908	0.3970149253731343	1
AbiEii_2_CAS-III-C	CP070761_2857	340	440	0.021	11.5	2912348	2913367	CP070761	2857	0.21764705882352942	0.16818181818181818	1
Can2_Card1_17_CAS-III	CP070761_1630	125	380	0.019	11.1	1660822	1661196	CP070761	1630	0.496	0.1631578947368421	1
Cas10_0_IIIA	CP070761_1923	265	650	0.046	9.9	1939343	1940137	CP070761	1923	0.32075471698113206	0.12923076923076923	-1
Cas11_0_IV	CP070761_1381	743	114	0.017	12.6	1356799	1359027	CP070761	1381	0.11978465679676985	0.8157894736842105	-1
Cas12a_0_VA	CP070761_413	417	1288	0.00051	15.2	401847	403097	CP070761	413	0.1750599520383693	0.056677018633540376	-1
Cas12c_0_CAS-V-C	CP070761_1903	771	1272	7.4e-08	27.9	1914319	1916631	CP070761	1903	0.20881971465629054	0.12657232704402516	1
Cas12f1_2_CAS-V-F	CP070761_1008	447	429	0.0081	12.6	993647	994987	CP070761	1008	0.09843400447427293	0.10023310023310024	1
Cas12f2_1_CAS-V-F	CP070761_1882	318	422	0.00053	16.6	1889212	1890165	CP070761	1882	0.16666666666666666	0.12322274881516587	-1
Cas12f2_1_CAS-V-F	CP070761_2060	118	422	0.0054	13.3	2088798	2089151	CP070761	2060	0.2796610169491525	0.06872037914691943	1
Cas12f2_1_CAS-V-F	CP070761_2313	102	422	0.022	11.3	2344531	2344836	CP070761	2313	0.29411764705882354	0.08293838862559241	-1
Cas12f2_1_CAS-V-F	CP070761_2429	120	422	0.0048	13.5	2461983	2462342	CP070761	2429	0.31666666666666665	0.09004739336492891	-1
Cas12j_0_V-J	CP070761_1717	53	758	0.027	9.8	1738919	1739077	CP070761	1717	0.5660377358490566	0.0395778364116095	-1
Cas1_1_CAS-I-II-III-IV-V-VI	CP070761_815	691	261	8.2	3.1	805195	807267	CP070761	815	0.26049204052098407	0.5708812260536399	-1
Cas3_0_CAS-I	CP070761_1309	777	353	1.2e-09	35.3	1291178	1293508	CP070761	1309	0.138996138996139	0.29745042492917845	1
Cas3_0_CAS-I	CP070761_2716	946	353	4.2e-17	59.7	2760902	2763739	CP070761	2716	0.33509513742071884	0.8810198300283286	1
Cas3_0_CAS-I	CP070761_2882	926	353	6.4e-15	52.5	2932326	2935103	CP070761	2882	0.3390928725701944	0.9206798866855525	1
Cas3_0_CAS-I	CP070761_88	735	353	7.2e-06	22.8	89614	91818	CP070761	88	0.19863945578231293	0.41076487252124644	-1
Cas3_0_CAS-I-D	CP070761_2716	946	626	1.2e-06	24.5	2760902	2763739	CP070761	2716	0.13847780126849896	0.18370607028753994	1
Cas3_0_CAS-I-D	CP070761_2882	926	626	3.5e-15	52.7	2932326	2935103	CP070761	2882	0.3099352051835853	0.43929712460063897	1
Cas3_0_I	CP070761_1309	777	358	1.1e-09	35.3	1291178	1293508	CP070761	1309	0.1377091377091377	0.2905027932960894	1
Cas3_0_I	CP070761_2716	946	358	5.1e-17	59.4	2760902	2763739	CP070761	2716	0.33509513742071884	0.8798882681564246	1
Cas3_0_I	CP070761_2882	926	358	8.4e-14	48.8	2932326	2935103	CP070761	2882	0.33153347732181426	0.8966480446927374	1
Cas3_0_I	CP070761_88	735	358	3.5e-06	23.8	89614	91818	CP070761	88	0.20952380952380953	0.4301675977653631	-1
Cas3_0_ID	CP070761_2716	946	357	2.3e-05	21.1	2760902	2763739	CP070761	2716	0.07399577167019028	0.1876750700280112	1
Cas3_0_ID	CP070761_2882	926	357	3.1e-11	40.4	2932326	2935103	CP070761	2882	0.2203023758099352	0.5350140056022409	1
Cas3_0_IU	CP070761_824	873	864	0.025	9.9	814829	817447	CP070761	824	0.0859106529209622	0.0787037037037037	1
Cas3_1_CAS-I	CP070761_1309	777	745	1.1e-05	21.4	1291178	1293508	CP070761	1309	0.09523809523809523	0.10469798657718121	1
Cas3_1_CAS-I	CP070761_2152	887	745	0.00081	15.2	2183446	2186106	CP070761	2152	0.11161217587373168	0.1436241610738255	1
Cas3_1_CAS-I	CP070761_2716	946	745	8.4e-08	28.4	2760902	2763739	CP070761	2716	0.3224101479915433	0.4120805369127517	1
Cas3_1_CAS-I	CP070761_2882	926	745	1.7e-10	37.3	2932326	2935103	CP070761	2882	0.17818574514038876	0.21610738255033557	1
Cas3_1_CAS-I	CP070761_51	752	745	7.6e-06	22.0	46252	48507	CP070761	51	0.125	0.13691275167785236	-1
Cas3_1_CAS-I	CP070761_88	735	745	0.00037	16.4	89614	91818	CP070761	88	0.11972789115646258	0.12751677852348994	-1
Cas3_1_CAS-I	CP070761_92	659	745	0.018	10.8	94986	96962	CP070761	92	0.10773899848254932	0.10067114093959731	-1
Cas3_1_CAS-I-D	CP070761_2716	946	353	6.4e-06	22.9	2760902	2763739	CP070761	2716	0.10359408033826638	0.24645892351274787	1
Cas3_1_CAS-I-D	CP070761_2882	926	353	1.7e-10	38.0	2932326	2935103	CP070761	2882	0.15982721382289417	0.37110481586402266	1
Cas3_1_CAS-I-D	CP070761_824	873	353	0.035	10.6	814829	817447	CP070761	824	0.10652920962199312	0.23512747875354106	1
Cas3_2_CAS-I	CP070761_1309	777	967	0.00027	16.6	1291178	1293508	CP070761	1309	0.2187902187902188	0.17476732161323683	1
Cas3_2_CAS-I	CP070761_2716	946	967	3.1e-06	23.0	2760902	2763739	CP070761	2716	0.17547568710359407	0.1623578076525336	1
Cas3_2_CAS-I	CP070761_2882	926	967	1.8e-19	66.8	2932326	2935103	CP070761	2882	0.27645788336933047	0.25853154084798347	1
Cas3_2_CAS-I	CP070761_824	873	967	0.00027	16.6	814829	817447	CP070761	824	0.2073310423825888	0.18200620475698034	1
Cas3d_0_CAS-I-D	CP070761_2716	946	639	0.0046	12.8	2760902	2763739	CP070761	2716	0.12790697674418605	0.1752738654147105	1
Cas3d_0_CAS-I-D	CP070761_2882	926	639	1.1e-09	34.7	2932326	2935103	CP070761	2882	0.17278617710583152	0.2378716744913928	1
Cas3d_0_CAS-I-D	CP070761_88	735	639	0.009	11.9	89614	91818	CP070761	88	0.09795918367346938	0.12050078247261346	-1
Cas3d_1_CAS-I-D	CP070761_2882	926	627	1.5e-11	40.8	2932326	2935103	CP070761	2882	0.2548596112311015	0.3700159489633174	1
Cas4_0_CAS-I-II-III-IV-V-VI	CP070761_1954	224	179	0.00032	18.4	1974300	1974971	CP070761	1954	0.5178571428571429	0.5307262569832403	1
Cas4_0_CAS-I-II-III-IV-V-VI	CP070761_2220	244	179	5.8e-05	20.8	2248340	2249071	CP070761	2220	0.24180327868852458	0.31843575418994413	1
Cas4_0_I-II	CP070761_1954	224	180	0.0041	14.4	1974300	1974971	CP070761	1954	0.30357142857142855	0.38333333333333336	1
Cas4_0_I-II	CP070761_2220	244	180	0.00024	18.4	2248340	2249071	CP070761	2220	0.24180327868852458	0.3055555555555556	1
Cas4_0_I-II-V	CP070761_1954	224	177	0.023	12.2	1974300	1974971	CP070761	1954	0.45535714285714285	0.4632768361581921	1
Cas6_0_IVA3	CP070761_2285	390	189	0.015	12.5	2311868	2313037	CP070761	2285	0.19487179487179487	0.4074074074074074	-1
Cas6_14_CAS-I-II-III-IV-V-VI	CP070761_2327	256	190	0.025	12.0	2357839	2358606	CP070761	2327	0.19140625	0.25263157894736843	1
Cas7_0_CAS-I-E	CP070761_487	111	325	0.056	10.8	467403	467735	CP070761	487	0.8648648648648649	0.2953846153846154	-1
Cas7_1_IB	CP070761_2077	289	321	0.013	12.0	2102969	2103835	CP070761	2077	0.23875432525951557	0.17757009345794392	1
Cas8a7_0_CAS-I-A	CP070761_224	233	323	0.0011	15.6	216063	216761	CP070761	224	0.2145922746781116	0.15170278637770898	1
CasR_0_CAS-I-II-III-IV-V-VI	CP070761_1057	305	198	5.6e-09	33.4	1039485	1040399	CP070761	1057	0.36065573770491804	0.36363636363636365	1
CasR_0_CAS-I-II-III-IV-V-VI	CP070761_1060	303	198	0.00097	16.3	1043337	1044245	CP070761	1060	0.2706270627062706	0.2474747474747475	-1
CasR_0_CAS-I-II-III-IV-V-VI	CP070761_110	140	198	0.00074	16.6	113250	113669	CP070761	110	0.6928571428571428	0.494949494949495	-1
CasR_0_CAS-I-II-III-IV-V-VI	CP070761_1132	211	198	1.5e-05	22.1	1114010	1114642	CP070761	1132	0.22274881516587677	0.24242424242424243	1
CasR_0_CAS-I-II-III-IV-V-VI	CP070761_1202	104	198	7.4e-05	19.9	1177752	1178063	CP070761	1202	0.5865384615384616	0.2777777777777778	-1
CasR_0_CAS-I-II-III-IV-V-VI	CP070761_1312	87	198	0.0045	14.1	1294584	1294844	CP070761	1312	0.7701149425287356	0.3282828282828283	-1
CasR_0_CAS-I-II-III-IV-V-VI	CP070761_135	267	198	0.0017	15.4	133947	134747	CP070761	135	0.23220973782771537	0.3181818181818182	1
CasR_0_CAS-I-II-III-IV-V-VI	CP070761_138	171	198	8.5e-08	29.5	137782	138294	CP070761	138	0.49707602339181284	0.4292929292929293	-1
CasR_0_CAS-I-II-III-IV-V-VI	CP070761_1431	315	198	5.6e-08	30.1	1408707	1409651	CP070761	1431	0.2761904761904762	0.24242424242424243	1
CasR_0_CAS-I-II-III-IV-V-VI	CP070761_1432	183	198	0.00024	18.3	1410235	1410783	CP070761	1432	0.3114754098360656	0.2878787878787879	-1
CasR_0_CAS-I-II-III-IV-V-VI	CP070761_1470	90	198	0.0095	13.0	1468949	1469218	CP070761	1470	0.4777777777777778	0.21717171717171718	1
CasR_0_CAS-I-II-III-IV-V-VI	CP070761_151	315	198	0.0008	16.5	149296	150240	CP070761	151	0.24444444444444444	0.3939393939393939	-1
CasR_0_CAS-I-II-III-IV-V-VI	CP070761_1530	92	198	0.0018	15.4	1537253	1537528	CP070761	1530	0.42391304347826086	0.1919191919191919	-1
CasR_0_CAS-I-II-III-IV-V-VI	CP070761_155	259	198	0.018	12.1	152632	153408	CP070761	155	0.2084942084942085	0.2676767676767677	-1
CasR_0_CAS-I-II-III-IV-V-VI	CP070761_1613	535	198	4.9e-08	30.3	1645164	1646768	CP070761	1613	0.20373831775700935	0.3181818181818182	1
CasR_0_CAS-I-II-III-IV-V-VI	CP070761_1775	116	198	0.0076	13.3	1789204	1789551	CP070761	1775	0.4396551724137931	0.25757575757575757	1
CasR_0_CAS-I-II-III-IV-V-VI	CP070761_1829	109	198	0.00043	17.4	1841960	1842286	CP070761	1829	0.29357798165137616	0.16161616161616163	-1
CasR_0_CAS-I-II-III-IV-V-VI	CP070761_1981	300	198	0.0054	13.8	2005723	2006622	CP070761	1981	0.2866666666666667	0.26262626262626265	-1
CasR_0_CAS-I-II-III-IV-V-VI	CP070761_2015	245	198	0.00092	16.3	2040992	2041726	CP070761	2015	0.42448979591836733	0.40404040404040403	-1
CasR_0_CAS-I-II-III-IV-V-VI	CP070761_2198	305	198	1.2e-07	29.0	2228096	2229010	CP070761	2198	0.29508196721311475	0.25757575757575757	1
CasR_0_CAS-I-II-III-IV-V-VI	CP070761_2201	379	198	0.00079	16.6	2230176	2231312	CP070761	2201	0.20844327176781002	0.2727272727272727	1
CasR_0_CAS-I-II-III-IV-V-VI	CP070761_2269	236	198	3.7e-06	24.1	2297774	2298481	CP070761	2269	0.4533898305084746	0.2878787878787879	1
CasR_0_CAS-I-II-III-IV-V-VI	CP070761_227	146	198	2e-07	28.3	217501	217938	CP070761	227	0.5068493150684932	0.3787878787878788	-1
CasR_0_CAS-I-II-III-IV-V-VI	CP070761_2356	204	198	0.012	12.7	2384803	2385414	CP070761	2356	0.22058823529411764	0.23737373737373738	-1
CasR_0_CAS-I-II-III-IV-V-VI	CP070761_2364	184	198	0.0028	14.8	2391896	2392447	CP070761	2364	0.5217391304347826	0.4898989898989899	1
CasR_0_CAS-I-II-III-IV-V-VI	CP070761_2376	439	198	5.6e-05	20.3	2405133	2406449	CP070761	2376	0.13895216400911162	0.29797979797979796	1
CasR_0_CAS-I-II-III-IV-V-VI	CP070761_2409	309	198	3.5e-06	24.2	2439025	2439951	CP070761	2409	0.2977346278317152	0.2676767676767677	1
CasR_0_CAS-I-II-III-IV-V-VI	CP070761_2466	205	198	0.0063	13.6	2503378	2503992	CP070761	2466	0.2146341463414634	0.2222222222222222	1
CasR_0_CAS-I-II-III-IV-V-VI	CP070761_254	239	198	4.9e-06	23.8	244922	245638	CP070761	254	0.2301255230125523	0.2828282828282828	1
CasR_0_CAS-I-II-III-IV-V-VI	CP070761_2585	146	198	2e-06	25.0	2622775	2623212	CP070761	2585	0.5068493150684932	0.37373737373737376	1
CasR_0_CAS-I-II-III-IV-V-VI	CP070761_2898	329	198	0.0061	13.7	2956398	2957384	CP070761	2898	0.3282674772036474	0.5202020202020202	1
CasR_0_CAS-I-II-III-IV-V-VI	CP070761_2930	129	198	0.016	12.3	2995097	2995483	CP070761	2930	0.3953488372093023	0.25252525252525254	-1
CasR_0_CAS-I-II-III-IV-V-VI	CP070761_335	130	198	0.011	12.8	334545	334934	CP070761	335	0.17692307692307693	0.11616161616161616	-1
CasR_0_CAS-I-II-III-IV-V-VI	CP070761_35	83	198	2.1e-05	21.7	30988	31236	CP070761	35	0.5903614457831325	0.25252525252525254	1
CasR_0_CAS-I-II-III-IV-V-VI	CP070761_362	100	198	2.3e-07	28.1	356751	357050	CP070761	362	0.44	0.22727272727272727	-1
CasR_0_CAS-I-II-III-IV-V-VI	CP070761_546	240	198	0.00079	16.5	524201	524920	CP070761	546	0.32083333333333336	0.25757575757575757	1
CasR_0_CAS-I-II-III-IV-V-VI	CP070761_569	307	198	0.00027	18.1	551933	552853	CP070761	569	0.2964169381107492	0.26262626262626265	1
CasR_0_CAS-I-II-III-IV-V-VI	CP070761_57	95	198	0.00028	18.0	54476	54760	CP070761	57	0.6105263157894737	0.2878787878787879	-1
CasR_0_CAS-I-II-III-IV-V-VI	CP070761_634	332	198	2.6e-06	24.7	617496	618491	CP070761	634	0.2560240963855422	0.24242424242424243	-1
CasR_0_CAS-I-II-III-IV-V-VI	CP070761_668	308	198	3.2e-09	34.1	646985	647908	CP070761	668	0.2792207792207792	0.22727272727272727	1
CasR_0_CAS-I-II-III-IV-V-VI	CP070761_890	324	198	0.011	12.8	888992	889963	CP070761	890	0.3765432098765432	0.4595959595959596	1
CasR_0_CAS-III-B-III-D	CP070761_110	140	255	0.018	12.0	113250	113669	CP070761	110	0.5	0.2823529411764706	-1
CasR_0_CAS-III-B-III-D	CP070761_2910	73	255	0.071	10.1	2969091	2969309	CP070761	2910	0.684931506849315	0.2	1
CasR_0_CAS-III-B-III-D	CP070761_826	107	255	0.59	7.1	818118	818438	CP070761	826	0.7102803738317757	0.24705882352941178	-1
CasR_0_CAS-III-D	CP070761_2457	575	732	0.0057	12.3	2492812	2494536	CP070761	2457	0.12173913043478261	0.09836065573770492	1
CasR_1_CAS-I-II-III-IV-V-VI	CP070761_1017	463	218	0.0069	13.0	1001578	1002966	CP070761	1017	0.21382289416846653	0.27522935779816515	-1
CasR_1_CAS-I-II-III-IV-V-VI	CP070761_1018	261	218	0.013	12.1	1003030	1003812	CP070761	1018	0.2413793103448276	0.2889908256880734	-1
CasR_1_CAS-I-II-III-IV-V-VI	CP070761_1057	305	218	4.9e-09	33.1	1039485	1040399	CP070761	1057	0.3114754098360656	0.26146788990825687	1
CasR_1_CAS-I-II-III-IV-V-VI	CP070761_1060	303	218	9.5e-05	19.1	1043337	1044245	CP070761	1060	0.2508250825082508	0.2018348623853211	-1
CasR_1_CAS-I-II-III-IV-V-VI	CP070761_1132	211	218	5.7e-06	23.1	1114010	1114642	CP070761	1132	0.2132701421800948	0.21100917431192662	1
CasR_1_CAS-I-II-III-IV-V-VI	CP070761_1202	104	218	0.00071	16.3	1177752	1178063	CP070761	1202	0.5	0.22477064220183487	-1
CasR_1_CAS-I-II-III-IV-V-VI	CP070761_1215	312	218	0.01	12.5	1186375	1187310	CP070761	1215	0.16025641025641027	0.22935779816513763	1
CasR_1_CAS-I-II-III-IV-V-VI	CP070761_1312	87	218	0.0017	15.0	1294584	1294844	CP070761	1312	0.7931034482758621	0.3073394495412844	-1
CasR_1_CAS-I-II-III-IV-V-VI	CP070761_135	267	218	5.3e-05	20.0	133947	134747	CP070761	135	0.2846441947565543	0.3577981651376147	1
CasR_1_CAS-I-II-III-IV-V-VI	CP070761_1358	130	218	0.0025	14.5	1335204	1335593	CP070761	1358	0.35384615384615387	0.21100917431192662	1
CasR_1_CAS-I-II-III-IV-V-VI	CP070761_138	171	218	5.7e-06	23.1	137782	138294	CP070761	138	0.391812865497076	0.2981651376146789	-1
CasR_1_CAS-I-II-III-IV-V-VI	CP070761_1431	315	218	2.8e-07	27.4	1408707	1409651	CP070761	1431	0.2698412698412698	0.21559633027522937	1
CasR_1_CAS-I-II-III-IV-V-VI	CP070761_1432	183	218	0.00034	17.3	1410235	1410783	CP070761	1432	0.17486338797814208	0.14678899082568808	-1
CasR_1_CAS-I-II-III-IV-V-VI	CP070761_1470	90	218	0.0003	17.5	1468949	1469218	CP070761	1470	0.4777777777777778	0.19724770642201836	1
CasR_1_CAS-I-II-III-IV-V-VI	CP070761_151	315	218	5.6e-05	19.9	149296	150240	CP070761	151	0.3746031746031746	0.4954128440366973	-1
CasR_1_CAS-I-II-III-IV-V-VI	CP070761_1530	92	218	0.0034	14.0	1537253	1537528	CP070761	1530	0.32608695652173914	0.13761467889908258	-1
CasR_1_CAS-I-II-III-IV-V-VI	CP070761_155	259	218	0.012	12.2	152632	153408	CP070761	155	0.20463320463320464	0.23853211009174313	-1
CasR_1_CAS-I-II-III-IV-V-VI	CP070761_1613	535	218	7.4e-08	29.3	1645164	1646768	CP070761	1613	0.20186915887850468	0.2889908256880734	1
CasR_1_CAS-I-II-III-IV-V-VI	CP070761_1775	116	218	0.0052	13.4	1789204	1789551	CP070761	1775	0.3706896551724138	0.2018348623853211	1
CasR_1_CAS-I-II-III-IV-V-VI	CP070761_1829	109	218	0.00037	17.2	1841960	1842286	CP070761	1829	0.29357798165137616	0.14678899082568808	-1
CasR_1_CAS-I-II-III-IV-V-VI	CP070761_1981	300	218	5.1e-05	20.0	2005723	2006622	CP070761	1981	0.2866666666666667	0.23853211009174313	-1
CasR_1_CAS-I-II-III-IV-V-VI	CP070761_2015	245	218	4.7e-05	20.1	2040992	2041726	CP070761	2015	0.24897959183673468	0.2798165137614679	-1
CasR_1_CAS-I-II-III-IV-V-VI	CP070761_2083	149	218	0.011	12.3	2107634	2108080	CP070761	2083	0.3288590604026846	0.22018348623853212	1
CasR_1_CAS-I-II-III-IV-V-VI	CP070761_2198	305	218	2.4e-07	27.6	2228096	2229010	CP070761	2198	0.29180327868852457	0.23394495412844038	1
CasR_1_CAS-I-II-III-IV-V-VI	CP070761_2201	379	218	0.0003	17.5	2230176	2231312	CP070761	2201	0.13192612137203166	0.22935779816513763	1
CasR_1_CAS-I-II-III-IV-V-VI	CP070761_2269	236	218	5.5e-08	29.7	2297774	2298481	CP070761	2269	0.5127118644067796	0.3165137614678899	1
CasR_1_CAS-I-II-III-IV-V-VI	CP070761_227	146	218	1.3e-07	28.5	217501	217938	CP070761	227	0.4726027397260274	0.3165137614678899	-1
CasR_1_CAS-I-II-III-IV-V-VI	CP070761_2356	204	218	0.015	11.9	2384803	2385414	CP070761	2356	0.17647058823529413	0.1651376146788991	-1
CasR_1_CAS-I-II-III-IV-V-VI	CP070761_2364	184	218	0.00022	17.9	2391896	2392447	CP070761	2364	0.5597826086956522	0.481651376146789	1
CasR_1_CAS-I-II-III-IV-V-VI	CP070761_2376	439	218	3.7e-05	20.5	2405133	2406449	CP070761	2376	0.1366742596810934	0.26605504587155965	1
CasR_1_CAS-I-II-III-IV-V-VI	CP070761_2409	309	218	2.7e-07	27.5	2439025	2439951	CP070761	2409	0.30097087378640774	0.25229357798165136	1
CasR_1_CAS-I-II-III-IV-V-VI	CP070761_2466	205	218	0.0059	13.3	2503378	2503992	CP070761	2466	0.2146341463414634	0.2018348623853211	1
CasR_1_CAS-I-II-III-IV-V-VI	CP070761_254	239	218	8.2e-08	29.1	244922	245638	CP070761	254	0.2301255230125523	0.25688073394495414	1
CasR_1_CAS-I-II-III-IV-V-VI	CP070761_2585	146	218	4.8e-06	23.4	2622775	2623212	CP070761	2585	0.3561643835616438	0.23853211009174313	1
CasR_1_CAS-I-II-III-IV-V-VI	CP070761_267	330	218	0.0034	14.0	257902	258891	CP070761	267	0.2606060606060606	0.23394495412844038	1
CasR_1_CAS-I-II-III-IV-V-VI	CP070761_35	83	218	2.5e-06	24.3	30988	31236	CP070761	35	0.5903614457831325	0.22935779816513763	1
CasR_1_CAS-I-II-III-IV-V-VI	CP070761_362	100	218	1e-07	28.8	356751	357050	CP070761	362	0.45	0.21100917431192662	-1
CasR_1_CAS-I-II-III-IV-V-VI	CP070761_546	240	218	0.00012	18.8	524201	524920	CP070761	546	0.26666666666666666	0.22935779816513763	1
CasR_1_CAS-I-II-III-IV-V-VI	CP070761_569	307	218	2.1e-05	21.2	551933	552853	CP070761	569	0.2931596091205212	0.23853211009174313	1
CasR_1_CAS-I-II-III-IV-V-VI	CP070761_57	95	218	0.00012	18.8	54476	54760	CP070761	57	0.5263157894736842	0.22935779816513763	-1
CasR_1_CAS-I-II-III-IV-V-VI	CP070761_634	332	218	5.2e-06	23.2	617496	618491	CP070761	634	0.22289156626506024	0.22018348623853212	-1
CasR_1_CAS-I-II-III-IV-V-VI	CP070761_668	308	218	3.1e-10	37.1	646985	647908	CP070761	668	0.41883116883116883	0.3119266055045872	1
CasR_1_CAS-I-II-III-IV-V-VI	CP070761_890	324	218	8.7e-05	19.2	888992	889963	CP070761	890	0.2623456790123457	0.24770642201834864	1
Cmr1gr7_5_CAS-III-B-III-C	CP070761_312	193	340	0.0055	13.7	312130	312708	CP070761	312	0.26424870466321243	0.13823529411764707	-1
Cmr1gr7_6_CAS-III-B-III-C	CP070761_2834	219	81	1.2	7.1	2883088	2883744	CP070761	2834	0.2100456621004566	0.345679012345679	1
Cmr3gr5_0_CAS-III-B-III-C	CP070761_2165	256	373	0.023	10.8	2196560	2197327	CP070761	2165	0.32421875	0.21715817694369974	-1
Cmr5_1_IIIC	CP070761_1354	210	178	3.3	5.0	1331989	1332618	CP070761	1354	0.4714285714285714	0.550561797752809	1
Cmr5_1_IIIC	CP070761_748	209	178	0.083	10.2	742429	743055	CP070761	748	0.2727272727272727	0.3202247191011236	1
Cmr5gr11_1_CAS-III-C	CP070761_2309	318	180	0.19	9.0	2338177	2339130	CP070761	2309	0.710691823899371	0.43333333333333335	1
Cmr5gr11_3_CAS-III-B	CP070761_2864	105	119	0.0039	15.1	2917411	2917725	CP070761	2864	0.6095238095238096	0.5210084033613446	-1
CorA_0_CAS-III-B	CP070761_2098	737	528	0.99	5.4	2123592	2125802	CP070761	2098	0.25237449118046135	0.18371212121212122	-1
CorA_0_CAS-III-B-III-D	CP070761_1412	383	551	1.1e-05	21.8	1388857	1390005	CP070761	1412	0.1514360313315927	0.11252268602540835	1
CorA_0_CAS-III-B-III-D	CP070761_1649	88	551	9.5e-06	22.1	1672226	1672489	CP070761	1649	0.5454545454545454	0.09074410163339383	1
CorA_0_CAS-III-B-III-D	CP070761_1988	319	551	8e-05	19.0	2012262	2013218	CP070761	1988	0.23510971786833856	0.14156079854809436	1
CorA_0_CAS-III-B-III-D	CP070761_779	118	551	0.88	5.7	770922	771275	CP070761	779	0.5847457627118644	0.12522686025408347	1
CorA_1_CAS-III-B	CP070761_2222	482	125	0.12	9.8	2250025	2251470	CP070761	2222	0.3153526970954357	0.664	1
Csa3_1_CAS-I-II-III-IV-V-VI	CP070761_1000	99	118	0.0011	16.8	987782	988078	CP070761	1000	0.5252525252525253	0.3898305084745763	-1
Csa3_1_CAS-I-II-III-IV-V-VI	CP070761_1040	267	118	0.0019	16.0	1024900	1025700	CP070761	1040	0.31835205992509363	0.6186440677966102	1
Csa3_1_CAS-I-II-III-IV-V-VI	CP070761_1053	144	118	0.0095	13.8	1035797	1036228	CP070761	1053	0.4583333333333333	0.4661016949152542	-1
Csa3_1_CAS-I-II-III-IV-V-VI	CP070761_1103	154	118	0.022	12.6	1082386	1082847	CP070761	1103	0.3116883116883117	0.4406779661016949	-1
Csa3_1_CAS-I-II-III-IV-V-VI	CP070761_1132	211	118	4.3e-08	31.0	1114010	1114642	CP070761	1132	0.4597156398104265	0.6864406779661016	1
Csa3_1_CAS-I-II-III-IV-V-VI	CP070761_1202	104	118	0.021	12.7	1177752	1178063	CP070761	1202	0.7019230769230769	0.559322033898305	-1
Csa3_1_CAS-I-II-III-IV-V-VI	CP070761_1219	178	118	0.018	12.9	1189694	1190227	CP070761	1219	0.29213483146067415	0.4067796610169492	1
Csa3_1_CAS-I-II-III-IV-V-VI	CP070761_1276	128	118	0.012	13.5	1256529	1256912	CP070761	1276	0.546875	0.5338983050847458	1
Csa3_1_CAS-I-II-III-IV-V-VI	CP070761_1310	224	118	9.2e-09	33.2	1293539	1294210	CP070761	1310	0.3080357142857143	0.5847457627118644	-1
Csa3_1_CAS-I-II-III-IV-V-VI	CP070761_1312	87	118	0.0031	15.4	1294584	1294844	CP070761	1312	0.7241379310344828	0.5	-1
Csa3_1_CAS-I-II-III-IV-V-VI	CP070761_135	267	118	1.6e-06	25.9	133947	134747	CP070761	135	0.3445692883895131	0.6271186440677966	1
Csa3_1_CAS-I-II-III-IV-V-VI	CP070761_138	171	118	0.00051	17.9	137782	138294	CP070761	138	0.3216374269005848	0.4915254237288136	-1
Csa3_1_CAS-I-II-III-IV-V-VI	CP070761_1444	1479	118	1.7e-08	32.4	1422212	1426648	CP070761	1444	0.06558485463150777	0.5	-1
Csa3_1_CAS-I-II-III-IV-V-VI	CP070761_151	315	118	4.9e-12	43.7	149296	150240	CP070761	151	0.26666666666666666	0.7033898305084746	-1
Csa3_1_CAS-I-II-III-IV-V-VI	CP070761_155	259	118	2.5e-05	22.1	152632	153408	CP070761	155	0.22007722007722008	0.4661016949152542	-1
Csa3_1_CAS-I-II-III-IV-V-VI	CP070761_1591	245	118	8.9e-06	23.6	1620714	1621448	CP070761	1591	0.5346938775510204	0.7033898305084746	-1
Csa3_1_CAS-I-II-III-IV-V-VI	CP070761_1617	499	118	5.2e-05	21.1	1648859	1650355	CP070761	1617	0.1963927855711423	0.6101694915254238	1
Csa3_1_CAS-I-II-III-IV-V-VI	CP070761_1624	109	118	9.3e-17	58.9	1655553	1655879	CP070761	1624	0.8165137614678899	0.8305084745762712	1
Csa3_1_CAS-I-II-III-IV-V-VI	CP070761_1662	260	118	5.1e-08	30.8	1684012	1684791	CP070761	1662	0.2230769230769231	0.5084745762711864	1
Csa3_1_CAS-I-II-III-IV-V-VI	CP070761_1818	311	118	2.3e-07	28.7	1833361	1834293	CP070761	1818	0.3633440514469453	0.9322033898305084	-1
Csa3_1_CAS-I-II-III-IV-V-VI	CP070761_1829	109	118	0.0056	14.5	1841960	1842286	CP070761	1829	0.3761467889908257	0.3474576271186441	-1
Csa3_1_CAS-I-II-III-IV-V-VI	CP070761_2015	245	118	0.01	13.7	2040992	2041726	CP070761	2015	0.30612244897959184	0.5338983050847458	-1
Csa3_1_CAS-I-II-III-IV-V-VI	CP070761_2067	377	118	0.00061	17.6	2093707	2094837	CP070761	2067	0.11936339522546419	0.2711864406779661	1
Csa3_1_CAS-I-II-III-IV-V-VI	CP070761_2083	149	118	0.015	13.2	2107634	2108080	CP070761	2083	0.3825503355704698	0.4322033898305085	1
Csa3_1_CAS-I-II-III-IV-V-VI	CP070761_2102	250	118	1.1e-05	23.2	2127223	2127972	CP070761	2102	0.52	0.7288135593220338	-1
Csa3_1_CAS-I-II-III-IV-V-VI	CP070761_2165	256	118	1.8e-08	32.3	2196560	2197327	CP070761	2165	0.44921875	0.6101694915254238	-1
Csa3_1_CAS-I-II-III-IV-V-VI	CP070761_2175	95	118	4.4e-06	24.5	2207915	2208199	CP070761	2175	0.5263157894736842	0.4406779661016949	-1
Csa3_1_CAS-I-II-III-IV-V-VI	CP070761_2200	86	118	0.00016	19.5	2229734	2229991	CP070761	2200	0.46511627906976744	0.3898305084745763	-1
Csa3_1_CAS-I-II-III-IV-V-VI	CP070761_2269	236	118	3.8e-10	37.6	2297774	2298481	CP070761	2269	0.5550847457627118	0.7288135593220338	1
Csa3_1_CAS-I-II-III-IV-V-VI	CP070761_252	238	118	3.9e-15	53.7	242514	243227	CP070761	252	0.3487394957983193	0.7203389830508474	1
Csa3_1_CAS-I-II-III-IV-V-VI	CP070761_2530	380	118	1.4e-07	29.4	2577157	2578296	CP070761	2530	0.5842105263157895	0.8305084745762712	-1
Csa3_1_CAS-I-II-III-IV-V-VI	CP070761_254	239	118	0.014	13.3	244922	245638	CP070761	254	0.24267782426778242	0.423728813559322	1
Csa3_1_CAS-I-II-III-IV-V-VI	CP070761_2689	379	118	0.0088	13.9	2732039	2733175	CP070761	2689	0.2955145118733509	0.4322033898305085	1
Csa3_1_CAS-I-II-III-IV-V-VI	CP070761_2775	313	118	0.026	12.4	2814643	2815581	CP070761	2775	0.19808306709265175	0.4745762711864407	1
Csa3_1_CAS-I-II-III-IV-V-VI	CP070761_2797	131	118	6.9e-09	33.6	2836048	2836440	CP070761	2797	0.46564885496183206	0.5508474576271186	1
Csa3_1_CAS-I-II-III-IV-V-VI	CP070761_2907	78	118	0.00091	17.1	2966719	2966952	CP070761	2907	0.6794871794871795	0.4745762711864407	1
Csa3_1_CAS-I-II-III-IV-V-VI	CP070761_299	352	118	1.4e-05	22.9	298701	299756	CP070761	299	0.2869318181818182	0.4745762711864407	1
Csa3_1_CAS-I-II-III-IV-V-VI	CP070761_35	83	118	3.3e-09	34.6	30988	31236	CP070761	35	0.9036144578313253	0.7033898305084746	1
Csa3_1_CAS-I-II-III-IV-V-VI	CP070761_362	100	118	6.3e-06	24.0	356751	357050	CP070761	362	0.79	0.6779661016949152	-1
Csa3_1_CAS-I-II-III-IV-V-VI	CP070761_547	205	118	4.2e-07	27.8	524928	525542	CP070761	547	0.4926829268292683	0.8983050847457628	-1
Csa3_1_CAS-I-II-III-IV-V-VI	CP070761_564	106	118	3.4e-08	31.3	541454	541771	CP070761	564	0.7830188679245284	0.8050847457627118	1
Csa3_1_CAS-I-II-III-IV-V-VI	CP070761_57	95	118	2.9e-09	34.8	54476	54760	CP070761	57	0.7473684210526316	0.635593220338983	-1
Csa3_1_CAS-I-II-III-IV-V-VI	CP070761_623	265	118	4.2e-06	24.6	608286	609080	CP070761	623	0.22264150943396227	0.5169491525423728	-1
Csa3_1_CAS-I-II-III-IV-V-VI	CP070761_689	153	118	0.00032	18.5	666346	666804	CP070761	689	0.37254901960784315	0.5508474576271186	1
Csa3_1_CAS-I-II-III-IV-V-VI	CP070761_882	191	118	0.00012	20.0	878242	878814	CP070761	882	0.2513089005235602	0.4152542372881356	1
Csa3_1_CAS-I-II-III-IV-V-VI	CP070761_929	268	118	0.0034	15.2	934398	935201	CP070761	929	0.2574626865671642	0.4491525423728814	1
Csa5gr11_7_CAS-I-A	CP070761_2222	482	125	6.3	4.6	2250025	2251470	CP070761	2222	0.3029045643153527	0.608	1
Csf1_0_IV	CP070761_1428	138	227	0.0024	14.9	1406240	1406653	CP070761	1428	0.2826086956521739	0.17180616740088106	-1
Csf2_1_IVA3	CP070761_1903	771	263	0.29	7.8	1914319	1916631	CP070761	1903	0.10635538261997406	0.311787072243346	1
Csf4_0_IVA	CP070761_2704	643	666	5.4e-06	22.7	2748070	2749998	CP070761	2704	0.21461897356143078	0.2057057057057057	1
Csf4_0_IVA	CP070761_92	659	666	7.7e-16	55.2	94986	96962	CP070761	92	0.3262518968133536	0.3333333333333333	-1
Csf4_1_IVA1	CP070761_2704	643	802	1.6e-07	27.4	2748070	2749998	CP070761	2704	0.3965785381026439	0.3104738154613466	1
Csf4_1_IVA1	CP070761_92	659	802	0.023	10.3	94986	96962	CP070761	92	0.1426403641881639	0.1172069825436409	-1
Csf4_3_IVE	CP070761_2704	643	648	0.0066	12.6	2748070	2749998	CP070761	2704	0.2581648522550544	0.2345679012345679	1
Csm3gr7_12_CAS-III-A-III-D	CP070761_92	659	199	0.017	12.9	94986	96962	CP070761	92	0.0409711684370258	0.135678391959799	-1
Csn2_10_CAS-II-A	CP070761_2025	538	321	0.022	11.4	2049724	2051337	CP070761	2025	0.09107806691449814	0.1526479750778816	-1
Csn2_2_CAS-II-A	CP070761_812	173	343	0.019	11.4	803389	803907	CP070761	812	0.3236994219653179	0.16909620991253643	-1
Csn2_7_CAS-II-A	CP070761_1064	275	372	0.046	10.1	1046338	1047162	CP070761	1064	0.11636363636363636	0.08602150537634409	-1
Csn2_7_CAS-II-A	CP070761_2025	538	372	0.00013	18.6	2049724	2051337	CP070761	2025	0.21189591078066913	0.21505376344086022	-1
Csn2_7_CAS-II-A	CP070761_2054	247	372	0.015	11.7	2082652	2083392	CP070761	2054	0.3522267206477733	0.23118279569892472	1
Csn2_7_CAS-II-A	CP070761_2587	252	372	0.0011	15.5	2624641	2625396	CP070761	2587	0.38492063492063494	0.26344086021505375	-1
Csn2_7_CAS-II-A	CP070761_350	265	372	0.016	11.6	345804	346598	CP070761	350	0.2792452830188679	0.1935483870967742	-1
Csx16_1_CAS-I-III	CP070761_715	417	76	0.027	12.2	708843	710093	CP070761	715	0.06235011990407674	0.34210526315789475	-1
Csx18_0_CAS-I-III	CP070761_2192	89	96	1.1	6.8	2223893	2224159	CP070761	2192	0.449438202247191	0.3958333333333333	-1
Csx1_18_CAS-III	CP070761_2231	224	376	0.92	6.5	2258220	2258891	CP070761	2231	0.4642857142857143	0.19148936170212766	-1
Csx1_20_CAS-III	CP070761_2072	91	379	0.02	11.1	2098483	2098755	CP070761	2072	0.5274725274725275	0.079155672823219	1
Csx1_4_CAS-III	CP070761_2072	91	380	0.0026	14.0	2098483	2098755	CP070761	2072	0.5274725274725275	0.08421052631578947	1
Csx1_9_CAS-III	CP070761_2072	91	378	0.0055	13.1	2098483	2098755	CP070761	2072	0.5494505494505495	0.08465608465608465	1
Csx3_2_CAS-I-III	CP070761_1386	359	277	0.0047	13.5	1363568	1364644	CP070761	1386	0.08913649025069638	0.09025270758122744	-1
Csx3_2_CAS-I-III	CP070761_1467	266	277	0.03	10.9	1466403	1467200	CP070761	1467	0.08270676691729323	0.07942238267148015	1
Csx3_2_CAS-I-III	CP070761_1604	187	277	0.0031	14.1	1636312	1636872	CP070761	1604	0.20855614973262032	0.1371841155234657	-1
Csx3_2_CAS-I-III	CP070761_2069	320	277	0.01	12.4	2095324	2096283	CP070761	2069	0.115625	0.1299638989169675	1
Csx3_2_CAS-I-III	CP070761_2470	241	277	0.015	11.9	2509093	2509815	CP070761	2470	0.14522821576763487	0.13357400722021662	-1
Csx3_2_CAS-I-III	CP070761_2511	283	277	0.0033	14.1	2556133	2556981	CP070761	2511	0.14840989399293286	0.15162454873646208	-1
Csx3_2_CAS-I-III	CP070761_749	198	277	0.0049	13.5	743074	743667	CP070761	749	0.1414141414141414	0.10108303249097472	-1
CysH_0_IVB	CP070761_1305	654	249	2.1e-14	51.3	1286101	1288062	CP070761	1305	0.2966360856269113	0.7590361445783133	-1
CysH_0_IVB	CP070761_1668	272	249	3.7e-06	24.3	1689642	1690457	CP070761	1668	0.19117647058823528	0.21686746987951808	-1
CysH_0_IVB	CP070761_1726	311	249	3.4e-07	27.6	1745629	1746561	CP070761	1726	0.2347266881028939	0.2931726907630522	1
HEAT_CxxC_PDDEXK_0_CAS-I-C	CP070761_1354	210	288	0.0016	15.1	1331989	1332618	CP070761	1354	0.3380952380952381	0.2604166666666667	1
HEAT_CxxC_PDDEXK_0_CAS-I-C	CP070761_187	324	288	3.3e-07	27.2	180455	181426	CP070761	187	0.6111111111111112	0.3923611111111111	-1
HEAT_CxxC_PDDEXK_0_CAS-I-C	CP070761_2056	447	288	9.6e-21	71.6	2084101	2085441	CP070761	2056	0.9910514541387024	0.4166666666666667	1
Mem_02_0_CAS-III-D	CP070761_2757	350	270	0.027	11.4	2797662	2798711	CP070761	2757	0.24285714285714285	0.23333333333333334	-1
Mem_DnaJ_0_CAS-III-AM	CP070761_596	347	284	0.01	12.6	581723	582763	CP070761	596	0.11815561959654179	0.1619718309859155	-1
NYN_0_CAS-III-B	CP070761_1030	446	320	0.0037	13.9	1014601	1015938	CP070761	1030	0.12331838565022421	0.171875	-1
RecD_0_IVD	CP070761_2326	354	763	0.028	10.0	2356418	2357479	CP070761	2326	0.1016949152542373	0.047182175622542594	1
RecD_0_IVD	CP070761_482	304	763	5.2e-05	19.0	464526	465437	CP070761	482	0.3881578947368421	0.14678899082568808	-1
TPR_0_CAS-III-A	CP070761_2072	91	435	0.00043	16.8	2098483	2098755	CP070761	2072	0.6483516483516484	0.14022988505747128	1
TPR_0_CAS-III-A	CP070761_799	230	435	0.003	14.1	793809	794498	CP070761	799	0.3652173913043478	0.12183908045977011	-1
TPR_0_CAS-III-B	CP070761_1264	667	488	4.4e-05	19.9	1238146	1240146	CP070761	1264	0.3613193403298351	0.4959016393442623	-1
TPR_0_CAS-III-B	CP070761_1457	1095	488	0.00086	15.6	1450045	1453329	CP070761	1457	0.1634703196347032	0.2807377049180328	1
TPR_0_CAS-III-B	CP070761_1459	1030	488	5.2e-05	19.6	1456677	1459766	CP070761	1459	0.26990291262135924	0.41188524590163933	1
TPR_0_CAS-III-B	CP070761_1908	1094	488	2.5e-13	47.0	1920509	1923790	CP070761	1908	0.2687385740402194	0.3360655737704918	1
TPR_0_CAS-III-B	CP070761_2292	942	488	4.9e-13	46.1	2318981	2321806	CP070761	2292	0.2505307855626327	0.3114754098360656	-1
TPR_0_CAS-III-B	CP070761_2521	292	488	2.5e-17	60.2	2568459	2569334	CP070761	2521	0.6335616438356164	0.30327868852459017	-1
TPR_0_CAS-III-B	CP070761_253	461	488	3.1e-05	20.3	243346	244728	CP070761	253	0.39045553145336226	0.2581967213114754	-1
TPR_0_CAS-III-B	CP070761_279	161	488	3.3e-06	23.6	271064	271546	CP070761	279	0.7204968944099379	0.22745901639344263	-1
TPR_0_CAS-III-B	CP070761_2841	414	488	0.0027	14.0	2891545	2892786	CP070761	2841	0.2922705314009662	0.375	1
TPR_0_CAS-III-B	CP070761_323	660	488	4.3e-09	33.1	322509	324488	CP070761	323	0.24242424242424243	0.3401639344262295	-1
TPR_0_CAS-III-B	CP070761_526	896	488	1.4e-26	90.8	501093	503780	CP070761	526	0.29017857142857145	0.4036885245901639	1
TPR_1_CAS-III-A	CP070761_2072	91	462	0.0017	14.6	2098483	2098755	CP070761	2072	0.4835164835164835	0.09523809523809523	1
TPR_1_CAS-III-A	CP070761_807	386	462	2.6e-06	23.8	799108	800265	CP070761	807	0.4481865284974093	0.3463203463203463	1
TPR_1_CAS-III-B	CP070761_122	296	537	1.6e-06	24.6	123758	124645	CP070761	122	0.4594594594594595	0.2644320297951583	-1
TPR_1_CAS-III-B	CP070761_1264	667	537	9.4e-05	18.8	1238146	1240146	CP070761	1264	0.4272863568215892	0.3426443202979516	-1
TPR_1_CAS-III-B	CP070761_2292	942	537	0.00016	18.0	2318981	2321806	CP070761	2292	0.12845010615711253	0.21787709497206703	-1
TPR_1_CAS-III-B	CP070761_2521	292	537	1.2e-05	21.8	2568459	2569334	CP070761	2521	0.6027397260273972	0.29981378026070765	-1
TPR_1_CAS-III-B	CP070761_323	660	537	0.064	9.4	322509	324488	CP070761	323	0.22727272727272727	0.19553072625698323	-1
TPR_1_CAS-III-B	CP070761_443	838	537	1.1e-05	21.9	427329	429842	CP070761	443	0.34009546539379476	0.3240223463687151	-1
TPR_1_CAS-III-B	CP070761_526	896	537	3.8e-11	39.9	501093	503780	CP070761	526	0.26674107142857145	0.2681564245810056	1
TniQ_0_CAS-I-F	CP070761_1288	73	139	0.0045	15.4	1270603	1270821	CP070761	1288	0.5068493150684932	0.2517985611510791	-1
TniQ_0_V-K	CP070761_3038	326	184	0.014	12.5	3107212	3108189	CP070761	3038	0.0736196319018405	0.13043478260869565	-1
TnsC_0_V-K	CP070761_2668	163	283	0.022	11.3	2707436	2707924	CP070761	2668	0.39263803680981596	0.21908127208480566	-1
Unk_01_0_CAS-III-D	CP070761_1344	105	111	0.018	12.9	1321402	1321716	CP070761	1344	0.6952380952380952	0.44144144144144143	-1
Unk_02_0_CAS-III-A	CP070761_2292	942	305	0.00042	17.3	2318981	2321806	CP070761	2292	0.07643312101910828	0.21639344262295082	-1
htpX_0_CAS-III-B	CP070761_1603	447	343	1.8e-06	24.8	1634907	1636247	CP070761	1603	0.22818791946308725	0.27988338192419826	-1
