Contig	Start	End	Strand	Pos
JAKPCO010000001	1	372	-1	1
JAKPCO010000001	1041	1592	1	2
JAKPCO010000001	2530	4104	1	3
JAKPCO010000001	4101	4856	1	4
JAKPCO010000001	4922	5848	1	5
JAKPCO010000001	5845	6675	1	6
JAKPCO010000001	6662	7591	1	7
JAKPCO010000001	7582	8328	1	8
JAKPCO010000001	8348	8764	-1	9
JAKPCO010000001	8879	9799	1	10
JAKPCO010000001	9837	11285	1	11
JAKPCO010000001	11304	12680	1	12
JAKPCO010000001	12721	13713	-1	13
JAKPCO010000001	13710	14444	-1	14
JAKPCO010000001	14507	14815	-1	15
JAKPCO010000001	15185	15856	1	16
JAKPCO010000001	15917	17038	1	17
JAKPCO010000001	17055	18371	1	18
JAKPCO010000001	18468	19199	-1	19
JAKPCO010000001	19355	20140	-1	20
JAKPCO010000001	20318	20683	-1	21
JAKPCO010000001	20680	21282	-1	22
JAKPCO010000001	21282	22022	-1	23
JAKPCO010000001	22040	22498	-1	24
JAKPCO010000001	22830	23366	-1	25
JAKPCO010000001	23363	23815	-1	26
JAKPCO010000001	23812	23970	-1	27
JAKPCO010000001	24109	24657	-1	28
JAKPCO010000001	24654	25409	-1	29
JAKPCO010000001	26060	26476	-1	30
JAKPCO010000001	26480	27832	-1	31
JAKPCO010000001	27837	28721	-1	32
JAKPCO010000001	28972	29757	1	33
JAKPCO010000001	30098	30412	-1	34
JAKPCO010000001	30433	31539	-1	35
JAKPCO010000001	31787	32185	-1	36
JAKPCO010000001	32331	34340	1	37
JAKPCO010000001	34361	36064	1	38
JAKPCO010000001	36090	37205	1	39
JAKPCO010000001	37239	38207	1	40
JAKPCO010000001	38204	38872	1	41
JAKPCO010000001	38964	39620	-1	42
JAKPCO010000001	39750	40577	-1	43
JAKPCO010000001	40830	41399	-1	44
JAKPCO010000001	41396	43963	-1	45
JAKPCO010000001	44052	44540	1	46
JAKPCO010000001	44896	45483	-1	47
JAKPCO010000001	45729	45941	1	48
JAKPCO010000001	45938	46486	1	49
JAKPCO010000001	46635	49487	-1	50
JAKPCO010000001	49499	50653	-1	51
JAKPCO010000001	50735	51748	1	52
JAKPCO010000002	316	1797	1	1
JAKPCO010000003	1	438	-1	1
JAKPCO010000003	481	1026	-1	2
JAKPCO010000003	1058	2683	-1	3
JAKPCO010000003	3845	5134	1	4
JAKPCO010000003	5106	6131	1	5
JAKPCO010000003	6397	7131	-1	6
JAKPCO010000003	7136	8473	-1	7
JAKPCO010000003	8470	8889	-1	8
JAKPCO010000003	9086	9493	-1	9
JAKPCO010000003	9554	9943	-1	10
JAKPCO010000003	10234	10518	1	11
JAKPCO010000003	10591	11100	-1	12
JAKPCO010000003	11137	11799	-1	13
JAKPCO010000003	12436	13719	-1	14
JAKPCO010000003	13804	14745	1	15
JAKPCO010000003	14750	15190	-1	16
JAKPCO010000003	15528	16307	1	17
JAKPCO010000003	16544	17128	-1	18
JAKPCO010000003	17196	17858	-1	19
JAKPCO010000003	17983	18165	-1	20
JAKPCO010000003	18327	19607	-1	21
JAKPCO010000003	20146	20394	1	22
JAKPCO010000003	20662	20985	-1	23
JAKPCO010000003	21314	21925	1	24
JAKPCO010000003	21903	22610	-1	25
JAKPCO010000003	22662	23321	1	26
JAKPCO010000003	23513	23998	1	27
JAKPCO010000003	24228	24731	-1	28
JAKPCO010000003	24745	25917	-1	29
JAKPCO010000003	26003	26410	-1	30
JAKPCO010000003	26992	28059	-1	31
JAKPCO010000004	3	134	-1	1
JAKPCO010000004	291	1784	-1	2
JAKPCO010000004	2046	2801	1	3
JAKPCO010000004	2876	4681	1	4
JAKPCO010000004	4674	5429	1	5
JAKPCO010000004	5459	6358	1	6
JAKPCO010000005	2	280	1	1
JAKPCO010000005	327	1373	1	2
JAKPCO010000006	3	119	1	1
JAKPCO010000006	787	1257	1	2
JAKPCO010000006	1263	2369	1	3
JAKPCO010000006	2509	3051	-1	4
JAKPCO010000006	3087	3812	-1	5
JAKPCO010000006	3815	4066	-1	6
JAKPCO010000006	4154	5104	-1	7
JAKPCO010000006	5176	5784	-1	8
JAKPCO010000006	5829	6380	-1	9
JAKPCO010000006	6426	7043	-1	10
JAKPCO010000006	7040	7738	-1	11
JAKPCO010000006	7735	8496	-1	12
JAKPCO010000006	8493	9734	-1	13
JAKPCO010000006	9885	10904	1	14
JAKPCO010000006	10901	11482	1	15
JAKPCO010000006	11563	11973	-1	16
JAKPCO010000007	2	301	1	1
JAKPCO010000007	568	864	1	2
JAKPCO010000007	1017	1679	-1	3
JAKPCO010000007	1814	2017	-1	4
JAKPCO010000007	2222	2710	-1	5
JAKPCO010000007	2707	3081	-1	6
JAKPCO010000008	2	442	1	1
JAKPCO010000008	439	828	1	2
JAKPCO010000008	831	1403	1	3
JAKPCO010000008	1418	1606	1	4
JAKPCO010000008	1631	3334	1	5
JAKPCO010000008	3346	3930	1	6
JAKPCO010000009	3	365	-1	1
JAKPCO010000009	543	2285	-1	2
JAKPCO010000009	2301	2459	1	3
JAKPCO010000009	2505	3740	1	4
JAKPCO010000009	3899	4480	-1	5
JAKPCO010000009	4598	4906	-1	6
JAKPCO010000009	4922	6196	-1	7
JAKPCO010000009	6264	8456	-1	8
JAKPCO010000009	8690	10003	-1	9
JAKPCO010000009	10119	11066	1	10
JAKPCO010000009	11086	12300	-1	11
JAKPCO010000009	12774	13694	-1	12
JAKPCO010000009	13703	17110	-1	13
JAKPCO010000009	17366	18250	1	14
JAKPCO010000009	18358	19635	-1	15
JAKPCO010000009	19770	20486	1	16
JAKPCO010000009	20507	21085	-1	17
JAKPCO010000009	21224	21664	1	18
JAKPCO010000009	22422	22541	1	19
JAKPCO010000009	22820	23626	1	20
JAKPCO010000009	24113	24592	1	21
JAKPCO010000009	24866	25783	1	22
JAKPCO010000009	26264	27460	1	23
JAKPCO010000009	27527	27805	1	24
JAKPCO010000009	28359	28592	1	25
JAKPCO010000009	28733	29752	1	26
JAKPCO010000009	29742	30575	1	27
JAKPCO010000009	30575	32254	1	28
JAKPCO010000009	32450	35395	-1	29
JAKPCO010000009	35906	36874	-1	30
JAKPCO010000009	36871	37701	-1	31
JAKPCO010000009	37698	38183	-1	32
JAKPCO010000009	38536	43977	1	33
JAKPCO010000009	44296	45030	-1	34
JAKPCO010000009	45140	45490	-1	35
JAKPCO010000009	45477	46109	-1	36
JAKPCO010000009	46106	46786	-1	37
JAKPCO010000009	47740	48096	1	38
JAKPCO010000009	48077	49204	1	39
JAKPCO010000009	49256	50122	1	40
JAKPCO010000009	50123	50794	-1	41
JAKPCO010000009	51016	51957	-1	42
JAKPCO010000009	51962	52861	-1	43
JAKPCO010000009	53153	53545	1	44
JAKPCO010000009	53720	54616	1	45
JAKPCO010000009	55083	55778	-1	46
JAKPCO010000009	55795	55914	1	47
JAKPCO010000009	56089	56754	1	48
JAKPCO010000009	56759	57649	1	49
JAKPCO010000009	57785	58885	1	50
JAKPCO010000009	58890	59657	1	51
JAKPCO010000009	59810	60613	-1	52
JAKPCO010000009	60610	60927	-1	53
JAKPCO010000009	61497	62774	1	54
JAKPCO010000009	62991	64775	1	55
JAKPCO010000009	64772	65359	1	56
JAKPCO010000009	65380	65826	1	57
JAKPCO010000009	66054	66269	-1	58
JAKPCO010000009	66701	67033	-1	59
JAKPCO010000009	67030	67986	-1	60
JAKPCO010000009	68871	70445	1	61
JAKPCO010000009	70448	71245	-1	62
JAKPCO010000009	71757	72752	1	63
JAKPCO010000009	72838	74121	-1	64
JAKPCO010000009	74654	75292	-1	65
JAKPCO010000009	75362	76528	1	66
JAKPCO010000009	76546	77016	-1	67
JAKPCO010000009	77033	77788	-1	68
JAKPCO010000009	77808	78227	-1	69
JAKPCO010000010	3	296	1	1
JAKPCO010000010	289	738	1	2
JAKPCO010000010	754	1158	1	3
JAKPCO010000010	1172	1576	1	4
JAKPCO010000010	1591	1653	1	5
JAKPCO010000011	1	309	-1	1
JAKPCO010000011	609	1115	-1	2
JAKPCO010000011	1112	1279	-1	3
JAKPCO010000011	1378	1680	1	4
JAKPCO010000011	1805	2290	1	5
JAKPCO010000011	2292	2657	1	6
JAKPCO010000012	2	301	1	1
JAKPCO010000012	345	920	1	2
JAKPCO010000012	1354	2319	1	3
JAKPCO010000013	2	907	-1	1
JAKPCO010000013	1554	1775	1	2
JAKPCO010000013	2408	2653	-1	3
JAKPCO010000013	2726	2998	-1	4
JAKPCO010000013	3194	3406	-1	5
JAKPCO010000014	1	123	-1	1
JAKPCO010000014	128	1177	-1	2
JAKPCO010000014	1174	1647	-1	3
JAKPCO010000014	1669	2748	-1	4
JAKPCO010000014	2748	3944	-1	5
JAKPCO010000014	3944	4351	-1	6
JAKPCO010000014	4348	5445	-1	7
JAKPCO010000015	331	2808	1	1
JAKPCO010000016	3	482	1	1
JAKPCO010000016	715	849	-1	2
JAKPCO010000016	1132	1890	-1	3
JAKPCO010000016	1900	2565	-1	4
JAKPCO010000016	2558	2707	-1	5
JAKPCO010000016	2718	3032	-1	6
JAKPCO010000016	3035	3301	-1	7
JAKPCO010000016	3298	3588	-1	8
JAKPCO010000016	3585	3767	-1	9
JAKPCO010000016	4205	5920	1	10
JAKPCO010000016	5889	6086	1	11
JAKPCO010000016	6079	6414	1	12
JAKPCO010000016	6411	6776	1	13
JAKPCO010000016	6730	7122	1	14
JAKPCO010000016	7302	7847	1	15
JAKPCO010000017	1	645	1	1
JAKPCO010000017	659	1897	1	2
JAKPCO010000017	1894	2976	1	3
JAKPCO010000017	2979	3764	1	4
JAKPCO010000017	3764	4963	1	5
JAKPCO010000017	5010	5714	-1	6
JAKPCO010000017	5716	7068	-1	7
JAKPCO010000017	7593	9395	1	8
JAKPCO010000017	9627	11150	1	9
JAKPCO010000017	11352	11660	-1	10
JAKPCO010000017	12311	12934	1	11
JAKPCO010000017	12940	16671	-1	12
JAKPCO010000017	16676	18007	-1	13
JAKPCO010000017	18009	20222	-1	14
JAKPCO010000017	20233	20580	-1	15
JAKPCO010000017	20605	21501	-1	16
JAKPCO010000017	21514	22341	-1	17
JAKPCO010000017	22338	23399	-1	18
JAKPCO010000017	23396	24265	-1	19
JAKPCO010000017	24279	25556	-1	20
JAKPCO010000018	569	733	-1	1
JAKPCO010000018	720	1664	-1	2
JAKPCO010000019	3	4691	1	1
JAKPCO010000019	4678	5070	1	2
JAKPCO010000019	5077	6912	1	3
JAKPCO010000019	6930	7505	1	4
JAKPCO010000019	7524	8120	1	5
JAKPCO010000020	3	2747	1	1
JAKPCO010000021	175	336	1	1
JAKPCO010000021	400	987	1	2
JAKPCO010000021	1011	1133	1	3
JAKPCO010000021	1099	1389	1	4
JAKPCO010000021	1386	1661	1	5
JAKPCO010000021	1658	2056	1	6
JAKPCO010000021	2092	2460	1	7
JAKPCO010000021	2441	2836	1	8
JAKPCO010000021	2833	3222	1	9
JAKPCO010000021	3234	3866	1	10
JAKPCO010000021	3866	4093	1	11
JAKPCO010000021	4096	4299	1	12
JAKPCO010000021	4293	4571	1	13
JAKPCO010000021	4581	4904	1	14
JAKPCO010000021	4901	5122	1	15
JAKPCO010000022	101	589	1	1
JAKPCO010000022	887	1012	1	2
JAKPCO010000022	1019	3283	1	3
JAKPCO010000023	3	1400	-1	1
JAKPCO010000024	1	156	1	1
JAKPCO010000024	454	1287	1	2
JAKPCO010000024	1352	1684	1	3
JAKPCO010000024	1681	1860	1	4
JAKPCO010000025	1	1407	1	1
JAKPCO010000026	1	237	1	1
JAKPCO010000026	139	1512	-1	2
JAKPCO010000026	1565	1840	1	3
JAKPCO010000027	3	137	1	1
JAKPCO010000027	448	2100	-1	2
JAKPCO010000027	2599	3243	1	3
JAKPCO010000027	3350	4078	-1	4
JAKPCO010000027	4075	5322	-1	5
JAKPCO010000027	5349	6470	-1	6
JAKPCO010000027	6499	7287	-1	7
JAKPCO010000027	7291	8139	-1	8
JAKPCO010000027	8136	9098	-1	9
JAKPCO010000027	9099	9884	-1	10
JAKPCO010000027	9933	10490	-1	11
JAKPCO010000027	10601	10717	-1	12
JAKPCO010000028	2	1195	1	1
JAKPCO010000028	1273	1725	1	2
JAKPCO010000028	1712	2176	1	3
JAKPCO010000028	2169	2543	1	4
JAKPCO010000029	2	1432	1	1
JAKPCO010000029	1733	1903	1	2
JAKPCO010000029	2211	2453	-1	3
JAKPCO010000029	2450	2764	-1	4
JAKPCO010000029	2761	3054	-1	5
JAKPCO010000029	3059	3130	-1	6
JAKPCO010000030	3	92	-1	1
JAKPCO010000030	827	1231	1	2
JAKPCO010000030	1253	2125	-1	3
JAKPCO010000030	2223	3278	1	4
JAKPCO010000030	3555	4376	1	5
JAKPCO010000030	4378	4803	1	6
JAKPCO010000030	5023	6063	-1	7
JAKPCO010000030	6186	6899	1	8
JAKPCO010000031	256	417	-1	1
JAKPCO010000031	380	2950	-1	2
JAKPCO010000032	380	667	1	1
JAKPCO010000032	651	866	1	2
JAKPCO010000032	1098	1214	1	3
JAKPCO010000032	1286	2023	-1	4
JAKPCO010000032	2046	2186	-1	5
JAKPCO010000033	2	1210	1	1
JAKPCO010000034	316	624	-1	1
JAKPCO010000034	621	806	-1	2
JAKPCO010000034	1180	1470	1	3
JAKPCO010000034	1590	2879	-1	4
JAKPCO010000034	2845	3951	-1	5
JAKPCO010000034	4210	5970	-1	6
JAKPCO010000034	6365	7384	-1	7
JAKPCO010000034	7661	8998	1	8
JAKPCO010000034	9943	12561	1	9
JAKPCO010000034	13039	14058	1	10
JAKPCO010000034	14279	16426	-1	11
JAKPCO010000034	17573	17839	1	12
JAKPCO010000034	17929	18615	-1	13
JAKPCO010000034	18765	19502	-1	14
JAKPCO010000034	19499	20776	-1	15
JAKPCO010000034	21472	25116	1	16
JAKPCO010000034	25171	26664	-1	17
JAKPCO010000034	26649	27611	-1	18
JAKPCO010000034	27970	28359	-1	19
JAKPCO010000035	545	1045	1	1
JAKPCO010000035	1072	1317	1	2
JAKPCO010000035	1321	2622	1	3
JAKPCO010000036	205	1008	-1	1
JAKPCO010000036	1031	1546	-1	2
JAKPCO010000036	1515	1892	-1	3
JAKPCO010000036	1907	3016	-1	4
JAKPCO010000036	3016	3471	-1	5
JAKPCO010000036	3475	3672	-1	6
JAKPCO010000036	3889	5745	-1	7
JAKPCO010000036	5940	6581	1	8
JAKPCO010000036	7008	8564	-1	9
JAKPCO010000037	2	157	1	1
JAKPCO010000037	288	464	1	2
JAKPCO010000037	485	838	1	3
JAKPCO010000037	1026	1151	1	4
JAKPCO010000037	1392	1568	1	5
JAKPCO010000038	966	2201	1	1
JAKPCO010000039	51	3359	-1	1
JAKPCO010000040	1	918	-1	1
JAKPCO010000040	1276	1620	-1	2
JAKPCO010000041	2	136	-1	1
JAKPCO010000041	161	1309	-1	2
JAKPCO010000041	1311	2165	-1	3
JAKPCO010000042	2	514	1	1
JAKPCO010000042	514	612	1	2
JAKPCO010000042	669	2120	1	3
JAKPCO010000042	2405	3670	-1	4
JAKPCO010000042	3757	4467	-1	5
JAKPCO010000042	4580	5143	-1	6
JAKPCO010000042	5167	5541	-1	7
JAKPCO010000042	5549	6595	-1	8
JAKPCO010000042	6637	7404	-1	9
JAKPCO010000042	7522	7812	1	10
JAKPCO010000042	8555	10810	-1	11
JAKPCO010000042	10908	11105	-1	12
JAKPCO010000042	11099	11458	-1	13
JAKPCO010000042	12185	12568	1	14
JAKPCO010000042	12587	13522	-1	15
JAKPCO010000042	13519	14028	-1	16
JAKPCO010000042	14216	15010	-1	17
JAKPCO010000042	15024	15413	-1	18
JAKPCO010000042	15410	15961	-1	19
JAKPCO010000042	15979	16467	-1	20
JAKPCO010000042	17096	17551	1	21
JAKPCO010000042	17562	19319	1	22
JAKPCO010000042	19433	20023	1	23
JAKPCO010000042	20031	20624	1	24
JAKPCO010000042	20635	20910	1	25
JAKPCO010000042	20907	21920	1	26
JAKPCO010000042	21877	22572	1	27
JAKPCO010000042	23191	24087	1	28
JAKPCO010000042	24253	24687	1	29
JAKPCO010000042	24713	25990	-1	30
JAKPCO010000042	26104	28176	-1	31
JAKPCO010000042	28877	29323	-1	32
JAKPCO010000042	29679	29855	-1	33
JAKPCO010000042	30340	30474	-1	34
JAKPCO010000042	30485	31153	1	35
JAKPCO010000042	31367	32443	1	36
JAKPCO010000042	32735	33268	1	37
JAKPCO010000042	33382	33627	1	38
JAKPCO010000042	33785	34972	-1	39
JAKPCO010000042	35023	35583	1	40
JAKPCO010000042	35691	37397	-1	41
JAKPCO010000042	37384	38814	-1	42
JAKPCO010000042	38907	39386	1	43
JAKPCO010000042	39678	40172	-1	44
JAKPCO010000042	40224	40883	-1	45
JAKPCO010000042	40873	41142	-1	46
JAKPCO010000042	41540	42139	1	47
JAKPCO010000042	42148	43062	1	48
JAKPCO010000042	43205	43906	-1	49
JAKPCO010000042	44136	45203	-1	50
JAKPCO010000042	45213	46571	-1	51
JAKPCO010000042	47115	47618	1	52
JAKPCO010000042	47784	48215	1	53
JAKPCO010000042	48348	48887	1	54
JAKPCO010000042	48884	49141	1	55
JAKPCO010000042	49138	50364	1	56
JAKPCO010000042	50375	51277	1	57
JAKPCO010000042	51259	51858	1	58
JAKPCO010000042	51864	52754	1	59
JAKPCO010000042	53160	53429	-1	60
JAKPCO010000042	53440	53943	-1	61
JAKPCO010000042	54039	54659	-1	62
JAKPCO010000042	54728	55543	-1	63
JAKPCO010000042	55530	56348	-1	64
JAKPCO010000042	56673	57152	1	65
JAKPCO010000042	57213	58493	-1	66
JAKPCO010000042	58506	60164	-1	67
JAKPCO010000042	60164	61171	-1	68
JAKPCO010000042	61168	61671	-1	69
JAKPCO010000042	61751	62266	1	70
JAKPCO010000042	62490	62945	1	71
JAKPCO010000042	63131	63823	1	72
JAKPCO010000042	63820	64098	1	73
JAKPCO010000042	64095	64661	-1	74
JAKPCO010000042	64661	65524	-1	75
JAKPCO010000042	67334	67672	-1	76
JAKPCO010000042	67682	68902	-1	77
JAKPCO010000042	69200	69823	1	78
JAKPCO010000042	69845	71752	1	79
JAKPCO010000043	10	780	-1	1
JAKPCO010000043	962	1441	1	2
JAKPCO010000043	1459	2055	1	3
JAKPCO010000043	2057	2932	-1	4
JAKPCO010000043	3057	5798	-1	5
JAKPCO010000043	5859	6143	1	6
JAKPCO010000043	6207	7100	1	7
JAKPCO010000043	7157	7675	-1	8
JAKPCO010000043	7745	7864	-1	9
JAKPCO010000044	1	153	1	1
JAKPCO010000044	166	2043	1	2
JAKPCO010000045	75	1310	1	1
JAKPCO010000045	1316	1924	1	2
JAKPCO010000045	1938	2927	1	3
JAKPCO010000045	2995	3165	1	4
JAKPCO010000045	3176	3583	1	5
JAKPCO010000045	3580	3960	1	6
JAKPCO010000046	2	754	-1	1
JAKPCO010000046	729	1430	-1	2
JAKPCO010000047	2	760	-1	1
JAKPCO010000047	735	1121	-1	2
JAKPCO010000048	1	879	1	1
JAKPCO010000048	892	1389	1	2
JAKPCO010000048	1508	3025	1	3
JAKPCO010000049	279	932	-1	1
JAKPCO010000049	1014	1757	-1	2
JAKPCO010000049	1782	2114	-1	3
JAKPCO010000049	2160	4028	-1	4
JAKPCO010000049	4039	5577	-1	5
JAKPCO010000049	5543	6289	-1	6
JAKPCO010000050	232	387	1	1
JAKPCO010000050	550	873	1	2
JAKPCO010000050	966	1133	1	3
JAKPCO010000050	2225	4204	1	4
JAKPCO010000050	4215	4781	1	5
JAKPCO010000050	4768	5271	1	6
JAKPCO010000050	5275	5556	1	7
JAKPCO010000051	3	119	1	1
JAKPCO010000051	200	712	1	2
JAKPCO010000051	751	1545	1	3
JAKPCO010000051	1542	3977	1	4
JAKPCO010000051	4254	4838	-1	5
JAKPCO010000051	5334	5654	1	6
JAKPCO010000051	5655	5861	1	7
JAKPCO010000051	5990	6937	1	8
JAKPCO010000051	6915	7664	1	9
JAKPCO010000051	7779	8471	-1	10
JAKPCO010000051	8735	9643	-1	11
JAKPCO010000051	9767	9904	1	12
JAKPCO010000051	10671	11183	1	13
JAKPCO010000051	11186	12469	1	14
JAKPCO010000051	12466	12684	1	15
JAKPCO010000051	12686	14188	1	16
JAKPCO010000051	14596	15204	1	17
JAKPCO010000051	15219	15983	1	18
JAKPCO010000051	16185	16859	1	19
JAKPCO010000051	17000	18124	-1	20
JAKPCO010000051	18310	19110	-1	21
JAKPCO010000051	19100	20305	-1	22
JAKPCO010000051	20608	21282	-1	23
JAKPCO010000051	21293	21751	-1	24
JAKPCO010000051	22068	22523	1	25
JAKPCO010000051	22531	23634	1	26
JAKPCO010000051	23749	24057	1	27
JAKPCO010000051	24334	25266	1	28
JAKPCO010000051	25401	25769	-1	29
JAKPCO010000051	25787	26011	-1	30
JAKPCO010000051	26078	26305	-1	31
JAKPCO010000051	26311	26637	-1	32
JAKPCO010000051	27440	28048	-1	33
JAKPCO010000051	28073	29080	-1	34
JAKPCO010000051	29205	29834	-1	35
JAKPCO010000051	29845	31239	-1	36
JAKPCO010000051	31223	31987	-1	37
JAKPCO010000051	32089	32826	-1	38
JAKPCO010000051	32841	33449	-1	39
JAKPCO010000051	33450	33965	-1	40
JAKPCO010000051	34803	38114	1	41
JAKPCO010000051	38775	39731	1	42
JAKPCO010000051	39740	40537	1	43
JAKPCO010000051	40701	41135	1	44
JAKPCO010000052	3	65	-1	1
JAKPCO010000052	222	560	-1	2
JAKPCO010000052	584	1237	-1	3
JAKPCO010000052	1499	2161	-1	4
JAKPCO010000052	2191	2316	-1	5
JAKPCO010000053	3	902	-1	1
JAKPCO010000053	2049	3062	1	2
JAKPCO010000053	3064	4296	-1	3
JAKPCO010000053	4373	4906	-1	4
JAKPCO010000053	4903	6549	-1	5
JAKPCO010000053	6715	7104	1	6
JAKPCO010000054	2	502	1	1
JAKPCO010000054	515	721	1	2
JAKPCO010000054	708	1235	1	3
JAKPCO010000055	1	141	1	1
JAKPCO010000055	429	647	-1	2
JAKPCO010000055	864	1577	1	3
JAKPCO010000055	1755	3254	1	4
JAKPCO010000055	3286	4041	1	5
JAKPCO010000055	4545	5033	1	6
JAKPCO010000055	5086	5694	1	7
JAKPCO010000055	5994	7802	1	8
JAKPCO010000055	8018	8449	-1	9
JAKPCO010000057	113	1219	-1	1
JAKPCO010000057	1230	1403	-1	2
JAKPCO010000058	3	1400	-1	1
JAKPCO010000058	1402	2910	-1	2
JAKPCO010000058	2907	4862	-1	3
JAKPCO010000058	4865	5143	-1	4
JAKPCO010000058	5200	5469	-1	5
JAKPCO010000058	5462	5875	-1	6
JAKPCO010000058	5875	6417	-1	7
JAKPCO010000058	6429	7481	-1	8
JAKPCO010000058	7494	9182	-1	9
JAKPCO010000058	9216	9788	-1	10
JAKPCO010000058	9779	10183	-1	11
JAKPCO010000058	10381	10668	1	12
JAKPCO010000058	10923	11900	1	13
JAKPCO010000058	12124	12969	-1	14
JAKPCO010000058	13024	15054	1	15
JAKPCO010000058	15262	15666	1	16
JAKPCO010000058	15876	16472	1	17
JAKPCO010000058	16981	19140	1	18
JAKPCO010000058	19332	20129	1	19
JAKPCO010000058	20872	21960	1	20
JAKPCO010000058	22107	23108	1	21
JAKPCO010000058	23851	26649	1	22
JAKPCO010000058	26942	28183	-1	23
JAKPCO010000058	28359	29657	-1	24
JAKPCO010000058	29659	30810	-1	25
JAKPCO010000058	30807	31313	-1	26
JAKPCO010000058	31326	31976	-1	27
JAKPCO010000059	3	1208	-1	1
JAKPCO010000059	1208	1417	-1	2
JAKPCO010000059	1926	2036	1	3
JAKPCO010000060	3	1016	-1	1
JAKPCO010000061	3	1256	1	1
JAKPCO010000062	292	3777	-1	1
JAKPCO010000062	4130	4309	-1	2
JAKPCO010000063	1	903	1	1
JAKPCO010000063	906	2108	1	2
JAKPCO010000063	2108	2503	1	3
JAKPCO010000063	2543	4072	1	4
JAKPCO010000063	4194	6170	-1	5
JAKPCO010000063	7246	8289	1	6
JAKPCO010000063	8508	9122	1	7
JAKPCO010000063	9542	9838	1	8
JAKPCO010000063	10060	11376	1	9
JAKPCO010000063	11480	12928	-1	10
JAKPCO010000063	13105	13500	-1	11
JAKPCO010000063	13500	14231	-1	12
JAKPCO010000064	1	69	1	1
JAKPCO010000064	170	1105	1	2
JAKPCO010000064	1116	2756	1	3
JAKPCO010000065	1	486	1	1
JAKPCO010000065	489	884	1	2
JAKPCO010000065	874	1608	-1	3
JAKPCO010000066	3	119	-1	1
JAKPCO010000066	116	874	-1	2
JAKPCO010000066	1097	1876	-1	3
JAKPCO010000067	3	533	-1	1
JAKPCO010000067	612	1742	-1	2
JAKPCO010000067	1857	2963	-1	3
JAKPCO010000067	2944	3432	-1	4
JAKPCO010000067	3445	4452	-1	5
JAKPCO010000067	4449	5093	-1	6
JAKPCO010000067	5254	7257	-1	7
JAKPCO010000067	7683	8243	1	8
JAKPCO010000067	8240	8872	1	9
JAKPCO010000067	8979	9899	-1	10
JAKPCO010000067	10054	11445	-1	11
JAKPCO010000067	11683	12720	-1	12
JAKPCO010000067	12717	13235	-1	13
JAKPCO010000067	13232	13837	-1	14
JAKPCO010000067	13834	15447	-1	15
JAKPCO010000067	15444	15818	-1	16
JAKPCO010000067	15823	16278	-1	17
JAKPCO010000067	16281	16895	-1	18
JAKPCO010000067	16900	17409	-1	19
JAKPCO010000067	17416	17874	-1	20
JAKPCO010000067	17876	18262	-1	21
JAKPCO010000067	18269	18775	-1	22
JAKPCO010000067	18809	19198	-1	23
JAKPCO010000067	19208	19351	-1	24
JAKPCO010000067	19348	19857	-1	25
JAKPCO010000067	19854	20564	-1	26
JAKPCO010000067	20561	20917	-1	27
JAKPCO010000067	20917	21315	-1	28
JAKPCO010000067	21312	21632	-1	29
JAKPCO010000067	21629	21919	-1	30
JAKPCO010000067	21919	22122	-1	31
JAKPCO010000067	22103	22921	-1	32
JAKPCO010000067	22923	23381	-1	33
JAKPCO010000067	23391	23801	-1	34
JAKPCO010000067	23814	24524	-1	35
JAKPCO010000067	24535	24783	-1	36
JAKPCO010000067	24780	25535	-1	37
JAKPCO010000067	25548	26555	-1	38
JAKPCO010000067	26556	27389	-1	39
JAKPCO010000067	27547	28344	1	40
JAKPCO010000067	28357	29622	1	41
JAKPCO010000067	29615	30484	-1	42
JAKPCO010000067	30608	32311	-1	43
JAKPCO010000067	32433	32924	1	44
JAKPCO010000067	33000	33536	1	45
JAKPCO010000067	34305	35138	-1	46
JAKPCO010000067	35150	35572	-1	47
JAKPCO010000067	35604	35876	-1	48
JAKPCO010000067	35930	38149	-1	49
JAKPCO010000067	38341	40215	-1	50
JAKPCO010000067	40234	40869	-1	51
JAKPCO010000067	41010	41882	-1	52
JAKPCO010000067	42064	43284	1	53
JAKPCO010000067	43456	44283	1	54
JAKPCO010000067	44391	45269	-1	55
JAKPCO010000067	45266	45781	-1	56
JAKPCO010000067	45791	46588	-1	57
JAKPCO010000067	46757	47539	1	58
JAKPCO010000067	47540	47950	1	59
JAKPCO010000067	48157	48795	-1	60
JAKPCO010000067	49492	49842	-1	61
JAKPCO010000067	50029	51036	-1	62
JAKPCO010000067	51210	52685	-1	63
JAKPCO010000067	52675	53526	-1	64
JAKPCO010000067	53577	54866	-1	65
JAKPCO010000067	54859	56037	-1	66
JAKPCO010000067	56057	56338	-1	67
JAKPCO010000067	57021	58394	1	68
JAKPCO010000067	58990	59118	1	69
JAKPCO010000067	59269	59781	1	70
JAKPCO010000067	59778	60269	-1	71
JAKPCO010000067	60378	60692	1	72
JAKPCO010000067	60922	61422	1	73
JAKPCO010000067	61406	61564	1	74
JAKPCO010000067	61495	62277	-1	75
JAKPCO010000067	62499	62768	-1	76
JAKPCO010000067	62782	63231	-1	77
JAKPCO010000067	63224	64201	-1	78
JAKPCO010000067	64202	65230	-1	79
JAKPCO010000067	65271	65543	1	80
JAKPCO010000067	66063	67562	1	81
JAKPCO010000067	67571	67780	1	82
JAKPCO010000067	67784	68521	1	83
JAKPCO010000067	68530	69339	-1	84
JAKPCO010000067	69804	70160	1	85
JAKPCO010000067	70268	70933	1	86
JAKPCO010000068	245	1348	1	1
JAKPCO010000068	1374	2210	1	2
JAKPCO010000068	2539	2685	1	3
JAKPCO010000068	2694	3461	1	4
JAKPCO010000068	3454	4605	1	5
JAKPCO010000068	4770	5825	1	6
JAKPCO010000068	6015	7268	1	7
JAKPCO010000068	7283	8125	1	8
JAKPCO010000068	8122	8700	1	9
JAKPCO010000068	8739	9329	1	10
JAKPCO010000068	9683	10825	1	11
JAKPCO010000068	10855	11472	-1	12
JAKPCO010000068	11641	12636	-1	13
JAKPCO010000068	12656	13129	-1	14
JAKPCO010000068	13288	14667	-1	15
JAKPCO010000068	14790	18143	-1	16
JAKPCO010000068	18140	18595	-1	17
JAKPCO010000069	2	91	-1	1
JAKPCO010000069	197	997	1	2
JAKPCO010000069	1111	1818	-1	3
JAKPCO010000069	1865	2398	1	4
JAKPCO010000069	2426	2674	-1	5
JAKPCO010000069	2774	3025	1	6
JAKPCO010000069	3173	3667	1	7
JAKPCO010000069	3764	6145	1	8
JAKPCO010000069	6148	7440	1	9
JAKPCO010000069	7437	7961	1	10
JAKPCO010000069	7954	8799	1	11
JAKPCO010000069	9039	9488	1	12
JAKPCO010000069	9492	9830	1	13
JAKPCO010000069	9833	10432	1	14
JAKPCO010000069	10429	10578	1	15
JAKPCO010000069	10585	10848	1	16
JAKPCO010000069	10832	11503	1	17
JAKPCO010000069	11509	11700	1	18
JAKPCO010000069	11690	12151	1	19
JAKPCO010000069	12093	13265	1	20
JAKPCO010000069	13767	14024	1	21
JAKPCO010000069	14273	15076	1	22
JAKPCO010000069	15198	16160	-1	23
JAKPCO010000069	16151	16735	-1	24
JAKPCO010000069	16748	17026	-1	25
JAKPCO010000069	17030	18043	-1	26
JAKPCO010000070	2	214	1	1
JAKPCO010000070	544	1035	1	2
JAKPCO010000070	998	1465	1	3
JAKPCO010000070	1514	1702	1	4
JAKPCO010000070	1786	2088	1	5
JAKPCO010000070	2227	2553	1	6
JAKPCO010000070	2580	2975	1	7
JAKPCO010000071	133	1206	-1	1
JAKPCO010000072	102	389	-1	1
JAKPCO010000072	552	1253	-1	2
JAKPCO010000073	137	358	1	1
JAKPCO010000073	355	1689	-1	2
JAKPCO010000073	1956	3254	1	3
JAKPCO010000073	3785	4441	1	4
JAKPCO010000073	4445	4657	1	5
JAKPCO010000073	4654	7779	1	6
JAKPCO010000073	7929	9089	-1	7
JAKPCO010000073	9144	10118	1	8
JAKPCO010000073	10173	10763	1	9
JAKPCO010000073	10756	11172	1	10
JAKPCO010000073	11877	12371	-1	11
JAKPCO010000073	12944	13804	1	12
JAKPCO010000073	13912	15021	1	13
JAKPCO010000073	15288	15572	1	14
JAKPCO010000073	15569	15850	-1	15
JAKPCO010000073	16052	16252	1	16
JAKPCO010000073	16421	16822	1	17
JAKPCO010000073	16877	18610	1	18
JAKPCO010000073	18607	19239	1	19
JAKPCO010000073	19417	20865	1	20
JAKPCO010000073	21073	22239	-1	21
JAKPCO010000073	22236	22712	-1	22
JAKPCO010000073	22825	23850	-1	23
JAKPCO010000073	23890	24849	-1	24
JAKPCO010000073	24882	25706	1	25
JAKPCO010000073	25759	26196	1	26
JAKPCO010000073	26205	27317	-1	27
JAKPCO010000073	27336	27674	1	28
JAKPCO010000073	28161	28523	1	29
JAKPCO010000073	28529	28939	1	30
JAKPCO010000073	28951	29349	1	31
JAKPCO010000073	29356	29541	1	32
JAKPCO010000073	29652	29834	1	33
JAKPCO010000073	29844	30464	1	34
JAKPCO010000073	30467	31276	1	35
JAKPCO010000073	31284	32246	1	36
JAKPCO010000073	32249	33022	1	37
JAKPCO010000073	32997	34070	1	38
JAKPCO010000073	34085	35425	1	39
JAKPCO010000073	35447	36430	1	40
JAKPCO010000073	36570	36998	1	41
JAKPCO010000073	37003	38400	1	42
JAKPCO010000073	38397	39029	-1	43
JAKPCO010000073	39557	39673	1	44
JAKPCO010000073	39775	40875	1	45
JAKPCO010000073	40943	42853	-1	46
JAKPCO010000073	43244	45946	-1	47
JAKPCO010000073	46837	47790	1	48
JAKPCO010000073	48076	48885	-1	49
JAKPCO010000073	48949	49959	-1	50
JAKPCO010000073	49960	51051	-1	51
JAKPCO010000073	51048	52316	-1	52
JAKPCO010000073	52543	53271	1	53
JAKPCO010000073	53281	54513	1	54
JAKPCO010000073	54849	56174	-1	55
JAKPCO010000073	56469	56891	1	56
JAKPCO010000073	56888	57526	1	57
JAKPCO010000073	57519	58274	-1	58
JAKPCO010000073	58290	59774	1	59
JAKPCO010000073	59982	60665	-1	60
JAKPCO010000073	60692	61399	1	61
JAKPCO010000073	61801	62346	-1	62
JAKPCO010000073	62343	63482	-1	63
JAKPCO010000073	63455	64312	-1	64
JAKPCO010000073	64513	64986	-1	65
JAKPCO010000073	65128	65493	-1	66
JAKPCO010000073	65490	66257	-1	67
JAKPCO010000073	66322	67296	-1	68
JAKPCO010000073	67308	67511	-1	69
JAKPCO010000073	67602	68360	-1	70
JAKPCO010000073	68504	69160	-1	71
JAKPCO010000073	69298	69813	1	72
JAKPCO010000073	69813	71066	1	73
JAKPCO010000073	71338	72090	-1	74
JAKPCO010000073	72126	72731	-1	75
JAKPCO010000073	72739	73086	-1	76
JAKPCO010000073	73090	73380	-1	77
JAKPCO010000073	73355	74656	-1	78
JAKPCO010000073	74906	76147	1	79
JAKPCO010000073	76667	77329	-1	80
JAKPCO010000073	77738	78049	-1	81
JAKPCO010000073	78342	79244	1	82
JAKPCO010000073	79303	79620	-1	83
JAKPCO010000073	79637	80602	-1	84
JAKPCO010000073	80603	81241	-1	85
JAKPCO010000073	81297	81776	-1	86
JAKPCO010000073	81783	82298	-1	87
JAKPCO010000073	82686	82880	1	88
JAKPCO010000073	82877	83989	1	89
JAKPCO010000073	84005	85060	1	90
JAKPCO010000073	85198	85338	1	91
JAKPCO010000073	85326	85655	1	92
JAKPCO010000073	85777	86439	1	93
JAKPCO010000073	86556	87482	-1	94
JAKPCO010000073	87502	88386	1	95
JAKPCO010000073	88624	88848	-1	96
JAKPCO010000073	89315	90580	1	97
JAKPCO010000073	90522	91424	1	98
JAKPCO010000073	91417	92208	1	99
JAKPCO010000073	92396	92587	1	100
JAKPCO010000073	92624	92983	1	101
JAKPCO010000073	92980	93555	1	102
JAKPCO010000073	93558	94445	1	103
JAKPCO010000073	94573	95508	1	104
JAKPCO010000073	95477	95740	1	105
JAKPCO010000073	95859	95966	-1	106
JAKPCO010000073	96549	98939	-1	107
JAKPCO010000073	98943	100829	-1	108
JAKPCO010000073	100938	101210	-1	109
JAKPCO010000073	101350	102513	-1	110
JAKPCO010000073	102510	103562	-1	111
JAKPCO010000073	103559	104278	-1	112
JAKPCO010000073	104809	106131	-1	113
JAKPCO010000073	106201	106713	1	114
JAKPCO010000073	107118	107624	1	115
JAKPCO010000073	107678	107830	1	116
JAKPCO010000073	108122	109027	1	117
JAKPCO010000073	109024	109713	1	118
JAKPCO010000073	109715	110542	1	119
JAKPCO010000073	110555	110905	1	120
JAKPCO010000073	110908	111639	1	121
JAKPCO010000073	111642	111866	1	122
JAKPCO010000073	111870	112124	1	123
JAKPCO010000073	112125	113060	1	124
JAKPCO010000073	113106	113738	1	125
JAKPCO010000073	113976	117782	1	126
JAKPCO010000073	117830	118564	-1	127
JAKPCO010000073	118602	120023	-1	128
JAKPCO010000073	120035	120460	-1	129
JAKPCO010000073	120502	121380	-1	130
JAKPCO010000073	121512	123107	1	131
JAKPCO010000073	123104	123784	1	132
JAKPCO010000073	123856	124467	1	133
JAKPCO010000073	124464	124880	1	134
JAKPCO010000073	124892	125593	1	135
JAKPCO010000073	125636	126118	1	136
JAKPCO010000073	126090	126830	1	137
JAKPCO010000073	126832	127530	1	138
JAKPCO010000073	127541	128206	1	139
JAKPCO010000073	128211	128948	1	140
JAKPCO010000073	128945	129718	1	141
JAKPCO010000073	129725	130009	1	142
JAKPCO010000073	130010	130147	1	143
JAKPCO010000073	130152	130379	1	144
JAKPCO010000073	130376	130738	1	145
JAKPCO010000073	130862	131026	1	146
JAKPCO010000073	131456	131980	1	147
JAKPCO010000073	132048	132914	1	148
JAKPCO010000073	132911	133198	1	149
JAKPCO010000073	133325	134020	-1	150
JAKPCO010000073	134263	136197	1	151
JAKPCO010000073	136304	138052	-1	152
JAKPCO010000073	138208	138669	-1	153
JAKPCO010000073	138690	139112	-1	154
JAKPCO010000073	140201	140425	-1	155
JAKPCO010000073	140482	141285	1	156
JAKPCO010000073	141356	142585	1	157
JAKPCO010000073	142599	142982	1	158
JAKPCO010000073	142982	143602	1	159
JAKPCO010000073	143599	143784	1	160
JAKPCO010000073	143786	144322	1	161
JAKPCO010000073	144349	144648	1	162
JAKPCO010000073	144649	144798	1	163
JAKPCO010000073	145145	147664	-1	164
JAKPCO010000073	147642	148457	-1	165
JAKPCO010000073	148566	149327	1	166
JAKPCO010000073	149324	149911	1	167
JAKPCO010000073	149908	150549	1	168
JAKPCO010000073	150528	150854	1	169
JAKPCO010000073	151118	152233	1	170
JAKPCO010000073	152285	152896	1	171
JAKPCO010000073	152992	154902	-1	172
JAKPCO010000073	155235	155654	-1	173
JAKPCO010000074	3	377	-1	1
JAKPCO010000074	432	899	-1	2
JAKPCO010000074	1386	2201	1	3
JAKPCO010000074	2211	2402	1	4
JAKPCO010000074	2596	3570	1	5
JAKPCO010000074	3739	4428	-1	6
JAKPCO010000074	4398	5408	-1	7
JAKPCO010000074	5405	7141	-1	8
JAKPCO010000074	7145	9523	-1	9
JAKPCO010000074	9628	10485	-1	10
JAKPCO010000074	10497	10874	-1	11
JAKPCO010000074	10855	11802	-1	12
JAKPCO010000074	11804	12094	-1	13
JAKPCO010000075	145	891	-1	1
JAKPCO010000075	870	2012	-1	2
JAKPCO010000075	2033	4765	-1	3
JAKPCO010000075	5472	6185	-1	4
JAKPCO010000075	6238	6510	-1	5
JAKPCO010000075	6942	10649	-1	6
JAKPCO010000075	10649	11641	-1	7
JAKPCO010000075	11902	14715	-1	8
JAKPCO010000075	15089	15949	1	9
JAKPCO010000075	16293	17864	-1	10
JAKPCO010000075	18006	18407	1	11
JAKPCO010000075	18453	18605	1	12
JAKPCO010000075	18606	19040	-1	13
JAKPCO010000075	19041	19388	-1	14
JAKPCO010000075	19408	20046	-1	15
JAKPCO010000075	20456	21091	1	16
JAKPCO010000075	21115	22260	1	17
JAKPCO010000075	22336	22743	1	18
JAKPCO010000075	23075	23254	1	19
JAKPCO010000075	23495	24847	1	20
JAKPCO010000075	24994	25161	-1	21
JAKPCO010000075	25336	25773	-1	22
JAKPCO010000075	25778	26701	-1	23
JAKPCO010000075	26694	27263	-1	24
JAKPCO010000075	27265	28491	-1	25
JAKPCO010000075	28488	28925	-1	26
JAKPCO010000075	28935	29360	-1	27
JAKPCO010000075	29357	30916	-1	28
JAKPCO010000075	30921	32522	-1	29
JAKPCO010000075	32652	32837	-1	30
JAKPCO010000075	32850	33440	-1	31
JAKPCO010000075	33706	34860	-1	32
JAKPCO010000075	34861	35094	-1	33
JAKPCO010000075	35131	35643	-1	34
JAKPCO010000075	35654	35977	-1	35
JAKPCO010000075	36951	37286	1	36
JAKPCO010000075	37428	37844	-1	37
JAKPCO010000075	37867	39084	-1	38
JAKPCO010000075	39397	40488	1	39
JAKPCO010000075	40683	41114	1	40
JAKPCO010000076	80	670	1	1
JAKPCO010000076	896	1918	1	2
JAKPCO010000076	1928	3172	1	3
JAKPCO010000076	3207	3749	-1	4
JAKPCO010000076	4549	5352	-1	5
JAKPCO010000076	5704	6132	1	6
JAKPCO010000076	6212	6820	-1	7
JAKPCO010000076	7015	7596	-1	8
JAKPCO010000076	7655	8440	-1	9
JAKPCO010000076	8424	9353	-1	10
JAKPCO010000076	9540	10283	-1	11
JAKPCO010000076	10358	12076	1	12
JAKPCO010000076	12248	12574	-1	13
JAKPCO010000076	12668	13897	-1	14
JAKPCO010000076	13887	14927	-1	15
JAKPCO010000076	15097	15777	1	16
JAKPCO010000076	15774	16010	-1	17
JAKPCO010000076	16016	16348	-1	18
JAKPCO010000076	16380	16532	-1	19
JAKPCO010000076	16486	17037	-1	20
JAKPCO010000076	17039	17191	1	21
JAKPCO010000076	17338	17997	1	22
JAKPCO010000076	18145	19515	1	23
JAKPCO010000076	19771	20175	1	24
JAKPCO010000076	20262	20909	-1	25
JAKPCO010000076	21114	21725	-1	26
JAKPCO010000076	21964	23328	1	27
JAKPCO010000076	23583	24020	1	28
JAKPCO010000076	24017	25987	-1	29
JAKPCO010000076	26169	26687	1	30
JAKPCO010000076	26883	27290	-1	31
JAKPCO010000076	27525	27734	-1	32
JAKPCO010000076	27895	28176	-1	33
JAKPCO010000076	28915	30312	1	34
JAKPCO010000076	30309	31307	1	35
JAKPCO010000077	174	887	-1	1
JAKPCO010000077	1106	1768	1	2
JAKPCO010000077	1841	2404	1	3
JAKPCO010000077	2489	3457	-1	4
JAKPCO010000077	3454	4800	-1	5
JAKPCO010000077	5359	5478	1	6
JAKPCO010000077	5729	6259	1	7
JAKPCO010000077	6256	6720	1	8
JAKPCO010000077	7079	7822	-1	9
JAKPCO010000077	8040	14312	-1	10
JAKPCO010000077	14537	15043	-1	11
JAKPCO010000077	15187	15375	-1	12
JAKPCO010000077	15506	16627	1	13
JAKPCO010000077	16738	17580	-1	14
JAKPCO010000077	17580	18260	-1	15
JAKPCO010000077	18476	18670	-1	16
JAKPCO010000077	18667	19365	-1	17
JAKPCO010000077	19370	20761	-1	18
JAKPCO010000077	20773	22503	-1	19
JAKPCO010000077	22494	22793	-1	20
JAKPCO010000077	22793	23842	-1	21
JAKPCO010000077	23848	24396	-1	22
JAKPCO010000077	24425	24682	-1	23
JAKPCO010000077	24738	26762	-1	24
JAKPCO010000077	26755	27081	-1	25
JAKPCO010000077	27205	28374	-1	26
JAKPCO010000077	28694	30010	-1	27
JAKPCO010000077	30453	31499	-1	28
JAKPCO010000077	31496	32389	-1	29
JAKPCO010000077	32377	33429	-1	30
JAKPCO010000077	33551	35797	-1	31
JAKPCO010000077	35851	35970	1	32
JAKPCO010000077	36449	37912	1	33
JAKPCO010000077	37909	38694	1	34
JAKPCO010000077	38716	39789	-1	35
JAKPCO010000077	39809	39931	-1	36
JAKPCO010000077	39924	40904	-1	37
JAKPCO010000077	40950	41927	-1	38
JAKPCO010000077	41980	43101	-1	39
JAKPCO010000077	43246	44370	1	40
JAKPCO010000077	44371	46188	1	41
JAKPCO010000077	46429	47226	1	42
JAKPCO010000077	47369	48571	-1	43
JAKPCO010000077	48810	49613	-1	44
JAKPCO010000077	49667	51190	1	45
JAKPCO010000077	51347	52282	1	46
JAKPCO010000077	52300	52683	-1	47
JAKPCO010000077	53039	54721	1	48
JAKPCO010000077	54740	55138	-1	49
JAKPCO010000077	55501	56439	-1	50
JAKPCO010000077	56436	56813	-1	51
JAKPCO010000077	56814	58034	-1	52
JAKPCO010000077	58044	58502	-1	53
JAKPCO010000077	58741	59208	-1	54
JAKPCO010000077	59402	60772	-1	55
JAKPCO010000077	60774	61526	-1	56
JAKPCO010000077	62091	62507	1	57
JAKPCO010000077	62482	62691	-1	58
JAKPCO010000077	62697	62843	-1	59
JAKPCO010000077	63068	63895	1	60
JAKPCO010000077	63977	65161	-1	61
JAKPCO010000077	65238	66515	-1	62
JAKPCO010000077	66515	67708	-1	63
JAKPCO010000077	68034	68837	-1	64
JAKPCO010000077	68929	70200	-1	65
JAKPCO010000077	70512	73736	-1	66
JAKPCO010000077	73738	74823	-1	67
JAKPCO010000077	74902	75771	-1	68
JAKPCO010000077	75942	76805	-1	69
JAKPCO010000077	76948	77499	-1	70
JAKPCO010000077	78074	80494	1	71
JAKPCO010000077	80894	81442	1	72
JAKPCO010000077	81457	83340	1	73
JAKPCO010000077	83345	84388	1	74
JAKPCO010000077	84385	85797	1	75
JAKPCO010000077	85794	86543	1	76
JAKPCO010000077	86654	87328	1	77
JAKPCO010000077	87403	89190	-1	78
JAKPCO010000077	89196	90314	-1	79
JAKPCO010000077	90318	90758	-1	80
JAKPCO010000077	90740	91327	-1	81
JAKPCO010000077	91481	92017	-1	82
JAKPCO010000077	92245	92391	1	83
JAKPCO010000077	92590	93996	-1	84
JAKPCO010000077	94496	94948	-1	85
JAKPCO010000077	95385	95552	1	86
JAKPCO010000077	95549	95905	1	87
JAKPCO010000077	95898	96572	1	88
JAKPCO010000077	96580	97314	1	89
JAKPCO010000077	97434	97808	-1	90
JAKPCO010000077	98016	101591	-1	91
JAKPCO010000077	101582	102367	-1	92
JAKPCO010000077	102361	103428	-1	93
JAKPCO010000077	103447	104517	-1	94
JAKPCO010000077	104625	105638	-1	95
JAKPCO010000077	105914	106714	-1	96
JAKPCO010000077	106711	107730	-1	97
JAKPCO010000077	107730	108773	-1	98
JAKPCO010000077	109096	111111	1	99
JAKPCO010000077	111146	112135	1	100
JAKPCO010000077	112132	112905	1	101
JAKPCO010000077	112916	113653	1	102
JAKPCO010000077	113780	114724	1	103
JAKPCO010000077	114754	115593	-1	104
JAKPCO010000077	115652	116938	1	105
JAKPCO010000077	117359	117736	1	106
JAKPCO010000077	117819	119180	1	107
JAKPCO010000077	119285	120499	-1	108
JAKPCO010000077	120558	121046	1	109
JAKPCO010000077	121054	121668	1	110
JAKPCO010000077	121640	122575	1	111
JAKPCO010000077	122603	124141	1	112
JAKPCO010000077	124269	125123	1	113
JAKPCO010000077	125120	125980	1	114
JAKPCO010000077	125971	126654	-1	115
JAKPCO010000077	127053	127616	-1	116
JAKPCO010000077	127715	128866	-1	117
JAKPCO010000077	129012	130598	-1	118
JAKPCO010000077	130604	130792	-1	119
JAKPCO010000077	131172	132590	-1	120
JAKPCO010000077	132590	134005	-1	121
JAKPCO010000077	134008	134289	-1	122
JAKPCO010000077	134493	134726	-1	123
JAKPCO010000077	134723	135316	-1	124
JAKPCO010000077	135363	135860	-1	125
JAKPCO010000077	136127	140449	-1	126
JAKPCO010000077	140449	142107	-1	127
JAKPCO010000077	142306	143376	1	128
JAKPCO010000077	143602	144795	1	129
JAKPCO010000077	144835	145374	1	130
JAKPCO010000077	145537	145656	1	131
JAKPCO010000077	145937	146497	1	132
JAKPCO010000077	146669	146857	1	133
JAKPCO010000077	146860	148002	-1	134
JAKPCO010000077	148199	149287	-1	135
JAKPCO010000077	149317	150105	-1	136
JAKPCO010000077	150314	151048	-1	137
JAKPCO010000078	2	577	-1	1
JAKPCO010000078	592	1572	-1	2
JAKPCO010000079	2	2041	1	1
JAKPCO010000079	2038	3144	1	2
JAKPCO010000080	1	279	1	1
JAKPCO010000080	474	1682	-1	2
JAKPCO010000080	1699	2553	-1	3
JAKPCO010000080	2553	3242	-1	4
JAKPCO010000080	3418	3573	-1	5
JAKPCO010000080	3570	4625	-1	6
JAKPCO010000080	4628	5782	-1	7
JAKPCO010000080	5912	6013	1	8
JAKPCO010000080	6285	7163	-1	9
JAKPCO010000080	7446	7799	-1	10
JAKPCO010000080	7985	8608	-1	11
JAKPCO010000080	8620	9810	-1	12
JAKPCO010000080	9807	10286	-1	13
JAKPCO010000080	10548	11213	-1	14
JAKPCO010000080	11201	14716	-1	15
JAKPCO010000080	14829	15302	-1	16
JAKPCO010000080	15921	17597	1	17
JAKPCO010000080	17829	20591	1	18
JAKPCO010000080	20575	21459	1	19
JAKPCO010000080	21521	23527	1	20
JAKPCO010000080	23524	24504	1	21
JAKPCO010000080	24864	25067	-1	22
JAKPCO010000080	25588	26622	-1	23
JAKPCO010000080	27161	27595	1	24
JAKPCO010000080	27745	28263	1	25
JAKPCO010000080	28267	29277	1	26
JAKPCO010000080	29268	30275	1	27
JAKPCO010000080	30404	31549	-1	28
JAKPCO010000080	31546	33810	-1	29
JAKPCO010000080	33986	34609	1	30
JAKPCO010000080	34603	35193	1	31
JAKPCO010000080	35226	36662	1	32
JAKPCO010000080	36762	37661	1	33
JAKPCO010000080	37658	37831	-1	34
JAKPCO010000080	38074	39273	-1	35
JAKPCO010000080	39324	40298	-1	36
JAKPCO010000080	40383	41552	-1	37
JAKPCO010000080	41805	42203	1	38
JAKPCO010000080	43085	43696	1	39
JAKPCO010000080	43854	44036	1	40
JAKPCO010000080	44006	44179	1	41
JAKPCO010000080	44267	44776	-1	42
JAKPCO010000080	44858	47182	1	43
JAKPCO010000080	47182	48216	1	44
JAKPCO010000080	48225	48569	1	45
JAKPCO010000080	48915	49088	1	46
JAKPCO010000080	49135	49830	1	47
JAKPCO010000080	49837	51492	1	48
JAKPCO010000080	51501	52307	-1	49
JAKPCO010000080	52598	53149	1	50
JAKPCO010000080	53152	54237	1	51
JAKPCO010000080	54362	54598	-1	52
JAKPCO010000080	54964	55899	1	53
JAKPCO010000080	55859	56368	1	54
JAKPCO010000080	56328	57425	1	55
JAKPCO010000080	57659	57751	-1	56
JAKPCO010000080	57847	59787	-1	57
JAKPCO010000080	60175	60582	-1	58
JAKPCO010000080	60823	62235	-1	59
JAKPCO010000080	62241	63599	-1	60
JAKPCO010000080	63612	64373	-1	61
JAKPCO010000080	64387	64575	-1	62
JAKPCO010000080	64627	64815	-1	63
JAKPCO010000080	64832	66241	-1	64
JAKPCO010000080	66291	66839	-1	65
JAKPCO010000080	66845	69262	-1	66
JAKPCO010000080	70080	72026	-1	67
JAKPCO010000080	72283	73455	1	68
JAKPCO010000080	73503	73781	1	69
JAKPCO010000080	73792	74151	1	70
JAKPCO010000080	74219	75646	-1	71
JAKPCO010000080	75898	77010	1	72
JAKPCO010000080	77011	78228	1	73
JAKPCO010000080	78370	79392	-1	74
JAKPCO010000080	79370	80650	-1	75
JAKPCO010000080	80696	81337	1	76
JAKPCO010000080	81334	82476	1	77
JAKPCO010000080	82460	83518	1	78
JAKPCO010000080	83509	84030	1	79
JAKPCO010000080	84017	84631	1	80
JAKPCO010000080	84511	84798	-1	81
JAKPCO010000080	85280	86812	1	82
JAKPCO010000080	86984	87280	1	83
JAKPCO010000080	87704	87949	-1	84
JAKPCO010000080	88206	88694	1	85
JAKPCO010000080	89041	89988	-1	86
JAKPCO010000080	89994	90230	-1	87
JAKPCO010000080	90227	91321	-1	88
JAKPCO010000080	91381	92802	-1	89
JAKPCO010000080	92982	94205	1	90
JAKPCO010000080	94251	94679	1	91
JAKPCO010000080	94868	95848	1	92
JAKPCO010000080	95841	96629	1	93
JAKPCO010000080	96911	98614	1	94
JAKPCO010000080	98624	99739	1	95
JAKPCO010000080	99736	100071	-1	96
JAKPCO010000080	100227	101114	-1	97
JAKPCO010000080	101201	102292	-1	98
JAKPCO010000080	102321	103454	-1	99
JAKPCO010000080	103919	104530	-1	100
JAKPCO010000080	104533	104982	-1	101
JAKPCO010000080	105187	106275	1	102
JAKPCO010000080	106277	107488	1	103
JAKPCO010000080	107427	108119	1	104
JAKPCO010000080	108266	109360	-1	105
JAKPCO010000080	109631	111313	1	106
JAKPCO010000080	111303	112745	1	107
JAKPCO010000080	112747	113301	1	108
JAKPCO010000080	113581	116229	-1	109
JAKPCO010000080	116543	117436	1	110
JAKPCO010000080	117828	118562	1	111
JAKPCO010000080	118700	119338	1	112
JAKPCO010000080	119339	119947	1	113
JAKPCO010000080	120060	125057	1	114
JAKPCO010000080	125168	126673	1	115
JAKPCO010000080	126677	127825	1	116
JAKPCO010000080	127983	128786	-1	117
JAKPCO010000080	129200	129925	-1	118
JAKPCO010000080	129984	131867	1	119
JAKPCO010000080	131958	132968	-1	120
JAKPCO010000080	132974	133633	-1	121
JAKPCO010000080	133650	134459	-1	122
JAKPCO010000080	134765	136768	-1	123
JAKPCO010000080	136875	137909	-1	124
JAKPCO010000080	138145	139197	-1	125
JAKPCO010000080	139306	139611	-1	126
JAKPCO010000080	139775	140416	1	127
JAKPCO010000080	140512	141150	1	128
JAKPCO010000080	141165	143306	-1	129
JAKPCO010000080	143691	144218	-1	130
JAKPCO010000080	144411	144716	1	131
JAKPCO010000080	144830	146128	-1	132
JAKPCO010000080	146432	147766	-1	133
JAKPCO010000080	147942	149024	1	134
JAKPCO010000080	148990	149277	1	135
JAKPCO010000080	149314	149889	1	136
JAKPCO010000080	149893	151749	1	137
JAKPCO010000080	151746	152711	1	138
JAKPCO010000080	152721	153422	1	139
JAKPCO010000080	153397	155811	1	140
JAKPCO010000080	155818	156660	1	141
JAKPCO010000081	615	1364	-1	1
JAKPCO010000081	1618	2736	-1	2
JAKPCO010000081	2711	2986	-1	3
JAKPCO010000081	3367	4323	1	4
JAKPCO010000081	4325	5179	1	5
JAKPCO010000081	5395	5670	-1	6
JAKPCO010000081	6106	7494	1	7
JAKPCO010000081	7534	7986	1	8
JAKPCO010000081	8187	9149	-1	9
JAKPCO010000081	9201	9416	-1	10
JAKPCO010000081	9844	10203	1	11
JAKPCO010000081	10200	11498	1	12
JAKPCO010000081	11488	13188	1	13
JAKPCO010000081	13190	13963	1	14
JAKPCO010000081	14001	15140	1	15
JAKPCO010000081	15212	15634	1	16
JAKPCO010000081	15595	16053	1	17
JAKPCO010000081	16213	17061	1	18
JAKPCO010000081	17061	17813	1	19
JAKPCO010000081	17818	18636	1	20
JAKPCO010000081	18689	19666	1	21
JAKPCO010000081	19901	20017	-1	22
JAKPCO010000082	3	2789	-1	1
JAKPCO010000083	1	372	1	1
JAKPCO010000083	347	1117	1	2
JAKPCO010000084	92	856	-1	1
JAKPCO010000084	861	968	-1	2
JAKPCO010000084	965	3679	-1	3
JAKPCO010000084	3735	4151	-1	4
JAKPCO010000084	4164	4793	-1	5
JAKPCO010000084	4787	5251	-1	6
JAKPCO010000084	5261	5470	-1	7
JAKPCO010000084	5530	5727	-1	8
JAKPCO010000084	5864	6121	1	9
JAKPCO010000084	6121	6552	1	10
JAKPCO010000084	6596	6772	1	11
JAKPCO010000085	3	1013	-1	1
JAKPCO010000085	1633	3081	-1	2
JAKPCO010000085	3331	4059	1	3
JAKPCO010000085	4119	5258	-1	4
JAKPCO010000085	5736	6929	-1	5
JAKPCO010000085	7000	8091	1	6
JAKPCO010000085	8096	9007	1	7
JAKPCO010000085	9004	9573	1	8
JAKPCO010000085	9525	10757	1	9
JAKPCO010000085	11503	12273	1	10
JAKPCO010000085	13122	13775	-1	11
JAKPCO010000085	14784	15239	-1	12
JAKPCO010000085	15415	15879	1	13
JAKPCO010000085	16832	17041	-1	14
JAKPCO010000085	18338	19582	1	15
JAKPCO010000085	19875	20612	1	16
JAKPCO010000085	21001	21561	-1	17
JAKPCO010000085	22038	22331	1	18
JAKPCO010000085	22497	22778	-1	19
JAKPCO010000085	22994	26170	-1	20
JAKPCO010000085	26157	27284	-1	21
JAKPCO010000085	27294	28820	-1	22
JAKPCO010000085	28942	29535	-1	23
JAKPCO010000085	29773	31182	1	24
JAKPCO010000085	31233	31673	-1	25
JAKPCO010000085	31859	33076	1	26
JAKPCO010000085	33073	33969	1	27
JAKPCO010000085	34283	35467	-1	28
JAKPCO010000085	35719	36654	1	29
JAKPCO010000085	36713	37687	1	30
JAKPCO010000085	37689	38201	-1	31
JAKPCO010000085	38215	38457	-1	32
JAKPCO010000085	39182	39775	1	33
JAKPCO010000085	39890	42025	1	34
JAKPCO010000085	42094	43194	-1	35
JAKPCO010000085	43356	43940	1	36
JAKPCO010000085	44052	45323	-1	37
JAKPCO010000085	45663	47948	1	38
JAKPCO010000085	47971	48327	1	39
JAKPCO010000085	48534	49037	-1	40
JAKPCO010000085	48977	49750	-1	41
JAKPCO010000085	49747	50634	-1	42
JAKPCO010000085	50627	50845	-1	43
JAKPCO010000085	50902	52254	-1	44
JAKPCO010000085	52263	52808	-1	45
JAKPCO010000085	52868	53302	-1	46
JAKPCO010000085	53334	54170	-1	47
JAKPCO010000085	54209	54634	-1	48
JAKPCO010000085	54699	55961	-1	49
JAKPCO010000085	56106	59714	1	50
JAKPCO010000085	59770	63540	-1	51
JAKPCO010000085	63557	64750	-1	52
JAKPCO010000085	65335	66018	-1	53
JAKPCO010000085	66020	66286	-1	54
JAKPCO010000085	66377	67159	-1	55
JAKPCO010000086	3	1427	1	1
JAKPCO010000086	1420	2037	1	2
JAKPCO010000087	2	91	1	1
JAKPCO010000087	491	1855	-1	2
JAKPCO010000088	2	1651	1	1
JAKPCO010000088	1648	2187	1	2
JAKPCO010000089	2	91	-1	1
JAKPCO010000089	248	2935	1	2
JAKPCO010000089	3095	4348	1	3
JAKPCO010000089	4311	4871	-1	4
JAKPCO010000089	4868	5374	-1	5
JAKPCO010000089	5435	6112	-1	6
JAKPCO010000089	6586	8823	1	7
JAKPCO010000089	9311	10765	-1	8
JAKPCO010000089	10769	10939	-1	9
JAKPCO010000089	10950	11165	-1	10
JAKPCO010000089	11259	11738	1	11
JAKPCO010000089	12306	12605	1	12
JAKPCO010000089	12729	13115	1	13
JAKPCO010000089	13372	14307	-1	14
JAKPCO010000089	14507	15958	1	15
JAKPCO010000089	15952	17052	-1	16
JAKPCO010000089	17134	18282	-1	17
JAKPCO010000089	18300	19118	-1	18
JAKPCO010000089	19159	19968	1	19
JAKPCO010000089	19979	20437	1	20
JAKPCO010000089	20425	20733	1	21
JAKPCO010000089	20736	21014	1	22
JAKPCO010000089	21015	21413	1	23
JAKPCO010000089	21389	21706	1	24
JAKPCO010000089	21978	22397	1	25
JAKPCO010000089	22684	23964	1	26
JAKPCO010000089	23992	24381	1	27
JAKPCO010000089	24434	24865	1	28
JAKPCO010000089	24866	24982	1	29
JAKPCO010000089	25330	26364	1	30
JAKPCO010000089	26403	26705	1	31
JAKPCO010000089	26738	28231	-1	32
JAKPCO010000089	28392	29903	1	33
JAKPCO010000089	29900	30286	1	34
JAKPCO010000089	30334	31383	1	35
JAKPCO010000089	31439	31597	-1	36
JAKPCO010000089	31660	33570	-1	37
JAKPCO010000089	33567	33794	-1	38
JAKPCO010000089	34325	34810	1	39
JAKPCO010000089	34876	35931	1	40
JAKPCO010000089	36132	36368	1	41
JAKPCO010000089	36365	37876	1	42
JAKPCO010000089	37866	39683	1	43
JAKPCO010000089	39692	42322	1	44
JAKPCO010000089	42319	43473	1	45
JAKPCO010000089	43470	43781	1	46
JAKPCO010000089	43768	44205	1	47
JAKPCO010000089	44256	44684	1	48
JAKPCO010000089	44689	45246	1	49
JAKPCO010000089	45344	46066	-1	50
JAKPCO010000089	46263	47243	1	51
JAKPCO010000089	47245	48012	1	52
JAKPCO010000089	48009	48422	-1	53
JAKPCO010000089	49215	49622	1	54
JAKPCO010000089	49668	50159	1	55
JAKPCO010000089	50172	50834	1	56
JAKPCO010000089	50839	51111	1	57
JAKPCO010000089	51130	51309	1	58
JAKPCO010000089	51306	52481	1	59
JAKPCO010000089	52593	53057	-1	60
JAKPCO010000089	53746	55782	1	61
JAKPCO010000089	55809	56276	1	62
JAKPCO010000089	56273	56977	1	63
JAKPCO010000089	56943	58178	1	64
JAKPCO010000089	58175	59128	1	65
JAKPCO010000089	59249	60169	-1	66
JAKPCO010000089	60875	62350	1	67
JAKPCO010000089	62385	64229	1	68
JAKPCO010000089	64326	65030	1	69
JAKPCO010000089	65169	66131	1	70
JAKPCO010000089	66359	67477	1	71
JAKPCO010000089	67542	67916	1	72
JAKPCO010000089	67958	69280	-1	73
JAKPCO010000089	69419	70825	1	74
JAKPCO010000089	71001	71975	1	75
JAKPCO010000089	71966	72055	1	76
JAKPCO010000089	72052	72522	1	77
JAKPCO010000089	72526	73122	-1	78
JAKPCO010000089	73748	74347	1	79
JAKPCO010000089	74511	75677	1	80
JAKPCO010000089	75948	76865	1	81
JAKPCO010000089	77010	77444	-1	82
JAKPCO010000089	77457	78737	-1	83
JAKPCO010000089	79157	80170	-1	84
JAKPCO010000089	80158	80415	-1	85
JAKPCO010000089	80506	81426	1	86
JAKPCO010000089	81398	81805	-1	87
JAKPCO010000089	81750	82238	-1	88
JAKPCO010000089	82429	85017	1	89
JAKPCO010000089	85221	85955	-1	90
JAKPCO010000089	86064	86444	1	91
JAKPCO010000089	86425	87114	-1	92
JAKPCO010000089	87637	87972	-1	93
JAKPCO010000089	88552	88932	1	94
JAKPCO010000089	89009	90535	1	95
JAKPCO010000089	90783	91550	-1	96
JAKPCO010000089	91689	92150	1	97
JAKPCO010000089	92273	92743	-1	98
JAKPCO010000089	92760	93266	-1	99
JAKPCO010000089	93556	95703	1	100
JAKPCO010000089	95668	97050	-1	101
JAKPCO010000089	97733	98941	1	102
JAKPCO010000089	99004	99441	-1	103
JAKPCO010000089	99658	100050	1	104
JAKPCO010000089	100204	100377	1	105
JAKPCO010000089	100392	100736	1	106
JAKPCO010000089	100937	101515	1	107
JAKPCO010000089	101687	102940	-1	108
JAKPCO010000089	103492	105642	1	109
JAKPCO010000089	105835	106542	1	110
JAKPCO010000089	106965	108215	1	111
JAKPCO010000089	108386	109204	-1	112
JAKPCO010000089	109201	110460	-1	113
JAKPCO010000089	110529	112058	1	114
JAKPCO010000089	112074	113123	1	115
JAKPCO010000089	113234	114589	-1	116
JAKPCO010000089	114643	114858	1	117
JAKPCO010000089	114861	115118	1	118
JAKPCO010000089	115214	117739	1	119
JAKPCO010000089	117872	121021	1	120
JAKPCO010000089	121068	121553	1	121
JAKPCO010000089	121569	122486	1	122
JAKPCO010000089	123004	123669	1	123
JAKPCO010000089	123760	124104	-1	124
JAKPCO010000089	124171	124443	1	125
JAKPCO010000089	124669	125529	-1	126
JAKPCO010000089	125716	126726	-1	127
JAKPCO010000089	126887	127213	-1	128
JAKPCO010000089	127244	127807	-1	129
JAKPCO010000089	127853	128746	-1	130
JAKPCO010000089	128996	130165	-1	131
JAKPCO010000089	130162	131256	-1	132
JAKPCO010000090	2	1159	1	1
JAKPCO010000091	1	1461	1	1
JAKPCO010000091	1472	1675	1	2
JAKPCO010000091	1705	1965	1	3
JAKPCO010000091	2043	2324	1	4
JAKPCO010000092	18	350	-1	1
JAKPCO010000092	497	820	-1	2
JAKPCO010000092	804	1418	-1	3
JAKPCO010000093	3	623	-1	1
JAKPCO010000093	624	1187	-1	2
JAKPCO010000094	3	1457	1	1
JAKPCO010000094	1454	1759	1	2
JAKPCO010000094	1832	2752	1	3
JAKPCO010000094	2736	4652	1	4
JAKPCO010000094	4649	5725	1	5
JAKPCO010000094	5737	6540	1	6
JAKPCO010000094	6537	6938	1	7
JAKPCO010000094	6941	7963	1	8
JAKPCO010000094	7960	9174	1	9
JAKPCO010000094	9174	9434	1	10
JAKPCO010000094	9431	9877	1	11
JAKPCO010000095	3	773	-1	1
JAKPCO010000095	837	1709	-1	2
JAKPCO010000095	2068	2478	1	3
JAKPCO010000095	2475	2696	1	4
JAKPCO010000095	2885	3376	1	5
JAKPCO010000096	2	124	1	1
JAKPCO010000096	64	540	-1	2
JAKPCO010000096	583	2508	-1	3
JAKPCO010000097	2	853	1	1
JAKPCO010000097	868	2028	1	2
JAKPCO010000097	2218	2481	1	3
JAKPCO010000097	2474	2992	1	4
JAKPCO010000097	3131	4795	-1	5
JAKPCO010000097	4930	6129	1	6
JAKPCO010000097	6139	7041	1	7
JAKPCO010000097	7073	7408	1	8
JAKPCO010000097	7468	8439	1	9
JAKPCO010000097	8812	10128	1	10
JAKPCO010000097	10904	11509	1	11
JAKPCO010000097	11716	12933	1	12
JAKPCO010000097	12930	17789	-1	13
JAKPCO010000097	18537	19490	1	14
JAKPCO010000097	19491	20393	1	15
JAKPCO010000097	20407	20988	1	16
JAKPCO010000097	21185	22816	-1	17
JAKPCO010000097	23271	25010	1	18
JAKPCO010000097	25007	27361	1	19
JAKPCO010000097	27423	27608	-1	20
JAKPCO010000097	27773	29266	-1	21
JAKPCO010000097	29788	30255	1	22
JAKPCO010000097	30263	30988	1	23
JAKPCO010000097	30992	31810	1	24
JAKPCO010000097	31901	32938	-1	25
JAKPCO010000097	33625	34053	1	26
JAKPCO010000097	34412	35206	1	27
JAKPCO010000097	35496	35846	1	28
JAKPCO010000098	738	1769	1	1
JAKPCO010000098	1766	2572	1	2
JAKPCO010000098	2721	3098	-1	3
JAKPCO010000098	3284	4324	-1	4
JAKPCO010000098	4454	4576	-1	5
JAKPCO010000098	4695	5540	-1	6
JAKPCO010000098	5537	6469	-1	7
JAKPCO010000098	6925	7563	1	8
JAKPCO010000098	7581	9098	-1	9
JAKPCO010000098	9457	10002	1	10
JAKPCO010000098	10012	10611	1	11
JAKPCO010000098	10817	11563	1	12
JAKPCO010000098	11572	13356	1	13
JAKPCO010000098	13356	14573	1	14
JAKPCO010000098	14588	15523	1	15
JAKPCO010000098	15770	17032	1	16
JAKPCO010000098	17001	19109	-1	17
JAKPCO010000098	19153	19575	-1	18
JAKPCO010000098	19708	20130	1	19
JAKPCO010000098	20135	20830	-1	20
JAKPCO010000098	21076	22152	-1	21
JAKPCO010000098	22476	23186	-1	22
JAKPCO010000098	23161	23808	-1	23
JAKPCO010000098	23805	25241	-1	24
JAKPCO010000098	25238	25864	-1	25
JAKPCO010000098	25903	26928	-1	26
JAKPCO010000098	27222	29009	1	27
JAKPCO010000098	29006	29866	-1	28
JAKPCO010000098	29907	30167	-1	29
JAKPCO010000098	30276	30395	1	30
JAKPCO010000098	30382	32316	1	31
JAKPCO010000098	32509	33099	-1	32
JAKPCO010000098	33468	35393	-1	33
JAKPCO010000098	35462	36643	-1	34
JAKPCO010000098	36930	37085	1	35
JAKPCO010000098	37214	39013	-1	36
JAKPCO010000098	39326	40117	1	37
JAKPCO010000098	40282	40758	-1	38
JAKPCO010000098	40987	41355	-1	39
JAKPCO010000098	41508	41978	-1	40
JAKPCO010000098	41935	42318	-1	41
JAKPCO010000098	42472	43827	1	42
JAKPCO010000098	43832	45295	1	43
JAKPCO010000098	45475	46395	-1	44
JAKPCO010000098	46592	48190	-1	45
JAKPCO010000098	48343	48942	1	46
JAKPCO010000098	48936	49754	1	47
JAKPCO010000098	49986	50225	1	48
JAKPCO010000098	50371	51018	-1	49
JAKPCO010000098	51143	53119	-1	50
JAKPCO010000098	53179	54045	-1	51
JAKPCO010000098	54199	54999	-1	52
JAKPCO010000098	54996	56231	-1	53
JAKPCO010000098	56305	56907	1	54
JAKPCO010000098	57296	59965	1	55
JAKPCO010000098	59962	60663	1	56
JAKPCO010000098	60865	62316	1	57
JAKPCO010000098	62318	63937	1	58
JAKPCO010000099	2	1183	1	1
JAKPCO010000099	1193	1639	1	2
JAKPCO010000100	1	63	-1	1
JAKPCO010000100	60	611	-1	2
JAKPCO010000100	659	1729	-1	3
JAKPCO010000100	2360	2992	1	4
JAKPCO010000100	3042	3314	-1	5
JAKPCO010000100	3323	4264	-1	6
JAKPCO010000100	4281	4994	-1	7
JAKPCO010000100	4991	5476	-1	8
JAKPCO010000100	5473	5871	-1	9
JAKPCO010000101	466	645	1	1
JAKPCO010000101	861	1541	-1	2
JAKPCO010000101	1572	2660	-1	3
JAKPCO010000101	3186	3749	1	4
JAKPCO010000101	3954	4892	-1	5
JAKPCO010000101	4913	5191	-1	6
JAKPCO010000101	5940	6854	-1	7
JAKPCO010000101	6897	7757	-1	8
JAKPCO010000101	7988	9259	1	9
JAKPCO010000101	9750	9926	-1	10
JAKPCO010000101	10068	12338	-1	11
JAKPCO010000101	12620	13666	-1	12
JAKPCO010000101	13789	14697	-1	13
JAKPCO010000101	14872	15354	-1	14
JAKPCO010000101	15662	17050	-1	15
JAKPCO010000101	17060	17971	-1	16
JAKPCO010000101	17968	19287	-1	17
JAKPCO010000101	19835	20299	-1	18
JAKPCO010000101	20303	21217	-1	19
JAKPCO010000101	21573	23843	1	20
JAKPCO010000101	24351	25592	1	21
JAKPCO010000101	25657	26070	1	22
JAKPCO010000101	26067	26828	1	23
JAKPCO010000101	26889	27551	1	24
JAKPCO010000101	27555	29192	1	25
JAKPCO010000101	29254	29874	1	26
JAKPCO010000101	29864	30880	1	27
JAKPCO010000101	31080	31430	1	28
JAKPCO010000101	31542	32279	1	29
JAKPCO010000101	32267	33478	1	30
JAKPCO010000101	33490	34197	-1	31
JAKPCO010000101	34194	36809	-1	32
JAKPCO010000101	37378	37680	1	33
JAKPCO010000101	37909	39174	1	34
JAKPCO010000101	39162	39725	-1	35
JAKPCO010000101	39759	40658	-1	36
JAKPCO010000101	40770	41180	1	37
JAKPCO010000101	41183	42322	1	38
JAKPCO010000101	42484	43698	1	39
JAKPCO010000101	43886	44491	-1	40
JAKPCO010000101	44488	45276	-1	41
JAKPCO010000101	45263	46447	-1	42
JAKPCO010000101	46693	46971	-1	43
JAKPCO010000101	46989	47339	-1	44
JAKPCO010000101	47814	49427	1	45
JAKPCO010000101	49432	50874	1	46
JAKPCO010000101	50871	51452	1	47
JAKPCO010000101	51449	52990	1	48
JAKPCO010000101	53114	54001	1	49
JAKPCO010000101	54296	55195	-1	50
JAKPCO010000101	55371	56108	1	51
JAKPCO010000101	56127	57326	1	52
JAKPCO010000101	57370	57966	1	53
JAKPCO010000101	57944	58225	1	54
JAKPCO010000101	58222	58392	1	55
JAKPCO010000101	58398	59171	1	56
JAKPCO010000101	59174	59356	1	57
JAKPCO010000101	59353	60120	1	58
JAKPCO010000101	60356	61432	1	59
JAKPCO010000101	61497	62345	1	60
JAKPCO010000101	62359	63345	1	61
JAKPCO010000101	63353	64291	-1	62
JAKPCO010000101	64511	65764	1	63
JAKPCO010000101	65818	66720	1	64
JAKPCO010000101	66795	67199	1	65
JAKPCO010000101	67177	68025	-1	66
JAKPCO010000101	68138	68977	-1	67
JAKPCO010000101	69424	69540	-1	68
JAKPCO010000102	2	1207	1	1
JAKPCO010000102	1608	2522	1	2
JAKPCO010000102	3237	3623	-1	3
JAKPCO010000102	3662	4342	-1	4
JAKPCO010000102	4605	5168	-1	5
JAKPCO010000102	5548	6102	-1	6
JAKPCO010000102	6194	7090	-1	7
JAKPCO010000102	7204	7665	-1	8
JAKPCO010000102	7773	8648	1	9
JAKPCO010000102	8757	9125	1	10
JAKPCO010000102	9136	9348	1	11
JAKPCO010000102	9353	9523	1	12
JAKPCO010000102	9545	9976	1	13
JAKPCO010000102	10236	10955	1	14
JAKPCO010000102	11655	13517	1	15
JAKPCO010000102	13504	16122	-1	16
JAKPCO010000102	16184	16978	1	17
JAKPCO010000102	16998	18428	1	18
JAKPCO010000102	18634	19653	1	19
JAKPCO010000102	19972	21147	1	20
JAKPCO010000102	21291	22745	-1	21
JAKPCO010000102	22759	24123	-1	22
JAKPCO010000102	24377	24994	1	23
JAKPCO010000102	25121	25882	1	24
JAKPCO010000102	25870	26826	1	25
JAKPCO010000102	26823	27335	1	26
JAKPCO010000102	27469	28629	1	27
JAKPCO010000102	28630	29037	1	28
JAKPCO010000102	29614	29910	-1	29
JAKPCO010000102	29920	30111	-1	30
JAKPCO010000102	30225	31034	-1	31
JAKPCO010000102	31041	32537	-1	32
JAKPCO010000102	32515	33663	-1	33
JAKPCO010000102	34663	34971	-1	34
JAKPCO010000102	35012	35497	-1	35
JAKPCO010000102	35784	37478	-1	36
JAKPCO010000102	37500	37637	1	37
JAKPCO010000102	37634	38827	1	38
JAKPCO010000102	39054	39809	1	39
JAKPCO010000102	39830	40885	1	40
JAKPCO010000102	40916	41365	1	41
JAKPCO010000102	41320	42321	1	42
JAKPCO010000102	42466	42954	-1	43
JAKPCO010000102	42966	44774	-1	44
JAKPCO010000102	45505	46041	1	45
JAKPCO010000102	46141	46782	1	46
JAKPCO010000102	46993	47901	-1	47
JAKPCO010000102	48054	48236	-1	48
JAKPCO010000102	48363	49295	1	49
JAKPCO010000103	235	1047	1	1
JAKPCO010000103	1100	1795	1	2
JAKPCO010000103	1795	2355	1	3
JAKPCO010000104	2	76	1	1
JAKPCO010000104	263	1138	1	2
JAKPCO010000104	1135	2199	1	3
JAKPCO010000104	2199	2762	1	4
JAKPCO010000104	2762	3793	1	5
JAKPCO010000104	3950	5482	1	6
JAKPCO010000104	5482	6504	1	7
JAKPCO010000104	6578	7876	1	8
JAKPCO010000104	7873	8811	1	9
JAKPCO010000104	8886	10082	1	10
JAKPCO010000104	10184	10831	-1	11
JAKPCO010000105	368	652	1	1
JAKPCO010000105	680	1834	1	2
JAKPCO010000106	1	1335	-1	1
JAKPCO010000106	1386	1799	-1	2
JAKPCO010000106	2073	3317	1	3
JAKPCO010000106	3319	4500	1	4
JAKPCO010000106	4701	5432	1	5
JAKPCO010000106	5556	8078	-1	6
JAKPCO010000106	8084	9040	-1	7
JAKPCO010000106	9457	10371	1	8
JAKPCO010000106	10404	10886	1	9
JAKPCO010000106	11319	12113	-1	10
JAKPCO010000106	12408	13664	1	11
JAKPCO010000106	13668	15512	1	12
JAKPCO010000106	16366	16659	1	13
JAKPCO010000106	17325	19490	-1	14
JAKPCO010000106	19511	20125	-1	15
JAKPCO010000106	20529	21782	1	16
JAKPCO010000106	21698	21889	-1	17
JAKPCO010000106	22033	23004	-1	18
JAKPCO010000106	23052	23642	-1	19
JAKPCO010000106	24083	24682	1	20
JAKPCO010000106	24825	25007	1	21
JAKPCO010000106	25123	25548	-1	22
JAKPCO010000106	25768	26466	1	23
JAKPCO010000106	26453	27121	-1	24
JAKPCO010000106	27123	28265	1	25
JAKPCO010000106	28270	28713	1	26
JAKPCO010000106	28717	29568	1	27
JAKPCO010000106	29568	29723	1	28
JAKPCO010000106	29703	30776	-1	29
JAKPCO010000106	30769	32610	-1	30
JAKPCO010000106	32610	32840	-1	31
JAKPCO010000106	33182	35086	1	32
JAKPCO010000106	35095	36408	1	33
JAKPCO010000106	36828	39062	-1	34
JAKPCO010000106	39261	39644	1	35
JAKPCO010000106	40024	40353	1	36
JAKPCO010000106	40353	41018	1	37
JAKPCO010000106	41204	41593	1	38
JAKPCO010000106	41607	42605	1	39
JAKPCO010000106	42610	43674	1	40
JAKPCO010000106	43683	44471	1	41
JAKPCO010000106	44516	44881	1	42
JAKPCO010000106	44886	45209	1	43
JAKPCO010000106	45206	45478	1	44
JAKPCO010000106	45573	45890	1	45
JAKPCO010000106	46441	47193	-1	46
JAKPCO010000106	47310	48173	-1	47
JAKPCO010000106	48193	49629	-1	48
JAKPCO010000106	49790	50455	1	49
JAKPCO010000106	50505	51926	-1	50
JAKPCO010000106	51919	52014	-1	51
JAKPCO010000106	52315	53667	1	52
JAKPCO010000106	53645	54793	1	53
JAKPCO010000106	54896	56827	-1	54
JAKPCO010000106	56842	58299	-1	55
JAKPCO010000106	58296	59840	-1	56
JAKPCO010000106	60147	60944	1	57
JAKPCO010000106	61010	62968	1	58
JAKPCO010000106	63424	65994	1	59
JAKPCO010000106	65969	67639	1	60
JAKPCO010000106	67685	68245	1	61
JAKPCO010000106	68322	69146	-1	62
JAKPCO010000106	69322	69777	-1	63
JAKPCO010000106	69779	70108	-1	64
JAKPCO010000108	3	764	-1	1
JAKPCO010000108	1134	2021	1	2
JAKPCO010000108	1999	2247	1	3
JAKPCO010000108	2302	2784	1	4
JAKPCO010000108	2813	4108	1	5
JAKPCO010000108	4187	4465	-1	6
JAKPCO010000108	4462	5034	-1	7
JAKPCO010000108	5427	6053	1	8
JAKPCO010000108	6473	7216	1	9
JAKPCO010000108	7492	7809	1	10
JAKPCO010000108	7810	8859	1	11
JAKPCO010000108	8888	9994	1	12
JAKPCO010000108	10248	11030	-1	13
JAKPCO010000108	11665	11946	1	14
JAKPCO010000108	11947	12435	1	15
JAKPCO010000108	12494	12832	1	16
JAKPCO010000108	12829	15237	1	17
JAKPCO010000108	15253	15396	1	18
JAKPCO010000108	15562	16950	1	19
JAKPCO010000108	17151	17402	-1	20
JAKPCO010000108	17806	19038	-1	21
JAKPCO010000108	19159	20895	-1	22
JAKPCO010000108	20898	21356	-1	23
JAKPCO010000108	21652	23190	-1	24
JAKPCO010000108	23200	23709	-1	25
JAKPCO010000108	23955	24845	1	26
JAKPCO010000108	24842	26518	1	27
JAKPCO010000108	26706	27668	1	28
JAKPCO010000108	27886	28617	1	29
JAKPCO010000108	28604	29434	1	30
JAKPCO010000108	29419	29949	1	31
JAKPCO010000108	29961	30578	1	32
JAKPCO010000108	30708	32804	-1	33
JAKPCO010000108	33946	34236	-1	34
JAKPCO010000108	34629	36308	-1	35
JAKPCO010000108	36322	37089	-1	36
JAKPCO010000108	37092	37604	-1	37
JAKPCO010000108	37619	38923	-1	38
JAKPCO010000108	39574	40665	-1	39
JAKPCO010000108	41030	41824	1	40
JAKPCO010000108	41860	42840	1	41
JAKPCO010000108	42901	43278	1	42
JAKPCO010000108	43702	44898	-1	43
JAKPCO010000108	44895	45659	-1	44
JAKPCO010000108	45663	45947	-1	45
JAKPCO010000108	45944	46633	-1	46
JAKPCO010000108	46966	47190	1	47
JAKPCO010000108	47853	48374	-1	48
JAKPCO010000108	48668	49198	-1	49
JAKPCO010000108	49168	50223	-1	50
JAKPCO010000108	50374	50652	-1	51
JAKPCO010000109	2	2242	1	1
JAKPCO010000110	2	991	1	1
JAKPCO010000111	1	810	-1	1
JAKPCO010000111	813	1001	-1	2
JAKPCO010000112	452	628	-1	1
JAKPCO010000112	1623	3101	-1	2
JAKPCO010000112	3432	5411	-1	3
JAKPCO010000112	5789	7801	-1	4
JAKPCO010000112	8127	10109	-1	5
JAKPCO010000112	10535	11806	1	6
JAKPCO010000112	11896	12714	1	7
JAKPCO010000112	12716	14173	1	8
JAKPCO010000112	14369	15295	1	9
JAKPCO010000112	15400	15840	-1	10
JAKPCO010000112	15815	16582	-1	11
JAKPCO010000112	16579	17265	-1	12
JAKPCO010000112	17258	18142	-1	13
JAKPCO010000112	18476	18850	-1	14
JAKPCO010000112	18853	19086	-1	15
JAKPCO010000112	19103	20272	-1	16
JAKPCO010000112	20532	21338	-1	17
JAKPCO010000112	21322	21789	-1	18
JAKPCO010000112	21901	23400	1	19
JAKPCO010000112	23372	24385	1	20
JAKPCO010000112	24364	24738	1	21
JAKPCO010000112	24792	25211	1	22
JAKPCO010000112	25265	25729	1	23
JAKPCO010000112	25881	26522	-1	24
JAKPCO010000112	26519	27667	-1	25
JAKPCO010000112	28179	30134	-1	26
JAKPCO010000112	30606	31895	1	27
JAKPCO010000112	32104	33567	-1	28
JAKPCO010000112	33696	34868	-1	29
JAKPCO010000112	34923	36011	-1	30
JAKPCO010000112	36081	37106	1	31
JAKPCO010000112	37035	38591	-1	32
JAKPCO010000112	38593	39117	-1	33
JAKPCO010000112	39118	39915	-1	34
JAKPCO010000112	39912	40100	-1	35
JAKPCO010000112	40739	41917	-1	36
JAKPCO010000112	41924	42553	-1	37
JAKPCO010000112	42759	44735	-1	38
JAKPCO010000112	44728	45591	-1	39
JAKPCO010000112	45615	46823	-1	40
JAKPCO010000112	46941	47417	-1	41
JAKPCO010000112	47414	48202	-1	42
JAKPCO010000112	48199	50505	-1	43
JAKPCO010000112	50815	51300	-1	44
JAKPCO010000112	51675	52571	-1	45
JAKPCO010000112	52809	53975	1	46
JAKPCO010000112	53989	54255	-1	47
JAKPCO010000112	54595	54984	1	48
JAKPCO010000112	54939	56198	1	49
JAKPCO010000112	56204	57313	1	50
JAKPCO010000112	57474	57773	-1	51
JAKPCO010000112	57910	58797	-1	52
JAKPCO010000112	59086	60504	1	53
JAKPCO010000112	60501	62174	1	54
JAKPCO010000112	62171	62668	1	55
JAKPCO010000112	62680	63678	1	56
JAKPCO010000112	63772	64092	-1	57
JAKPCO010000112	64104	64793	-1	58
JAKPCO010000112	64881	65342	-1	59
JAKPCO010000112	65335	66258	-1	60
JAKPCO010000112	67058	67216	1	61
JAKPCO010000112	67219	67737	1	62
JAKPCO010000112	67832	68614	-1	63
JAKPCO010000113	1	1125	-1	1
