Hmm	ORF	tlen	qlen	Eval	score	start	end	Acc	Pos	Cov_seq	Cov_hmm	strand
AbiEii_0_CAS-III	JAKPCO010000001_8	249	284	2.6e-08	30.6	7582	8328	JAKPCO010000001	8	0.3132530120481928	0.2711267605633803	1
AbiEii_0_CAS-III	JAKPCO010000006_12	254	284	0.00019	17.9	7735	8496	JAKPCO010000006	12	0.2440944881889764	0.20774647887323944	-1
AbiEii_0_CAS-III	JAKPCO010000009_28	560	284	0.00025	17.5	30575	32254	JAKPCO010000009	28	0.3517857142857143	0.46830985915492956	1
AbiEii_0_CAS-III	JAKPCO010000017_5	400	284	0.0004	16.9	3764	4963	JAKPCO010000017	5	0.1975	0.2640845070422535	1
AbiEii_0_CAS-III	JAKPCO010000042_22	586	284	0.00049	16.6	17562	19319	JAKPCO010000042	22	0.20136518771331058	0.3345070422535211	1
AbiEii_0_CAS-III	JAKPCO010000051_8	316	284	1.6e-08	31.3	5990	6937	JAKPCO010000051	8	0.37341772151898733	0.4225352112676056	1
AbiEii_0_CAS-III	JAKPCO010000058_18	720	284	2.5e-05	20.8	16981	19140	JAKPCO010000058	18	0.06111111111111111	0.08450704225352113	1
AbiEii_0_CAS-III	JAKPCO010000067_49	740	284	4.3e-05	20.0	35930	38149	JAKPCO010000067	49	0.05405405405405406	0.07042253521126761	-1
AbiEii_0_CAS-III	JAKPCO010000073_42	466	284	0.0037	13.7	37003	38400	JAKPCO010000073	42	0.05150214592274678	0.08450704225352113	1
AbiEii_0_CAS-III	JAKPCO010000076_10	310	284	4.3e-05	20.0	8424	9353	JAKPCO010000076	10	0.2709677419354839	0.27816901408450706	-1
AbiEii_0_CAS-III	JAKPCO010000077_108	405	284	0.0052	13.2	119285	120499	JAKPCO010000077	108	0.06419753086419754	0.0880281690140845	-1
AbiEii_0_CAS-III	JAKPCO010000077_29	298	284	8.9e-06	22.3	31496	32389	JAKPCO010000077	29	0.19798657718120805	0.20422535211267606	-1
AbiEii_0_CAS-III	JAKPCO010000077_92	262	284	1.2e-07	28.4	101582	102367	JAKPCO010000077	92	0.3511450381679389	0.3345070422535211	-1
AbiEii_0_CAS-III	JAKPCO010000077_96	267	284	1.1e-05	22.0	105914	106714	JAKPCO010000077	96	0.2247191011235955	0.20422535211267606	-1
AbiEii_0_CAS-III	JAKPCO010000080_122	270	284	0.00049	16.5	133650	134459	JAKPCO010000080	122	0.25555555555555554	0.24295774647887325	-1
AbiEii_0_CAS-III	JAKPCO010000080_15	1172	284	2.4e-06	24.1	11201	14716	JAKPCO010000080	15	0.1348122866894198	0.5774647887323944	-1
AbiEii_0_CAS-III	JAKPCO010000080_4	230	284	3.9e-06	23.5	2553	3242	JAKPCO010000080	4	0.6521739130434783	0.528169014084507	-1
AbiEii_0_CAS-III	JAKPCO010000081_19	251	284	0.00017	18.0	17061	17813	JAKPCO010000081	19	0.29880478087649404	0.25	1
AbiEii_0_CAS-III	JAKPCO010000085_10	257	284	0.00018	18.0	11503	12273	JAKPCO010000085	10	0.30739299610894943	0.27816901408450706	1
AbiEii_0_CAS-III	JAKPCO010000085_20	1059	284	9.1e-05	19.0	22994	26170	JAKPCO010000085	20	0.04815864022662889	0.17253521126760563	-1
AbiEii_0_CAS-III	JAKPCO010000089_51	327	284	1.3e-08	31.6	46263	47243	JAKPCO010000089	51	0.3486238532110092	0.4014084507042254	1
AbiEii_0_CAS-III	JAKPCO010000095_2	291	284	4.6e-05	19.9	837	1709	JAKPCO010000095	2	0.08247422680412371	0.08450704225352113	-1
AbiEii_0_CAS-III	JAKPCO010000097_23	242	284	0.00029	17.3	30263	30988	JAKPCO010000097	23	0.1115702479338843	0.09154929577464789	1
AbiEii_0_CAS-III	JAKPCO010000098_6	282	284	1.3e-06	25.0	4695	5540	JAKPCO010000098	6	0.3900709219858156	0.3626760563380282	-1
AbiEii_0_CAS-III	JAKPCO010000101_20	757	284	3.2e-06	23.7	21573	23843	JAKPCO010000101	20	0.052840158520475564	0.07042253521126761	1
AbiEii_0_CAS-III	JAKPCO010000101_29	246	284	8.8e-05	19.0	31542	32279	JAKPCO010000101	29	0.11382113821138211	0.09507042253521127	1
AbiEii_0_CAS-III	JAKPCO010000102_39	252	284	0.0064	12.9	39054	39809	JAKPCO010000102	39	0.34523809523809523	0.2887323943661972	1
AbiEii_0_CAS-III	JAKPCO010000106_14	722	284	3.2e-05	20.4	17325	19490	JAKPCO010000106	14	0.054016620498614956	0.07042253521126761	-1
AbiEii_0_CAS-III	JAKPCO010000106_59	857	284	0.0071	12.7	63424	65994	JAKPCO010000106	59	0.03150525087514586	0.09507042253521127	1
AbiEii_0_CAS-III	JAKPCO010000108_43	399	284	1.1e-06	25.3	43702	44898	JAKPCO010000108	43	0.2756892230576441	0.36971830985915494	-1
AbiEii_0_CAS-III	JAKPCO010000112_11	256	284	0.00056	16.4	15815	16582	JAKPCO010000112	11	0.39453125	0.3345070422535211	-1
AbiEii_1_CAS-III-A	JAKPCO010000075_1	249	335	4.6	3.1	145	891	JAKPCO010000075	1	0.6385542168674698	0.25671641791044775	-1
AbiEii_1_CAS-III-A	JAKPCO010000077_92	262	335	0.018	11.0	101582	102367	JAKPCO010000077	92	0.3473282442748092	0.26865671641791045	-1
AbiEii_1_CAS-III-A	JAKPCO010000077_96	267	335	0.00055	16.0	105914	106714	JAKPCO010000077	96	0.19850187265917604	0.15223880597014924	-1
AbiEii_1_CAS-III-A	JAKPCO010000080_122	270	335	9.2e-06	21.8	133650	134459	JAKPCO010000080	122	0.21851851851851853	0.14328358208955225	-1
AbiEii_1_CAS-III-A	JAKPCO010000098_6	282	335	7.5e-05	18.8	4695	5540	JAKPCO010000098	6	0.31560283687943264	0.2746268656716418	-1
AbiEii_1_CAS-III-A	JAKPCO010000101_29	246	335	0.017	11.1	31542	32279	JAKPCO010000101	29	0.16260162601626016	0.11940298507462686	1
AbiEii_1_CAS-III-A	JAKPCO010000106_59	857	335	0.017	11.1	63424	65994	JAKPCO010000106	59	0.08751458576429405	0.21492537313432836	1
AbiEii_1_CAS-III-A	JAKPCO010000108_43	399	335	0.013	11.5	43702	44898	JAKPCO010000108	43	0.17543859649122806	0.21791044776119403	-1
AbiEii_2_CAS-III-C	JAKPCO010000067_61	117	440	2.9e-05	20.3	49492	49842	JAKPCO010000067	61	0.26495726495726496	0.07045454545454545	-1
AbiEii_2_CAS-III-C	JAKPCO010000077_92	262	440	0.0068	12.5	101582	102367	JAKPCO010000077	92	0.2862595419847328	0.17045454545454544	-1
AbiEii_2_CAS-III-C	JAKPCO010000080_15	1172	440	0.011	11.8	11201	14716	JAKPCO010000080	15	0.03924914675767918	0.10454545454545454	-1
Can2_Card1_17_CAS-III	JAKPCO010000094_1	485	380	0.0011	14.6	3	1457	JAKPCO010000094	1	0.2515463917525773	0.25	1
Can2_Card1_17_CAS-III	JAKPCO010000094_9	405	380	1.3e-132	438.9	7960	9174	JAKPCO010000094	9	0.9012345679012346	0.9973684210526316	1
Cas10_0_CAS-III	JAKPCO010000015_1	826	511	7.3e-06	21.9	331	2808	JAKPCO010000015	1	0.07142857142857142	0.12524461839530332	1
Cas10_0_CAS-III	JAKPCO010000094_4	639	511	1.3999999999999999e-63	212.3	2736	4652	JAKPCO010000094	4	0.755868544600939	0.9902152641878669	1
Cas10_0_CAS-III-B	JAKPCO010000094_4	639	189	0.00016	18.2	2736	4652	JAKPCO010000094	4	0.350547730829421	0.708994708994709	1
Cas10_0_CAS-III-C	JAKPCO010000015_1	826	959	9.9e-173	573.4	331	2808	JAKPCO010000015	1	0.9116222760290557	0.794577685088634	1
Cas10_0_III	JAKPCO010000094_4	639	414	3.1e-08	29.8	2736	4652	JAKPCO010000094	4	0.17683881064162754	0.2946859903381642	1
Cas10_0_IIIA	JAKPCO010000094_4	639	650	4e-09	32.5	2736	4652	JAKPCO010000094	4	0.1752738654147105	0.19076923076923077	1
Cas10_0_IIIB	JAKPCO010000015_1	826	510	0.0038	12.9	331	2808	JAKPCO010000015	1	0.07021791767554479	0.12549019607843137	1
Cas10_0_IIIB	JAKPCO010000094_4	639	510	6.4e-50	167.2	2736	4652	JAKPCO010000094	4	0.4616588419405321	0.5372549019607843	1
Cas10_0_IIIC	JAKPCO010000015_1	826	953	5.5e-139	461.2	331	2808	JAKPCO010000015	1	0.8801452784503632	0.8268625393494229	1
Cas10_1_CAS-III	JAKPCO010000089_84	338	654	0.073	8.4	79157	80170	JAKPCO010000089	84	0.15680473372781065	0.08409785932721713	-1
Cas10_1_CAS-III	JAKPCO010000094_4	639	654	9.9e-09	31.1	2736	4652	JAKPCO010000094	4	0.1752738654147105	0.2018348623853211	1
Cas10_1_CAS-III-B	JAKPCO010000094_4	639	121	1.2e-17	61.1	2736	4652	JAKPCO010000094	4	0.162754303599374	0.9834710743801653	1
Cas10_1_IIIB	JAKPCO010000094_4	639	116	3.9e-20	69.2	2736	4652	JAKPCO010000094	4	0.20187793427230047	0.9741379310344828	1
Cas10_4_CAS-III	JAKPCO010000015_1	826	772	0.0043	12.0	331	2808	JAKPCO010000015	1	0.07021791767554479	0.07901554404145078	1
Cas10_4_CAS-III	JAKPCO010000094_4	639	772	1.7e-56	188.5	2736	4652	JAKPCO010000094	4	0.5101721439749609	0.36787564766839376	1
Cas10_5_CAS-III	JAKPCO010000094_4	639	838	1.8000000000000002e-28	96.0	2736	4652	JAKPCO010000094	4	0.35524256651017216	0.29594272076372313	1
Cas10_7_CAS-III	JAKPCO010000094_4	639	410	2.6e-08	30.1	2736	4652	JAKPCO010000094	4	0.10015649452269171	0.17317073170731706	1
Cas10d_3_CAS-I-D	JAKPCO010000003_29	391	834	0.0033	12.4	24745	25917	JAKPCO010000003	29	0.10485933503836317	0.046762589928057555	-1
Cas12a_1_CAS-V-A	JAKPCO010000066_2	253	1086	0.026	9.2	116	874	JAKPCO010000066	2	0.15810276679841898	0.03683241252302026	-1
Cas12f2_0_CAS-V-F	JAKPCO010000067_24	48	517	0.01	11.3	19208	19351	JAKPCO010000067	24	0.6875	0.06382978723404255	-1
Cas12f2_0_CAS-V-F	JAKPCO010000073_142	95	517	0.0029	13.1	129725	130009	JAKPCO010000073	142	0.5157894736842106	0.0851063829787234	1
Cas12f2_1_CAS-V-F	JAKPCO010000001_15	103	422	0.0025	13.8	14507	14815	JAKPCO010000001	15	0.6796116504854369	0.09004739336492891	-1
Cas12f2_1_CAS-V-F	JAKPCO010000073_132	227	422	0.0097	11.8	123104	123784	JAKPCO010000073	132	0.18502202643171806	0.0995260663507109	1
Cas12f2_1_CAS-V-F	JAKPCO010000073_142	95	422	0.0044	12.9	129725	130009	JAKPCO010000073	142	0.3684210526315789	0.08293838862559241	1
Cas12f2_1_CAS-V-F	JAKPCO010000081_10	72	422	0.018	10.9	9201	9416	JAKPCO010000081	10	0.4861111111111111	0.07582938388625593	-1
Cas12f2_1_CAS-V-F	JAKPCO010000089_84	338	422	0.0022	13.9	79157	80170	JAKPCO010000089	84	0.10059171597633136	0.08056872037914692	-1
Cas1_0_CAS-I-II-III-IV-V-VI	JAKPCO010000069_26	338	317	3.8999999999999998e-84	279.2	17030	18043	JAKPCO010000069	26	0.9526627218934911	0.9936908517350158	-1
Cas1_0_CAS-I-II-III-IV-V-VI	JAKPCO010000080_134	361	317	1.2e-85	284.2	147942	149024	JAKPCO010000080	134	0.889196675900277	0.9968454258675079	1
Cas1_0_I-II-III	JAKPCO010000069_26	338	327	8.7e-87	288.0	17030	18043	JAKPCO010000069	26	0.9644970414201184	0.9908256880733946	-1
Cas1_0_I-II-III	JAKPCO010000080_134	361	327	3.4e-93	309.1	147942	149024	JAKPCO010000080	134	0.8919667590027701	0.9847094801223242	1
Cas1_0_I-II-III-V	JAKPCO010000069_26	338	315	2.5e-74	246.8	17030	18043	JAKPCO010000069	26	0.9467455621301775	0.9904761904761905	-1
Cas1_0_I-II-III-V	JAKPCO010000080_134	361	315	6e-72	238.9	147942	149024	JAKPCO010000080	134	0.8836565096952909	0.9904761904761905	1
Cas1_0_IA	JAKPCO010000069_26	338	347	1.2e-32	110.0	17030	18043	JAKPCO010000069	26	0.8313609467455622	0.7867435158501441	-1
Cas1_0_IA	JAKPCO010000080_134	361	347	2.8e-46	154.8	147942	149024	JAKPCO010000080	134	0.814404432132964	0.8501440922190202	1
Cas1_0_IC	JAKPCO010000069_26	338	340	9.999999999999999e-57	189.3	17030	18043	JAKPCO010000069	26	0.9674556213017751	0.9705882352941176	-1
Cas1_0_IC	JAKPCO010000080_134	361	340	1.4e-46	156.0	147942	149024	JAKPCO010000080	134	0.8393351800554016	0.9058823529411765	1
Cas1_0_IE	JAKPCO010000069_26	338	269	1.6e-10	37.4	17030	18043	JAKPCO010000069	26	0.4467455621301775	0.5464684014869888	-1
Cas1_0_IE	JAKPCO010000080_134	361	269	1.2e-13	47.7	147942	149024	JAKPCO010000080	134	0.3878116343490305	0.5353159851301115	1
Cas1_0_IF	JAKPCO010000069_26	338	307	2.8e-07	27.0	17030	18043	JAKPCO010000069	26	0.6301775147928994	0.6970684039087948	-1
Cas1_0_IF	JAKPCO010000080_134	361	307	2.5e-05	20.6	147942	149024	JAKPCO010000080	134	0.481994459833795	0.5602605863192183	1
Cas1_0_II	JAKPCO010000069_26	338	278	2.7e-21	72.9	17030	18043	JAKPCO010000069	26	0.772189349112426	0.8776978417266187	-1
Cas1_0_II	JAKPCO010000080_134	361	278	1.1000000000000002e-28	97.1	147942	149024	JAKPCO010000080	134	0.7340720221606648	0.8633093525179856	1
Cas1_0_V	JAKPCO010000069_26	338	317	1.0999999999999999e-25	87.2	17030	18043	JAKPCO010000069	26	0.7544378698224852	0.7287066246056783	-1
Cas1_0_V	JAKPCO010000080_134	361	317	6e-34	114.3	147942	149024	JAKPCO010000080	134	0.7119113573407202	0.7602523659305994	1
Cas1_1_CAS-I-II-III-IV-V-VI	JAKPCO010000069_26	338	261	2.8000000000000003e-74	246.5	17030	18043	JAKPCO010000069	26	0.7810650887573964	0.9693486590038314	-1
Cas1_1_CAS-I-II-III-IV-V-VI	JAKPCO010000080_134	361	261	1.5e-76	254.0	147942	149024	JAKPCO010000080	134	0.778393351800554	1.0	1
Cas1_2_CAS-I-II-III-IV-V-VI	JAKPCO010000069_26	338	306	9e-07	25.3	17030	18043	JAKPCO010000069	26	0.6301775147928994	0.696078431372549	-1
Cas1_2_CAS-I-II-III-IV-V-VI	JAKPCO010000080_134	361	306	2.2e-05	20.8	147942	149024	JAKPCO010000080	134	0.5318559556786704	0.5555555555555556	1
Cas1_3_CAS-I-II-III-IV-V-VI	JAKPCO010000069_26	338	262	5.6e-11	39.0	17030	18043	JAKPCO010000069	26	0.514792899408284	0.6603053435114504	-1
Cas1_3_CAS-I-II-III-IV-V-VI	JAKPCO010000080_134	361	262	2.6e-14	49.9	147942	149024	JAKPCO010000080	134	0.41274238227146814	0.583969465648855	1
Cas1_4_CAS-I-II-III-IV-V-VI	JAKPCO010000069_26	338	275	1.3e-20	70.5	17030	18043	JAKPCO010000069	26	0.8668639053254438	0.9127272727272727	-1
Cas1_4_CAS-I-II-III-IV-V-VI	JAKPCO010000080_134	361	275	1.1000000000000002e-28	97.0	147942	149024	JAKPCO010000080	134	0.7368421052631579	0.8690909090909091	1
Cas1_5_CAS-I-II-III-IV-V-VI	JAKPCO010000069_26	338	338	1.9999999999999999e-56	188.4	17030	18043	JAKPCO010000069	26	0.9644970414201184	0.9733727810650887	-1
Cas1_5_CAS-I-II-III-IV-V-VI	JAKPCO010000080_134	361	338	1.5e-46	155.9	147942	149024	JAKPCO010000080	134	0.8421052631578947	0.9142011834319527	1
Cas1_6_CAS-I-II-III-IV-V-VI	JAKPCO010000069_26	338	320	1.1e-35	120.2	17030	18043	JAKPCO010000069	26	0.908284023668639	0.928125	-1
Cas1_6_CAS-I-II-III-IV-V-VI	JAKPCO010000080_134	361	320	1.8e-43	145.8	147942	149024	JAKPCO010000080	134	0.8781163434903048	0.9625	1
Cas1_7_CAS-I-II-III-IV-V-VI	JAKPCO010000069_26	338	328	4e-78	259.6	17030	18043	JAKPCO010000069	26	0.9763313609467456	0.9786585365853658	-1
Cas1_7_CAS-I-II-III-IV-V-VI	JAKPCO010000080_134	361	328	2.2e-78	260.4	147942	149024	JAKPCO010000080	134	0.9085872576177285	0.9786585365853658	1
Cas1_8_CAS-I-II-III-IV-V-VI	JAKPCO010000069_26	338	283	3.8999999999999996e-83	275.7	17030	18043	JAKPCO010000069	26	0.849112426035503	0.9893992932862191	-1
Cas1_8_CAS-I-II-III-IV-V-VI	JAKPCO010000080_134	361	283	9.9e-89	294.1	147942	149024	JAKPCO010000080	134	0.7950138504155124	0.9964664310954063	1
Cas2_0_CAS-I-II-III-IV-V-VI	JAKPCO010000069_25	93	90	6.4e-15	52.2	16748	17026	JAKPCO010000069	25	0.7741935483870968	0.8222222222222222	-1
Cas2_0_CAS-I-II-III-IV-V-VI	JAKPCO010000080_135	96	90	2.9e-20	69.4	148990	149277	JAKPCO010000080	135	0.8333333333333334	0.9222222222222223	1
Cas2_0_CAS-III-AM	JAKPCO010000069_25	93	95	0.0031	14.7	16748	17026	JAKPCO010000069	25	0.7311827956989247	0.7052631578947368	-1
Cas2_0_CAS-III-AM	JAKPCO010000080_135	96	95	4.4e-06	23.8	148990	149277	JAKPCO010000080	135	0.9270833333333334	0.9368421052631579	1
Cas2_0_I-II-III	JAKPCO010000069_25	93	96	9.1e-16	54.8	16748	17026	JAKPCO010000069	25	0.9139784946236559	0.9166666666666666	-1
Cas2_0_I-II-III	JAKPCO010000080_135	96	96	2.6e-20	69.3	148990	149277	JAKPCO010000080	135	0.84375	0.8854166666666666	1
Cas2_0_I-II-III-V	JAKPCO010000069_25	93	83	3e-13	46.7	16748	17026	JAKPCO010000069	25	0.8064516129032258	0.927710843373494	-1
Cas2_0_I-II-III-V	JAKPCO010000080_135	96	83	1.5000000000000002e-22	76.6	148990	149277	JAKPCO010000080	135	0.7916666666666666	0.963855421686747	1
Cas2_11_CAS-I-II-III-IV-V-VI	JAKPCO010000069_25	93	71	1.7e-17	60.3	16748	17026	JAKPCO010000069	25	0.7741935483870968	1.0	-1
Cas2_11_CAS-I-II-III-IV-V-VI	JAKPCO010000080_135	96	71	5.9e-22	74.5	148990	149277	JAKPCO010000080	135	0.7395833333333334	1.0	1
Cas2_2_CAS-I-II-III-IV-V-VI	JAKPCO010000069_25	93	79	8.5e-19	64.4	16748	17026	JAKPCO010000069	25	0.8279569892473119	0.9620253164556962	-1
Cas2_2_CAS-I-II-III-IV-V-VI	JAKPCO010000080_135	96	79	6.3e-25	84.1	148990	149277	JAKPCO010000080	135	0.8020833333333334	0.9746835443037974	1
Cas2_4_CAS-I-II-III-IV-V-VI	JAKPCO010000069_25	93	89	9.3e-19	64.4	16748	17026	JAKPCO010000069	25	0.9032258064516129	0.9438202247191011	-1
Cas2_4_CAS-I-II-III-IV-V-VI	JAKPCO010000080_135	96	89	4.5e-21	71.9	148990	149277	JAKPCO010000080	135	0.8229166666666666	0.898876404494382	1
Cas2_6_CAS-I-II-III-IV-V-VI	JAKPCO010000069_25	93	90	4.1e-09	33.6	16748	17026	JAKPCO010000069	25	0.8602150537634409	0.8555555555555555	-1
Cas2_6_CAS-I-II-III-IV-V-VI	JAKPCO010000080_135	96	90	3.6e-05	20.9	148990	149277	JAKPCO010000080	135	0.4270833333333333	0.4444444444444444	1
Cas2_7_CAS-I-II-III-IV-V-VI	JAKPCO010000069_25	93	94	5.7e-15	52.4	16748	17026	JAKPCO010000069	25	0.8494623655913979	0.8404255319148937	-1
Cas2_7_CAS-I-II-III-IV-V-VI	JAKPCO010000080_135	96	94	2.6e-22	75.9	148990	149277	JAKPCO010000080	135	0.8333333333333334	0.8617021276595744	1
Cas3-Cas2_0_CAS-I-F	JAKPCO010000074_9	793	1106	0.00034	15.3	7145	9523	JAKPCO010000074	9	0.1235813366960908	0.08770343580470162	-1
Cas3-Cas2_0_CAS-I-F	JAKPCO010000080_140	805	1106	0.00019	16.2	153397	155811	JAKPCO010000080	140	0.1813664596273292	0.1274864376130199	1
Cas3-Cas2_0_IF	JAKPCO010000074_9	793	1110	0.00031	15.4	7145	9523	JAKPCO010000074	9	0.12484237074401008	0.08828828828828829	-1
Cas3-Cas2_0_IF	JAKPCO010000080_140	805	1110	0.00014	16.5	153397	155811	JAKPCO010000080	140	0.1813664596273292	0.12702702702702703	1
Cas3HD_0_CAS-I	JAKPCO010000074_9	793	203	6.9e-15	52.2	7145	9523	JAKPCO010000074	9	0.31778058007566207	0.7339901477832512	-1
Cas3HD_0_CAS-I	JAKPCO010000080_140	805	203	5.2e-34	114.7	153397	155811	JAKPCO010000080	140	0.27577639751552796	0.9655172413793104	1
Cas3HD_1_CAS-I	JAKPCO010000074_9	793	191	3.9e-06	23.7	7145	9523	JAKPCO010000074	9	0.21059268600252207	0.7696335078534031	-1
Cas3HD_1_CAS-I	JAKPCO010000080_140	805	191	2e-05	21.4	153397	155811	JAKPCO010000080	140	0.10807453416149068	0.3717277486910995	1
Cas3HD_2_CAS-I	JAKPCO010000074_9	793	231	2e-05	21.1	7145	9523	JAKPCO010000074	9	0.0807061790668348	0.26406926406926406	-1
Cas3HD_2_CAS-I	JAKPCO010000080_140	805	231	0.00062	16.2	153397	155811	JAKPCO010000080	140	0.15279503105590062	0.45454545454545453	1
Cas3_0_CAS-I	JAKPCO010000001_52	338	353	7.7e-05	18.7	50735	51748	JAKPCO010000001	52	0.4911242603550296	0.4447592067988669	1
Cas3_0_CAS-I	JAKPCO010000051_4	812	353	0.0012	14.9	1542	3977	JAKPCO010000051	4	0.2536945812807882	0.5750708215297451	1
Cas3_0_CAS-I	JAKPCO010000058_22	933	353	2.4e-17	59.9	23851	26649	JAKPCO010000058	22	0.3290460878885316	0.8781869688385269	1
Cas3_0_CAS-I	JAKPCO010000062_1	1162	353	2.9e-05	20.2	292	3777	JAKPCO010000062	1	0.15060240963855423	0.48158640226628896	-1
Cas3_0_CAS-I	JAKPCO010000073_42	466	353	0.00069	15.6	37003	38400	JAKPCO010000073	42	0.15021459227467812	0.1954674220963173	1
Cas3_0_CAS-I	JAKPCO010000074_9	793	353	1.7e-54	182.1	7145	9523	JAKPCO010000074	9	0.39722572509457754	0.8583569405099151	-1
Cas3_0_CAS-I	JAKPCO010000080_140	805	353	2e-40	135.8	153397	155811	JAKPCO010000080	140	0.4484472049689441	0.9858356940509915	1
Cas3_0_CAS-I	JAKPCO010000089_7	746	353	6.9e-10	35.3	6586	8823	JAKPCO010000089	7	0.25067024128686327	0.5240793201133145	1
Cas3_0_CAS-I	JAKPCO010000101_32	872	353	3.4e-08	29.8	34194	36809	JAKPCO010000101	32	0.3795871559633027	0.8810198300283286	-1
Cas3_0_CAS-I	JAKPCO010000105_2	385	353	7.3e-05	18.8	680	1834	JAKPCO010000105	2	0.16883116883116883	0.1954674220963173	1
Cas3_0_CAS-I-D	JAKPCO010000001_52	338	626	3.8e-06	22.2	50735	51748	JAKPCO010000001	52	0.4467455621301775	0.22843450479233227	1
Cas3_0_CAS-I-D	JAKPCO010000058_22	933	626	2.4e-08	29.4	23851	26649	JAKPCO010000058	22	0.14790996784565916	0.20287539936102236	1
Cas3_0_CAS-I-D	JAKPCO010000074_9	793	626	8.7e-18	60.6	7145	9523	JAKPCO010000074	9	0.23959646910466584	0.28594249201277955	-1
Cas3_0_CAS-I-D	JAKPCO010000080_140	805	626	5.9e-05	18.2	153397	155811	JAKPCO010000080	140	0.21614906832298136	0.43610223642172524	1
Cas3_0_CAS-I-D	JAKPCO010000089_7	746	626	8.3e-05	17.7	6586	8823	JAKPCO010000089	7	0.1876675603217158	0.2124600638977636	1
Cas3_0_CAS-I-U	JAKPCO010000062_1	1162	843	0.00064	14.5	292	3777	JAKPCO010000062	1	0.04819277108433735	0.06168446026097272	-1
Cas3_0_CAS-I-U	JAKPCO010000074_9	793	843	5e-19	64.4	7145	9523	JAKPCO010000074	9	0.3770491803278688	0.3665480427046263	-1
Cas3_0_CAS-I-U	JAKPCO010000080_140	805	843	2.1e-10	35.9	153397	155811	JAKPCO010000080	140	0.2111801242236025	0.19098457888493475	1
Cas3_0_CAS-I-U	JAKPCO010000105_2	385	843	0.0094	10.6	680	1834	JAKPCO010000105	2	0.13246753246753246	0.06168446026097272	1
Cas3_0_I	JAKPCO010000001_52	338	358	0.00021	17.3	50735	51748	JAKPCO010000001	52	0.4881656804733728	0.4441340782122905	1
Cas3_0_I	JAKPCO010000051_4	812	358	0.0012	14.9	1542	3977	JAKPCO010000051	4	0.2512315270935961	0.5754189944134078	1
Cas3_0_I	JAKPCO010000058_22	933	358	2.1e-16	56.7	23851	26649	JAKPCO010000058	22	0.3290460878885316	0.8770949720670391	1
Cas3_0_I	JAKPCO010000062_1	1162	358	4.4e-05	19.5	292	3777	JAKPCO010000062	1	0.14113597246127366	0.45251396648044695	-1
Cas3_0_I	JAKPCO010000073_42	466	358	0.00027	16.9	37003	38400	JAKPCO010000073	42	0.23819742489270387	0.27932960893854747	1
Cas3_0_I	JAKPCO010000074_9	793	358	5.8e-54	180.3	7145	9523	JAKPCO010000074	9	0.3921815889029004	0.8463687150837989	-1
Cas3_0_I	JAKPCO010000080_140	805	358	7.6e-40	133.9	153397	155811	JAKPCO010000080	140	0.4484472049689441	0.9860335195530726	1
Cas3_0_I	JAKPCO010000089_7	746	358	3.4e-10	36.3	6586	8823	JAKPCO010000089	7	0.26005361930294907	0.5391061452513967	1
Cas3_0_I	JAKPCO010000101_32	872	358	1.1e-07	28.0	34194	36809	JAKPCO010000101	32	0.3795871559633027	0.8798882681564246	-1
Cas3_0_I	JAKPCO010000105_2	385	358	0.00015	17.8	680	1834	JAKPCO010000105	2	0.15844155844155844	0.18435754189944134	1
Cas3_0_ID	JAKPCO010000051_4	812	357	0.00046	16.2	1542	3977	JAKPCO010000051	4	0.1724137931034483	0.36694677871148457	1
Cas3_0_ID	JAKPCO010000058_22	933	357	2.3e-06	23.8	23851	26649	JAKPCO010000058	22	0.1639871382636656	0.41456582633053224	1
Cas3_0_ID	JAKPCO010000074_9	793	357	3e-08	29.9	7145	9523	JAKPCO010000074	9	0.2698612862547289	0.6470588235294118	-1
Cas3_0_ID	JAKPCO010000077_31	749	357	0.0088	12.0	33551	35797	JAKPCO010000077	31	0.037383177570093455	0.0784313725490196	-1
Cas3_0_ID	JAKPCO010000080_140	805	357	0.00057	15.9	153397	155811	JAKPCO010000080	140	0.34782608695652173	0.7675070028011205	1
Cas3_0_ID	JAKPCO010000089_7	746	357	0.0003	16.8	6586	8823	JAKPCO010000089	7	0.2949061662198391	0.5770308123249299	1
Cas3_0_ID	JAKPCO010000101_32	872	357	2.3e-05	20.5	34194	36809	JAKPCO010000101	32	0.23279816513761467	0.5714285714285714	-1
Cas3_0_IU	JAKPCO010000074_9	793	864	5.600000000000001e-22	74.3	7145	9523	JAKPCO010000074	9	0.4489281210592686	0.4351851851851852	-1
Cas3_0_IU	JAKPCO010000080_140	805	864	3e-12	42.1	153397	155811	JAKPCO010000080	140	0.21490683229813665	0.19791666666666666	1
Cas3_1_CAS-I	JAKPCO010000001_52	338	745	0.0025	13.0	50735	51748	JAKPCO010000001	52	0.23372781065088757	0.11812080536912752	1
Cas3_1_CAS-I	JAKPCO010000058_22	933	745	1.4e-13	46.9	23851	26649	JAKPCO010000058	22	0.1939978563772776	0.24697986577181208	1
Cas3_1_CAS-I	JAKPCO010000074_9	793	745	3.7000000000000004e-65	217.4	7145	9523	JAKPCO010000074	9	0.4010088272383354	0.45503355704697984	-1
Cas3_1_CAS-I	JAKPCO010000077_31	749	745	0.024	9.7	33551	35797	JAKPCO010000077	31	0.05874499332443257	0.05771812080536913	-1
Cas3_1_CAS-I	JAKPCO010000080_140	805	745	2.6e-53	178.2	153397	155811	JAKPCO010000080	140	0.5652173913043478	0.610738255033557	1
Cas3_1_CAS-I	JAKPCO010000089_7	746	745	0.0009	14.5	6586	8823	JAKPCO010000089	7	0.15281501340482573	0.15302013422818792	1
Cas3_1_CAS-I	JAKPCO010000105_2	385	745	0.00097	14.3	680	1834	JAKPCO010000105	2	0.14285714285714285	0.07651006711409396	1
Cas3_1_CAS-I-D	JAKPCO010000051_4	812	353	0.00013	18.0	1542	3977	JAKPCO010000051	4	0.1724137931034483	0.37677053824362605	1
Cas3_1_CAS-I-D	JAKPCO010000058_22	933	353	1.3e-06	24.5	23851	26649	JAKPCO010000058	22	0.12968917470525188	0.31444759206798867	1
Cas3_1_CAS-I-D	JAKPCO010000074_9	793	353	8.2e-09	31.8	7145	9523	JAKPCO010000074	9	0.2686002522068096	0.6515580736543909	-1
Cas3_1_CAS-I-D	JAKPCO010000075_3	911	353	0.0048	12.8	2033	4765	JAKPCO010000075	3	0.1437980241492865	0.37110481586402266	-1
Cas3_1_CAS-I-D	JAKPCO010000077_31	749	353	0.005	12.7	33551	35797	JAKPCO010000077	31	0.03871829105473965	0.0821529745042493	-1
Cas3_1_CAS-I-D	JAKPCO010000080_140	805	353	0.00038	16.4	153397	155811	JAKPCO010000080	140	0.21614906832298136	0.49008498583569404	1
Cas3_1_CAS-I-D	JAKPCO010000089_7	746	353	2.6e-05	20.3	6586	8823	JAKPCO010000089	7	0.3002680965147453	0.5949008498583569	1
Cas3_1_CAS-I-D	JAKPCO010000101_32	872	353	6.3e-06	22.3	34194	36809	JAKPCO010000101	32	0.3795871559633027	0.9518413597733711	-1
Cas3_1_I	JAKPCO010000074_9	793	178	6.7e-12	42.6	7145	9523	JAKPCO010000074	9	0.3051702395964691	0.6966292134831461	-1
Cas3_1_I	JAKPCO010000080_140	805	178	1.3e-27	93.8	153397	155811	JAKPCO010000080	140	0.32546583850931676	0.9943820224719101	1
Cas3_2_CAS-I	JAKPCO010000051_4	812	967	5e-07	25.0	1542	3977	JAKPCO010000051	4	0.2376847290640394	0.19131334022750776	1
Cas3_2_CAS-I	JAKPCO010000058_22	933	967	8e-07	24.3	23851	26649	JAKPCO010000058	22	0.18863879957127547	0.17476732161323683	1
Cas3_2_CAS-I	JAKPCO010000074_9	793	967	1.4e-07	26.8	7145	9523	JAKPCO010000074	9	0.19041614123581338	0.15305067218200621	-1
Cas3_2_CAS-I	JAKPCO010000089_7	746	967	0.00026	16.0	6586	8823	JAKPCO010000089	7	0.1863270777479893	0.13857290589451912	1
Cas3_2_CAS-I	JAKPCO010000101_32	872	967	0.016	10.0	34194	36809	JAKPCO010000101	32	0.14564220183486237	0.12926577042399173	-1
Cas3d_0_CAS-I-D	JAKPCO010000058_22	933	639	0.00041	15.7	23851	26649	JAKPCO010000058	22	0.10932475884244373	0.15179968701095461	1
Cas3d_0_CAS-I-D	JAKPCO010000074_9	793	639	0.00073	14.8	7145	9523	JAKPCO010000074	9	0.16393442622950818	0.19248826291079812	-1
Cas3d_0_CAS-I-D	JAKPCO010000101_32	872	639	0.0094	11.2	34194	36809	JAKPCO010000101	32	0.11353211009174312	0.13928012519561817	-1
Cas3d_1_CAS-I-D	JAKPCO010000074_9	793	627	0.00069	14.8	7145	9523	JAKPCO010000074	9	0.39344262295081966	0.5055821371610846	-1
Cas4_0_CAS-I-II-III-IV-V-VI	JAKPCO010000003_6	245	179	1.7e-12	44.7	6397	7131	JAKPCO010000003	6	0.4816326530612245	0.6703910614525139	-1
Cas4_0_CAS-I-II-III-IV-V-VI	JAKPCO010000016_4	222	179	1.6e-06	25.2	1900	2565	JAKPCO010000016	4	0.34234234234234234	0.43575418994413406	-1
Cas4_0_CAS-I-II-III-IV-V-VI	JAKPCO010000069_23	321	179	0.0033	14.5	15198	16160	JAKPCO010000069	23	0.411214953271028	0.7262569832402235	-1
Cas4_0_CAS-I-II-III-IV-V-VI	JAKPCO010000069_24	195	179	5.1e-38	127.9	16151	16735	JAKPCO010000069	24	0.9794871794871794	1.0	-1
Cas4_0_CAS-I-II-III-IV-V-VI	JAKPCO010000080_136	192	179	2.0999999999999999e-41	138.9	149314	149889	JAKPCO010000080	136	0.9791666666666666	0.994413407821229	1
Cas4_0_CAS-I-II-III-IV-V-VI	JAKPCO010000097_3	88	179	7.6e-05	19.8	2218	2481	JAKPCO010000097	3	0.5454545454545454	0.26256983240223464	1
Cas4_0_CAS-I-II-III-IV-V-VI	JAKPCO010000097_4	173	179	8.9e-27	91.3	2474	2992	JAKPCO010000097	4	0.6820809248554913	0.6703910614525139	1
Cas4_0_I-II	JAKPCO010000003_6	245	180	3.3e-15	53.2	6397	7131	JAKPCO010000003	6	0.6408163265306123	0.7944444444444444	-1
Cas4_0_I-II	JAKPCO010000016_4	222	180	1.9e-06	24.6	1900	2565	JAKPCO010000016	4	0.2972972972972973	0.35555555555555557	-1
Cas4_0_I-II	JAKPCO010000069_24	195	180	2.0999999999999999e-41	138.5	16151	16735	JAKPCO010000069	24	0.9794871794871794	0.9944444444444445	-1
Cas4_0_I-II	JAKPCO010000080_136	192	180	2.0999999999999999e-41	138.5	149314	149889	JAKPCO010000080	136	0.9791666666666666	0.9888888888888889	1
Cas4_0_I-II	JAKPCO010000097_3	88	180	3.4e-05	20.5	2218	2481	JAKPCO010000097	3	0.5681818181818182	0.26666666666666666	1
Cas4_0_I-II	JAKPCO010000097_4	173	180	3.9e-25	85.5	2474	2992	JAKPCO010000097	4	0.6820809248554913	0.6611111111111111	1
Cas4_0_I-II-V	JAKPCO010000003_6	245	177	1.4e-10	38.3	6397	7131	JAKPCO010000003	6	0.5020408163265306	0.7005649717514124	-1
Cas4_0_I-II-V	JAKPCO010000016_4	222	177	2e-05	21.5	1900	2565	JAKPCO010000016	4	0.2747747747747748	0.3502824858757062	-1
Cas4_0_I-II-V	JAKPCO010000069_24	195	177	2.8e-32	109.0	16151	16735	JAKPCO010000069	24	0.9743589743589743	0.9943502824858758	-1
Cas4_0_I-II-V	JAKPCO010000080_136	192	177	2.6e-38	128.6	149314	149889	JAKPCO010000080	136	0.9791666666666666	0.9943502824858758	1
Cas4_0_I-II-V	JAKPCO010000097_3	88	177	0.0035	14.2	2218	2481	JAKPCO010000097	3	0.5227272727272727	0.2542372881355932	1
Cas4_0_I-II-V	JAKPCO010000097_4	173	177	5.5e-23	78.7	2474	2992	JAKPCO010000097	4	0.6878612716763006	0.672316384180791	1
Cas4_0_IA	JAKPCO010000003_6	245	273	0.0002	17.9	6397	7131	JAKPCO010000003	6	0.32653061224489793	0.315018315018315	-1
Cas4_0_IA	JAKPCO010000069_23	321	273	6.5e-53	176.9	15198	16160	JAKPCO010000069	23	0.9034267912772586	0.9706959706959707	-1
Cas4_0_IA	JAKPCO010000080_136	192	273	0.0041	13.6	149314	149889	JAKPCO010000080	136	0.7291666666666666	0.5164835164835165	1
Cas4_0_IA	JAKPCO010000097_4	173	273	5.8e-05	19.7	2474	2992	JAKPCO010000097	4	0.4913294797687861	0.32967032967032966	1
Cas4_0_V	JAKPCO010000069_24	195	178	6.7e-08	29.5	16151	16735	JAKPCO010000069	24	0.9794871794871794	0.9887640449438202	-1
Cas4_0_V	JAKPCO010000080_136	192	178	4.1e-06	23.7	149314	149889	JAKPCO010000080	136	0.984375	0.9887640449438202	1
Cas4_0_V	JAKPCO010000097_4	173	178	0.00038	17.3	2474	2992	JAKPCO010000097	4	0.6878612716763006	0.651685393258427	1
Cas4_1_CAS-I-II-III-IV-V-VI	JAKPCO010000003_6	245	270	0.00033	17.1	6397	7131	JAKPCO010000003	6	0.32653061224489793	0.32222222222222224	-1
Cas4_1_CAS-I-II-III-IV-V-VI	JAKPCO010000069_23	321	270	2.6e-59	197.8	15198	16160	JAKPCO010000069	23	0.9190031152647975	0.9888888888888889	-1
Cas4_1_CAS-I-II-III-IV-V-VI	JAKPCO010000097_4	173	270	0.00065	16.1	2474	2992	JAKPCO010000097	4	0.47398843930635837	0.32592592592592595	1
Cas4_3_CAS-I-II-III-IV-V-VI	JAKPCO010000003_6	245	197	4.7e-12	43.2	6397	7131	JAKPCO010000003	6	0.5510204081632653	0.6091370558375635	-1
Cas4_3_CAS-I-II-III-IV-V-VI	JAKPCO010000069_24	195	197	5.2e-31	105.0	16151	16735	JAKPCO010000069	24	0.9846153846153847	0.9137055837563451	-1
Cas4_3_CAS-I-II-III-IV-V-VI	JAKPCO010000080_136	192	197	4.3e-18	62.9	149314	149889	JAKPCO010000080	136	0.9895833333333334	0.9137055837563451	1
Cas4_3_CAS-I-II-III-IV-V-VI	JAKPCO010000097_3	88	197	0.002	15.0	2218	2481	JAKPCO010000097	3	0.8977272727272727	0.4365482233502538	1
Cas4_3_CAS-I-II-III-IV-V-VI	JAKPCO010000097_4	173	197	9.2e-20	68.3	2474	2992	JAKPCO010000097	4	0.6763005780346821	0.5939086294416244	1
Cas4_4_CAS-I-II-III-IV-V-VI	JAKPCO010000003_6	245	284	0.00023	17.6	6397	7131	JAKPCO010000003	6	0.5387755102040817	0.4964788732394366	-1
Cas4_4_CAS-I-II-III-IV-V-VI	JAKPCO010000069_23	321	284	2e-59	198.2	15198	16160	JAKPCO010000069	23	0.9439252336448598	0.9823943661971831	-1
Cas4_4_CAS-I-II-III-IV-V-VI	JAKPCO010000097_4	173	284	0.0026	14.1	2474	2992	JAKPCO010000097	4	0.4913294797687861	0.3204225352112676	1
Cas4_5_CAS-I-II-III-IV-V-VI	JAKPCO010000003_6	245	161	2e-08	31.4	6397	7131	JAKPCO010000003	6	0.40408163265306124	0.6149068322981367	-1
Cas4_5_CAS-I-II-III-IV-V-VI	JAKPCO010000069_24	195	161	7.1e-24	81.6	16151	16735	JAKPCO010000069	24	0.9641025641025641	0.9813664596273292	-1
Cas4_5_CAS-I-II-III-IV-V-VI	JAKPCO010000080_136	192	161	2.2e-16	57.2	149314	149889	JAKPCO010000080	136	0.96875	0.9813664596273292	1
Cas4_5_CAS-I-II-III-IV-V-VI	JAKPCO010000097_4	173	161	3.8e-15	53.2	2474	2992	JAKPCO010000097	4	0.630057803468208	0.6583850931677019	1
Cas4_6_CAS-I-II-III-IV-V-VI	JAKPCO010000003_6	245	292	4.8e-05	19.7	6397	7131	JAKPCO010000003	6	0.563265306122449	0.4726027397260274	-1
Cas4_6_CAS-I-II-III-IV-V-VI	JAKPCO010000069_23	321	292	1.7e-62	208.3	15198	16160	JAKPCO010000069	23	0.9470404984423676	0.976027397260274	-1
Cas4_6_CAS-I-II-III-IV-V-VI	JAKPCO010000097_4	173	292	0.0005	16.4	2474	2992	JAKPCO010000097	4	0.4797687861271676	0.3013698630136986	1
Cas5_0_CAS-I	JAKPCO010000080_139	234	201	1.3e-14	51.2	152721	153422	JAKPCO010000080	139	0.7863247863247863	0.9502487562189055	1
Cas5_0_CAS-I-C	JAKPCO010000080_139	234	198	0.00061	16.5	152721	153422	JAKPCO010000080	139	0.44017094017094016	0.5050505050505051	1
Cas5_0_I	JAKPCO010000080_139	234	43	5.9e-12	42.0	152721	153422	JAKPCO010000080	139	0.1794871794871795	0.9767441860465116	1
Cas5_0_IC	JAKPCO010000080_139	234	203	0.0021	15.0	152721	153422	JAKPCO010000080	139	0.452991452991453	0.4630541871921182	1
Cas5_10_CAS-I-B	JAKPCO010000080_139	234	238	2.4e-23	79.6	152721	153422	JAKPCO010000080	139	0.905982905982906	0.9117647058823529	1
Cas5_1_CAS-I	JAKPCO010000080_139	234	241	0.0031	14.0	152721	153422	JAKPCO010000080	139	0.20085470085470086	0.1908713692946058	1
Cas5_1_CAS-I-C	JAKPCO010000080_139	234	198	0.00062	16.5	152721	153422	JAKPCO010000080	139	0.44017094017094016	0.5050505050505051	1
Cas5_1_IB	JAKPCO010000080_139	234	241	3.3e-44	148.2	152721	153422	JAKPCO010000080	139	0.8675213675213675	0.8506224066390041	1
Cas5_2_CAS-I	JAKPCO010000080_139	234	213	6.3e-09	32.9	152721	153422	JAKPCO010000080	139	0.29914529914529914	0.323943661971831	1
Cas5_2_CAS-I-A	JAKPCO010000074_6	230	233	3.7000000000000005e-71	236.2	3739	4428	JAKPCO010000074	6	0.9956521739130435	0.9871244635193133	-1
Cas5_2_CAS-I-B	JAKPCO010000080_139	234	194	0.00015	18.7	152721	153422	JAKPCO010000080	139	0.5213675213675214	0.6597938144329897	1
Cas5_3_CAS-I-B	JAKPCO010000009_57	149	174	0.008	12.9	65380	65826	JAKPCO010000009	57	0.35570469798657717	0.28735632183908044	1
Cas5_4_CAS-I-B	JAKPCO010000080_139	234	190	3.1e-35	118.3	152721	153422	JAKPCO010000080	139	0.7051282051282052	0.9	1
Cas5_7_CAS-I-B	JAKPCO010000080_139	234	239	4.7e-45	150.9	152721	153422	JAKPCO010000080	139	0.9871794871794872	0.9874476987447699	1
Cas6_0_CAS-I-II-III-IV-V-VI	JAKPCO010000074_5	325	194	3.5e-05	21.2	2596	3570	JAKPCO010000074	5	0.7169230769230769	0.9948453608247423	1
Cas6_0_CAS-III-D	JAKPCO010000073_62	182	268	0.0011	15.1	61801	62346	JAKPCO010000073	62	0.6098901098901099	0.4291044776119403	-1
Cas6_0_I-III	JAKPCO010000074_5	325	200	5.6e-05	20.5	2596	3570	JAKPCO010000074	5	0.47384615384615386	0.715	1
Cas6_10_CAS-I-II-III-IV-V-VI	JAKPCO010000074_5	325	322	3.4e-70	233.6	2596	3570	JAKPCO010000074	5	0.9815384615384616	0.968944099378882	1
Cas6_11_CAS-I-II-III-IV-V-VI	JAKPCO010000074_5	325	316	6.5e-44	147.3	2596	3570	JAKPCO010000074	5	0.9784615384615385	0.9620253164556962	1
Cas6_15_CAS-I-II-III-IV-V-VI	JAKPCO010000007_6	125	112	0.011	13.2	2707	3081	JAKPCO010000007	6	0.304	0.3392857142857143	-1
Cas6_15_CAS-I-II-III-IV-V-VI	JAKPCO010000074_5	325	112	7.9e-17	58.7	2596	3570	JAKPCO010000074	5	0.38461538461538464	1.0	1
Cas6_4_CAS-I-II-III-IV-V-VI	JAKPCO010000074_5	325	289	1.9e-08	31.0	2596	3570	JAKPCO010000074	5	0.96	0.9584775086505191	1
Cas6_5_CAS-I-II-III-IV-V-VI	JAKPCO010000080_141	281	219	1.2e-78	260.5	155818	156660	JAKPCO010000080	141	0.7722419928825622	0.9863013698630136	1
Cas7_0_CAS-I	JAKPCO010000074_7	337	230	2.7e-26	89.1	4398	5408	JAKPCO010000074	7	0.7181008902077152	0.9782608695652174	-1
Cas7_0_CAS-I-C	JAKPCO010000080_138	322	268	4.3e-64	213.4	151746	152711	JAKPCO010000080	138	0.8819875776397516	0.9813432835820896	1
Cas7_0_I	JAKPCO010000074_7	337	240	1.8e-26	89.5	4398	5408	JAKPCO010000074	7	0.7477744807121661	0.9916666666666667	-1
Cas7_0_IA	JAKPCO010000074_7	337	284	2.8e-36	122.0	4398	5408	JAKPCO010000074	7	0.8130563798219584	0.9788732394366197	-1
Cas7_0_IC	JAKPCO010000080_138	322	284	6.6e-31	104.5	151746	152711	JAKPCO010000080	138	0.6273291925465838	0.7253521126760564	1
Cas7_1_CAS-I	JAKPCO010000074_7	337	274	1.3e-35	119.8	4398	5408	JAKPCO010000074	7	0.798219584569733	0.9781021897810219	-1
Cas7_1_CAS-I-B	JAKPCO010000080_138	322	286	1.6000000000000001e-80	267.3	151746	152711	JAKPCO010000080	138	0.9006211180124224	0.993006993006993	1
Cas7_1_CAS-I-C	JAKPCO010000080_138	322	278	5.1000000000000004e-30	101.5	151746	152711	JAKPCO010000080	138	0.6304347826086957	0.7266187050359713	1
Cas7_2_CAS-I	JAKPCO010000074_7	337	338	3.2e-35	118.8	4398	5408	JAKPCO010000074	7	0.8635014836795252	0.8846153846153846	-1
Cas7_2_CAS-I-C	JAKPCO010000080_138	322	283	4.1000000000000005e-59	197.1	151746	152711	JAKPCO010000080	138	0.9316770186335404	0.9964664310954063	1
Cas7_2_IB	JAKPCO010000080_138	322	286	9.099999999999999e-82	271.5	151746	152711	JAKPCO010000080	138	0.9006211180124224	0.993006993006993	1
Cas7_3_CAS-I	JAKPCO010000074_7	337	265	2.9e-63	210.2	4398	5408	JAKPCO010000074	7	0.7863501483679525	0.9849056603773585	-1
Cas7_3_IB	JAKPCO010000080_138	322	268	6.1e-64	212.9	151746	152711	JAKPCO010000080	138	0.8726708074534162	0.9626865671641791	1
Cas7b_0_CAS-I-B-I-C	JAKPCO010000080_138	322	254	7.2000000000000005e-65	215.9	151746	152711	JAKPCO010000080	138	0.8167701863354038	0.9921259842519685	1
Cas8a1_1_IB	JAKPCO010000080_137	619	571	4e-92	306.2	149893	151749	JAKPCO010000080	137	0.9644588045234249	0.9964973730297724	1
Cas8a4_0_CAS-I-A	JAKPCO010000074_8	579	555	3.3e-68	227.2	5405	7141	JAKPCO010000074	8	0.8290155440414507	0.8558558558558559	-1
Cas8b1_13_CAS-I-B	JAKPCO010000080_137	619	580	2e-157	522.2	149893	151749	JAKPCO010000080	137	0.962843295638126	0.996551724137931	1
Cas8b1_1_CAS-I-B	JAKPCO010000080_137	619	563	2.9e-87	290.4	149893	151749	JAKPCO010000080	137	0.9644588045234249	0.9964476021314387	1
Cas8b1_2_CAS-I-B	JAKPCO010000080_137	619	385	1.8e-57	192.1	149893	151749	JAKPCO010000080	137	0.6639741518578353	0.9818181818181818	1
Cas8b1_3_CAS-I-B	JAKPCO010000080_137	619	594	6e-176	583.4	149893	151749	JAKPCO010000080	137	0.9644588045234249	1.0	1
Cas8b1_9_CAS-I-B	JAKPCO010000080_137	619	144	0.00078	16.2	149893	151749	JAKPCO010000080	137	0.16478190630048464	0.7361111111111112	1
Cas8b2_1_CAS-I-B	JAKPCO010000042_73	93	334	0.027	10.6	63820	64098	JAKPCO010000042	73	0.3978494623655914	0.11077844311377245	1
Cas8b_0_IB	JAKPCO010000080_137	619	395	4.7e-61	204.0	149893	151749	JAKPCO010000080	137	0.6187399030694669	0.9822784810126582	1
Cas8e_0_CAS-I-E	JAKPCO010000075_1	249	470	0.028	10.3	145	891	JAKPCO010000075	1	0.5020080321285141	0.26382978723404255	-1
Cas9_0_II-C2	JAKPCO010000012_3	322	967	0.0032	12.4	1354	2319	JAKPCO010000012	3	0.17080745341614906	0.05480868665977249	1
Cas9_0_II-D	JAKPCO010000012_3	322	853	3.7e-05	19.1	1354	2319	JAKPCO010000012	3	0.2919254658385093	0.11840562719812427	1
CasR_0_CAS-I-II-III-IV-V-VI	JAKPCO010000009_53	106	198	6.7e-07	25.9	60610	60927	JAKPCO010000009	53	0.5660377358490566	0.29797979797979796	-1
CasR_0_CAS-I-II-III-IV-V-VI	JAKPCO010000050_2	108	198	6e-05	19.6	550	873	JAKPCO010000050	2	0.4537037037037037	0.25252525252525254	1
CasR_0_CAS-I-II-III-IV-V-VI	JAKPCO010000051_3	265	198	0.00042	16.8	751	1545	JAKPCO010000051	3	0.2037735849056604	0.2727272727272727	1
CasR_0_CAS-I-II-III-IV-V-VI	JAKPCO010000067_77	150	198	0.0015	15.0	62782	63231	JAKPCO010000067	77	0.3333333333333333	0.23737373737373738	-1
CasR_0_CAS-I-II-III-IV-V-VI	JAKPCO010000069_12	150	198	0.0056	13.1	9039	9488	JAKPCO010000069	12	0.3	0.21212121212121213	1
CasR_0_CAS-I-II-III-IV-V-VI	JAKPCO010000077_106	126	198	0.0016	14.9	117359	117736	JAKPCO010000077	106	0.3492063492063492	0.21717171717171718	1
CasR_0_CAS-I-II-III-IV-V-VI	JAKPCO010000080_13	160	198	0.0013	15.2	9807	10286	JAKPCO010000080	13	0.26875	0.21717171717171718	-1
CasR_0_CAS-I-II-III-IV-V-VI	JAKPCO010000085_32	81	198	0.0068	12.8	38215	38457	JAKPCO010000085	32	0.5802469135802469	0.23737373737373738	-1
CasR_0_CAS-I-II-III-IV-V-VI	JAKPCO010000106_15	205	198	2.5e-07	27.3	19511	20125	JAKPCO010000106	15	0.4926829268292683	0.35353535353535354	-1
CasR_0_CAS-I-II-III-IV-V-VI	JAKPCO010000106_38	130	198	5.4e-07	26.2	41204	41593	JAKPCO010000106	38	0.5153846153846153	0.3383838383838384	1
CasR_0_CAS-I-II-III-IV-V-VI	JAKPCO010000108_10	106	198	9.9e-05	18.9	7492	7809	JAKPCO010000108	10	0.5566037735849056	0.30303030303030304	1
CasR_0_CAS-I-II-III-IV-V-VI	JAKPCO010000108_50	352	198	0.0046	13.4	49168	50223	JAKPCO010000108	50	0.1875	0.32323232323232326	-1
CasR_0_CAS-III-B	JAKPCO010000106_32	635	480	0.001	14.6	33182	35086	JAKPCO010000106	32	0.09291338582677165	0.11458333333333333	1
CasR_0_CAS-III-B-III-D	JAKPCO010000017_15	116	255	2.0	4.7	20233	20580	JAKPCO010000017	15	0.9310344827586207	0.34509803921568627	-1
CasR_0_CAS-III-B-III-D	JAKPCO010000036_5	152	255	0.018	11.3	3016	3471	JAKPCO010000036	5	0.28289473684210525	0.17647058823529413	-1
CasR_0_CAS-III-B-III-D	JAKPCO010000094_9	405	255	6.4e-10	35.8	7960	9174	JAKPCO010000094	9	0.2617283950617284	0.43137254901960786	1
CasR_0_CAS-III-B-III-D	JAKPCO010000097_24	273	255	0.26	7.6	30992	31810	JAKPCO010000097	24	0.2564102564102564	0.26666666666666666	1
CasR_1_CAS-I-II-III-IV-V-VI	JAKPCO010000009_40	289	218	0.011	11.7	49256	50122	JAKPCO010000009	40	0.15916955017301038	0.21100917431192662	1
CasR_1_CAS-I-II-III-IV-V-VI	JAKPCO010000009_53	106	218	9.2e-06	21.8	60610	60927	JAKPCO010000009	53	0.49056603773584906	0.24311926605504589	-1
CasR_1_CAS-I-II-III-IV-V-VI	JAKPCO010000050_2	108	218	0.00012	18.1	550	873	JAKPCO010000050	2	0.4537037037037037	0.22935779816513763	1
CasR_1_CAS-I-II-III-IV-V-VI	JAKPCO010000051_3	265	218	0.00028	16.9	751	1545	JAKPCO010000051	3	0.2188679245283019	0.2706422018348624	1
CasR_1_CAS-I-II-III-IV-V-VI	JAKPCO010000067_77	150	218	0.0014	14.7	62782	63231	JAKPCO010000067	77	0.32666666666666666	0.21100917431192662	-1
CasR_1_CAS-I-II-III-IV-V-VI	JAKPCO010000080_13	160	218	0.0014	14.6	9807	10286	JAKPCO010000080	13	0.26875	0.19724770642201836	-1
CasR_1_CAS-I-II-III-IV-V-VI	JAKPCO010000085_32	81	218	0.0078	12.2	38215	38457	JAKPCO010000085	32	0.5555555555555556	0.20642201834862386	-1
CasR_1_CAS-I-II-III-IV-V-VI	JAKPCO010000094_9	405	218	0.0022	14.0	7960	9174	JAKPCO010000094	9	0.30864197530864196	0.5688073394495413	1
CasR_1_CAS-I-II-III-IV-V-VI	JAKPCO010000106_15	205	218	1.3e-07	27.8	19511	20125	JAKPCO010000106	15	0.6146341463414634	0.38990825688073394	-1
CasR_1_CAS-I-II-III-IV-V-VI	JAKPCO010000106_38	130	218	3.3e-07	26.5	41204	41593	JAKPCO010000106	38	0.43846153846153846	0.26605504587155965	1
CasR_1_CAS-I-II-III-IV-V-VI	JAKPCO010000108_10	106	218	0.00016	17.8	7492	7809	JAKPCO010000108	10	0.5377358490566038	0.26605504587155965	1
Cmr1_0_IIIB	JAKPCO010000094_2	102	387	9.6e-16	54.8	1454	1759	JAKPCO010000094	2	0.6274509803921569	0.1731266149870801	1
Cmr1_0_IIIB	JAKPCO010000094_3	307	387	4.1e-09	33.0	1832	2752	JAKPCO010000094	3	0.28664495114006516	0.24031007751937986	1
Cmr1_0_IIIC	JAKPCO010000001_1	124	348	5.4e-12	42.4	1	372	JAKPCO010000001	1	0.47580645161290325	0.16954022988505746	-1
Cmr1_0_IIIC	JAKPCO010000094_2	102	348	1.9e-06	24.2	1454	1759	JAKPCO010000094	2	0.4019607843137255	0.1206896551724138	1
Cmr1gr7_0_CAS-III-B-III-C	JAKPCO010000001_1	124	173	7e-21	71.9	1	372	JAKPCO010000001	1	0.7661290322580645	0.48554913294797686	-1
Cmr1gr7_0_CAS-III-B-III-C	JAKPCO010000094_2	102	173	8.3e-20	68.4	1454	1759	JAKPCO010000094	2	0.6078431372549019	0.3988439306358382	1
Cmr1gr7_0_CAS-III-B-III-C	JAKPCO010000094_3	307	173	0.0091	13.0	1832	2752	JAKPCO010000094	3	0.09446254071661238	0.1676300578034682	1
Cmr1gr7_2_CAS-III-B-III-C	JAKPCO010000094_2	102	393	5e-19	65.4	1454	1759	JAKPCO010000094	2	0.7156862745098039	0.19338422391857507	1
Cmr1gr7_2_CAS-III-B-III-C	JAKPCO010000094_3	307	393	2e-12	43.6	1832	2752	JAKPCO010000094	3	0.36807817589576547	0.32061068702290074	1
Cmr1gr7_4_CAS-III-B-III-C	JAKPCO010000001_1	124	343	1.4e-09	34.4	1	372	JAKPCO010000001	1	0.3467741935483871	0.12536443148688048	-1
Cmr1gr7_5_CAS-III-B-III-C	JAKPCO010000094_3	307	340	5.1e-05	19.7	1832	2752	JAKPCO010000094	3	0.6156351791530945	0.5647058823529412	1
Cmr1gr7_7_CAS-III-B-III-C	JAKPCO010000001_1	124	346	3e-14	50.0	1	372	JAKPCO010000001	1	0.5483870967741935	0.19653179190751446	-1
Cmr1gr7_7_CAS-III-B-III-C	JAKPCO010000094_2	102	346	5.2e-06	22.9	1454	1759	JAKPCO010000094	2	0.38235294117647056	0.11271676300578035	1
Cmr3_0_IIIB	JAKPCO010000094_5	359	346	7.9e-27	91.0	4649	5725	JAKPCO010000094	5	0.9860724233983287	0.9971098265895953	1
Cmr3_0_IIIC	JAKPCO010000074_10	286	287	2.7e-78	260.0	9628	10485	JAKPCO010000074	10	0.9895104895104895	0.9930313588850174	-1
Cmr3_1_IIIB	JAKPCO010000094_5	359	357	9.9e-94	311.5	4649	5725	JAKPCO010000094	5	0.9777158774373259	1.0	1
Cmr3gr5_3_CAS-III-B-III-C	JAKPCO010000094_5	359	329	3.7000000000000005e-22	75.9	4649	5725	JAKPCO010000094	5	0.9526462395543176	0.9908814589665653	1
Cmr3gr5_4_CAS-III-B-III-C	JAKPCO010000074_12	316	358	0.0054	13.0	10855	11802	JAKPCO010000074	12	0.15822784810126583	0.14804469273743018	-1
Cmr3gr5_4_CAS-III-B-III-C	JAKPCO010000094_5	359	358	2.9e-93	309.9	4649	5725	JAKPCO010000094	5	0.9777158774373259	1.0	1
Cmr3gr5_5_CAS-III-B-III-C	JAKPCO010000094_5	359	335	1.8e-18	63.4	4649	5725	JAKPCO010000094	5	0.9693593314763231	0.9701492537313433	1
Cmr3gr5_6_CAS-III-B-III-C	JAKPCO010000074_10	286	285	1.2e-79	264.4	9628	10485	JAKPCO010000074	10	0.9895104895104895	0.9964912280701754	-1
Cmr3gr5_7_CAS-III-B-III-C	JAKPCO010000074_12	316	364	0.01	12.1	10855	11802	JAKPCO010000074	12	0.16139240506329114	0.1401098901098901	-1
Cmr3gr5_7_CAS-III-B-III-C	JAKPCO010000094_5	359	364	1.1e-88	295.0	4649	5725	JAKPCO010000094	5	0.9860724233983287	0.9972527472527473	1
Cmr4_0_IIIB	JAKPCO010000074_12	316	283	3.2e-35	119.1	10855	11802	JAKPCO010000074	12	0.7784810126582279	0.7703180212014135	-1
Cmr4_0_IIIB	JAKPCO010000094_6	268	283	1.4e-51	172.8	5737	6540	JAKPCO010000094	6	0.9291044776119403	0.9823321554770318	1
Cmr4_0_IIIB	JAKPCO010000094_8	341	283	1.4e-06	25.1	6941	7963	JAKPCO010000094	8	0.3284457478005865	0.4452296819787986	1
Cmr4_1_IIIB	JAKPCO010000074_12	316	281	1.7e-33	113.2	10855	11802	JAKPCO010000074	12	0.7784810126582279	0.7722419928825622	-1
Cmr4_1_IIIB	JAKPCO010000094_6	268	281	9.6e-49	163.3	5737	6540	JAKPCO010000094	6	0.9291044776119403	0.9822064056939501	1
Cmr4_1_IIIB	JAKPCO010000094_8	341	281	1.5e-05	21.6	6941	7963	JAKPCO010000094	8	0.2697947214076246	0.3665480427046263	1
Cmr4gr7_0_CAS-III-B-III-C	JAKPCO010000074_12	316	282	5.3000000000000005e-34	114.9	10855	11802	JAKPCO010000074	12	0.7753164556962026	0.7588652482269503	-1
Cmr4gr7_0_CAS-III-B-III-C	JAKPCO010000094_6	268	282	2.2e-50	168.7	5737	6540	JAKPCO010000094	6	0.9291044776119403	0.9822695035460993	1
Cmr4gr7_0_CAS-III-B-III-C	JAKPCO010000094_8	341	282	9e-07	25.6	6941	7963	JAKPCO010000094	8	0.2316715542521994	0.3049645390070922	1
Cmr4gr7_1_CAS-III-B-III-C	JAKPCO010000074_12	316	309	2.9e-51	171.6	10855	11802	JAKPCO010000074	12	0.8765822784810127	0.8284789644012945	-1
Cmr4gr7_1_CAS-III-B-III-C	JAKPCO010000094_6	268	309	3.6e-48	161.4	5737	6540	JAKPCO010000094	6	0.9589552238805971	0.9805825242718447	1
Cmr4gr7_1_CAS-III-B-III-C	JAKPCO010000094_8	341	309	0.00013	18.3	6941	7963	JAKPCO010000094	8	0.16129032258064516	0.2168284789644013	1
Cmr5_0_IIIB	JAKPCO010000094_7	134	143	4.9e-19	65.9	6537	6938	JAKPCO010000094	7	0.9402985074626866	0.986013986013986	1
Cmr5_0_IIIC	JAKPCO010000074_11	126	129	2.0000000000000002e-39	131.7	10497	10874	JAKPCO010000074	11	0.9603174603174603	0.937984496124031	-1
Cmr5_1_IIIC	JAKPCO010000074_11	126	178	2.7e-14	50.2	10497	10874	JAKPCO010000074	11	0.4523809523809524	0.3202247191011236	-1
Cmr5gr11_0_CAS-III-C	JAKPCO010000074_11	126	127	3e-39	131.1	10497	10874	JAKPCO010000074	11	0.9603174603174603	0.937007874015748	-1
Cmr5gr11_12_CAS-III-B	JAKPCO010000094_7	134	141	0.00019	18.1	6537	6938	JAKPCO010000094	7	0.7089552238805971	0.6595744680851063	1
Cmr5gr11_14_CAS-III-B	JAKPCO010000094_7	134	118	6.6e-33	110.4	6537	6938	JAKPCO010000094	7	0.9029850746268657	1.0	1
Cmr5gr11_1_CAS-III-C	JAKPCO010000074_11	126	180	1.2e-16	57.9	10497	10874	JAKPCO010000074	11	0.49206349206349204	0.34444444444444444	-1
Cmr5gr11_2_CAS-III-B	JAKPCO010000094_7	134	138	4.7e-20	69.0	6537	6938	JAKPCO010000094	7	0.9104477611940298	0.9927536231884058	1
Cmr5gr11_3_CAS-III-B	JAKPCO010000094_7	134	119	2.6000000000000003e-33	111.8	6537	6938	JAKPCO010000094	7	0.9029850746268657	1.0	1
Cmr5gr11_7_CAS-III-B	JAKPCO010000094_7	134	134	1.4e-16	57.7	6537	6938	JAKPCO010000094	7	0.9402985074626866	0.9776119402985075	1
Cmr6_0_IIIB	JAKPCO010000094_6	268	213	0.00064	16.4	5737	6540	JAKPCO010000094	6	0.1828358208955224	0.3051643192488263	1
Cmr6_0_IIIB	JAKPCO010000094_8	341	213	9.9e-47	156.3	6941	7963	JAKPCO010000094	8	0.5630498533724341	0.9483568075117371	1
Cmr6_0_IIIC	JAKPCO010000094_6	268	252	9.5e-06	22.3	5737	6540	JAKPCO010000094	6	0.11567164179104478	0.12301587301587301	1
Cmr6_0_IIIC	JAKPCO010000094_8	341	252	2e-09	34.3	6941	7963	JAKPCO010000094	8	0.21407624633431085	0.2896825396825397	1
Cmr6_1_IIIB	JAKPCO010000094_6	268	264	0.0037	13.7	5737	6540	JAKPCO010000094	6	0.17164179104477612	0.23484848484848486	1
Cmr6_1_IIIB	JAKPCO010000094_8	341	264	1.3e-42	143.1	6941	7963	JAKPCO010000094	8	0.6451612903225806	0.8484848484848485	1
Cmr6gr7_0_CAS-III-B-III-C	JAKPCO010000094_8	341	544	4e-06	22.8	6941	7963	JAKPCO010000094	8	0.17888563049853373	0.11213235294117647	1
Cmr6gr7_1_CAS-III-B-III-C	JAKPCO010000074_12	316	218	0.015	11.7	10855	11802	JAKPCO010000074	12	0.12974683544303797	0.17889908256880735	-1
Cmr6gr7_1_CAS-III-B-III-C	JAKPCO010000094_6	268	218	0.00017	18.2	5737	6540	JAKPCO010000094	6	0.13059701492537312	0.16055045871559634	1
Cmr6gr7_1_CAS-III-B-III-C	JAKPCO010000094_8	341	218	1.9e-46	155.3	6941	7963	JAKPCO010000094	8	0.5571847507331378	0.9403669724770642	1
Cmr6gr7_2_CAS-III-B-III-C	JAKPCO010000094_6	268	262	5.4e-05	19.7	5737	6540	JAKPCO010000094	6	0.23134328358208955	0.2824427480916031	1
Cmr6gr7_2_CAS-III-B-III-C	JAKPCO010000094_8	341	262	2.8e-46	155.1	6941	7963	JAKPCO010000094	8	0.6920821114369502	0.9083969465648855	1
Cmr6gr7_3_CAS-III-B-III-C	JAKPCO010000094_6	268	250	9.4e-06	22.3	5737	6540	JAKPCO010000094	6	0.19402985074626866	0.156	1
Cmr6gr7_3_CAS-III-B-III-C	JAKPCO010000094_8	341	250	2.4e-08	30.7	6941	7963	JAKPCO010000094	8	0.19941348973607037	0.272	1
CorA_0_CAS-III-B-III-D	JAKPCO010000003_31	356	551	3.6e-05	19.5	26992	28059	JAKPCO010000003	31	0.23595505617977527	0.1560798548094374	-1
CorA_1_CAS-III-B	JAKPCO010000075_1	249	125	0.14	8.9	145	891	JAKPCO010000075	1	0.6586345381526104	0.544	-1
Csa3_1_CAS-I-II-III-IV-V-VI	JAKPCO010000001_36	133	118	1.1e-05	22.6	31787	32185	JAKPCO010000001	36	0.6616541353383458	0.652542372881356	-1
Csa3_1_CAS-I-II-III-IV-V-VI	JAKPCO010000034_19	130	118	2.1e-06	24.9	27970	28359	JAKPCO010000034	19	0.7307692307692307	0.8813559322033898	-1
Csa3_1_CAS-I-II-III-IV-V-VI	JAKPCO010000042_52	168	118	0.00051	17.2	47115	47618	JAKPCO010000042	52	0.5714285714285714	0.7796610169491526	1
Csa3_1_CAS-I-II-III-IV-V-VI	JAKPCO010000051_2	171	118	9.1e-05	19.7	200	712	JAKPCO010000051	2	0.6491228070175439	0.6610169491525424	1
Csa3_1_CAS-I-II-III-IV-V-VI	JAKPCO010000051_6	107	118	4.1e-09	33.7	5334	5654	JAKPCO010000051	6	0.7383177570093458	0.6864406779661016	1
Csa3_1_CAS-I-II-III-IV-V-VI	JAKPCO010000077_57	139	118	0.00019	18.6	62091	62507	JAKPCO010000077	57	0.5179856115107914	0.6949152542372882	1
Csa3_1_CAS-I-II-III-IV-V-VI	JAKPCO010000080_10	118	118	0.0034	14.6	7446	7799	JAKPCO010000080	10	0.4576271186440678	0.4830508474576271	-1
Csa3_1_CAS-I-II-III-IV-V-VI	JAKPCO010000085_29	312	118	0.0027	14.9	35719	36654	JAKPCO010000085	29	0.20512820512820512	0.4067796610169492	1
Csa3_1_CAS-I-II-III-IV-V-VI	JAKPCO010000089_94	127	118	0.0048	14.1	88552	88932	JAKPCO010000089	94	0.6456692913385826	0.5338983050847458	1
Csa3_1_CAS-I-II-III-IV-V-VI	JAKPCO010000106_15	205	118	9.2e-13	45.4	19511	20125	JAKPCO010000106	15	0.848780487804878	0.8305084745762712	-1
Csa3_1_CAS-I-II-III-IV-V-VI	JAKPCO010000106_38	130	118	1.5e-20	70.6	41204	41593	JAKPCO010000106	38	0.823076923076923	0.8050847457627118	1
Csa3_1_CAS-I-II-III-IV-V-VI	JAKPCO010000106_41	263	118	3.7e-06	24.1	43683	44471	JAKPCO010000106	41	0.23574144486692014	0.5932203389830508	1
Csa3_1_CAS-I-II-III-IV-V-VI	JAKPCO010000108_10	106	118	2.9e-18	63.2	7492	7809	JAKPCO010000108	10	0.7452830188679245	0.7457627118644068	1
Csa3_1_CAS-I-II-III-IV-V-VI	JAKPCO010000112_59	154	118	4.4e-05	20.7	64881	65342	JAKPCO010000112	59	0.4675324675324675	0.6694915254237288	-1
Csa5gr11_8_CAS-I-A	JAKPCO010000074_8	579	109	7.9e-07	25.9	5405	7141	JAKPCO010000074	8	0.20898100172711573	0.9541284403669725	-1
Cse2_0_IE	JAKPCO010000042_73	93	159	0.012	12.7	63820	64098	JAKPCO010000042	73	0.45161290322580644	0.2641509433962264	1
Cse2gr11_1_CAS-I-E	JAKPCO010000042_73	93	143	0.0048	13.9	63820	64098	JAKPCO010000042	73	0.46236559139784944	0.3006993006993007	1
Cse2gr11_7_CAS-I-E	JAKPCO010000042_73	93	144	0.0047	14.2	63820	64098	JAKPCO010000042	73	0.4838709677419355	0.3125	1
Csf2_0_IV	JAKPCO010000094_6	268	329	1e-05	22.0	5737	6540	JAKPCO010000094	6	0.29850746268656714	0.26443768996960487	1
Csf2_1_IVA3	JAKPCO010000075_1	249	263	5.9	2.9	145	891	JAKPCO010000075	1	0.46586345381526106	0.3231939163498099	-1
Csf4_0_IVA	JAKPCO010000077_31	749	666	5.1e-11	38.7	33551	35797	JAKPCO010000077	31	0.30173564753004006	0.35435435435435436	-1
Csf4_1_IVA1	JAKPCO010000077_31	749	802	9.4e-05	17.5	33551	35797	JAKPCO010000077	31	0.19225634178905207	0.18204488778054864	-1
Csf4_3_IVE	JAKPCO010000077_31	749	648	0.0083	11.6	33551	35797	JAKPCO010000077	31	0.20694259012016022	0.21450617283950618	-1
Csf4_3_IVE	JAKPCO010000105_2	385	648	0.0002	17.0	680	1834	JAKPCO010000105	2	0.15584415584415584	0.09259259259259259	1
Csm2_0_IIIA	JAKPCO010000112_38	659	96	0.58	7.9	42759	44735	JAKPCO010000112	38	0.1274658573596358	0.6979166666666666	-1
Csm2gr11_4_CAS-III-A	JAKPCO010000097_4	173	142	0.0044	13.9	2474	2992	JAKPCO010000097	4	0.3179190751445087	0.34507042253521125	1
Csm2gr11_7_CAS-III-A	JAKPCO010000112_38	659	110	0.025	12.5	42759	44735	JAKPCO010000112	38	0.1426403641881639	0.6909090909090909	-1
Csm3_0_IIIA	JAKPCO010000074_12	316	203	1.3e-13	48.2	10855	11802	JAKPCO010000074	12	0.5379746835443038	0.7142857142857143	-1
Csm3_0_IIIA	JAKPCO010000094_6	268	203	5.4e-07	26.6	5737	6540	JAKPCO010000094	6	0.16417910447761194	0.2315270935960591	1
Csm3_0_IIIA	JAKPCO010000094_8	341	203	0.0028	14.4	6941	7963	JAKPCO010000094	8	0.19648093841642228	0.3399014778325123	1
Csm3_0_IIIAD	JAKPCO010000074_12	316	650	0.0016	14.1	10855	11802	JAKPCO010000074	12	0.21835443037974683	0.10923076923076923	-1
Csm3_0_IIID	JAKPCO010000074_12	316	178	2.9e-12	44.7	10855	11802	JAKPCO010000074	12	0.8924050632911392	0.9943820224719101	-1
Csm3_0_IIID	JAKPCO010000094_2	102	178	6.6e-05	20.9	1454	1759	JAKPCO010000094	2	0.7941176470588235	0.4044943820224719	1
Csm3_0_IIID	JAKPCO010000094_6	268	178	1.1e-09	36.4	5737	6540	JAKPCO010000094	6	0.332089552238806	0.5955056179775281	1
Csm3_0_IIID	JAKPCO010000094_8	341	178	3.8e-14	50.8	6941	7963	JAKPCO010000094	8	0.5483870967741935	1.0	1
Csm3_1_IIIAD	JAKPCO010000001_1	124	189	4.2e-15	53.3	1	372	JAKPCO010000001	1	0.7016129032258065	0.4603174603174603	-1
Csm3_1_IIIAD	JAKPCO010000074_12	316	189	7e-16	55.8	10855	11802	JAKPCO010000074	12	0.8987341772151899	0.9682539682539683	-1
Csm3_1_IIIAD	JAKPCO010000094_2	102	189	3.9e-13	46.9	1454	1759	JAKPCO010000094	2	0.6470588235294118	0.43915343915343913	1
Csm3_1_IIIAD	JAKPCO010000094_3	307	189	0.00013	19.1	1832	2752	JAKPCO010000094	3	0.11726384364820847	0.19047619047619047	1
Csm3_1_IIIAD	JAKPCO010000094_6	268	189	1.5e-14	51.5	5737	6540	JAKPCO010000094	6	0.917910447761194	0.9682539682539683	1
Csm3_1_IIIAD	JAKPCO010000094_8	341	189	1.3e-12	45.2	6941	7963	JAKPCO010000094	8	0.6187683284457478	0.9894179894179894	1
Csm3_1_IIID	JAKPCO010000074_12	316	257	2.7e-15	53.4	10855	11802	JAKPCO010000074	12	0.5727848101265823	0.6342412451361867	-1
Csm3_1_IIID	JAKPCO010000094_6	268	257	1.2e-08	31.7	5737	6540	JAKPCO010000094	6	0.24253731343283583	0.25680933852140075	1
Csm3_1_IIID	JAKPCO010000094_8	341	257	9.1e-06	22.2	6941	7963	JAKPCO010000094	8	0.22287390029325513	0.27626459143968873	1
Csm3gr7_0_CAS-III-A-III-D	JAKPCO010000074_12	316	210	4.4e-09	33.0	10855	11802	JAKPCO010000074	12	0.38924050632911394	0.5142857142857142	-1
Csm3gr7_0_CAS-III-A-III-D	JAKPCO010000094_6	268	210	7.8e-05	19.1	5737	6540	JAKPCO010000094	6	0.22014925373134328	0.2857142857142857	1
Csm3gr7_0_CAS-III-A-III-D	JAKPCO010000094_8	341	210	0.0095	12.3	6941	7963	JAKPCO010000094	8	0.12316715542521994	0.20476190476190476	1
Csm3gr7_11_CAS-III-A-III-D	JAKPCO010000074_12	316	216	0.0039	13.5	10855	11802	JAKPCO010000074	12	0.2974683544303797	0.42592592592592593	-1
Csm3gr7_12_CAS-III-A-III-D	JAKPCO010000001_1	124	199	4.8e-18	63.0	1	372	JAKPCO010000001	1	0.717741935483871	0.4623115577889447	-1
Csm3gr7_12_CAS-III-A-III-D	JAKPCO010000074_10	286	199	4.5e-05	20.7	9628	10485	JAKPCO010000074	10	0.6188811188811189	0.9849246231155779	-1
Csm3gr7_12_CAS-III-A-III-D	JAKPCO010000074_12	316	199	4.8e-21	72.8	10855	11802	JAKPCO010000074	12	0.9050632911392406	0.9849246231155779	-1
Csm3gr7_12_CAS-III-A-III-D	JAKPCO010000094_2	102	199	9.4e-12	42.5	1454	1759	JAKPCO010000094	2	0.8235294117647058	0.4020100502512563	1
Csm3gr7_12_CAS-III-A-III-D	JAKPCO010000094_3	307	199	0.0015	15.7	1832	2752	JAKPCO010000094	3	0.1498371335504886	0.2663316582914573	1
Csm3gr7_12_CAS-III-A-III-D	JAKPCO010000094_6	268	199	7.7e-20	68.9	5737	6540	JAKPCO010000094	6	0.9216417910447762	0.9798994974874372	1
Csm3gr7_12_CAS-III-A-III-D	JAKPCO010000094_8	341	199	2.9e-15	53.9	6941	7963	JAKPCO010000094	8	0.5630498533724341	0.9899497487437185	1
Csm3gr7_1_CAS-III-A-III-D	JAKPCO010000074_12	316	215	2.6e-16	56.9	10855	11802	JAKPCO010000074	12	0.5917721518987342	0.7581395348837209	-1
Csm3gr7_1_CAS-III-A-III-D	JAKPCO010000094_6	268	215	2.9e-07	27.3	5737	6540	JAKPCO010000094	6	0.2126865671641791	0.27906976744186046	1
Csm3gr7_1_CAS-III-A-III-D	JAKPCO010000094_8	341	215	0.0005	16.8	6941	7963	JAKPCO010000094	8	0.20234604105571846	0.33488372093023255	1
Csm3gr7_2_CAS-III-A-III-D	JAKPCO010000001_1	124	180	0.00012	19.5	1	372	JAKPCO010000001	1	0.5806451612903226	0.35	-1
Csm3gr7_2_CAS-III-A-III-D	JAKPCO010000074_10	286	180	2.7e-05	21.5	9628	10485	JAKPCO010000074	10	0.6048951048951049	0.9944444444444445	-1
Csm3gr7_2_CAS-III-A-III-D	JAKPCO010000074_12	316	180	1.6e-19	67.9	10855	11802	JAKPCO010000074	12	0.8955696202531646	1.0	-1
Csm3gr7_2_CAS-III-A-III-D	JAKPCO010000094_2	102	180	1.7e-07	28.7	1454	1759	JAKPCO010000094	2	0.6470588235294118	0.45	1
Csm3gr7_2_CAS-III-A-III-D	JAKPCO010000094_6	268	180	1.9e-14	51.4	5737	6540	JAKPCO010000094	6	0.2947761194029851	0.55	1
Csm3gr7_2_CAS-III-A-III-D	JAKPCO010000094_8	341	180	4.1e-17	60.0	6941	7963	JAKPCO010000094	8	0.5689149560117303	0.9944444444444445	1
Csm3gr7_4_CAS-III-A-III-D	JAKPCO010000074_12	316	640	0.018	10.7	10855	11802	JAKPCO010000074	12	0.189873417721519	0.0984375	-1
Csm3gr7_8_CAS-III-A-III-D	JAKPCO010000074_12	316	256	1.7e-16	57.3	10855	11802	JAKPCO010000074	12	0.6012658227848101	0.66796875	-1
Csm3gr7_8_CAS-III-A-III-D	JAKPCO010000094_6	268	256	1.4e-08	31.4	5737	6540	JAKPCO010000094	6	0.22388059701492538	0.23828125	1
Csm3gr7_8_CAS-III-A-III-D	JAKPCO010000094_8	341	256	1.1e-06	25.1	6941	7963	JAKPCO010000094	8	0.2727272727272727	0.35546875	1
Csm5_0_IIIA	JAKPCO010000094_8	341	364	0.00035	16.9	6941	7963	JAKPCO010000094	8	0.08211143695014662	0.07417582417582418	1
Csm5_1_IIIA	JAKPCO010000094_8	341	373	0.00022	17.7	6941	7963	JAKPCO010000094	8	0.08504398826979472	0.07506702412868632	1
Csm5gr7_0_CAS-III-A-III-D	JAKPCO010000094_8	341	365	2.4e-05	20.6	6941	7963	JAKPCO010000094	8	0.21407624633431085	0.1589041095890411	1
Csm5gr7_1_CAS-III-A-III-D	JAKPCO010000094_8	341	369	6e-05	19.7	6941	7963	JAKPCO010000094	8	0.1348973607038123	0.11924119241192412	1
Csm6_3_CAS-III	JAKPCO010000059_1	402	382	0.0067	12.2	3	1208	JAKPCO010000059	1	0.1417910447761194	0.1518324607329843	-1
Csm6_7_CAS-III	JAKPCO010000059_1	402	373	1.6e-05	20.7	3	1208	JAKPCO010000059	1	0.17164179104477612	0.1876675603217158	-1
Csn2_10_CAS-II-A	JAKPCO010000080_26	337	321	0.0044	13.0	28267	29277	JAKPCO010000080	26	0.3056379821958457	0.32710280373831774	1
Csn2_7_CAS-II-A	JAKPCO010000077_92	262	372	6.8e-05	18.8	101582	102367	JAKPCO010000077	92	0.35877862595419846	0.25268817204301075	-1
Csn2_7_CAS-II-A	JAKPCO010000101_29	246	372	0.002	14.0	31542	32279	JAKPCO010000101	29	0.23983739837398374	0.16129032258064516	1
Csx10_0_IIID	JAKPCO010000074_10	286	402	0.0083	12.1	9628	10485	JAKPCO010000074	10	0.2202797202797203	0.15422885572139303	-1
Csx10_0_IIID	JAKPCO010000074_12	316	402	0.0054	12.7	10855	11802	JAKPCO010000074	12	0.2879746835443038	0.20149253731343283	-1
Csx10gr5_0_CAS-III-D	JAKPCO010000074_12	316	392	0.0039	13.5	10855	11802	JAKPCO010000074	12	0.2879746835443038	0.2066326530612245	-1
Csx10gr5_1_CAS-III-D	JAKPCO010000074_10	286	393	0.014	11.4	9628	10485	JAKPCO010000074	10	0.3006993006993007	0.21119592875318066	-1
Csx10gr5_1_CAS-III-D	JAKPCO010000074_12	316	393	0.0091	12.0	10855	11802	JAKPCO010000074	12	0.2879746835443038	0.20610687022900764	-1
Csx17_0_IU	JAKPCO010000080_84	82	718	0.014	10.8	87704	87949	JAKPCO010000080	84	0.8414634146341463	0.09192200557103064	-1
Csx1_12_CAS-III	JAKPCO010000094_1	485	425	0.0032	13.3	3	1457	JAKPCO010000094	1	0.1422680412371134	0.17882352941176471	1
Csx1_13_CAS-III	JAKPCO010000094_9	405	426	0.0025	13.6	7960	9174	JAKPCO010000094	9	0.20987654320987653	0.20892018779342722	1
Csx1_16_CAS-III	JAKPCO010000094_9	405	420	4.8e-12	42.2	7960	9174	JAKPCO010000094	9	0.5777777777777777	0.5666666666666667	1
Csx1_18_CAS-III	JAKPCO010000094_1	485	376	1e-44	150.5	3	1457	JAKPCO010000094	1	0.6061855670103092	0.7287234042553191	1
Csx1_1_CAS-III	JAKPCO010000094_1	485	214	1.7e-24	83.9	3	1457	JAKPCO010000094	1	0.2	0.4532710280373832	1
Csx1_20_CAS-III	JAKPCO010000094_1	485	379	0.0062	12.2	3	1457	JAKPCO010000094	1	0.1711340206185567	0.22163588390501318	1
Csx1_20_CAS-III	JAKPCO010000094_9	405	379	1.6e-07	27.3	7960	9174	JAKPCO010000094	9	0.254320987654321	0.2532981530343008	1
Csx1_2_CAS-III	JAKPCO010000094_1	485	346	1.7e-17	60.6	3	1457	JAKPCO010000094	1	0.43917525773195876	0.5895953757225434	1
Csx1_4_CAS-III	JAKPCO010000094_9	405	380	2e-08	30.2	7960	9174	JAKPCO010000094	9	0.21975308641975308	0.22631578947368422	1
Csx1_7_CAS-III	JAKPCO010000094_1	485	309	1.4999999999999999e-55	185.8	3	1457	JAKPCO010000094	1	0.49896907216494846	0.7378640776699029	1
Csx1_9_CAS-III	JAKPCO010000073_45	367	378	0.014	11.1	39775	40875	JAKPCO010000073	45	0.2098092643051771	0.14814814814814814	1
Csx1_9_CAS-III	JAKPCO010000094_9	405	378	2.7e-08	29.9	7960	9174	JAKPCO010000094	9	0.25925925925925924	0.2619047619047619	1
Csx22_0_CAS-III-A	JAKPCO010000077_111	312	191	0.011	12.1	121640	122575	JAKPCO010000077	111	0.16025641025641027	0.2617801047120419	1
Csx3_0_CAS-I-III	JAKPCO010000094_10	87	83	1.3e-20	70.3	9174	9434	JAKPCO010000094	10	0.6896551724137931	0.6987951807228916	1
Csx3_1_CAS-I-III	JAKPCO010000094_10	87	84	9.200000000000001e-30	99.5	9174	9434	JAKPCO010000094	10	0.9425287356321839	0.9880952380952381	1
Csx3_2_CAS-I-III	JAKPCO010000058_18	720	277	0.0007	15.6	16981	19140	JAKPCO010000058	18	0.058333333333333334	0.07942238267148015	1
Csx3_2_CAS-I-III	JAKPCO010000067_13	173	277	0.0056	12.6	12717	13235	JAKPCO010000067	13	0.13872832369942195	0.08664259927797834	-1
Csx3_2_CAS-I-III	JAKPCO010000080_91	143	277	0.004	13.1	94251	94679	JAKPCO010000080	91	0.17482517482517482	0.09025270758122744	1
Csx3_2_CAS-I-III	JAKPCO010000089_86	307	277	0.022	10.7	80506	81426	JAKPCO010000089	86	0.12052117263843648	0.1407942238267148	1
Csx3_2_CAS-I-III	JAKPCO010000094_10	87	277	9e-09	31.6	9174	9434	JAKPCO010000094	10	0.6206896551724138	0.18050541516245489	1
Csx3_2_CAS-I-III	JAKPCO010000101_20	757	277	0.0033	13.4	21573	23843	JAKPCO010000101	20	0.05151915455746367	0.07220216606498195	1
Csx3_2_CAS-I-III	JAKPCO010000102_44	603	277	2.9e-05	20.1	42966	44774	JAKPCO010000102	44	0.16583747927031509	0.3285198555956679	-1
Csx3_2_CAS-I-III	JAKPCO010000108_43	399	277	0.0087	12.0	43702	44898	JAKPCO010000108	43	0.13032581453634084	0.18772563176895307	-1
Csx3_3_CAS-I-III	JAKPCO010000094_10	87	79	4.4e-26	87.5	9174	9434	JAKPCO010000094	10	0.8735632183908046	0.9746835443037974	1
CysH_0_IVB	JAKPCO010000077_88	225	249	3.9e-06	23.5	95898	96572	JAKPCO010000077	88	0.5688888888888889	0.43373493975903615	1
CysH_0_IVB	JAKPCO010000102_47	303	249	0.014	11.9	46993	47901	JAKPCO010000102	47	0.16831683168316833	0.20883534136546184	-1
CysH_0_IVB	JAKPCO010000108_41	327	249	0.0035	13.9	41860	42840	JAKPCO010000108	41	0.11009174311926606	0.14859437751004015	1
HEAT_CxxC_PDDEXK_0_CAS-I-C	JAKPCO010000003_15	314	288	8.4e-15	51.5	13804	14745	JAKPCO010000003	15	0.8375796178343949	0.2777777777777778	1
HEAT_CxxC_PDDEXK_0_CAS-I-C	JAKPCO010000009_17	193	288	5.2e-13	45.6	20507	21085	JAKPCO010000009	17	0.7150259067357513	0.2743055555555556	-1
HEAT_CxxC_PDDEXK_0_CAS-I-C	JAKPCO010000089_111	417	288	7.9e-14	48.3	106965	108215	JAKPCO010000089	111	0.6786570743405276	0.2777777777777778	1
Mem_DnaJ_0_CAS-III-AM	JAKPCO010000097_2	387	284	0.0036	13.5	868	2028	JAKPCO010000097	2	0.22739018087855298	0.3345070422535211	1
NYN_0_CAS-III-B	JAKPCO010000055_6	163	320	0.0078	12.2	4545	5033	JAKPCO010000055	6	0.4171779141104294	0.20625	1
RecD_0_IVD	JAKPCO010000006_11	233	763	0.0052	11.7	7040	7738	JAKPCO010000006	11	0.1459227467811159	0.04456094364351245	-1
RecD_0_IVD	JAKPCO010000069_20	391	763	7.7e-05	17.8	12093	13265	JAKPCO010000069	20	0.23529411764705882	0.11926605504587157	1
TPR_0_CAS-III-A	JAKPCO010000007_1	100	435	0.00024	17.0	2	301	JAKPCO010000007	1	0.6	0.1425287356321839	1
TPR_0_CAS-III-A	JAKPCO010000073_45	367	435	4.8e-09	32.5	39775	40875	JAKPCO010000073	45	0.7411444141689373	0.31494252873563217	1
TPR_0_CAS-III-A	JAKPCO010000085_16	246	435	0.00036	16.4	19875	20612	JAKPCO010000085	16	0.44308943089430897	0.1425287356321839	1
TPR_0_CAS-III-A	JAKPCO010000089_6	226	435	3.7e-05	19.7	5435	6112	JAKPCO010000089	6	0.336283185840708	0.1793103448275862	-1
TPR_0_CAS-III-A	JAKPCO010000095_1	257	435	4.6e-10	35.9	3	773	JAKPCO010000095	1	0.7276264591439688	0.1793103448275862	-1
TPR_0_CAS-III-A	JAKPCO010000106_9	161	435	4.3e-05	19.5	10404	10886	JAKPCO010000106	9	0.7142857142857143	0.15172413793103448	1
TPR_0_CAS-III-B	JAKPCO010000073_126	1269	488	6e-73	243.0	113976	117782	JAKPCO010000073	126	0.7541371158392435	0.4774590163934426	1
TPR_0_CAS-III-B	JAKPCO010000073_45	367	488	0.00092	14.9	39775	40875	JAKPCO010000073	45	0.0681198910081744	0.05122950819672131	1
TPR_0_CAS-III-B	JAKPCO010000075_34	171	488	4.7e-05	19.1	35131	35643	JAKPCO010000075	34	0.672514619883041	0.26639344262295084	-1
TPR_0_CAS-III-B	JAKPCO010000089_109	717	488	5.3e-20	68.4	103492	105642	JAKPCO010000089	109	0.36541143654114366	0.5040983606557377	1
TPR_1_CAS-III-A	JAKPCO010000073_126	1269	462	2.4e-07	26.6	113976	117782	JAKPCO010000073	126	0.2545311268715524	0.35714285714285715	1
TPR_1_CAS-III-A	JAKPCO010000073_45	367	462	5.5e-08	28.7	39775	40875	JAKPCO010000073	45	0.553133514986376	0.2077922077922078	1
TPR_1_CAS-III-A	JAKPCO010000075_34	171	462	2.9e-05	19.7	35131	35643	JAKPCO010000075	34	0.6491228070175439	0.24242424242424243	-1
TPR_1_CAS-III-A	JAKPCO010000089_6	226	462	0.0024	13.4	5435	6112	JAKPCO010000089	6	0.252212389380531	0.23376623376623376	-1
TPR_1_CAS-III-A	JAKPCO010000095_1	257	462	2.7e-06	23.1	3	773	JAKPCO010000095	1	0.2918287937743191	0.1645021645021645	-1
TPR_1_CAS-III-A	JAKPCO010000106_9	161	462	0.0043	12.6	10404	10886	JAKPCO010000106	9	0.3416149068322981	0.0670995670995671	1
TPR_1_CAS-III-B	JAKPCO010000007_1	100	537	5.5e-05	18.9	2	301	JAKPCO010000007	1	0.89	0.12476722532588454	1
TPR_1_CAS-III-B	JAKPCO010000073_126	1269	537	3.7e-23	78.9	113976	117782	JAKPCO010000073	126	0.7249802994483846	0.3817504655493482	1
TPR_1_CAS-III-B	JAKPCO010000073_45	367	537	7.9e-17	58.0	39775	40875	JAKPCO010000073	45	0.7574931880108992	0.18994413407821228	1
TPR_1_CAS-III-B	JAKPCO010000075_34	171	537	2.9e-06	23.1	35131	35643	JAKPCO010000075	34	0.8421052631578947	0.297951582867784	-1
TPR_1_CAS-III-B	JAKPCO010000085_16	246	537	1.5e-09	33.9	19875	20612	JAKPCO010000085	16	0.7804878048780488	0.14711359404096835	1
TPR_1_CAS-III-B	JAKPCO010000095_1	257	537	6.7e-12	41.7	3	773	JAKPCO010000095	1	0.8093385214007782	0.4171322160148976	-1
TPR_1_CAS-III-B	JAKPCO010000106_9	161	537	0.00016	17.4	10404	10886	JAKPCO010000106	9	0.5652173913043478	0.1750465549348231	1
TniQ_0_CAS-I-F	JAKPCO010000073_88	65	139	0.015	13.0	82686	82880	JAKPCO010000073	88	0.6615384615384615	0.2014388489208633	1
htpX_0_CAS-III-B	JAKPCO010000042_75	288	343	5.8e-19	65.2	64661	65524	JAKPCO010000042	75	0.6736111111111112	0.5801749271137027	-1
