Contig	Start	End	Strand	Pos
CP008822	331	1521	1	1
CP008822	1535	2017	1	2
CP008822	2038	2973	-1	3
CP008822	2970	3434	-1	4
CP008822	3446	4249	-1	5
CP008822	4230	4778	-1	6
CP008822	4779	5789	1	7
CP008822	5768	6238	1	8
CP008822	6305	7279	1	9
CP008822	7314	7823	1	10
CP008822	7850	9058	1	11
CP008822	9305	9925	1	12
CP008822	9918	10883	-1	13
CP008822	10929	12335	-1	14
CP008822	12337	13350	-1	15
CP008822	13486	14529	-1	16
CP008822	14526	15524	-1	17
CP008822	15581	16951	1	18
CP008822	17075	18016	1	19
CP008822	18084	19829	1	20
CP008822	19852	20472	-1	21
CP008822	20640	21164	-1	22
CP008822	21161	21868	-1	23
CP008822	21947	23374	-1	24
CP008822	23377	23781	-1	25
CP008822	23756	24403	-1	26
CP008822	24408	24650	-1	27
CP008822	24724	24909	1	28
CP008822	24935	25333	1	29
CP008822	25323	27116	-1	30
CP008822	27200	28486	1	31
CP008822	28542	28793	1	32
CP008822	28796	32170	1	33
CP008822	32163	34823	1	34
CP008822	34829	36007	1	35
CP008822	36015	36326	1	36
CP008822	36378	36770	1	37
CP008822	36782	37222	1	38
CP008822	37242	37706	-1	39
CP008822	37794	38378	1	40
CP008822	38432	39739	1	41
CP008822	39760	40068	1	42
CP008822	40270	41490	1	43
CP008822	41464	42219	-1	44
CP008822	42263	42730	1	45
CP008822	42768	43430	1	46
CP008822	43427	43897	1	47
CP008822	43878	44333	1	48
CP008822	44339	45031	1	49
CP008822	45010	46110	1	50
CP008822	46082	46825	-1	51
CP008822	46825	47133	-1	52
CP008822	47130	48773	-1	53
CP008822	48813	51530	1	54
CP008822	51572	51862	1	55
CP008822	51863	52117	1	56
CP008822	52182	52883	1	57
CP008822	52871	53431	1	58
CP008822	54355	55953	-1	59
CP008822	56103	56258	1	60
CP008822	57034	58632	1	61
CP008822	58947	59246	1	62
CP008822	59260	59598	1	63
CP008822	59643	60278	1	64
CP008822	60275	60928	1	65
CP008822	60880	61479	1	66
CP008822	61451	62146	1	67
CP008822	62180	62830	1	68
CP008822	62769	64016	1	69
CP008822	64095	65297	-1	70
CP008822	65368	66018	1	71
CP008822	66024	66467	1	72
CP008822	66436	66981	1	73
CP008822	66962	67387	1	74
CP008822	67481	68203	1	75
CP008822	68218	68916	1	76
CP008822	68918	69661	1	77
CP008822	69618	70364	1	78
CP008822	70366	71208	1	79
CP008822	71208	71426	1	80
CP008822	71509	71910	1	81
CP008822	71907	72149	1	82
CP008822	72127	72513	1	83
CP008822	72547	73239	1	84
CP008822	73443	75614	1	85
CP008822	75621	76346	1	86
CP008822	76329	77633	-1	87
CP008822	77668	78240	1	88
CP008822	78253	79263	1	89
CP008822	79263	82463	1	90
CP008822	82464	83192	1	91
CP008822	83347	84372	1	92
CP008822	84414	85169	1	93
CP008822	85166	85411	1	94
CP008822	85421	86137	1	95
CP008822	86170	86592	1	96
CP008822	86598	87068	1	97
CP008822	87072	87794	1	98
CP008822	87775	87981	1	99
CP008822	87968	88222	1	100
CP008822	88227	88562	1	101
CP008822	88569	88985	1	102
CP008822	88995	89330	1	103
CP008822	89327	90052	1	104
CP008822	90054	90578	1	105
CP008822	90759	91160	1	106
CP008822	91176	91715	1	107
CP008822	91715	92119	1	108
CP008822	92122	92577	1	109
CP008822	92584	93171	1	110
CP008822	93171	93815	1	111
CP008822	93823	94284	1	112
CP008822	94286	94720	1	113
CP008822	94737	96128	1	114
CP008822	96131	96715	1	115
CP008822	96717	97160	1	116
CP008822	97168	97416	1	117
CP008822	97413	97955	1	118
CP008822	97974	98210	1	119
CP008822	98220	98990	1	120
CP008822	99260	99667	1	121
CP008822	99892	100293	1	122
CP008822	100606	101142	-1	123
CP008822	101267	102160	1	124
CP008822	102121	103011	1	125
CP008822	102968	103855	1	126
CP008822	103809	104273	1	127
CP008822	104310	105032	1	128
CP008822	105029	106222	1	129
CP008822	106711	106953	-1	130
CP008822	107346	107573	1	131
CP008822	108094	108249	1	132
CP008822	108200	108478	-1	133
CP008822	108616	108762	-1	134
CP008822	108743	108859	-1	135
CP008822	108871	110484	-1	136
CP008822	110475	111779	-1	137
CP008822	111779	112075	-1	138
CP008822	112174	112467	1	139
CP008822	112579	112902	1	140
CP008822	112908	113204	1	141
CP008822	113201	113374	1	142
CP008822	113371	113601	1	143
CP008822	113604	113789	1	144
CP008822	113786	114091	1	145
CP008822	114078	115364	-1	146
CP008822	115570	116799	-1	147
CP008822	116849	117349	1	148
CP008822	117795	118073	1	149
CP008822	118141	119673	1	150
CP008822	119670	120173	1	151
CP008822	120179	121162	-1	152
CP008822	121185	122981	-1	153
CP008822	123118	123636	1	154
CP008822	123626	124282	-1	155
CP008822	124336	125028	-1	156
CP008822	125133	125747	-1	157
CP008822	125734	126234	-1	158
CP008822	126240	126488	-1	159
CP008822	126537	128312	1	160
CP008822	128464	128745	1	161
CP008822	128699	129520	1	162
CP008822	129486	130358	-1	163
CP008822	130390	130698	-1	164
CP008822	130836	132611	1	165
CP008822	132585	133007	-1	166
CP008822	133063	134112	1	167
CP008822	134115	134903	1	168
CP008822	134900	135325	1	169
CP008822	135373	135561	1	170
CP008822	135558	136409	1	171
CP008822	136406	137566	1	172
CP008822	137517	138554	1	173
CP008822	138539	139306	1	174
CP008822	139345	139731	1	175
CP008822	139728	140021	1	176
CP008822	140121	141041	1	177
CP008822	141028	141249	1	178
CP008822	141665	141967	-1	179
CP008822	142081	142335	-1	180
CP008822	142891	143415	1	181
CP008822	143460	143996	1	182
CP008822	143957	145060	1	183
CP008822	145078	145692	1	184
CP008822	145805	146134	1	185
CP008822	146274	146468	1	186
CP008822	146486	146734	1	187
CP008822	146836	148023	1	188
CP008822	148170	149381	1	189
CP008822	149378	150253	1	190
CP008822	150302	150988	1	191
CP008822	150981	151685	1	192
CP008822	151834	152664	1	193
CP008822	152722	153777	1	194
CP008822	153774	154904	-1	195
CP008822	154889	155827	-1	196
CP008822	155892	156206	1	197
CP008822	156280	156747	-1	198
CP008822	156749	158887	-1	199
CP008822	158913	159473	-1	200
CP008822	159566	160582	1	201
CP008822	160511	161419	-1	202
CP008822	161386	162126	-1	203
CP008822	162144	163547	1	204
CP008822	163547	164656	1	205
CP008822	164663	166288	-1	206
CP008822	166505	167068	1	207
CP008822	167055	167225	-1	208
CP008822	167296	167802	1	209
CP008822	167802	169091	1	210
CP008822	169092	170183	-1	211
CP008822	170186	170572	-1	212
CP008822	170682	170879	1	213
CP008822	170889	171164	1	214
CP008822	171281	173527	1	215
CP008822	173534	173764	1	216
CP008822	173908	174810	1	217
CP008822	174907	175518	1	218
CP008822	175502	176776	1	219
CP008822	176838	177698	1	220
CP008822	177671	178948	1	221
CP008822	178945	179817	1	222
CP008822	179798	180472	1	223
CP008822	180465	180728	1	224
CP008822	180741	182330	1	225
CP008822	182314	183693	1	226
CP008822	183699	184796	1	227
CP008822	184929	186287	1	228
CP008822	186289	186675	1	229
CP008822	186748	187167	1	230
CP008822	187323	187802	-1	231
CP008822	187807	188490	-1	232
CP008822	188583	190178	1	233
CP008822	190140	190472	-1	234
CP008822	190549	190812	1	235
CP008822	190846	192063	1	236
CP008822	192050	193858	-1	237
CP008822	193855	194712	-1	238
CP008822	194843	195619	1	239
CP008822	195670	195897	1	240
CP008822	196271	196855	-1	241
CP008822	197199	198014	-1	242
CP008822	198302	199819	-1	243
CP008822	199880	200266	-1	244
CP008822	200380	201135	-1	245
CP008822	201295	202449	-1	246
CP008822	202511	203470	-1	247
CP008822	203569	204996	-1	248
CP008822	205039	205398	1	249
CP008822	205424	205633	1	250
CP008822	205638	207926	1	251
CP008822	207953	208729	-1	252
CP008822	208822	208953	1	253
CP008822	209037	209624	-1	254
CP008822	209751	210071	1	255
CP008822	210261	211661	1	256
CP008822	211668	212435	-1	257
CP008822	212432	213385	-1	258
CP008822	213423	213815	-1	259
CP008822	213880	215199	-1	260
CP008822	215235	216422	-1	261
CP008822	216616	217563	1	262
CP008822	217547	219727	1	263
CP008822	219804	220988	1	264
CP008822	221058	221426	1	265
CP008822	221512	221862	1	266
CP008822	221924	222328	1	267
CP008822	222328	222864	1	268
CP008822	222995	223393	1	269
CP008822	223504	223932	1	270
CP008822	223929	224264	-1	271
CP008822	224330	224536	1	272
CP008822	224544	226370	-1	273
CP008822	226367	226792	-1	274
CP008822	226793	227290	-1	275
CP008822	227300	228475	-1	276
CP008822	228472	229590	-1	277
CP008822	229692	230762	-1	278
CP008822	230855	231205	1	279
CP008822	231488	232651	-1	280
CP008822	232982	234235	1	281
CP008822	234245	235441	1	282
CP008822	235438	237693	1	283
CP008822	237774	239060	1	284
CP008822	239047	239871	1	285
CP008822	239905	240330	1	286
CP008822	240332	241468	1	287
CP008822	241520	242077	1	288
CP008822	242074	242529	-1	289
CP008822	242526	242828	-1	290
CP008822	242935	243336	-1	291
CP008822	243380	243859	-1	292
CP008822	243871	244086	-1	293
CP008822	244062	244169	-1	294
CP008822	244179	245264	-1	295
CP008822	245431	245964	1	296
CP008822	245995	247617	1	297
CP008822	247618	249306	1	298
CP008822	249345	249863	1	299
CP008822	249844	250863	-1	300
CP008822	250973	251479	-1	301
CP008822	251514	252584	-1	302
CP008822	252715	253146	-1	303
CP008822	253236	253439	-1	304
CP008822	253731	255962	-1	305
CP008822	255959	256447	-1	306
CP008822	256437	257279	-1	307
CP008822	257503	259809	1	308
CP008822	259824	260342	-1	309
CP008822	260565	260924	1	310
CP008822	261139	262002	1	311
CP008822	262035	262274	-1	312
CP008822	262334	263548	1	313
CP008822	263598	264161	1	314
CP008822	264151	264408	1	315
CP008822	264405	265601	1	316
CP008822	265648	266454	1	317
CP008822	266491	267591	1	318
CP008822	267588	267845	1	319
CP008822	268184	269608	1	320
CP008822	269672	271474	1	321
CP008822	271708	271824	-1	322
CP008822	272163	273023	1	323
CP008822	273385	273621	1	324
CP008822	273618	273815	1	325
CP008822	273830	274033	1	326
CP008822	274100	274837	-1	327
CP008822	274842	275276	-1	328
CP008822	275281	275724	-1	329
CP008822	275721	277106	-1	330
CP008822	277172	277990	-1	331
CP008822	278097	278684	-1	332
CP008822	279165	281570	1	333
CP008822	281575	282135	1	334
CP008822	282152	282694	-1	335
CP008822	282805	282894	1	336
CP008822	282974	283252	-1	337
CP008822	283414	283917	1	338
CP008822	284047	286536	1	339
CP008822	286572	288599	-1	340
CP008822	288850	289572	1	341
CP008822	289569	290432	1	342
CP008822	290429	291634	1	343
CP008822	291635	291898	1	344
CP008822	291950	293134	1	345
CP008822	293131	293850	1	346
CP008822	293842	294663	-1	347
CP008822	294778	295176	-1	348
CP008822	295173	295403	-1	349
CP008822	295490	296098	1	350
CP008822	296104	296679	-1	351
CP008822	296958	297230	1	352
CP008822	297231	298571	1	353
CP008822	298619	300067	1	354
CP008822	300086	300832	-1	355
CP008822	300915	301031	1	356
CP008822	301045	302040	1	357
CP008822	302083	302478	1	358
CP008822	302562	303098	1	359
CP008822	303099	303821	-1	360
CP008822	303818	304639	-1	361
CP008822	305093	305995	-1	362
CP008822	306000	306377	-1	363
CP008822	306384	307538	-1	364
CP008822	307535	307783	-1	365
CP008822	307889	308641	1	366
CP008822	308642	309445	-1	367
CP008822	309589	311355	1	368
CP008822	311557	312933	1	369
CP008822	313024	313491	1	370
CP008822	313523	313795	-1	371
CP008822	314225	315844	1	372
CP008822	315845	316447	-1	373
CP008822	316669	317217	1	374
CP008822	317223	317723	1	375
CP008822	317781	318218	1	376
CP008822	318368	319036	-1	377
CP008822	319141	320709	1	378
CP008822	320706	321110	-1	379
CP008822	321373	321978	-1	380
CP008822	321996	322358	-1	381
CP008822	322355	322654	-1	382
CP008822	322664	323896	-1	383
CP008822	323914	324168	-1	384
CP008822	324248	324787	-1	385
CP008822	324768	325685	-1	386
CP008822	325695	326915	-1	387
CP008822	326998	327327	-1	388
CP008822	327302	327670	-1	389
CP008822	327857	328834	1	390
CP008822	328826	329353	-1	391
CP008822	329502	330317	1	392
CP008822	330500	331141	-1	393
CP008822	331213	332220	-1	394
CP008822	332302	333057	-1	395
CP008822	333059	333811	-1	396
CP008822	334054	335217	1	397
CP008822	335222	335611	1	398
CP008822	335604	336887	1	399
CP008822	336884	337888	1	400
CP008822	338220	338783	-1	401
CP008822	338981	340570	1	402
CP008822	340576	340893	1	403
CP008822	340895	341692	1	404
CP008822	341742	343391	1	405
CP008822	343473	345224	1	406
CP008822	345423	346613	1	407
CP008822	346610	347143	1	408
CP008822	347308	348255	-1	409
CP008822	348255	350216	-1	410
CP008822	350221	351429	-1	411
CP008822	351598	353205	1	412
CP008822	353191	354408	-1	413
CP008822	354409	355788	-1	414
CP008822	355986	356720	1	415
CP008822	356722	357156	-1	416
CP008822	357158	358852	-1	417
CP008822	359062	360345	-1	418
CP008822	360397	361629	-1	419
CP008822	361763	363343	-1	420
CP008822	363408	363797	1	421
CP008822	363919	364335	-1	422
CP008822	364326	364577	-1	423
CP008822	364694	364984	1	424
CP008822	364981	365304	-1	425
CP008822	365383	367053	1	426
CP008822	367102	368235	1	427
CP008822	368272	369366	1	428
CP008822	369341	369994	-1	429
CP008822	370147	371325	-1	430
CP008822	371677	372894	1	431
CP008822	372940	373416	1	432
CP008822	373425	374066	-1	433
CP008822	374326	376077	-1	434
CP008822	376128	376721	1	435
CP008822	376777	377388	1	436
CP008822	377444	378802	1	437
CP008822	378829	379122	1	438
CP008822	379112	379723	-1	439
CP008822	379876	380520	1	440
CP008822	380607	381161	1	441
CP008822	381316	382248	1	442
CP008822	382291	383907	-1	443
CP008822	384122	384805	1	444
CP008822	384821	385762	-1	445
CP008822	385916	386782	1	446
CP008822	386822	388165	1	447
CP008822	388158	389291	1	448
CP008822	389238	389483	-1	449
CP008822	389627	390610	1	450
CP008822	390681	391988	-1	451
CP008822	392237	393847	1	452
CP008822	393873	396170	-1	453
CP008822	396368	397528	-1	454
CP008822	397861	398868	1	455
CP008822	398865	400277	1	456
CP008822	400279	401265	1	457
CP008822	401262	402203	1	458
CP008822	402172	402681	1	459
CP008822	402835	403614	1	460
CP008822	403616	404374	-1	461
CP008822	404477	404806	1	462
CP008822	404803	406002	-1	463
CP008822	406065	406862	-1	464
CP008822	406910	407659	-1	465
CP008822	408053	408529	1	466
CP008822	408681	409601	1	467
CP008822	409740	410108	1	468
CP008822	410146	411330	-1	469
CP008822	411401	412876	-1	470
CP008822	413080	413295	-1	471
CP008822	414044	414703	1	472
CP008822	414844	416379	1	473
CP008822	416383	417741	-1	474
CP008822	417905	419251	1	475
CP008822	419379	420278	1	476
CP008822	420319	421287	1	477
CP008822	421310	421636	-1	478
CP008822	421881	422960	1	479
CP008822	422976	423956	-1	480
CP008822	423966	425825	-1	481
CP008822	426299	428401	1	482
CP008822	428415	428678	1	483
CP008822	428684	428878	1	484
CP008822	428982	429758	-1	485
CP008822	429796	431667	-1	486
CP008822	431677	431829	-1	487
CP008822	431929	432543	-1	488
CP008822	432547	432753	-1	489
CP008822	433150	434118	-1	490
CP008822	434096	435742	-1	491
CP008822	435780	436022	-1	492
CP008822	436027	436638	-1	493
CP008822	437090	437608	-1	494
CP008822	437946	438152	1	495
CP008822	438159	438623	1	496
CP008822	438863	440620	1	497
CP008822	440930	442687	1	498
CP008822	442737	443486	-1	499
CP008822	443852	445042	1	500
CP008822	445080	445457	1	501
CP008822	445442	445777	1	502
CP008822	445778	448012	-1	503
CP008822	448002	448169	-1	504
CP008822	448286	448810	1	505
CP008822	449008	450183	-1	506
CP008822	450385	450708	-1	507
CP008822	450986	452170	-1	508
CP008822	452297	453229	1	509
CP008822	453201	453938	1	510
CP008822	453940	454230	-1	511
CP008822	454262	455908	-1	512
CP008822	455954	456934	-1	513
CP008822	457087	457776	1	514
CP008822	457700	458542	-1	515
CP008822	458806	459747	-1	516
CP008822	459744	461168	-1	517
CP008822	461242	463599	-1	518
CP008822	463640	464209	-1	519
CP008822	464423	464965	1	520
CP008822	464958	465224	1	521
CP008822	465225	466385	1	522
CP008822	466382	467239	1	523
CP008822	467280	468380	-1	524
CP008822	468377	469420	-1	525
CP008822	469414	470100	-1	526
CP008822	470093	471217	-1	527
CP008822	471422	472624	1	528
CP008822	472703	473242	1	529
CP008822	473401	474276	-1	530
CP008822	474512	475519	1	531
CP008822	475588	476367	1	532
CP008822	476429	477265	-1	533
CP008822	477265	478170	-1	534
CP008822	478225	479184	-1	535
CP008822	479210	479689	-1	536
CP008822	479953	480876	-1	537
CP008822	480863	482752	-1	538
CP008822	482929	483456	1	539
CP008822	483459	485555	1	540
CP008822	485547	486338	-1	541
CP008822	486516	487103	1	542
CP008822	487290	487958	1	543
CP008822	488186	488908	-1	544
CP008822	488905	490032	-1	545
CP008822	490081	491127	1	546
CP008822	491128	492315	-1	547
CP008822	492372	492974	-1	548
CP008822	492996	493457	-1	549
CP008822	493554	494201	-1	550
CP008822	494276	494689	-1	551
CP008822	494857	495630	-1	552
CP008822	495816	496796	-1	553
CP008822	496830	497645	1	554
CP008822	497539	498192	-1	555
CP008822	498233	498775	1	556
CP008822	498776	500608	-1	557
CP008822	500667	500873	-1	558
CP008822	500908	503130	1	559
CP008822	503264	504646	1	560
CP008822	504620	505003	-1	561
CP008822	505003	505857	-1	562
CP008822	506053	506331	1	563
CP008822	506298	507230	-1	564
CP008822	507327	508337	-1	565
CP008822	508373	509755	1	566
CP008822	509707	510765	1	567
CP008822	510721	511203	-1	568
CP008822	511335	511997	1	569
CP008822	511990	512808	1	570
CP008822	512801	512920	-1	571
CP008822	512977	514044	-1	572
CP008822	514101	514601	1	573
CP008822	514623	515345	1	574
CP008822	515474	515905	1	575
CP008822	516067	516477	1	576
CP008822	516495	516740	-1	577
CP008822	516780	517319	1	578
CP008822	517298	517762	-1	579
CP008822	518030	518794	1	580
CP008822	518777	519772	-1	581
CP008822	519772	520497	-1	582
CP008822	520683	522608	1	583
CP008822	522731	524371	1	584
CP008822	524373	524612	-1	585
CP008822	524780	525841	1	586
CP008822	525897	528713	1	587
CP008822	528722	529429	1	588
CP008822	529404	531740	-1	589
CP008822	532048	533112	1	590
CP008822	533115	533474	-1	591
CP008822	533514	533867	-1	592
CP008822	534012	534200	-1	593
CP008822	534442	535317	-1	594
CP008822	535361	535975	-1	595
CP008822	535981	537426	-1	596
CP008822	537413	538744	-1	597
CP008822	538806	539735	1	598
CP008822	539713	540447	-1	599
CP008822	540489	540968	-1	600
CP008822	540998	541390	-1	601
CP008822	541479	542783	1	602
CP008822	542821	543249	1	603
CP008822	543246	543659	-1	604
CP008822	543656	544378	-1	605
CP008822	544363	544506	-1	606
CP008822	544542	547133	-1	607
CP008822	547222	548097	-1	608
CP008822	548296	548877	1	609
CP008822	548950	549420	1	610
CP008822	549406	550764	-1	611
CP008822	550991	551800	1	612
CP008822	551797	552846	1	613
CP008822	552826	553263	-1	614
CP008822	553276	554280	1	615
CP008822	554261	555235	-1	616
CP008822	555235	556551	-1	617
CP008822	556604	556828	1	618
CP008822	556829	557599	-1	619
CP008822	557562	558764	-1	620
CP008822	558818	559636	1	621
CP008822	559646	559888	1	622
CP008822	559895	560485	1	623
CP008822	560547	561284	1	624
CP008822	561467	562303	1	625
CP008822	562309	562821	1	626
CP008822	562766	563323	-1	627
CP008822	563326	565584	-1	628
CP008822	565637	566380	1	629
CP008822	566335	567135	1	630
CP008822	567114	567845	-1	631
CP008822	567796	568485	-1	632
CP008822	568517	569248	1	633
CP008822	569248	570423	1	634
CP008822	570460	570690	1	635
CP008822	570855	571115	-1	636
CP008822	571292	571468	1	637
CP008822	571472	572080	-1	638
CP008822	572095	573228	-1	639
CP008822	573267	573755	-1	640
CP008822	573869	574087	-1	641
CP008822	574071	574487	-1	642
CP008822	574484	574912	-1	643
CP008822	574945	575430	1	644
CP008822	575427	575843	1	645
CP008822	575845	576240	-1	646
CP008822	576221	577759	-1	647
CP008822	577890	578861	1	648
CP008822	578861	579649	1	649
CP008822	579588	581387	-1	650
CP008822	581436	582986	-1	651
CP008822	582991	583095	-1	652
CP008822	583135	584226	1	653
CP008822	584219	584758	1	654
CP008822	584755	586416	-1	655
CP008822	586506	586928	1	656
CP008822	586993	587505	1	657
CP008822	587477	587983	-1	658
CP008822	588045	589607	1	659
CP008822	589594	590004	-1	660
CP008822	590001	590426	-1	661
CP008822	590520	591209	1	662
CP008822	591224	592543	1	663
CP008822	592540	593076	1	664
CP008822	593114	593629	1	665
CP008822	593629	594894	1	666
CP008822	594884	596602	-1	667
CP008822	596669	598513	-1	668
CP008822	598654	599175	1	669
CP008822	599186	599722	-1	670
CP008822	599731	600477	-1	671
CP008822	600474	600800	-1	672
CP008822	600913	602100	-1	673
CP008822	602134	603390	-1	674
CP008822	603446	603868	1	675
CP008822	603873	604169	1	676
CP008822	604169	604870	1	677
CP008822	604867	605493	1	678
CP008822	605496	606569	1	679
CP008822	606814	607644	1	680
CP008822	607827	608738	1	681
CP008822	608911	609435	1	682
CP008822	609414	609728	1	683
CP008822	609729	611084	-1	684
CP008822	611081	612253	-1	685
CP008822	612516	612992	1	686
CP008822	612989	613327	1	687
CP008822	613352	615001	1	688
CP008822	615040	615975	1	689
CP008822	615959	617083	1	690
CP008822	617173	617514	-1	691
CP008822	617511	618383	-1	692
CP008822	618380	619339	-1	693
CP008822	619341	621041	-1	694
CP008822	621078	621869	-1	695
CP008822	621860	622144	-1	696
CP008822	622174	623775	1	697
CP008822	623746	625107	-1	698
CP008822	625148	625525	-1	699
CP008822	625612	625866	1	700
CP008822	625856	626395	-1	701
CP008822	626392	627207	-1	702
CP008822	627215	627766	1	703
CP008822	627776	628765	1	704
CP008822	628762	629229	1	705
CP008822	629263	630072	1	706
CP008822	630069	630812	1	707
CP008822	630828	631667	1	708
CP008822	631692	632582	1	709
CP008822	632775	633293	-1	710
CP008822	633290	634033	-1	711
CP008822	634030	634842	-1	712
CP008822	634897	636189	-1	713
CP008822	636198	636587	1	714
CP008822	636571	636846	1	715
CP008822	636843	637655	1	716
CP008822	637718	638008	-1	717
CP008822	638360	639676	1	718
CP008822	639639	639977	1	719
CP008822	639974	641209	-1	720
CP008822	641288	641800	-1	721
CP008822	641933	645151	1	722
CP008822	645248	645601	-1	723
CP008822	645642	646991	-1	724
CP008822	647045	647830	-1	725
CP008822	647865	648938	-1	726
CP008822	649004	649522	-1	727
CP008822	649607	651280	-1	728
CP008822	651486	652025	1	729
CP008822	652022	652552	-1	730
CP008822	652549	653247	-1	731
CP008822	653684	654043	1	732
CP008822	654070	654864	1	733
CP008822	654928	655200	1	734
CP008822	655312	655563	1	735
CP008822	655610	656458	1	736
CP008822	656595	657338	1	737
CP008822	657335	657988	-1	738
CP008822	657939	658481	-1	739
CP008822	658563	659804	1	740
CP008822	659812	660459	1	741
CP008822	660431	660940	-1	742
CP008822	660937	661539	-1	743
CP008822	661594	661812	1	744
CP008822	661920	662357	1	745
CP008822	662338	665337	1	746
CP008822	665392	666876	1	747
CP008822	667021	667851	1	748
CP008822	667916	668524	1	749
CP008822	668486	669064	-1	750
CP008822	669064	669729	-1	751
CP008822	669731	670045	-1	752
CP008822	669996	670775	-1	753
CP008822	670785	671816	-1	754
CP008822	671857	672204	1	755
CP008822	672185	673291	-1	756
CP008822	673461	674354	1	757
CP008822	674361	674855	-1	758
CP008822	674843	675583	-1	759
CP008822	675622	676704	1	760
CP008822	676688	677089	-1	761
CP008822	677206	678213	1	762
CP008822	678226	679092	1	763
CP008822	678979	679488	-1	764
CP008822	679475	679735	-1	765
CP008822	680058	680687	1	766
CP008822	680678	681256	-1	767
CP008822	681339	681485	-1	768
CP008822	681822	682838	1	769
CP008822	682907	683530	-1	770
CP008822	683661	684383	-1	771
CP008822	684828	685526	-1	772
CP008822	685771	686313	1	773
CP008822	686303	686734	1	774
CP008822	686752	687918	1	775
CP008822	687907	689436	-1	776
CP008822	689491	689934	1	777
CP008822	690040	691536	-1	778
CP008822	691748	692488	1	779
CP008822	692566	694044	1	780
CP008822	694077	695189	1	781
CP008822	695186	697762	1	782
CP008822	697759	698754	1	783
CP008822	698730	698915	1	784
CP008822	698962	699561	-1	785
CP008822	699548	700015	-1	786
CP008822	700263	701072	1	787
CP008822	701338	701742	1	788
CP008822	701723	702640	-1	789
CP008822	702791	704551	1	790
CP008822	704797	705123	-1	791
CP008822	705156	705650	-1	792
CP008822	705828	706808	-1	793
CP008822	707029	707646	1	794
CP008822	707611	708333	-1	795
CP008822	708367	709248	-1	796
CP008822	709308	709724	1	797
CP008822	709726	710358	1	798
CP008822	710432	710941	-1	799
CP008822	710970	711836	1	800
CP008822	711871	712272	-1	801
CP008822	712438	713838	1	802
CP008822	713813	716005	-1	803
CP008822	716121	716486	-1	804
CP008822	716653	717969	1	805
CP008822	718030	718872	-1	806
CP008822	718998	719675	1	807
CP008822	719776	721728	1	808
CP008822	721735	722457	1	809
CP008822	722461	723114	1	810
CP008822	723152	724180	1	811
CP008822	724254	724604	1	812
CP008822	724611	725261	1	813
CP008822	725365	725655	1	814
CP008822	725695	726054	1	815
CP008822	726038	726865	1	816
CP008822	726961	727077	1	817
CP008822	727115	727762	1	818
CP008822	727855	728652	1	819
CP008822	728754	729056	1	820
CP008822	729053	729400	1	821
CP008822	729507	730445	-1	822
CP008822	730477	731469	-1	823
CP008822	731613	733082	1	824
CP008822	733079	733456	1	825
CP008822	733638	735248	1	826
CP008822	735245	735841	-1	827
CP008822	735873	736850	-1	828
CP008822	736852	737820	-1	829
CP008822	738035	739039	1	830
CP008822	739091	739477	1	831
CP008822	739572	740201	1	832
CP008822	740240	741106	1	833
CP008822	741113	742180	-1	834
CP008822	742301	743161	1	835
CP008822	743205	747509	1	836
CP008822	747540	748370	1	837
CP008822	748403	749041	1	838
CP008822	749041	750516	1	839
CP008822	750513	751091	1	840
CP008822	751091	751495	1	841
CP008822	751524	752441	1	842
CP008822	752473	752946	1	843
CP008822	753102	753980	1	844
CP008822	754030	754365	1	845
CP008822	754529	755020	-1	846
CP008822	755166	755522	1	847
CP008822	755542	756210	-1	848
CP008822	756386	757153	1	849
CP008822	757288	758439	1	850
CP008822	758434	758652	-1	851
CP008822	758710	759195	-1	852
CP008822	759192	760439	-1	853
CP008822	760503	760658	-1	854
CP008822	761161	761928	1	855
CP008822	761979	763931	1	856
CP008822	764312	764821	-1	857
CP008822	764883	765269	1	858
CP008822	765204	765866	-1	859
CP008822	766047	766154	1	860
CP008822	766151	766615	1	861
CP008822	766657	767034	1	862
CP008822	767038	767436	1	863
CP008822	767576	768415	1	864
CP008822	768412	770457	1	865
CP008822	770527	770814	-1	866
CP008822	770875	771669	-1	867
CP008822	771875	772390	1	868
CP008822	772665	772973	1	869
CP008822	774017	774325	1	870
CP008822	774480	775745	1	871
CP008822	776067	777062	-1	872
CP008822	777306	778634	1	873
CP008822	778720	779628	-1	874
CP008822	779600	780955	-1	875
CP008822	780955	781617	-1	876
CP008822	781614	782636	-1	877
CP008822	782935	786738	1	878
CP008822	786769	787893	-1	879
CP008822	788006	788524	1	880
CP008822	788898	789443	-1	881
CP008822	789494	790132	-1	882
CP008822	790089	791186	-1	883
CP008822	791259	792017	-1	884
CP008822	792064	793500	-1	885
CP008822	793618	794715	1	886
CP008822	794753	795259	1	887
CP008822	795264	796601	1	888
CP008822	796631	798112	1	889
CP008822	798109	798510	-1	890
CP008822	798507	798752	-1	891
CP008822	798908	800284	-1	892
CP008822	800488	801045	1	893
CP008822	801084	801479	1	894
CP008822	801476	802393	1	895
CP008822	802381	803184	1	896
CP008822	803235	803603	1	897
CP008822	803610	803942	-1	898
CP008822	803908	805089	-1	899
CP008822	805453	807024	-1	900
CP008822	807380	808513	1	901
CP008822	808750	809778	1	902
CP008822	810031	810945	1	903
CP008822	811121	811528	-1	904
CP008822	811518	812318	-1	905
CP008822	812303	813625	-1	906
CP008822	813879	815216	1	907
CP008822	815197	816459	1	908
CP008822	816456	818378	1	909
CP008822	818475	819083	-1	910
CP008822	819052	819687	-1	911
CP008822	819684	820283	-1	912
CP008822	820264	820704	-1	913
CP008822	820714	822381	-1	914
CP008822	822378	823025	-1	915
CP008822	823169	824707	-1	916
CP008822	825305	825931	1	917
CP008822	825928	827340	-1	918
CP008822	827846	828949	1	919
CP008822	828977	829669	-1	920
CP008822	829697	829945	-1	921
CP008822	830021	830398	-1	922
CP008822	830517	831611	1	923
CP008822	831810	832046	-1	924
CP008822	832149	832388	1	925
CP008822	832369	832734	1	926
CP008822	832744	833127	-1	927
CP008822	833161	833343	-1	928
CP008822	833283	833474	-1	929
CP008822	833635	834597	1	930
CP008822	834586	835416	-1	931
CP008822	835486	835905	-1	932
CP008822	836054	837043	1	933
CP008822	837074	838369	-1	934
CP008822	838787	840220	1	935
CP008822	840223	840612	-1	936
CP008822	840591	840821	-1	937
CP008822	840921	841601	1	938
CP008822	841725	841982	1	939
CP008822	842198	844183	-1	940
CP008822	844574	844840	-1	941
CP008822	845381	845809	1	942
CP008822	845796	846536	1	943
CP008822	846690	848921	1	944
CP008822	848944	849456	1	945
CP008822	849453	849692	-1	946
CP008822	849685	849915	-1	947
CP008822	850180	851196	1	948
CP008822	851357	852496	1	949
CP008822	852581	852958	-1	950
CP008822	852925	853260	-1	951
CP008822	853257	854798	-1	952
CP008822	854791	855759	-1	953
CP008822	856080	856574	1	954
CP008822	856562	856918	-1	955
CP008822	856947	857288	-1	956
CP008822	857275	857556	-1	957
CP008822	857531	858280	-1	958
CP008822	858255	859382	-1	959
CP008822	859379	859651	-1	960
CP008822	859653	859904	-1	961
CP008822	859914	860972	-1	962
CP008822	861189	862172	1	963
CP008822	862384	863952	1	964
CP008822	863874	864851	-1	965
CP008822	865023	865787	-1	966
CP008822	866063	866467	1	967
CP008822	866712	867980	1	968
CP008822	867967	868458	1	969
CP008822	868409	868984	1	970
CP008822	869050	869553	-1	971
CP008822	869543	870247	-1	972
CP008822	870416	871714	1	973
CP008822	871720	873957	1	974
CP008822	873958	874836	1	975
CP008822	874877	876091	1	976
CP008822	876088	876414	1	977
CP008822	876401	876946	1	978
CP008822	876965	877726	1	979
CP008822	878146	878331	-1	980
CP008822	878725	878886	-1	981
CP008822	879421	879972	-1	982
CP008822	879976	880167	-1	983
CP008822	880579	881109	1	984
CP008822	881428	882426	1	985
CP008822	882506	883276	-1	986
CP008822	883504	883959	1	987
CP008822	884120	884278	-1	988
CP008822	884462	885661	1	989
CP008822	885658	886434	1	990
CP008822	886700	887383	-1	991
CP008822	887380	889179	-1	992
CP008822	889289	890005	1	993
CP008822	889989	891116	1	994
CP008822	891708	891992	1	995
CP008822	892430	892753	-1	996
CP008822	892756	893511	-1	997
CP008822	893887	895275	1	998
CP008822	895289	895792	1	999
CP008822	895989	896408	1	1000
CP008822	896539	896916	-1	1001
CP008822	897640	897825	-1	1002
CP008822	898164	899321	-1	1003
CP008822	899650	899907	-1	1004
CP008822	900047	900781	1	1005
CP008822	900854	901984	1	1006
CP008822	902181	902993	-1	1007
CP008822	903063	903878	1	1008
CP008822	903904	904530	-1	1009
CP008822	904517	905149	-1	1010
CP008822	905131	905772	-1	1011
CP008822	905772	907034	-1	1012
CP008822	907035	907505	-1	1013
CP008822	907610	907999	1	1014
CP008822	908130	908936	-1	1015
CP008822	909038	909829	-1	1016
CP008822	910213	910446	1	1017
CP008822	910657	911532	1	1018
CP008822	911529	911855	1	1019
CP008822	911849	913618	-1	1020
CP008822	913795	914628	1	1021
CP008822	914667	915470	-1	1022
CP008822	915531	916145	-1	1023
CP008822	916238	917731	1	1024
CP008822	917737	918213	1	1025
CP008822	918304	919230	1	1026
CP008822	919227	920693	1	1027
CP008822	920698	921027	-1	1028
CP008822	921365	921619	1	1029
CP008822	921597	921941	1	1030
CP008822	921955	922242	1	1031
CP008822	922269	923681	1	1032
CP008822	923674	924123	-1	1033
CP008822	924099	924641	-1	1034
CP008822	924811	925419	-1	1035
CP008822	925653	926003	1	1036
CP008822	925991	926929	-1	1037
CP008822	927245	927988	1	1038
CP008822	927997	929154	1	1039
CP008822	929156	929449	1	1040
CP008822	929545	931143	1	1041
CP008822	931234	932070	1	1042
CP008822	932141	933073	1	1043
CP008822	933214	934527	1	1044
CP008822	934638	935162	-1	1045
CP008822	935253	936749	1	1046
CP008822	937055	938308	-1	1047
CP008822	938754	939170	1	1048
CP008822	939214	942072	1	1049
CP008822	942473	942904	1	1050
CP008822	943606	944433	1	1051
CP008822	944930	945052	1	1052
CP008822	945164	946381	-1	1053
CP008822	946353	948152	-1	1054
CP008822	948499	949524	-1	1055
CP008822	949807	950337	-1	1056
CP008822	950625	950783	-1	1057
CP008822	950850	950990	-1	1058
CP008822	951080	951271	-1	1059
CP008822	951852	952370	1	1060
CP008822	952563	953240	1	1061
CP008822	953576	954178	1	1062
CP008822	954804	955355	1	1063
CP008822	955659	956402	1	1064
CP008822	956418	957956	1	1065
CP008822	957959	958918	1	1066
CP008822	958919	960274	1	1067
CP008822	960418	961377	-1	1068
CP008822	961824	963479	1	1069
CP008822	963698	964873	-1	1070
CP008822	965251	966516	1	1071
CP008822	966824	968398	1	1072
CP008822	968431	971043	1	1073
CP008822	971054	971167	-1	1074
CP008822	971288	971749	-1	1075
CP008822	972010	972378	-1	1076
CP008822	972368	972751	-1	1077
CP008822	973650	975677	1	1078
CP008822	975686	976753	1	1079
CP008822	976750	977625	1	1080
CP008822	977603	978595	1	1081
CP008822	978576	979508	1	1082
CP008822	979505	980791	-1	1083
CP008822	980922	981854	1	1084
CP008822	981950	982411	-1	1085
CP008822	982401	983669	-1	1086
CP008822	983702	983917	1	1087
CP008822	983989	985290	-1	1088
CP008822	985664	986383	1	1089
CP008822	986380	987072	1	1090
CP008822	987333	988232	1	1091
CP008822	988248	989222	1	1092
CP008822	989224	989886	-1	1093
CP008822	990443	991042	1	1094
CP008822	991075	992019	-1	1095
CP008822	992022	992330	-1	1096
CP008822	992448	992852	-1	1097
CP008822	993179	995200	1	1098
CP008822	995351	995557	1	1099
CP008822	995921	996916	1	1100
CP008822	996966	998156	1	1101
CP008822	998307	999152	1	1102
CP008822	999121	999861	1	1103
CP008822	999858	1000385	1	1104
CP008822	1000436	1000699	1	1105
CP008822	1000655	1001560	-1	1106
CP008822	1001622	1003004	-1	1107
CP008822	1003006	1003479	-1	1108
CP008822	1003608	1004459	1	1109
CP008822	1004414	1005106	1	1110
CP008822	1005111	1005998	1	1111
CP008822	1006063	1006794	-1	1112
CP008822	1007078	1007770	-1	1113
CP008822	1008051	1008749	1	1114
CP008822	1008824	1009984	1	1115
CP008822	1010210	1010551	-1	1116
CP008822	1010984	1011535	-1	1117
CP008822	1011566	1012588	1	1118
CP008822	1012599	1013468	-1	1119
CP008822	1013646	1014173	-1	1120
CP008822	1014170	1014856	-1	1121
CP008822	1014985	1015575	-1	1122
CP008822	1016188	1016550	1	1123
CP008822	1016637	1016870	1	1124
CP008822	1016873	1018207	-1	1125
CP008822	1018473	1019360	-1	1126
CP008822	1019517	1019930	1	1127
CP008822	1020130	1021413	1	1128
CP008822	1021500	1022951	-1	1129
CP008822	1023076	1023813	-1	1130
CP008822	1023926	1024681	1	1131
CP008822	1024771	1026336	-1	1132
CP008822	1026408	1027418	-1	1133
CP008822	1027523	1027708	-1	1134
CP008822	1028215	1028697	-1	1135
CP008822	1028756	1029418	-1	1136
CP008822	1029577	1030812	1	1137
CP008822	1030815	1031552	1	1138
CP008822	1031810	1032739	-1	1139
CP008822	1033081	1034265	1	1140
CP008822	1034411	1034881	-1	1141
CP008822	1034868	1035536	-1	1142
CP008822	1035782	1037251	-1	1143
CP008822	1037315	1037764	-1	1144
CP008822	1037783	1039018	-1	1145
CP008822	1038984	1039631	-1	1146
CP008822	1039674	1039925	-1	1147
CP008822	1039930	1040253	-1	1148
CP008822	1040250	1040651	-1	1149
CP008822	1040653	1042374	-1	1150
CP008822	1042376	1042951	-1	1151
CP008822	1042953	1043837	-1	1152
CP008822	1044338	1045723	-1	1153
CP008822	1045867	1047225	-1	1154
CP008822	1047314	1048750	1	1155
CP008822	1048777	1049352	-1	1156
CP008822	1049360	1050142	-1	1157
CP008822	1050479	1051951	-1	1158
CP008822	1052255	1053241	1	1159
CP008822	1053350	1053637	1	1160
CP008822	1053634	1054794	1	1161
CP008822	1054824	1055966	1	1162
CP008822	1056001	1056660	1	1163
CP008822	1056920	1058845	1	1164
CP008822	1058842	1060374	1	1165
CP008822	1060419	1061213	-1	1166
CP008822	1061379	1062401	-1	1167
CP008822	1062555	1063178	-1	1168
CP008822	1063175	1064251	-1	1169
CP008822	1064683	1065555	-1	1170
CP008822	1065683	1065910	-1	1171
CP008822	1066038	1070405	-1	1172
CP008822	1070756	1070866	-1	1173
CP008822	1070929	1072308	1	1174
CP008822	1072333	1073085	1	1175
CP008822	1073281	1074129	-1	1176
CP008822	1074651	1075898	1	1177
CP008822	1076149	1077177	-1	1178
CP008822	1077167	1077925	-1	1179
CP008822	1077922	1079400	-1	1180
CP008822	1079384	1080109	-1	1181
CP008822	1080109	1081080	-1	1182
CP008822	1081107	1081472	-1	1183
CP008822	1081542	1082264	-1	1184
CP008822	1092289	1093107	1	1185
CP008822	1093108	1094016	1	1186
CP008822	1094016	1094375	1	1187
CP008822	1094380	1094640	1	1188
CP008822	1094637	1095152	1	1189
CP008822	1095667	1096317	1	1190
CP008822	1099985	1100104	1	1191
CP008822	1101266	1102120	1	1192
CP008822	1103552	1103716	1	1193
CP008822	1103847	1103948	-1	1194
CP008822	1108607	1108738	-1	1195
CP008822	1110092	1110292	-1	1196
CP008822	1112268	1112390	-1	1197
CP008822	1113375	1113533	1	1198
CP008822	1115541	1116080	1	1199
CP008822	1117078	1118358	1	1200
CP008822	1118726	1118896	1	1201
CP008822	1119043	1120785	1	1202
CP008822	1120951	1121079	-1	1203
CP008822	1121079	1121279	-1	1204
CP008822	1121606	1122829	1	1205
CP008822	1122826	1123089	1	1206
CP008822	1123272	1123583	1	1207
CP008822	1123652	1124098	1	1208
CP008822	1124073	1124870	1	1209
CP008822	1124870	1125718	1	1210
CP008822	1125693	1126520	1	1211
CP008822	1126524	1126673	1	1212
CP008822	1126670	1129330	1	1213
CP008822	1129327	1129962	1	1214
CP008822	1129959	1130909	1	1215
CP008822	1130906	1131739	1	1216
CP008822	1132022	1132198	-1	1217
CP008822	1132405	1133658	-1	1218
CP008822	1134138	1134419	-1	1219
CP008822	1134506	1135150	1	1220
CP008822	1135113	1135238	1	1221
CP008822	1135343	1135507	-1	1222
CP008822	1136635	1137585	-1	1223
CP008822	1139774	1140898	1	1224
CP008822	1141021	1141335	-1	1225
CP008822	1141332	1143947	-1	1226
CP008822	1144018	1145598	-1	1227
CP008822	1145855	1146289	-1	1228
CP008822	1146268	1147575	-1	1229
CP008822	1147587	1148336	-1	1230
CP008822	1148357	1150003	-1	1231
CP008822	1150005	1150943	-1	1232
CP008822	1150953	1152485	-1	1233
CP008822	1152739	1154157	1	1234
CP008822	1154653	1154877	1	1235
CP008822	1154864	1155268	1	1236
CP008822	1155283	1155468	1	1237
CP008822	1155583	1156179	1	1238
CP008822	1156176	1156946	1	1239
CP008822	1157289	1157429	1	1240
CP008822	1157783	1158556	1	1241
CP008822	1158620	1158895	1	1242
CP008822	1158892	1160565	1	1243
CP008822	1161104	1161574	-1	1244
CP008822	1161966	1162097	1	1245
CP008822	1162262	1163107	-1	1246
CP008822	1163268	1163387	-1	1247
CP008822	1163528	1163620	-1	1248
CP008822	1163589	1164773	-1	1249
CP008822	1165058	1165891	-1	1250
CP008822	1166113	1166685	1	1251
CP008822	1166705	1167193	1	1252
CP008822	1167190	1167618	1	1253
CP008822	1167615	1168109	1	1254
CP008822	1168109	1169560	1	1255
CP008822	1169557	1171419	1	1256
CP008822	1171428	1171541	1	1257
CP008822	1171567	1172580	-1	1258
CP008822	1172597	1173835	-1	1259
CP008822	1173832	1174977	-1	1260
CP008822	1175044	1175133	1	1261
CP008822	1175130	1175588	-1	1262
CP008822	1175781	1176035	-1	1263
CP008822	1176147	1177679	-1	1264
CP008822	1177975	1178220	-1	1265
CP008822	1178220	1178462	-1	1266
CP008822	1178730	1178870	1	1267
CP008822	1179085	1180764	-1	1268
CP008822	1181199	1181747	-1	1269
CP008822	1182256	1182933	1	1270
CP008822	1183114	1183572	-1	1271
CP008822	1184343	1185212	1	1272
CP008822	1185209	1185448	1	1273
CP008822	1185484	1186482	-1	1274
CP008822	1186479	1186967	-1	1275
CP008822	1186915	1187535	-1	1276
CP008822	1187694	1188101	-1	1277
CP008822	1188085	1188321	-1	1278
CP008822	1188764	1189798	1	1279
CP008822	1189774	1191237	1	1280
CP008822	1191247	1192428	1	1281
CP008822	1192425	1193597	-1	1282
CP008822	1193634	1195013	-1	1283
CP008822	1195411	1196058	1	1284
CP008822	1196246	1197646	1	1285
CP008822	1197748	1198512	1	1286
CP008822	1198487	1200562	-1	1287
CP008822	1201303	1201440	1	1288
CP008822	1201555	1201779	1	1289
CP008822	1201763	1202668	1	1290
CP008822	1202892	1203560	1	1291
CP008822	1203667	1204431	1	1292
CP008822	1204494	1205444	1	1293
CP008822	1205760	1205858	-1	1294
CP008822	1206099	1206455	-1	1295
CP008822	1206499	1207521	-1	1296
CP008822	1207734	1210508	-1	1297
CP008822	1210864	1211769	-1	1298
CP008822	1211972	1212682	1	1299
CP008822	1212672	1214021	1	1300
CP008822	1214323	1215402	1	1301
CP008822	1215584	1216411	1	1302
CP008822	1216443	1217135	1	1303
CP008822	1217150	1217791	-1	1304
CP008822	1217963	1218376	-1	1305
CP008822	1218383	1218955	1	1306
CP008822	1218952	1219362	1	1307
CP008822	1219377	1220723	-1	1308
CP008822	1220733	1220906	-1	1309
CP008822	1221014	1222603	-1	1310
CP008822	1222932	1223456	1	1311
CP008822	1223453	1223851	-1	1312
CP008822	1223823	1224065	-1	1313
CP008822	1224225	1224671	1	1314
CP008822	1224766	1226571	1	1315
CP008822	1226574	1227737	1	1316
CP008822	1227737	1228024	1	1317
CP008822	1228059	1228454	1	1318
CP008822	1228468	1229607	-1	1319
CP008822	1229639	1231327	-1	1320
CP008822	1231522	1231929	1	1321
CP008822	1232107	1232988	-1	1322
CP008822	1233090	1233698	1	1323
CP008822	1233686	1234501	1	1324
CP008822	1234681	1234956	-1	1325
CP008822	1235416	1236369	-1	1326
CP008822	1236366	1236791	-1	1327
CP008822	1236781	1237890	-1	1328
CP008822	1238175	1238732	1	1329
CP008822	1238925	1239266	-1	1330
CP008822	1239282	1239866	-1	1331
CP008822	1240135	1241307	1	1332
CP008822	1241571	1242272	1	1333
CP008822	1242752	1243078	1	1334
CP008822	1243233	1244213	-1	1335
CP008822	1244304	1245809	1	1336
CP008822	1246078	1248117	1	1337
CP008822	1248148	1249182	1	1338
CP008822	1249224	1249589	1	1339
CP008822	1249723	1249863	1	1340
CP008822	1249869	1251761	-1	1341
CP008822	1252676	1254148	1	1342
CP008822	1254845	1255276	1	1343
CP008822	1255254	1255595	1	1344
CP008822	1255855	1256304	-1	1345
CP008822	1256282	1257970	-1	1346
CP008822	1258076	1258351	1	1347
CP008822	1258425	1258643	-1	1348
CP008822	1258660	1259559	-1	1349
CP008822	1259872	1261464	1	1350
CP008822	1261495	1262271	1	1351
CP008822	1262276	1262374	1	1352
CP008822	1262378	1263352	-1	1353
CP008822	1263349	1264149	-1	1354
CP008822	1264146	1264979	-1	1355
CP008822	1264976	1266415	-1	1356
CP008822	1266689	1267825	1	1357
CP008822	1267822	1268040	1	1358
CP008822	1268032	1269687	-1	1359
CP008822	1269925	1270749	1	1360
CP008822	1270754	1271353	1	1361
CP008822	1271381	1271830	1	1362
CP008822	1272013	1272384	1	1363
CP008822	1272365	1273786	-1	1364
CP008822	1273928	1274797	1	1365
CP008822	1274803	1275729	1	1366
CP008822	1275746	1277260	1	1367
CP008822	1277440	1278036	1	1368
CP008822	1278066	1279778	1	1369
CP008822	1279770	1279943	-1	1370
CP008822	1279943	1281019	-1	1371
CP008822	1281060	1282025	-1	1372
CP008822	1282145	1283326	1	1373
CP008822	1283395	1284018	-1	1374
CP008822	1284053	1285096	-1	1375
CP008822	1285189	1286352	-1	1376
CP008822	1286409	1286798	-1	1377
CP008822	1286795	1287055	-1	1378
CP008822	1287121	1287789	-1	1379
CP008822	1287976	1288626	1	1380
CP008822	1288628	1289137	1	1381
CP008822	1289323	1290675	1	1382
CP008822	1290690	1291262	-1	1383
CP008822	1291494	1291946	1	1384
CP008822	1292019	1292438	1	1385
CP008822	1292447	1293049	1	1386
CP008822	1293218	1293847	-1	1387
CP008822	1294131	1297052	1	1388
CP008822	1297016	1297372	1	1389
CP008822	1297353	1298117	1	1390
CP008822	1298114	1299637	-1	1391
CP008822	1299704	1301401	-1	1392
CP008822	1301475	1302629	1	1393
CP008822	1302639	1302812	1	1394
CP008822	1303023	1304426	-1	1395
CP008822	1304437	1305975	-1	1396
CP008822	1305978	1306661	-1	1397
CP008822	1306658	1307143	-1	1398
CP008822	1307143	1307610	-1	1399
CP008822	1307582	1308136	-1	1400
CP008822	1308413	1309321	-1	1401
CP008822	1309819	1310283	1	1402
CP008822	1310280	1311035	1	1403
CP008822	1311153	1311734	1	1404
CP008822	1311731	1312423	1	1405
CP008822	1312401	1312775	1	1406
CP008822	1312845	1313246	1	1407
CP008822	1313251	1313931	-1	1408
CP008822	1313990	1314853	-1	1409
CP008822	1315131	1315607	1	1410
CP008822	1315600	1315839	1	1411
CP008822	1315892	1316692	1	1412
CP008822	1316807	1317532	-1	1413
CP008822	1317854	1318684	1	1414
CP008822	1318797	1319243	1	1415
CP008822	1319244	1320392	-1	1416
CP008822	1320568	1320993	-1	1417
CP008822	1320947	1321303	-1	1418
CP008822	1321351	1321884	-1	1419
CP008822	1321886	1322197	-1	1420
CP008822	1322405	1323085	1	1421
CP008822	1323103	1323663	-1	1422
CP008822	1323761	1325755	1	1423
CP008822	1325733	1327715	-1	1424
CP008822	1328032	1329159	-1	1425
CP008822	1329222	1329629	-1	1426
CP008822	1329877	1330218	1	1427
CP008822	1330271	1331179	1	1428
CP008822	1331185	1332378	1	1429
CP008822	1332422	1333141	1	1430
CP008822	1333079	1333588	-1	1431
CP008822	1333542	1334012	-1	1432
CP008822	1334034	1335296	-1	1433
CP008822	1335387	1335956	1	1434
CP008822	1336024	1336428	1	1435
CP008822	1336425	1337027	1	1436
CP008822	1337104	1337463	1	1437
CP008822	1337375	1339246	-1	1438
CP008822	1339243	1343058	-1	1439
CP008822	1343164	1344312	-1	1440
CP008822	1344530	1344985	1	1441
CP008822	1344982	1345338	1	1442
CP008822	1345339	1346793	-1	1443
CP008822	1346957	1349059	1	1444
CP008822	1349019	1349195	1	1445
CP008822	1349192	1350766	-1	1446
CP008822	1350982	1352598	-1	1447
CP008822	1352595	1353242	-1	1448
CP008822	1353448	1355421	-1	1449
CP008822	1355475	1356278	-1	1450
CP008822	1356303	1357157	-1	1451
CP008822	1357158	1357907	-1	1452
CP008822	1357904	1359106	-1	1453
CP008822	1359296	1360450	1	1454
CP008822	1360483	1360896	1	1455
CP008822	1360956	1361378	-1	1456
CP008822	1361375	1361605	-1	1457
CP008822	1361738	1362313	1	1458
CP008822	1362310	1362711	1	1459
CP008822	1362708	1363724	-1	1460
CP008822	1363837	1364736	1	1461
CP008822	1364777	1365256	-1	1462
CP008822	1365297	1365839	-1	1463
CP008822	1365917	1367008	-1	1464
CP008822	1367014	1367637	-1	1465
CP008822	1367769	1368083	-1	1466
CP008822	1368333	1368635	-1	1467
CP008822	1368688	1369029	1	1468
CP008822	1369005	1369421	-1	1469
CP008822	1369762	1370082	1	1470
CP008822	1370083	1372065	-1	1471
CP008822	1372235	1373239	1	1472
CP008822	1373428	1374156	1	1473
CP008822	1374196	1374375	1	1474
CP008822	1374372	1374752	-1	1475
CP008822	1374817	1375440	1	1476
CP008822	1375407	1375904	1	1477
CP008822	1376047	1376727	1	1478
CP008822	1376724	1377023	-1	1479
CP008822	1377020	1377328	-1	1480
CP008822	1377325	1377798	-1	1481
CP008822	1378081	1378431	1	1482
CP008822	1378464	1378925	-1	1483
CP008822	1378979	1380316	-1	1484
CP008822	1380313	1380822	-1	1485
CP008822	1380866	1381972	-1	1486
CP008822	1381969	1382601	-1	1487
CP008822	1382594	1382800	-1	1488
CP008822	1382810	1384504	-1	1489
CP008822	1384501	1385835	-1	1490
CP008822	1385870	1387114	1	1491
CP008822	1387116	1388963	1	1492
CP008822	1388968	1390803	1	1493
CP008822	1390830	1392248	-1	1494
CP008822	1392280	1393455	-1	1495
CP008822	1393537	1394619	1	1496
CP008822	1394660	1395049	-1	1497
CP008822	1395216	1396214	1	1498
CP008822	1396732	1397127	-1	1499
CP008822	1397268	1397810	-1	1500
CP008822	1398011	1399306	1	1501
CP008822	1399303	1400409	1	1502
CP008822	1400406	1401017	1	1503
CP008822	1401014	1402726	1	1504
CP008822	1402723	1403664	1	1505
CP008822	1403657	1404286	1	1506
CP008822	1404465	1405211	1	1507
CP008822	1405245	1405568	-1	1508
CP008822	1405578	1406012	-1	1509
CP008822	1406052	1406363	-1	1510
CP008822	1406817	1407194	-1	1511
CP008822	1407329	1407928	1	1512
CP008822	1408138	1409088	1	1513
CP008822	1409289	1409483	1	1514
CP008822	1409485	1409724	1	1515
CP008822	1409721	1410251	-1	1516
CP008822	1410383	1411000	-1	1517
CP008822	1411123	1411233	-1	1518
CP008822	1411478	1413166	1	1519
CP008822	1413159	1413743	1	1520
CP008822	1413740	1414246	-1	1521
CP008822	1414246	1415508	-1	1522
CP008822	1415631	1416104	1	1523
CP008822	1416076	1417161	1	1524
CP008822	1417158	1417493	1	1525
CP008822	1417515	1418201	-1	1526
CP008822	1418345	1420168	1	1527
CP008822	1420171	1421322	-1	1528
CP008822	1421380	1422159	-1	1529
CP008822	1422198	1424105	-1	1530
CP008822	1424546	1426513	1	1531
CP008822	1426510	1428483	-1	1532
CP008822	1428596	1429387	1	1533
CP008822	1429413	1429691	-1	1534
CP008822	1429788	1431548	-1	1535
CP008822	1431647	1433284	-1	1536
CP008822	1433446	1434762	-1	1537
CP008822	1434867	1435724	-1	1538
CP008822	1435987	1436898	1	1539
CP008822	1436928	1437806	1	1540
CP008822	1437803	1438930	1	1541
CP008822	1438999	1441521	1	1542
CP008822	1441660	1441815	-1	1543
CP008822	1442036	1442944	1	1544
CP008822	1442904	1443221	-1	1545
CP008822	1443260	1443979	1	1546
CP008822	1443984	1444739	-1	1547
CP008822	1444799	1445401	-1	1548
CP008822	1445503	1445889	-1	1549
CP008822	1445969	1446631	-1	1550
CP008822	1446711	1447043	-1	1551
CP008822	1447076	1447489	-1	1552
CP008822	1447498	1448046	-1	1553
CP008822	1448149	1448865	1	1554
CP008822	1448873	1449967	-1	1555
CP008822	1449969	1450415	-1	1556
CP008822	1450483	1450845	1	1557
CP008822	1450825	1451472	-1	1558
CP008822	1451538	1452794	-1	1559
CP008822	1452827	1453141	1	1560
CP008822	1453138	1453347	-1	1561
CP008822	1453386	1453841	-1	1562
CP008822	1453825	1454781	-1	1563
CP008822	1454824	1455498	1	1564
CP008822	1455500	1456108	-1	1565
CP008822	1456253	1456909	1	1566
CP008822	1456906	1457742	1	1567
CP008822	1457739	1458890	1	1568
CP008822	1458874	1459413	-1	1569
CP008822	1459712	1460758	1	1570
CP008822	1460962	1461162	1	1571
CP008822	1461159	1462751	1	1572
CP008822	1462753	1462986	-1	1573
CP008822	1463109	1463708	1	1574
CP008822	1463794	1464597	1	1575
CP008822	1464572	1465603	-1	1576
CP008822	1465647	1466840	1	1577
CP008822	1466844	1467398	-1	1578
CP008822	1467430	1468995	-1	1579
CP008822	1469060	1469560	-1	1580
CP008822	1469757	1470203	1	1581
CP008822	1470190	1470411	-1	1582
CP008822	1470413	1471135	-1	1583
CP008822	1471132	1471974	-1	1584
CP008822	1471971	1472771	-1	1585
CP008822	1472844	1473935	1	1586
CP008822	1473932	1474150	-1	1587
CP008822	1474175	1474843	-1	1588
CP008822	1474907	1476310	-1	1589
CP008822	1476506	1477723	1	1590
CP008822	1477769	1478389	1	1591
CP008822	1478445	1479266	1	1592
CP008822	1479318	1480292	1	1593
CP008822	1480346	1481200	-1	1594
CP008822	1481197	1481451	-1	1595
CP008822	1482020	1482337	-1	1596
CP008822	1482498	1482992	1	1597
CP008822	1483037	1483696	-1	1598
CP008822	1483731	1484843	-1	1599
CP008822	1484821	1485963	-1	1600
CP008822	1485997	1486662	1	1601
CP008822	1486659	1487306	-1	1602
CP008822	1487478	1488449	-1	1603
CP008822	1488474	1489073	-1	1604
CP008822	1489112	1490341	-1	1605
CP008822	1490364	1492964	-1	1606
CP008822	1493231	1493905	1	1607
CP008822	1494080	1494883	1	1608
CP008822	1494925	1495665	1	1609
CP008822	1495662	1496045	-1	1610
CP008822	1497018	1497404	-1	1611
CP008822	1497385	1497624	-1	1612
CP008822	1497704	1497949	-1	1613
CP008822	1498319	1498426	-1	1614
CP008822	1498666	1499193	-1	1615
CP008822	1499314	1500681	1	1616
CP008822	1500749	1501666	-1	1617
CP008822	1501816	1502127	-1	1618
CP008822	1502178	1503098	-1	1619
CP008822	1503095	1503787	-1	1620
CP008822	1503774	1504460	-1	1621
CP008822	1504507	1505604	-1	1622
CP008822	1505649	1506968	-1	1623
CP008822	1507117	1507959	-1	1624
CP008822	1508030	1508272	-1	1625
CP008822	1508291	1508707	-1	1626
CP008822	1508902	1509303	1	1627
CP008822	1509309	1510631	1	1628
CP008822	1510603	1510962	1	1629
CP008822	1510959	1511522	1	1630
CP008822	1511500	1511823	-1	1631
CP008822	1511867	1513120	1	1632
CP008822	1513085	1514134	-1	1633
CP008822	1514073	1514894	-1	1634
CP008822	1514895	1515962	-1	1635
CP008822	1515959	1516858	-1	1636
CP008822	1516855	1517889	-1	1637
CP008822	1518047	1518595	1	1638
CP008822	1518685	1519104	1	1639
CP008822	1519174	1519521	1	1640
CP008822	1519507	1519767	-1	1641
CP008822	1519973	1520359	-1	1642
CP008822	1520458	1520811	-1	1643
CP008822	1520846	1521445	1	1644
CP008822	1521434	1521925	-1	1645
CP008822	1521977	1522390	1	1646
CP008822	1522380	1522700	1	1647
CP008822	1522652	1523221	-1	1648
CP008822	1523222	1523506	-1	1649
CP008822	1523557	1523787	1	1650
CP008822	1523757	1524371	-1	1651
CP008822	1524491	1525459	1	1652
CP008822	1525443	1526414	1	1653
CP008822	1526448	1527671	-1	1654
CP008822	1527671	1528387	-1	1655
CP008822	1528497	1529039	1	1656
CP008822	1529116	1529313	1	1657
CP008822	1529316	1530107	-1	1658
CP008822	1530170	1531183	-1	1659
CP008822	1531186	1531851	-1	1660
CP008822	1531844	1532794	-1	1661
CP008822	1532840	1534465	1	1662
CP008822	1534466	1534936	1	1663
CP008822	1535109	1535306	-1	1664
CP008822	1535683	1536036	-1	1665
CP008822	1536137	1536559	-1	1666
CP008822	1536876	1538195	-1	1667
CP008822	1538534	1538968	-1	1668
CP008822	1539185	1539424	-1	1669
CP008822	1539405	1539857	-1	1670
CP008822	1540212	1540478	1	1671
CP008822	1540479	1541009	-1	1672
CP008822	1541168	1542565	-1	1673
CP008822	1542636	1542731	-1	1674
CP008822	1542972	1543547	-1	1675
CP008822	1543535	1545358	-1	1676
CP008822	1545612	1546337	1	1677
CP008822	1546297	1546644	-1	1678
CP008822	1546703	1547968	1	1679
CP008822	1547965	1549125	1	1680
CP008822	1549112	1550062	1	1681
CP008822	1550079	1551866	1	1682
CP008822	1551863	1552921	1	1683
CP008822	1553000	1553401	1	1684
CP008822	1553398	1553616	1	1685
CP008822	1553654	1554544	1	1686
CP008822	1554696	1555358	1	1687
CP008822	1555342	1555527	-1	1688
CP008822	1555566	1556519	1	1689
CP008822	1556500	1557564	1	1690
CP008822	1557619	1558248	1	1691
CP008822	1558301	1559713	-1	1692
CP008822	1559834	1560439	-1	1693
CP008822	1560504	1560902	-1	1694
CP008822	1560895	1562244	-1	1695
CP008822	1562440	1563294	1	1696
CP008822	1563281	1564321	1	1697
CP008822	1564324	1564842	1	1698
CP008822	1564839	1565699	-1	1699
CP008822	1565747	1567378	-1	1700
CP008822	1567466	1568464	1	1701
CP008822	1568514	1569563	1	1702
CP008822	1569564	1570730	-1	1703
CP008822	1570791	1571261	1	1704
CP008822	1571270	1571623	1	1705
CP008822	1571620	1571775	1	1706
CP008822	1571779	1572042	1	1707
CP008822	1572042	1572713	1	1708
CP008822	1572715	1572975	1	1709
CP008822	1572981	1573415	1	1710
CP008822	1573412	1574533	1	1711
CP008822	1574617	1574796	1	1712
CP008822	1574808	1575269	1	1713
CP008822	1575281	1575787	1	1714
CP008822	1575792	1576448	1	1715
CP008822	1576454	1577443	1	1716
CP008822	1577487	1577795	1	1717
CP008822	1577852	1580566	1	1718
CP008822	1580526	1581149	1	1719
CP008822	1581364	1582704	-1	1720
CP008822	1582972	1583535	1	1721
CP008822	1583532	1585130	1	1722
CP008822	1585127	1586632	1	1723
CP008822	1586643	1587116	1	1724
CP008822	1587171	1587557	1	1725
CP008822	1587635	1588681	1	1726
CP008822	1588692	1589774	1	1727
CP008822	1589779	1590186	1	1728
CP008822	1590173	1591405	1	1729
CP008822	1591430	1592725	1	1730
CP008822	1593207	1593614	-1	1731
CP008822	1593619	1594641	-1	1732
CP008822	1594638	1595861	-1	1733
CP008822	1595921	1596664	-1	1734
CP008822	1597149	1598012	1	1735
CP008822	1598672	1598809	-1	1736
CP008822	1598892	1600028	-1	1737
CP008822	1600029	1601480	-1	1738
CP008822	1601567	1602313	-1	1739
CP008822	1602345	1603325	-1	1740
CP008822	1603495	1603872	-1	1741
CP008822	1603878	1604657	-1	1742
CP008822	1604632	1605039	-1	1743
CP008822	1605050	1606093	-1	1744
CP008822	1606138	1607481	1	1745
CP008822	1607482	1608972	1	1746
CP008822	1608949	1609371	-1	1747
CP008822	1609358	1609681	-1	1748
CP008822	1609688	1609993	-1	1749
CP008822	1610029	1611279	1	1750
CP008822	1611280	1611528	-1	1751
CP008822	1611700	1612419	1	1752
CP008822	1612438	1613250	1	1753
CP008822	1613256	1614365	1	1754
CP008822	1614447	1614779	-1	1755
CP008822	1614810	1615928	-1	1756
CP008822	1615928	1616899	-1	1757
CP008822	1617112	1617606	-1	1758
CP008822	1617650	1618177	-1	1759
CP008822	1618221	1618421	-1	1760
CP008822	1618433	1618651	1	1761
CP008822	1618648	1618944	1	1762
CP008822	1618896	1619207	-1	1763
CP008822	1619218	1619595	-1	1764
CP008822	1619576	1620553	-1	1765
CP008822	1620630	1623056	1	1766
CP008822	1623103	1624293	-1	1767
CP008822	1624307	1625059	-1	1768
CP008822	1625062	1625643	-1	1769
CP008822	1625643	1626905	-1	1770
CP008822	1626902	1627486	-1	1771
CP008822	1627483	1628514	-1	1772
CP008822	1628504	1629229	-1	1773
CP008822	1629232	1630506	-1	1774
CP008822	1630570	1630845	-1	1775
CP008822	1630938	1632017	1	1776
CP008822	1632244	1634523	-1	1777
CP008822	1634694	1635359	-1	1778
CP008822	1635441	1635713	1	1779
CP008822	1635685	1637139	-1	1780
CP008822	1637275	1638414	1	1781
CP008822	1638401	1639732	1	1782
CP008822	1639720	1640766	1	1783
CP008822	1640763	1641425	1	1784
CP008822	1641379	1642605	1	1785
CP008822	1642599	1643525	-1	1786
CP008822	1643555	1644178	1	1787
CP008822	1644156	1645211	1	1788
CP008822	1645287	1646003	1	1789
CP008822	1646191	1646493	1	1790
CP008822	1646515	1647318	1	1791
CP008822	1647257	1647982	-1	1792
CP008822	1648106	1649794	1	1793
CP008822	1649798	1650151	-1	1794
CP008822	1650480	1650782	1	1795
CP008822	1650779	1651096	-1	1796
CP008822	1651137	1651334	-1	1797
CP008822	1651380	1653239	1	1798
CP008822	1653618	1656089	1	1799
CP008822	1656218	1656604	1	1800
CP008822	1656591	1657610	-1	1801
CP008822	1657656	1659548	-1	1802
CP008822	1659541	1660860	-1	1803
CP008822	1660895	1661068	-1	1804
CP008822	1661140	1662369	1	1805
CP008822	1662381	1663082	1	1806
CP008822	1663087	1663500	1	1807
CP008822	1663502	1664401	1	1808
CP008822	1664379	1665527	1	1809
CP008822	1665508	1665609	1	1810
CP008822	1665572	1665928	-1	1811
CP008822	1666334	1666837	1	1812
CP008822	1666861	1667070	1	1813
CP008822	1667071	1668147	-1	1814
CP008822	1668092	1669000	-1	1815
CP008822	1669474	1669752	1	1816
CP008822	1669759	1670643	1	1817
CP008822	1670670	1671419	-1	1818
CP008822	1671462	1672226	1	1819
CP008822	1672214	1672864	1	1820
CP008822	1672855	1673508	-1	1821
CP008822	1673505	1674599	-1	1822
CP008822	1674660	1676075	-1	1823
CP008822	1676077	1676370	-1	1824
CP008822	1676367	1676690	-1	1825
CP008822	1676726	1677088	1	1826
CP008822	1677048	1678664	1	1827
CP008822	1678640	1679104	-1	1828
CP008822	1679293	1679574	1	1829
CP008822	1679540	1679860	-1	1830
CP008822	1679970	1680266	-1	1831
CP008822	1680632	1683988	1	1832
CP008822	1683953	1684240	-1	1833
CP008822	1684335	1687130	-1	1834
CP008822	1687209	1687448	1	1835
CP008822	1687551	1688993	1	1836
CP008822	1688990	1689922	1	1837
CP008822	1689957	1691552	1	1838
CP008822	1691549	1692709	1	1839
CP008822	1692776	1692946	-1	1840
CP008822	1693074	1693469	1	1841
CP008822	1693471	1694811	1	1842
CP008822	1694777	1695856	1	1843
CP008822	1695864	1696733	1	1844
CP008822	1696742	1697791	1	1845
CP008822	1697849	1698646	1	1846
CP008822	1698750	1698929	1	1847
CP008822	1698960	1699634	1	1848
CP008822	1699637	1699909	1	1849
CP008822	1699984	1701366	1	1850
CP008822	1701948	1702310	-1	1851
CP008822	1702516	1703955	1	1852
CP008822	1710151	1711275	1	1853
CP008822	1711525	1711977	-1	1854
CP008822	1712007	1712351	-1	1855
CP008822	1712431	1713774	1	1856
CP008822	1713892	1715361	1	1857
CP008822	1715442	1716071	1	1858
CP008822	1716216	1717658	1	1859
CP008822	1717726	1718670	1	1860
CP008822	1718700	1720148	1	1861
CP008822	1720174	1721034	1	1862
CP008822	1721371	1722102	-1	1863
CP008822	1722108	1722794	-1	1864
CP008822	1722873	1723973	1	1865
CP008822	1723970	1724737	1	1866
CP008822	1725120	1725326	1	1867
CP008822	1725286	1725936	-1	1868
CP008822	1725891	1727129	-1	1869
CP008822	1727142	1727684	-1	1870
CP008822	1727748	1728251	1	1871
CP008822	1728248	1728679	1	1872
CP008822	1728663	1729538	-1	1873
CP008822	1729593	1730507	-1	1874
CP008822	1730504	1731376	-1	1875
CP008822	1731428	1732192	1	1876
CP008822	1732239	1732973	1	1877
CP008822	1732918	1733904	1	1878
CP008822	1733921	1734343	1	1879
CP008822	1734553	1734762	1	1880
CP008822	1734759	1735064	1	1881
CP008822	1735345	1737717	1	1882
CP008822	1737784	1738287	1	1883
CP008822	1738318	1739214	1	1884
CP008822	1739321	1739788	-1	1885
CP008822	1740164	1740427	-1	1886
CP008822	1740695	1741465	-1	1887
CP008822	1741467	1741664	-1	1888
CP008822	1741661	1741948	-1	1889
CP008822	1742203	1744419	1	1890
CP008822	1744523	1748605	1	1891
CP008822	1748643	1749893	1	1892
CP008822	1750035	1751285	1	1893
CP008822	1751402	1752310	1	1894
CP008822	1752307	1753515	1	1895
CP008822	1753516	1754283	1	1896
CP008822	1754617	1754778	1	1897
CP008822	1755086	1756021	1	1898
CP008822	1756556	1758637	1	1899
CP008822	1758740	1759786	-1	1900
CP008822	1760024	1762831	-1	1901
CP008822	1763113	1763817	1	1902
CP008822	1763938	1764633	-1	1903
CP008822	1765081	1765692	1	1904
CP008822	1765876	1767300	1	1905
CP008822	1767644	1768873	1	1906
CP008822	1768890	1769765	1	1907
CP008822	1769820	1770929	1	1908
CP008822	1771058	1771291	-1	1909
CP008822	1771476	1772921	1	1910
CP008822	1773253	1773603	1	1911
CP008822	1773575	1774198	1	1912
CP008822	1774315	1774434	1	1913
CP008822	1774408	1774773	-1	1914
CP008822	1774737	1774931	-1	1915
CP008822	1775238	1776290	1	1916
CP008822	1776765	1777016	-1	1917
CP008822	1778031	1779044	-1	1918
CP008822	1779126	1779380	-1	1919
CP008822	1779925	1781322	-1	1920
CP008822	1781584	1782093	1	1921
CP008822	1782648	1783022	1	1922
CP008822	1783617	1785413	1	1923
CP008822	1785633	1786190	-1	1924
CP008822	1786215	1786370	-1	1925
CP008822	1786660	1786989	1	1926
CP008822	1787328	1788419	1	1927
CP008822	1788387	1788509	-1	1928
CP008822	1788557	1789345	1	1929
CP008822	1789449	1790495	1	1930
CP008822	1790667	1790765	-1	1931
CP008822	1790845	1791894	1	1932
CP008822	1792355	1793251	1	1933
CP008822	1793340	1793591	-1	1934
CP008822	1793954	1794064	1	1935
CP008822	1794328	1794465	1	1936
CP008822	1794661	1795023	1	1937
CP008822	1795467	1795928	1	1938
CP008822	1795938	1796480	1	1939
CP008822	1796784	1797761	1	1940
CP008822	1797996	1798526	1	1941
CP008822	1798897	1800039	1	1942
CP008822	1800516	1801187	1	1943
CP008822	1801291	1801905	1	1944
CP008822	1802129	1803040	-1	1945
CP008822	1803030	1803860	-1	1946
CP008822	1803844	1804506	-1	1947
CP008822	1805009	1805875	-1	1948
CP008822	1805875	1806561	-1	1949
CP008822	1807273	1807578	-1	1950
CP008822	1807629	1807868	-1	1951
CP008822	1807872	1808144	-1	1952
CP008822	1808128	1808703	-1	1953
CP008822	1808706	1809704	-1	1954
CP008822	1809701	1810228	-1	1955
CP008822	1810277	1811053	-1	1956
CP008822	1811055	1812680	-1	1957
CP008822	1812671	1812961	-1	1958
CP008822	1813111	1813425	1	1959
CP008822	1813409	1814023	-1	1960
CP008822	1814214	1815389	-1	1961
CP008822	1815373	1816173	-1	1962
CP008822	1816122	1817294	-1	1963
CP008822	1817281	1818108	-1	1964
CP008822	1818062	1819108	-1	1965
CP008822	1819105	1820097	-1	1966
CP008822	1820094	1821128	-1	1967
CP008822	1821129	1822067	-1	1968
CP008822	1822036	1822857	-1	1969
CP008822	1823007	1823879	1	1970
CP008822	1823887	1824816	1	1971
CP008822	1824785	1825789	1	1972
CP008822	1825749	1826021	1	1973
CP008822	1826285	1828423	1	1974
CP008822	1828420	1830360	1	1975
CP008822	1830678	1831055	1	1976
CP008822	1831079	1831411	1	1977
CP008822	1831940	1832227	1	1978
CP008822	1832267	1832494	-1	1979
CP008822	1832585	1834453	-1	1980
CP008822	1834763	1835395	1	1981
CP008822	1835434	1836507	1	1982
CP008822	1836504	1837187	1	1983
CP008822	1837184	1838320	-1	1984
CP008822	1838365	1838700	1	1985
CP008822	1838789	1839553	1	1986
CP008822	1839652	1840041	1	1987
CP008822	1840023	1840520	1	1988
CP008822	1840528	1841721	1	1989
CP008822	1841721	1842779	1	1990
CP008822	1842767	1843276	1	1991
CP008822	1843257	1843757	1	1992
CP008822	1843759	1844049	1	1993
CP008822	1844050	1847508	1	1994
CP008822	1847508	1848899	1	1995
CP008822	1848896	1849921	1	1996
CP008822	1850086	1852353	1	1997
CP008822	1852577	1853047	-1	1998
CP008822	1853556	1856189	1	1999
CP008822	1856244	1856687	-1	2000
CP008822	1856684	1857181	-1	2001
CP008822	1857202	1857516	-1	2002
CP008822	1857565	1858140	1	2003
CP008822	1858113	1859036	-1	2004
CP008822	1859100	1860806	1	2005
CP008822	1860799	1862898	-1	2006
CP008822	1862986	1863288	1	2007
CP008822	1863293	1863871	1	2008
CP008822	1863872	1865647	1	2009
CP008822	1865647	1867047	1	2010
CP008822	1867044	1867685	1	2011
CP008822	1867675	1867836	1	2012
CP008822	1867854	1868168	1	2013
CP008822	1868209	1869651	1	2014
CP008822	1869686	1869973	1	2015
CP008822	1870023	1871036	1	2016
CP008822	1871033	1871629	1	2017
CP008822	1871677	1873197	1	2018
CP008822	1873194	1873628	-1	2019
CP008822	1873647	1874654	-1	2020
CP008822	1874623	1875009	-1	2021
CP008822	1874987	1876705	-1	2022
CP008822	1876898	1877392	-1	2023
CP008822	1877370	1878167	-1	2024
CP008822	1878201	1879160	1	2025
CP008822	1879116	1879970	-1	2026
CP008822	1880011	1880211	1	2027
CP008822	1880178	1881023	-1	2028
CP008822	1881053	1881442	-1	2029
CP008822	1881614	1881895	1	2030
CP008822	1881892	1882839	1	2031
CP008822	1882840	1883367	-1	2032
CP008822	1883403	1886258	1	2033
CP008822	1886259	1886723	-1	2034
CP008822	1886801	1887976	1	2035
CP008822	1887948	1888805	1	2036
CP008822	1888802	1889488	1	2037
CP008822	1889481	1890062	1	2038
CP008822	1890059	1890814	1	2039
CP008822	1890811	1891998	1	2040
CP008822	1891991	1892272	1	2041
CP008822	1892269	1892856	1	2042
CP008822	1892853	1893215	1	2043
CP008822	1893303	1893710	1	2044
CP008822	1893845	1895164	1	2045
CP008822	1895161	1896672	-1	2046
CP008822	1896686	1896916	-1	2047
CP008822	1897120	1897395	-1	2048
CP008822	1897543	1898013	-1	2049
CP008822	1898072	1898674	-1	2050
CP008822	1898661	1899002	-1	2051
CP008822	1898980	1899276	-1	2052
CP008822	1899273	1900145	-1	2053
CP008822	1900117	1901268	-1	2054
CP008822	1901258	1901833	-1	2055
CP008822	1901830	1902297	-1	2056
CP008822	1902299	1903195	-1	2057
CP008822	1903265	1903525	1	2058
CP008822	1903507	1903839	1	2059
CP008822	1903836	1904483	1	2060
CP008822	1904455	1905096	1	2061
CP008822	1905093	1906103	-1	2062
CP008822	1906127	1906624	-1	2063
CP008822	1906659	1906988	-1	2064
CP008822	1907015	1908364	-1	2065
CP008822	1908354	1908737	-1	2066
CP008822	1908839	1909480	1	2067
CP008822	1909406	1910038	-1	2068
CP008822	1910019	1911014	-1	2069
CP008822	1911008	1911346	-1	2070
CP008822	1911451	1912152	1	2071
CP008822	1912149	1912421	1	2072
CP008822	1912402	1913070	1	2073
CP008822	1913067	1915175	1	2074
CP008822	1915172	1916512	1	2075
CP008822	1916517	1917722	1	2076
CP008822	1917723	1919156	1	2077
CP008822	1919150	1920121	1	2078
CP008822	1920178	1920624	1	2079
CP008822	1920702	1920893	1	2080
CP008822	1920894	1922162	1	2081
CP008822	1922162	1923508	1	2082
CP008822	1923483	1924601	1	2083
CP008822	1924588	1927728	1	2084
CP008822	1927728	1928573	1	2085
CP008822	1928570	1929184	-1	2086
CP008822	1929270	1930214	1	2087
CP008822	1930215	1930760	-1	2088
CP008822	1930802	1930993	1	2089
CP008822	1931005	1931499	-1	2090
CP008822	1931606	1931989	1	2091
CP008822	1932021	1932506	1	2092
CP008822	1932408	1932869	-1	2093
CP008822	1932906	1933961	1	2094
CP008822	1934005	1934568	-1	2095
CP008822	1934640	1935419	1	2096
CP008822	1935423	1936313	-1	2097
CP008822	1936342	1937295	-1	2098
CP008822	1937282	1937935	-1	2099
CP008822	1937938	1938324	-1	2100
CP008822	1938327	1939694	1	2101
CP008822	1939687	1940940	1	2102
CP008822	1941015	1941440	1	2103
CP008822	1941472	1942704	1	2104
CP008822	1942684	1943367	-1	2105
CP008822	1943354	1944406	-1	2106
CP008822	1944676	1945188	1	2107
CP008822	1945167	1946264	-1	2108
CP008822	1946275	1947447	-1	2109
CP008822	1947444	1947782	-1	2110
CP008822	1947769	1948410	-1	2111
CP008822	1948423	1948683	-1	2112
CP008822	1948773	1949198	1	2113
CP008822	1949174	1949575	1	2114
CP008822	1949577	1950269	-1	2115
CP008822	1950271	1950981	-1	2116
CP008822	1950974	1951459	-1	2117
CP008822	1951488	1952648	1	2118
CP008822	1952629	1953225	1	2119
CP008822	1953581	1954249	1	2120
CP008822	1954219	1955442	1	2121
CP008822	1955425	1955823	-1	2122
CP008822	1956070	1956234	1	2123
CP008822	1956267	1957028	1	2124
CP008822	1956989	1957177	-1	2125
CP008822	1957178	1958224	-1	2126
CP008822	1958239	1959996	-1	2127
CP008822	1960576	1961289	1	2128
CP008822	1961514	1961786	-1	2129
CP008822	1961839	1962198	1	2130
CP008822	1962131	1962721	-1	2131
CP008822	1962775	1963761	-1	2132
CP008822	1963758	1964306	-1	2133
CP008822	1964324	1964848	1	2134
CP008822	1964839	1965336	1	2135
CP008822	1965344	1965676	1	2136
CP008822	1965718	1965936	1	2137
CP008822	1965933	1967993	-1	2138
CP008822	1967974	1968588	-1	2139
CP008822	1968611	1969114	1	2140
CP008822	1969148	1970401	1	2141
CP008822	1970376	1970630	1	2142
CP008822	1970642	1971070	1	2143
CP008822	1971057	1972388	-1	2144
CP008822	1972385	1973365	-1	2145
CP008822	1973421	1973873	-1	2146
CP008822	1973905	1974558	-1	2147
CP008822	1974780	1975178	1	2148
CP008822	1975198	1975485	-1	2149
CP008822	1975792	1976223	1	2150
CP008822	1976213	1977157	1	2151
CP008822	1977197	1977832	-1	2152
CP008822	1977817	1978416	-1	2153
CP008822	1978564	1979793	1	2154
CP008822	1979790	1980380	1	2155
CP008822	1980373	1981179	-1	2156
CP008822	1981294	1981821	1	2157
CP008822	1981992	1982903	1	2158
CP008822	1982971	1984494	-1	2159
CP008822	1984535	1984927	1	2160
CP008822	1984900	1985499	1	2161
CP008822	1985514	1986380	1	2162
CP008822	1986370	1986681	-1	2163
CP008822	1986749	1987282	1	2164
CP008822	1987373	1988881	1	2165
CP008822	1988859	1989494	1	2166
CP008822	1989472	1990251	1	2167
CP008822	1990360	1991844	1	2168
CP008822	1991850	1992128	1	2169
CP008822	1992112	1993377	-1	2170
CP008822	1993448	1994713	-1	2171
CP008822	1994764	1995189	1	2172
CP008822	1995170	1996573	-1	2173
CP008822	1996574	1997515	-1	2174
CP008822	1997508	1997945	-1	2175
CP008822	1997998	1999302	1	2176
CP008822	1999349	2000443	1	2177
CP008822	2000440	2002242	1	2178
CP008822	2002249	2002647	1	2179
CP008822	2002673	2003569	1	2180
CP008822	2003546	2004658	-1	2181
CP008822	2004716	2005933	1	2182
CP008822	2005916	2007052	-1	2183
CP008822	2007103	2008905	-1	2184
CP008822	2008902	2012360	-1	2185
CP008822	2012523	2013194	1	2186
CP008822	2013231	2014148	1	2187
CP008822	2014145	2014789	1	2188
CP008822	2014777	2015613	1	2189
CP008822	2015582	2016082	-1	2190
CP008822	2016144	2017715	1	2191
CP008822	2017718	2018623	1	2192
CP008822	2018785	2019675	-1	2193
CP008822	2019714	2020346	1	2194
CP008822	2020336	2020488	-1	2195
CP008822	2020545	2021108	1	2196
CP008822	2021101	2022192	1	2197
CP008822	2022194	2023342	1	2198
CP008822	2023305	2023949	1	2199
CP008822	2023966	2025942	1	2200
CP008822	2025957	2027387	1	2201
CP008822	2027410	2028951	1	2202
CP008822	2029389	2029784	1	2203
CP008822	2029787	2030332	1	2204
CP008822	2030314	2030577	-1	2205
CP008822	2030642	2031334	1	2206
CP008822	2031276	2031857	1	2207
CP008822	2031854	2033242	1	2208
CP008822	2033282	2035903	1	2209
CP008822	2035817	2036149	-1	2210
CP008822	2036137	2037039	-1	2211
CP008822	2037074	2037775	-1	2212
CP008822	2037840	2038226	1	2213
CP008822	2038203	2038559	-1	2214
CP008822	2038613	2039452	1	2215
CP008822	2039447	2040652	-1	2216
CP008822	2040685	2041488	1	2217
CP008822	2041465	2042214	-1	2218
CP008822	2042215	2043837	-1	2219
CP008822	2043837	2045234	-1	2220
CP008822	2045239	2045919	-1	2221
CP008822	2045972	2046865	1	2222
CP008822	2046925	2048070	1	2223
CP008822	2048077	2048271	1	2224
CP008822	2048455	2049621	1	2225
CP008822	2049618	2050286	1	2226
CP008822	2050286	2051986	1	2227
CP008822	2052049	2052426	1	2228
CP008822	2053068	2054432	1	2229
CP008822	2054511	2055473	-1	2230
CP008822	2055474	2056457	-1	2231
CP008822	2056457	2057557	-1	2232
CP008822	2057554	2058228	-1	2233
CP008822	2058198	2058833	-1	2234
CP008822	2058826	2059674	-1	2235
CP008822	2059671	2060348	-1	2236
CP008822	2060359	2060559	-1	2237
CP008822	2060564	2060977	-1	2238
CP008822	2060967	2061410	-1	2239
CP008822	2061407	2061760	-1	2240
CP008822	2061757	2062593	-1	2241
CP008822	2062547	2062945	-1	2242
CP008822	2062923	2063465	-1	2243
CP008822	2063475	2063972	-1	2244
CP008822	2063990	2065267	-1	2245
CP008822	2065309	2065713	1	2246
CP008822	2065753	2066067	1	2247
CP008822	2066113	2067189	1	2248
CP008822	2067186	2068427	1	2249
CP008822	2068414	2070765	-1	2250
CP008822	2070817	2071281	-1	2251
CP008822	2071300	2072325	1	2252
CP008822	2072293	2073324	-1	2253
CP008822	2073296	2073826	-1	2254
CP008822	2073801	2074472	-1	2255
CP008822	2074510	2075574	1	2256
CP008822	2075561	2077042	-1	2257
CP008822	2077717	2078829	-1	2258
CP008822	2079620	2080213	-1	2259
CP008822	2080203	2081951	-1	2260
CP008822	2081933	2082667	-1	2261
CP008822	2082720	2083547	1	2262
CP008822	2083522	2085999	-1	2263
CP008822	2086093	2086254	1	2264
CP008822	2086272	2086871	1	2265
CP008822	2086894	2087505	1	2266
CP008822	2087509	2088060	1	2267
CP008822	2088057	2088227	1	2268
CP008822	2088224	2088769	1	2269
CP008822	2088796	2089704	1	2270
CP008822	2089674	2089889	-1	2271
CP008822	2090083	2090430	1	2272
CP008822	2090411	2090980	-1	2273
CP008822	2091102	2091521	1	2274
CP008822	2091522	2092667	-1	2275
CP008822	2092715	2093350	-1	2276
CP008822	2093588	2093848	1	2277
CP008822	2093851	2094558	1	2278
CP008822	2094560	2095531	-1	2279
CP008822	2095531	2096109	-1	2280
CP008822	2096514	2096864	1	2281
CP008822	2096878	2098185	-1	2282
CP008822	2098163	2098576	-1	2283
CP008822	2098716	2099402	1	2284
CP008822	2099657	2100259	1	2285
CP008822	2100254	2101672	-1	2286
CP008822	2101828	2103585	1	2287
CP008822	2103588	2103845	1	2288
CP008822	2103807	2104478	-1	2289
CP008822	2104575	2106713	-1	2290
CP008822	2106764	2106955	1	2291
CP008822	2106964	2107182	1	2292
CP008822	2107179	2107586	-1	2293
CP008822	2107593	2108117	1	2294
CP008822	2108219	2108890	1	2295
CP008822	2108890	2109189	1	2296
CP008822	2109264	2109452	1	2297
CP008822	2109440	2109781	1	2298
CP008822	2109788	2110504	1	2299
CP008822	2110759	2111010	1	2300
CP008822	2111007	2111885	1	2301
CP008822	2112320	2114938	1	2302
CP008822	2114998	2116041	1	2303
CP008822	2116052	2116948	1	2304
CP008822	2116948	2118309	1	2305
CP008822	2118306	2119556	1	2306
CP008822	2119557	2120432	-1	2307
CP008822	2120492	2120752	1	2308
CP008822	2120895	2121824	1	2309
CP008822	2121854	2122153	-1	2310
CP008822	2122245	2122394	1	2311
CP008822	2122381	2123262	-1	2312
CP008822	2123315	2125030	1	2313
CP008822	2125027	2125377	1	2314
CP008822	2125377	2125778	1	2315
CP008822	2125802	2126437	1	2316
CP008822	2126437	2126985	1	2317
CP008822	2127026	2127436	1	2318
CP008822	2127429	2128037	-1	2319
CP008822	2128267	2129082	1	2320
CP008822	2129089	2129430	1	2321
CP008822	2129414	2129608	1	2322
CP008822	2129605	2130600	1	2323
CP008822	2130588	2131235	1	2324
CP008822	2131201	2131761	1	2325
CP008822	2131819	2132787	-1	2326
CP008822	2132846	2133187	1	2327
CP008822	2133155	2134126	-1	2328
CP008822	2134123	2134455	-1	2329
CP008822	2134462	2135247	-1	2330
CP008822	2135336	2135482	-1	2331
CP008822	2135519	2136265	-1	2332
CP008822	2136315	2136638	1	2333
CP008822	2136623	2137498	-1	2334
CP008822	2137506	2141168	-1	2335
CP008822	2141198	2143480	1	2336
CP008822	2143477	2144718	1	2337
CP008822	2144768	2145289	-1	2338
CP008822	2145262	2145459	-1	2339
CP008822	2145461	2145991	-1	2340
CP008822	2146004	2146441	-1	2341
CP008822	2146405	2147652	-1	2342
CP008822	2147657	2148331	-1	2343
CP008822	2148352	2148756	1	2344
CP008822	2148734	2149180	1	2345
CP008822	2149186	2149644	-1	2346
CP008822	2149662	2150657	-1	2347
CP008822	2150654	2151616	-1	2348
CP008822	2151613	2152350	-1	2349
CP008822	2152691	2152918	1	2350
CP008822	2153113	2154024	1	2351
CP008822	2154537	2156465	-1	2352
CP008822	2156539	2157594	1	2353
CP008822	2157584	2158282	-1	2354
CP008822	2158742	2160031	1	2355
CP008822	2160327	2162129	1	2356
CP008822	2162230	2163381	1	2357
CP008822	2163347	2163652	1	2358
CP008822	2163654	2163899	1	2359
CP008822	2163901	2164269	1	2360
CP008822	2164300	2165901	1	2361
CP008822	2165919	2167580	-1	2362
CP008822	2167841	2168428	-1	2363
CP008822	2168534	2168908	1	2364
CP008822	2168915	2170207	1	2365
CP008822	2170402	2170992	1	2366
CP008822	2170993	2172042	-1	2367
CP008822	2172044	2172394	-1	2368
CP008822	2172470	2172913	1	2369
CP008822	2172910	2174406	1	2370
CP008822	2174374	2175099	-1	2371
CP008822	2175081	2175599	-1	2372
CP008822	2175596	2176771	-1	2373
CP008822	2176833	2177330	1	2374
CP008822	2177327	2178379	1	2375
CP008822	2178391	2178915	1	2376
CP008822	2178899	2179429	1	2377
CP008822	2179416	2180357	1	2378
CP008822	2180357	2180800	1	2379
CP008822	2181401	2181958	1	2380
CP008822	2181990	2184416	-1	2381
CP008822	2184397	2184771	-1	2382
CP008822	2184797	2184934	-1	2383
CP008822	2185907	2186590	1	2384
CP008822	2186547	2186912	1	2385
CP008822	2186909	2187073	1	2386
CP008822	2187063	2187398	1	2387
CP008822	2187352	2188110	1	2388
CP008822	2188110	2188283	1	2389
CP008822	2188324	2188848	1	2390
CP008822	2189132	2189581	-1	2391
CP008822	2189697	2189945	1	2392
CP008822	2189942	2191171	1	2393
