Hmm	ORF	tlen	qlen	Eval	score	start	end	Acc	Pos	Cov_seq	Cov_hmm	strand
AbiEii_0_CAS-III	CP008822_1065	513	284	8.2e-09	32.5	956418	957956	CP008822	1065	0.2787524366471735	0.3591549295774648	1
AbiEii_0_CAS-III	CP008822_1081	331	284	0.0027	14.4	977603	978595	CP008822	1081	0.3867069486404834	0.4295774647887324	1
AbiEii_0_CAS-III	CP008822_1082	311	284	2.1e-05	21.4	978576	979508	CP008822	1082	0.3729903536977492	0.38380281690140844	1
AbiEii_0_CAS-III	CP008822_1102	282	284	1.5e-06	25.1	998307	999152	CP008822	1102	0.6312056737588653	0.4647887323943662	1
AbiEii_0_CAS-III	CP008822_1137	412	284	0.00038	17.2	1029577	1030812	CP008822	1137	0.10436893203883495	0.14788732394366197	1
AbiEii_0_CAS-III	CP008822_1167	341	284	0.0003	17.6	1061379	1062401	CP008822	1167	0.25219941348973607	0.29577464788732394	-1
AbiEii_0_CAS-III	CP008822_1169	359	284	3.1e-07	27.4	1063175	1064251	CP008822	1169	0.8495821727019499	0.8380281690140845	-1
AbiEii_0_CAS-III	CP008822_118	181	284	0.0035	14.0	97413	97955	CP008822	118	0.17679558011049723	0.11267605633802817	1
AbiEii_0_CAS-III	CP008822_1232	313	284	0.00033	17.4	1150005	1150943	CP008822	1232	0.2779552715654952	0.3204225352112676	-1
AbiEii_0_CAS-III	CP008822_1299	237	284	2.4e-06	24.4	1211972	1212682	CP008822	1299	0.510548523206751	0.43661971830985913	1
AbiEii_0_CAS-III	CP008822_1301	360	284	9.4e-17	58.6	1214323	1215402	CP008822	1301	0.39166666666666666	0.49295774647887325	1
AbiEii_0_CAS-III	CP008822_1353	325	284	0.00067	16.4	1262378	1263352	CP008822	1353	0.28307692307692306	0.3415492957746479	-1
AbiEii_0_CAS-III	CP008822_1607	225	284	8.8e-06	22.6	1493231	1493905	CP008822	1607	0.5511111111111111	0.43661971830985913	1
AbiEii_0_CAS-III	CP008822_1693	202	284	2e-05	21.4	1559834	1560439	CP008822	1693	0.30198019801980197	0.20774647887323944	-1
AbiEii_0_CAS-III	CP008822_1711	374	284	0.0058	13.3	1573412	1574533	CP008822	1711	0.09090909090909091	0.11971830985915492	1
AbiEii_0_CAS-III	CP008822_1739	249	284	0.00016	18.4	1601567	1602313	CP008822	1739	0.20080321285140562	0.1795774647887324	-1
AbiEii_0_CAS-III	CP008822_183	368	284	2.4e-06	24.4	143957	145060	CP008822	183	0.44565217391304346	0.3732394366197183	1
AbiEii_0_CAS-III	CP008822_2144	444	284	0.00065	16.4	1971057	1972388	CP008822	2144	0.08108108108108109	0.13028169014084506	-1
AbiEii_0_CAS-III	CP008822_215	749	284	2.3e-05	21.2	171281	173527	CP008822	215	0.06408544726301736	0.09507042253521127	1
AbiEii_0_CAS-III	CP008822_2168	495	284	9.5e-05	19.2	1990360	1991844	CP008822	2168	0.22626262626262628	0.36619718309859156	1
AbiEii_0_CAS-III	CP008822_2305	454	284	0.02	11.6	2116948	2118309	CP008822	2305	0.15418502202643172	0.24295774647887325	1
AbiEii_0_CAS-III	CP008822_2306	417	284	6e-06	23.1	2118306	2119556	CP008822	2306	0.5323741007194245	0.8450704225352113	1
AbiEii_0_CAS-III	CP008822_2336	761	284	7.3e-06	22.8	2141198	2143480	CP008822	2336	0.05387647831800263	0.07394366197183098	1
AbiEii_0_CAS-III	CP008822_2356	601	284	0.0013	15.4	2160327	2162129	CP008822	2356	0.11647254575707154	0.176056338028169	1
AbiEii_0_CAS-III	CP008822_2373	392	284	0.0021	14.8	2175596	2176771	CP008822	2373	0.05357142857142857	0.07394366197183098	-1
AbiEii_0_CAS-III	CP008822_258	318	284	3.5e-07	27.2	212432	213385	CP008822	258	0.44654088050314467	0.4753521126760563	-1
AbiEii_0_CAS-III	CP008822_361	274	284	2e-06	24.7	303818	304639	CP008822	361	0.3102189781021898	0.3028169014084507	-1
AbiEii_0_CAS-III	CP008822_482	701	284	2.1e-06	24.6	426299	428401	CP008822	482	0.06990014265335236	0.10211267605633803	1
AbiEii_0_CAS-III	CP008822_534	302	284	3e-06	24.1	477265	478170	CP008822	534	0.45364238410596025	0.46830985915492956	-1
AbiEii_0_CAS-III	CP008822_582	242	284	8e-07	26.0	519772	520497	CP008822	582	0.2975206611570248	0.25	-1
AbiEii_0_CAS-III	CP008822_633	244	284	4.1e-06	23.7	568517	569248	CP008822	633	0.45491803278688525	0.36619718309859156	1
AbiEii_0_CAS-III	CP008822_650	600	284	8.1e-06	22.7	579588	581387	CP008822	650	0.08833333333333333	0.11267605633802817	-1
AbiEii_0_CAS-III	CP008822_782	859	284	6.7e-05	19.7	695186	697762	CP008822	782	0.2048894062863795	0.5528169014084507	1
AbiEii_0_CAS-III	CP008822_827	199	284	3.6e-05	20.5	735245	735841	CP008822	827	0.40703517587939697	0.29577464788732394	-1
AbiEii_0_CAS-III	CP008822_875	452	284	4.1e-07	26.9	779600	780955	CP008822	875	0.413716814159292	0.44014084507042256	-1
AbiEii_0_CAS-III	CP008822_895	306	284	7.1e-05	19.6	801476	802393	CP008822	895	0.46405228758169936	0.5140845070422535	1
AbiEii_1_CAS-III-A	CP008822_1137	412	335	0.016	11.4	1029577	1030812	CP008822	1137	0.25485436893203883	0.3253731343283582	1
AbiEii_1_CAS-III-A	CP008822_2168	495	335	4.8e-07	26.3	1990360	1991844	CP008822	2168	0.1414141414141414	0.23880597014925373	1
AbiEii_1_CAS-III-A	CP008822_534	302	335	0.00054	16.3	477265	478170	CP008822	534	0.3543046357615894	0.32238805970149254	-1
AbiEii_1_CAS-III-A	CP008822_83	129	335	0.017	11.3	72127	72513	CP008822	83	0.6744186046511628	0.2417910447761194	1
AbiEii_2_CAS-III-C	CP008822_1137	412	440	7.7e-16	55.4	1029577	1030812	CP008822	1137	0.49514563106796117	0.5045454545454545	1
AbiEii_2_CAS-III-C	CP008822_1167	341	440	0.0094	12.3	1061379	1062401	CP008822	1167	0.22580645161290322	0.16136363636363638	-1
AbiEii_2_CAS-III-C	CP008822_1169	359	440	3.2e-10	36.9	1063175	1064251	CP008822	1169	0.5125348189415042	0.46136363636363636	-1
AbiEii_2_CAS-III-C	CP008822_1301	360	440	0.0026	14.2	1214323	1215402	CP008822	1301	0.1361111111111111	0.1159090909090909	1
AbiEii_2_CAS-III-C	CP008822_2168	495	440	4e-06	23.4	1990360	1991844	CP008822	2168	0.15555555555555556	0.175	1
Cas10_0_III	CP008822_1213	887	414	6.2e-14	48.9	1126670	1129330	CP008822	1213	0.49492671927846676	0.9323671497584541	1
Cas10_0_IIIA	CP008822_1213	887	650	1.3e-07	27.8	1126670	1129330	CP008822	1213	0.3596392333709132	0.4876923076923077	1
Cas10_1_CAS-III	CP008822_1213	887	654	1.1e-11	41.2	1126670	1129330	CP008822	1213	0.47576099210823	0.6712538226299695	1
Cas10_1_CAS-III-B	CP008822_1213	887	121	0.024	12.0	1126670	1129330	CP008822	1213	0.12288613303269448	0.6115702479338843	1
Cas10_5_CAS-III	CP008822_1213	887	838	0.0012	14.2	1126670	1129330	CP008822	1213	0.19052987598647125	0.20763723150357996	1
Cas10_7_CAS-III	CP008822_1213	887	410	1.9e-11	40.7	1126670	1129330	CP008822	1213	0.4419391206313416	0.8926829268292683	1
Cas10d_1_CAS-I-D	CP008822_728	558	886	0.0037	12.4	649607	651280	CP008822	728	0.1863799283154122	0.11512415349887133	-1
Cas11_0_IV	CP008822_2227	567	114	0.0013	15.8	2050286	2051986	CP008822	2227	0.26102292768959434	0.7105263157894737	1
Cas11b_0_CAS-I-B	CP008822_2011	214	170	0.0039	14.1	1867044	1867685	CP008822	2011	0.5373831775700935	0.6764705882352942	1
Cas12a_0_CAS-V-A	CP008822_193	277	1244	0.0052	11.7	151834	152664	CP008822	193	0.2779783393501805	0.06189710610932476	1
Cas12a_0_VA	CP008822_1499	132	1288	0.0066	11.2	1396732	1397127	CP008822	1499	0.6060606060606061	0.06288819875776397	-1
Cas12a_1_CAS-V-A	CP008822_193	277	1086	0.014	10.4	151834	152664	CP008822	193	0.296028880866426	0.0856353591160221	1
Cas12a_1_CAS-V-A	CP008822_213	66	1086	0.1	7.5	170682	170879	CP008822	213	0.6818181818181818	0.04511970534069982	1
Cas12a_M13_0_V-A	CP008822_1499	132	1237	0.007	11.1	1396732	1397127	CP008822	1499	0.4318181818181818	0.04688763136620857	-1
Cas12a_M13_0_V-A	CP008822_193	277	1237	0.016	9.9	151834	152664	CP008822	193	0.1624548736462094	0.03637833468067906	1
Cas12a_M29_0_V-A	CP008822_193	277	1289	0.011	10.3	151834	152664	CP008822	193	0.16967509025270758	0.03646237393328161	1
Cas12b2_0_CAS-V-B	CP008822_1590	406	747	0.00014	17.5	1476506	1477723	CP008822	1590	0.3916256157635468	0.8380187416331994	1
Cas12b2_0_CAS-V-B	CP008822_193	277	747	3.6e-08	29.4	151834	152664	CP008822	193	0.2779783393501805	0.10575635876840696	1
Cas12b2_0_CAS-V-B	CP008822_863	133	747	1.1e-06	24.4	767038	767436	CP008822	863	0.39849624060150374	0.07228915662650602	1
Cas12b2_1_CAS-V-B	CP008822_863	133	769	0.0003	16.2	767038	767436	CP008822	863	0.2857142857142857	0.06762028608582575	1
Cas12c_0_CAS-V-C	CP008822_193	277	1272	9.5	0.7	151834	152664	CP008822	193	0.19855595667870035	0.04559748427672956	1
Cas12d_0_CAS-V-D	CP008822_193	277	1163	0.0054	11.6	151834	152664	CP008822	193	0.15162454873646208	0.03611349957007739	1
Cas12d_0_CAS-V-D	CP008822_863	133	1163	0.013	10.4	767038	767436	CP008822	863	0.3157894736842105	0.03611349957007739	1
Cas12f1_0_CAS-V-F	CP008822_1590	406	512	5.4e-13	45.7	1476506	1477723	CP008822	1590	0.5024630541871922	0.435546875	1
Cas12f1_0_CAS-V-F	CP008822_193	277	512	5.5e-10	35.8	151834	152664	CP008822	193	0.3176895306859206	0.18359375	1
Cas12f1_0_CAS-V-F	CP008822_2282	436	512	1.9e-09	34.0	2096878	2098185	CP008822	2282	0.46559633027522934	0.427734375	-1
Cas12f1_0_CAS-V-F	CP008822_863	133	512	7e-08	28.8	767038	767436	CP008822	863	0.5864661654135338	0.16015625	1
Cas12f1_1_CAS-V-F	CP008822_1145	412	557	1.4e-09	34.3	1037783	1039018	CP008822	1145	0.3592233009708738	0.19748653500897667	-1
Cas12f1_1_CAS-V-F	CP008822_1499	132	557	5.5e-05	19.1	1396732	1397127	CP008822	1499	0.803030303030303	0.20107719928186715	-1
Cas12f1_1_CAS-V-F	CP008822_1590	406	557	2.1e-26	89.8	1476506	1477723	CP008822	1590	0.770935960591133	0.5870736086175943	1
Cas12f1_1_CAS-V-F	CP008822_193	277	557	3e-13	46.3	151834	152664	CP008822	193	0.38267148014440433	0.20825852782764812	1
Cas12f1_1_CAS-V-F	CP008822_2191	524	557	0.0094	11.7	2016144	2017715	CP008822	2191	0.11068702290076336	0.10412926391382406	1
Cas12f1_1_CAS-V-F	CP008822_2282	436	557	2.2e-08	30.3	2096878	2098185	CP008822	2282	0.3646788990825688	0.3734290843806104	-1
Cas12f1_1_CAS-V-F	CP008822_862	126	557	1.6e-05	20.8	766657	767034	CP008822	862	0.9047619047619048	0.21543985637342908	1
Cas12f1_1_CAS-V-F	CP008822_863	133	557	7.1e-17	58.3	767038	767436	CP008822	863	0.5112781954887218	0.13824057450628366	1
Cas12f1_2_CAS-V-F	CP008822_1145	412	429	1.5e-05	21.3	1037783	1039018	CP008822	1145	0.38349514563106796	0.358974358974359	-1
Cas12f1_2_CAS-V-F	CP008822_1590	406	429	9.999999999999999e-26	87.7	1476506	1477723	CP008822	1590	0.6970443349753694	0.7016317016317016	1
Cas12f1_2_CAS-V-F	CP008822_193	277	429	1.5e-17	60.8	151834	152664	CP008822	193	0.36823104693140796	0.23543123543123542	1
Cas12f1_2_CAS-V-F	CP008822_213	66	429	0.0024	14.0	170682	170879	CP008822	213	0.5909090909090909	0.07692307692307693	1
Cas12f1_2_CAS-V-F	CP008822_2282	436	429	1.7e-18	63.9	2096878	2098185	CP008822	2282	0.5252293577981652	0.5524475524475524	-1
Cas12f1_2_CAS-V-F	CP008822_2322	65	429	0.00048	16.3	2129414	2129608	CP008822	2322	0.5384615384615384	0.08158508158508158	1
Cas12f1_2_CAS-V-F	CP008822_862	126	429	0.00023	17.4	766657	767034	CP008822	862	0.8333333333333334	0.27505827505827507	1
Cas12f1_2_CAS-V-F	CP008822_863	133	429	3.8e-19	66.1	767038	767436	CP008822	863	0.45112781954887216	0.14219114219114218	1
Cas12f2_0_CAS-V-F	CP008822_1145	412	517	3.1e-07	26.4	1037783	1039018	CP008822	1145	0.3883495145631068	0.32688588007736946	-1
Cas12f2_0_CAS-V-F	CP008822_1499	132	517	8.2e-21	71.3	1396732	1397127	CP008822	1499	0.9393939393939394	0.2727272727272727	-1
Cas12f2_0_CAS-V-F	CP008822_1590	406	517	5.2e-59	197.3	1476506	1477723	CP008822	1590	0.7536945812807881	0.6421663442940039	1
Cas12f2_0_CAS-V-F	CP008822_193	277	517	2.9e-10	36.4	151834	152664	CP008822	193	0.16606498194945848	0.09090909090909091	1
Cas12f2_0_CAS-V-F	CP008822_862	126	517	1.5999999999999998e-25	86.8	766657	767034	CP008822	862	0.9841269841269841	0.2514506769825919	1
Cas12f2_0_CAS-V-F	CP008822_863	133	517	5.9e-21	71.7	767038	767436	CP008822	863	0.631578947368421	0.16247582205029013	1
Cas12f2_1_CAS-V-F	CP008822_1145	412	422	1.6e-14	51.0	1037783	1039018	CP008822	1145	0.4077669902912621	0.3933649289099526	-1
Cas12f2_1_CAS-V-F	CP008822_1499	132	422	2.1e-23	80.2	1396732	1397127	CP008822	1499	0.9621212121212122	0.3341232227488152	-1
Cas12f2_1_CAS-V-F	CP008822_1590	406	422	7.1e-65	216.8	1476506	1477723	CP008822	1590	0.8669950738916257	0.95260663507109	1
Cas12f2_1_CAS-V-F	CP008822_193	277	422	5.2e-16	55.8	151834	152664	CP008822	193	0.26714801444043323	0.18009478672985782	1
Cas12f2_1_CAS-V-F	CP008822_213	66	422	0.00047	16.4	170682	170879	CP008822	213	0.5757575757575758	0.06398104265402843	1
Cas12f2_1_CAS-V-F	CP008822_2282	436	422	4.8e-22	75.7	2096878	2098185	CP008822	2282	0.7844036697247706	0.8033175355450237	-1
Cas12f2_1_CAS-V-F	CP008822_2322	65	422	0.0008	15.7	2129414	2129608	CP008822	2322	0.4461538461538462	0.06872037914691943	1
Cas12f2_1_CAS-V-F	CP008822_2363	196	422	0.035	10.3	2167841	2168428	CP008822	2363	0.15306122448979592	0.07109004739336493	-1
Cas12f2_1_CAS-V-F	CP008822_80	73	422	0.0022	14.2	71208	71426	CP008822	80	0.4931506849315068	0.08530805687203792	1
Cas12f2_1_CAS-V-F	CP008822_854	52	422	0.00092	15.5	760503	760658	CP008822	854	0.6346153846153846	0.07109004739336493	-1
Cas12f2_1_CAS-V-F	CP008822_862	126	422	8.4e-25	84.8	766657	767034	CP008822	862	0.9761904761904762	0.3009478672985782	1
Cas12f2_1_CAS-V-F	CP008822_863	133	422	2.1e-26	90.1	767038	767436	CP008822	863	0.6165413533834586	0.1966824644549763	1
Cas12f2_1_CAS-V-F	CP008822_995	95	422	0.0081	12.3	891708	891992	CP008822	995	0.6736842105263158	0.15165876777251186	1
Cas12f2_2_CAS-V-F	CP008822_1499	132	493	2.1e-21	73.2	1396732	1397127	CP008822	1499	0.7651515151515151	0.2129817444219067	-1
Cas12f2_2_CAS-V-F	CP008822_1590	406	493	1e-48	163.3	1476506	1477723	CP008822	1590	0.7142857142857143	0.665314401622718	1
Cas12f2_2_CAS-V-F	CP008822_193	277	493	1.5e-12	44.0	151834	152664	CP008822	193	0.30685920577617326	0.1663286004056795	1
Cas12f2_2_CAS-V-F	CP008822_213	66	493	0.0067	12.2	170682	170879	CP008822	213	0.696969696969697	0.06490872210953347	1
Cas12f2_2_CAS-V-F	CP008822_2282	436	493	2.8e-10	36.5	2096878	2098185	CP008822	2282	0.43119266055045874	0.3894523326572008	-1
Cas12f2_2_CAS-V-F	CP008822_862	126	493	6.700000000000001e-22	74.8	766657	767034	CP008822	862	0.9126984126984127	0.2535496957403651	1
Cas12f2_2_CAS-V-F	CP008822_863	133	493	3e-22	76.0	767038	767436	CP008822	863	0.6090225563909775	0.16835699797160245	1
Cas12f3_0_CAS-V-F	CP008822_1499	132	496	2.2e-18	63.6	1396732	1397127	CP008822	1499	0.75	0.23588709677419356	-1
Cas12f3_0_CAS-V-F	CP008822_1590	406	496	1.3000000000000001e-33	113.8	1476506	1477723	CP008822	1590	0.6576354679802956	0.592741935483871	1
Cas12f3_0_CAS-V-F	CP008822_193	277	496	3.3e-08	30.0	151834	152664	CP008822	193	0.34657039711191334	0.16733870967741934	1
Cas12f3_0_CAS-V-F	CP008822_862	126	496	9.8e-20	68.0	766657	767034	CP008822	862	0.9126984126984127	0.26814516129032256	1
Cas12f3_0_CAS-V-F	CP008822_863	133	496	2.3e-10	37.1	767038	767436	CP008822	863	0.45864661654135336	0.10080645161290322	1
Cas12f7_0_CAS-V-F	CP008822_1499	132	566	2.1e-09	33.8	1396732	1397127	CP008822	1499	0.7272727272727273	0.17491166077738515	-1
Cas12f7_0_CAS-V-F	CP008822_1590	406	566	8.4e-18	61.5	1476506	1477723	CP008822	1590	0.6009852216748769	0.4628975265017668	1
Cas12f7_0_CAS-V-F	CP008822_862	126	566	2.4e-11	40.2	766657	767034	CP008822	862	0.8968253968253969	0.20141342756183744	1
Cas12f7_0_CAS-V-F	CP008822_863	133	566	0.00067	15.6	767038	767436	CP008822	863	0.5112781954887218	0.1254416961130742	1
Cas12g_0_CAS-V-G	CP008822_1590	406	771	8.7e-05	17.9	1476506	1477723	CP008822	1590	0.3694581280788177	0.20492866407263294	1
Cas12g_0_CAS-V-G	CP008822_863	133	771	0.00057	15.2	767038	767436	CP008822	863	0.48120300751879697	0.0933852140077821	1
Cas12h_0_CAS-V-H	CP008822_863	133	898	0.0034	12.6	767038	767436	CP008822	863	0.5338345864661654	0.08240534521158129	1
Cas12j_0_V-J	CP008822_1590	406	758	1.9e-10	36.4	1476506	1477723	CP008822	1590	0.30049261083743845	0.158311345646438	1
Cas12j_0_V-J	CP008822_193	277	758	5.2e-06	21.7	151834	152664	CP008822	193	0.18772563176895307	0.0712401055408971	1
Cas12j_0_V-J	CP008822_2282	436	758	2.1e-06	23.0	2096878	2098185	CP008822	2282	0.15825688073394495	0.08970976253298153	-1
Cas12j_0_V-J	CP008822_863	133	758	8.5e-11	37.6	767038	767436	CP008822	863	0.518796992481203	0.09234828496042216	1
Cas12m_0_V-M	CP008822_1145	412	577	7.8e-06	21.7	1037783	1039018	CP008822	1145	0.4174757281553398	0.30329289428076256	-1
Cas12m_0_V-M	CP008822_1590	406	577	1.5e-12	43.8	1476506	1477723	CP008822	1590	0.41133004926108374	0.30329289428076256	1
Cas12m_0_V-M	CP008822_193	277	577	6.9e-07	25.2	151834	152664	CP008822	193	0.19133574007220217	0.09705372616984402	1
Cas12m_0_V-M	CP008822_863	133	577	2.3e-11	39.9	767038	767436	CP008822	863	0.5263157894736842	0.12478336221837089	1
Cas1_0_CAS-I-II-III-IV-V-VI	CP008822_1186	303	317	1.1e-58	195.9	1093108	1094016	CP008822	1186	0.9570957095709571	1.0	1
Cas1_0_CAS-I-II-III-IV-V-VI	CP008822_1219	94	317	1.7e-21	73.7	1134138	1134419	CP008822	1219	0.9574468085106383	0.2870662460567823	-1
Cas1_0_CAS-I-II-III-IV-V-VI	CP008822_36	104	317	0.011	12.0	36015	36326	CP008822	36	0.6923076923076923	0.22397476340694006	1
Cas1_0_I-II-III	CP008822_1186	303	327	3.6e-61	204.1	1093108	1094016	CP008822	1186	0.9702970297029703	0.9969418960244648	1
Cas1_0_I-II-III	CP008822_1219	94	327	1.5e-19	67.3	1134138	1134419	CP008822	1219	0.9042553191489362	0.26299694189602446	-1
Cas1_0_I-II-III-V	CP008822_1186	303	315	1.7e-42	142.5	1093108	1094016	CP008822	1186	0.9471947194719472	0.9936507936507937	1
Cas1_0_I-II-III-V	CP008822_1219	94	315	4.6e-17	58.9	1134138	1134419	CP008822	1219	0.9468085106382979	0.2857142857142857	-1
Cas1_0_IA	CP008822_1186	303	347	6.6e-18	61.8	1093108	1094016	CP008822	1186	0.6534653465346535	0.5677233429394812	1
Cas1_0_IA	CP008822_1219	94	347	6.3e-08	29.0	1134138	1134419	CP008822	1219	0.6702127659574468	0.1844380403458213	-1
Cas1_0_IC	CP008822_1186	303	340	8.599999999999999e-24	81.4	1093108	1094016	CP008822	1186	0.7095709570957096	0.65	1
Cas1_0_IC	CP008822_1219	94	340	2.6e-07	27.2	1134138	1134419	CP008822	1219	0.925531914893617	0.2529411764705882	-1
Cas1_0_IE	CP008822_1186	303	269	1.5e-11	41.1	1093108	1094016	CP008822	1186	0.3102310231023102	0.35315985130111527	1
Cas1_0_II	CP008822_1186	303	278	5.9e-29	98.3	1093108	1094016	CP008822	1186	0.7227722772277227	0.802158273381295	1
Cas1_0_V	CP008822_1186	303	317	2.1e-12	43.8	1093108	1094016	CP008822	1186	0.46204620462046203	0.4384858044164038	1
Cas1_1_CAS-I-II-III-IV-V-VI	CP008822_1186	303	261	1.3e-53	179.0	1093108	1094016	CP008822	1186	0.759075907590759	0.9731800766283525	1
Cas1_1_CAS-I-II-III-IV-V-VI	CP008822_1219	94	261	2.8e-19	66.5	1134138	1134419	CP008822	1219	0.9042553191489362	0.32950191570881227	-1
Cas1_3_CAS-I-II-III-IV-V-VI	CP008822_1186	303	262	1.9e-11	40.8	1093108	1094016	CP008822	1186	0.25742574257425743	0.3015267175572519	1
Cas1_4_CAS-I-II-III-IV-V-VI	CP008822_1186	303	275	8.9e-28	94.3	1093108	1094016	CP008822	1186	0.7656765676567657	0.8654545454545455	1
Cas1_4_CAS-I-II-III-IV-V-VI	CP008822_1219	94	275	0.016	11.5	1134138	1134419	CP008822	1219	0.9148936170212766	0.32	-1
Cas1_5_CAS-I-II-III-IV-V-VI	CP008822_1186	303	338	9.4e-24	81.2	1093108	1094016	CP008822	1186	0.7425742574257426	0.7071005917159763	1
Cas1_5_CAS-I-II-III-IV-V-VI	CP008822_1219	94	338	2.7e-07	27.1	1134138	1134419	CP008822	1219	0.925531914893617	0.25443786982248523	-1
Cas1_6_CAS-I-II-III-IV-V-VI	CP008822_1186	303	320	2.1e-17	60.4	1093108	1094016	CP008822	1186	0.8976897689768977	0.9375	1
Cas1_6_CAS-I-II-III-IV-V-VI	CP008822_1219	94	320	1.4000000000000001e-28	97.2	1134138	1134419	CP008822	1219	0.9468085106382979	0.278125	-1
Cas1_7_CAS-I-II-III-IV-V-VI	CP008822_1186	303	328	6.6e-65	216.4	1093108	1094016	CP008822	1186	0.9900990099009901	0.9908536585365854	1
Cas1_7_CAS-I-II-III-IV-V-VI	CP008822_1219	94	328	1.2e-21	74.2	1134138	1134419	CP008822	1219	0.9680851063829787	0.2804878048780488	-1
Cas1_7_CAS-I-II-III-IV-V-VI	CP008822_36	104	328	0.0014	14.9	36015	36326	CP008822	36	0.7884615384615384	0.24695121951219512	1
Cas1_8_CAS-I-II-III-IV-V-VI	CP008822_1186	303	283	7.9e-52	173.3	1093108	1094016	CP008822	1186	0.7953795379537953	0.8869257950530035	1
Cas1_8_CAS-I-II-III-IV-V-VI	CP008822_1219	94	283	1.8e-17	60.5	1134138	1134419	CP008822	1219	0.925531914893617	0.31095406360424027	-1
Cas1_8_CAS-I-II-III-IV-V-VI	CP008822_36	104	283	0.0044	13.3	36015	36326	CP008822	36	0.5384615384615384	0.19434628975265017	1
Cas2_0_CAS-I-II-III-IV-V-VI	CP008822_1188	87	90	2.4e-17	60.3	1094380	1094640	CP008822	1188	0.9425287356321839	0.9222222222222223	1
Cas2_0_CAS-III-AM	CP008822_1188	87	95	0.00078	16.9	1094380	1094640	CP008822	1188	0.3793103448275862	0.3368421052631579	1
Cas2_0_I-II-III	CP008822_1188	87	96	1e-17	61.3	1094380	1094640	CP008822	1188	0.9425287356321839	0.8854166666666666	1
Cas2_0_I-II-III-V	CP008822_1188	87	83	1.2e-18	64.3	1094380	1094640	CP008822	1188	0.9080459770114943	0.9879518072289156	1
Cas2_11_CAS-I-II-III-IV-V-VI	CP008822_1188	87	71	1e-17	61.2	1094380	1094640	CP008822	1188	0.7816091954022989	0.9436619718309859	1
Cas2_2_CAS-I-II-III-IV-V-VI	CP008822_1188	87	79	6.9e-22	74.6	1094380	1094640	CP008822	1188	0.9080459770114943	0.9873417721518988	1
Cas2_2_CAS-I-II-III-IV-V-VI	CP008822_2145	327	79	0.0089	13.4	1972385	1973365	CP008822	2145	0.18042813455657492	0.6835443037974683	-1
Cas2_4_CAS-I-II-III-IV-V-VI	CP008822_1188	87	89	2.2e-22	76.4	1094380	1094640	CP008822	1188	0.9655172413793104	0.9438202247191011	1
Cas2_6_CAS-I-II-III-IV-V-VI	CP008822_1188	87	90	1.5e-09	35.3	1094380	1094640	CP008822	1188	0.735632183908046	0.7	1
Cas2_7_CAS-I-II-III-IV-V-VI	CP008822_1188	87	94	1.9e-25	86.3	1094380	1094640	CP008822	1188	0.9310344827586207	0.8617021276595744	1
Cas2_7_CAS-I-II-III-IV-V-VI	CP008822_2281	117	94	5.1e-05	20.8	2096514	2096864	CP008822	2281	0.7521367521367521	0.8191489361702128	1
Cas2_8_CAS-I-II-III-IV-V-VI	CP008822_149	93	101	4.1e-21	71.9	117795	118073	CP008822	149	0.9247311827956989	0.8514851485148515	1
Cas2_8_CAS-I-II-III-IV-V-VI	CP008822_2253	344	101	0.016	12.3	2072293	2073324	CP008822	2253	0.06395348837209303	0.21782178217821782	-1
Cas3-Cas2_0_CAS-I-F	CP008822_1180	493	1106	0.0034	12.3	1077922	1079400	CP008822	1180	0.09330628803245436	0.04159132007233273	-1
Cas3-Cas2_0_IF	CP008822_1180	493	1110	0.003	12.5	1077922	1079400	CP008822	1180	0.09330628803245436	0.04144144144144144	-1
Cas3HD_0_CAS-I	CP008822_1179	253	203	1.5e-07	28.6	1077167	1077925	CP008822	1179	0.40711462450592883	0.5812807881773399	-1
Cas3HD_0_CAS-I	CP008822_1223	317	203	1.1000000000000001e-30	104.1	1136635	1137585	CP008822	1223	0.6498422712933754	0.9852216748768473	-1
Cas3HD_0_CAS-I	CP008822_1654	408	203	0.0074	13.2	1526448	1527671	CP008822	1654	0.2107843137254902	0.458128078817734	-1
Cas3HD_0_CAS-I	CP008822_2225	389	203	0.015	12.2	2048455	2049621	CP008822	2225	0.1928020565552699	0.35467980295566504	1
Cas3HD_1_CAS-I	CP008822_1179	253	191	4.6e-62	206.4	1077167	1077925	CP008822	1179	0.8656126482213439	1.0	-1
Cas3HD_1_CAS-I	CP008822_1223	317	191	4.5e-08	30.3	1136635	1137585	CP008822	1223	0.35646687697160884	0.5654450261780105	-1
Cas3HD_2_CAS-I	CP008822_1179	253	231	2.1999999999999996e-24	83.4	1077167	1077925	CP008822	1179	0.9762845849802372	0.9696969696969697	-1
Cas3HD_2_CAS-I	CP008822_1223	317	231	1.4e-05	21.9	1136635	1137585	CP008822	1223	0.2334384858044164	0.31601731601731603	-1
Cas3_0_CAS-I	CP008822_1180	493	353	1.9e-54	182.2	1077922	1079400	CP008822	1180	0.691683569979716	0.9008498583569405	-1
Cas3_0_CAS-I	CP008822_1223	317	353	0.00033	17.0	1136635	1137585	CP008822	1223	0.138801261829653	0.1359773371104816	-1
Cas3_0_CAS-I	CP008822_1424	661	353	2.8e-12	43.5	1325733	1327715	CP008822	1424	0.18608169440242056	0.34844192634560905	-1
Cas3_0_CAS-I	CP008822_1444	701	353	0.0004	16.7	1346957	1349059	CP008822	1444	0.2582025677603424	0.48158640226628896	1
Cas3_0_CAS-I	CP008822_1449	658	353	1e-11	41.6	1353448	1355421	CP008822	1449	0.2917933130699088	0.5240793201133145	-1
Cas3_0_CAS-I	CP008822_1570	349	353	5.3e-14	49.2	1459712	1460758	CP008822	1570	0.6876790830945558	0.71671388101983	1
Cas3_0_CAS-I	CP008822_1827	539	353	1.4e-08	31.4	1677048	1678664	CP008822	1827	0.3042671614100185	0.5155807365439093	1
Cas3_0_CAS-I	CP008822_1832	1119	353	0.0015	14.8	1680632	1683988	CP008822	1832	0.041108132260947276	0.14447592067988668	1
Cas3_0_CAS-I	CP008822_1834	932	353	1.1e-14	51.4	1684335	1687130	CP008822	1834	0.3197424892703863	0.8781869688385269	-1
Cas3_0_CAS-I	CP008822_1957	542	353	0.001	15.4	1811055	1812680	CP008822	1957	0.08671586715867159	0.1274787535410765	-1
Cas3_0_CAS-I	CP008822_2144	444	353	8.1e-05	19.0	1971057	1972388	CP008822	2144	0.2882882882882883	0.3626062322946176	-1
Cas3_0_CAS-I	CP008822_2209	874	353	2e-17	60.4	2033282	2035903	CP008822	2209	0.38215102974828374	0.9065155807365439	1
Cas3_0_CAS-I	CP008822_2335	1221	353	6.6e-05	19.3	2137506	2141168	CP008822	2335	0.11793611793611794	0.35410764872521244	-1
Cas3_0_CAS-I	CP008822_2361	534	353	0.0092	12.2	2164300	2165901	CP008822	2361	0.21348314606741572	0.31728045325779036	1
Cas3_0_CAS-I	CP008822_251	763	353	0.021	11.1	205638	207926	CP008822	251	0.06815203145478375	0.141643059490085	1
Cas3_0_CAS-I	CP008822_54	906	353	1.7e-17	60.6	48813	51530	CP008822	54	0.34105960264900664	0.8810198300283286	1
Cas3_0_CAS-I	CP008822_559	741	353	9.2e-08	28.6	500908	503130	CP008822	559	0.3225371120107962	0.6827195467422096	1
Cas3_0_CAS-I	CP008822_597	444	353	1.1e-06	25.1	537413	538744	CP008822	597	0.240990990990991	0.29178470254957506	-1
Cas3_0_CAS-I-D	CP008822_1180	493	626	3.5e-15	52.3	1077922	1079400	CP008822	1180	0.4969574036511156	0.36261980830670926	-1
Cas3_0_CAS-I-D	CP008822_1449	658	626	0.0015	13.9	1353448	1355421	CP008822	1449	0.2750759878419453	0.26677316293929715	-1
Cas3_0_CAS-I-D	CP008822_1570	349	626	4e-09	32.3	1459712	1460758	CP008822	1570	0.49283667621776506	0.2731629392971246	1
Cas3_0_CAS-I-D	CP008822_1832	1119	626	4.6e-07	25.5	1680632	1683988	CP008822	1832	0.06702412868632708	0.12140575079872204	1
Cas3_0_CAS-I-D	CP008822_1834	932	626	4.9e-07	25.4	1684335	1687130	CP008822	1834	0.13841201716738197	0.18849840255591055	-1
Cas3_0_CAS-I-D	CP008822_2209	874	626	0.00082	14.8	2033282	2035903	CP008822	2209	0.10297482837528604	0.13738019169329074	1
Cas3_0_CAS-I-D	CP008822_54	906	626	2.5e-06	23.1	48813	51530	CP008822	54	0.13134657836644592	0.17092651757188498	1
Cas3_0_CAS-I-D	CP008822_559	741	626	1.8e-16	56.6	500908	503130	CP008822	559	0.3603238866396761	0.41533546325878595	1
Cas3_0_CAS-I-U	CP008822_1180	493	843	6.1e-12	41.3	1077922	1079400	CP008822	1180	0.20486815415821502	0.12099644128113879	-1
Cas3_0_CAS-I-U	CP008822_1223	317	843	0.0017	13.3	1136635	1137585	CP008822	1223	0.21766561514195584	0.0830367734282325	-1
Cas3_0_CAS-I-U	CP008822_1424	661	843	0.0045	12.0	1325733	1327715	CP008822	1424	0.2102874432677761	0.1553973902728351	-1
Cas3_0_I	CP008822_1180	493	358	1.1e-52	176.4	1077922	1079400	CP008822	1180	0.6876267748478702	0.8938547486033519	-1
Cas3_0_I	CP008822_1223	317	358	0.00019	17.8	1136635	1137585	CP008822	1223	0.24605678233438485	0.2122905027932961	-1
Cas3_0_I	CP008822_1424	661	358	1.3e-11	41.3	1325733	1327715	CP008822	1424	0.19213313161875945	0.3575418994413408	-1
Cas3_0_I	CP008822_1444	701	358	4.2e-05	19.9	1346957	1349059	CP008822	1444	0.26390870185449355	0.5	1
Cas3_0_I	CP008822_1449	658	358	1.2e-11	41.4	1353448	1355421	CP008822	1449	0.32066869300911854	0.5921787709497207	-1
Cas3_0_I	CP008822_1570	349	358	6.3e-13	45.6	1459712	1460758	CP008822	1570	0.6590257879656161	0.6871508379888268	1
Cas3_0_I	CP008822_1827	539	358	1.1e-08	31.7	1677048	1678664	CP008822	1827	0.2857142857142857	0.49162011173184356	1
Cas3_0_I	CP008822_1832	1119	358	0.00089	15.5	1680632	1683988	CP008822	1832	0.03932082216264522	0.13687150837988826	1
Cas3_0_I	CP008822_1834	932	358	3.3e-15	53.1	1684335	1687130	CP008822	1834	0.3197424892703863	0.8770949720670391	-1
Cas3_0_I	CP008822_1957	542	358	0.0012	15.1	1811055	1812680	CP008822	1957	0.12177121771217712	0.1787709497206704	-1
Cas3_0_I	CP008822_2144	444	358	0.00011	18.5	1971057	1972388	CP008822	2144	0.2927927927927928	0.3715083798882682	-1
Cas3_0_I	CP008822_2209	874	358	1.6e-17	60.8	2033282	2035903	CP008822	2209	0.3890160183066362	0.9217877094972067	1
Cas3_0_I	CP008822_2335	1221	358	0.00015	18.1	2137506	2141168	CP008822	2335	0.10401310401310401	0.35195530726256985	-1
Cas3_0_I	CP008822_2361	534	358	0.0056	12.9	2164300	2165901	CP008822	2361	0.24719101123595505	0.3687150837988827	1
Cas3_0_I	CP008822_54	906	358	2.5e-18	63.4	48813	51530	CP008822	54	0.347682119205298	0.8854748603351955	1
Cas3_0_I	CP008822_559	741	358	1.3e-07	28.2	500908	503130	CP008822	559	0.39541160593792174	0.8798882681564246	1
Cas3_0_I	CP008822_597	444	358	1.2e-06	25.0	537413	538744	CP008822	597	0.24324324324324326	0.2988826815642458	-1
Cas3_0_ID	CP008822_1180	493	357	6.1e-08	29.2	1077922	1079400	CP008822	1180	0.2434077079107505	0.31932773109243695	-1
Cas3_0_ID	CP008822_1424	661	357	0.00029	17.1	1325733	1327715	CP008822	1424	0.2632375189107413	0.453781512605042	-1
Cas3_0_ID	CP008822_1449	658	357	0.0062	12.7	1353448	1355421	CP008822	1449	0.196048632218845	0.32212885154061627	-1
Cas3_0_ID	CP008822_1570	349	357	1.5e-06	24.7	1459712	1460758	CP008822	1570	0.5329512893982808	0.5630252100840336	1
Cas3_0_ID	CP008822_1827	539	357	0.0049	13.1	1677048	1678664	CP008822	1827	0.1614100185528757	0.24369747899159663	1
Cas3_0_ID	CP008822_1834	932	357	1.1e-09	35.0	1684335	1687130	CP008822	1834	0.2532188841201717	0.6414565826330533	-1
Cas3_0_ID	CP008822_2209	874	357	6.4e-05	19.3	2033282	2035903	CP008822	2209	0.08237986270022883	0.19327731092436976	1
Cas3_0_ID	CP008822_54	906	357	1.4e-06	24.8	48813	51530	CP008822	54	0.32450331125827814	0.8235294117647058	1
Cas3_0_ID	CP008822_559	741	357	7.9e-14	48.6	500908	503130	CP008822	559	0.29959514170040485	0.6778711484593838	1
Cas3_0_ID	CP008822_597	444	357	0.017	11.3	537413	538744	CP008822	597	0.24324324324324326	0.29411764705882354	-1
Cas3_0_IU	CP008822_1180	493	864	4.7e-11	38.5	1077922	1079400	CP008822	1180	0.22515212981744423	0.13773148148148148	-1
Cas3_0_IU	CP008822_1223	317	864	0.00076	14.6	1136635	1137585	CP008822	1223	0.2082018927444795	0.0787037037037037	-1
Cas3_0_IU	CP008822_1424	661	864	0.00013	17.2	1325733	1327715	CP008822	1424	0.18910741301059	0.1400462962962963	-1
Cas3_0_IU	CP008822_1832	1119	864	0.00044	15.4	1680632	1683988	CP008822	1832	0.040214477211796246	0.05324074074074074	1
Cas3_1_CAS-I	CP008822_1180	493	745	4.5e-80	267.0	1077922	1079400	CP008822	1180	0.6896551724137931	0.47651006711409394	-1
Cas3_1_CAS-I	CP008822_1223	317	745	0.00023	16.7	1136635	1137585	CP008822	1223	0.13564668769716087	0.06577181208053691	-1
Cas3_1_CAS-I	CP008822_1424	661	745	3.4e-10	36.0	1325733	1327715	CP008822	1424	0.24659606656580937	0.22416107382550335	-1
Cas3_1_CAS-I	CP008822_1444	701	745	1.2e-05	20.9	1346957	1349059	CP008822	1444	0.12838801711840228	0.12483221476510067	1
Cas3_1_CAS-I	CP008822_1449	658	745	3e-09	32.8	1353448	1355421	CP008822	1449	0.32978723404255317	0.3006711409395973	-1
Cas3_1_CAS-I	CP008822_1570	349	745	1.2e-07	27.5	1459712	1460758	CP008822	1570	0.3553008595988539	0.19463087248322147	1
Cas3_1_CAS-I	CP008822_1739	249	745	0.017	10.6	1601567	1602313	CP008822	1739	0.08835341365461848	0.02953020134228188	-1
Cas3_1_CAS-I	CP008822_1827	539	745	2.7e-06	23.1	1677048	1678664	CP008822	1827	0.3172541743970315	0.2536912751677852	1
Cas3_1_CAS-I	CP008822_1832	1119	745	1.6e-05	20.5	1680632	1683988	CP008822	1832	0.06344950848972297	0.11275167785234899	1
Cas3_1_CAS-I	CP008822_1834	932	745	1.1e-12	44.2	1684335	1687130	CP008822	1834	0.18240343347639484	0.24026845637583893	-1
Cas3_1_CAS-I	CP008822_1957	542	745	0.0079	11.6	1811055	1812680	CP008822	1957	0.23062730627306274	0.17315436241610738	-1
Cas3_1_CAS-I	CP008822_2209	874	745	1.8e-14	50.1	2033282	2035903	CP008822	2209	0.2391304347826087	0.27248322147651005	1
Cas3_1_CAS-I	CP008822_54	906	745	1.7e-12	43.5	48813	51530	CP008822	54	0.17108167770419427	0.22416107382550335	1
Cas3_1_CAS-I	CP008822_559	741	745	4.1e-05	19.2	500908	503130	CP008822	559	0.26450742240215924	0.1906040268456376	1
Cas3_1_CAS-I	CP008822_597	444	745	0.00056	15.4	537413	538744	CP008822	597	0.28153153153153154	0.1704697986577181	-1
Cas3_1_CAS-I-D	CP008822_1180	493	353	8.9e-09	31.9	1077922	1079400	CP008822	1180	0.25760649087221094	0.34277620396600567	-1
Cas3_1_CAS-I-D	CP008822_1424	661	353	0.00011	18.5	1325733	1327715	CP008822	1424	0.2632375189107413	0.46742209631728043	-1
Cas3_1_CAS-I-D	CP008822_1444	701	353	0.0077	12.4	1346957	1349059	CP008822	1444	0.12696148359486448	0.2577903682719547	1
Cas3_1_CAS-I-D	CP008822_1449	658	353	0.0016	14.7	1353448	1355421	CP008822	1449	0.1884498480243161	0.31444759206798867	-1
Cas3_1_CAS-I-D	CP008822_1570	349	353	3.8e-07	26.6	1459712	1460758	CP008822	1570	0.4899713467048711	0.4475920679886686	1
Cas3_1_CAS-I-D	CP008822_1827	539	353	0.005	13.0	1677048	1678664	CP008822	1827	0.15213358070500926	0.2237960339943343	1
Cas3_1_CAS-I-D	CP008822_1832	1119	353	0.0086	12.3	1680632	1683988	CP008822	1832	0.09830205540661305	0.3087818696883853	1
Cas3_1_CAS-I-D	CP008822_1834	932	353	4.3e-10	36.3	1684335	1687130	CP008822	1834	0.10836909871244635	0.2577903682719547	-1
Cas3_1_CAS-I-D	CP008822_2209	874	353	3.6e-06	23.4	2033282	2035903	CP008822	2209	0.17276887871853547	0.4192634560906516	1
Cas3_1_CAS-I-D	CP008822_54	906	353	3.4e-07	26.7	48813	51530	CP008822	54	0.32671081677704195	0.8385269121813032	1
Cas3_1_CAS-I-D	CP008822_559	741	353	3e-14	49.9	500908	503130	CP008822	559	0.29959514170040485	0.6742209631728046	1
Cas3_1_CAS-I-D	CP008822_597	444	353	0.0086	12.3	537413	538744	CP008822	597	0.23873873873873874	0.29178470254957506	-1
Cas3_1_I	CP008822_1179	253	178	5.3e-11	40.0	1077167	1077925	CP008822	1179	0.48221343873517786	0.6741573033707865	-1
Cas3_1_I	CP008822_1223	317	178	5.8e-23	78.9	1136635	1137585	CP008822	1223	0.6151419558359621	0.9943820224719101	-1
Cas3_1_I	CP008822_1654	408	178	0.0048	14.1	1526448	1527671	CP008822	1654	0.23284313725490197	0.5224719101123596	-1
Cas3_2_CAS-I	CP008822_1180	493	967	2.3e-08	29.6	1077922	1079400	CP008822	1180	0.2880324543610548	0.1499482936918304	-1
Cas3_2_CAS-I	CP008822_1424	661	967	0.0069	11.6	1325733	1327715	CP008822	1424	0.20574886535552195	0.13650465356773525	-1
Cas3_2_CAS-I	CP008822_1570	349	967	0.00011	17.5	1459712	1460758	CP008822	1570	0.5444126074498568	0.20165460186142709	1
Cas3_2_CAS-I	CP008822_1827	539	967	5e-05	18.6	1677048	1678664	CP008822	1827	0.1836734693877551	0.09824198552223372	1
Cas3_2_CAS-I	CP008822_1834	932	967	0.0031	12.7	1684335	1687130	CP008822	1834	0.15665236051502146	0.1437435367114788	-1
Cas3_2_CAS-I	CP008822_54	906	967	3.7e-07	25.7	48813	51530	CP008822	54	0.206401766004415	0.18510858324715615	1
Cas3_2_CAS-I	CP008822_559	741	967	1.1e-14	50.7	500908	503130	CP008822	559	0.3873144399460189	0.2988624612202689	1
Cas3d_0_CAS-I-D	CP008822_1180	493	639	7.5e-11	38.2	1077922	1079400	CP008822	1180	0.359026369168357	0.28794992175273865	-1
Cas3d_0_CAS-I-D	CP008822_1444	701	639	0.0034	12.9	1346957	1349059	CP008822	1444	0.10699001426533523	0.12519561815336464	1
Cas3d_0_CAS-I-D	CP008822_1570	349	639	2.2e-05	20.2	1459712	1460758	CP008822	1570	0.332378223495702	0.17683881064162754	1
Cas3d_0_CAS-I-D	CP008822_1834	932	639	0.0027	13.2	1684335	1687130	CP008822	1834	0.1459227467811159	0.19874804381846636	-1
Cas3d_0_CAS-I-D	CP008822_2209	874	639	3.5e-05	19.5	2033282	2035903	CP008822	2209	0.13615560640732266	0.17370892018779344	1
Cas3d_0_CAS-I-D	CP008822_559	741	639	3.6e-06	22.7	500908	503130	CP008822	559	0.34143049932523617	0.38810641627543035	1
Cas3d_0_CAS-I-D	CP008822_597	444	639	0.00028	16.5	537413	538744	CP008822	597	0.22072072072072071	0.15179968701095461	-1
Cas3d_1_CAS-I-D	CP008822_1424	661	627	0.00026	16.5	1325733	1327715	CP008822	1424	0.2692889561270802	0.26953748006379585	-1
Cas3d_1_CAS-I-D	CP008822_1827	539	627	0.0076	11.6	1677048	1678664	CP008822	1827	0.18738404452690166	0.15151515151515152	1
Cas3d_1_CAS-I-D	CP008822_559	741	627	8.5e-12	41.2	500908	503130	CP008822	559	0.30364372469635625	0.3652312599681021	1
Cas3d_1_CAS-I-D	CP008822_597	444	627	3e-05	19.5	537413	538744	CP008822	597	0.1373873873873874	0.09888357256778309	-1
Cas4_0_CAS-I-II-III-IV-V-VI	CP008822_1189	172	179	7.5e-26	88.5	1094637	1095152	CP008822	1189	0.9709302325581395	1.0	1
Cas4_0_CAS-I-II-III-IV-V-VI	CP008822_156	231	179	0.0022	15.4	124336	125028	CP008822	156	0.2943722943722944	0.22346368715083798	-1
Cas4_0_CAS-I-II-III-IV-V-VI	CP008822_377	223	179	2.7e-09	34.6	318368	319036	CP008822	377	0.8385650224215246	0.9329608938547486	-1
Cas4_0_I-II	CP008822_1185	273	180	0.00016	18.6	1092289	1093107	CP008822	1185	0.41025641025641024	0.8888888888888888	1
Cas4_0_I-II	CP008822_1189	172	180	1.4000000000000001e-28	97.0	1094637	1095152	CP008822	1189	0.9709302325581395	0.9944444444444445	1
Cas4_0_I-II	CP008822_377	223	180	3.9e-11	40.2	318368	319036	CP008822	377	0.8385650224215246	0.9277777777777778	-1
Cas4_0_I-II	CP008822_525	348	180	0.029	11.3	468377	469420	CP008822	525	0.13793103448275862	0.26666666666666666	-1
Cas4_0_I-II-V	CP008822_1189	172	177	8.3e-21	71.9	1094637	1095152	CP008822	1189	0.9651162790697675	0.9943502824858758	1
Cas4_0_I-II-V	CP008822_377	223	177	1.7e-08	31.8	318368	319036	CP008822	377	0.7488789237668162	0.8305084745762712	-1
Cas4_0_IA	CP008822_1185	273	273	1.0999999999999999e-83	278.1	1092289	1093107	CP008822	1185	0.9560439560439561	0.9963369963369964	1
Cas4_1_CAS-I-II-III-IV-V-VI	CP008822_1185	273	270	1e-83	278.1	1092289	1093107	CP008822	1185	0.9523809523809523	0.9925925925925926	1
Cas4_3_CAS-I-II-III-IV-V-VI	CP008822_1189	172	197	1.2e-25	87.8	1094637	1095152	CP008822	1189	0.9767441860465116	0.9137055837563451	1
Cas4_3_CAS-I-II-III-IV-V-VI	CP008822_1590	406	197	0.97	6.5	1476506	1477723	CP008822	1590	0.3374384236453202	0.6903553299492385	1
Cas4_4_CAS-I-II-III-IV-V-VI	CP008822_1185	273	284	4.8999999999999997e-82	272.7	1092289	1093107	CP008822	1185	0.9816849816849816	0.9859154929577465	1
Cas4_5_CAS-I-II-III-IV-V-VI	CP008822_1189	172	161	7.3e-13	46.1	1094637	1095152	CP008822	1189	0.9476744186046512	0.9751552795031055	1
Cas4_6_CAS-I-II-III-IV-V-VI	CP008822_1185	273	292	1.5e-78	261.3	1092289	1093107	CP008822	1185	0.978021978021978	0.976027397260274	1
Cas5_0_CAS-I	CP008822_1181	242	201	6.1e-19	65.7	1079384	1080109	CP008822	1181	0.7148760330578512	0.835820895522388	-1
Cas5_0_CAS-I-A	CP008822_1181	242	179	3e-51	171.0	1079384	1080109	CP008822	1181	0.7066115702479339	0.994413407821229	-1
Cas5_0_I	CP008822_1181	242	43	4.8e-06	23.4	1079384	1080109	CP008822	1181	0.23553719008264462	0.9767441860465116	-1
Cas5_0_IA	CP008822_1181	242	173	9.7e-38	126.9	1079384	1080109	CP008822	1181	0.7024793388429752	1.0	-1
Cas5_0_IE	CP008822_1324	272	230	0.026	11.3	1233686	1234501	CP008822	1324	0.19117647058823528	0.21304347826086956	1
Cas5_1_CAS-I	CP008822_1181	242	241	1.6e-35	120.0	1079384	1080109	CP008822	1181	0.9628099173553719	0.9875518672199171	-1
Cas5_1_CAS-I-A	CP008822_1181	242	192	3.7e-66	219.5	1079384	1080109	CP008822	1181	0.7644628099173554	0.9895833333333334	-1
Cas5_2_CAS-I	CP008822_1181	242	213	0.00076	16.6	1079384	1080109	CP008822	1181	0.5661157024793388	0.6572769953051644	-1
Cas5_2_CAS-I-B	CP008822_658	169	194	0.012	12.7	587477	587983	CP008822	658	0.33136094674556216	0.24742268041237114	-1
Cas5a_0_CAS-I-A	CP008822_1181	242	284	4.6e-13	46.2	1079384	1080109	CP008822	1181	0.4132231404958678	0.34507042253521125	-1
Cas6_0_CAS-I-A-III-D	CP008822_1176	283	246	4e-08	30.0	1073281	1074129	CP008822	1176	0.9540636042402827	0.943089430894309	-1
Cas6_0_CAS-I-A-III-D	CP008822_1192	285	246	0.0001	18.8	1101266	1102120	CP008822	1192	0.9157894736842105	0.943089430894309	1
Cas6_0_CAS-I-A-III-D	CP008822_1207	104	246	3.7e-40	134.9	1123272	1123583	CP008822	1207	0.9807692307692307	0.4065040650406504	1
Cas6_0_CAS-I-D	CP008822_1207	104	278	5e-06	23.4	1123272	1123583	CP008822	1207	0.9326923076923077	0.3597122302158273	1
Cas6_0_CAS-I-II-III-IV-V-VI	CP008822_1176	283	194	1.9e-07	28.8	1073281	1074129	CP008822	1176	0.6148409893992933	0.711340206185567	-1
Cas6_0_CAS-I-II-III-IV-V-VI	CP008822_1192	285	194	3.5e-09	34.5	1101266	1102120	CP008822	1192	0.7473684210526316	0.9948453608247423	1
Cas6_0_CAS-I-II-III-IV-V-VI	CP008822_1207	104	194	0.0068	14.0	1123272	1123583	CP008822	1207	0.4519230769230769	0.20618556701030927	1
Cas6_0_CAS-I-II-III-IV-V-VI	CP008822_1220	215	194	1.3e-14	52.1	1134506	1135150	CP008822	1220	0.6511627906976745	0.7783505154639175	1
Cas6_0_CAS-I-II-III-IV-V-VI	CP008822_1221	42	194	1.2e-06	26.2	1135113	1135238	CP008822	1221	0.5952380952380952	0.13402061855670103	1
Cas6_0_I-III	CP008822_1176	283	200	1.1e-09	36.1	1073281	1074129	CP008822	1176	0.5936395759717314	0.695	-1
Cas6_0_I-III	CP008822_1192	285	200	2.1e-09	35.2	1101266	1102120	CP008822	1192	0.7578947368421053	0.975	1
Cas6_0_I-III	CP008822_1207	104	200	2e-05	22.2	1123272	1123583	CP008822	1207	0.5	0.24	1
Cas6_0_I-III	CP008822_1220	215	200	1.3e-19	68.5	1134506	1135150	CP008822	1220	0.7534883720930232	0.855	1
Cas6_0_I-III	CP008822_1221	42	200	4.5e-07	27.6	1135113	1135238	CP008822	1221	0.6428571428571429	0.145	1
Cas6_10_CAS-I-II-III-IV-V-VI	CP008822_1176	283	322	0.0038	13.5	1073281	1074129	CP008822	1176	0.38515901060070673	0.33229813664596275	-1
Cas6_10_CAS-I-II-III-IV-V-VI	CP008822_1192	285	322	0.00036	16.9	1101266	1102120	CP008822	1192	0.256140350877193	0.2204968944099379	1
Cas6_13_CAS-I-II-III-IV-V-VI	CP008822_1207	104	151	0.0063	14.0	1123272	1123583	CP008822	1207	0.5288461538461539	0.31125827814569534	1
Cas6_13_CAS-I-II-III-IV-V-VI	CP008822_1220	215	151	7.9e-12	42.9	1134506	1135150	CP008822	1220	0.5255813953488372	0.8211920529801324	1
Cas6_13_CAS-I-II-III-IV-V-VI	CP008822_1221	42	151	1.8e-10	38.5	1135113	1135238	CP008822	1221	0.6666666666666666	0.18543046357615894	1
Cas6_15_CAS-I-II-III-IV-V-VI	CP008822_1176	283	112	4.5e-16	56.6	1073281	1074129	CP008822	1176	0.4911660777385159	1.0	-1
Cas6_15_CAS-I-II-III-IV-V-VI	CP008822_1192	285	112	4.2e-14	50.3	1101266	1102120	CP008822	1192	0.4631578947368421	1.0	1
Cas6_15_CAS-I-II-III-IV-V-VI	CP008822_1207	104	112	1.6e-05	22.6	1123272	1123583	CP008822	1207	0.5192307692307693	0.44642857142857145	1
Cas6_3_CAS-I-II-III-IV-V-VI	CP008822_1220	215	240	1.2e-16	58.6	1134506	1135150	CP008822	1220	0.7674418604651163	0.7166666666666667	1
Cas6_3_CAS-I-II-III-IV-V-VI	CP008822_1221	42	240	8.8e-07	26.3	1135113	1135238	CP008822	1221	0.6428571428571429	0.1125	1
Cas6_6_IVD	CP008822_1176	283	259	0.023	11.2	1073281	1074129	CP008822	1176	0.10954063604240283	0.11969111969111969	-1
Cas6_6_IVD	CP008822_1207	104	259	0.014	12.0	1123272	1123583	CP008822	1207	0.4423076923076923	0.18532818532818532	1
Cas6_7_CAS-I-II-III-IV-V-VI	CP008822_1220	215	241	8.199999999999999e-24	81.9	1134506	1135150	CP008822	1220	0.9488372093023256	0.8672199170124482	1
Cas6_7_CAS-I-II-III-IV-V-VI	CP008822_1221	42	241	4.6e-09	33.7	1135113	1135238	CP008822	1221	0.6666666666666666	0.11618257261410789	1
Cas6_7_IV	CP008822_1220	215	262	1.3e-17	61.4	1134506	1135150	CP008822	1220	0.8558139534883721	0.7213740458015268	1
Cas6_7_IV	CP008822_1221	42	262	1.1e-07	28.9	1135113	1135238	CP008822	1221	0.7857142857142857	0.12595419847328243	1
Cas6_8_CAS-I-II-III-IV-V-VI	CP008822_1176	283	275	7.4e-07	25.9	1073281	1074129	CP008822	1176	0.6183745583038869	0.5672727272727273	-1
Cas6_8_CAS-I-II-III-IV-V-VI	CP008822_1192	285	275	1.8e-07	28.0	1101266	1102120	CP008822	1192	0.4	0.4	1
Cas6_8_CAS-I-II-III-IV-V-VI	CP008822_1207	104	275	2.6e-05	20.9	1123272	1123583	CP008822	1207	0.5	0.19272727272727272	1
Cas7_0_CAS-I	CP008822_1182	324	230	1.4e-48	162.3	1080109	1081080	CP008822	1182	0.8117283950617284	0.9956521739130435	-1
Cas7_0_CAS-I-B	CP008822_1182	324	306	1.8e-10	37.6	1080109	1081080	CP008822	1182	0.47530864197530864	0.32679738562091504	-1
Cas7_0_I	CP008822_1182	324	240	2.2e-48	161.5	1080109	1081080	CP008822	1182	0.8209876543209876	0.9875	-1
Cas7_0_IA	CP008822_1182	324	284	2.8e-93	309.3	1080109	1081080	CP008822	1182	0.8703703703703703	1.0	-1
Cas7_1_CAS-I	CP008822_1182	324	274	2.1e-88	293.3	1080109	1081080	CP008822	1182	0.8518518518518519	0.9963503649635036	-1
Cas7_1_IB	CP008822_1182	324	321	2.2e-08	30.6	1080109	1081080	CP008822	1182	0.5679012345679012	0.4517133956386293	-1
Cas7_2_CAS-I	CP008822_1182	324	338	7.5e-82	272.4	1080109	1081080	CP008822	1182	0.9907407407407407	0.9763313609467456	-1
Cas7_3_CAS-I	CP008822_1182	324	265	6.5e-76	251.9	1080109	1081080	CP008822	1182	0.8271604938271605	0.9886792452830189	-1
Cas8a1_0_IA	CP008822_1075	154	152	0.036	11.5	971288	971749	CP008822	1075	0.4675324675324675	0.4934210526315789	-1
Cas8a1_1_CAS-I-A	CP008822_1178	343	296	1.3e-154	510.7	1076149	1077177	CP008822	1178	0.8775510204081632	1.0	-1
Cas8a2_1_CAS-I-A	CP008822_1485	170	352	0.008	12.2	1380313	1380822	CP008822	1485	0.4	0.1903409090909091	-1
Cas8a3_1_CAS-I-A	CP008822_2299	239	294	0.0091	12.4	2109788	2110504	CP008822	2299	0.18410041841004185	0.14965986394557823	1
Cas8b1_11_CAS-I-B	CP008822_213	66	503	0.036	9.8	170682	170879	CP008822	213	0.7575757575757576	0.09940357852882704	1
Cas8b3_1_CAS-I-B	CP008822_1075	154	152	0.0058	14.0	971288	971749	CP008822	1075	0.5194805194805194	0.5263157894736842	-1
CasR_0_CAS-I-II-III-IV-V-VI	CP008822_1036	117	198	1e-07	28.9	925653	926003	CP008822	1036	0.6068376068376068	0.3686868686868687	1
CasR_0_CAS-I-II-III-IV-V-VI	CP008822_1093	221	198	0.003	14.3	989224	989886	CP008822	1093	0.3438914027149321	0.3838383838383838	-1
CasR_0_CAS-I-II-III-IV-V-VI	CP008822_1184	241	198	3.3e-23	79.4	1081542	1082264	CP008822	1184	0.7717842323651453	0.9444444444444444	-1
CasR_0_CAS-I-II-III-IV-V-VI	CP008822_1190	217	198	6.6e-32	107.8	1095667	1096317	CP008822	1190	0.9124423963133641	0.9949494949494949	1
CasR_0_CAS-I-II-III-IV-V-VI	CP008822_1199	180	198	0.015	12.0	1115541	1116080	CP008822	1199	0.5666666666666667	0.5151515151515151	1
CasR_0_CAS-I-II-III-IV-V-VI	CP008822_1246	282	198	0.00076	16.2	1162262	1163107	CP008822	1246	0.23404255319148937	0.3383838383838384	-1
CasR_0_CAS-I-II-III-IV-V-VI	CP008822_1262	153	198	0.00033	17.4	1175130	1175588	CP008822	1262	0.32679738562091504	0.25252525252525254	-1
CasR_0_CAS-I-II-III-IV-V-VI	CP008822_1271	153	198	0.00045	17.0	1183114	1183572	CP008822	1271	0.3333333333333333	0.25757575757575757	-1
CasR_0_CAS-I-II-III-IV-V-VI	CP008822_130	81	198	0.0045	13.7	106711	106953	CP008822	130	0.5679012345679012	0.23232323232323232	-1
CasR_0_CAS-I-II-III-IV-V-VI	CP008822_1335	327	198	0.0051	13.5	1243233	1244213	CP008822	1335	0.14678899082568808	0.2474747474747475	-1
CasR_0_CAS-I-II-III-IV-V-VI	CP008822_1345	150	198	6.7e-05	19.7	1255855	1256304	CP008822	1345	0.6066666666666667	0.4696969696969697	-1
CasR_0_CAS-I-II-III-IV-V-VI	CP008822_138	99	198	1e-05	22.3	111779	112075	CP008822	138	0.5858585858585859	0.2878787878787879	-1
CasR_0_CAS-I-II-III-IV-V-VI	CP008822_139	98	198	0.0039	13.9	112174	112467	CP008822	139	0.2857142857142857	0.13636363636363635	1
CasR_0_CAS-I-II-III-IV-V-VI	CP008822_1409	288	198	2.1e-07	27.9	1313990	1314853	CP008822	1409	0.3263888888888889	0.3434343434343434	-1
CasR_0_CAS-I-II-III-IV-V-VI	CP008822_1469	139	198	5.9e-08	29.7	1369005	1369421	CP008822	1469	0.460431654676259	0.3181818181818182	-1
CasR_0_CAS-I-II-III-IV-V-VI	CP008822_1534	93	198	0.0028	14.4	1429413	1429691	CP008822	1534	0.5053763440860215	0.24242424242424243	-1
CasR_0_CAS-I-II-III-IV-V-VI	CP008822_1640	116	198	0.00019	18.2	1519174	1519521	CP008822	1640	0.4827586206896552	0.2777777777777778	1
CasR_0_CAS-I-II-III-IV-V-VI	CP008822_1642	129	198	6.3e-06	23.0	1519973	1520359	CP008822	1642	0.4418604651162791	0.2878787878787879	-1
CasR_0_CAS-I-II-III-IV-V-VI	CP008822_1649	95	198	2.8e-06	24.2	1523222	1523506	CP008822	1649	0.4631578947368421	0.22727272727272727	-1
CasR_0_CAS-I-II-III-IV-V-VI	CP008822_169	142	198	1.1e-07	28.8	134900	135325	CP008822	169	0.7394366197183099	0.5252525252525253	1
CasR_0_CAS-I-II-III-IV-V-VI	CP008822_1811	119	198	0.034	10.8	1665572	1665928	CP008822	1811	0.4369747899159664	0.2727272727272727	-1
CasR_0_CAS-I-II-III-IV-V-VI	CP008822_1821	218	198	0.0014	15.3	1672855	1673508	CP008822	1821	0.21100917431192662	0.22727272727272727	-1
CasR_0_CAS-I-II-III-IV-V-VI	CP008822_197	105	198	3.2e-05	20.8	155892	156206	CP008822	197	0.6761904761904762	0.25757575757575757	1
CasR_0_CAS-I-II-III-IV-V-VI	CP008822_2111	214	198	4.3e-05	20.3	1947769	1948410	CP008822	2111	0.22897196261682243	0.24242424242424243	-1
CasR_0_CAS-I-II-III-IV-V-VI	CP008822_2122	133	198	2.9e-05	20.9	1955425	1955823	CP008822	2122	0.46616541353383456	0.31313131313131315	-1
CasR_0_CAS-I-II-III-IV-V-VI	CP008822_2142	85	198	0.0018	15.0	1970376	1970630	CP008822	2142	0.6470588235294118	0.2727272727272727	1
CasR_0_CAS-I-II-III-IV-V-VI	CP008822_2148	133	198	0.012	12.4	1974780	1975178	CP008822	2148	0.3082706766917293	0.21717171717171718	1
CasR_0_CAS-I-II-III-IV-V-VI	CP008822_2160	131	198	2.9e-05	20.9	1984535	1984927	CP008822	2160	0.2748091603053435	0.1919191919191919	1
CasR_0_CAS-I-II-III-IV-V-VI	CP008822_2220	466	198	0.00043	17.0	2043837	2045234	CP008822	2220	0.17167381974248927	0.29292929292929293	-1
CasR_0_CAS-I-II-III-IV-V-VI	CP008822_2272	116	198	0.00056	16.7	2090083	2090430	CP008822	2272	0.33620689655172414	0.19696969696969696	1
CasR_0_CAS-I-II-III-IV-V-VI	CP008822_2274	140	198	0.0065	13.2	2091102	2091521	CP008822	2274	0.6857142857142857	0.3181818181818182	1
CasR_0_CAS-I-II-III-IV-V-VI	CP008822_2332	249	198	7.7e-08	29.3	2135519	2136265	CP008822	2332	0.3092369477911647	0.3333333333333333	-1
CasR_0_CAS-I-II-III-IV-V-VI	CP008822_234	111	198	7.1e-06	22.9	190140	190472	CP008822	234	0.5945945945945946	0.32323232323232326	-1
CasR_0_CAS-I-II-III-IV-V-VI	CP008822_271	112	198	0.00048	16.9	223929	224264	CP008822	271	0.5178571428571429	0.2878787878787879	-1
CasR_0_CAS-I-II-III-IV-V-VI	CP008822_505	175	198	1.2e-06	25.4	448286	448810	CP008822	505	0.26857142857142857	0.23737373737373738	1
CasR_0_CAS-I-II-III-IV-V-VI	CP008822_605	241	198	4.8e-06	23.4	543656	544378	CP008822	605	0.27385892116182575	0.3383838383838384	-1
CasR_0_CAS-I-II-III-IV-V-VI	CP008822_705	156	198	2.4e-06	24.4	628762	629229	CP008822	705	0.4423076923076923	0.35353535353535354	1
CasR_0_CAS-I-II-III-IV-V-VI	CP008822_735	84	198	5e-06	23.4	655312	655563	CP008822	735	0.6071428571428571	0.2676767676767677	1
CasR_0_CAS-I-II-III-IV-V-VI	CP008822_819	266	198	5.2e-09	33.1	727855	728652	CP008822	819	0.42857142857142855	0.35858585858585856	1
CasR_0_CAS-I-II-III-IV-V-VI	CP008822_832	210	198	0.0043	13.8	739572	740201	CP008822	832	0.24761904761904763	0.2676767676767677	1
CasR_0_CAS-I-II-III-IV-V-VI	CP008822_855	256	198	6.3e-07	26.3	761161	761928	CP008822	855	0.3203125	0.25252525252525254	1
CasR_0_CAS-I-II-III-IV-V-VI	CP008822_955	119	198	0.0067	13.2	856562	856918	CP008822	955	0.453781512605042	0.25757575757575757	-1
CasR_0_CAS-III-B-III-D	CP008822_1199	180	255	1.6e-05	21.6	1115541	1116080	CP008822	1199	0.13333333333333333	0.09411764705882353	1
CasR_1_CAS-I-II-III-IV-V-VI	CP008822_1036	117	218	2.1e-08	30.7	925653	926003	CP008822	1036	0.4358974358974359	0.24311926605504589	1
CasR_1_CAS-I-II-III-IV-V-VI	CP008822_1184	241	218	3e-24	82.5	1081542	1082264	CP008822	1184	0.7759336099585062	0.8761467889908257	-1
CasR_1_CAS-I-II-III-IV-V-VI	CP008822_1190	217	218	1.4999999999999998e-43	145.6	1095667	1096317	CP008822	1190	0.9723502304147466	0.9770642201834863	1
CasR_1_CAS-I-II-III-IV-V-VI	CP008822_1246	282	218	0.001	15.4	1162262	1163107	CP008822	1246	0.2198581560283688	0.2889908256880734	-1
CasR_1_CAS-I-II-III-IV-V-VI	CP008822_1262	153	218	5.3e-05	19.6	1175130	1175588	CP008822	1262	0.3202614379084967	0.22477064220183487	-1
CasR_1_CAS-I-II-III-IV-V-VI	CP008822_1271	153	218	0.00058	16.2	1183114	1183572	CP008822	1271	0.32679738562091504	0.22935779816513763	-1
CasR_1_CAS-I-II-III-IV-V-VI	CP008822_130	81	218	0.0011	15.3	106711	106953	CP008822	130	0.5679012345679012	0.21100917431192662	-1
CasR_1_CAS-I-II-III-IV-V-VI	CP008822_1335	327	218	0.0062	12.8	1243233	1244213	CP008822	1335	0.14678899082568808	0.22477064220183487	-1
CasR_1_CAS-I-II-III-IV-V-VI	CP008822_1345	150	218	2.8e-05	20.5	1255855	1256304	CP008822	1345	0.4	0.2798165137614679	-1
CasR_1_CAS-I-II-III-IV-V-VI	CP008822_138	99	218	7e-07	25.7	111779	112075	CP008822	138	0.6767676767676768	0.3073394495412844	-1
CasR_1_CAS-I-II-III-IV-V-VI	CP008822_139	98	218	0.0042	13.4	112174	112467	CP008822	139	0.5408163265306123	0.22477064220183487	1
CasR_1_CAS-I-II-III-IV-V-VI	CP008822_1409	288	218	2e-09	34.0	1313990	1314853	CP008822	1409	0.3506944444444444	0.3394495412844037	-1
CasR_1_CAS-I-II-III-IV-V-VI	CP008822_1469	139	218	8.4e-08	28.7	1369005	1369421	CP008822	1469	0.4460431654676259	0.2798165137614679	-1
CasR_1_CAS-I-II-III-IV-V-VI	CP008822_1534	93	218	0.00098	15.4	1429413	1429691	CP008822	1534	0.5053763440860215	0.22018348623853212	-1
CasR_1_CAS-I-II-III-IV-V-VI	CP008822_1640	116	218	0.00021	17.6	1519174	1519521	CP008822	1640	0.5172413793103449	0.2706422018348624	1
CasR_1_CAS-I-II-III-IV-V-VI	CP008822_1642	129	218	5.5e-06	22.8	1519973	1520359	CP008822	1642	0.4496124031007752	0.26605504587155965	-1
CasR_1_CAS-I-II-III-IV-V-VI	CP008822_1649	95	218	2.8e-06	23.7	1523222	1523506	CP008822	1649	0.5894736842105263	0.27522935779816515	-1
CasR_1_CAS-I-II-III-IV-V-VI	CP008822_169	142	218	1.4e-07	28.1	134900	135325	CP008822	169	0.5211267605633803	0.3394495412844037	1
CasR_1_CAS-I-II-III-IV-V-VI	CP008822_1811	119	218	0.004	13.5	1665572	1665928	CP008822	1811	0.4117647058823529	0.23394495412844038	-1
CasR_1_CAS-I-II-III-IV-V-VI	CP008822_1821	218	218	0.00023	17.5	1672855	1673508	CP008822	1821	0.23853211009174313	0.23853211009174313	-1
CasR_1_CAS-I-II-III-IV-V-VI	CP008822_197	105	218	2.2e-05	20.8	155892	156206	CP008822	197	0.6952380952380952	0.21100917431192662	1
CasR_1_CAS-I-II-III-IV-V-VI	CP008822_2049	157	218	0.001	15.4	1897543	1898013	CP008822	2049	0.36942675159235666	0.28440366972477066	-1
CasR_1_CAS-I-II-III-IV-V-VI	CP008822_2111	214	218	9.8e-05	18.7	1947769	1948410	CP008822	2111	0.2523364485981308	0.24770642201834864	-1
CasR_1_CAS-I-II-III-IV-V-VI	CP008822_2122	133	218	6.2e-06	22.6	1955425	1955823	CP008822	2122	0.43609022556390975	0.26605504587155965	-1
CasR_1_CAS-I-II-III-IV-V-VI	CP008822_2142	85	218	0.00067	16.0	1970376	1970630	CP008822	2142	0.5411764705882353	0.21100917431192662	1
CasR_1_CAS-I-II-III-IV-V-VI	CP008822_2148	133	218	0.001	15.4	1974780	1975178	CP008822	2148	0.3383458646616541	0.21559633027522937	1
CasR_1_CAS-I-II-III-IV-V-VI	CP008822_2160	131	218	4.5e-05	19.8	1984535	1984927	CP008822	2160	0.2824427480916031	0.17889908256880735	1
CasR_1_CAS-I-II-III-IV-V-VI	CP008822_2220	466	218	9.7e-06	22.0	2043837	2045234	CP008822	2220	0.17167381974248927	0.26605504587155965	-1
CasR_1_CAS-I-II-III-IV-V-VI	CP008822_2272	116	218	0.00032	17.1	2090083	2090430	CP008822	2272	0.3448275862068966	0.1834862385321101	1
CasR_1_CAS-I-II-III-IV-V-VI	CP008822_2274	140	218	0.00035	16.9	2091102	2091521	CP008822	2274	0.6928571428571428	0.2981651376146789	1
CasR_1_CAS-I-II-III-IV-V-VI	CP008822_2292	73	218	0.00069	15.9	2106964	2107182	CP008822	2292	0.821917808219178	0.2798165137614679	1
CasR_1_CAS-I-II-III-IV-V-VI	CP008822_2332	249	218	1.9e-08	30.9	2135519	2136265	CP008822	2332	0.3493975903614458	0.3486238532110092	-1
CasR_1_CAS-I-II-III-IV-V-VI	CP008822_234	111	218	8.5e-07	25.5	190140	190472	CP008822	234	0.6126126126126126	0.3211009174311927	-1
CasR_1_CAS-I-II-III-IV-V-VI	CP008822_2377	177	218	0.009	12.3	2178899	2179429	CP008822	2377	0.384180790960452	0.25229357798165136	1
CasR_1_CAS-I-II-III-IV-V-VI	CP008822_271	112	218	8.6e-05	18.9	223929	224264	CP008822	271	0.42857142857142855	0.22477064220183487	-1
CasR_1_CAS-I-II-III-IV-V-VI	CP008822_505	175	218	1.8e-07	27.7	448286	448810	CP008822	505	0.26857142857142857	0.21559633027522937	1
CasR_1_CAS-I-II-III-IV-V-VI	CP008822_605	241	218	2.5e-06	23.9	543656	544378	CP008822	605	0.2697095435684647	0.30275229357798167	-1
CasR_1_CAS-I-II-III-IV-V-VI	CP008822_705	156	218	5.7e-07	26.0	628762	629229	CP008822	705	0.42948717948717946	0.3119266055045872	1
CasR_1_CAS-I-II-III-IV-V-VI	CP008822_735	84	218	6.5e-07	25.8	655312	655563	CP008822	735	0.6071428571428571	0.24311926605504589	1
CasR_1_CAS-I-II-III-IV-V-VI	CP008822_788	135	218	0.01	12.1	701338	701742	CP008822	788	0.17037037037037037	0.10550458715596331	1
CasR_1_CAS-I-II-III-IV-V-VI	CP008822_819	266	218	1.5e-09	34.5	727855	728652	CP008822	819	0.3383458646616541	0.22477064220183487	1
CasR_1_CAS-I-II-III-IV-V-VI	CP008822_832	210	218	0.0012	15.1	739572	740201	CP008822	832	0.23809523809523808	0.23394495412844038	1
CasR_1_CAS-I-II-III-IV-V-VI	CP008822_855	256	218	2.1e-08	30.7	761161	761928	CP008822	855	0.46875	0.3532110091743119	1
CasR_1_CAS-I-II-III-IV-V-VI	CP008822_987	152	218	0.0081	12.4	883504	883959	CP008822	987	0.3157894736842105	0.22018348623853212	1
Cmr1gr7_2_CAS-III-B-III-C	CP008822_1221	42	393	0.00078	15.7	1135113	1135238	CP008822	1221	0.6904761904761905	0.0737913486005089	1
Cmr3_0_IIIC	CP008822_769	339	287	0.0068	12.9	681822	682838	CP008822	769	0.23893805309734514	0.2926829268292683	1
Cmr4_0_IIIB	CP008822_1209	266	283	1.9e-09	34.9	1124073	1124870	CP008822	1209	0.5075187969924813	0.4664310954063604	1
Cmr4_0_IIIB	CP008822_1210	283	283	2.4e-06	24.7	1124870	1125718	CP008822	1210	0.36395759717314485	0.392226148409894	1
Cmr4_0_IIIB	CP008822_1214	212	283	2.6e-05	21.3	1129327	1129962	CP008822	1214	0.42452830188679247	0.3568904593639576	1
Cmr4_1_IIIB	CP008822_1209	266	281	8.6e-09	32.5	1124073	1124870	CP008822	1209	0.3684210526315789	0.35231316725978645	1
Cmr4_1_IIIB	CP008822_1210	283	281	7.5e-06	22.8	1124870	1125718	CP008822	1210	0.4028268551236749	0.4377224199288256	1
Cmr4_1_IIIB	CP008822_1214	212	281	7.2e-05	19.6	1129327	1129962	CP008822	1214	0.4056603773584906	0.3309608540925267	1
Cmr4_1_IIIB	CP008822_1216	278	281	0.011	12.4	1130906	1131739	CP008822	1216	0.22302158273381295	0.22419928825622776	1
Cmr4gr7_0_CAS-III-B-III-C	CP008822_1209	266	282	1.7e-10	38.2	1124073	1124870	CP008822	1209	0.5150375939849624	0.4574468085106383	1
Cmr4gr7_0_CAS-III-B-III-C	CP008822_1210	283	282	1.6e-06	25.1	1124870	1125718	CP008822	1210	0.36395759717314485	0.3829787234042553	1
Cmr4gr7_0_CAS-III-B-III-C	CP008822_1214	212	282	3.7e-06	23.9	1129327	1129962	CP008822	1214	0.42924528301886794	0.34397163120567376	1
Cmr4gr7_1_CAS-III-B-III-C	CP008822_1209	266	309	3.5e-13	46.8	1124073	1124870	CP008822	1209	0.5112781954887218	0.4401294498381877	1
Cmr4gr7_1_CAS-III-B-III-C	CP008822_1210	283	309	1.2e-07	28.6	1124870	1125718	CP008822	1210	0.5017667844522968	0.4886731391585761	1
Cmr4gr7_1_CAS-III-B-III-C	CP008822_1214	212	309	1.8e-06	24.7	1129327	1129962	CP008822	1214	0.4339622641509434	0.31715210355987056	1
Cmr5gr11_12_CAS-III-B	CP008822_1345	150	141	0.006	13.5	1255855	1256304	CP008822	1345	0.6	0.6170212765957447	-1
Cmr5gr11_1_CAS-III-B	CP008822_304	68	137	0.027	11.4	253236	253439	CP008822	304	0.39705882352941174	0.19708029197080293	-1
Cmr5gr11_7_CAS-III-B	CP008822_2276	212	134	0.0026	15.0	2092715	2093350	CP008822	2276	0.4386792452830189	0.6492537313432836	-1
Cmr6_0_IIIB	CP008822_1209	266	213	0.00015	18.8	1124073	1124870	CP008822	1209	0.2894736842105263	0.23943661971830985	1
Cmr6_0_IIIB	CP008822_1210	283	213	7.9e-05	19.7	1124870	1125718	CP008822	1210	0.16607773851590105	0.2300469483568075	1
Cmr6_0_IIIC	CP008822_1209	266	252	0.00013	18.8	1124073	1124870	CP008822	1209	0.31203007518796994	0.34523809523809523	1
Cmr6_0_IIIC	CP008822_1210	283	252	0.0091	12.8	1124870	1125718	CP008822	1210	0.1696113074204947	0.1984126984126984	1
Cmr6_0_IIIC	CP008822_1221	42	252	0.0063	13.3	1135113	1135238	CP008822	1221	0.6666666666666666	0.1111111111111111	1
Cmr6_1_IIIB	CP008822_1209	266	264	0.00012	18.9	1124073	1124870	CP008822	1209	0.3007518796992481	0.23863636363636365	1
Cmr6_1_IIIB	CP008822_1210	283	264	6.1e-06	23.2	1124870	1125718	CP008822	1210	0.3286219081272085	0.22727272727272727	1
Cmr6gr7_0_CAS-III-B-III-C	CP008822_1209	266	544	0.00054	16.0	1124073	1124870	CP008822	1209	0.12781954887218044	0.0625	1
Cmr6gr7_0_CAS-III-B-III-C	CP008822_1210	283	544	0.00044	16.3	1124870	1125718	CP008822	1210	0.08833922261484099	0.04595588235294118	1
Cmr6gr7_1_CAS-III-B-III-C	CP008822_1209	266	218	3.7e-06	23.9	1124073	1124870	CP008822	1209	0.38345864661654133	0.3669724770642202	1
Cmr6gr7_1_CAS-III-B-III-C	CP008822_1210	283	218	1.3e-05	22.0	1124870	1125718	CP008822	1210	0.40636042402826855	0.41284403669724773	1
Cmr6gr7_2_CAS-III-B-III-C	CP008822_1209	266	262	0.00013	18.7	1124073	1124870	CP008822	1209	0.17669172932330826	0.17938931297709923	1
Cmr6gr7_2_CAS-III-B-III-C	CP008822_1210	283	262	3.5e-07	27.2	1124870	1125718	CP008822	1210	0.3250883392226148	0.21374045801526717	1
Cmr6gr7_3_CAS-III-B-III-C	CP008822_1209	266	250	0.0029	14.4	1124073	1124870	CP008822	1209	0.29699248120300753	0.332	1
Cmr6gr7_3_CAS-III-B-III-C	CP008822_1210	283	250	0.014	12.2	1124870	1125718	CP008822	1210	0.17667844522968199	0.208	1
Cmr6gr7_3_CAS-III-B-III-C	CP008822_1221	42	250	0.0014	15.5	1135113	1135238	CP008822	1221	0.6666666666666666	0.112	1
CorA_1_CAS-III-B	CP008822_1853	375	125	4.1	4.5	1710151	1711275	CP008822	1853	0.408	0.544	1
Csa3_0_CAS-I-II-III-IV-V-VI	CP008822_1184	241	164	0.0062	13.4	1081542	1082264	CP008822	1184	0.2074688796680498	0.2926829268292683	-1
Csa3_1_CAS-I-II-III-IV-V-VI	CP008822_1004	86	118	0.00048	17.6	899650	899907	CP008822	1004	0.6627906976744186	0.4406779661016949	-1
Csa3_1_CAS-I-II-III-IV-V-VI	CP008822_1036	117	118	7e-19	65.4	925653	926003	CP008822	1036	0.7521367521367521	0.8220338983050848	1
Csa3_1_CAS-I-II-III-IV-V-VI	CP008822_1246	282	118	0.00029	18.3	1162262	1163107	CP008822	1246	0.22695035460992907	0.3898305084745763	-1
Csa3_1_CAS-I-II-III-IV-V-VI	CP008822_1287	692	118	2.4e-07	28.3	1198487	1200562	CP008822	1287	0.16618497109826588	0.847457627118644	-1
Csa3_1_CAS-I-II-III-IV-V-VI	CP008822_130	81	118	0.0012	16.4	106711	106953	CP008822	130	0.7777777777777778	0.5508474576271186	-1
Csa3_1_CAS-I-II-III-IV-V-VI	CP008822_1335	327	118	0.00024	18.6	1243233	1244213	CP008822	1335	0.20795107033639143	0.5254237288135594	-1
Csa3_1_CAS-I-II-III-IV-V-VI	CP008822_1345	150	118	0.0078	13.7	1255855	1256304	CP008822	1345	0.6	0.5169491525423728	-1
Csa3_1_CAS-I-II-III-IV-V-VI	CP008822_1456	141	118	0.0086	13.6	1360956	1361378	CP008822	1456	0.8156028368794326	0.559322033898305	-1
Csa3_1_CAS-I-II-III-IV-V-VI	CP008822_1469	139	118	0.00067	17.1	1369005	1369421	CP008822	1469	0.4748201438848921	0.5338983050847458	-1
Csa3_1_CAS-I-II-III-IV-V-VI	CP008822_1511	126	118	1.3e-05	22.6	1406817	1407194	CP008822	1511	0.3968253968253968	0.3813559322033898	-1
Csa3_1_CAS-I-II-III-IV-V-VI	CP008822_1640	116	118	0.0015	16.0	1519174	1519521	CP008822	1640	0.39655172413793105	0.3728813559322034	1
Csa3_1_CAS-I-II-III-IV-V-VI	CP008822_1663	157	118	0.0049	14.4	1534466	1534936	CP008822	1663	0.3630573248407643	0.3644067796610169	1
Csa3_1_CAS-I-II-III-IV-V-VI	CP008822_1821	218	118	3.9e-05	21.1	1672855	1673508	CP008822	1821	0.23853211009174313	0.5254237288135594	-1
Csa3_1_CAS-I-II-III-IV-V-VI	CP008822_2064	110	118	4.5e-07	27.4	1906659	1906988	CP008822	2064	0.6363636363636364	0.6101694915254238	-1
Csa3_1_CAS-I-II-III-IV-V-VI	CP008822_2111	214	118	0.0046	14.5	1947769	1948410	CP008822	2111	0.35046728971962615	0.5847457627118644	-1
Csa3_1_CAS-I-II-III-IV-V-VI	CP008822_2148	133	118	5.4e-06	23.9	1974780	1975178	CP008822	2148	0.42857142857142855	0.6101694915254238	1
Csa3_1_CAS-I-II-III-IV-V-VI	CP008822_2272	116	118	0.0007	17.1	2090083	2090430	CP008822	2272	0.6551724137931034	0.5084745762711864	1
Csa3_1_CAS-I-II-III-IV-V-VI	CP008822_234	111	118	8.4e-10	36.2	190140	190472	CP008822	234	0.6576576576576577	0.6694915254237288	-1
Csa3_1_CAS-I-II-III-IV-V-VI	CP008822_2377	177	118	0.049	11.1	2178899	2179429	CP008822	2377	0.4745762711864407	0.711864406779661	1
Csa3_1_CAS-I-II-III-IV-V-VI	CP008822_271	112	118	2e-07	28.5	223929	224264	CP008822	271	0.6696428571428571	0.6694915254237288	-1
Csa3_1_CAS-I-II-III-IV-V-VI	CP008822_508	395	118	0.00028	18.4	450986	452170	CP008822	508	0.23291139240506328	0.5	-1
Csa3_1_CAS-I-II-III-IV-V-VI	CP008822_605	241	118	0.0094	13.5	543656	544378	CP008822	605	0.2157676348547718	0.4915254237288136	-1
Csa3_1_CAS-I-II-III-IV-V-VI	CP008822_735	84	118	8.4e-09	33.0	655312	655563	CP008822	735	0.8452380952380952	0.652542372881356	1
Csa3_1_CAS-I-II-III-IV-V-VI	CP008822_788	135	118	0.005	14.3	701338	701742	CP008822	788	0.5333333333333333	0.5338983050847458	1
Csa3_1_CAS-I-II-III-IV-V-VI	CP008822_819	266	118	0.015	12.8	727855	728652	CP008822	819	0.22932330827067668	0.4067796610169492	1
Csa3_1_CAS-I-II-III-IV-V-VI	CP008822_855	256	118	0.00021	18.8	761161	761928	CP008822	855	0.2265625	0.5	1
Csa3_1_CAS-I-II-III-IV-V-VI	CP008822_955	119	118	7.4e-05	20.2	856562	856918	CP008822	955	0.5966386554621849	0.559322033898305	-1
Csa5_0_IA	CP008822_1183	122	107	2e-19	66.9	1081107	1081472	CP008822	1183	0.819672131147541	0.9532710280373832	-1
Csa5gr11_10_CAS-I-A	CP008822_1183	122	106	1.1999999999999999e-43	144.8	1081107	1081472	CP008822	1183	0.8442622950819673	0.9905660377358491	-1
Csa5gr11_1_CAS-I-A	CP008822_1183	122	100	3.4e-20	69.2	1081107	1081472	CP008822	1183	0.819672131147541	0.94	-1
Csa5gr11_1_CAS-I-A	CP008822_416	145	100	0.021	12.2	356722	357156	CP008822	416	0.5172413793103449	0.54	-1
Csa5gr11_2_CAS-I-A	CP008822_109	152	101	0.0047	14.5	92122	92577	CP008822	109	0.618421052631579	0.5445544554455446	1
Csa5gr11_2_CAS-I-A	CP008822_1183	122	101	3.5000000000000003e-44	146.5	1081107	1081472	CP008822	1183	0.8442622950819673	0.9801980198019802	-1
Csa5gr11_7_CAS-I-A	CP008822_1172	1456	125	0.25	8.7	1066038	1070405	CP008822	1172	0.12843406593406592	0.88	-1
CsaX_0_IA	CP008822_1178	343	281	5.4e-148	488.8	1076149	1077177	CP008822	1178	0.8309037900874635	1.0	-1
Cse2_0_IE	CP008822_925	80	159	0.00063	17.2	832149	832388	CP008822	925	0.6125	0.3081761006289308	1
Cse2gr11_0_CAS-I-E	CP008822_207	188	160	0.021	12.2	166505	167068	CP008822	207	0.28191489361702127	0.31875	1
Cse2gr11_7_CAS-I-E	CP008822_1531	656	144	0.012	13.1	1424546	1426513	CP008822	1531	0.06402439024390244	0.2708333333333333	1
Csf1_0_IV	CP008822_839	492	227	0.014	12.1	749041	750516	CP008822	839	0.1443089430894309	0.23348017621145375	1
Csf2_0_IV	CP008822_1209	266	329	4.2e-07	26.9	1124073	1124870	CP008822	1209	0.4398496240601504	0.3434650455927052	1
Csf2_0_IV	CP008822_1210	283	329	2.7e-06	24.2	1124870	1125718	CP008822	1210	0.6007067137809188	0.513677811550152	1
Csf2_0_IV	CP008822_1214	212	329	6e-05	19.8	1129327	1129962	CP008822	1214	0.4339622641509434	0.303951367781155	1
Csf2_1_IVA3	CP008822_1172	1456	263	0.036	10.4	1066038	1070405	CP008822	1172	0.054945054945054944	0.29277566539923955	-1
Csf3_0_IV	CP008822_1207	104	222	0.014	12.3	1123272	1123583	CP008822	1207	0.27884615384615385	0.12162162162162163	1
Csf4_0_IVA	CP008822_136	538	666	2e-11	40.3	108871	110484	CP008822	136	0.5037174721189591	0.4024024024024024	-1
Csf4_0_IVA	CP008822_1570	349	666	5e-06	22.5	1459712	1460758	CP008822	1570	0.35816618911174786	0.1831831831831832	1
Csf4_0_IVA	CP008822_1957	542	666	1.7e-14	50.4	1811055	1812680	CP008822	1957	0.4907749077490775	0.4264264264264264	-1
Csf4_0_IVA	CP008822_559	741	666	0.0081	11.8	500908	503130	CP008822	559	0.06072874493927125	0.07357357357357357	1
Csf4_1_IVA1	CP008822_136	538	802	5.7e-05	18.5	108871	110484	CP008822	136	0.395910780669145	0.27805486284289277	-1
Csf4_1_IVA1	CP008822_1424	661	802	0.00055	15.3	1325733	1327715	CP008822	1424	0.16187594553706505	0.13466334164588528	-1
Csf4_1_IVA1	CP008822_1957	542	802	9.6e-07	24.4	1811055	1812680	CP008822	1957	0.23616236162361623	0.15835411471321695	-1
Csf4_1_IVA1	CP008822_559	741	802	0.0048	12.2	500908	503130	CP008822	559	0.07017543859649122	0.06608478802992519	1
Csf4_3_IVE	CP008822_136	538	648	5.7e-07	25.6	108871	110484	CP008822	136	0.37732342007434944	0.2978395061728395	-1
Csf4_3_IVE	CP008822_1424	661	648	0.0003	16.7	1325733	1327715	CP008822	1424	0.21482602118003025	0.21604938271604937	-1
Csf4_3_IVE	CP008822_1957	542	648	8.8e-10	34.9	1811055	1812680	CP008822	1957	0.26199261992619927	0.21450617283950618	-1
Csm2gr11_0_CAS-III-A	CP008822_1702	350	95	0.012	13.7	1568514	1569563	CP008822	1702	0.32285714285714284	0.7789473684210526	1
Csm2gr11_0_CAS-III-A	CP008822_1942	381	95	4.7	5.3	1798897	1800039	CP008822	1942	0.5013123359580053	0.7157894736842105	1
Csm2gr11_3_CAS-III-D	CP008822_1208	149	130	7.2e-07	26.2	1123652	1124098	CP008822	1208	0.5570469798657718	0.7	1
Csm2gr11_4_CAS-III-D	CP008822_1208	149	130	4.199999999999999e-43	143.5	1123652	1124098	CP008822	1208	0.8523489932885906	0.9923076923076923	1
Csm3_0_IIIA	CP008822_1209	266	203	1.3e-17	61.6	1124073	1124870	CP008822	1209	0.793233082706767	0.9802955665024631	1
Csm3_0_IIIA	CP008822_1210	283	203	5.5e-05	20.3	1124870	1125718	CP008822	1210	0.29328621908127206	0.42857142857142855	1
Csm3_0_IIIA	CP008822_1214	212	203	1.7e-05	22.0	1129327	1129962	CP008822	1214	0.49528301886792453	0.4975369458128079	1
Csm3_0_IIIAD	CP008822_1209	266	650	1.6e-05	21.0	1124073	1124870	CP008822	1209	0.31954887218045114	0.13230769230769232	1
Csm3_0_IIIAD	CP008822_1210	283	650	0.00057	15.9	1124870	1125718	CP008822	1210	0.26148409893992935	0.11538461538461539	1
Csm3_0_IIIAD	CP008822_1211	276	650	0.00012	18.1	1125693	1126520	CP008822	1211	0.19202898550724637	0.09384615384615384	1
Csm3_0_IIID	CP008822_1209	266	178	2.7000000000000002e-30	103.5	1124073	1124870	CP008822	1209	0.7481203007518797	0.9943820224719101	1
Csm3_0_IIID	CP008822_1210	283	178	3.0999999999999997e-24	83.9	1124870	1125718	CP008822	1210	0.6784452296819788	0.9943820224719101	1
Csm3_0_IIID	CP008822_1211	276	178	1.9e-08	32.6	1125693	1126520	CP008822	1211	0.48188405797101447	0.7471910112359551	1
Csm3_0_IIID	CP008822_1214	212	178	1.2e-12	46.2	1129327	1129962	CP008822	1214	0.7877358490566038	0.9550561797752809	1
Csm3_0_IIID	CP008822_1216	278	178	1.2e-10	39.7	1130906	1131739	CP008822	1216	0.8165467625899281	0.9606741573033708	1
Csm3_1_IIIAD	CP008822_1209	266	189	3.1000000000000002e-34	115.9	1124073	1124870	CP008822	1209	0.7706766917293233	0.9894179894179894	1
Csm3_1_IIIAD	CP008822_1210	283	189	8.9e-40	134.0	1124870	1125718	CP008822	1210	0.696113074204947	0.9841269841269841	1
Csm3_1_IIIAD	CP008822_1211	276	189	2.2e-06	25.2	1125693	1126520	CP008822	1211	0.5144927536231884	0.43915343915343913	1
Csm3_1_IIIAD	CP008822_1214	212	189	2.8e-09	34.6	1129327	1129962	CP008822	1214	0.7783018867924528	0.9047619047619048	1
Csm3_1_IIIAD	CP008822_1216	278	189	1.1e-13	48.9	1130906	1131739	CP008822	1216	0.7733812949640287	0.8518518518518519	1
Csm3_1_IIID	CP008822_1209	266	257	3e-33	112.6	1124073	1124870	CP008822	1209	0.8270676691729323	0.8365758754863813	1
Csm3_1_IIID	CP008822_1210	283	257	1e-31	107.5	1124870	1125718	CP008822	1210	0.7526501766784452	0.8365758754863813	1
Csm3_1_IIID	CP008822_1211	276	257	4.1e-07	26.9	1125693	1126520	CP008822	1211	0.37318840579710144	0.3151750972762646	1
Csm3_1_IIID	CP008822_1214	212	257	9.9e-16	55.2	1129327	1129962	CP008822	1214	0.9245283018867925	0.8560311284046692	1
Csm3_1_IIID	CP008822_1216	278	257	0.00055	16.7	1130906	1131739	CP008822	1216	0.2158273381294964	0.20622568093385213	1
Csm3gr7_0_CAS-III-A-III-D	CP008822_1209	266	210	1.5999999999999998e-49	165.4	1124073	1124870	CP008822	1209	0.8195488721804511	0.9857142857142858	1
Csm3gr7_0_CAS-III-A-III-D	CP008822_1210	283	210	2.3e-51	171.5	1124870	1125718	CP008822	1210	0.7491166077738516	0.9904761904761905	1
Csm3gr7_0_CAS-III-A-III-D	CP008822_1211	276	210	7.4e-09	32.5	1125693	1126520	CP008822	1211	0.42391304347826086	0.5333333333333333	1
Csm3gr7_0_CAS-III-A-III-D	CP008822_1214	212	210	6.3e-12	42.6	1129327	1129962	CP008822	1214	0.5660377358490566	0.5857142857142857	1
Csm3gr7_0_CAS-III-A-III-D	CP008822_1216	278	210	3.1e-10	37.1	1130906	1131739	CP008822	1216	0.49280575539568344	0.6619047619047619	1
Csm3gr7_10_CAS-III-A-III-D	CP008822_1210	283	228	3.8e-06	23.7	1124870	1125718	CP008822	1210	0.20141342756183744	0.25	1
Csm3gr7_12_CAS-III-A-III-D	CP008822_1209	266	199	8.800000000000001e-30	101.6	1124073	1124870	CP008822	1209	0.7706766917293233	0.9949748743718593	1
Csm3gr7_12_CAS-III-A-III-D	CP008822_1210	283	199	4.2e-53	177.7	1124870	1125718	CP008822	1210	0.6996466431095406	0.9949748743718593	1
Csm3gr7_12_CAS-III-A-III-D	CP008822_1211	276	199	2.8e-11	41.2	1125693	1126520	CP008822	1211	0.5615942028985508	0.49246231155778897	1
Csm3gr7_12_CAS-III-A-III-D	CP008822_1214	212	199	4.6e-14	50.3	1129327	1129962	CP008822	1214	0.8018867924528302	0.9396984924623115	1
Csm3gr7_12_CAS-III-A-III-D	CP008822_1215	317	199	0.00025	18.5	1129959	1130909	CP008822	1215	0.5488958990536278	0.8442211055276382	1
Csm3gr7_12_CAS-III-A-III-D	CP008822_1216	278	199	4.7e-16	56.8	1130906	1131739	CP008822	1216	0.8129496402877698	0.9296482412060302	1
Csm3gr7_1_CAS-III-A-III-D	CP008822_1209	266	215	2.6e-20	70.3	1124073	1124870	CP008822	1209	0.8195488721804511	0.9488372093023256	1
Csm3gr7_1_CAS-III-A-III-D	CP008822_1210	283	215	4.5e-06	23.7	1124870	1125718	CP008822	1210	0.2968197879858657	0.4046511627906977	1
Csm3gr7_1_CAS-III-A-III-D	CP008822_1214	212	215	2.5e-06	24.5	1129327	1129962	CP008822	1214	0.5943396226415094	0.6093023255813953	1
Csm3gr7_2_CAS-III-A-III-D	CP008822_1209	266	180	1e-33	114.4	1124073	1124870	CP008822	1209	0.7481203007518797	0.9944444444444445	1
Csm3gr7_2_CAS-III-A-III-D	CP008822_1210	283	180	6.7e-31	105.2	1124870	1125718	CP008822	1210	0.6784452296819788	0.9944444444444445	1
Csm3gr7_2_CAS-III-A-III-D	CP008822_1211	276	180	3.2e-14	50.9	1125693	1126520	CP008822	1211	0.572463768115942	0.7833333333333333	1
Csm3gr7_2_CAS-III-A-III-D	CP008822_1214	212	180	6.4e-16	56.4	1129327	1129962	CP008822	1214	0.7547169811320755	0.9055555555555556	1
Csm3gr7_2_CAS-III-A-III-D	CP008822_1215	317	180	0.0045	14.6	1129959	1130909	CP008822	1215	0.4668769716088328	0.6555555555555556	1
Csm3gr7_2_CAS-III-A-III-D	CP008822_1216	278	180	1.7e-17	61.6	1130906	1131739	CP008822	1216	0.8273381294964028	0.9777777777777777	1
Csm3gr7_3_CAS-III-A-III-D	CP008822_1214	212	182	0.019	11.9	1129327	1129962	CP008822	1214	0.2971698113207547	0.3516483516483517	1
Csm3gr7_4_CAS-III-A-III-D	CP008822_1209	266	640	1.2e-08	31.5	1124073	1124870	CP008822	1209	0.5263157894736842	0.2421875	1
Csm3gr7_4_CAS-III-A-III-D	CP008822_1210	283	640	1.1e-06	25.0	1124870	1125718	CP008822	1210	0.4275618374558304	0.2109375	1
Csm3gr7_4_CAS-III-A-III-D	CP008822_1211	276	640	5.6e-07	26.0	1125693	1126520	CP008822	1211	0.2898550724637681	0.140625	1
Csm3gr7_8_CAS-III-A-III-D	CP008822_1209	266	256	7.5e-34	114.4	1124073	1124870	CP008822	1209	0.8308270676691729	0.83984375	1
Csm3gr7_8_CAS-III-A-III-D	CP008822_1210	283	256	3.2e-34	115.6	1124870	1125718	CP008822	1210	0.7526501766784452	0.8359375	1
Csm3gr7_8_CAS-III-A-III-D	CP008822_1211	276	256	9.6e-07	25.6	1125693	1126520	CP008822	1211	0.29347826086956524	0.2265625	1
Csm3gr7_8_CAS-III-A-III-D	CP008822_1214	212	256	3.9e-16	56.4	1129327	1129962	CP008822	1214	0.9245283018867925	0.85546875	1
Csm3gr7_8_CAS-III-A-III-D	CP008822_1216	278	256	0.00013	18.6	1130906	1131739	CP008822	1216	0.21942446043165467	0.2109375	1
Csm3gr7_9_CAS-III-A-III-D	CP008822_1210	283	271	0.0001	19.3	1124870	1125718	CP008822	1210	0.5618374558303887	0.5867158671586716	1
Csm3gr7_9_CAS-III-A-III-D	CP008822_1214	212	271	0.00016	18.7	1129327	1129962	CP008822	1214	0.19811320754716982	0.15129151291512916	1
Csm3gr7_9_CAS-III-A-III-D	CP008822_1216	278	271	1.1e-152	504.6	1130906	1131739	CP008822	1216	0.9964028776978417	1.0	1
Csm4gr5_2_CAS-III-A	CP008822_1727	361	241	0.0062	14.0	1588692	1589774	CP008822	1727	0.24930747922437674	0.37344398340248963	1
Csm5_0_IIIA	CP008822_1209	266	364	3.7e-06	23.7	1124073	1124870	CP008822	1209	0.10150375939849623	0.07417582417582418	1
Csm5_0_IIIA	CP008822_1210	283	364	0.00037	17.1	1124870	1125718	CP008822	1210	0.08833922261484099	0.06593406593406594	1
Csm5_0_IIIA	CP008822_1211	276	364	0.00013	18.6	1125693	1126520	CP008822	1211	0.11231884057971014	0.08516483516483517	1
Csm5_0_IIIA	CP008822_1214	212	364	0.0021	14.7	1129327	1129962	CP008822	1214	0.23113207547169812	0.1346153846153846	1
Csm5_1_IIIA	CP008822_1209	266	373	0.00012	18.8	1124073	1124870	CP008822	1209	0.18045112781954886	0.13941018766756033	1
Csm5_1_IIIA	CP008822_1210	283	373	1.6e-05	21.7	1124870	1125718	CP008822	1210	0.09540636042402827	0.07238605898123325	1
Csm5_1_IIIA	CP008822_1211	276	373	0.0039	13.9	1125693	1126520	CP008822	1211	0.06521739130434782	0.05093833780160858	1
Csm5gr7_0_CAS-III-A-III-D	CP008822_1209	266	365	1.7e-06	24.7	1124073	1124870	CP008822	1209	0.13909774436090225	0.10136986301369863	1
Csm5gr7_0_CAS-III-A-III-D	CP008822_1210	283	365	0.00029	17.3	1124870	1125718	CP008822	1210	0.0812720848056537	0.06301369863013699	1
Csm5gr7_0_CAS-III-A-III-D	CP008822_1211	276	365	0.00018	18.0	1125693	1126520	CP008822	1211	0.08333333333333333	0.06301369863013699	1
Csm5gr7_0_CAS-III-A-III-D	CP008822_1214	212	365	0.00096	15.6	1129327	1129962	CP008822	1214	0.22641509433962265	0.13150684931506848	1
Csm5gr7_1_CAS-III-A-III-D	CP008822_1209	266	369	4.8e-06	23.6	1124073	1124870	CP008822	1209	0.24060150375939848	0.17073170731707318	1
Csm5gr7_1_CAS-III-A-III-D	CP008822_1210	283	369	4.5e-06	23.7	1124870	1125718	CP008822	1210	0.09540636042402827	0.07046070460704607	1
Csm5gr7_1_CAS-III-A-III-D	CP008822_1211	276	369	0.00012	19.0	1125693	1126520	CP008822	1211	0.2246376811594203	0.16260162601626016	1
Csm5gr7_2_CAS-III-A-III-D	CP008822_1209	266	258	0.0027	14.2	1124073	1124870	CP008822	1209	0.12781954887218044	0.13178294573643412	1
Csm5gr7_3_CAS-III-A-III-D	CP008822_1209	266	391	0.0017	14.5	1124073	1124870	CP008822	1209	0.10902255639097744	0.0741687979539642	1
Csm5gr7_3_CAS-III-A-III-D	CP008822_1210	283	391	0.002	14.3	1124870	1125718	CP008822	1210	0.09540636042402827	0.06649616368286446	1
Csm5gr7_3_CAS-III-A-III-D	CP008822_1211	276	391	0.00027	17.1	1125693	1126520	CP008822	1211	0.14855072463768115	0.10230179028132992	1
Csm6_4_CAS-III	CP008822_1200	427	414	1.5e-33	113.7	1117078	1118358	CP008822	1200	0.936768149882904	0.9830917874396136	1
Csn2_0_CAS-II-C	CP008822_1953	192	328	0.0061	12.9	1808128	1808703	CP008822	1953	0.578125	0.3445121951219512	-1
Csn2_7_CAS-II-A	CP008822_1065	513	372	0.0078	12.3	956418	957956	CP008822	1065	0.20662768031189083	0.22311827956989247	1
Csn2_7_CAS-II-A	CP008822_1137	412	372	0.075	9.1	1029577	1030812	CP008822	1137	0.2912621359223301	0.3548387096774194	1
Csn2_7_CAS-II-A	CP008822_1301	360	372	0.021	10.9	1214323	1215402	CP008822	1301	0.24444444444444444	0.24731182795698925	1
Csn2_7_CAS-II-A	CP008822_1739	249	372	0.00014	18.0	1601567	1602313	CP008822	1739	0.30120481927710846	0.1989247311827957	-1
Csn2_7_CAS-II-A	CP008822_183	368	372	0.00032	16.9	143957	145060	CP008822	183	0.2907608695652174	0.23655913978494625	1
Csn2_7_CAS-II-A	CP008822_2305	454	372	0.0064	12.6	2116948	2118309	CP008822	2305	0.34801762114537443	0.43548387096774194	1
Csx10_0_IIID	CP008822_1207	104	402	0.017	11.3	1123272	1123583	CP008822	1207	0.28846153846153844	0.07462686567164178	1
Csx10_0_IIID	CP008822_1209	266	402	0.0037	13.5	1124073	1124870	CP008822	1209	0.5338345864661654	0.31840796019900497	1
Csx10gr5_0_CAS-III-D	CP008822_1209	266	392	0.00036	17.2	1124073	1124870	CP008822	1209	0.18045112781954886	0.09693877551020408	1
Csx10gr5_1_CAS-III-D	CP008822_1207	104	393	0.02	11.2	1123272	1123583	CP008822	1207	0.28846153846153844	0.07633587786259542	1
Csx10gr5_1_CAS-III-D	CP008822_1209	266	393	0.012	12.0	1124073	1124870	CP008822	1209	0.5150375939849624	0.31297709923664124	1
Csx10gr5_2_CAS-III-D	CP008822_917	209	482	0.018	10.6	825305	825931	CP008822	917	0.2727272727272727	0.12033195020746888	1
Csx10gr5_3_CAS-III-D	CP008822_1209	266	323	0.00042	16.6	1124073	1124870	CP008822	1209	0.17293233082706766	0.14241486068111456	1
Csx10gr5_3_CAS-III-D	CP008822_1215	317	323	0.0055	12.9	1129959	1130909	CP008822	1215	0.2902208201892745	0.2786377708978328	1
Csx10gr5_4_CAS-III-D	CP008822_1215	317	309	2.6e-118	391.7	1129959	1130909	CP008822	1215	0.9747634069400631	0.9967637540453075	1
Csx1_0_CAS-III	CP008822_1200	427	396	5.3e-52	174.5	1117078	1118358	CP008822	1200	0.9320843091334895	0.9949494949494949	1
Csx1_12_CAS-III	CP008822_1200	427	425	1.2000000000000001e-30	104.0	1117078	1118358	CP008822	1200	0.9250585480093677	0.9670588235294117	1
Csx1_16_CAS-III	CP008822_22	175	420	0.00062	15.8	20640	21164	CP008822	22	0.3028571428571429	0.12380952380952381	-1
Csx1_18_CAS-III	CP008822_1200	427	376	1.9e-12	44.5	1117078	1118358	CP008822	1200	0.4332552693208431	0.45478723404255317	1
Csx1_19_CAS-III	CP008822_1199	180	211	0.00023	18.1	1115541	1116080	CP008822	1199	0.48333333333333334	0.4928909952606635	1
Csx1_20_CAS-III	CP008822_1199	180	379	0.00034	16.6	1115541	1116080	CP008822	1199	0.14444444444444443	0.06860158311345646	1
Csx1_2_CAS-III	CP008822_1200	427	346	2e-20	70.6	1117078	1118358	CP008822	1200	0.3981264637002342	0.4884393063583815	1
Csx1_4_CAS-III	CP008822_1190	217	380	0.00013	17.9	1095667	1096317	CP008822	1190	0.5253456221198156	0.3	1
Csx1_4_CAS-III	CP008822_1199	180	380	0.00022	17.2	1115541	1116080	CP008822	1199	0.2833333333333333	0.1368421052631579	1
Csx1_5_CAS-III	CP008822_1199	180	132	1.9e-05	21.9	1115541	1116080	CP008822	1199	0.6611111111111111	0.8939393939393939	1
Csx1_6_CAS-III	CP008822_1200	427	406	1.6e-100	334.2	1117078	1118358	CP008822	1200	0.9180327868852459	1.0	1
Csx1_8_CAS-III	CP008822_1199	180	219	1.8e-07	28.1	1115541	1116080	CP008822	1199	0.6555555555555556	0.593607305936073	1
Csx1_9_CAS-III	CP008822_1199	180	378	0.0002	17.5	1115541	1116080	CP008822	1199	0.14444444444444443	0.06878306878306878	1
Csx3_2_CAS-I-III	CP008822_2069	332	277	0.00034	16.9	1910019	1911014	CP008822	2069	0.10843373493975904	0.1371841155234657	-1
Csx3_2_CAS-I-III	CP008822_2141	418	277	0.018	11.3	1969148	1970401	CP008822	2141	0.07894736842105263	0.11913357400722022	1
Csx3_2_CAS-I-III	CP008822_2144	444	277	0.018	11.2	1971057	1972388	CP008822	2144	0.05855855855855856	0.09386281588447654	-1
Csx3_2_CAS-I-III	CP008822_215	749	277	0.0093	12.2	171281	173527	CP008822	215	0.050734312416555405	0.06859205776173286	1
Csx3_2_CAS-I-III	CP008822_2336	761	277	0.0013	15.0	2141198	2143480	CP008822	2336	0.05519053876478318	0.08303249097472924	1
Csx3_2_CAS-I-III	CP008822_482	701	277	0.0002	17.7	426299	428401	CP008822	482	0.06704707560627675	0.09747292418772563	1
Csx3_2_CAS-I-III	CP008822_611	453	277	0.012	11.9	549406	550764	CP008822	611	0.1280353200883002	0.21299638989169675	-1
Csx3_2_CAS-I-III	CP008822_650	600	277	0.0025	14.1	579588	581387	CP008822	650	0.075	0.09025270758122744	-1
Csx3_2_CAS-I-III	CP008822_739	181	277	0.022	11.0	657939	658481	CP008822	739	0.20994475138121546	0.1407942238267148	-1
CysH_0_IVB	CP008822_1563	319	249	0.00045	17.1	1453825	1454781	CP008822	1563	0.07523510971786834	0.0963855421686747	-1
CysH_0_IVB	CP008822_2031	316	249	0.0038	14.0	1881892	1882839	CP008822	2031	0.08544303797468354	0.10843373493975904	1
CysH_0_IVB	CP008822_560	461	249	0.0039	14.0	503264	504646	CP008822	560	0.2668112798264642	0.41365461847389556	1
CysH_0_IVB	CP008822_993	239	249	4.4e-14	49.9	889289	890005	CP008822	993	0.7573221757322176	0.7068273092369478	1
HTH_0_CAS-III-A	CP008822_2274	140	364	0.0017	14.7	2091102	2091521	CP008822	2274	0.4714285714285714	0.1043956043956044	1
PD_DExK_0_CAS-I-B	CP008822_377	223	231	0.0013	15.3	318368	319036	CP008822	377	0.5829596412556054	0.5757575757575758	-1
RecD_0_IVD	CP008822_1065	513	763	0.0022	13.2	956418	957956	CP008822	1065	0.16569200779727095	0.08387942332896461	1
RecD_0_IVD	CP008822_1711	374	763	0.0002	16.7	1573412	1574533	CP008822	1711	0.20053475935828877	0.09960681520314547	1
TPR_1_CAS-III-A	CP008822_740	414	462	0.00069	15.5	658563	659804	CP008822	740	0.15458937198067632	0.13852813852813853	1
TPR_1_CAS-III-A	CP008822_835	287	462	0.0069	12.2	742301	743161	CP008822	835	0.39372822299651566	0.24675324675324675	1
TPR_1_CAS-III-B	CP008822_1609	247	537	0.00023	17.1	1494925	1495665	CP008822	1609	0.6882591093117408	0.3258845437616387	1
TnpB_0_Competitive	CP008822_1499	132	400	1.9e-34	116.4	1396732	1397127	CP008822	1499	0.9393939393939394	0.305	-1
TnpB_0_Competitive	CP008822_1590	406	400	1.2e-63	212.5	1476506	1477723	CP008822	1590	0.8645320197044335	0.91	1
TnpB_0_Competitive	CP008822_193	277	400	6.6e-06	22.4	151834	152664	CP008822	193	0.259927797833935	0.1925	1
TnpB_0_Competitive	CP008822_862	126	400	1.5e-33	113.4	766657	767034	CP008822	862	0.9603174603174603	0.3025	1
TnpB_0_Competitive	CP008822_863	133	400	1e-15	54.7	767038	767436	CP008822	863	0.6090225563909775	0.21	1
TnpB_1_Competitive	CP008822_1145	412	409	1.4e-06	24.5	1037783	1039018	CP008822	1145	0.3616504854368932	0.33496332518337407	-1
TnpB_1_Competitive	CP008822_1499	132	409	4.7e-32	108.3	1396732	1397127	CP008822	1499	0.9621212121212122	0.3056234718826406	-1
TnpB_1_Competitive	CP008822_1590	406	409	3.9e-78	260.1	1476506	1477723	CP008822	1590	0.8719211822660099	0.8924205378973105	1
TnpB_1_Competitive	CP008822_193	277	409	5.3e-12	42.3	151834	152664	CP008822	193	0.26714801444043323	0.18337408312958436	1
TnpB_1_Competitive	CP008822_2282	436	409	4.1e-08	29.5	2096878	2098185	CP008822	2282	0.7729357798165137	0.8068459657701712	-1
TnpB_1_Competitive	CP008822_862	126	409	4.1e-33	111.8	766657	767034	CP008822	862	0.9126984126984127	0.28361858190709044	1
TnpB_1_Competitive	CP008822_863	133	409	4.1e-27	92.1	767038	767436	CP008822	863	0.631578947368421	0.20537897310513448	1
Unk_03_0_CAS-III-B	CP008822_1815	303	186	1.3	6.1	1668092	1669000	CP008822	1815	0.7986798679867987	0.521505376344086	-1
Unk_03_0_CAS-III-B	CP008822_724	450	186	9.6	3.3	645642	646991	CP008822	724	0.3	0.45698924731182794	-1
WYL_0_CAS-I-II-III-IV-V-VI	CP008822_197	105	313	0.0014	15.3	155892	156206	CP008822	197	0.5714285714285714	0.19488817891373802	1
WYL_0_CAS-I-II-III-IV-V-VI	CP008822_2281	117	313	0.0029	14.3	2096514	2096864	CP008822	2281	0.47863247863247865	0.2268370607028754	1
WYL_0_CAS-I-II-III-IV-V-VI	CP008822_505	175	313	0.00094	15.9	448286	448810	CP008822	505	0.2342857142857143	0.13099041533546327	1
WYL_0_CAS-I-II-III-IV-V-VI	CP008822_855	256	313	0.004	13.8	761161	761928	CP008822	855	0.2265625	0.11501597444089456	1
gRAMP_0_CAS-III-E	CP008822_1209	266	1610	0.024	9.2	1124073	1124870	CP008822	1209	0.6654135338345865	0.11055900621118013	1
gRAMP_0_CAS-III-E	CP008822_1210	283	1610	6.9e-05	17.6	1124870	1125718	CP008822	1210	0.3674911660777385	0.06645962732919254	1
htpX_0_CAS-III-B	CP008822_1043	311	343	1.5e-11	41.2	932141	933073	CP008822	1043	0.5337620578778135	0.3935860058309038	1
htpX_0_CAS-III-B	CP008822_200	187	343	0.022	11.0	158913	159473	CP008822	200	0.44385026737967914	0.2478134110787172	-1
htpX_0_CAS-III-B	CP008822_247	320	343	3e-05	20.4	202511	203470	CP008822	247	0.375	0.36151603498542273	-1
