Contig	Start	End	Strand	Pos
SHMX01000001	209	10237	1	1
SHMX01000001	10321	11463	1	2
SHMX01000001	11453	12163	-1	3
SHMX01000001	12311	12802	1	4
SHMX01000001	13014	13430	1	5
SHMX01000001	13591	13737	-1	6
SHMX01000001	13742	14029	-1	7
SHMX01000001	14042	14866	-1	8
SHMX01000001	15245	16660	-1	9
SHMX01000001	16839	18560	1	10
SHMX01000001	18546	19364	-1	11
SHMX01000001	19474	19728	1	12
SHMX01000001	19600	20541	-1	13
SHMX01000001	20630	20917	1	14
SHMX01000001	20914	22029	-1	15
SHMX01000001	22182	23897	1	16
SHMX01000001	23969	24802	1	17
SHMX01000001	24858	25160	-1	18
SHMX01000001	25255	26229	-1	19
SHMX01000001	26296	27207	-1	20
SHMX01000001	27250	28260	-1	21
SHMX01000001	28391	28873	1	22
SHMX01000001	28886	29359	1	23
SHMX01000001	29390	30427	-1	24
SHMX01000001	30617	31978	1	25
SHMX01000001	32040	34013	-1	26
SHMX01000001	34264	35361	1	27
SHMX01000001	35363	36706	1	28
SHMX01000001	36775	37911	1	29
SHMX01000001	37947	38396	-1	30
SHMX01000001	38457	38660	-1	31
SHMX01000001	38784	39545	1	32
SHMX01000001	39552	54617	-1	33
SHMX01000001	54961	55650	-1	34
SHMX01000001	55714	55950	-1	35
SHMX01000001	56095	57300	-1	36
SHMX01000001	57432	58412	1	37
SHMX01000001	58424	59302	1	38
SHMX01000001	59345	61375	1	39
SHMX01000001	61372	62952	1	40
SHMX01000001	62956	63705	-1	41
SHMX01000001	63783	65516	-1	42
SHMX01000001	65669	65971	1	43
SHMX01000001	66062	66844	-1	44
SHMX01000001	66910	69228	-1	45
SHMX01000001	69398	70513	1	46
SHMX01000001	70510	71355	1	47
SHMX01000001	71561	72196	1	48
SHMX01000001	72325	73200	-1	49
SHMX01000001	73331	74617	-1	50
SHMX01000001	74686	75414	-1	51
SHMX01000001	75435	75956	-1	52
SHMX01000001	76051	76848	1	53
SHMX01000001	76837	77970	-1	54
SHMX01000001	78562	78768	-1	55
SHMX01000001	78882	80357	-1	56
SHMX01000001	80363	81763	-1	57
SHMX01000001	81833	82159	1	58
SHMX01000001	82178	84643	-1	59
SHMX01000001	84644	87397	-1	60
SHMX01000001	87521	88471	-1	61
SHMX01000001	88538	89545	1	62
SHMX01000001	89601	90065	1	63
SHMX01000001	90134	90346	1	64
SHMX01000001	90433	91392	1	65
SHMX01000001	91405	93306	-1	66
SHMX01000001	93299	93799	-1	67
SHMX01000001	93908	94348	1	68
SHMX01000001	94392	95465	-1	69
SHMX01000001	95579	96190	1	70
SHMX01000001	96233	97594	-1	71
SHMX01000001	97758	98402	1	72
SHMX01000001	98406	99116	-1	73
SHMX01000001	99297	99842	1	74
SHMX01000001	99894	100880	1	75
SHMX01000001	100907	101140	-1	76
SHMX01000001	101267	102019	1	77
SHMX01000001	102016	102795	-1	78
SHMX01000001	102927	104003	1	79
SHMX01000001	104071	104856	1	80
SHMX01000001	104828	105844	-1	81
SHMX01000001	106028	107461	-1	82
SHMX01000001	107506	108723	-1	83
SHMX01000001	108789	109961	1	84
SHMX01000001	110052	111206	1	85
SHMX01000001	111199	111831	-1	86
SHMX01000001	111867	112535	-1	87
SHMX01000001	112656	113468	1	88
SHMX01000001	113541	114344	1	89
SHMX01000001	114381	114788	-1	90
SHMX01000001	115543	115950	-1	91
SHMX01000001	116218	116901	-1	92
SHMX01000001	116960	117613	-1	93
SHMX01000001	117606	118112	-1	94
SHMX01000001	118228	119259	1	95
SHMX01000001	119239	119775	-1	96
SHMX01000001	119837	120706	-1	97
SHMX01000001	120854	122689	-1	98
SHMX01000001	122877	124448	-1	99
SHMX01000001	124882	125205	-1	100
SHMX01000001	125277	126326	-1	101
SHMX01000001	126491	128053	-1	102
SHMX01000001	128213	128536	-1	103
SHMX01000001	129015	129947	1	104
SHMX01000001	129962	131023	1	105
SHMX01000001	131100	131537	1	106
SHMX01000001	131607	132275	1	107
SHMX01000001	132277	135711	1	108
SHMX01000001	135942	136859	1	109
SHMX01000001	136971	137768	1	110
SHMX01000001	137907	138731	1	111
SHMX01000001	138747	139448	1	112
SHMX01000001	139488	140315	-1	113
SHMX01000001	140556	142151	1	114
SHMX01000001	142148	143428	-1	115
SHMX01000001	143504	144994	-1	116
SHMX01000001	145133	147769	1	117
SHMX01000001	147776	148036	-1	118
SHMX01000001	148039	149274	-1	119
SHMX01000001	149267	150436	-1	120
SHMX01000001	150440	151567	-1	121
SHMX01000001	151640	152053	1	122
SHMX01000001	152061	152648	-1	123
SHMX01000001	152882	154213	1	124
SHMX01000001	154294	155262	-1	125
SHMX01000001	155336	156928	-1	126
SHMX01000001	157096	157530	1	127
SHMX01000001	157852	158091	1	128
SHMX01000001	158097	158435	-1	129
SHMX01000001	158436	159134	-1	130
SHMX01000001	159327	159941	1	131
SHMX01000001	160021	160743	-1	132
SHMX01000001	160897	161301	1	133
SHMX01000001	161354	161542	1	134
SHMX01000001	161549	162340	-1	135
SHMX01000001	162393	163145	-1	136
SHMX01000001	163224	164123	1	137
SHMX01000001	164131	164523	-1	138
SHMX01000001	164656	165585	1	139
SHMX01000001	165575	166906	-1	140
SHMX01000001	166919	168586	-1	141
SHMX01000001	168679	169167	-1	142
SHMX01000001	169218	170333	-1	143
SHMX01000001	170374	171480	-1	144
SHMX01000001	171480	172907	-1	145
SHMX01000001	172914	174143	-1	146
SHMX01000001	174144	175511	-1	147
SHMX01000001	175513	177168	-1	148
SHMX01000001	177360	177626	1	149
SHMX01000001	177688	179142	-1	150
SHMX01000001	179239	180177	1	151
SHMX01000001	180204	180989	-1	152
SHMX01000001	181166	181483	1	153
SHMX01000001	181614	181991	1	154
SHMX01000001	182099	182515	-1	155
SHMX01000001	182517	183683	-1	156
SHMX01000001	183874	184182	1	157
SHMX01000001	184226	185038	-1	158
SHMX01000001	185176	185727	-1	159
SHMX01000001	185858	186982	-1	160
SHMX01000001	186993	187352	-1	161
SHMX01000001	187355	187627	-1	162
SHMX01000001	187629	187886	-1	163
SHMX01000001	187888	188658	-1	164
SHMX01000001	188760	189563	-1	165
SHMX01000001	189827	190894	-1	166
SHMX01000001	190896	193013	-1	167
SHMX01000001	193246	193386	1	168
SHMX01000001	193532	194491	1	169
SHMX01000001	194566	195534	1	170
SHMX01000001	195540	196499	-1	171
SHMX01000001	196533	197144	-1	172
SHMX01000001	197144	198382	-1	173
SHMX01000001	198384	199196	-1	174
SHMX01000001	199268	200014	1	175
SHMX01000001	200011	201096	-1	176
SHMX01000001	201165	201602	-1	177
SHMX01000001	201746	202090	1	178
SHMX01000001	202105	202464	1	179
SHMX01000001	202486	202950	1	180
SHMX01000001	202954	206820	-1	181
SHMX01000001	206893	207684	-1	182
SHMX01000001	207842	208951	-1	183
SHMX01000001	209054	209887	-1	184
SHMX01000001	209884	211209	-1	185
SHMX01000001	211472	212077	1	186
SHMX01000001	212237	212635	-1	187
SHMX01000001	212763	213257	-1	188
SHMX01000001	213327	213989	1	189
SHMX01000001	214023	215018	-1	190
SHMX01000001	215320	216204	1	191
SHMX01000001	216303	216599	1	192
SHMX01000001	216627	217361	-1	193
SHMX01000001	217473	218168	-1	194
SHMX01000001	218237	219970	-1	195
SHMX01000001	219967	220542	-1	196
SHMX01000001	220673	220945	1	197
SHMX01000001	221001	222779	-1	198
SHMX01000001	222888	224240	-1	199
SHMX01000001	224420	225508	-1	200
SHMX01000001	225512	227020	1	201
SHMX01000001	227081	229915	1	202
SHMX01000001	229929	231383	1	203
SHMX01000001	231405	233240	1	204
SHMX01000001	233276	234064	1	205
SHMX01000001	234061	235185	-1	206
SHMX01000001	235338	235637	1	207
SHMX01000001	235634	236818	-1	208
SHMX01000001	236898	237302	1	209
SHMX01000001	237349	237591	1	210
SHMX01000001	237703	237942	1	211
SHMX01000001	237943	238305	1	212
SHMX01000001	238315	239496	1	213
SHMX01000001	239493	240284	1	214
SHMX01000001	240289	241254	-1	215
SHMX01000001	241316	242164	-1	216
SHMX01000001	242234	242764	-1	217
SHMX01000001	242996	243463	1	218
SHMX01000001	243476	243709	1	219
SHMX01000001	243725	244399	1	220
SHMX01000001	244549	245289	1	221
SHMX01000001	245404	246261	-1	222
SHMX01000001	246344	246880	1	223
SHMX01000001	246877	248025	-1	224
SHMX01000001	248150	248374	1	225
SHMX01000001	248478	248996	-1	226
SHMX01000001	249195	250175	1	227
SHMX01000001	250177	250947	1	228
SHMX01000001	251009	251749	1	229
SHMX01000001	251887	252093	1	230
SHMX01000001	252149	254290	-1	231
SHMX01000001	254293	254532	-1	232
SHMX01000001	254994	255617	1	233
SHMX01000001	255691	256302	1	234
SHMX01000001	256348	256935	1	235
SHMX01000001	256942	259023	1	236
SHMX01000001	259025	261313	-1	237
SHMX01000001	261368	262078	-1	238
SHMX01000001	262100	262849	-1	239
SHMX01000001	262849	263166	-1	240
SHMX01000001	263257	263640	-1	241
SHMX01000001	263810	264361	1	242
SHMX01000001	264368	265495	-1	243
SHMX01000001	265615	266877	1	244
SHMX01000001	266874	267440	-1	245
SHMX01000001	267706	267981	1	246
SHMX01000001	267978	270251	1	247
SHMX01000001	270255	271607	-1	248
SHMX01000001	271756	272538	-1	249
SHMX01000001	272592	274007	-1	250
SHMX01000001	274017	274952	-1	251
SHMX01000001	274953	275639	-1	252
SHMX01000001	275652	276569	-1	253
SHMX01000001	276579	277334	-1	254
SHMX01000001	277611	279947	-1	255
SHMX01000001	280056	282125	-1	256
SHMX01000001	282225	282875	-1	257
SHMX01000001	282959	284242	-1	258
SHMX01000001	284345	286375	1	259
SHMX01000001	286372	287505	-1	260
SHMX01000001	287518	289548	-1	261
SHMX01000001	289575	290996	-1	262
SHMX01000001	291277	292314	1	263
SHMX01000001	292406	294820	1	264
SHMX01000001	294904	296775	1	265
SHMX01000001	296910	297512	1	266
SHMX01000001	297579	298661	-1	267
SHMX01000001	298810	300171	-1	268
SHMX01000001	300173	300613	-1	269
SHMX01000001	300701	302839	-1	270
SHMX01000001	303304	303882	-1	271
SHMX01000001	303925	304203	-1	272
SHMX01000001	304261	305175	-1	273
SHMX01000001	305528	305818	-1	274
SHMX01000001	305805	306122	-1	275
SHMX01000001	306209	306454	-1	276
SHMX01000001	306575	306808	-1	277
SHMX01000001	306896	307540	-1	278
SHMX01000001	307706	308206	1	279
SHMX01000001	308275	309927	-1	280
SHMX01000001	310109	310894	1	281
SHMX01000001	310944	312395	1	282
SHMX01000001	312400	312711	-1	283
SHMX01000001	312734	313405	-1	284
SHMX01000001	313679	316876	1	285
SHMX01000001	316878	318212	-1	286
SHMX01000001	318307	320520	-1	287
SHMX01000001	320756	321427	1	288
SHMX01000001	321443	322222	-1	289
SHMX01000001	322421	322783	1	290
SHMX01000001	323405	324142	1	291
SHMX01000001	324145	324981	-1	292
SHMX01000001	325093	326217	1	293
SHMX01000001	326223	326903	1	294
SHMX01000001	326893	327879	-1	295
SHMX01000001	327876	328694	-1	296
SHMX01000001	328694	329635	-1	297
SHMX01000001	329745	330584	-1	298
SHMX01000001	330871	332133	1	299
SHMX01000001	332130	332492	-1	300
SHMX01000001	332592	336413	-1	301
SHMX01000001	336564	337418	-1	302
SHMX01000001	337487	338188	-1	303
SHMX01000001	338382	338546	1	304
SHMX01000001	338644	339534	-1	305
SHMX01000001	339823	341274	1	306
SHMX01000001	341271	342191	-1	307
SHMX01000001	342195	342686	-1	308
SHMX01000001	342709	343068	-1	309
SHMX01000001	343153	344742	-1	310
SHMX01000001	344863	345798	1	311
SHMX01000001	345803	346426	-1	312
SHMX01000001	346711	347109	1	313
SHMX01000001	347620	348759	-1	314
SHMX01000001	348872	349564	-1	315
SHMX01000001	350025	352235	1	316
SHMX01000001	352377	352862	1	317
SHMX01000001	352859	353593	1	318
SHMX01000001	353603	354214	1	319
SHMX01000001	354242	354877	1	320
SHMX01000001	354881	355684	1	321
SHMX01000001	355762	356850	1	322
SHMX01000001	356908	358044	-1	323
SHMX01000001	358119	358655	-1	324
SHMX01000001	358907	359095	1	325
SHMX01000001	359188	359730	1	326
SHMX01000001	359734	360420	1	327
SHMX01000001	360640	362874	1	328
SHMX01000001	363165	363992	1	329
SHMX01000001	364210	364428	1	330
SHMX01000001	364425	364979	-1	331
SHMX01000001	364984	365412	-1	332
SHMX01000001	365418	365750	-1	333
SHMX01000001	365760	366734	-1	334
SHMX01000001	366731	367225	-1	335
SHMX01000001	367345	368808	1	336
SHMX01000001	368824	369894	1	337
SHMX01000001	369966	370253	1	338
SHMX01000001	370329	370916	1	339
SHMX01000001	370916	371263	1	340
SHMX01000001	371260	372186	-1	341
SHMX01000001	372167	372859	-1	342
SHMX01000001	372965	374632	-1	343
SHMX01000001	374678	376528	-1	344
SHMX01000001	376521	377270	-1	345
SHMX01000001	377389	378120	-1	346
SHMX01000001	378298	379422	1	347
SHMX01000001	379471	380019	-1	348
SHMX01000001	380151	380624	-1	349
SHMX01000001	380650	381618	-1	350
SHMX01000001	381847	382437	1	351
SHMX01000001	382421	382933	-1	352
SHMX01000001	383023	383526	-1	353
SHMX01000001	383544	384458	-1	354
SHMX01000001	384510	385349	-1	355
SHMX01000001	385623	386072	-1	356
SHMX01000001	386142	386960	-1	357
SHMX01000001	387053	387373	1	358
SHMX01000001	387454	388752	1	359
SHMX01000001	388749	389909	-1	360
SHMX01000001	390107	390886	1	361
SHMX01000001	390896	391453	-1	362
SHMX01000001	391974	392792	1	363
SHMX01000001	392793	394256	-1	364
SHMX01000001	394207	395310	-1	365
SHMX01000001	395447	397243	1	366
SHMX01000001	397341	397709	1	367
SHMX01000001	397710	397979	-1	368
SHMX01000001	398044	398562	-1	369
SHMX01000001	398572	399441	-1	370
SHMX01000001	399585	399989	1	371
SHMX01000001	400087	400533	1	372
SHMX01000001	400549	401100	-1	373
SHMX01000001	401180	401629	1	374
SHMX01000001	401677	402171	1	375
SHMX01000001	402262	403002	1	376
SHMX01000001	403330	403683	-1	377
SHMX01000001	403751	404233	1	378
SHMX01000001	404369	405118	1	379
SHMX01000001	405125	405838	-1	380
SHMX01000001	406023	406694	1	381
SHMX01000001	407540	409165	1	382
SHMX01000001	409341	410723	-1	383
SHMX01000001	410824	413154	-1	384
SHMX01000001	413250	413489	-1	385
SHMX01000001	413544	414110	1	386
SHMX01000001	414287	414766	1	387
SHMX01000001	414855	416036	1	388
SHMX01000001	416033	416500	-1	389
SHMX01000001	416702	417307	1	390
SHMX01000001	417304	417954	-1	391
SHMX01000001	417947	418519	-1	392
SHMX01000001	418548	418919	-1	393
SHMX01000001	419045	419497	1	394
SHMX01000001	419600	420229	1	395
SHMX01000001	420359	421183	1	396
SHMX01000001	421186	422106	-1	397
SHMX01000001	422225	422734	1	398
SHMX01000001	422731	423585	1	399
SHMX01000001	423582	424925	1	400
SHMX01000001	424955	425788	-1	401
SHMX01000001	425933	426895	-1	402
SHMX01000001	427307	429217	1	403
SHMX01000001	429234	430583	-1	404
SHMX01000001	430585	431970	-1	405
SHMX01000001	432156	433712	1	406
SHMX01000001	433713	434420	-1	407
SHMX01000001	434469	435695	1	408
SHMX01000001	435699	436421	1	409
SHMX01000001	436438	437196	-1	410
SHMX01000001	437482	438612	1	411
SHMX01000001	438661	440019	-1	412
SHMX01000001	440183	443113	1	413
SHMX01000001	443165	443305	-1	414
SHMX01000001	443582	444913	-1	415
SHMX01000001	445079	445420	-1	416
SHMX01000001	445468	445836	-1	417
SHMX01000001	446072	446941	1	418
SHMX01000001	446965	447999	-1	419
SHMX01000001	448248	452018	-1	420
SHMX01000001	452169	452549	1	421
SHMX01000001	452553	452984	-1	422
SHMX01000001	453093	454268	1	423
SHMX01000001	454271	455848	-1	424
SHMX01000001	455881	457974	-1	425
SHMX01000001	457974	459281	-1	426
SHMX01000001	459292	461058	-1	427
SHMX01000001	461073	462365	-1	428
SHMX01000001	462610	463314	1	429
SHMX01000001	463389	465179	1	430
SHMX01000001	465235	465585	-1	431
SHMX01000001	465673	466755	-1	432
SHMX01000001	466761	468671	-1	433
SHMX01000001	468682	471324	-1	434
SHMX01000001	471525	472583	1	435
SHMX01000001	472587	473783	1	436
SHMX01000001	473862	474215	1	437
SHMX01000001	474318	474686	1	438
SHMX01000001	474771	475295	1	439
SHMX01000001	475297	476412	-1	440
SHMX01000001	476669	476866	-1	441
SHMX01000001	477117	477650	-1	442
SHMX01000001	477780	478091	1	443
SHMX01000001	478202	479017	1	444
SHMX01000001	479022	479903	-1	445
SHMX01000001	479983	480666	-1	446
SHMX01000001	480753	481370	-1	447
SHMX01000001	481498	481758	-1	448
SHMX01000001	481878	482174	1	449
SHMX01000001	482282	483430	-1	450
SHMX01000001	483674	484501	1	451
SHMX01000001	484528	486342	-1	452
SHMX01000001	486470	486700	1	453
SHMX01000001	486864	487280	1	454
SHMX01000001	487267	488109	1	455
SHMX01000001	488162	489064	1	456
SHMX01000001	489064	489555	1	457
SHMX01000001	489556	490017	-1	458
SHMX01000001	490124	491176	1	459
SHMX01000001	491173	492036	1	460
SHMX01000001	492051	493952	-1	461
SHMX01000001	493894	494907	-1	462
SHMX01000001	495063	497969	-1	463
SHMX01000001	497983	500871	-1	464
SHMX01000001	500876	501652	-1	465
SHMX01000001	501793	502281	1	466
SHMX01000001	502336	504330	1	467
SHMX01000001	504334	506394	1	468
SHMX01000001	506630	507469	1	469
SHMX01000001	507476	508600	-1	470
SHMX01000001	508621	508818	-1	471
SHMX01000001	508838	509500	-1	472
SHMX01000001	509502	510041	-1	473
SHMX01000001	510194	510898	1	474
SHMX01000001	510946	511287	1	475
SHMX01000001	511314	512441	1	476
SHMX01000001	512452	513894	-1	477
SHMX01000001	513966	514841	-1	478
SHMX01000001	514924	515721	1	479
SHMX01000001	515745	516887	-1	480
SHMX01000001	517260	518039	1	481
SHMX01000001	518065	518823	1	482
SHMX01000001	518826	519167	1	483
SHMX01000001	519267	520664	1	484
SHMX01000001	520676	521593	1	485
SHMX01000001	521844	522815	-1	486
SHMX01000001	522940	524310	-1	487
SHMX01000001	524307	525383	-1	488
SHMX01000001	525384	526109	-1	489
SHMX01000001	526121	527479	-1	490
SHMX01000001	527851	528441	1	491
SHMX01000001	528542	529102	1	492
SHMX01000001	529263	529772	1	493
SHMX01000001	529970	530497	1	494
SHMX01000001	530754	531260	1	495
SHMX01000001	531309	532097	-1	496
SHMX01000001	532113	532781	-1	497
SHMX01000001	533009	534250	1	498
SHMX01000001	534351	536171	-1	499
SHMX01000001	536370	536459	-1	500
SHMX01000001	536523	537806	-1	501
SHMX01000001	538140	540035	1	502
SHMX01000001	540188	540376	1	503
SHMX01000001	540589	548694	1	504
SHMX01000001	548800	549390	-1	505
SHMX01000001	549850	550596	-1	506
SHMX01000001	550762	550977	1	507
SHMX01000001	551750	553000	1	508
SHMX01000001	553077	555029	1	509
SHMX01000001	555092	555484	-1	510
SHMX01000001	555984	557342	-1	511
SHMX01000001	557964	559322	1	512
SHMX01000001	559464	560345	1	513
SHMX01000001	560439	560999	-1	514
SHMX01000001	561087	561302	-1	515
SHMX01000001	561368	561562	-1	516
SHMX01000001	561816	562475	1	517
SHMX01000001	562616	563443	1	518
SHMX01000001	563505	563654	1	519
SHMX01000001	563625	566321	-1	520
SHMX01000001	566346	567533	-1	521
SHMX01000001	567550	568899	-1	522
SHMX01000001	568899	570287	-1	523
SHMX01000001	570298	570768	-1	524
SHMX01000001	570996	571679	1	525
SHMX01000001	571687	572463	-1	526
SHMX01000001	572765	574147	1	527
SHMX01000001	574324	575022	1	528
SHMX01000001	575117	575536	-1	529
SHMX01000001	575659	576444	1	530
SHMX01000001	576460	577131	-1	531
SHMX01000001	577185	581543	-1	532
SHMX01000001	581649	582443	1	533
SHMX01000001	582449	582970	-1	534
SHMX01000001	583630	583869	1	535
SHMX01000001	583969	584646	-1	536
SHMX01000001	584760	585737	1	537
SHMX01000001	585809	586141	1	538
SHMX01000001	586240	587031	1	539
SHMX01000001	587343	588158	-1	540
SHMX01000001	588268	588675	1	541
SHMX01000001	588749	589399	1	542
SHMX01000001	589383	590108	-1	543
SHMX01000001	590191	590502	1	544
SHMX01000001	590516	590902	-1	545
SHMX01000001	590935	591498	-1	546
SHMX01000001	592021	592233	-1	547
SHMX01000001	592786	593733	1	548
SHMX01000001	593818	594324	1	549
SHMX01000001	594335	595081	-1	550
SHMX01000001	595175	597385	-1	551
SHMX01000001	597604	597807	1	552
SHMX01000001	597990	598193	1	553
SHMX01000001	598392	600287	1	554
SHMX01000001	600304	600750	1	555
SHMX01000001	600891	601382	1	556
SHMX01000001	601412	602530	1	557
SHMX01000001	602645	604921	1	558
SHMX01000001	605067	606263	1	559
SHMX01000001	606302	608479	-1	560
SHMX01000001	608678	608896	1	561
SHMX01000001	609044	615493	1	562
SHMX01000001	615609	615986	1	563
SHMX01000001	615988	616818	1	564
SHMX01000001	616833	617684	-1	565
SHMX01000001	617934	618275	1	566
SHMX01000001	618357	619088	1	567
SHMX01000001	619088	620095	1	568
SHMX01000001	620096	620818	1	569
SHMX01000001	620821	621501	1	570
SHMX01000001	621476	622267	-1	571
SHMX01000001	622268	623605	-1	572
SHMX01000001	623705	624550	1	573
SHMX01000001	624564	626825	-1	574
SHMX01000001	626917	627546	-1	575
SHMX01000001	627642	628046	1	576
SHMX01000001	628127	628591	1	577
SHMX01000001	628762	629145	1	578
SHMX01000001	629275	629505	1	579
SHMX01000001	629546	630106	-1	580
SHMX01000001	630161	630442	-1	581
SHMX01000001	630454	631323	-1	582
SHMX01000001	631457	631666	-1	583
SHMX01000001	631741	633192	-1	584
SHMX01000001	633366	634421	-1	585
SHMX01000001	634455	639305	-1	586
SHMX01000001	639302	640342	-1	587
SHMX01000001	640533	640955	-1	588
SHMX01000001	641146	641943	1	589
SHMX01000001	641933	642073	1	590
SHMX01000001	642228	642503	-1	591
SHMX01000001	642533	643882	1	592
SHMX01000001	644097	645533	1	593
SHMX01000001	645561	646352	-1	594
SHMX01000001	646424	648088	-1	595
SHMX01000001	648250	649590	1	596
SHMX01000001	649587	650132	-1	597
SHMX01000001	650145	651563	-1	598
SHMX01000001	651568	651942	-1	599
SHMX01000001	651939	652220	-1	600
SHMX01000001	652400	653398	1	601
SHMX01000001	653520	654095	1	602
SHMX01000001	654156	655004	-1	603
SHMX01000001	655061	655783	-1	604
SHMX01000001	655898	656023	-1	605
SHMX01000001	656048	658762	-1	606
SHMX01000001	658938	659705	-1	607
SHMX01000001	660280	660726	1	608
SHMX01000001	660783	662072	1	609
SHMX01000001	662151	663263	1	610
SHMX01000001	663333	664118	1	611
SHMX01000001	664171	665109	-1	612
SHMX01000001	665212	665478	-1	613
SHMX01000001	665566	665877	-1	614
SHMX01000001	665892	666557	1	615
SHMX01000001	666554	667327	1	616
SHMX01000001	667367	668200	-1	617
SHMX01000001	668299	668835	-1	618
SHMX01000002	97	315	-1	1
SHMX01000002	423	1439	-1	2
SHMX01000002	1549	2067	1	3
SHMX01000002	2082	3455	-1	4
SHMX01000002	3600	5303	-1	5
SHMX01000002	5462	5950	-1	6
SHMX01000002	6210	7232	1	7
SHMX01000002	7298	8035	1	8
SHMX01000002	8035	8481	1	9
SHMX01000002	8542	8898	1	10
SHMX01000002	8890	9183	-1	11
SHMX01000002	9233	10621	-1	12
SHMX01000002	10729	11412	-1	13
SHMX01000002	11573	11992	1	14
SHMX01000002	12056	13981	1	15
SHMX01000002	13974	15782	1	16
SHMX01000002	15834	16613	-1	17
SHMX01000002	16613	17488	-1	18
SHMX01000002	17827	18021	1	19
SHMX01000002	17984	18133	-1	20
SHMX01000002	18163	19362	-1	21
SHMX01000002	19365	20153	-1	22
SHMX01000002	20355	20690	1	23
SHMX01000002	20771	22126	-1	24
SHMX01000002	22190	22738	1	25
SHMX01000002	22854	23243	1	26
SHMX01000002	23314	24162	-1	27
SHMX01000002	24202	25812	1	28
SHMX01000002	25882	26520	1	29
SHMX01000002	26611	27213	1	30
SHMX01000002	27286	27651	-1	31
SHMX01000002	27871	28266	-1	32
SHMX01000002	28389	29210	1	33
SHMX01000002	29274	29801	1	34
SHMX01000002	30084	30566	1	35
SHMX01000002	30568	32787	-1	36
SHMX01000002	32819	33427	-1	37
SHMX01000002	33597	34778	-1	38
SHMX01000002	34905	35240	1	39
SHMX01000002	35241	35741	-1	40
SHMX01000002	35821	36276	-1	41
SHMX01000002	36360	37199	-1	42
SHMX01000002	37341	37811	1	43
SHMX01000002	37833	38936	1	44
SHMX01000002	39088	39453	1	45
SHMX01000002	39466	39657	1	46
SHMX01000002	39682	40146	1	47
SHMX01000002	40160	40567	1	48
SHMX01000002	40545	41756	1	49
SHMX01000002	41753	42430	1	50
SHMX01000002	42427	43407	-1	51
SHMX01000002	43464	43649	-1	52
SHMX01000002	43773	44819	1	53
SHMX01000002	44809	45198	-1	54
SHMX01000002	45332	46465	1	55
SHMX01000002	46462	47823	-1	56
SHMX01000002	48073	49065	1	57
SHMX01000002	49127	49324	1	58
SHMX01000002	49312	49527	1	59
SHMX01000002	50056	50784	1	60
SHMX01000002	50790	51680	-1	61
SHMX01000002	51756	52130	-1	62
SHMX01000002	52214	52579	-1	63
SHMX01000002	52719	53027	1	64
SHMX01000002	53088	55292	1	65
SHMX01000002	55285	56262	-1	66
SHMX01000002	56275	57666	-1	67
SHMX01000002	57663	58985	-1	68
SHMX01000002	59013	59999	-1	69
SHMX01000002	60013	61404	-1	70
SHMX01000002	61420	61869	-1	71
SHMX01000002	61873	68721	-1	72
SHMX01000002	68947	69525	1	73
SHMX01000002	69531	70097	-1	74
SHMX01000002	70202	71461	1	75
SHMX01000002	71481	72461	1	76
SHMX01000002	72462	73001	1	77
SHMX01000002	73009	73752	-1	78
SHMX01000002	73955	74620	-1	79
SHMX01000002	74787	76997	1	80
SHMX01000002	77076	78221	1	81
SHMX01000002	78222	79091	1	82
SHMX01000002	79209	79367	1	83
SHMX01000002	79539	79754	1	84
SHMX01000002	79751	81019	-1	85
SHMX01000002	81206	81535	1	86
SHMX01000002	81605	82186	1	87
SHMX01000002	82190	83542	-1	88
SHMX01000002	83554	83886	-1	89
SHMX01000002	83997	85208	1	90
SHMX01000002	85264	86634	1	91
SHMX01000002	86724	87020	1	92
SHMX01000002	87030	87362	1	93
SHMX01000002	87464	88057	1	94
SHMX01000002	88067	88927	1	95
SHMX01000002	88924	89529	1	96
SHMX01000002	89593	90345	1	97
SHMX01000002	90514	91158	1	98
SHMX01000002	91293	93206	1	99
SHMX01000002	93210	93608	-1	100
SHMX01000002	93758	96442	1	101
SHMX01000002	96439	96996	-1	102
SHMX01000002	97132	97368	1	103
SHMX01000002	97383	97571	1	104
SHMX01000002	97954	98421	-1	105
SHMX01000002	98530	99465	1	106
SHMX01000002	99624	99965	1	107
SHMX01000002	99968	100354	1	108
SHMX01000002	100351	101244	1	109
SHMX01000002	101348	101908	1	110
SHMX01000002	101988	102506	1	111
SHMX01000002	102586	103065	1	112
SHMX01000002	103297	104400	-1	113
SHMX01000002	104397	104759	-1	114
SHMX01000002	104924	105367	1	115
SHMX01000002	105362	105679	-1	116
SHMX01000002	106176	106658	-1	117
SHMX01000002	106730	107251	-1	118
SHMX01000002	107395	107787	-1	119
SHMX01000002	108051	108500	-1	120
SHMX01000002	108544	109218	-1	121
SHMX01000002	109349	110260	1	122
SHMX01000002	110204	111343	-1	123
SHMX01000002	111703	112206	1	124
SHMX01000002	112233	112403	-1	125
SHMX01000002	112542	112847	1	126
SHMX01000002	112920	113159	1	127
SHMX01000002	113247	113705	1	128
SHMX01000002	113711	115717	-1	129
SHMX01000002	115859	117511	-1	130
SHMX01000002	118427	119143	-1	131
SHMX01000002	119206	119529	1	132
SHMX01000002	119563	119832	1	133
SHMX01000002	119962	120414	1	134
SHMX01000002	120430	120759	1	135
SHMX01000002	120944	121318	1	136
SHMX01000002	121326	121991	1	137
SHMX01000002	122001	122243	1	138
SHMX01000002	122243	122677	1	139
SHMX01000002	122682	123593	1	140
SHMX01000002	123660	124583	1	141
SHMX01000002	124596	125546	1	142
SHMX01000002	125646	126779	1	143
SHMX01000002	127112	127789	1	144
SHMX01000002	128093	128596	1	145
SHMX01000002	128601	129254	1	146
SHMX01000002	129268	130281	1	147
SHMX01000002	130301	130606	1	148
SHMX01000002	130788	131585	1	149
SHMX01000002	131628	131879	1	150
SHMX01000002	132099	133844	-1	151
SHMX01000002	133813	134805	-1	152
SHMX01000002	135046	135138	1	153
SHMX01000002	135477	135605	1	154
SHMX01000002	135729	136733	1	155
SHMX01000002	136720	138006	-1	156
SHMX01000002	138010	138291	-1	157
SHMX01000002	138324	138695	-1	158
SHMX01000002	138756	140312	-1	159
SHMX01000002	140315	141712	-1	160
SHMX01000002	141742	142170	1	161
SHMX01000002	142310	143173	-1	162
SHMX01000002	143250	146201	-1	163
SHMX01000002	146392	147411	1	164
SHMX01000002	147420	148484	-1	165
SHMX01000002	148477	149988	-1	166
SHMX01000002	150037	150603	-1	167
SHMX01000002	150606	151406	-1	168
SHMX01000002	151461	151778	-1	169
SHMX01000002	151863	152945	-1	170
SHMX01000002	153045	153449	1	171
SHMX01000002	153457	153831	1	172
SHMX01000002	153833	154132	-1	173
SHMX01000002	154147	154560	-1	174
SHMX01000002	154622	155281	-1	175
SHMX01000002	155341	156375	-1	176
SHMX01000002	156723	156989	1	177
SHMX01000002	157209	159404	1	178
SHMX01000002	159394	159678	1	179
SHMX01000002	159708	160172	1	180
SHMX01000002	160169	161566	-1	181
SHMX01000002	161605	163551	-1	182
SHMX01000002	163605	164270	-1	183
SHMX01000002	164342	164677	-1	184
SHMX01000002	164826	167117	1	185
SHMX01000002	167121	167789	-1	186
SHMX01000002	167927	168172	-1	187
SHMX01000002	168439	169680	1	188
SHMX01000002	169690	171213	1	189
SHMX01000002	171305	171637	1	190
SHMX01000002	171802	172662	1	191
SHMX01000002	172663	173433	-1	192
SHMX01000002	173469	174689	1	193
SHMX01000002	174724	175242	1	194
SHMX01000002	175239	176639	-1	195
SHMX01000002	176723	177232	-1	196
SHMX01000002	177274	177828	-1	197
SHMX01000002	177843	179645	-1	198
SHMX01000002	179667	179990	-1	199
SHMX01000002	180063	180557	-1	200
SHMX01000002	180674	182017	1	201
SHMX01000002	182048	182605	1	202
SHMX01000002	182665	183840	1	203
SHMX01000002	183866	184603	1	204
SHMX01000002	184632	185174	-1	205
SHMX01000002	185269	185898	-1	206
SHMX01000002	186000	186944	-1	207
SHMX01000002	187195	187815	1	208
SHMX01000002	187895	188179	1	209
SHMX01000002	188328	188861	1	210
SHMX01000002	188858	189826	-1	211
SHMX01000002	189983	191413	1	212
SHMX01000002	191469	192203	1	213
SHMX01000002	192187	193389	-1	214
SHMX01000002	193499	194266	-1	215
SHMX01000002	194338	194709	-1	216
SHMX01000002	194869	195432	-1	217
SHMX01000002	195703	196170	-1	218
SHMX01000002	196193	196483	-1	219
SHMX01000002	196652	198337	-1	220
SHMX01000002	198459	198827	1	221
SHMX01000002	199018	202608	1	222
SHMX01000002	202605	203336	1	223
SHMX01000002	203342	203896	1	224
SHMX01000002	203893	204906	-1	225
SHMX01000002	205063	205425	1	226
SHMX01000002	205797	207911	-1	227
SHMX01000002	207993	208376	-1	228
SHMX01000002	208526	209173	1	229
SHMX01000002	209283	209819	1	230
SHMX01000002	209844	211112	1	231
SHMX01000002	211238	212806	-1	232
SHMX01000002	212818	214506	-1	233
SHMX01000002	214810	214911	1	234
SHMX01000002	214968	215576	-1	235
SHMX01000002	215577	216464	-1	236
SHMX01000002	216620	217114	1	237
SHMX01000002	217117	217824	-1	238
SHMX01000002	217839	218309	-1	239
SHMX01000002	218498	218854	-1	240
SHMX01000002	218962	220947	1	241
SHMX01000002	221080	221646	1	242
SHMX01000002	221697	222512	1	243
SHMX01000002	222561	223874	1	244
SHMX01000002	223936	224565	1	245
SHMX01000002	224578	225432	1	246
SHMX01000002	225875	226180	1	247
SHMX01000002	226104	226397	-1	248
SHMX01000002	226710	227030	-1	249
SHMX01000002	227114	227617	-1	250
SHMX01000002	227730	228716	1	251
SHMX01000002	228790	229314	1	252
SHMX01000002	229855	230343	1	253
SHMX01000002	230360	230800	1	254
SHMX01000002	230960	231565	1	255
SHMX01000002	231562	232140	-1	256
SHMX01000002	232166	234520	-1	257
SHMX01000002	234530	235516	-1	258
SHMX01000002	235563	236939	1	259
SHMX01000002	237011	238495	-1	260
SHMX01000002	238644	239168	-1	261
SHMX01000002	239272	240333	1	262
SHMX01000002	240301	241377	-1	263
SHMX01000002	241514	242107	1	264
SHMX01000002	242123	243391	1	265
SHMX01000002	243438	244391	1	266
SHMX01000002	244406	245038	1	267
SHMX01000002	245078	245758	1	268
SHMX01000002	245755	246432	-1	269
SHMX01000002	246490	246915	1	270
SHMX01000002	246905	247966	-1	271
SHMX01000002	247997	249073	-1	272
SHMX01000002	249119	249937	-1	273
SHMX01000002	249956	250759	-1	274
SHMX01000002	251193	251843	-1	275
SHMX01000002	252003	252620	-1	276
SHMX01000002	252632	254263	-1	277
SHMX01000002	255088	256410	1	278
SHMX01000002	256446	256742	1	279
SHMX01000002	257141	257350	1	280
SHMX01000002	257412	257696	1	281
SHMX01000002	257779	258072	1	282
SHMX01000002	258104	258910	1	283
SHMX01000002	258907	259083	1	284
SHMX01000002	259244	262006	-1	285
SHMX01000002	262170	262565	-1	286
SHMX01000002	262617	263762	-1	287
SHMX01000002	263844	265058	1	288
SHMX01000002	265018	265776	1	289
SHMX01000002	265812	266234	-1	290
SHMX01000002	266372	268492	1	291
SHMX01000002	268492	268698	1	292
SHMX01000002	268688	269032	-1	293
SHMX01000002	269162	271108	1	294
SHMX01000002	271089	271853	-1	295
SHMX01000002	271967	272647	1	296
SHMX01000002	272680	273240	1	297
SHMX01000002	273371	274219	1	298
SHMX01000002	274222	277761	-1	299
SHMX01000002	277959	279728	1	300
SHMX01000002	280159	281391	-1	301
SHMX01000002	281396	281629	-1	302
SHMX01000002	281782	282036	1	303
SHMX01000002	282095	282217	1	304
SHMX01000002	282234	282464	1	305
SHMX01000002	282461	285304	1	306
SHMX01000002	285276	285890	1	307
SHMX01000002	285892	286986	-1	308
SHMX01000002	287072	287458	-1	309
SHMX01000002	287528	288355	1	310
SHMX01000002	288506	288979	-1	311
SHMX01000002	288963	289937	-1	312
SHMX01000002	290071	291012	1	313
SHMX01000002	291025	292332	1	314
SHMX01000002	292334	293521	1	315
SHMX01000002	293518	293916	1	316
SHMX01000002	293913	294548	-1	317
SHMX01000002	294545	294766	-1	318
SHMX01000002	294780	295178	-1	319
SHMX01000002	295180	295632	-1	320
SHMX01000002	295644	296003	-1	321
SHMX01000002	296016	296816	-1	322
SHMX01000002	297076	298002	1	323
SHMX01000002	298127	298624	-1	324
SHMX01000002	298794	299780	1	325
SHMX01000002	299886	300257	1	326
SHMX01000002	300280	300498	1	327
SHMX01000002	300503	300700	1	328
SHMX01000002	300759	301424	-1	329
SHMX01000002	301595	303391	1	330
SHMX01000002	304466	306589	-1	331
SHMX01000002	306695	307450	1	332
SHMX01000002	307580	308260	1	333
SHMX01000002	308309	308725	-1	334
SHMX01000002	308811	309542	-1	335
SHMX01000002	309659	310678	-1	336
SHMX01000002	310703	311011	-1	337
SHMX01000002	311167	311748	1	338
SHMX01000002	312199	312879	-1	339
SHMX01000002	312894	313490	-1	340
SHMX01000002	313598	314254	-1	341
SHMX01000002	314264	314707	-1	342
SHMX01000002	314824	315258	-1	343
SHMX01000002	315269	315562	-1	344
SHMX01000002	315680	316876	-1	345
SHMX01000002	316890	319547	-1	346
SHMX01000002	319547	322921	-1	347
SHMX01000002	323623	324414	-1	348
SHMX01000002	324512	326233	1	349
SHMX01000002	326246	327133	1	350
SHMX01000002	327168	329111	-1	351
SHMX01000002	329234	329557	-1	352
SHMX01000002	329559	329801	-1	353
SHMX01000002	330056	331090	1	354
SHMX01000002	331137	332099	1	355
SHMX01000002	332104	332865	-1	356
SHMX01000002	332918	333205	-1	357
SHMX01000002	333395	334408	1	358
SHMX01000002	334475	334717	1	359
SHMX01000002	335135	336046	1	360
SHMX01000002	336161	337141	1	361
SHMX01000002	337193	339364	1	362
SHMX01000002	339356	340174	-1	363
SHMX01000002	340171	341625	-1	364
SHMX01000002	341636	342700	-1	365
SHMX01000002	342697	344355	-1	366
SHMX01000002	344339	345100	-1	367
SHMX01000002	345565	346431	-1	368
SHMX01000002	346449	347483	-1	369
SHMX01000002	347490	347984	-1	370
SHMX01000002	348077	348685	1	371
SHMX01000002	348678	349952	1	372
SHMX01000002	350102	350785	-1	373
SHMX01000002	350865	351878	-1	374
SHMX01000002	352170	352727	1	375
SHMX01000002	352924	353217	-1	376
SHMX01000002	353220	354428	-1	377
SHMX01000002	354799	356715	-1	378
SHMX01000002	356712	358070	-1	379
SHMX01000002	358131	358694	-1	380
SHMX01000002	358746	360056	-1	381
SHMX01000002	360444	361121	-1	382
SHMX01000002	361114	361878	-1	383
SHMX01000002	361944	362471	-1	384
SHMX01000002	362620	363198	-1	385
SHMX01000002	363329	364531	1	386
SHMX01000002	364546	365373	1	387
SHMX01000002	365454	365816	1	388
SHMX01000002	365851	366477	-1	389
SHMX01000002	366563	366841	-1	390
SHMX01000002	367017	367991	1	391
SHMX01000002	367992	368318	1	392
SHMX01000002	368505	369902	-1	393
SHMX01000002	369970	371163	-1	394
SHMX01000002	371401	371634	1	395
SHMX01000002	371635	372177	-1	396
SHMX01000002	372393	372779	-1	397
SHMX01000002	372946	375306	1	398
SHMX01000002	375332	375949	-1	399
SHMX01000002	375951	377843	-1	400
SHMX01000002	378199	378600	-1	401
SHMX01000002	378617	379933	1	402
SHMX01000002	379936	381258	1	403
SHMX01000002	381289	381921	-1	404
SHMX01000002	382390	383385	-1	405
SHMX01000002	383457	384668	1	406
SHMX01000002	384669	384917	-1	407
SHMX01000002	384962	386785	-1	408
SHMX01000002	386873	387184	-1	409
SHMX01000002	387302	388120	1	410
SHMX01000002	388128	391823	-1	411
SHMX01000002	392081	394033	1	412
SHMX01000002	394251	394451	-1	413
SHMX01000002	394534	396180	-1	414
SHMX01000002	396340	397257	-1	415
SHMX01000002	397545	397910	-1	416
SHMX01000002	398016	400709	1	417
SHMX01000002	401824	403029	1	418
SHMX01000002	403335	404168	1	419
SHMX01000002	404134	405336	-1	420
SHMX01000002	405343	406290	-1	421
SHMX01000002	406457	407014	1	422
SHMX01000002	407161	409227	1	423
SHMX01000002	409247	411493	1	424
SHMX01000002	411490	412542	-1	425
SHMX01000002	412785	413363	-1	426
SHMX01000002	413444	414586	1	427
SHMX01000002	414608	415147	1	428
SHMX01000002	415149	415571	1	429
SHMX01000002	415568	416587	-1	430
SHMX01000002	416598	417368	-1	431
SHMX01000002	417448	418206	1	432
SHMX01000002	418222	419514	1	433
SHMX01000002	419594	420541	1	434
SHMX01000002	420538	421458	1	435
SHMX01000002	421475	422056	1	436
SHMX01000002	422140	423837	1	437
SHMX01000002	423821	424984	1	438
SHMX01000002	424981	426498	1	439
SHMX01000002	426566	427171	1	440
SHMX01000002	427253	427534	-1	441
SHMX01000002	427676	429709	1	442
SHMX01000002	429714	429956	-1	443
SHMX01000002	430052	431041	1	444
SHMX01000002	431041	431676	1	445
SHMX01000002	431771	432226	1	446
SHMX01000002	432262	433599	1	447
SHMX01000002	433601	433843	1	448
SHMX01000002	433844	435289	-1	449
SHMX01000002	435382	435645	-1	450
SHMX01000002	435820	436176	1	451
SHMX01000002	436203	436847	-1	452
SHMX01000002	437032	437172	1	453
SHMX01000002	437589	437819	1	454
SHMX01000002	437922	439307	-1	455
SHMX01000002	439322	440317	-1	456
SHMX01000002	440436	442043	1	457
SHMX01000002	442040	443287	-1	458
SHMX01000002	443450	444079	1	459
SHMX01000002	444081	444785	1	460
SHMX01000002	444789	445079	1	461
SHMX01000002	445108	445542	1	462
SHMX01000002	445595	445918	1	463
SHMX01000002	446040	446411	1	464
SHMX01000002	446424	447176	1	465
SHMX01000002	447245	448681	1	466
SHMX01000002	448674	449276	1	467
SHMX01000002	449288	449572	1	468
SHMX01000002	449597	449815	1	469
SHMX01000002	449912	450451	1	470
SHMX01000002	450454	451320	1	471
SHMX01000002	451334	452584	1	472
SHMX01000002	452590	454749	1	473
SHMX01000002	454746	457010	1	474
SHMX01000002	457094	458293	1	475
SHMX01000002	458369	459391	1	476
SHMX01000002	459422	459667	-1	477
SHMX01000002	459760	460707	1	478
SHMX01000002	460917	461927	1	479
SHMX01000002	461964	462785	1	480
SHMX01000002	462836	463210	1	481
SHMX01000002	463286	464161	1	482
SHMX01000002	464303	465514	1	483
SHMX01000002	465601	466089	1	484
SHMX01000002	466156	466611	-1	485
SHMX01000002	466728	466946	1	486
SHMX01000002	467091	467600	-1	487
SHMX01000002	467606	469537	-1	488
SHMX01000002	469595	470341	-1	489
SHMX01000002	470487	471173	1	490
SHMX01000002	471170	472135	1	491
SHMX01000002	472227	473057	1	492
SHMX01000002	473072	478207	-1	493
SHMX01000002	478458	480284	1	494
SHMX01000002	480463	480825	1	495
SHMX01000002	480833	481333	-1	496
SHMX01000002	481537	482493	-1	497
SHMX01000002	482709	483020	1	498
SHMX01000002	482995	483510	1	499
SHMX01000002	483769	484959	1	500
SHMX01000002	485103	485921	1	501
SHMX01000002	486091	486543	1	502
SHMX01000002	486566	486976	1	503
SHMX01000002	486962	487285	-1	504
SHMX01000002	487282	487962	-1	505
SHMX01000002	487967	488422	-1	506
SHMX01000002	488451	489032	-1	507
SHMX01000002	489222	490133	-1	508
SHMX01000002	490236	490766	1	509
SHMX01000002	490814	492031	-1	510
SHMX01000002	492225	492653	1	511
SHMX01000002	492598	493023	1	512
SHMX01000002	493044	493874	1	513
SHMX01000002	493875	494738	1	514
SHMX01000002	494958	495374	1	515
SHMX01000002	495424	495636	1	516
SHMX01000002	496145	496402	1	517
SHMX01000002	496452	496610	-1	518
SHMX01000002	496611	496901	-1	519
SHMX01000002	496988	497200	-1	520
SHMX01000002	497218	497811	-1	521
SHMX01000002	497940	498347	-1	522
SHMX01000002	498363	499610	-1	523
SHMX01000002	499693	500076	-1	524
SHMX01000002	500264	501433	1	525
SHMX01000002	501528	502448	1	526
SHMX01000002	502453	503154	1	527
SHMX01000002	503166	504275	1	528
SHMX01000002	504272	505312	-1	529
SHMX01000002	505388	506833	-1	530
SHMX01000002	506948	507394	-1	531
SHMX01000002	507524	508498	-1	532
SHMX01000002	509546	510214	-1	533
SHMX01000002	510323	511234	1	534
SHMX01000002	511236	512186	1	535
SHMX01000002	512189	512563	-1	536
SHMX01000002	512574	513695	-1	537
SHMX01000002	513970	514227	1	538
SHMX01000002	514473	515321	-1	539
SHMX01000002	515795	516484	1	540
SHMX01000002	516486	517439	-1	541
SHMX01000002	517503	517940	-1	542
SHMX01000002	517937	518632	-1	543
SHMX01000002	518629	519870	-1	544
SHMX01000002	519899	520849	1	545
SHMX01000002	520852	521673	1	546
SHMX01000002	521720	521881	-1	547
SHMX01000002	522006	523613	1	548
SHMX01000002	523854	524285	1	549
SHMX01000002	524302	525150	1	550
SHMX01000002	525256	527622	1	551
SHMX01000002	527738	528742	1	552
SHMX01000002	528759	529547	1	553
SHMX01000002	529559	529822	1	554
SHMX01000002	529834	530553	1	555
SHMX01000002	530741	530923	1	556
SHMX01000002	530931	532235	1	557
SHMX01000002	532347	532775	-1	558
SHMX01000002	532948	533772	1	559
SHMX01000002	533783	534307	1	560
SHMX01000002	534304	534579	-1	561
SHMX01000002	534972	536426	1	562
SHMX01000002	536430	537380	-1	563
SHMX01000002	537386	538243	-1	564
SHMX01000002	538352	539254	1	565
SHMX01000002	540046	540414	-1	566
SHMX01000002	540445	540681	-1	567
SHMX01000002	540782	543127	1	568
SHMX01000002	543444	544169	1	569
SHMX01000002	544166	545173	-1	570
SHMX01000002	545121	545627	-1	571
SHMX01000002	545758	546114	1	572
SHMX01000002	546131	546400	1	573
SHMX01000002	546533	546886	1	574
SHMX01000002	546883	547494	-1	575
SHMX01000002	547497	548780	-1	576
SHMX01000002	548845	549327	1	577
SHMX01000002	549441	551561	1	578
SHMX01000002	551892	553778	-1	579
SHMX01000002	553922	555265	1	580
SHMX01000002	555390	556520	1	581
SHMX01000002	556689	558683	1	582
SHMX01000002	558798	559922	1	583
SHMX01000002	559927	560679	-1	584
SHMX01000002	560712	563531	-1	585
SHMX01000002	563701	564789	-1	586
SHMX01000002	564923	565471	1	587
SHMX01000002	565468	565986	1	588
SHMX01000002	566087	567802	-1	589
SHMX01000002	567902	568537	1	590
SHMX01000002	568540	569739	-1	591
SHMX01000002	569867	570889	1	592
SHMX01000002	570892	572610	1	593
SHMX01000002	573027	573962	-1	594
SHMX01000002	574311	574754	1	595
SHMX01000002	575169	578438	-1	596
SHMX01000002	578513	578812	-1	597
SHMX01000002	578815	579519	-1	598
SHMX01000002	579752	582217	1	599
SHMX01000002	582230	582742	-1	600
SHMX01000002	582757	583194	-1	601
SHMX01000002	583258	584049	1	602
SHMX01000002	584052	584819	-1	603
SHMX01000002	584858	585253	-1	604
SHMX01000002	585463	585756	-1	605
SHMX01000002	585753	586454	-1	606
SHMX01000002	586783	589386	-1	607
SHMX01000002	590901	591689	1	608
SHMX01000003	210	1025	-1	1
SHMX01000003	1169	2446	-1	2
SHMX01000003	2446	3219	-1	3
SHMX01000003	3219	4067	-1	4
SHMX01000003	4068	5135	-1	5
SHMX01000003	5368	5859	1	6
SHMX01000003	5863	12150	-1	7
SHMX01000003	12406	12906	1	8
SHMX01000003	12942	13805	1	9
SHMX01000003	13863	15269	1	10
SHMX01000003	15311	15970	1	11
SHMX01000003	16052	16423	-1	12
SHMX01000003	16577	18157	1	13
SHMX01000003	18255	18482	1	14
SHMX01000003	18501	20024	-1	15
SHMX01000003	20024	21541	-1	16
SHMX01000003	21542	23737	-1	17
SHMX01000003	23749	25257	-1	18
SHMX01000003	25257	25688	-1	19
SHMX01000003	25694	26818	-1	20
SHMX01000003	26833	27966	-1	21
SHMX01000003	27963	28493	-1	22
SHMX01000003	28486	28806	-1	23
SHMX01000003	28803	29414	-1	24
SHMX01000003	29418	29858	-1	25
SHMX01000003	30044	30397	1	26
SHMX01000003	30408	31502	-1	27
SHMX01000003	31565	31801	1	28
SHMX01000003	31930	33771	1	29
SHMX01000003	33858	34142	1	30
SHMX01000003	34189	36006	-1	31
SHMX01000003	36092	36550	-1	32
SHMX01000003	36560	38500	-1	33
SHMX01000003	38682	39905	1	34
SHMX01000003	39907	41010	-1	35
SHMX01000003	41121	42191	1	36
SHMX01000003	42200	43393	-1	37
SHMX01000003	43421	43762	-1	38
SHMX01000003	43905	46505	1	39
SHMX01000003	46539	47327	1	40
SHMX01000003	47683	47868	-1	41
SHMX01000003	48401	51430	-1	42
SHMX01000003	51845	52507	1	43
SHMX01000003	52504	53346	1	44
SHMX01000003	53343	54305	1	45
SHMX01000003	54313	54960	1	46
SHMX01000003	55037	56590	1	47
SHMX01000003	56600	58396	1	48
SHMX01000003	58442	59311	-1	49
SHMX01000003	59471	60400	1	50
SHMX01000003	60596	61057	-1	51
SHMX01000003	61097	62344	1	52
SHMX01000003	62547	62780	1	53
SHMX01000003	62848	63159	1	54
SHMX01000003	63453	63740	1	55
SHMX01000003	63777	65207	-1	56
SHMX01000003	65420	65824	1	57
SHMX01000003	65859	71762	-1	58
SHMX01000003	72006	78797	-1	59
SHMX01000003	79009	81669	-1	60
SHMX01000003	81833	82360	1	61
SHMX01000003	82471	84465	1	62
SHMX01000003	84466	84954	1	63
SHMX01000003	84951	86210	-1	64
SHMX01000003	86248	86697	-1	65
SHMX01000003	86847	87080	1	66
SHMX01000003	87101	88618	-1	67
SHMX01000003	88745	90007	1	68
SHMX01000003	90009	93317	-1	69
SHMX01000003	93526	94257	1	70
SHMX01000003	94259	95506	-1	71
SHMX01000003	95587	96792	1	72
SHMX01000003	96795	97250	-1	73
SHMX01000003	97314	98921	-1	74
SHMX01000003	99125	100273	1	75
SHMX01000003	100305	101264	-1	76
SHMX01000003	101269	102294	-1	77
SHMX01000003	102395	102586	-1	78
SHMX01000003	102702	102935	-1	79
SHMX01000003	102985	106287	1	80
SHMX01000003	106603	107748	-1	81
SHMX01000003	107860	108156	1	82
SHMX01000003	108169	108789	1	83
SHMX01000003	108801	110468	1	84
SHMX01000003	110465	111121	-1	85
SHMX01000003	111213	113687	-1	86
SHMX01000003	113744	114283	-1	87
SHMX01000003	114411	115610	1	88
SHMX01000003	115736	117343	-1	89
SHMX01000003	117458	118291	-1	90
SHMX01000003	118466	119179	1	91
SHMX01000003	119282	120109	-1	92
SHMX01000003	120120	120785	-1	93
SHMX01000003	120961	121521	1	94
SHMX01000003	121675	121986	1	95
SHMX01000003	121963	122514	-1	96
SHMX01000003	122606	122788	-1	97
SHMX01000003	122970	123758	1	98
SHMX01000003	123810	124196	1	99
SHMX01000003	124265	125011	1	100
SHMX01000003	125380	125856	-1	101
SHMX01000003	125957	126406	-1	102
SHMX01000003	126502	127440	1	103
SHMX01000003	127528	130023	1	104
SHMX01000003	130080	130682	1	105
SHMX01000003	130702	131268	-1	106
SHMX01000003	131386	132114	1	107
SHMX01000003	132212	132709	1	108
SHMX01000003	132715	133632	1	109
SHMX01000003	133806	135443	1	110
SHMX01000003	135544	136368	-1	111
SHMX01000003	136456	136608	-1	112
SHMX01000003	136766	136939	1	113
SHMX01000003	136976	137635	1	114
SHMX01000003	137736	139070	1	115
SHMX01000003	139210	139635	1	116
SHMX01000003	139729	141093	1	117
SHMX01000003	141099	142004	1	118
SHMX01000003	142001	143299	-1	119
SHMX01000003	143361	143948	-1	120
SHMX01000003	143972	144502	-1	121
SHMX01000003	144564	145388	-1	122
SHMX01000003	145378	146349	-1	123
SHMX01000003	146349	148745	-1	124
SHMX01000003	148936	150525	1	125
SHMX01000003	150531	151379	-1	126
SHMX01000003	151451	152374	-1	127
SHMX01000003	152453	153571	1	128
SHMX01000003	153582	155228	1	129
SHMX01000003	155228	156283	1	130
SHMX01000003	156288	157460	-1	131
SHMX01000003	157745	158671	1	132
SHMX01000003	158703	159092	1	133
SHMX01000003	159183	160382	1	134
SHMX01000003	160384	162162	-1	135
SHMX01000003	162252	162542	-1	136
SHMX01000003	162711	162992	-1	137
SHMX01000003	163092	163976	-1	138
SHMX01000003	164068	166557	-1	139
SHMX01000003	166766	168955	-1	140
SHMX01000003	168988	169419	-1	141
SHMX01000003	169563	170993	-1	142
SHMX01000003	171153	172073	1	143
SHMX01000003	172146	173675	1	144
SHMX01000003	173683	174831	1	145
SHMX01000003	174893	175570	1	146
SHMX01000003	175618	176619	1	147
SHMX01000003	176719	177111	1	148
SHMX01000003	177116	177943	1	149
SHMX01000003	177940	178779	-1	150
SHMX01000003	178896	179759	-1	151
SHMX01000003	179803	180693	-1	152
SHMX01000003	180703	181764	-1	153
SHMX01000003	181855	182301	1	154
SHMX01000003	182307	183773	-1	155
SHMX01000003	183880	184716	1	156
SHMX01000003	184713	185450	-1	157
SHMX01000003	185518	185823	1	158
SHMX01000003	185868	187208	1	159
SHMX01000003	187255	188040	-1	160
SHMX01000003	188183	188302	-1	161
SHMX01000003	188302	188763	-1	162
SHMX01000003	188760	189239	-1	163
SHMX01000003	189352	190776	1	164
SHMX01000003	190777	192348	1	165
SHMX01000003	192505	193626	1	166
SHMX01000003	193634	194620	-1	167
SHMX01000003	194683	195348	-1	168
SHMX01000003	195511	196164	1	169
SHMX01000003	196148	197473	-1	170
SHMX01000003	197891	199561	1	171
SHMX01000003	199558	200751	1	172
SHMX01000003	200775	202016	-1	173
SHMX01000003	202319	203077	1	174
SHMX01000003	203093	203734	1	175
SHMX01000003	203736	204548	1	176
SHMX01000003	204613	205383	1	177
SHMX01000003	205385	205948	-1	178
SHMX01000003	206024	206581	-1	179
SHMX01000003	206704	206829	-1	180
SHMX01000003	206952	207836	1	181
SHMX01000003	207907	208335	1	182
SHMX01000003	208364	208924	-1	183
SHMX01000003	209158	209427	1	184
SHMX01000003	209462	210121	-1	185
SHMX01000003	210174	211703	-1	186
SHMX01000003	211814	213178	-1	187
SHMX01000003	213228	214490	-1	188
SHMX01000003	214568	215023	-1	189
SHMX01000003	215048	215767	-1	190
SHMX01000003	216201	216509	-1	191
SHMX01000003	216512	217717	-1	192
SHMX01000003	217793	218746	-1	193
SHMX01000003	218920	219954	1	194
SHMX01000003	219965	220849	1	195
SHMX01000003	220928	221932	1	196
SHMX01000003	221937	222509	1	197
SHMX01000003	222509	222757	1	198
SHMX01000003	223139	223384	1	199
SHMX01000003	223396	226029	-1	200
SHMX01000003	226084	226857	-1	201
SHMX01000003	226854	228038	-1	202
SHMX01000003	228172	228375	-1	203
SHMX01000003	228455	229216	-1	204
SHMX01000003	229277	231040	-1	205
SHMX01000003	231119	231460	-1	206
SHMX01000003	231530	232765	1	207
SHMX01000003	232843	233970	-1	208
SHMX01000003	234144	234758	1	209
SHMX01000003	234913	236880	1	210
SHMX01000003	236922	237602	-1	211
SHMX01000003	237766	238344	1	212
SHMX01000003	238466	239026	1	213
SHMX01000003	239272	239436	-1	214
SHMX01000003	239572	240387	-1	215
SHMX01000003	240423	240776	-1	216
SHMX01000003	240960	241481	1	217
SHMX01000003	241587	241931	1	218
SHMX01000003	241999	243492	1	219
SHMX01000003	243527	244039	-1	220
SHMX01000003	244101	244553	-1	221
SHMX01000003	244568	245728	-1	222
SHMX01000003	245818	246675	1	223
SHMX01000003	246661	247194	-1	224
SHMX01000003	247311	247976	1	225
SHMX01000003	248101	248961	1	226
SHMX01000003	249014	249733	-1	227
SHMX01000003	249893	249991	-1	228
SHMX01000003	250292	251155	1	229
SHMX01000003	251140	251244	-1	230
SHMX01000003	251322	252149	1	231
SHMX01000003	252132	252509	-1	232
SHMX01000003	252516	253052	-1	233
SHMX01000003	253180	253791	1	234
SHMX01000003	253849	255504	-1	235
SHMX01000003	255587	255844	1	236
SHMX01000003	255925	256110	-1	237
SHMX01000003	256389	258041	1	238
SHMX01000003	258045	259859	-1	239
SHMX01000003	259935	262793	-1	240
SHMX01000003	262793	265666	-1	241
SHMX01000003	265669	267648	-1	242
SHMX01000003	267886	268587	-1	243
SHMX01000003	268733	269161	1	244
SHMX01000003	269151	270401	-1	245
SHMX01000003	270425	270973	-1	246
SHMX01000003	271424	272857	-1	247
SHMX01000003	273017	273913	1	248
SHMX01000003	273923	274375	1	249
SHMX01000003	274467	274643	-1	250
SHMX01000003	274646	275065	-1	251
SHMX01000003	275404	276489	-1	252
SHMX01000003	276639	277649	1	253
SHMX01000003	277716	278597	1	254
SHMX01000003	278587	279138	-1	255
SHMX01000003	279151	281838	-1	256
SHMX01000003	281966	284065	-1	257
SHMX01000003	284373	285692	1	258
SHMX01000003	285777	286439	1	259
SHMX01000003	286594	288336	1	260
SHMX01000003	288465	288617	-1	261
SHMX01000003	288870	293543	-1	262
SHMX01000003	293667	294482	-1	263
SHMX01000003	294500	294958	-1	264
SHMX01000003	295063	296814	-1	265
SHMX01000003	296910	297155	1	266
SHMX01000003	297302	298363	1	267
SHMX01000003	298405	299646	1	268
SHMX01000003	299730	300476	-1	269
SHMX01000003	300476	302158	-1	270
SHMX01000003	302330	303046	1	271
SHMX01000003	303043	304320	-1	272
SHMX01000003	304446	305831	-1	273
SHMX01000003	305854	306723	-1	274
SHMX01000003	306720	308435	-1	275
SHMX01000003	308620	310437	-1	276
SHMX01000003	310547	311071	-1	277
SHMX01000003	311196	311687	1	278
SHMX01000003	311750	312652	-1	279
SHMX01000003	313028	314710	1	280
SHMX01000003	314776	315642	1	281
SHMX01000003	315677	316627	1	282
SHMX01000003	316907	318091	1	283
SHMX01000003	318166	319746	1	284
SHMX01000003	319836	320252	1	285
SHMX01000003	320341	321798	1	286
SHMX01000003	321795	321998	-1	287
SHMX01000003	322285	323328	1	288
SHMX01000003	323342	324502	1	289
SHMX01000003	324507	324929	1	290
SHMX01000003	324933	325631	-1	291
SHMX01000003	325718	326707	1	292
SHMX01000003	326702	328195	-1	293
SHMX01000003	328277	330097	-1	294
SHMX01000003	330152	332251	-1	295
SHMX01000003	332341	333768	-1	296
SHMX01000003	333770	334606	-1	297
SHMX01000003	334711	336381	-1	298
SHMX01000003	336437	338152	-1	299
SHMX01000003	338386	338538	1	300
SHMX01000003	338739	339809	1	301
SHMX01000003	339826	343191	1	302
SHMX01000003	343203	343838	1	303
SHMX01000003	343847	344353	1	304
SHMX01000003	344410	344766	1	305
SHMX01000003	345100	345225	-1	306
SHMX01000003	345415	345645	1	307
SHMX01000003	345968	347035	-1	308
SHMX01000003	347372	348919	-1	309
SHMX01000003	349425	349874	1	310
SHMX01000003	349932	352421	-1	311
SHMX01000003	352485	353846	-1	312
SHMX01000003	354142	354747	-1	313
SHMX01000003	354909	356108	1	314
SHMX01000003	356169	356975	1	315
SHMX01000003	357006	358991	-1	316
SHMX01000003	358991	360835	-1	317
SHMX01000003	360836	361366	-1	318
SHMX01000003	361513	363357	1	319
SHMX01000003	363411	363977	1	320
SHMX01000003	363979	366255	-1	321
SHMX01000003	366374	366901	-1	322
SHMX01000003	366961	368229	-1	323
SHMX01000003	368428	370149	1	324
SHMX01000003	370233	371372	1	325
SHMX01000003	371369	372898	1	326
SHMX01000003	372954	373862	-1	327
SHMX01000003	373865	375040	-1	328
SHMX01000003	375037	375402	-1	329
SHMX01000003	375430	375933	-1	330
SHMX01000003	376000	376641	-1	331
SHMX01000003	376836	377642	1	332
SHMX01000003	377697	378212	1	333
SHMX01000003	378406	387528	1	334
SHMX01000003	387737	393286	1	335
SHMX01000003	393404	393652	1	336
SHMX01000003	393689	394924	-1	337
SHMX01000003	395070	395795	1	338
SHMX01000003	395792	396775	-1	339
SHMX01000003	396884	397270	-1	340
SHMX01000003	397267	398439	-1	341
SHMX01000003	398617	399819	1	342
SHMX01000003	400023	400766	1	343
SHMX01000003	400772	401320	1	344
SHMX01000003	401367	402632	1	345
SHMX01000003	402629	403372	-1	346
SHMX01000003	403456	404166	1	347
SHMX01000003	404478	404957	-1	348
SHMX01000003	405069	405467	1	349
SHMX01000003	405514	405972	-1	350
SHMX01000003	406234	407127	-1	351
SHMX01000003	407289	407978	1	352
SHMX01000003	407979	409634	-1	353
SHMX01000003	409734	410360	-1	354
SHMX01000003	410492	412399	1	355
SHMX01000003	412413	413261	-1	356
SHMX01000003	413359	413733	-1	357
SHMX01000003	413853	414503	1	358
SHMX01000003	414508	415179	-1	359
SHMX01000003	415305	415631	1	360
SHMX01000003	415613	417208	-1	361
SHMX01000003	417370	417828	1	362
SHMX01000003	417902	418561	-1	363
SHMX01000003	418565	419827	-1	364
SHMX01000003	420047	421225	-1	365
SHMX01000003	421357	421905	1	366
SHMX01000003	421938	423332	-1	367
SHMX01000003	423587	424636	1	368
SHMX01000003	424742	424945	1	369
SHMX01000003	425155	426060	1	370
SHMX01000003	426071	426628	-1	371
SHMX01000003	426686	428836	-1	372
SHMX01000003	428958	429380	1	373
SHMX01000003	429510	429722	1	374
SHMX01000003	429743	430600	-1	375
SHMX01000003	430682	432649	-1	376
SHMX01000003	432650	435577	-1	377
SHMX01000003	435761	437728	1	378
SHMX01000003	437968	439200	1	379
SHMX01000003	439342	439551	1	380
SHMX01000003	439499	439630	-1	381
SHMX01000003	439656	440516	1	382
SHMX01000003	440559	440984	1	383
SHMX01000003	441036	441671	1	384
SHMX01000003	441730	442263	1	385
SHMX01000003	442585	444855	1	386
SHMX01000003	444852	445754	-1	387
SHMX01000003	445818	446147	1	388
SHMX01000003	446158	447300	1	389
SHMX01000003	447306	448571	1	390
SHMX01000003	448573	449085	1	391
SHMX01000003	449153	450937	1	392
SHMX01000003	450983	451537	-1	393
SHMX01000003	451625	452794	-1	394
SHMX01000003	452854	453198	-1	395
SHMX01000003	453375	453695	-1	396
SHMX01000003	453761	454102	-1	397
SHMX01000003	454113	455510	-1	398
SHMX01000003	455522	455890	-1	399
SHMX01000003	455905	456465	-1	400
SHMX01000003	456466	457347	-1	401
SHMX01000003	457586	464668	-1	402
SHMX01000003	464669	465835	-1	403
SHMX01000003	466072	467238	-1	404
SHMX01000003	467252	467776	-1	405
SHMX01000003	467776	469356	-1	406
SHMX01000003	469390	470529	-1	407
SHMX01000003	470562	471056	-1	408
SHMX01000003	471206	472405	1	409
SHMX01000003	472402	473529	-1	410
SHMX01000003	473697	475646	1	411
SHMX01000003	475725	477674	1	412
SHMX01000003	478270	479817	-1	413
SHMX01000003	479993	480184	-1	414
SHMX01000003	480277	481404	-1	415
SHMX01000003	481550	481840	1	416
SHMX01000003	481861	482928	-1	417
SHMX01000003	483019	483858	-1	418
SHMX01000003	483913	484710	-1	419
SHMX01000003	484975	485793	1	420
SHMX01000003	485786	487066	-1	421
SHMX01000003	487175	488218	1	422
SHMX01000003	488222	488494	-1	423
SHMX01000003	488582	488995	-1	424
SHMX01000003	489008	490678	-1	425
SHMX01000003	490687	491646	-1	426
SHMX01000003	491667	492068	-1	427
SHMX01000003	492136	492633	-1	428
SHMX01000003	492785	493057	1	429
SHMX01000003	493096	493569	-1	430
SHMX01000003	493642	494385	-1	431
SHMX01000003	494403	495176	-1	432
SHMX01000003	495188	496210	-1	433
SHMX01000003	496254	500906	1	434
SHMX01000003	501246	501605	-1	435
SHMX01000003	501740	502168	-1	436
SHMX01000003	502302	502949	1	437
SHMX01000003	503037	503750	1	438
SHMX01000003	503797	504423	1	439
SHMX01000003	504534	506129	1	440
SHMX01000003	506271	507584	-1	441
SHMX01000003	507657	509177	-1	442
SHMX01000003	509395	510384	1	443
SHMX01000003	510438	512297	1	444
SHMX01000003	512535	513797	1	445
SHMX01000003	513995	515023	1	446
SHMX01000003	515095	515250	-1	447
SHMX01000003	515659	516273	1	448
SHMX01000003	516285	516734	1	449
SHMX01000003	516745	517161	1	450
SHMX01000003	517197	517559	1	451
SHMX01000003	517888	519588	-1	452
SHMX01000003	519744	520268	1	453
SHMX01000003	520284	521228	1	454
SHMX01000003	521241	521804	-1	455
SHMX01000003	521815	522444	-1	456
SHMX01000003	522490	523230	-1	457
SHMX01000003	523376	523690	1	458
SHMX01000003	523809	525044	1	459
SHMX01000003	525153	525935	-1	460
SHMX01000003	526007	527728	-1	461
SHMX01000003	527725	529023	-1	462
SHMX01000003	529030	529350	-1	463
SHMX01000003	529540	532419	1	464
SHMX01000003	532611	533576	1	465
SHMX01000003	533577	534551	1	466
SHMX01000003	534563	535786	1	467
SHMX01000003	535847	536296	-1	468
SHMX01000003	536303	536728	-1	469
SHMX01000003	536853	537161	1	470
SHMX01000003	537216	537401	-1	471
SHMX01000003	537683	538483	1	472
SHMX01000003	538585	538935	1	473
SHMX01000003	538922	539269	-1	474
SHMX01000003	539284	540327	-1	475
SHMX01000003	540384	540665	-1	476
SHMX01000003	540725	541240	-1	477
SHMX01000003	542298	543089	-1	478
SHMX01000003	543264	544400	1	479
SHMX01000003	544480	545229	1	480
SHMX01000004	1	3630	-1	1
SHMX01000004	3822	5252	-1	2
SHMX01000004	5382	5777	1	3
SHMX01000004	5793	6128	1	4
SHMX01000004	6132	8303	1	5
SHMX01000004	8635	9396	1	6
SHMX01000004	9441	9827	-1	7
SHMX01000004	9909	11117	1	8
SHMX01000004	11151	12191	-1	9
SHMX01000004	12268	13644	-1	10
SHMX01000004	13836	14252	1	11
SHMX01000004	14326	14805	1	12
SHMX01000004	14791	15066	-1	13
SHMX01000004	15066	15392	-1	14
SHMX01000004	15680	15874	1	15
SHMX01000004	16090	16560	-1	16
SHMX01000004	16658	18091	1	17
SHMX01000004	18125	18568	1	18
SHMX01000004	18603	19688	-1	19
SHMX01000004	19711	21042	-1	20
SHMX01000004	21229	21489	1	21
SHMX01000004	21625	22500	1	22
SHMX01000004	22515	23012	1	23
SHMX01000004	23113	23580	1	24
SHMX01000004	23585	23743	-1	25
SHMX01000004	23847	25517	1	26
SHMX01000004	25514	27523	-1	27
SHMX01000004	27672	29060	1	28
SHMX01000004	29072	30430	1	29
SHMX01000004	30533	33712	1	30
SHMX01000004	33715	34998	1	31
SHMX01000004	34988	37870	-1	32
SHMX01000004	38039	38332	1	33
SHMX01000004	38457	39629	1	34
SHMX01000004	39947	44704	1	35
SHMX01000004	44812	45360	-1	36
SHMX01000004	45438	46436	-1	37
SHMX01000004	46656	46922	1	38
SHMX01000004	47016	47201	1	39
SHMX01000004	47198	48160	-1	40
SHMX01000004	48245	48580	1	41
SHMX01000004	48570	49316	-1	42
SHMX01000004	49528	50145	1	43
SHMX01000004	50142	52031	1	44
SHMX01000004	52051	53112	1	45
SHMX01000004	53103	53672	-1	46
SHMX01000004	53713	54174	-1	47
SHMX01000004	54171	54521	-1	48
SHMX01000004	54574	55917	-1	49
SHMX01000004	56060	57169	1	50
SHMX01000004	57195	57788	-1	51
SHMX01000004	57949	60735	1	52
SHMX01000004	60742	61584	-1	53
SHMX01000004	61664	62818	1	54
SHMX01000004	62839	63720	-1	55
SHMX01000004	64276	65715	1	56
SHMX01000004	65755	66420	-1	57
SHMX01000004	66477	67250	-1	58
SHMX01000004	67463	69397	1	59
SHMX01000004	69412	71979	1	60
SHMX01000004	72106	73026	1	61
SHMX01000004	73029	74315	-1	62
SHMX01000004	74397	75032	-1	63
SHMX01000004	75204	75512	1	64
SHMX01000004	75602	76543	1	65
SHMX01000004	76540	77529	1	66
SHMX01000004	77529	78473	1	67
SHMX01000004	78486	79307	1	68
SHMX01000004	79460	80494	1	69
SHMX01000004	80534	81886	-1	70
SHMX01000004	81996	83315	1	71
SHMX01000004	83293	83829	-1	72
SHMX01000004	83857	84501	-1	73
SHMX01000004	84672	85337	1	74
SHMX01000004	85362	85793	-1	75
SHMX01000004	85823	86425	-1	76
SHMX01000004	86582	88246	-1	77
SHMX01000004	88256	89761	-1	78
SHMX01000004	90264	91202	1	79
SHMX01000004	91205	91621	-1	80
SHMX01000004	91658	92311	-1	81
SHMX01000004	92316	92567	-1	82
SHMX01000004	92587	93798	-1	83
SHMX01000004	93958	94380	1	84
SHMX01000004	94539	95168	1	85
SHMX01000004	95239	95634	1	86
SHMX01000004	95637	96704	-1	87
SHMX01000004	97200	98360	-1	88
SHMX01000004	98362	99768	-1	89
SHMX01000004	99793	100119	-1	90
SHMX01000004	100292	100837	1	91
SHMX01000004	100901	102040	1	92
SHMX01000004	102041	102685	-1	93
SHMX01000004	102776	103933	1	94
SHMX01000004	103930	104358	-1	95
SHMX01000004	104415	104570	1	96
SHMX01000004	104636	105541	1	97
SHMX01000004	105645	106751	1	98
SHMX01000004	106827	107030	1	99
SHMX01000004	107139	107690	1	100
SHMX01000004	107638	108450	-1	101
SHMX01000004	108574	110592	1	102
SHMX01000004	110593	110976	-1	103
SHMX01000004	111070	112263	-1	104
SHMX01000004	112390	112998	1	105
SHMX01000004	112963	113595	-1	106
SHMX01000004	113657	114760	-1	107
SHMX01000004	114958	115668	1	108
SHMX01000004	115672	116388	-1	109
SHMX01000004	116534	118366	1	110
SHMX01000004	118363	118749	-1	111
SHMX01000004	118840	119736	1	112
SHMX01000004	119742	121382	-1	113
SHMX01000004	121387	122157	-1	114
SHMX01000004	122394	123347	1	115
SHMX01000004	123392	124651	1	116
SHMX01000004	124668	124916	1	117
SHMX01000004	125029	125970	1	118
SHMX01000004	125970	126716	1	119
SHMX01000004	126740	127267	-1	120
SHMX01000004	127384	127779	1	121
SHMX01000004	127974	128984	1	122
SHMX01000004	129028	130419	1	123
SHMX01000004	130476	131294	1	124
SHMX01000004	131291	131572	-1	125
SHMX01000004	131586	132212	-1	126
SHMX01000004	132312	133499	1	127
SHMX01000004	133501	134787	-1	128
SHMX01000004	134795	135862	-1	129
SHMX01000004	136065	136982	1	130
SHMX01000004	136984	137646	1	131
SHMX01000004	137717	139264	-1	132
SHMX01000004	139852	140607	1	133
SHMX01000004	140609	141076	1	134
SHMX01000004	141073	142137	1	135
SHMX01000004	142134	142592	1	136
SHMX01000004	142579	143214	1	137
SHMX01000004	143208	145178	1	138
SHMX01000004	145156	145758	1	139
SHMX01000004	145748	146050	1	140
SHMX01000004	146043	148382	1	141
SHMX01000004	148379	150586	1	142
SHMX01000004	150586	152145	1	143
SHMX01000004	152093	152842	1	144
SHMX01000004	152820	153785	1	145
SHMX01000004	153769	154488	1	146
SHMX01000004	154499	155488	1	147
SHMX01000004	155494	157551	-1	148
SHMX01000004	157831	158427	1	149
SHMX01000004	158578	166413	1	150
SHMX01000004	166435	168405	-1	151
SHMX01000004	168847	169719	-1	152
SHMX01000004	169899	170852	-1	153
SHMX01000004	171145	171597	-1	154
SHMX01000004	171598	171873	-1	155
SHMX01000004	171874	172317	-1	156
SHMX01000004	172310	173629	-1	157
SHMX01000004	173626	174435	-1	158
SHMX01000004	174442	174807	-1	159
SHMX01000004	175037	177388	1	160
SHMX01000004	177460	178857	1	161
SHMX01000004	179198	180634	-1	162
SHMX01000004	180913	181830	1	163
SHMX01000004	181862	182941	-1	164
SHMX01000004	183005	183787	1	165
SHMX01000004	183790	184074	-1	166
SHMX01000004	184129	184983	-1	167
SHMX01000004	185231	185869	1	168
SHMX01000004	186020	186127	1	169
SHMX01000004	186301	186489	-1	170
SHMX01000004	186679	187131	1	171
SHMX01000004	187295	187879	-1	172
SHMX01000004	188549	189142	1	173
SHMX01000004	189198	191405	1	174
SHMX01000004	191451	192692	1	175
SHMX01000004	192764	194449	1	176
SHMX01000004	194461	194631	1	177
SHMX01000004	194628	196505	1	178
SHMX01000004	196506	198644	-1	179
SHMX01000004	198655	199713	-1	180
SHMX01000004	199900	200856	1	181
SHMX01000004	200925	201161	1	182
SHMX01000004	201064	201675	-1	183
SHMX01000004	201677	202465	-1	184
SHMX01000004	202539	203198	-1	185
SHMX01000004	203364	207092	-1	186
SHMX01000004	207206	207727	-1	187
SHMX01000004	207869	208447	1	188
SHMX01000004	208505	208804	-1	189
SHMX01000004	208856	210025	1	190
SHMX01000004	210139	211329	-1	191
SHMX01000004	211484	212302	-1	192
SHMX01000004	212299	213633	-1	193
SHMX01000004	213815	215440	1	194
SHMX01000004	215474	216553	-1	195
SHMX01000004	216581	217171	-1	196
SHMX01000004	217293	218429	1	197
SHMX01000004	218400	218876	-1	198
SHMX01000004	219017	220387	1	199
SHMX01000004	220402	221988	1	200
SHMX01000004	222552	224048	1	201
SHMX01000004	224035	224481	1	202
SHMX01000004	224478	225458	1	203
SHMX01000004	225718	228237	-1	204
SHMX01000004	228362	231103	-1	205
SHMX01000004	231244	232104	-1	206
SHMX01000004	232120	233121	-1	207
SHMX01000004	233192	235573	1	208
SHMX01000004	236026	239592	-1	209
SHMX01000004	239780	243526	-1	210
SHMX01000004	243702	247448	-1	211
SHMX01000004	247639	248670	-1	212
SHMX01000004	248723	249787	-1	213
SHMX01000004	249901	251487	-1	214
SHMX01000004	251587	253503	-1	215
SHMX01000004	253692	254069	-1	216
SHMX01000004	254202	255005	-1	217
SHMX01000004	255089	255946	-1	218
SHMX01000004	256049	256735	-1	219
SHMX01000004	256911	258326	1	220
SHMX01000004	258619	259995	1	221
SHMX01000004	260030	260392	-1	222
SHMX01000004	260410	260559	-1	223
SHMX01000004	260627	261112	-1	224
SHMX01000004	261244	261747	1	225
SHMX01000004	261744	262823	-1	226
SHMX01000004	262881	265958	-1	227
SHMX01000004	266091	267581	1	228
SHMX01000004	267586	269724	-1	229
SHMX01000004	269815	271908	-1	230
SHMX01000004	272025	272939	-1	231
SHMX01000004	273023	273412	-1	232
SHMX01000004	273568	273942	1	233
SHMX01000004	273969	275042	-1	234
SHMX01000004	275198	275785	1	235
SHMX01000004	275906	276136	1	236
SHMX01000004	276219	276566	1	237
SHMX01000004	276568	277323	-1	238
SHMX01000004	277433	278050	1	239
SHMX01000004	278047	279429	-1	240
SHMX01000004	279502	281061	-1	241
SHMX01000004	281121	282377	-1	242
SHMX01000004	282370	283806	-1	243
SHMX01000004	283813	285981	-1	244
SHMX01000004	285991	286689	-1	245
SHMX01000004	286691	287656	-1	246
SHMX01000004	287716	288789	-1	247
SHMX01000004	288897	289853	-1	248
SHMX01000004	289850	291244	-1	249
SHMX01000004	291247	291855	-1	250
SHMX01000004	291901	292479	-1	251
SHMX01000004	292565	293713	1	252
SHMX01000004	293721	294119	-1	253
SHMX01000004	294137	295543	-1	254
SHMX01000004	295705	296022	1	255
SHMX01000004	296057	297148	-1	256
SHMX01000004	297152	298534	-1	257
SHMX01000004	298554	301241	-1	258
SHMX01000004	301485	303455	1	259
SHMX01000004	303468	304097	-1	260
SHMX01000004	304294	305742	-1	261
SHMX01000004	306112	307221	-1	262
SHMX01000004	307301	308491	-1	263
SHMX01000004	308498	309142	-1	264
SHMX01000004	309469	309729	1	265
SHMX01000004	309756	310139	-1	266
SHMX01000004	310493	315118	1	267
SHMX01000004	315115	320934	1	268
SHMX01000004	320946	322763	1	269
SHMX01000004	322816	323790	-1	270
SHMX01000004	323939	325984	1	271
SHMX01000004	326090	327349	1	272
SHMX01000004	327400	328128	-1	273
SHMX01000004	328292	330124	1	274
SHMX01000004	330131	330496	-1	275
SHMX01000004	330556	331818	-1	276
SHMX01000004	331775	332227	-1	277
SHMX01000004	332393	333121	1	278
SHMX01000004	333124	334032	-1	279
SHMX01000004	334238	335233	1	280
SHMX01000004	335236	336828	1	281
SHMX01000004	336868	337734	-1	282
SHMX01000004	337808	338677	-1	283
SHMX01000004	338681	339025	-1	284
SHMX01000004	339124	339972	1	285
SHMX01000004	339969	341885	1	286
SHMX01000004	341946	343181	1	287
SHMX01000004	343190	344473	-1	288
SHMX01000004	344697	345863	1	289
SHMX01000004	345934	346512	-1	290
SHMX01000004	346776	347009	-1	291
SHMX01000004	347044	347463	-1	292
SHMX01000004	347880	348299	1	293
SHMX01000004	348811	349266	1	294
SHMX01000004	349367	349864	-1	295
SHMX01000004	350154	352736	1	296
SHMX01000004	352739	355252	1	297
SHMX01000004	355249	356064	1	298
SHMX01000004	356081	358141	1	299
SHMX01000004	358209	358529	-1	300
SHMX01000004	358989	359270	1	301
SHMX01000004	359431	359655	1	302
SHMX01000004	359680	360039	-1	303
SHMX01000004	360052	361038	1	304
SHMX01000004	361040	361471	1	305
SHMX01000004	361657	362514	1	306
SHMX01000004	362551	363120	1	307
SHMX01000004	363218	364174	1	308
SHMX01000004	364312	365379	1	309
SHMX01000004	365831	367117	-1	310
SHMX01000004	367238	370453	-1	311
SHMX01000004	370536	373778	-1	312
SHMX01000004	373860	375677	-1	313
SHMX01000004	375786	376844	-1	314
SHMX01000004	377076	378131	1	315
SHMX01000004	378144	379724	1	316
SHMX01000004	379724	380941	1	317
SHMX01000004	380938	383742	1	318
SHMX01000004	383977	384390	1	319
SHMX01000004	384520	385776	1	320
SHMX01000004	385787	386425	-1	321
SHMX01000004	386494	387036	-1	322
SHMX01000004	387379	387750	1	323
SHMX01000004	387775	388356	-1	324
SHMX01000004	388434	389681	-1	325
SHMX01000004	389860	391089	1	326
SHMX01000004	391445	391954	1	327
SHMX01000004	392280	397778	1	328
SHMX01000004	397904	398524	-1	329
SHMX01000004	398634	399242	-1	330
SHMX01000004	399431	400120	1	331
SHMX01000004	400182	401990	-1	332
SHMX01000004	402095	402463	-1	333
SHMX01000004	402470	402910	-1	334
SHMX01000004	403116	403526	-1	335
SHMX01000004	403529	404938	-1	336
SHMX01000004	405040	405243	-1	337
SHMX01000004	405458	405769	-1	338
SHMX01000004	405806	405988	1	339
SHMX01000004	405920	406123	-1	340
SHMX01000004	406218	407456	-1	341
SHMX01000004	407751	409037	-1	342
SHMX01000004	409345	416661	1	343
SHMX01000005	1	558	1	1
SHMX01000005	558	1010	1	2
SHMX01000005	1032	1421	-1	3
SHMX01000005	1467	2177	-1	4
SHMX01000005	2298	2519	1	5
SHMX01000005	2618	3178	1	6
SHMX01000005	3286	3897	1	7
SHMX01000005	3904	4200	-1	8
SHMX01000005	4335	4748	1	9
SHMX01000005	4809	5885	1	10
SHMX01000005	5961	6587	-1	11
SHMX01000005	6672	8642	-1	12
SHMX01000005	8836	9462	1	13
SHMX01000005	9547	10320	1	14
SHMX01000005	10370	10759	1	15
SHMX01000005	10828	11775	1	16
SHMX01000005	11969	12946	1	17
SHMX01000005	13008	13310	-1	18
SHMX01000005	13483	15066	1	19
SHMX01000005	15298	15396	-1	20
SHMX01000005	15399	16358	-1	21
SHMX01000005	16506	17222	1	22
SHMX01000005	17227	18018	-1	23
SHMX01000005	18101	18763	1	24
SHMX01000005	18777	19343	1	25
SHMX01000005	19441	19758	1	26
SHMX01000005	19829	20641	1	27
SHMX01000005	20667	20978	1	28
SHMX01000005	21056	21181	1	29
SHMX01000005	21193	22194	1	30
SHMX01000005	22509	22847	1	31
SHMX01000005	22927	23994	-1	32
SHMX01000005	24099	24536	-1	33
SHMX01000005	24601	26001	1	34
SHMX01000005	25994	27313	1	35
SHMX01000005	27438	28088	1	36
SHMX01000005	28182	28937	-1	37
SHMX01000005	28980	29936	-1	38
SHMX01000005	30232	31176	-1	39
SHMX01000005	31402	31974	-1	40
SHMX01000005	32165	32863	1	41
SHMX01000005	32910	33407	1	42
SHMX01000005	33494	34336	1	43
SHMX01000005	34358	34975	1	44
SHMX01000005	34982	35431	-1	45
SHMX01000005	35441	36376	-1	46
SHMX01000005	36473	37198	-1	47
SHMX01000005	37279	37782	1	48
SHMX01000005	37821	38969	1	49
SHMX01000005	38966	40012	-1	50
SHMX01000005	40028	40942	-1	51
SHMX01000005	40953	41597	-1	52
SHMX01000005	41719	43626	1	53
SHMX01000005	43984	46887	1	54
SHMX01000005	46979	47254	1	55
SHMX01000005	47257	47712	-1	56
SHMX01000005	47780	48631	-1	57
SHMX01000005	48694	49182	-1	58
SHMX01000005	49285	50097	-1	59
SHMX01000005	50215	51981	-1	60
SHMX01000005	51984	53216	-1	61
SHMX01000005	53218	54705	-1	62
SHMX01000005	54876	55091	-1	63
SHMX01000005	55175	55354	1	64
SHMX01000005	55669	56892	1	65
SHMX01000005	56932	57825	-1	66
SHMX01000005	57917	59230	-1	67
SHMX01000005	59227	60141	-1	68
SHMX01000005	60138	60608	-1	69
SHMX01000005	60767	61000	1	70
SHMX01000005	61023	61343	1	71
SHMX01000005	61371	62324	-1	72
SHMX01000005	62436	64310	-1	73
SHMX01000005	64313	64801	-1	74
SHMX01000005	64802	66172	-1	75
SHMX01000005	66188	66478	-1	76
SHMX01000005	66603	67496	1	77
SHMX01000005	67645	70407	1	78
SHMX01000005	70496	71680	1	79
SHMX01000005	71682	72776	-1	80
SHMX01000005	72878	73231	1	81
SHMX01000005	73234	75168	-1	82
SHMX01000005	75168	75650	-1	83
SHMX01000005	75830	77626	1	84
SHMX01000005	77678	79075	1	85
SHMX01000005	79084	80286	-1	86
SHMX01000005	80299	81066	-1	87
SHMX01000005	81094	81870	-1	88
SHMX01000005	81908	83275	-1	89
SHMX01000005	83416	84384	1	90
SHMX01000005	84403	85542	1	91
SHMX01000005	85550	86113	-1	92
SHMX01000005	86269	86505	1	93
SHMX01000005	86553	87401	1	94
SHMX01000005	87517	88209	1	95
SHMX01000005	88232	90316	1	96
SHMX01000005	90276	91667	1	97
SHMX01000005	91657	92874	-1	98
SHMX01000005	92994	94541	1	99
SHMX01000005	94566	95693	-1	100
SHMX01000005	96051	96815	-1	101
SHMX01000005	96979	98154	1	102
SHMX01000005	98138	99472	-1	103
SHMX01000005	99547	100722	-1	104
SHMX01000005	100870	101826	1	105
SHMX01000005	101845	102204	-1	106
SHMX01000005	102328	104196	1	107
SHMX01000005	104290	105786	1	108
SHMX01000005	105942	107084	1	109
SHMX01000005	107140	108531	1	110
SHMX01000005	108619	111234	1	111
SHMX01000005	111249	113846	-1	112
SHMX01000005	113971	115125	1	113
SHMX01000005	115092	116018	-1	114
SHMX01000005	116123	117247	1	115
SHMX01000005	117326	118474	1	116
SHMX01000005	118542	119510	1	117
SHMX01000005	119544	120884	1	118
SHMX01000005	120906	122087	1	119
SHMX01000005	122079	123806	-1	120
SHMX01000005	124040	125479	1	121
SHMX01000005	125576	128455	-1	122
SHMX01000005	128555	129508	-1	123
SHMX01000005	129757	130887	1	124
SHMX01000005	130910	132058	1	125
SHMX01000005	132058	133233	1	126
SHMX01000005	133315	134439	1	127
SHMX01000005	134481	136199	1	128
SHMX01000005	136218	137723	1	129
SHMX01000005	137726	139570	-1	130
SHMX01000005	139633	140844	-1	131
SHMX01000005	141096	141881	1	132
SHMX01000005	141878	142714	1	133
SHMX01000005	142813	143745	1	134
SHMX01000005	143749	144768	1	135
SHMX01000005	144956	146380	-1	136
SHMX01000005	146558	147856	1	137
SHMX01000005	147860	149101	1	138
SHMX01000005	149130	150473	-1	139
SHMX01000005	150828	151403	1	140
SHMX01000005	151516	152166	-1	141
SHMX01000005	152279	153394	1	142
SHMX01000005	153590	154414	-1	143
SHMX01000005	154557	157568	1	144
SHMX01000005	157576	158505	-1	145
SHMX01000005	158662	158952	1	146
SHMX01000005	158952	159224	1	147
SHMX01000005	159227	159556	1	148
SHMX01000005	159553	161568	1	149
SHMX01000005	161582	163105	1	150
SHMX01000005	163110	164684	1	151
SHMX01000005	164854	165618	1	152
SHMX01000005	165667	166818	1	153
SHMX01000005	166830	168203	1	154
SHMX01000005	168209	168733	1	155
SHMX01000005	168758	168997	1	156
SHMX01000005	169268	170101	1	157
SHMX01000005	170109	171164	-1	158
SHMX01000005	171281	174061	-1	159
SHMX01000005	174264	174554	1	160
SHMX01000005	174551	177220	-1	161
SHMX01000005	177241	178050	-1	162
SHMX01000005	178065	179657	1	163
SHMX01000005	179654	180937	-1	164
SHMX01000005	181108	182715	1	165
SHMX01000005	182760	184736	-1	166
SHMX01000005	184799	186070	1	167
SHMX01000005	186124	186447	1	168
SHMX01000005	186450	187040	-1	169
SHMX01000005	187212	187598	1	170
SHMX01000005	187673	188233	-1	171
SHMX01000005	188371	189435	1	172
SHMX01000005	189455	189856	1	173
SHMX01000005	189884	190498	-1	174
SHMX01000005	190500	190823	-1	175
SHMX01000005	191040	193211	1	176
SHMX01000005	193264	195588	-1	177
SHMX01000005	195726	196100	-1	178
SHMX01000005	196121	196498	-1	179
SHMX01000005	196670	197452	-1	180
SHMX01000005	197557	199794	1	181
SHMX01000005	199868	200224	1	182
SHMX01000005	200221	200673	-1	183
SHMX01000005	200673	201728	-1	184
SHMX01000005	201792	202580	1	185
SHMX01000005	202602	202796	-1	186
SHMX01000005	203131	204402	1	187
SHMX01000005	204443	206158	-1	188
SHMX01000005	206170	207315	-1	189
SHMX01000005	207442	208107	1	190
SHMX01000005	208113	208511	-1	191
SHMX01000005	208633	210018	-1	192
SHMX01000005	210042	210905	1	193
SHMX01000005	211057	211599	1	194
SHMX01000005	211742	212323	1	195
SHMX01000005	212945	213634	1	196
SHMX01000005	213601	215229	1	197
SHMX01000005	215461	216441	-1	198
SHMX01000005	216438	217508	-1	199
SHMX01000005	217684	218043	1	200
SHMX01000005	218152	219063	1	201
SHMX01000005	219073	220491	-1	202
SHMX01000005	220527	220931	-1	203
SHMX01000005	220992	221870	-1	204
SHMX01000005	222010	223236	1	205
SHMX01000005	223518	224570	1	206
SHMX01000006	3	3440	1	1
SHMX01000006	3782	6574	1	2
SHMX01000006	6673	7578	-1	3
SHMX01000006	7887	9002	1	4
SHMX01000006	9038	9724	-1	5
SHMX01000006	9897	11597	1	6
SHMX01000006	11963	13156	1	7
SHMX01000006	13153	13764	-1	8
SHMX01000006	13766	14209	-1	9
SHMX01000006	14217	14816	-1	10
SHMX01000006	15003	16220	-1	11
SHMX01000006	16332	17609	1	12
SHMX01000006	17762	18175	1	13
SHMX01000006	18210	19496	-1	14
SHMX01000006	19505	19885	-1	15
SHMX01000006	20066	20749	1	16
SHMX01000006	20781	21110	-1	17
SHMX01000006	21199	21483	-1	18
SHMX01000006	21549	21812	-1	19
SHMX01000006	21914	22696	-1	20
SHMX01000006	22696	23565	-1	21
SHMX01000006	23596	25065	-1	22
SHMX01000006	25301	26305	1	23
SHMX01000006	26339	27841	1	24
SHMX01000006	27916	28224	1	25
SHMX01000006	28205	29308	1	26
SHMX01000006	29380	30027	1	27
SHMX01000006	30032	30517	-1	28
SHMX01000006	30495	31715	-1	29
SHMX01000006	31865	33238	-1	30
SHMX01000006	33251	33694	-1	31
SHMX01000006	33738	33992	-1	32
SHMX01000006	34047	34607	-1	33
SHMX01000006	34712	35509	-1	34
SHMX01000006	35754	37979	1	35
SHMX01000006	38086	38448	1	36
SHMX01000006	38453	39874	1	37
SHMX01000006	39871	41007	1	38
SHMX01000006	40996	41469	-1	39
SHMX01000006	41547	42434	-1	40
SHMX01000006	42502	42723	-1	41
SHMX01000006	42723	43607	-1	42
SHMX01000006	43683	44303	1	43
SHMX01000006	44371	45432	-1	44
SHMX01000006	45498	46232	-1	45
SHMX01000006	46237	48585	-1	46
SHMX01000006	48744	50303	-1	47
SHMX01000006	51166	51768	-1	48
SHMX01000006	51913	52806	1	49
SHMX01000006	52898	53278	1	50
SHMX01000006	53286	54542	-1	51
SHMX01000006	54638	55654	1	52
SHMX01000006	55737	56702	-1	53
SHMX01000006	56777	57193	-1	54
SHMX01000006	57289	57795	-1	55
SHMX01000006	58044	62060	-1	56
SHMX01000006	62050	62220	-1	57
SHMX01000006	62610	63260	1	58
SHMX01000006	63216	63839	-1	59
SHMX01000006	63889	65091	-1	60
SHMX01000006	65193	67436	-1	61
SHMX01000006	67716	69425	-1	62
SHMX01000006	69474	70109	-1	63
SHMX01000006	70255	71472	1	64
SHMX01000006	71819	72070	-1	65
SHMX01000006	72127	72366	-1	66
SHMX01000006	72417	73316	-1	67
SHMX01000006	73530	74429	-1	68
SHMX01000006	74566	75651	-1	69
SHMX01000006	75689	76936	-1	70
SHMX01000006	76995	77501	-1	71
SHMX01000006	77582	77875	-1	72
SHMX01000006	77877	79148	-1	73
SHMX01000006	79264	80544	1	74
SHMX01000006	80654	81472	1	75
SHMX01000006	81457	81891	-1	76
SHMX01000006	82420	82920	1	77
SHMX01000006	82941	83081	-1	78
SHMX01000006	83185	83463	1	79
SHMX01000006	83445	83978	1	80
SHMX01000006	83980	86346	-1	81
SHMX01000006	86587	87132	1	82
SHMX01000006	87309	90617	1	83
SHMX01000006	90657	91652	-1	84
SHMX01000006	91783	92451	1	85
SHMX01000006	92448	92546	-1	86
SHMX01000006	92708	94492	-1	87
SHMX01000006	94582	95016	-1	88
SHMX01000006	95086	95589	-1	89
SHMX01000006	96050	96427	1	90
SHMX01000006	96598	97101	1	91
SHMX01000006	97141	99057	1	92
SHMX01000006	99069	101207	-1	93
SHMX01000006	101601	101774	1	94
SHMX01000006	101850	103271	-1	95
SHMX01000006	103448	103669	1	96
SHMX01000006	103717	104655	-1	97
SHMX01000006	104864	105481	-1	98
SHMX01000006	105602	107488	1	99
SHMX01000006	107643	108785	1	100
SHMX01000006	108939	109136	1	101
SHMX01000006	109310	110530	1	102
SHMX01000006	110639	111022	1	103
SHMX01000006	111031	112698	-1	104
SHMX01000006	113237	114763	1	105
SHMX01000006	114798	117515	-1	106
SHMX01000006	117720	119243	1	107
SHMX01000006	119356	120825	1	108
SHMX01000006	120850	121998	1	109
SHMX01000006	122066	123004	1	110
SHMX01000006	123010	124446	-1	111
SHMX01000006	124610	125752	1	112
SHMX01000006	125914	127728	1	113
SHMX01000006	127738	128190	1	114
SHMX01000006	128191	128547	-1	115
SHMX01000006	128646	128771	-1	116
SHMX01000006	129134	130249	1	117
SHMX01000006	130253	130768	1	118
SHMX01000006	130787	131632	1	119
SHMX01000006	131737	132816	1	120
SHMX01000006	132831	133781	1	121
SHMX01000006	133901	134458	1	122
SHMX01000006	134455	135498	1	123
SHMX01000006	135535	136548	1	124
SHMX01000006	136587	144467	-1	125
SHMX01000006	144467	153139	-1	126
SHMX01000006	153295	155454	-1	127
SHMX01000006	155857	159105	1	128
SHMX01000006	159150	159914	1	129
SHMX01000006	159911	163057	-1	130
SHMX01000006	163235	163996	1	131
SHMX01000006	164097	165722	1	132
SHMX01000006	165814	165999	1	133
SHMX01000006	165986	166267	1	134
SHMX01000006	166345	167661	-1	135
SHMX01000006	167663	167836	-1	136
SHMX01000006	168181	169392	-1	137
SHMX01000006	169571	170557	1	138
SHMX01000006	170695	171333	1	139
SHMX01000006	171572	172879	1	140
SHMX01000006	172881	173438	-1	141
SHMX01000006	173547	174230	-1	142
SHMX01000006	174375	175007	-1	143
SHMX01000006	175353	176129	1	144
SHMX01000006	176156	177751	-1	145
SHMX01000006	177781	178200	-1	146
SHMX01000006	178213	178497	-1	147
SHMX01000006	178579	178899	-1	148
SHMX01000006	179056	179802	1	149
SHMX01000006	179867	180478	-1	150
SHMX01000006	180480	181277	-1	151
SHMX01000007	3	575	1	1
SHMX01000007	614	913	1	2
SHMX01000007	919	1806	1	3
SHMX01000007	1806	2744	1	4
SHMX01000007	2741	3820	-1	5
SHMX01000007	3917	5785	1	6
SHMX01000007	5788	6381	1	7
SHMX01000007	6378	8687	-1	8
SHMX01000007	8864	9673	1	9
SHMX01000007	9645	10478	-1	10
SHMX01000007	10526	11509	-1	11
SHMX01000007	11622	12014	1	12
SHMX01000007	12039	12608	1	13
SHMX01000007	12702	14021	1	14
SHMX01000007	14112	15263	1	15
SHMX01000007	15303	16484	1	16
SHMX01000007	16572	17147	1	17
SHMX01000007	17144	17440	1	18
SHMX01000007	17442	18635	1	19
SHMX01000007	18635	19591	1	20
SHMX01000007	19637	20263	-1	21
SHMX01000007	20374	21186	1	22
SHMX01000007	21190	22011	-1	23
SHMX01000007	22253	22390	1	24
SHMX01000007	22576	22842	1	25
SHMX01000007	22952	23764	1	26
SHMX01000007	23789	24565	-1	27
SHMX01000007	24683	25624	1	28
SHMX01000007	25624	26781	1	29
SHMX01000007	26907	27860	1	30
SHMX01000007	27862	28923	1	31
SHMX01000007	28932	29576	-1	32
SHMX01000007	29671	32256	-1	33
SHMX01000007	32663	34021	1	34
SHMX01000007	34424	35410	1	35
SHMX01000007	35407	36708	1	36
SHMX01000007	36705	37802	1	37
SHMX01000007	37799	38371	1	38
SHMX01000007	38368	38979	1	39
SHMX01000007	38976	39704	1	40
SHMX01000007	39701	40486	1	41
SHMX01000007	40483	40809	1	42
SHMX01000007	41097	41816	1	43
SHMX01000007	41938	43524	-1	44
SHMX01000007	43743	44645	1	45
SHMX01000007	44720	45622	1	46
SHMX01000007	45619	47274	-1	47
SHMX01000007	47363	48022	-1	48
SHMX01000007	48069	48986	-1	49
SHMX01000007	49030	51252	-1	50
SHMX01000007	51427	52656	1	51
SHMX01000007	52670	54346	1	52
SHMX01000007	54353	58738	1	53
SHMX01000007	58741	59721	1	54
SHMX01000007	59718	66422	1	55
SHMX01000007	67211	68275	1	56
SHMX01000007	68301	68948	-1	57
SHMX01000007	68952	70961	-1	58
SHMX01000007	71117	72361	1	59
SHMX01000007	72364	75651	-1	60
SHMX01000007	75773	76558	-1	61
SHMX01000007	76551	77195	-1	62
SHMX01000007	77197	78138	-1	63
SHMX01000007	78212	79219	-1	64
SHMX01000007	79362	81959	1	65
SHMX01000007	82033	82722	-1	66
SHMX01000007	82763	84379	-1	67
SHMX01000007	84467	85204	-1	68
SHMX01000007	85210	86580	-1	69
SHMX01000007	86695	87870	1	70
SHMX01000007	87874	88551	-1	71
SHMX01000007	88641	90269	-1	72
SHMX01000007	90443	91036	-1	73
SHMX01000007	91169	92863	-1	74
SHMX01000007	93095	94609	1	75
SHMX01000007	94615	95709	1	76
SHMX01000007	95847	96173	1	77
SHMX01000007	96501	97499	1	78
SHMX01000007	97527	99308	-1	79
SHMX01000007	99467	100846	1	80
SHMX01000007	100905	102686	-1	81
SHMX01000007	102836	103486	1	82
SHMX01000007	103610	104029	1	83
SHMX01000007	104111	105949	1	84
SHMX01000007	106047	107219	1	85
SHMX01000007	107229	109046	1	86
SHMX01000007	109097	109975	1	87
SHMX01000007	109978	110772	-1	88
SHMX01000007	110785	111048	-1	89
SHMX01000007	111117	111521	-1	90
SHMX01000007	111602	111922	-1	91
SHMX01000007	111943	112374	-1	92
SHMX01000007	112573	112770	-1	93
SHMX01000007	112781	114517	-1	94
SHMX01000007	114514	115290	-1	95
SHMX01000007	115404	116021	1	96
SHMX01000007	116104	117234	1	97
SHMX01000007	117209	118222	1	98
SHMX01000007	118235	119833	1	99
SHMX01000007	119835	120890	1	100
SHMX01000007	120958	122025	1	101
SHMX01000007	122147	123232	1	102
SHMX01000007	123247	124158	-1	103
SHMX01000007	124382	125944	-1	104
SHMX01000007	126067	126516	1	105
SHMX01000007	126888	127820	-1	106
SHMX01000007	127834	129429	-1	107
SHMX01000007	129544	130068	-1	108
SHMX01000007	130258	133536	1	109
SHMX01000007	133640	134359	1	110
SHMX01000008	63	500	-1	1
SHMX01000008	656	892	-1	2
SHMX01000008	1080	1823	1	3
SHMX01000008	1912	3285	1	4
SHMX01000008	3321	3860	-1	5
SHMX01000008	3799	4329	-1	6
SHMX01000008	4401	4994	1	7
SHMX01000008	5316	5900	-1	8
SHMX01000008	6072	6677	1	9
SHMX01000008	6719	7906	-1	10
SHMX01000008	8032	8901	-1	11
SHMX01000008	9031	10065	1	12
SHMX01000008	10148	11014	1	13
SHMX01000008	11275	12360	-1	14
SHMX01000008	12469	13590	1	15
SHMX01000008	14000	15052	1	16
SHMX01000008	15047	16174	-1	17
SHMX01000008	16224	17741	-1	18
SHMX01000008	17936	19117	1	19
SHMX01000008	19139	20329	-1	20
SHMX01000008	20388	21014	-1	21
SHMX01000008	21145	22146	-1	22
SHMX01000008	22214	22348	-1	23
SHMX01000008	22383	23765	1	24
SHMX01000008	23784	24122	-1	25
SHMX01000008	24206	25813	-1	26
SHMX01000008	25825	27405	-1	27
SHMX01000008	27488	28783	-1	28
SHMX01000008	29024	31615	1	29
SHMX01000008	31729	32133	-1	30
SHMX01000008	32279	32500	-1	31
SHMX01000008	32601	35024	-1	32
SHMX01000008	35212	36522	-1	33
SHMX01000008	36572	37084	-1	34
SHMX01000008	37103	37702	1	35
SHMX01000008	37765	38364	1	36
SHMX01000008	38468	39100	-1	37
SHMX01000008	39201	40580	-1	38
SHMX01000008	40580	42031	-1	39
SHMX01000008	42135	43475	1	40
SHMX01000008	43480	44946	-1	41
SHMX01000008	45080	45898	1	42
SHMX01000008	45906	47894	-1	43
SHMX01000008	48015	49856	-1	44
SHMX01000008	49955	51379	-1	45
SHMX01000008	51442	52938	1	46
SHMX01000008	52913	53674	1	47
SHMX01000008	53689	54876	-1	48
SHMX01000008	54889	58059	-1	49
SHMX01000008	58156	59034	-1	50
SHMX01000008	59036	59938	-1	51
SHMX01000008	59935	60927	-1	52
SHMX01000008	61212	62111	1	53
SHMX01000008	62220	62420	1	54
SHMX01000008	62576	63502	-1	55
SHMX01000008	63777	66377	-1	56
SHMX01000008	66534	68057	1	57
SHMX01000008	68069	69094	1	58
SHMX01000008	69108	69527	1	59
SHMX01000008	69528	70817	-1	60
SHMX01000008	70959	72242	1	61
SHMX01000008	72544	73005	1	62
SHMX01000008	73080	73601	1	63
SHMX01000008	73670	74437	-1	64
SHMX01000008	74558	75796	1	65
SHMX01000008	75881	76801	-1	66
SHMX01000008	77093	78022	1	67
SHMX01000009	3	674	1	1
SHMX01000009	745	939	1	2
SHMX01000009	1104	1466	1	3
SHMX01000009	1427	1540	1	4
SHMX01000009	1931	2161	1	5
SHMX01000009	2280	2591	1	6
SHMX01000009	2497	4539	-1	7
SHMX01000009	4581	6035	-1	8
SHMX01000009	6430	7188	1	9
SHMX01000009	7196	7555	1	10
SHMX01000009	7788	9158	1	11
SHMX01000009	9304	9960	1	12
SHMX01000009	10258	10389	1	13
SHMX01000009	10440	10808	1	14
SHMX01000009	10762	11130	1	15
SHMX01000009	11117	11512	1	16
SHMX01000009	11734	11982	1	17
SHMX01000009	11982	12299	1	18
SHMX01000009	12579	13046	1	19
SHMX01000009	13053	13457	1	20
SHMX01000009	13699	13998	-1	21
SHMX01000009	14324	14566	1	22
SHMX01000009	14563	14955	1	23
SHMX01000009	15168	15479	1	24
SHMX01000009	15483	15980	1	25
SHMX01000009	16409	21910	1	26
SHMX01000009	22054	22959	1	27
SHMX01000009	23022	23720	1	28
SHMX01000009	23829	24374	1	29
SHMX01000009	24448	24684	1	30
SHMX01000009	24688	25512	-1	31
SHMX01000009	25644	26168	1	32
SHMX01000009	26209	26595	-1	33
SHMX01000009	26722	27528	-1	34
SHMX01000009	27862	28242	-1	35
SHMX01000009	28287	28778	-1	36
SHMX01000009	28910	29605	1	37
SHMX01000009	29724	30056	-1	38
SHMX01000009	30088	30972	-1	39
SHMX01000009	31103	31708	1	40
SHMX01000009	31769	32695	1	41
SHMX01000009	32759	33634	1	42
SHMX01000009	33718	35724	1	43
SHMX01000009	35734	36399	-1	44
SHMX01000009	36449	37402	1	45
SHMX01000009	37392	37721	-1	46
SHMX01000009	38181	40073	1	47
SHMX01000009	40124	40975	-1	48
SHMX01000009	41344	41544	1	49
SHMX01000009	41689	41838	-1	50
SHMX01000009	41955	42353	1	51
SHMX01000009	42462	43070	1	52
SHMX01000009	43164	43766	1	53
SHMX01000009	43881	44126	1	54
SHMX01000009	44179	44553	-1	55
SHMX01000009	44646	46142	-1	56
SHMX01000009	46221	46808	1	57
SHMX01000009	46966	48243	1	58
SHMX01000009	48277	48747	-1	59
SHMX01000009	48799	49965	-1	60
SHMX01000009	50056	50511	1	61
SHMX01000009	50596	51375	1	62
SHMX01000009	51379	52602	1	63
SHMX01000009	52744	54042	-1	64
SHMX01000009	54127	54765	-1	65
SHMX01000009	54823	56208	-1	66
SHMX01000009	56370	56624	-1	67
SHMX01000009	56938	57195	-1	68
SHMX01000009	57239	58276	1	69
SHMX01000009	58296	59744	1	70
SHMX01000009	59741	60718	-1	71
SHMX01000009	60829	61383	1	72
SHMX01000009	61393	62043	1	73
SHMX01000009	62040	62216	1	74
SHMX01000009	62643	62765	-1	75
SHMX01000009	62869	63639	1	76
SHMX01000009	63689	64324	1	77
SHMX01000009	64409	65644	1	78
SHMX01000009	65677	66672	1	79
SHMX01000009	66737	67621	1	80
SHMX01000009	67611	68153	-1	81
SHMX01000009	68203	69225	-1	82
SHMX01000009	69356	70066	1	83
SHMX01000009	70108	70500	1	84
SHMX01000010	358	1497	-1	1
SHMX01000010	1497	1859	-1	2
SHMX01000010	2064	2528	1	3
SHMX01000010	2588	3514	1	4
SHMX01000010	3532	4428	-1	5
SHMX01000010	4425	4979	-1	6
SHMX01000010	5114	5692	1	7
SHMX01000010	5696	6619	1	8
SHMX01000010	6908	10354	1	9
SHMX01000010	11170	11697	1	10
SHMX01000010	11698	12573	1	11
SHMX01000010	12738	15923	1	12
SHMX01000010	15929	16495	-1	13
SHMX01000010	16500	19604	-1	14
SHMX01000010	19680	20789	-1	15
SHMX01000010	20934	21965	1	16
SHMX01000010	21962	22822	1	17
SHMX01000010	22822	23637	1	18
SHMX01000010	23634	24965	1	19
SHMX01000010	25007	26098	-1	20
SHMX01000010	26194	27138	1	21
SHMX01000010	27332	29119	1	22
SHMX01000010	29168	30103	1	23
SHMX01000010	30161	30478	1	24
SHMX01000010	30490	31581	-1	25
SHMX01000010	31691	32095	1	26
SHMX01000010	32088	32894	1	27
SHMX01000010	32887	33831	1	28
SHMX01000010	33906	34304	1	29
SHMX01000010	34550	35254	1	30
SHMX01000010	35280	36005	1	31
SHMX01000010	36062	36808	1	32
SHMX01000010	36805	37626	1	33
SHMX01000010	37629	38459	1	34
SHMX01000010	38614	39057	1	35
SHMX01000010	39075	39629	1	36
SHMX01000010	39671	39958	1	37
SHMX01000010	40052	40414	1	38
SHMX01000010	40428	40730	1	39
SHMX01000010	40727	41728	1	40
SHMX01000010	41740	42582	1	41
SHMX01000010	42579	43403	1	42
SHMX01000010	43405	44175	1	43
SHMX01000010	44308	45654	1	44
SHMX01000010	45733	46356	1	45
SHMX01000010	46528	46899	-1	46
SHMX01000010	46912	47406	-1	47
SHMX01000010	47714	47971	1	48
SHMX01000010	48011	48430	1	49
SHMX01000010	48471	49373	-1	50
SHMX01000010	49475	50383	-1	51
SHMX01000010	50506	51483	1	52
SHMX01000010	51596	52357	1	53
SHMX01000010	52357	54420	1	54
SHMX01000010	54446	54904	-1	55
SHMX01000010	54921	55583	-1	56
SHMX01000010	55702	57234	1	57
SHMX01000010	57292	57744	1	58
SHMX01000010	57733	58998	-1	59
SHMX01000010	59112	59693	1	60
SHMX01000010	59641	60288	1	61
SHMX01000010	60294	60857	-1	62
SHMX01000010	60838	61554	-1	63
SHMX01000010	61559	62620	1	64
SHMX01000010	62622	63239	1	65
SHMX01000010	63249	63710	1	66
SHMX01000010	63716	64723	-1	67
SHMX01000010	64869	65411	1	68
SHMX01000010	65462	67027	1	69
SHMX01000010	67029	67703	-1	70
SHMX01000010	67700	68494	-1	71
SHMX01000010	68839	69978	1	72
SHMX01000010	70067	70336	-1	73
SHMX01000010	70429	70842	-1	74
SHMX01000010	70927	71124	-1	75
SHMX01000010	71436	72140	1	76
SHMX01000011	246	1091	1	1
SHMX01000011	1096	1653	1	2
SHMX01000011	1771	2208	1	3
SHMX01000011	2303	2674	-1	4
SHMX01000011	2678	3778	-1	5
SHMX01000011	3775	5007	-1	6
SHMX01000011	5009	5569	-1	7
SHMX01000011	5566	6084	-1	8
SHMX01000011	6095	6427	-1	9
SHMX01000011	6670	7455	-1	10
SHMX01000011	7467	8678	-1	11
SHMX01000011	8680	9879	-1	12
SHMX01000011	10033	11808	1	13
SHMX01000011	11989	13194	1	14
SHMX01000011	13221	15020	1	15
SHMX01000011	15028	15522	-1	16
SHMX01000011	15604	16638	-1	17
SHMX01000011	16714	17652	-1	18
SHMX01000011	17731	18996	1	19
SHMX01000011	19038	19331	-1	20
SHMX01000011	19534	19851	-1	21
SHMX01000011	19930	20181	1	22
SHMX01000011	20258	21907	-1	23
SHMX01000011	21982	22437	-1	24
SHMX01000011	22631	23035	1	25
SHMX01000011	23105	24037	-1	26
SHMX01000011	24201	26429	1	27
SHMX01000011	26426	27640	-1	28
SHMX01000011	27695	28195	-1	29
SHMX01000011	28382	30232	1	30
SHMX01000011	30278	31768	-1	31
SHMX01000011	32076	32348	1	32
SHMX01000011	32357	33994	-1	33
SHMX01000011	34159	35061	1	34
SHMX01000011	35172	36479	1	35
SHMX01000011	36857	37240	1	36
SHMX01000011	37319	39109	1	37
SHMX01000011	39129	40022	-1	38
SHMX01000011	40025	40771	-1	39
SHMX01000011	40891	42132	-1	40
SHMX01000011	42591	43160	1	41
SHMX01000011	43200	43424	-1	42
SHMX01000011	43462	44721	-1	43
SHMX01000011	44746	45087	-1	44
SHMX01000011	45139	45564	-1	45
SHMX01000011	46055	46543	1	46
SHMX01000011	46550	47584	-1	47
SHMX01000011	47601	48269	-1	48
SHMX01000011	48323	49285	-1	49
SHMX01000011	49430	50245	1	50
SHMX01000011	50250	51008	1	51
SHMX01000011	51013	51957	-1	52
SHMX01000011	52050	52862	1	53
SHMX01000011	53007	53951	1	54
SHMX01000011	54090	54374	-1	55
SHMX01000011	54387	54683	-1	56
SHMX01000012	202	669	1	1
SHMX01000012	669	1250	1	2
SHMX01000012	1254	1655	1	3
SHMX01000012	1687	3018	-1	4
SHMX01000012	3352	3888	1	5
SHMX01000012	3910	4257	-1	6
SHMX01000012	5154	6158	-1	7
SHMX01000012	6182	6469	-1	8
SHMX01000012	6581	7126	-1	9
SHMX01000012	7128	7397	-1	10
SHMX01000012	7551	8438	1	11
SHMX01000012	8480	9031	-1	12
SHMX01000012	9038	9628	-1	13
SHMX01000012	10067	11572	-1	14
SHMX01000012	11769	12215	-1	15
SHMX01000012	12230	12766	-1	16
SHMX01000012	12776	13258	-1	17
SHMX01000012	13258	13932	-1	18
SHMX01000012	13946	14683	-1	19
SHMX01000012	14685	15134	-1	20
SHMX01000012	15136	16188	-1	21
SHMX01000012	16202	16765	-1	22
SHMX01000012	16780	17172	-1	23
SHMX01000012	17188	17355	-1	24
SHMX01000012	17367	17951	-1	25
SHMX01000012	17951	18703	-1	26
SHMX01000012	18706	19092	-1	27
SHMX01000012	19104	19526	-1	28
SHMX01000012	19530	19892	-1	29
SHMX01000012	19895	20179	-1	30
SHMX01000012	20176	20388	-1	31
SHMX01000012	20388	21248	-1	32
SHMX01000012	21249	21713	-1	33
SHMX01000012	22259	23308	-1	34
SHMX01000012	23378	24583	1	35
SHMX01000012	24586	25527	-1	36
SHMX01000012	25571	26974	-1	37
SHMX01000012	27075	27824	-1	38
SHMX01000012	27863	28429	-1	39
SHMX01000012	28416	29540	-1	40
SHMX01000012	29541	30725	-1	41
SHMX01000012	30811	31554	1	42
SHMX01000012	31583	33016	-1	43
SHMX01000012	33031	34005	-1	44
SHMX01000012	34063	34206	-1	45
SHMX01000012	34272	35348	-1	46
SHMX01000012	35363	36700	-1	47
SHMX01000012	36932	38431	-1	48
SHMX01000012	38737	39723	1	49
SHMX01000012	39868	40290	-1	50
SHMX01000012	40432	41361	1	51
SHMX01000012	41369	42007	-1	52
SHMX01000012	42023	43264	1	53
SHMX01000012	43261	43851	1	54
SHMX01000012	43854	44273	-1	55
SHMX01000012	44684	45337	-1	56
SHMX01000012	45349	45540	-1	57
SHMX01000013	582	1472	1	1
SHMX01000013	1473	2495	1	2
SHMX01000013	2500	2781	1	3
SHMX01000013	2775	3383	1	4
SHMX01000013	3392	4249	-1	5
SHMX01000013	4242	6350	-1	6
SHMX01000013	6343	7014	-1	7
SHMX01000013	7035	7982	-1	8
SHMX01000013	7979	10657	-1	9
SHMX01000013	10760	12205	-1	10
SHMX01000013	12207	13679	-1	11
SHMX01000013	13770	13877	-1	12
SHMX01000014	2	538	1	1
SHMX01000014	637	3573	1	2
SHMX01000014	3524	4432	-1	3
SHMX01000014	4900	5292	1	4
SHMX01000014	5421	6833	1	5
SHMX01000014	7193	7606	1	6
SHMX01000014	7693	8184	-1	7
SHMX01000014	8244	8657	1	8
SHMX01000014	8469	9491	-1	9
SHMX01000014	9554	10291	1	10
SHMX01000014	10479	10865	1	11
SHMX01000014	11055	11375	1	12
SHMX01000014	11376	11711	1	13
SHMX01000014	11647	12537	-1	14
SHMX01000014	12785	13150	1	15
SHMX01000014	13163	14596	1	16
SHMX01000015	3	1052	-1	1
SHMX01000015	1217	1657	-1	2
SHMX01000015	1694	2158	-1	3
SHMX01000015	2322	3134	1	4
SHMX01000015	3169	3729	1	5
SHMX01000015	3857	6283	-1	6
SHMX01000015	6682	7971	1	7
SHMX01000015	8060	9226	1	8
SHMX01000015	9692	10147	1	9
SHMX01000015	10144	11385	1	10
SHMX01000015	11587	12483	1	11
SHMX01000016	155	904	-1	1
SHMX01000016	1230	3611	1	2
SHMX01000016	3700	4515	1	3
SHMX01000016	4512	4604	1	4
SHMX01000016	4745	5521	-1	5
SHMX01000016	5526	6332	-1	6
SHMX01000016	6342	6899	-1	7
SHMX01000016	7048	7818	1	8
SHMX01000016	7824	9236	1	9
SHMX01000016	9299	9697	-1	10
SHMX01000016	9770	9937	1	11
SHMX01000017	1	1173	-1	1
SHMX01000017	1474	2118	1	2
SHMX01000017	2147	2938	1	3
SHMX01000017	3050	3886	1	4
SHMX01000017	4068	4700	-1	5
SHMX01000017	4897	5262	-1	6
SHMX01000017	5259	5696	-1	7
SHMX01000017	5904	8678	1	8
SHMX01000018	66	2405	1	1
SHMX01000018	2439	3080	-1	2
SHMX01000018	3107	4642	1	3
SHMX01000018	4746	5387	-1	4
SHMX01000018	5448	6146	1	5
SHMX01000019	3	491	1	1
SHMX01000019	539	2143	-1	2
SHMX01000019	2237	2446	-1	3
