Hmm	ORF	tlen	qlen	Eval	score	start	end	Acc	Pos	Cov_seq	Cov_hmm	strand
AbiEii_0_CAS-III	SHMX01000001_104	311	284	7.3e-05	19.8	129015	129947	SHMX01000001	104	0.4565916398713826	0.4859154929577465	1
AbiEii_0_CAS-III	SHMX01000001_227	327	284	4.2e-10	37.0	249195	250175	SHMX01000001	227	0.5474006116207951	0.5387323943661971	1
AbiEii_0_CAS-III	SHMX01000001_260	378	284	0.0019	15.2	286372	287505	SHMX01000001	260	0.21957671957671956	0.2746478873239437	-1
AbiEii_0_CAS-III	SHMX01000001_292	279	284	0.00063	16.8	324145	324981	SHMX01000001	292	0.26523297491039427	0.2711267605633803	-1
AbiEii_0_CAS-III	SHMX01000001_327	229	284	4.3e-06	23.9	359734	360420	SHMX01000001	327	0.5109170305676856	0.3908450704225352	1
AbiEii_0_CAS-III	SHMX01000001_345	250	284	0.00033	17.7	376521	377270	SHMX01000001	345	0.404	0.3345070422535211	-1
AbiEii_0_CAS-III	SHMX01000001_425	698	284	0.00012	19.1	455881	457974	SHMX01000001	425	0.3166189111747851	0.4964788732394366	-1
AbiEii_0_CAS-III	SHMX01000001_452	605	284	0.00016	18.7	484528	486342	SHMX01000001	452	0.07933884297520662	0.1056338028169014	-1
AbiEii_0_CAS-III	SHMX01000001_462	338	284	0.017	12.0	493894	494907	SHMX01000001	462	0.23668639053254437	0.2605633802816901	-1
AbiEii_0_CAS-III	SHMX01000001_465	259	284	0.004	14.1	500876	501652	SHMX01000001	465	0.3436293436293436	0.30633802816901406	-1
AbiEii_0_CAS-III	SHMX01000001_83	406	284	0.0054	13.7	107506	108723	SHMX01000001	83	0.06403940886699508	0.09154929577464789	-1
AbiEii_0_CAS-III	SHMX01000002_178	732	284	0.00055	17.0	157209	159404	SHMX01000002	178	0.0546448087431694	0.07394366197183098	1
AbiEii_0_CAS-III	SHMX01000002_217	188	284	0.01	12.8	194869	195432	SHMX01000002	217	0.18617021276595744	0.12323943661971831	-1
AbiEii_0_CAS-III	SHMX01000002_222	1197	284	8.8e-07	26.1	199018	202608	SHMX01000002	222	0.12364243943191311	0.3626760563380282	1
AbiEii_0_CAS-III	SHMX01000002_364	485	284	6.6e-09	33.1	340171	341625	SHMX01000002	364	0.21649484536082475	0.25704225352112675	-1
AbiEii_0_CAS-III	SHMX01000002_436	194	284	0.015	12.2	421475	422056	SHMX01000002	436	0.12886597938144329	0.08450704225352113	1
AbiEii_0_CAS-III	SHMX01000002_488	644	284	9.6e-06	22.7	467606	469537	SHMX01000002	488	0.19409937888198758	0.44014084507042256	-1
AbiEii_0_CAS-III	SHMX01000002_50	226	284	1e-08	32.5	41753	42430	SHMX01000002	50	0.7123893805309734	0.5387323943661971	1
AbiEii_0_CAS-III	SHMX01000003_130	352	284	0.0012	15.9	155228	156283	SHMX01000003	130	0.11647727272727272	0.14788732394366197	1
AbiEii_0_CAS-III	SHMX01000003_140	730	284	0.0024	14.8	166766	168955	SHMX01000003	140	0.0547945205479452	0.07394366197183098	-1
AbiEii_0_CAS-III	SHMX01000003_240	953	284	0.023	11.6	259935	262793	SHMX01000003	240	0.04931794333683106	0.10915492957746478	-1
AbiEii_0_CAS-III	SHMX01000003_302	1122	284	2.5e-08	31.2	339826	343191	SHMX01000003	302	0.18181818181818182	0.5316901408450704	1
AbiEii_0_CAS-III	SHMX01000003_317	615	284	0.0061	13.5	358991	360835	SHMX01000003	317	0.1967479674796748	0.45422535211267606	-1
AbiEii_0_CAS-III	SHMX01000004_114	257	284	0.00023	18.2	121387	122157	SHMX01000004	114	0.33073929961089493	0.23943661971830985	-1
AbiEii_0_CAS-III	SHMX01000004_118	314	284	1.7e-06	25.2	125029	125970	SHMX01000004	118	0.16878980891719744	0.18309859154929578	1
AbiEii_0_CAS-III	SHMX01000004_128	429	284	2.3e-09	34.6	133501	134787	SHMX01000004	128	0.20279720279720279	0.30985915492957744	-1
AbiEii_0_CAS-III	SHMX01000004_318	935	284	3.4e-07	27.5	380938	383742	SHMX01000004	318	0.2	0.43661971830985913	1
AbiEii_0_CAS-III	SHMX01000004_65	314	284	2e-08	31.5	75602	76543	SHMX01000004	65	0.49363057324840764	0.5	1
AbiEii_0_CAS-III	SHMX01000004_67	315	284	1.1e-05	22.6	77529	78473	SHMX01000004	67	0.2920634920634921	0.30985915492957744	1
AbiEii_0_CAS-III	SHMX01000005_87	256	284	3.2e-10	37.4	80299	81066	SHMX01000005	87	0.50390625	0.4225352112676056	-1
AbiEii_0_CAS-III	SHMX01000007_52	559	284	0.00011	19.3	52670	54346	SHMX01000007	52	0.13237924865831843	0.25704225352112675	1
AbiEii_0_CAS-III	SHMX01000007_54	327	284	0.022	11.7	58741	59721	SHMX01000007	54	0.21712538226299694	0.24647887323943662	1
AbiEii_0_CAS-III	SHMX01000007_9	270	284	0.0026	14.8	8864	9673	SHMX01000007	9	0.24444444444444444	0.22183098591549297	1
AbiEii_0_CAS-III	SHMX01000007_95	259	284	4.1e-09	33.8	114514	115290	SHMX01000007	95	0.39768339768339767	0.3591549295774648	-1
AbiEii_0_CAS-III	SHMX01000008_52	331	284	7.9e-07	26.3	59935	60927	SHMX01000008	52	0.31722054380664655	0.352112676056338	-1
AbiEii_0_CAS-III	SHMX01000009_62	260	284	4.1e-07	27.2	50596	51375	SHMX01000009	62	0.5615384615384615	0.49295774647887325	1
AbiEii_0_CAS-III	SHMX01000010_27	269	284	9.1e-06	22.8	32088	32894	SHMX01000010	27	0.3940520446096654	0.38380281690140844	1
AbiEii_0_CAS-III	SHMX01000010_41	281	284	2.2e-05	21.5	41740	42582	SHMX01000010	41	0.5088967971530249	0.4823943661971831	1
AbiEii_0_CAS-III	SHMX01000010_42	275	284	0.00065	16.7	42579	43403	SHMX01000010	42	0.3781818181818182	0.34507042253521125	1
AbiEii_0_CAS-III	SHMX01000016_8	257	284	3.2e-05	21.0	7048	7818	SHMX01000016	8	0.24124513618677043	0.2147887323943662	1
AbiEii_1_CAS-III-A	SHMX01000002_364	485	335	0.0062	13.1	340171	341625	SHMX01000002	364	0.16288659793814433	0.1253731343283582	-1
AbiEii_1_CAS-III-A	SHMX01000002_488	644	335	1.3e-05	21.9	467606	469537	SHMX01000002	488	0.2127329192546584	0.4208955223880597	-1
AbiEii_1_CAS-III-A	SHMX01000004_67	315	335	0.0049	13.4	77529	78473	SHMX01000004	67	0.2698412698412698	0.2537313432835821	1
AbiEii_1_CAS-III-A	SHMX01000010_38	121	335	0.14	8.6	40052	40414	SHMX01000010	38	0.7768595041322314	0.28059701492537314	1
AbiEii_2_CAS-III-C	SHMX01000001_462	338	440	0.016	11.8	493894	494907	SHMX01000001	462	0.23076923076923078	0.18181818181818182	-1
AbiEii_2_CAS-III-C	SHMX01000002_488	644	440	1.5e-06	25.1	467606	469537	SHMX01000002	488	0.15217391304347827	0.22727272727272727	-1
Cas10_0_IIIA	SHMX01000002_73	193	650	0.0015	14.7	68947	69525	SHMX01000002	73	0.46113989637305697	0.14	1
Cas10_1_CAS-III	SHMX01000002_29	213	654	0.041	9.8	25882	26520	SHMX01000002	29	0.19718309859154928	0.05657492354740061	1
Cas10_1_CAS-III	SHMX01000002_362	724	654	5.6	2.7	337193	339364	SHMX01000002	362	0.212707182320442	0.154434250764526	1
Cas10_1_CAS-III	SHMX01000002_73	193	654	9.8e-05	18.5	68947	69525	SHMX01000002	73	0.38860103626943004	0.11773700305810397	1
Cas10_6_CAS-III	SHMX01000003_292	330	717	0.03	10.2	325718	326707	SHMX01000003	292	0.30303030303030304	0.12691771269177127	1
Cas10d_0_ID	SHMX01000013_9	893	946	3.7e-12	42.5	7979	10657	SHMX01000013	9	0.11982082866741321	0.113107822410148	-1
Cas10d_1_CAS-I-D	SHMX01000013_9	893	886	1.5000000000000002e-28	96.8	7979	10657	SHMX01000013	9	0.6304591265397537	0.6422121896162528	-1
Cas10d_2_CAS-I-D	SHMX01000013_9	893	900	3.5e-10	35.9	7979	10657	SHMX01000013	9	0.12318029115341546	0.12111111111111111	-1
Cas10d_8_CAS-I-D	SHMX01000013_9	893	899	3.3e-05	19.6	7979	10657	SHMX01000013	9	0.23068309070548712	0.21579532814238042	-1
Cas11d2_0_CAS-I-D	SHMX01000013_9	893	212	0.0034	15.0	7979	10657	SHMX01000013	9	0.12318029115341546	0.49528301886792453	-1
Cas12a_1_CAS-V-A	SHMX01000001_270	713	1086	0.0023	13.3	300701	302839	SHMX01000001	270	0.08415147265077139	0.05432780847145488	-1
Cas12a_1_CAS-V-A	SHMX01000005_1	186	1086	0.002	13.5	1	558	SHMX01000005	1	0.3225806451612903	0.055248618784530384	1
Cas12b1_0_CAS-V-B	SHMX01000005_1	186	1125	0.00019	16.8	1	558	SHMX01000005	1	0.489247311827957	0.08711111111111111	1
Cas12b2_0_CAS-V-B	SHMX01000001_270	713	747	1.5e-06	24.3	300701	302839	SHMX01000001	270	0.20196353436185133	0.214190093708166	-1
Cas12b2_0_CAS-V-B	SHMX01000002_494	609	747	3e-06	23.3	478458	480284	SHMX01000002	494	0.09688013136288999	0.0856760374832664	1
Cas12b2_0_CAS-V-B	SHMX01000005_1	186	747	6e-07	25.6	1	558	SHMX01000005	1	0.6236559139784946	0.17402945113788487	1
Cas12b_0_VB	SHMX01000003_284	527	1130	0.019	10.2	318166	319746	SHMX01000003	284	0.15939278937381404	0.07079646017699115	1
Cas12b_0_VB	SHMX01000005_1	186	1130	0.0006	15.2	1	558	SHMX01000005	1	0.1774193548387097	0.03185840707964602	1
Cas12c_0_CAS-V-C	SHMX01000001_270	713	1272	0.014	10.3	300701	302839	SHMX01000001	270	0.0729312762973352	0.04245283018867924	-1
Cas12c_0_CAS-V-C	SHMX01000004_34	391	1272	2.6	2.8	38457	39629	SHMX01000004	34	0.43478260869565216	0.13364779874213836	1
Cas12c_0_CAS-V-C	SHMX01000005_1	186	1272	3.4e-05	19.0	1	558	SHMX01000005	1	0.3010752688172043	0.04559748427672956	1
Cas12c_0_VC	SHMX01000005_1	186	1256	0.0064	11.3	1	558	SHMX01000005	1	0.25268817204301075	0.03662420382165605	1
Cas12c_1_CAS-V-C	SHMX01000005_1	186	1268	0.0004	15.4	1	558	SHMX01000005	1	0.3387096774193548	0.050473186119873815	1
Cas12d_0_CAS-V-D	SHMX01000002_132	108	1163	0.0087	11.2	119206	119529	SHMX01000002	132	0.24074074074074073	0.02235597592433362	1
Cas12e_0_CAS-V-E	SHMX01000002_494	609	855	3.5e-06	22.8	478458	480284	SHMX01000002	494	0.15763546798029557	0.11578947368421053	1
Cas12e_1_CAS-V-E	SHMX01000002_494	609	986	0.00017	16.9	478458	480284	SHMX01000002	494	0.059113300492610835	0.036511156186612576	1
Cas12f1_0_CAS-V-F	SHMX01000001_270	713	512	3.6e-07	26.7	300701	302839	SHMX01000001	270	0.4277699859747546	0.498046875	-1
Cas12f1_0_CAS-V-F	SHMX01000002_259	459	512	3e-06	23.7	235563	236939	SHMX01000002	259	0.4422657952069717	0.4296875	1
Cas12f1_0_CAS-V-F	SHMX01000002_494	609	512	0.0047	13.2	478458	480284	SHMX01000002	494	0.12151067323481117	0.130859375	1
Cas12f1_0_CAS-V-F	SHMX01000005_1	186	512	2.7e-07	27.2	1	558	SHMX01000005	1	0.8333333333333334	0.2890625	1
Cas12f1_1_CAS-V-F	SHMX01000001_270	713	557	1.8e-12	44.0	300701	302839	SHMX01000001	270	0.3141654978962132	0.362657091561939	-1
Cas12f1_1_CAS-V-F	SHMX01000002_494	609	557	5.3e-10	35.9	478458	480284	SHMX01000002	494	0.2134646962233169	0.24416517055655296	1
Cas12f1_1_CAS-V-F	SHMX01000005_1	186	557	5.4e-12	42.5	1	558	SHMX01000005	1	0.6612903225806451	0.21903052064631956	1
Cas12f1_2_CAS-V-F	SHMX01000001_270	713	429	7.8e-11	39.0	300701	302839	SHMX01000001	270	0.2861150070126227	0.351981351981352	-1
Cas12f1_2_CAS-V-F	SHMX01000002_259	459	429	2.1e-15	54.1	235563	236939	SHMX01000002	259	0.4422657952069717	0.4965034965034965	1
Cas12f1_2_CAS-V-F	SHMX01000002_494	609	429	6.7e-20	68.8	478458	480284	SHMX01000002	494	0.4876847290640394	0.6876456876456877	1
Cas12f1_2_CAS-V-F	SHMX01000005_1	186	429	2.2e-12	44.1	1	558	SHMX01000005	1	0.5860215053763441	0.23543123543123542	1
Cas12f2_0_CAS-V-F	SHMX01000001_270	713	517	0.00061	15.9	300701	302839	SHMX01000001	270	0.16549789621318373	0.21083172147001933	-1
Cas12f2_0_CAS-V-F	SHMX01000002_259	459	517	3.8e-46	155.1	235563	236939	SHMX01000002	259	0.6949891067538126	0.6305609284332688	1
Cas12f2_0_CAS-V-F	SHMX01000002_494	609	517	6.8e-10	35.5	478458	480284	SHMX01000002	494	0.43349753694581283	0.4738878143133462	1
Cas12f2_0_CAS-V-F	SHMX01000005_1	186	517	4.8e-06	22.8	1	558	SHMX01000005	1	0.7634408602150538	0.26305609284332687	1
Cas12f2_1_CAS-V-F	SHMX01000001_270	713	422	7.1e-11	39.2	300701	302839	SHMX01000001	270	0.211781206171108	0.34360189573459715	-1
Cas12f2_1_CAS-V-F	SHMX01000002_132	108	422	0.0012	15.3	119206	119529	SHMX01000002	132	0.6018518518518519	0.12796208530805686	1
Cas12f2_1_CAS-V-F	SHMX01000002_259	459	422	5.900000000000001e-65	217.3	235563	236939	SHMX01000002	259	0.8061002178649237	0.9549763033175356	1
Cas12f2_1_CAS-V-F	SHMX01000002_303	85	422	0.0093	12.4	281782	282036	SHMX01000002	303	0.4235294117647059	0.07582938388625593	1
Cas12f2_1_CAS-V-F	SHMX01000002_362	724	422	0.047	10.1	337193	339364	SHMX01000002	362	0.04834254143646409	0.07582938388625593	1
Cas12f2_1_CAS-V-F	SHMX01000002_463	108	422	0.023	11.1	445595	445918	SHMX01000002	463	0.4537037037037037	0.08767772511848342	1
Cas12f2_1_CAS-V-F	SHMX01000002_494	609	422	2.9e-20	70.1	478458	480284	SHMX01000002	494	0.45977011494252873	0.54739336492891	1
Cas12f2_1_CAS-V-F	SHMX01000005_1	186	422	1.6e-11	41.3	1	558	SHMX01000005	1	0.7956989247311828	0.3341232227488152	1
Cas12f2_1_CAS-V-F	SHMX01000005_198	327	422	0.15	8.4	215461	216441	SHMX01000005	198	0.08256880733944955	0.06635071090047394	-1
Cas12f2_2_CAS-V-F	SHMX01000001_270	713	493	6.1e-07	25.8	300701	302839	SHMX01000001	270	0.19775596072931276	0.23529411764705882	-1
Cas12f2_2_CAS-V-F	SHMX01000002_259	459	493	6.9e-98	325.8	235563	236939	SHMX01000002	259	0.8714596949891068	0.8762677484787018	1
Cas12f2_2_CAS-V-F	SHMX01000002_494	609	493	3.7e-14	49.6	478458	480284	SHMX01000002	494	0.33497536945812806	0.40365111561866124	1
Cas12f2_2_CAS-V-F	SHMX01000005_1	186	493	7.5e-09	32.1	1	558	SHMX01000005	1	0.6075268817204301	0.22515212981744423	1
Cas12f3_0_CAS-V-F	SHMX01000002_259	459	496	7.000000000000001e-31	105.1	235563	236939	SHMX01000002	259	0.7407407407407407	0.6774193548387096	1
Cas12f3_0_CAS-V-F	SHMX01000002_494	609	496	0.00011	18.7	478458	480284	SHMX01000002	494	0.17898193760262726	0.2157258064516129	1
Cas12f3_0_CAS-V-F	SHMX01000005_1	186	496	0.00086	15.7	1	558	SHMX01000005	1	0.46236559139784944	0.1310483870967742	1
Cas12f7_0_CAS-V-F	SHMX01000002_259	459	566	7.6e-20	68.6	235563	236939	SHMX01000002	259	0.7080610021786492	0.5830388692579506	1
Cas12g_0_CAS-V-G	SHMX01000001_270	713	771	1.2e-10	37.6	300701	302839	SHMX01000001	270	0.23422159887798036	0.21530479896238652	-1
Cas12g_0_CAS-V-G	SHMX01000005_1	186	771	3.4e-07	26.2	1	558	SHMX01000005	1	0.8978494623655914	0.21141374837872892	1
Cas12j_0_V-J	SHMX01000001_270	713	758	7.5e-06	21.5	300701	302839	SHMX01000001	270	0.09396914446002805	0.07783641160949868	-1
Cas12j_0_V-J	SHMX01000002_259	459	758	0.17	7.1	235563	236939	SHMX01000002	259	0.2178649237472767	0.1266490765171504	1
Cas12j_0_V-J	SHMX01000002_494	609	758	5e-05	18.8	478458	480284	SHMX01000002	494	0.14285714285714285	0.10686015831134564	1
Cas12j_0_V-J	SHMX01000005_1	186	758	3.5e-05	19.3	1	558	SHMX01000005	1	0.34946236559139787	0.07519788918205805	1
Cas12m_0_V-M	SHMX01000002_259	459	577	6.2e-10	35.5	235563	236939	SHMX01000002	259	0.3464052287581699	0.29809358752166376	1
Cas12m_0_V-M	SHMX01000002_494	609	577	0.0002	17.3	478458	480284	SHMX01000002	494	0.09523809523809523	0.10571923743500866	1
Cas12m_0_V-M	SHMX01000005_1	186	577	0.004	13.0	1	558	SHMX01000005	1	0.46236559139784944	0.14038128249566725	1
Cas13Y_0_VI-Y	SHMX01000002_61	297	828	0.015	10.7	50790	51680	SHMX01000002	61	0.18518518518518517	0.06763285024154589	-1
Cas1_0_CAS-I-II-III-IV-V-VI	SHMX01000013_2	341	317	7.7e-81	269.0	1473	2495	SHMX01000013	2	0.9618768328445748	1.0	1
Cas1_0_I-II-III	SHMX01000013_2	341	327	2.4000000000000003e-80	267.4	1473	2495	SHMX01000013	2	0.9736070381231672	0.9969418960244648	1
Cas1_0_I-II-III-V	SHMX01000013_2	341	315	8.6e-66	219.3	1473	2495	SHMX01000013	2	0.9560117302052786	0.9936507936507937	1
Cas1_0_IA	SHMX01000013_2	341	347	3.3000000000000002e-37	125.6	1473	2495	SHMX01000013	2	0.8211143695014663	0.7953890489913544	1
Cas1_0_IC	SHMX01000013_2	341	340	4.2000000000000005e-57	191.2	1473	2495	SHMX01000013	2	0.9765395894428153	0.9764705882352941	1
Cas1_0_IE	SHMX01000013_2	341	269	1.5e-05	21.7	1473	2495	SHMX01000013	2	0.22580645161290322	0.2788104089219331	1
Cas1_0_IF	SHMX01000003_327	303	307	0.019	11.7	372954	373862	SHMX01000003	327	0.1419141914191419	0.13680781758957655	-1
Cas1_0_II	SHMX01000013_2	341	278	9.9e-16	55.2	1473	2495	SHMX01000013	2	0.30791788856304986	0.34172661870503596	1
Cas1_0_V	SHMX01000013_2	341	317	9e-20	68.3	1473	2495	SHMX01000013	2	0.7712609970674487	0.7791798107255521	1
Cas1_1_CAS-I-II-III-IV-V-VI	SHMX01000010_38	121	261	0.013	12.2	40052	40414	SHMX01000010	38	0.49586776859504134	0.22988505747126436	1
Cas1_1_CAS-I-II-III-IV-V-VI	SHMX01000013_2	341	261	9.100000000000001e-67	222.4	1473	2495	SHMX01000013	2	0.7917888563049853	1.0	1
Cas1_2_CAS-I-II-III-IV-V-VI	SHMX01000003_327	303	306	0.018	11.7	372954	373862	SHMX01000003	327	0.1419141914191419	0.13725490196078433	-1
Cas1_3_CAS-I-II-III-IV-V-VI	SHMX01000013_2	341	262	1.3e-05	22.0	1473	2495	SHMX01000013	2	0.2287390029325513	0.2900763358778626	1
Cas1_4_CAS-I-II-III-IV-V-VI	SHMX01000013_2	341	275	4e-16	56.4	1473	2495	SHMX01000013	2	0.31671554252199413	0.3563636363636364	1
Cas1_5_CAS-I-II-III-IV-V-VI	SHMX01000013_2	341	338	1.2e-56	189.7	1473	2495	SHMX01000013	2	0.9765395894428153	0.9822485207100592	1
Cas1_6_CAS-I-II-III-IV-V-VI	SHMX01000013_2	341	320	1.4e-43	146.7	1473	2495	SHMX01000013	2	0.9354838709677419	0.95	1
Cas1_7_CAS-I-II-III-IV-V-VI	SHMX01000013_2	341	328	2.7e-75	250.8	1473	2495	SHMX01000013	2	0.9794721407624634	0.9786585365853658	1
Cas1_8_CAS-I-II-III-IV-V-VI	SHMX01000013_2	341	283	4.5e-81	269.5	1473	2495	SHMX01000013	2	0.8533724340175953	0.9929328621908127	1
Cas2_0_CAS-I-II-III-IV-V-VI	SHMX01000013_3	94	90	1.7e-17	61.0	2500	2781	SHMX01000013	3	0.8404255319148937	0.9	1
Cas2_0_CAS-III-AM	SHMX01000013_3	94	95	0.00033	18.4	2500	2781	SHMX01000013	3	0.7978723404255319	0.7789473684210526	1
Cas2_0_I-II-III	SHMX01000013_3	94	96	5.7e-18	62.4	2500	2781	SHMX01000013	3	0.851063829787234	0.8645833333333334	1
Cas2_0_I-II-III-V	SHMX01000013_3	94	83	3.4e-17	59.9	2500	2781	SHMX01000013	3	0.851063829787234	0.963855421686747	1
Cas2_11_CAS-I-II-III-IV-V-VI	SHMX01000011_32	91	71	0.0082	13.8	32076	32348	SHMX01000011	32	0.37362637362637363	0.49295774647887325	1
Cas2_11_CAS-I-II-III-IV-V-VI	SHMX01000013_3	94	71	1.8e-20	70.3	2500	2781	SHMX01000013	3	0.7553191489361702	0.9859154929577465	1
Cas2_2_CAS-I-II-III-IV-V-VI	SHMX01000011_32	91	79	0.0093	13.6	32076	32348	SHMX01000011	32	0.43956043956043955	0.5189873417721519	1
Cas2_2_CAS-I-II-III-IV-V-VI	SHMX01000013_3	94	79	3.4e-21	72.7	2500	2781	SHMX01000013	3	0.8617021276595744	0.9746835443037974	1
Cas2_4_CAS-I-II-III-IV-V-VI	SHMX01000013_3	94	89	2e-20	70.4	2500	2781	SHMX01000013	3	0.8617021276595744	0.9101123595505618	1
Cas2_6_CAS-I-II-III-IV-V-VI	SHMX01000013_3	94	90	3.3e-06	24.9	2500	2781	SHMX01000013	3	0.5425531914893617	0.5555555555555556	1
Cas2_7_CAS-I-II-III-IV-V-VI	SHMX01000013_3	94	94	2.1e-15	54.4	2500	2781	SHMX01000013	3	0.8617021276595744	0.8617021276595744	1
Cas2_8_CAS-I-II-III-IV-V-VI	SHMX01000001_410	253	101	0.018	12.4	436438	437196	SHMX01000001	410	0.18972332015810275	0.4752475247524752	-1
Cas3-Cas2_0_CAS-I-F	SHMX01000013_6	703	1106	8.8e-05	17.8	4242	6350	SHMX01000013	6	0.2375533428165007	0.14828209764918626	-1
Cas3-Cas2_0_IF	SHMX01000013_6	703	1110	8.9e-05	17.8	4242	6350	SHMX01000013	6	0.1337126600284495	0.08468468468468468	-1
Cas3HD_0_CAS-I	SHMX01000002_73	193	203	0.0021	15.3	68947	69525	SHMX01000002	73	0.23316062176165803	0.26108374384236455	1
Cas3HD_0_CAS-I	SHMX01000004_259	657	203	0.079	10.2	301485	303455	SHMX01000004	259	0.1567732115677321	0.3842364532019704	1
Cas3HD_0_CAS-I	SHMX01000013_9	893	203	4.5e-10	37.1	7979	10657	SHMX01000013	9	0.23404255319148937	0.7389162561576355	-1
Cas3HD_1_CAS-I	SHMX01000013_9	893	191	0.0047	14.2	7979	10657	SHMX01000013	9	0.032474804031354984	0.1518324607329843	-1
Cas3HD_2_CAS-I	SHMX01000013_9	893	231	9e-05	19.6	7979	10657	SHMX01000013	9	0.0335946248600224	0.1341991341991342	-1
Cas3_0_CAS-I	SHMX01000001_434	881	353	2.4e-19	67.1	468682	471324	SHMX01000001	434	0.3598183881952327	0.9320113314447592	-1
Cas3_0_CAS-I	SHMX01000002_185	764	353	1.3e-09	35.1	164826	167117	SHMX01000002	185	0.1518324607329843	0.32294617563739375	1
Cas3_0_CAS-I	SHMX01000002_306	948	353	2e-17	60.7	282461	285304	SHMX01000002	306	0.3333333333333333	0.8781869688385269	1
Cas3_0_CAS-I	SHMX01000003_86	825	353	0.00094	15.7	111213	113687	SHMX01000003	86	0.1709090909090909	0.39660056657223797	-1
Cas3_0_CAS-I	SHMX01000004_142	736	353	3.2e-05	20.6	148379	150586	SHMX01000004	142	0.16304347826086957	0.3314447592067989	1
Cas3_0_CAS-I	SHMX01000013_6	703	353	2.6e-22	76.8	4242	6350	SHMX01000013	6	0.5064011379800853	0.9320113314447592	-1
Cas3_0_CAS-I-D	SHMX01000001_434	881	626	3.2e-17	59.3	468682	471324	SHMX01000001	434	0.32009080590238365	0.43610223642172524	-1
Cas3_0_CAS-I-D	SHMX01000002_306	948	626	4.7e-09	32.3	282461	285304	SHMX01000002	306	0.14978902953586498	0.20287539936102236	1
Cas3_0_CAS-I-D	SHMX01000004_142	736	626	0.00012	17.8	148379	150586	SHMX01000004	142	0.24728260869565216	0.26357827476038337	1
Cas3_0_CAS-I-D	SHMX01000013_6	703	626	1.5e-11	40.6	4242	6350	SHMX01000013	6	0.3684210526315789	0.36261980830670926	-1
Cas3_0_CAS-I-U	SHMX01000001_434	881	843	0.0026	13.0	468682	471324	SHMX01000001	434	0.0771850170261067	0.0771055753262159	-1
Cas3_0_CAS-I-U	SHMX01000013_6	703	843	1.2e-05	20.8	4242	6350	SHMX01000013	6	0.05832147937411095	0.04863582443653618	-1
Cas3_0_CAS-I-U	SHMX01000013_9	893	843	2e-06	23.3	7979	10657	SHMX01000013	9	0.06942889137737962	0.07236061684460261	-1
Cas3_0_I	SHMX01000001_434	881	358	2e-18	64.0	468682	471324	SHMX01000001	434	0.3564131668558456	0.9273743016759777	-1
Cas3_0_I	SHMX01000002_101	895	358	0.0031	14.0	93758	96442	SHMX01000002	101	0.09050279329608939	0.22905027932960895	1
Cas3_0_I	SHMX01000002_185	764	358	6.2e-10	36.1	164826	167117	SHMX01000002	185	0.14528795811518325	0.3016759776536313	1
Cas3_0_I	SHMX01000002_306	948	358	1.7e-16	57.6	282461	285304	SHMX01000002	306	0.3333333333333333	0.8770949720670391	1
Cas3_0_I	SHMX01000002_424	749	358	0.00028	17.4	409247	411493	SHMX01000002	424	0.1348464619492657	0.2709497206703911	1
Cas3_0_I	SHMX01000004_142	736	358	7.5e-06	22.6	148379	150586	SHMX01000004	142	0.17119565217391305	0.3407821229050279	1
Cas3_0_I	SHMX01000013_6	703	358	4e-22	76.2	4242	6350	SHMX01000013	6	0.49786628733997157	0.9189944134078212	-1
Cas3_0_ID	SHMX01000001_434	881	357	4.7e-17	59.5	468682	471324	SHMX01000001	434	0.2746878547105562	0.7142857142857143	-1
Cas3_0_ID	SHMX01000002_306	948	357	1.5e-05	21.6	282461	285304	SHMX01000002	306	0.14345991561181434	0.3445378151260504	1
Cas3_0_ID	SHMX01000013_6	703	357	3.2e-46	155.4	4242	6350	SHMX01000013	6	0.4992887624466572	0.9971988795518207	-1
Cas3_0_IU	SHMX01000001_434	881	864	9.7e-05	17.8	468682	471324	SHMX01000001	434	0.09080590238365494	0.09027777777777778	-1
Cas3_0_IU	SHMX01000002_306	948	864	0.0051	12.1	282461	285304	SHMX01000002	306	0.12658227848101267	0.1400462962962963	1
Cas3_0_IU	SHMX01000013_6	703	864	4.7e-07	25.5	4242	6350	SHMX01000013	6	0.05689900426742532	0.046296296296296294	-1
Cas3_0_IU	SHMX01000013_9	893	864	1.1e-08	30.9	7979	10657	SHMX01000013	9	0.06942889137737962	0.07175925925925926	-1
Cas3_1_CAS-I	SHMX01000001_434	881	745	1.8e-14	50.4	468682	471324	SHMX01000001	434	0.1952326901248581	0.22818791946308725	-1
Cas3_1_CAS-I	SHMX01000002_101	895	745	8.4e-06	21.7	93758	96442	SHMX01000002	101	0.10949720670391061	0.1476510067114094	1
Cas3_1_CAS-I	SHMX01000002_185	764	745	0.0001	18.2	164826	167117	SHMX01000002	185	0.13350785340314136	0.14496644295302014	1
Cas3_1_CAS-I	SHMX01000002_306	948	745	1.6e-12	44.0	282461	285304	SHMX01000002	306	0.17088607594936708	0.22416107382550335	1
Cas3_1_CAS-I	SHMX01000002_364	485	745	0.019	10.6	340171	341625	SHMX01000002	364	0.1731958762886598	0.09261744966442953	-1
Cas3_1_CAS-I	SHMX01000002_424	749	745	3e-05	19.9	409247	411493	SHMX01000002	424	0.16955941255006676	0.17583892617449665	1
Cas3_1_CAS-I	SHMX01000004_142	736	745	0.0061	12.3	148379	150586	SHMX01000004	142	0.1480978260869565	0.16241610738255033	1
Cas3_1_CAS-I	SHMX01000013_6	703	745	2.5000000000000002e-22	76.4	4242	6350	SHMX01000013	6	0.5106685633001422	0.4684563758389262	-1
Cas3_1_CAS-I-D	SHMX01000001_434	881	353	4.4e-16	56.3	468682	471324	SHMX01000001	434	0.2667423382519864	0.6402266288951841	-1
Cas3_1_CAS-I-D	SHMX01000002_306	948	353	2e-06	24.5	282461	285304	SHMX01000002	306	0.11814345991561181	0.2776203966005666	1
Cas3_1_CAS-I-D	SHMX01000013_6	703	353	2.9e-47	158.8	4242	6350	SHMX01000013	6	0.4992887624466572	0.9971671388101983	-1
Cas3_1_I	SHMX01000002_73	193	178	6.9e-06	23.6	68947	69525	SHMX01000002	73	0.42487046632124353	0.5674157303370787	1
Cas3_1_I	SHMX01000013_9	893	178	1.3e-09	35.7	7979	10657	SHMX01000013	9	0.19260918253079506	0.7696629213483146	-1
Cas3_2_CAS-I	SHMX01000001_434	881	967	1.9e-19	66.7	468682	471324	SHMX01000001	434	0.3064699205448354	0.27197518097207857	-1
Cas3_2_CAS-I	SHMX01000002_185	764	967	1e-05	21.2	164826	167117	SHMX01000002	185	0.2107329842931937	0.1654601861427094	1
Cas3_2_CAS-I	SHMX01000002_306	948	967	7e-05	18.4	282461	285304	SHMX01000002	306	0.17721518987341772	0.16028955532574973	1
Cas3_2_CAS-I	SHMX01000003_200	878	967	9.8e-05	18.0	223396	226029	SHMX01000003	200	0.2255125284738041	0.19958634953464321	-1
Cas3_2_CAS-I	SHMX01000013_6	703	967	1.3e-16	57.2	4242	6350	SHMX01000013	6	0.24039829302987198	0.17993795243019647	-1
Cas3d_0_CAS-I-D	SHMX01000001_434	881	639	5.1e-10	35.7	468682	471324	SHMX01000001	434	0.16799091940976163	0.2190923317683881	-1
Cas3d_0_CAS-I-D	SHMX01000002_306	948	639	0.00033	16.6	282461	285304	SHMX01000002	306	0.15084388185654007	0.1596244131455399	1
Cas3d_0_CAS-I-D	SHMX01000013_6	703	639	4e-14	49.3	4242	6350	SHMX01000013	6	0.4779516358463727	0.49765258215962443	-1
Cas3d_1_CAS-I-D	SHMX01000001_434	881	627	4.4e-11	39.1	468682	471324	SHMX01000001	434	0.27695800227014755	0.3843700159489633	-1
Cas3d_1_CAS-I-D	SHMX01000013_6	703	627	3.1e-18	62.7	4242	6350	SHMX01000013	6	0.5163584637268848	0.5342902711323764	-1
Cas4_0_CAS-I-II-III-IV-V-VI	SHMX01000002_497	319	179	9e-05	20.1	481537	482493	SHMX01000002	497	0.21003134796238246	0.3854748603351955	-1
Cas4_0_CAS-I-II-III-IV-V-VI	SHMX01000003_157	246	179	0.0024	15.5	184713	185450	SHMX01000003	157	0.26422764227642276	0.35195530726256985	-1
Cas4_0_CAS-I-II-III-IV-V-VI	SHMX01000004_81	218	179	1e-07	29.7	91658	92311	SHMX01000004	81	0.6513761467889908	0.664804469273743	-1
Cas4_0_CAS-I-II-III-IV-V-VI	SHMX01000013_4	203	179	2.9000000000000002e-30	103.2	2775	3383	SHMX01000013	4	0.8866995073891626	0.9888268156424581	1
Cas4_0_I-II	SHMX01000002_497	319	180	5.8e-05	20.3	481537	482493	SHMX01000002	497	0.2852664576802508	0.48333333333333334	-1
Cas4_0_I-II	SHMX01000003_157	246	180	0.0091	13.2	184713	185450	SHMX01000003	157	0.24390243902439024	0.3111111111111111	-1
Cas4_0_I-II	SHMX01000004_81	218	180	0.0017	15.5	91658	92311	SHMX01000004	81	0.4724770642201835	0.5277777777777778	-1
Cas4_0_I-II	SHMX01000013_4	203	180	9e-33	111.0	2775	3383	SHMX01000013	4	0.8916256157635468	0.9888888888888889	1
Cas4_0_I-II-V	SHMX01000004_81	218	177	7.6e-05	20.2	91658	92311	SHMX01000004	81	0.7293577981651376	0.7570621468926554	-1
Cas4_0_I-II-V	SHMX01000013_4	203	177	8.4e-27	91.7	2775	3383	SHMX01000013	4	0.8866995073891626	0.9887005649717514	1
Cas4_3_CAS-I-II-III-IV-V-VI	SHMX01000013_4	203	197	2.9e-19	67.3	2775	3383	SHMX01000013	4	0.8817733990147784	0.8934010152284264	1
Cas4_5_CAS-I-II-III-IV-V-VI	SHMX01000002_497	319	161	0.008	13.7	481537	482493	SHMX01000002	497	0.14420062695924765	0.2795031055900621	-1
Cas4_5_CAS-I-II-III-IV-V-VI	SHMX01000013_4	203	161	2.1e-18	64.4	2775	3383	SHMX01000013	4	0.8768472906403941	0.9751552795031055	1
Cas5_0_IE	SHMX01000011_48	223	230	0.0048	14.0	47601	48269	SHMX01000011	48	0.18834080717488788	0.17391304347826086	-1
Cas6_0_CAS-I-A-III-D	SHMX01000002_494	609	246	0.0073	13.0	478458	480284	SHMX01000002	494	0.17077175697865354	0.4268292682926829	1
Cas6_0_CAS-I-D	SHMX01000002_139	145	278	0.011	12.7	122243	122677	SHMX01000002	139	0.4413793103448276	0.2302158273381295	1
Cas6_0_CAS-I-II-III-IV-V-VI	SHMX01000013_5	286	194	3.8e-20	70.5	3392	4249	SHMX01000013	5	0.6888111888111889	0.9123711340206185	-1
Cas6_0_CAS-I-III-B	SHMX01000013_5	286	282	2.3000000000000003e-22	76.7	3392	4249	SHMX01000013	5	0.916083916083916	0.9645390070921985	-1
Cas6_0_CAS-III-D	SHMX01000013_5	286	268	0.012	12.2	3392	4249	SHMX01000013	5	0.5804195804195804	0.6268656716417911	-1
Cas6_0_I-III	SHMX01000013_5	286	200	8.7e-19	66.1	3392	4249	SHMX01000013	5	0.7657342657342657	0.99	-1
Cas6_10_CAS-I-II-III-IV-V-VI	SHMX01000013_5	286	322	0.0053	13.4	3392	4249	SHMX01000013	5	0.35664335664335667	0.2981366459627329	-1
Cas6_13_CAS-I-II-III-IV-V-VI	SHMX01000001_65	320	151	0.017	12.9	90433	91392	SHMX01000001	65	0.24375	0.46357615894039733	1
Cas6_14_CAS-I-II-III-IV-V-VI	SHMX01000001_164	257	190	0.0041	14.5	187888	188658	SHMX01000001	164	0.22957198443579765	0.3157894736842105	-1
Cas6_15_CAS-I-II-III-IV-V-VI	SHMX01000013_5	286	112	2.1e-17	61.2	3392	4249	SHMX01000013	5	0.4230769230769231	1.0	-1
Cas6_2_CAS-I-II-III-IV-V-VI	SHMX01000001_62	336	193	0.0078	13.7	88538	89545	SHMX01000001	62	0.25	0.44559585492227977	1
Cas6_3_CAS-I-II-III-IV-V-VI	SHMX01000013_5	286	240	3.7e-06	24.5	3392	4249	SHMX01000013	5	0.458041958041958	0.5375	-1
Cas6_6_IVD	SHMX01000013_5	286	259	2e-19	67.4	3392	4249	SHMX01000013	5	0.5174825174825175	0.5791505791505791	-1
Cas6_7_CAS-I-II-III-IV-V-VI	SHMX01000013_5	286	241	1.6e-09	35.4	3392	4249	SHMX01000013	5	0.6223776223776224	0.6639004149377593	-1
Cas6_8_CAS-I-II-III-IV-V-VI	SHMX01000013_5	286	275	5.7e-17	59.4	3392	4249	SHMX01000013	5	0.5944055944055944	0.5672727272727273	-1
Cas7_2_CAS-I-B	SHMX01000013_8	316	295	1.9e-05	21.5	7035	7982	SHMX01000013	8	0.5443037974683544	0.6203389830508474	-1
Cas8b1_10_CAS-I-B	SHMX01000004_185	220	567	0.00063	15.8	202539	203198	SHMX01000004	185	0.35454545454545455	0.13227513227513227	-1
Cas8b1_13_CAS-I-B	SHMX01000002_109	298	580	0.026	10.6	100351	101244	SHMX01000002	109	0.3926174496644295	0.20862068965517241	1
Cas8b1_13_CAS-I-B	SHMX01000003_469	142	580	0.0016	14.6	536303	536728	SHMX01000003	469	0.44366197183098594	0.11551724137931034	-1
Cas8b1_13_CAS-I-B	SHMX01000004_178	626	580	0.0048	13.1	194628	196505	SHMX01000004	178	0.305111821086262	0.2103448275862069	1
Cas8b2_1_CAS-I-B	SHMX01000004_23	166	334	0.0061	13.2	22515	23012	SHMX01000004	23	0.4036144578313253	0.20059880239520958	1
Cas8b2_5_CAS-I-B	SHMX01000002_266	318	496	0.012	11.5	243438	244391	SHMX01000002	266	0.18867924528301888	0.12096774193548387	1
Cas9_0_IIB	SHMX01000003_61	176	802	0.021	10.5	81833	82360	SHMX01000003	61	0.48863636363636365	0.10723192019950124	1
CasR_0_CAS-I-II-III-IV-V-VI	SHMX01000001_131	205	198	0.0017	15.4	159327	159941	SHMX01000001	131	0.375609756097561	0.37373737373737376	1
CasR_0_CAS-I-II-III-IV-V-VI	SHMX01000001_206	375	198	5.3e-08	30.1	234061	235185	SHMX01000001	206	0.27466666666666667	0.26262626262626265	-1
CasR_0_CAS-I-II-III-IV-V-VI	SHMX01000001_234	204	198	0.017	12.1	255691	256302	SHMX01000001	234	0.22058823529411764	0.22727272727272727	1
CasR_0_CAS-I-II-III-IV-V-VI	SHMX01000001_3	237	198	0.0069	13.4	11453	12163	SHMX01000001	3	0.32489451476793246	0.21212121212121213	-1
CasR_0_CAS-I-II-III-IV-V-VI	SHMX01000001_346	244	198	0.0034	14.4	377389	378120	SHMX01000001	346	0.42213114754098363	0.2828282828282828	-1
CasR_0_CAS-I-II-III-IV-V-VI	SHMX01000001_372	149	198	0.00022	18.3	400087	400533	SHMX01000001	372	0.348993288590604	0.25252525252525254	1
CasR_0_CAS-I-II-III-IV-V-VI	SHMX01000001_393	124	198	9.5e-07	26.0	418548	418919	SHMX01000001	393	0.4032258064516129	0.2474747474747475	-1
CasR_0_CAS-I-II-III-IV-V-VI	SHMX01000001_526	259	198	2.6e-06	24.6	571687	572463	SHMX01000001	526	0.21621621621621623	0.2777777777777778	-1
CasR_0_CAS-I-II-III-IV-V-VI	SHMX01000001_531	224	198	0.026	11.5	576460	577131	SHMX01000001	531	0.20089285714285715	0.22727272727272727	-1
CasR_0_CAS-I-II-III-IV-V-VI	SHMX01000002_105	156	198	0.00014	18.9	97954	98421	SHMX01000002	105	0.3717948717948718	0.29292929292929293	-1
CasR_0_CAS-I-II-III-IV-V-VI	SHMX01000002_18	292	198	0.0013	15.8	16613	17488	SHMX01000002	18	0.24315068493150685	0.3686868686868687	-1
CasR_0_CAS-I-II-III-IV-V-VI	SHMX01000002_187	82	198	0.014	12.4	167927	168172	SHMX01000002	187	0.7682926829268293	0.30808080808080807	-1
CasR_0_CAS-I-II-III-IV-V-VI	SHMX01000002_239	157	198	0.015	12.3	217839	218309	SHMX01000002	239	0.39490445859872614	0.22727272727272727	-1
CasR_0_CAS-I-II-III-IV-V-VI	SHMX01000002_441	94	198	7e-06	23.2	427253	427534	SHMX01000002	441	0.6808510638297872	0.3282828282828283	-1
CasR_0_CAS-I-II-III-IV-V-VI	SHMX01000002_574	118	198	0.00023	18.2	546533	546886	SHMX01000002	574	0.4745762711864407	0.26262626262626265	1
CasR_0_CAS-I-II-III-IV-V-VI	SHMX01000002_597	100	198	0.00014	19.0	578513	578812	SHMX01000002	597	0.32	0.16161616161616163	-1
CasR_0_CAS-I-II-III-IV-V-VI	SHMX01000002_6	163	198	9.2e-08	29.3	5462	5950	SHMX01000002	6	0.6257668711656442	0.48484848484848486	-1
CasR_0_CAS-I-II-III-IV-V-VI	SHMX01000003_416	97	198	0.0019	15.2	481550	481840	SHMX01000003	416	0.5979381443298969	0.29292929292929293	1
CasR_0_CAS-I-II-III-IV-V-VI	SHMX01000004_109	239	198	4.8e-06	23.7	115672	116388	SHMX01000004	109	0.3807531380753138	0.29292929292929293	-1
CasR_0_CAS-I-II-III-IV-V-VI	SHMX01000004_154	151	198	0.014	12.4	171145	171597	SHMX01000004	154	0.271523178807947	0.20202020202020202	-1
CasR_0_CAS-I-II-III-IV-V-VI	SHMX01000004_38	89	198	0.00059	16.9	46656	46922	SHMX01000004	38	0.5393258426966292	0.24242424242424243	1
CasR_0_CAS-I-II-III-IV-V-VI	SHMX01000005_178	125	198	0.0029	14.6	195726	196100	SHMX01000005	178	0.448	0.2727272727272727	-1
CasR_0_CAS-I-II-III-IV-V-VI	SHMX01000005_196	230	198	0.0011	16.0	212945	213634	SHMX01000005	196	0.3739130434782609	0.3888888888888889	1
CasR_0_CAS-I-II-III-IV-V-VI	SHMX01000006_25	103	198	0.0052	13.8	27916	28224	SHMX01000006	25	0.2524271844660194	0.13131313131313133	1
CasR_0_CAS-I-II-III-IV-V-VI	SHMX01000007_62	215	198	3.2e-06	24.3	76551	77195	SHMX01000007	62	0.30697674418604654	0.35353535353535354	-1
CasR_0_CAS-I-II-III-IV-V-VI	SHMX01000009_35	127	198	0.0056	13.7	27862	28242	SHMX01000009	35	0.30708661417322836	0.17676767676767677	-1
CasR_0_CAS-I-II-III-IV-V-VI	SHMX01000010_50	301	198	0.017	12.1	48471	49373	SHMX01000010	50	0.26245847176079734	0.2474747474747475	-1
CasR_0_CAS-I-II-III-IV-V-VI	SHMX01000010_51	303	198	0.0018	15.3	49475	50383	SHMX01000010	51	0.31353135313531355	0.2777777777777778	-1
CasR_0_CAS-I-II-III-IV-V-VI	SHMX01000011_18	313	198	0.0022	15.0	16714	17652	SHMX01000011	18	0.21725239616613418	0.25252525252525254	-1
CasR_0_CAS-I-II-III-IV-V-VI	SHMX01000012_51	310	198	1.1e-07	29.0	40432	41361	SHMX01000012	51	0.3	0.23737373737373738	1
CasR_0_CAS-I-II-III-IV-V-VI	SHMX01000013_11	491	198	0.0038	14.3	12207	13679	SHMX01000013	11	0.16089613034623218	0.26262626262626265	-1
CasR_0_CAS-III-B-III-D	SHMX01000001_107	223	255	0.0061	13.5	131607	132275	SHMX01000001	107	0.2914798206278027	0.2627450980392157	1
CasR_0_CAS-III-B-III-D	SHMX01000002_208	207	255	0.26	8.2	187195	187815	SHMX01000002	208	0.3864734299516908	0.2823529411764706	1
CasR_0_CAS-III-B-III-D	SHMX01000002_6	163	255	0.00081	16.4	5462	5950	SHMX01000002	6	0.49693251533742333	0.30980392156862746	-1
CasR_0_CAS-III-B-III-D	SHMX01000005_171	187	255	1.6	5.5	187673	188233	SHMX01000005	171	0.4385026737967914	0.26666666666666666	-1
CasR_0_CAS-III-B-III-D	SHMX01000010_71	265	255	0.0036	14.2	67700	68494	SHMX01000010	71	0.27547169811320754	0.2980392156862745	-1
CasR_1_CAS-I-II-III-IV-V-VI	SHMX01000001_131	205	218	0.011	12.3	159327	159941	SHMX01000001	131	0.25365853658536586	0.23853211009174313	1
CasR_1_CAS-I-II-III-IV-V-VI	SHMX01000001_206	375	218	2.4e-09	34.0	234061	235185	SHMX01000001	206	0.27466666666666667	0.24311926605504589	-1
CasR_1_CAS-I-II-III-IV-V-VI	SHMX01000001_234	204	218	0.014	11.9	255691	256302	SHMX01000001	234	0.35294117647058826	0.27522935779816515	1
CasR_1_CAS-I-II-III-IV-V-VI	SHMX01000001_3	237	218	0.00042	16.9	11453	12163	SHMX01000001	3	0.3333333333333333	0.1926605504587156	-1
CasR_1_CAS-I-II-III-IV-V-VI	SHMX01000001_346	244	218	0.0021	14.6	377389	378120	SHMX01000001	346	0.3524590163934426	0.20642201834862386	-1
CasR_1_CAS-I-II-III-IV-V-VI	SHMX01000001_372	149	218	0.00016	18.3	400087	400533	SHMX01000001	372	0.348993288590604	0.22935779816513763	1
CasR_1_CAS-I-II-III-IV-V-VI	SHMX01000001_393	124	218	1.7e-06	24.8	418548	418919	SHMX01000001	393	0.33064516129032256	0.1926605504587156	-1
CasR_1_CAS-I-II-III-IV-V-VI	SHMX01000001_487	457	218	0.016	11.8	522940	524310	SHMX01000001	487	0.13785557986870897	0.2981651376146789	-1
CasR_1_CAS-I-II-III-IV-V-VI	SHMX01000001_526	259	218	2.4e-06	24.3	571687	572463	SHMX01000001	526	0.21235521235521235	0.24770642201834864	-1
CasR_1_CAS-I-II-III-IV-V-VI	SHMX01000001_531	224	218	0.0094	12.5	576460	577131	SHMX01000001	531	0.26785714285714285	0.25688073394495414	-1
CasR_1_CAS-I-II-III-IV-V-VI	SHMX01000001_555	149	218	0.00088	15.9	600304	600750	SHMX01000001	555	0.3691275167785235	0.24311926605504589	1
CasR_1_CAS-I-II-III-IV-V-VI	SHMX01000002_105	156	218	0.00012	18.7	97954	98421	SHMX01000002	105	0.36538461538461536	0.26146788990825687	-1
CasR_1_CAS-I-II-III-IV-V-VI	SHMX01000002_18	292	218	0.00063	16.4	16613	17488	SHMX01000002	18	0.2671232876712329	0.3623853211009174	-1
CasR_1_CAS-I-II-III-IV-V-VI	SHMX01000002_187	82	218	0.0029	14.2	167927	168172	SHMX01000002	187	0.8048780487804879	0.29357798165137616	-1
CasR_1_CAS-I-II-III-IV-V-VI	SHMX01000002_239	157	218	0.0007	16.2	217839	218309	SHMX01000002	239	0.5031847133757962	0.2798165137614679	-1
CasR_1_CAS-I-II-III-IV-V-VI	SHMX01000002_441	94	218	9.3e-08	28.9	427253	427534	SHMX01000002	441	0.723404255319149	0.3165137614678899	-1
CasR_1_CAS-I-II-III-IV-V-VI	SHMX01000002_574	118	218	0.00011	18.8	546533	546886	SHMX01000002	574	0.3983050847457627	0.20642201834862386	1
CasR_1_CAS-I-II-III-IV-V-VI	SHMX01000002_597	100	218	6.6e-05	19.6	578513	578812	SHMX01000002	597	0.32	0.14678899082568808	-1
CasR_1_CAS-I-II-III-IV-V-VI	SHMX01000002_6	163	218	4.5e-07	26.6	5462	5950	SHMX01000002	6	0.6319018404907976	0.4541284403669725	-1
CasR_1_CAS-I-II-III-IV-V-VI	SHMX01000003_189	152	218	0.016	11.8	214568	215023	SHMX01000003	189	0.32894736842105265	0.22935779816513763	-1
CasR_1_CAS-I-II-III-IV-V-VI	SHMX01000003_416	97	218	0.0044	13.6	481550	481840	SHMX01000003	416	0.5257731958762887	0.22935779816513763	1
CasR_1_CAS-I-II-III-IV-V-VI	SHMX01000004_109	239	218	7e-09	32.6	115672	116388	SHMX01000004	109	0.4895397489539749	0.3073394495412844	-1
CasR_1_CAS-I-II-III-IV-V-VI	SHMX01000004_154	151	218	0.0052	13.4	171145	171597	SHMX01000004	154	0.304635761589404	0.22018348623853212	-1
CasR_1_CAS-I-II-III-IV-V-VI	SHMX01000004_155	92	218	0.0034	14.0	171598	171873	SHMX01000004	155	0.4782608695652174	0.2018348623853211	-1
CasR_1_CAS-I-II-III-IV-V-VI	SHMX01000004_38	89	218	0.00061	16.4	46656	46922	SHMX01000004	38	0.550561797752809	0.22477064220183487	1
CasR_1_CAS-I-II-III-IV-V-VI	SHMX01000005_178	125	218	0.0084	12.7	195726	196100	SHMX01000005	178	0.4	0.22018348623853212	-1
CasR_1_CAS-I-II-III-IV-V-VI	SHMX01000005_196	230	218	5.1e-06	23.2	212945	213634	SHMX01000005	196	0.391304347826087	0.39908256880733944	1
CasR_1_CAS-I-II-III-IV-V-VI	SHMX01000006_25	103	218	0.0011	15.5	27916	28224	SHMX01000006	25	0.4174757281553398	0.18807339449541285	1
CasR_1_CAS-I-II-III-IV-V-VI	SHMX01000007_62	215	218	1.9e-07	27.8	76551	77195	SHMX01000007	62	0.30697674418604654	0.3302752293577982	-1
CasR_1_CAS-I-II-III-IV-V-VI	SHMX01000009_35	127	218	0.0038	13.8	27862	28242	SHMX01000009	35	0.30708661417322836	0.16055045871559634	-1
CasR_1_CAS-I-II-III-IV-V-VI	SHMX01000010_50	301	218	0.00023	17.8	48471	49373	SHMX01000010	50	0.2823920265780731	0.22477064220183487	-1
CasR_1_CAS-I-II-III-IV-V-VI	SHMX01000010_51	303	218	7.1e-06	22.7	49475	50383	SHMX01000010	51	0.31683168316831684	0.25688073394495414	-1
CasR_1_CAS-I-II-III-IV-V-VI	SHMX01000011_18	313	218	0.0006	16.4	16714	17652	SHMX01000011	18	0.22044728434504793	0.23394495412844038	-1
CasR_1_CAS-I-II-III-IV-V-VI	SHMX01000011_53	271	218	0.0092	12.6	52050	52862	SHMX01000011	53	0.22140221402214022	0.2798165137614679	1
CasR_1_CAS-I-II-III-IV-V-VI	SHMX01000012_51	310	218	1.6e-07	28.1	40432	41361	SHMX01000012	51	0.29354838709677417	0.22018348623853212	1
CasR_1_CAS-I-II-III-IV-V-VI	SHMX01000013_11	491	218	0.00034	17.2	12207	13679	SHMX01000013	11	0.19959266802443992	0.23853211009174313	-1
CasR_1_CAS-I-II-III-IV-V-VI	SHMX01000015_9	152	218	0.002	14.7	9692	10147	SHMX01000015	9	0.5263157894736842	0.3486238532110092	1
Cmr3_0_IIIB	SHMX01000009_50	50	346	0.01	12.3	41689	41838	SHMX01000009	50	0.66	0.09248554913294797	-1
Cmr5gr11_1_CAS-III-C	SHMX01000001_407	236	180	1.3	6.2	433713	434420	SHMX01000001	407	0.5635593220338984	0.5	-1
Cmr5gr11_1_CAS-III-C	SHMX01000001_48	212	180	1.2	6.3	71561	72196	SHMX01000001	48	0.4858490566037736	0.35	1
Cmr5gr11_1_CAS-III-C	SHMX01000003_398	466	180	0.15	9.3	454113	455510	SHMX01000003	398	0.4034334763948498	0.5388888888888889	-1
Cmr5gr11_1_CAS-III-C	SHMX01000004_34	391	180	1.4	6.1	38457	39629	SHMX01000004	34	0.3248081841432225	0.4	1
CorA_0_CAS-III-B-III-D	SHMX01000002_566	123	551	0.033	10.3	540046	540414	SHMX01000002	566	0.5853658536585366	0.12704174228675136	-1
CorA_0_CAS-III-B-III-D	SHMX01000003_12	124	551	0.096	8.8	16052	16423	SHMX01000003	12	0.5967741935483871	0.13611615245009073	-1
Csa3_1_CAS-I-II-III-IV-V-VI	SHMX01000001_206	375	118	1.5e-09	35.6	234061	235185	SHMX01000001	206	0.248	0.5	-1
Csa3_1_CAS-I-II-III-IV-V-VI	SHMX01000001_207	100	118	0.0031	15.3	235338	235637	SHMX01000001	207	0.74	0.6779661016949152	1
Csa3_1_CAS-I-II-III-IV-V-VI	SHMX01000001_314	380	118	0.0001	20.1	347620	348759	SHMX01000001	314	0.33157894736842103	0.6864406779661016	-1
Csa3_1_CAS-I-II-III-IV-V-VI	SHMX01000001_346	244	118	0.00035	18.3	377389	378120	SHMX01000001	346	0.19262295081967212	0.3813559322033898	-1
Csa3_1_CAS-I-II-III-IV-V-VI	SHMX01000001_414	47	118	0.00045	18.0	443165	443305	SHMX01000001	414	0.7446808510638298	0.2711864406779661	-1
Csa3_1_CAS-I-II-III-IV-V-VI	SHMX01000001_516	65	118	9.9e-05	20.1	561368	561562	SHMX01000001	516	0.8	0.4915254237288136	-1
Csa3_1_CAS-I-II-III-IV-V-VI	SHMX01000001_526	259	118	1.6e-07	29.1	571687	572463	SHMX01000001	526	0.21235521235521235	0.5084745762711864	-1
Csa3_1_CAS-I-II-III-IV-V-VI	SHMX01000001_536	226	118	7.5e-08	30.2	583969	584646	SHMX01000001	536	0.42920353982300885	0.6949152542372882	-1
Csa3_1_CAS-I-II-III-IV-V-VI	SHMX01000001_555	149	118	8.3e-05	20.4	600304	600750	SHMX01000001	555	0.2953020134228188	0.3898305084745763	1
Csa3_1_CAS-I-II-III-IV-V-VI	SHMX01000001_589	266	118	0.00014	19.6	641146	641943	SHMX01000001	589	0.24060150375939848	0.5338983050847458	1
Csa3_1_CAS-I-II-III-IV-V-VI	SHMX01000001_7	96	118	0.00017	19.3	13742	14029	SHMX01000001	7	0.4583333333333333	0.423728813559322	-1
Csa3_1_CAS-I-II-III-IV-V-VI	SHMX01000002_105	156	118	0.0004	18.1	97954	98421	SHMX01000002	105	0.4166666666666667	0.5254237288135594	-1
Csa3_1_CAS-I-II-III-IV-V-VI	SHMX01000002_114	121	118	0.00062	17.5	104397	104759	SHMX01000002	114	0.5867768595041323	0.559322033898305	-1
Csa3_1_CAS-I-II-III-IV-V-VI	SHMX01000002_18	292	118	1.8e-10	38.6	16613	17488	SHMX01000002	18	0.5	0.6779661016949152	-1
Csa3_1_CAS-I-II-III-IV-V-VI	SHMX01000002_186	223	118	3e-09	34.7	167121	167789	SHMX01000002	186	0.29596412556053814	0.559322033898305	-1
Csa3_1_CAS-I-II-III-IV-V-VI	SHMX01000002_187	82	118	0.0027	15.5	167927	168172	SHMX01000002	187	0.6829268292682927	0.5	-1
Csa3_1_CAS-I-II-III-IV-V-VI	SHMX01000002_224	185	118	0.0027	15.5	203342	203896	SHMX01000002	224	0.8756756756756757	0.6101694915254238	1
Csa3_1_CAS-I-II-III-IV-V-VI	SHMX01000002_441	94	118	4.3e-10	37.4	427253	427534	SHMX01000002	441	0.8404255319148937	0.7372881355932204	-1
Csa3_1_CAS-I-II-III-IV-V-VI	SHMX01000002_597	100	118	0.0014	16.4	578513	578812	SHMX01000002	597	0.47	0.3898305084745763	-1
Csa3_1_CAS-I-II-III-IV-V-VI	SHMX01000002_6	163	118	5.4e-05	21.0	5462	5950	SHMX01000002	6	0.5030674846625767	0.5254237288135594	-1
Csa3_1_CAS-I-II-III-IV-V-VI	SHMX01000002_60	243	118	3e-05	21.8	50056	50784	SHMX01000002	60	0.7325102880658436	0.8305084745762712	1
Csa3_1_CAS-I-II-III-IV-V-VI	SHMX01000003_310	150	118	0.035	11.9	349425	349874	SHMX01000003	310	0.5133333333333333	0.4322033898305085	1
Csa3_1_CAS-I-II-III-IV-V-VI	SHMX01000003_403	389	118	3.5e-05	21.6	464669	465835	SHMX01000003	403	0.21079691516709512	0.5	-1
Csa3_1_CAS-I-II-III-IV-V-VI	SHMX01000003_416	97	118	1.5e-17	61.4	481550	481840	SHMX01000003	416	0.865979381443299	0.788135593220339	1
Csa3_1_CAS-I-II-III-IV-V-VI	SHMX01000004_109	239	118	1.6e-08	32.3	115672	116388	SHMX01000004	109	0.5941422594142259	0.7288135593220338	-1
Csa3_1_CAS-I-II-III-IV-V-VI	SHMX01000004_180	353	118	0.003	15.3	198655	199713	SHMX01000004	180	0.3087818696883853	0.6271186440677966	-1
Csa3_1_CAS-I-II-III-IV-V-VI	SHMX01000004_38	89	118	0.0016	16.2	46656	46922	SHMX01000004	38	0.5280898876404494	0.4322033898305085	1
Csa3_1_CAS-I-II-III-IV-V-VI	SHMX01000006_147	95	118	5.8e-08	30.5	178213	178497	SHMX01000006	147	0.7684210526315789	0.635593220338983	-1
Csa3_1_CAS-I-II-III-IV-V-VI	SHMX01000006_25	103	118	0.00012	19.9	27916	28224	SHMX01000006	25	0.6699029126213593	0.6016949152542372	1
Csa3_1_CAS-I-II-III-IV-V-VI	SHMX01000006_34	266	118	0.00015	19.5	34712	35509	SHMX01000006	34	0.518796992481203	0.6949152542372882	-1
Csa3_1_CAS-I-II-III-IV-V-VI	SHMX01000007_62	215	118	4.1e-07	27.8	76551	77195	SHMX01000007	62	0.4790697674418605	0.7711864406779662	-1
Csa3_1_CAS-I-II-III-IV-V-VI	SHMX01000009_56	499	118	0.0011	16.7	44646	46142	SHMX01000009	56	0.3066132264529058	0.6864406779661016	-1
Csa3_1_CAS-I-II-III-IV-V-VI	SHMX01000010_3	155	118	0.00038	18.2	2064	2528	SHMX01000010	3	0.3225806451612903	0.4576271186440678	1
Csa3_1_CAS-I-II-III-IV-V-VI	SHMX01000010_71	265	118	0.002	15.9	67700	68494	SHMX01000010	71	0.47924528301886793	0.5847457627118644	-1
Csa3_1_CAS-I-II-III-IV-V-VI	SHMX01000011_53	271	118	0.00034	18.4	52050	52862	SHMX01000011	53	0.23985239852398524	0.6186440677966102	1
Csa3_1_CAS-I-II-III-IV-V-VI	SHMX01000011_55	95	118	0.00098	16.9	54090	54374	SHMX01000011	55	0.4842105263157895	0.423728813559322	-1
Csa5_0_IA	SHMX01000006_130	1049	107	0.018	12.7	159911	163057	SHMX01000006	130	0.13918017159199236	0.7663551401869159	-1
Csa5gr11_10_CAS-I-A	SHMX01000010_26	135	106	0.016	12.9	31691	32095	SHMX01000010	26	0.32592592592592595	0.41509433962264153	1
Csa5gr11_8_CAS-I-A	SHMX01000003_151	288	109	0.0033	14.8	178896	179759	SHMX01000003	151	0.2534722222222222	0.6605504587155964	-1
Csa5gr11_9_CAS-I-A	SHMX01000004_288	428	115	0.0092	13.1	343190	344473	SHMX01000004	288	0.09813084112149532	0.3652173913043478	-1
Csc1_0_ID	SHMX01000013_7	224	225	9.2e-19	65.1	6343	7014	SHMX01000013	7	0.8392857142857143	0.9155555555555556	-1
Csc1gr5_1_CAS-I-D	SHMX01000013_7	224	210	1.3e-20	71.3	6343	7014	SHMX01000013	7	0.8705357142857143	0.9380952380952381	-1
Csc1gr5_4_CAS-I-D	SHMX01000013_7	224	255	0.00061	16.7	6343	7014	SHMX01000013	7	0.5580357142857143	0.49411764705882355	-1
Csc2_0_ID	SHMX01000013_8	316	282	3.1e-42	142.2	7035	7982	SHMX01000013	8	0.6867088607594937	0.8014184397163121	-1
Csc2gr7_0_CAS-I-D	SHMX01000013_8	316	274	3.9999999999999995e-42	141.9	7035	7982	SHMX01000013	8	0.680379746835443	0.8065693430656934	-1
Csf1_0_IV	SHMX01000001_576	135	227	0.013	12.4	627642	628046	SHMX01000001	576	0.34814814814814815	0.19823788546255505	1
Csf4_0_IVA	SHMX01000001_434	881	666	0.0061	12.5	468682	471324	SHMX01000001	434	0.16004540295119182	0.1966966966966967	-1
Csf4_0_IVA	SHMX01000002_294	649	666	2.9e-07	26.8	269162	271108	SHMX01000002	294	0.5839753466872111	0.5765765765765766	1
Csf4_0_IVA	SHMX01000004_138	657	666	2.7e-13	46.7	143208	145178	SHMX01000004	138	0.2831050228310502	0.2882882882882883	1
Csf4_1_IVA1	SHMX01000002_294	649	802	5.7e-07	25.5	269162	271108	SHMX01000002	294	0.28659476117103233	0.22942643391521197	1
Csf4_3_IVE	SHMX01000004_138	657	648	0.016	11.2	143208	145178	SHMX01000004	138	0.0410958904109589	0.041666666666666664	1
Csm2_1_IIIA	SHMX01000005_177	775	139	0.11	10.2	193264	195588	SHMX01000005	177	0.1832258064516129	0.7553956834532374	-1
Csm2gr11_2_CAS-III-A	SHMX01000005_177	775	142	1.5	6.5	193264	195588	SHMX01000005	177	0.17935483870967742	0.7112676056338029	-1
Csm2gr11_3_CAS-III-D	SHMX01000009_64	433	130	0.0048	14.1	52744	54042	SHMX01000009	64	0.23325635103926096	0.5846153846153846	-1
Csm3_0_IIID	SHMX01000001_43	101	178	0.13	10.7	65669	65971	SHMX01000001	43	0.594059405940594	0.2808988764044944	1
Csm6_2_CAS-III	SHMX01000006_145	532	184	0.015	12.1	176156	177751	SHMX01000006	145	0.09210526315789473	0.28804347826086957	-1
Csn2_0_CAS-II-A	SHMX01000001_401	278	223	0.0019	15.1	424955	425788	SHMX01000001	401	0.2589928057553957	0.3183856502242152	-1
Csn2_10_CAS-II-A	SHMX01000003_241	958	321	0.029	10.9	262793	265666	SHMX01000003	241	0.06263048016701461	0.18691588785046728	-1
Csn2_7_CAS-II-A	SHMX01000002_364	485	372	0.024	11.0	340171	341625	SHMX01000002	364	0.1670103092783505	0.17204301075268819	-1
Csn2_7_CAS-II-A	SHMX01000002_50	226	372	7.9e-05	19.2	41753	42430	SHMX01000002	50	0.22566371681415928	0.13440860215053763	1
Csn2_7_CAS-II-A	SHMX01000004_128	429	372	0.019	11.3	133501	134787	SHMX01000004	128	0.23076923076923078	0.25	-1
Csn2_7_CAS-II-A	SHMX01000010_42	275	372	0.01	12.2	42579	43403	SHMX01000010	42	0.28363636363636363	0.20698924731182797	1
Csn2_8_CAS-II-A	SHMX01000005_159	927	335	0.0086	12.6	171281	174061	SHMX01000005	159	0.10140237324703344	0.29253731343283584	-1
Csx19_1_CAS-III-D	SHMX01000001_153	106	200	0.0016	15.3	181166	181483	SHMX01000001	153	0.42452830188679247	0.21	1
Csx19_8_CAS-III-D	SHMX01000002_433	431	148	0.0055	14.4	418222	419514	SHMX01000002	433	0.16473317865429235	0.4594594594594595	1
Csx19_9_CAS-III-D	SHMX01000001_234	204	136	0.0084	13.4	255691	256302	SHMX01000001	234	0.14215686274509803	0.21323529411764705	1
Csx1_18_CAS-III	SHMX01000005_72	318	376	0.018	12.0	61371	62324	SHMX01000005	72	0.449685534591195	0.30319148936170215	-1
Csx1_1_CAS-III	SHMX01000004_46	190	214	0.012	13.1	53103	53672	SHMX01000004	46	0.6210526315789474	0.514018691588785	-1
Csx1_20_CAS-III	SHMX01000010_71	265	379	0.016	11.4	67700	68494	SHMX01000010	71	0.20754716981132076	0.14775725593667546	-1
Csx1_9_CAS-III	SHMX01000007_80	460	378	2.8e-05	20.6	99467	100846	SHMX01000007	80	0.391304347826087	0.40476190476190477	1
Csx20_0_CAS-I-III	SHMX01000004_189	100	131	0.015	12.9	208505	208804	SHMX01000004	189	0.41	0.32061068702290074	-1
Csx20_2_CAS-I-III	SHMX01000004_189	100	131	0.018	12.4	208505	208804	SHMX01000004	189	0.41	0.32061068702290074	-1
Csx3_2_CAS-I-III	SHMX01000001_292	279	277	0.0016	15.0	324145	324981	SHMX01000001	292	0.1827956989247312	0.18411552346570398	-1
Csx3_2_CAS-I-III	SHMX01000002_364	485	277	0.0081	12.7	340171	341625	SHMX01000002	364	0.11134020618556702	0.10108303249097472	-1
Csx3_2_CAS-I-III	SHMX01000002_372	425	277	0.015	11.8	348678	349952	SHMX01000002	372	0.06352941176470588	0.09747292418772563	1
Csx3_2_CAS-I-III	SHMX01000002_436	194	277	0.027	11.0	421475	422056	SHMX01000002	436	0.13917525773195877	0.09386281588447654	1
Csx3_2_CAS-I-III	SHMX01000002_530	482	277	0.0088	12.6	505388	506833	SHMX01000002	530	0.12448132780082988	0.21660649819494585	-1
Csx3_2_CAS-I-III	SHMX01000003_426	320	277	0.0007	16.2	490687	491646	SHMX01000003	426	0.134375	0.15162454873646208	-1
Csx3_2_CAS-I-III	SHMX01000005_37	252	277	0.0072	12.9	28182	28937	SHMX01000005	37	0.09523809523809523	0.08664259927797834	-1
Csx3_2_CAS-I-III	SHMX01000008_35	200	277	0.013	12.0	37103	37702	SHMX01000008	35	0.245	0.16967509025270758	1
CysH_0_IVB	SHMX01000001_205	263	249	0.00029	18.0	233276	234064	SHMX01000001	205	0.12927756653992395	0.13654618473895583	1
CysH_0_IVB	SHMX01000002_182	649	249	7.4e-18	62.5	161605	163551	SHMX01000002	182	0.29738058551617874	0.751004016064257	-1
CysH_0_IVB	SHMX01000002_526	307	249	5.6e-09	33.4	501528	502448	SHMX01000002	526	0.25732899022801303	0.30522088353413657	1
DEDDh_0_CAS-I-II-III-IV-V-VI	SHMX01000001_373	184	160	9.7e-07	26.5	400549	401100	SHMX01000001	373	0.42391304347826086	0.45625	-1
DEDDh_0_CAS-I-II-III-IV-V-VI	SHMX01000012_56	218	160	0.0099	13.5	44684	45337	SHMX01000012	56	0.24770642201834864	0.33125	-1
HEAT_CxxC_PDDEXK_0_CAS-I-C	SHMX01000002_355	321	288	2.8e-09	33.9	331137	332099	SHMX01000002	355	0.514018691588785	0.2777777777777778	1
HEAT_CxxC_PDDEXK_0_CAS-I-C	SHMX01000003_295	700	288	0.0025	14.4	330152	332251	SHMX01000003	295	0.30714285714285716	0.3611111111111111	-1
HEAT_CxxC_PDDEXK_0_CAS-I-C	SHMX01000004_160	784	288	0.0015	15.1	175037	177388	SHMX01000004	160	0.08035714285714286	0.1597222222222222	1
HEAT_CxxC_PDDEXK_0_CAS-I-C	SHMX01000006_128	1083	288	2.8e-05	20.8	155857	159105	SHMX01000006	128	0.2530009233610342	0.3090277777777778	1
Mem_04_0_CAS-III-D	SHMX01000008_46	499	241	1.5	5.7	51442	52938	SHMX01000008	46	0.16032064128256512	0.2697095435684647	1
Mem_DnaJ_0_CAS-III-AM	SHMX01000004_45	354	284	3.1e-07	27.4	52051	53112	SHMX01000004	45	0.1553672316384181	0.2112676056338028	1
NYN_0_CAS-III-B	SHMX01000005_92	188	320	3.9e-08	30.2	85550	86113	SHMX01000005	92	0.4627659574468085	0.2625	-1
NYN_0_CAS-III-B	SHMX01000007_58	670	320	0.021	11.4	68952	70961	SHMX01000007	58	0.08358208955223881	0.175	-1
NYN_0_CAS-III-B	SHMX01000012_47	446	320	0.0039	13.8	35363	36700	SHMX01000012	47	0.18385650224215247	0.246875	-1
PD_DExK_0_CAS-I-B	SHMX01000008_8	195	231	0.011	12.5	5316	5900	SHMX01000008	8	0.15384615384615385	0.1341991341991342	-1
PrimPol_1_CAS-I-II-III-IV-V-VI	SHMX01000004_239	206	130	0.019	12.5	277433	278050	SHMX01000004	239	0.3592233009708738	0.49230769230769234	1
RecD_0_IVD	SHMX01000002_140	304	763	0.0012	14.4	122682	123593	SHMX01000002	140	0.3026315789473684	0.11795543905635648	1
RecD_0_IVD	SHMX01000002_364	485	763	0.0051	12.3	340171	341625	SHMX01000002	364	0.15876288659793814	0.061598951507208385	-1
RecD_0_IVD	SHMX01000007_52	559	763	0.012	11.1	52670	54346	SHMX01000007	52	0.0626118067978533	0.045871559633027525	1
RecD_0_IVD	SHMX01000012_13	197	763	0.0054	12.2	9038	9628	SHMX01000012	13	0.5888324873096447	0.16120576671035386	-1
TPR_0_CAS-III-A	SHMX01000003_234	204	435	0.017	11.5	253180	253791	SHMX01000003	234	0.6470588235294118	0.3103448275862069	1
TPR_0_CAS-III-A	SHMX01000011_27	743	435	5.9e-09	32.8	24201	26429	SHMX01000011	27	0.2597577388963661	0.18620689655172415	1
TPR_0_CAS-III-B	SHMX01000001_202	945	488	7.3e-13	45.4	227081	229915	SHMX01000001	202	0.3111111111111111	0.46311475409836067	1
TPR_0_CAS-III-B	SHMX01000001_302	285	488	3.3e-18	63.1	336564	337418	SHMX01000001	302	0.6631578947368421	0.39344262295081966	-1
TPR_0_CAS-III-B	SHMX01000001_480	381	488	0.00013	18.2	515745	516887	SHMX01000001	480	0.6377952755905512	0.4077868852459016	-1
TPR_0_CAS-III-B	SHMX01000001_509	651	488	7.5e-05	19.0	553077	555029	SHMX01000001	509	0.3195084485407066	0.3401639344262295	1
TPR_0_CAS-III-B	SHMX01000002_36	740	488	0.00011	18.5	30568	32787	SHMX01000002	36	0.20540540540540542	0.24180327868852458	-1
TPR_0_CAS-III-B	SHMX01000002_61	297	488	0.0015	14.7	50790	51680	SHMX01000002	61	0.45791245791245794	0.2930327868852459	-1
TPR_0_CAS-III-B	SHMX01000003_29	614	488	2.3e-05	20.7	31930	33771	SHMX01000003	29	0.43159609120521175	0.3770491803278688	1
TPR_0_CAS-III-B	SHMX01000003_384	212	488	0.00017	17.9	441036	441671	SHMX01000003	384	0.3867924528301887	0.19262295081967212	1
TPR_0_CAS-III-B	SHMX01000003_411	650	488	4.3e-15	52.8	473697	475646	SHMX01000003	411	0.44461538461538463	0.39549180327868855	1
TPR_0_CAS-III-B	SHMX01000004_27	670	488	0.0007	15.8	25514	27523	SHMX01000004	27	0.27611940298507465	0.3831967213114754	-1
TPR_0_CAS-III-B	SHMX01000005_72	318	488	0.0067	12.6	61371	62324	SHMX01000005	72	0.29559748427672955	0.2069672131147541	-1
TPR_0_CAS-III-B	SHMX01000007_48	220	488	6.2e-06	22.6	47363	48022	SHMX01000007	48	0.6181818181818182	0.2786885245901639	-1
TPR_0_CAS-III-B	SHMX01000007_80	460	488	7.5e-12	42.1	99467	100846	SHMX01000007	80	0.5043478260869565	0.4180327868852459	1
TPR_0_CAS-III-B	SHMX01000015_6	809	488	3.9e-06	23.3	3857	6283	SHMX01000015	6	0.20642768850432633	0.3524590163934426	-1
TPR_1_CAS-III-A	SHMX01000002_25	183	462	0.008	12.3	22190	22738	SHMX01000002	25	0.6721311475409836	0.3268398268398268	1
TPR_1_CAS-III-A	SHMX01000004_279	303	462	0.00042	16.5	333124	334032	SHMX01000004	279	0.33663366336633666	0.1645021645021645	-1
TPR_1_CAS-III-A	SHMX01000005_72	318	462	0.00099	15.3	61371	62324	SHMX01000005	72	0.3113207547169811	0.170995670995671	-1
TPR_1_CAS-III-A	SHMX01000011_27	743	462	1e-05	21.8	24201	26429	SHMX01000011	27	0.2395693135935397	0.17532467532467533	1
TPR_1_CAS-III-B	SHMX01000001_202	945	537	0.04	10.0	227081	229915	SHMX01000001	202	0.164021164021164	0.3761638733705773	1
TPR_1_CAS-III-B	SHMX01000001_302	285	537	2.4e-06	23.9	336564	337418	SHMX01000001	302	0.6385964912280702	0.19925512104283055	-1
TPR_1_CAS-III-B	SHMX01000003_222	387	537	9e-07	25.4	244568	245728	SHMX01000003	222	0.6537467700258398	0.4171322160148976	-1
TPR_1_CAS-III-B	SHMX01000003_411	650	537	1.1e-07	28.4	473697	475646	SHMX01000003	411	0.32461538461538464	0.3761638733705773	1
TPR_1_CAS-III-B	SHMX01000004_27	670	537	9.2e-06	22.0	25514	27523	SHMX01000004	27	0.29402985074626864	0.3054003724394786	-1
TPR_1_CAS-III-B	SHMX01000005_72	318	537	6.6e-07	25.8	61371	62324	SHMX01000005	72	0.789308176100629	0.3854748603351955	-1
TPR_1_CAS-III-B	SHMX01000007_80	460	537	3.7e-08	29.9	99467	100846	SHMX01000007	80	0.47608695652173916	0.3463687150837989	1
TniQ_1_I-F	SHMX01000003_349	133	400	0.0075	12.7	405069	405467	SHMX01000003	349	0.2781954887218045	0.0925	1
TniQ_1_I-F	SHMX01000005_199	357	400	0.019	11.4	216438	217508	SHMX01000005	199	0.3165266106442577	0.175	-1
TnpB_0_Competitive	SHMX01000001_270	713	400	3.3e-06	23.7	300701	302839	SHMX01000001	270	0.18373071528751753	0.305	-1
TnpB_0_Competitive	SHMX01000002_259	459	400	1.5e-102	340.9	235563	236939	SHMX01000002	259	0.8583877995642701	0.975	1
TnpB_0_Competitive	SHMX01000005_1	186	400	0.00098	15.5	1	558	SHMX01000005	1	0.6021505376344086	0.2575	1
TnpB_1_Competitive	SHMX01000001_270	713	409	3.8e-06	23.3	300701	302839	SHMX01000001	270	0.1935483870967742	0.30073349633251834	-1
TnpB_1_Competitive	SHMX01000002_259	459	409	1.7e-112	373.5	235563	236939	SHMX01000002	259	0.8801742919389978	0.9706601466992665	1
TnpB_1_Competitive	SHMX01000002_494	609	409	3.6e-11	39.8	478458	480284	SHMX01000002	494	0.34318555008210183	0.4400977995110024	1
TnpB_1_Competitive	SHMX01000005_1	186	409	3.6e-09	33.3	1	558	SHMX01000005	1	0.543010752688172	0.23471882640586797	1
Unk_03_0_CAS-III-B	SHMX01000004_34	391	186	0.15	9.5	38457	39629	SHMX01000004	34	0.3248081841432225	0.5645161290322581	1
WYL_0_CAS-I-II-III-IV-V-VI	SHMX01000002_105	156	313	0.012	12.5	97954	98421	SHMX01000002	105	0.4230769230769231	0.1597444089456869	-1
htpX_0_CAS-III-B	SHMX01000008_40	447	343	6.9e-06	22.8	42135	43475	SHMX01000008	40	0.18120805369127516	0.24489795918367346	1
