Contig	Start	End	Strand	Pos
JASGVX010000001	330	1061	1	1
JASGVX010000001	1474	2835	1	2
JASGVX010000001	3203	3757	-1	3
JASGVX010000001	3750	5393	-1	4
JASGVX010000001	5835	6455	-1	5
JASGVX010000001	6546	6995	-1	6
JASGVX010000001	7277	8311	-1	7
JASGVX010000001	9012	9869	1	8
JASGVX010000001	9948	10685	1	9
JASGVX010000001	10959	12122	1	10
JASGVX010000001	12491	13717	1	11
JASGVX010000001	13714	14079	1	12
JASGVX010000001	14138	14716	1	13
JASGVX010000001	14749	14934	1	14
JASGVX010000001	14936	15523	1	15
JASGVX010000001	15504	15797	1	16
JASGVX010000001	15832	15981	1	17
JASGVX010000001	16400	16702	1	18
JASGVX010000002	2	106	-1	1
JASGVX010000002	773	2074	1	2
JASGVX010000002	2305	3078	1	3
JASGVX010000002	3812	3997	-1	4
JASGVX010000002	4016	6508	-1	5
JASGVX010000002	7230	8303	1	6
JASGVX010000002	8303	9439	1	7
JASGVX010000002	9910	10599	-1	8
JASGVX010000002	10922	11758	1	9
JASGVX010000002	11880	12554	1	10
JASGVX010000002	12567	12686	-1	11
JASGVX010000002	13402	14139	-1	12
JASGVX010000002	14760	16037	-1	13
JASGVX010000002	17119	17388	-1	14
JASGVX010000002	17469	17639	-1	15
JASGVX010000002	17832	18509	-1	16
JASGVX010000002	18585	19691	-1	17
JASGVX010000002	19646	20602	-1	18
JASGVX010000002	21108	21554	1	19
JASGVX010000002	21707	22297	1	20
JASGVX010000002	22647	24509	1	21
JASGVX010000002	24613	25767	1	22
JASGVX010000002	26251	27597	1	23
JASGVX010000002	27951	29297	1	24
JASGVX010000002	29183	29455	-1	25
JASGVX010000002	29536	30969	1	26
JASGVX010000002	31171	32601	1	27
JASGVX010000002	32723	33946	-1	28
JASGVX010000002	33943	34071	-1	29
JASGVX010000002	34581	34691	-1	30
JASGVX010000002	34654	36171	-1	31
JASGVX010000002	36244	36465	-1	32
JASGVX010000002	37538	38164	-1	33
JASGVX010000002	38259	39413	-1	34
JASGVX010000002	39470	40534	-1	35
JASGVX010000002	40531	41808	-1	36
JASGVX010000002	41805	41966	-1	37
JASGVX010000002	43736	44458	1	38
JASGVX010000003	164	583	-1	1
JASGVX010000003	1080	1502	1	2
JASGVX010000003	1938	4865	1	3
JASGVX010000003	5263	5721	-1	4
JASGVX010000003	6096	6821	-1	5
JASGVX010000003	7347	8129	1	6
JASGVX010000003	8379	9260	1	7
JASGVX010000003	10322	11653	1	8
JASGVX010000003	11755	12297	-1	9
JASGVX010000003	12710	13555	1	10
JASGVX010000003	13650	14792	1	11
JASGVX010000003	14950	15678	1	12
JASGVX010000003	15675	16517	1	13
JASGVX010000003	16514	17935	1	14
JASGVX010000003	18006	19538	1	15
JASGVX010000003	20209	21330	1	16
JASGVX010000003	21346	22416	1	17
JASGVX010000003	22413	23291	1	18
JASGVX010000003	23459	24127	-1	19
JASGVX010000003	24175	24447	1	20
JASGVX010000003	24315	25493	-1	21
JASGVX010000003	25771	26394	-1	22
JASGVX010000003	27625	27885	-1	23
JASGVX010000003	27986	28108	-1	24
JASGVX010000003	28218	29156	-1	25
JASGVX010000003	29158	32358	-1	26
JASGVX010000003	32631	32978	1	27
JASGVX010000003	33281	36022	-1	28
JASGVX010000003	36845	37036	1	29
JASGVX010000003	37321	39144	-1	30
JASGVX010000003	39131	40615	-1	31
JASGVX010000003	40882	41532	1	32
JASGVX010000003	42111	44609	-1	33
JASGVX010000003	44840	45043	1	34
JASGVX010000003	45531	46583	1	35
JASGVX010000003	46988	47473	1	36
JASGVX010000003	48008	48931	1	37
JASGVX010000003	48973	49923	-1	38
JASGVX010000003	50081	50272	-1	39
JASGVX010000003	50885	51478	-1	40
JASGVX010000003	51823	53061	1	41
JASGVX010000003	53290	53889	1	42
JASGVX010000003	54135	54593	-1	43
JASGVX010000003	55499	55870	1	44
JASGVX010000003	56583	57326	-1	45
JASGVX010000003	57883	58536	-1	46
JASGVX010000003	58975	59562	-1	47
JASGVX010000003	60593	61240	-1	48
JASGVX010000003	61736	61873	1	49
JASGVX010000003	61925	62584	-1	50
JASGVX010000003	63353	63850	-1	51
JASGVX010000003	64276	64878	1	52
JASGVX010000003	64976	66988	-1	53
JASGVX010000003	67050	68603	-1	54
JASGVX010000003	68633	71641	-1	55
JASGVX010000003	72227	73207	-1	56
JASGVX010000003	73431	74132	1	57
JASGVX010000003	74666	76243	-1	58
JASGVX010000003	76570	78759	-1	59
JASGVX010000003	79498	81627	-1	60
JASGVX010000003	81779	84727	-1	61
JASGVX010000003	84714	85895	-1	62
JASGVX010000003	86657	89515	-1	63
JASGVX010000003	90497	90787	-1	64
JASGVX010000003	91209	91658	1	65
JASGVX010000003	92177	93622	-1	66
JASGVX010000003	95007	95789	-1	67
JASGVX010000003	96712	97380	1	68
JASGVX010000003	97374	97805	1	69
JASGVX010000003	98234	98812	1	70
JASGVX010000003	98853	99830	-1	71
JASGVX010000003	99844	100200	-1	72
JASGVX010000003	100520	100969	-1	73
JASGVX010000003	101326	102630	-1	74
JASGVX010000003	103019	104023	-1	75
JASGVX010000003	104251	104604	-1	76
JASGVX010000003	105076	106161	1	77
JASGVX010000003	106158	106475	-1	78
JASGVX010000003	106690	106968	1	79
JASGVX010000003	107086	107715	-1	80
JASGVX010000003	107712	108743	-1	81
JASGVX010000003	108730	109869	-1	82
JASGVX010000004	819	2576	1	1
JASGVX010000004	2671	2961	-1	2
JASGVX010000004	2951	3643	-1	3
JASGVX010000004	3872	5047	1	4
JASGVX010000004	5691	6965	-1	5
JASGVX010000004	7148	7579	-1	6
JASGVX010000004	7585	7764	-1	7
JASGVX010000004	7816	8475	-1	8
JASGVX010000004	8506	8775	-1	9
JASGVX010000004	9215	9817	-1	10
JASGVX010000004	9823	10179	-1	11
JASGVX010000004	10275	10724	-1	12
JASGVX010000004	11015	12376	-1	13
JASGVX010000004	13016	13750	1	14
JASGVX010000004	13897	16002	1	15
JASGVX010000004	16150	16440	1	16
JASGVX010000004	16580	17203	1	17
JASGVX010000004	17234	18196	1	18
JASGVX010000004	18346	19050	-1	19
JASGVX010000004	18998	19972	-1	20
JASGVX010000004	20088	21569	-1	21
JASGVX010000004	21592	23313	-1	22
JASGVX010000004	23775	24755	-1	23
JASGVX010000004	25093	25305	1	24
JASGVX010000004	25384	25650	-1	25
JASGVX010000004	25923	26435	-1	26
JASGVX010000004	26602	27606	-1	27
JASGVX010000004	27822	28346	-1	28
JASGVX010000004	28796	29671	1	29
JASGVX010000004	29753	30121	1	30
JASGVX010000004	30242	30598	1	31
JASGVX010000004	31048	32685	1	32
JASGVX010000004	33307	33852	1	33
JASGVX010000004	33845	35245	1	34
JASGVX010000004	35369	36127	-1	35
JASGVX010000004	36344	37084	-1	36
JASGVX010000004	37292	38041	-1	37
JASGVX010000004	38435	38776	1	38
JASGVX010000004	38878	39135	1	39
JASGVX010000004	39156	39332	1	40
JASGVX010000004	39470	39823	1	41
JASGVX010000004	39802	40020	1	42
JASGVX010000004	40059	41012	1	43
JASGVX010000004	41187	42359	1	44
JASGVX010000004	42817	44748	1	45
JASGVX010000004	44856	45008	1	46
JASGVX010000004	45076	45945	-1	47
JASGVX010000004	45991	46782	-1	48
JASGVX010000004	47039	47569	-1	49
JASGVX010000004	47694	48251	-1	50
JASGVX010000004	48425	48811	1	51
JASGVX010000004	49128	51467	1	52
JASGVX010000004	52546	52962	1	53
JASGVX010000004	53093	54067	1	54
JASGVX010000004	54101	55066	1	55
JASGVX010000004	55063	56073	1	56
JASGVX010000004	56074	56757	1	57
JASGVX010000004	56902	57420	-1	58
JASGVX010000004	57892	58584	1	59
JASGVX010000004	58581	59204	1	60
JASGVX010000004	59239	59634	1	61
JASGVX010000004	60245	65356	1	62
JASGVX010000004	65645	66268	-1	63
JASGVX010000004	67582	71925	1	64
JASGVX010000005	2	229	-1	1
JASGVX010000005	480	896	1	2
JASGVX010000005	1579	2139	1	3
JASGVX010000006	2	553	-1	1
JASGVX010000006	1116	2249	1	2
JASGVX010000006	2976	4427	1	3
JASGVX010000006	4738	6429	1	4
JASGVX010000006	6429	6914	1	5
JASGVX010000006	7215	8222	1	6
JASGVX010000006	8485	9027	1	7
JASGVX010000006	9606	10031	-1	8
JASGVX010000006	11754	11957	-1	9
JASGVX010000006	12095	12382	-1	10
JASGVX010000006	12530	12769	-1	11
JASGVX010000006	13017	13850	-1	12
JASGVX010000006	13990	14169	-1	13
JASGVX010000006	14872	15525	1	14
JASGVX010000006	15884	16798	1	15
JASGVX010000006	17622	18809	1	16
JASGVX010000006	19045	19839	-1	17
JASGVX010000007	699	1397	-1	1
JASGVX010000007	1483	1734	-1	2
JASGVX010000007	2144	2245	-1	3
JASGVX010000007	2565	4025	1	4
JASGVX010000007	4265	4930	1	5
JASGVX010000007	5183	5758	-1	6
JASGVX010000007	6140	6880	-1	7
JASGVX010000007	7568	7900	1	8
JASGVX010000007	7939	8340	1	9
JASGVX010000007	8965	10470	-1	10
JASGVX010000007	10522	11448	1	11
JASGVX010000007	12186	13001	1	12
JASGVX010000007	13057	14754	-1	13
JASGVX010000007	15377	16294	-1	14
JASGVX010000007	16291	17031	-1	15
JASGVX010000007	18251	18553	1	16
JASGVX010000008	308	1960	1	1
JASGVX010000008	2628	6275	1	2
JASGVX010000009	2	157	1	1
JASGVX010000009	419	1312	-1	2
JASGVX010000009	1410	1889	-1	3
JASGVX010000009	2082	2423	-1	4
JASGVX010000009	3716	3862	-1	5
JASGVX010000010	2	118	1	1
JASGVX010000010	715	1701	1	2
JASGVX010000010	1815	2003	1	3
JASGVX010000010	2067	2588	1	4
JASGVX010000010	2693	2812	1	5
JASGVX010000011	144	3584	-1	1
JASGVX010000011	3581	4798	-1	2
JASGVX010000011	4795	6333	-1	3
JASGVX010000011	7275	8144	-1	4
JASGVX010000011	8141	9196	-1	5
JASGVX010000011	9193	9432	-1	6
JASGVX010000011	9454	10557	-1	7
JASGVX010000011	10873	11961	-1	8
JASGVX010000011	12406	12663	-1	9
JASGVX010000012	3	671	1	1
JASGVX010000012	975	2540	1	2
JASGVX010000012	2551	2688	-1	3
JASGVX010000012	2832	4409	1	4
JASGVX010000013	2	91	1	1
JASGVX010000013	60	272	1	2
JASGVX010000013	531	692	1	3
JASGVX010000013	917	1606	1	4
JASGVX010000013	1603	3852	1	5
JASGVX010000013	4007	4528	1	6
JASGVX010000013	4562	5059	1	7
JASGVX010000013	6137	6421	1	8
JASGVX010000014	182	1612	1	1
JASGVX010000014	1640	2641	1	2
JASGVX010000014	2798	3172	-1	3
JASGVX010000014	3169	3627	-1	4
JASGVX010000014	4149	5534	1	5
JASGVX010000014	5793	6116	1	6
JASGVX010000014	6470	6877	-1	7
JASGVX010000014	8195	9100	1	8
JASGVX010000014	9091	9273	1	9
JASGVX010000014	10008	11819	1	10
JASGVX010000014	12083	13744	-1	11
JASGVX010000014	14563	15069	-1	12
JASGVX010000014	15500	15880	-1	13
JASGVX010000015	1	963	1	1
JASGVX010000015	958	1701	-1	2
JASGVX010000015	1708	1857	-1	3
JASGVX010000015	3036	4829	-1	4
JASGVX010000016	61	312	-1	1
JASGVX010000016	976	1986	1	2
JASGVX010000016	3088	4200	-1	3
JASGVX010000016	4259	4897	-1	4
JASGVX010000016	5201	5644	-1	5
JASGVX010000016	5728	6087	-1	6
JASGVX010000016	6093	6734	-1	7
JASGVX010000016	7790	8143	1	8
JASGVX010000017	288	548	-1	1
JASGVX010000017	789	3485	1	2
JASGVX010000017	3601	5652	1	3
JASGVX010000017	5856	5948	-1	4
JASGVX010000018	465	1169	1	1
JASGVX010000018	1186	1434	-1	2
JASGVX010000018	1846	2697	1	3
JASGVX010000018	3013	3654	1	4
JASGVX010000018	3772	5400	-1	5
JASGVX010000018	5586	5942	1	6
JASGVX010000018	6272	6817	1	7
JASGVX010000018	6895	6999	-1	8
JASGVX010000018	7158	8075	-1	9
JASGVX010000018	8320	8811	1	10
JASGVX010000018	9303	10769	-1	11
JASGVX010000018	11885	14275	-1	12
JASGVX010000019	243	1073	1	1
JASGVX010000019	1573	2448	-1	2
JASGVX010000019	2922	3938	1	3
JASGVX010000019	3974	4777	-1	4
JASGVX010000019	5371	5853	1	5
JASGVX010000019	6023	6439	-1	6
JASGVX010000019	6646	7752	-1	7
JASGVX010000019	7798	8040	1	8
JASGVX010000019	8364	8975	1	9
JASGVX010000019	9665	10030	-1	10
JASGVX010000019	10002	13091	-1	11
JASGVX010000020	2	145	-1	1
JASGVX010000020	330	905	-1	2
JASGVX010000020	1376	2182	1	3
JASGVX010000020	2176	2391	-1	4
JASGVX010000020	3004	3306	1	5
JASGVX010000020	4073	5089	1	6
JASGVX010000020	5524	6480	-1	7
JASGVX010000021	46	153	-1	1
JASGVX010000021	500	1258	1	2
JASGVX010000021	1261	1539	1	3
JASGVX010000021	1914	3401	1	4
JASGVX010000021	4220	4972	-1	5
JASGVX010000021	4965	5888	-1	6
JASGVX010000021	5888	6757	-1	7
JASGVX010000021	6897	7901	-1	8
JASGVX010000021	7898	8743	-1	9
JASGVX010000021	8796	10409	-1	10
JASGVX010000021	10917	11207	-1	11
JASGVX010000021	11363	11425	1	12
JASGVX010000022	3	131	-1	1
JASGVX010000022	295	579	1	2
JASGVX010000022	582	2849	1	3
JASGVX010000022	2843	4129	1	4
JASGVX010000022	4172	4345	1	5
JASGVX010000022	4442	5152	-1	6
JASGVX010000022	5143	6075	-1	7
JASGVX010000022	7073	8695	1	8
JASGVX010000022	8702	9697	1	9
JASGVX010000022	9702	10565	1	10
JASGVX010000022	11251	12963	-1	11
JASGVX010000022	12974	13720	-1	12
JASGVX010000022	13722	14339	-1	13
JASGVX010000022	14346	14855	-1	14
JASGVX010000022	14880	16184	-1	15
JASGVX010000022	16604	17839	1	16
JASGVX010000022	18211	21663	-1	17
JASGVX010000022	21696	21941	-1	18
JASGVX010000022	22050	23144	-1	19
JASGVX010000022	23246	24532	-1	20
JASGVX010000022	24908	25861	-1	21
JASGVX010000023	3	185	-1	1
JASGVX010000023	286	1536	1	2
JASGVX010000023	1502	2212	1	3
JASGVX010000023	2602	2880	1	4
JASGVX010000023	2887	3090	1	5
JASGVX010000023	3172	3978	1	6
JASGVX010000023	4041	4919	1	7
JASGVX010000023	5025	6452	1	8
JASGVX010000023	6822	7313	1	9
JASGVX010000023	7384	7623	-1	10
JASGVX010000023	7629	8291	-1	11
JASGVX010000023	8925	9740	1	12
JASGVX010000023	9877	10158	-1	13
JASGVX010000023	10270	10476	-1	14
JASGVX010000023	10513	10689	-1	15
JASGVX010000023	11459	12652	1	16
JASGVX010000023	13117	14190	-1	17
JASGVX010000023	14607	14729	-1	18
JASGVX010000023	15321	15656	1	19
JASGVX010000024	498	893	1	1
JASGVX010000024	2429	2677	-1	2
JASGVX010000024	2823	3296	-1	3
JASGVX010000024	3300	3437	-1	4
JASGVX010000024	3467	3751	-1	5
JASGVX010000024	3915	4706	-1	6
JASGVX010000024	4699	6237	-1	7
JASGVX010000024	6314	7096	-1	8
JASGVX010000024	7108	7800	-1	9
JASGVX010000024	7879	8628	-1	10
JASGVX010000025	311	1024	-1	1
JASGVX010000025	1265	2569	1	2
JASGVX010000025	2566	3102	1	3
JASGVX010000025	3051	3314	1	4
JASGVX010000025	3583	4065	-1	5
JASGVX010000025	4544	4873	1	6
JASGVX010000025	5616	5840	1	7
JASGVX010000026	532	2502	-1	1
JASGVX010000026	2707	2982	-1	2
JASGVX010000026	3482	4192	1	3
JASGVX010000026	4334	5209	-1	4
JASGVX010000026	5181	5903	-1	5
JASGVX010000026	6419	6868	1	6
JASGVX010000026	7009	7143	1	7
JASGVX010000027	3	1151	1	1
JASGVX010000027	1390	1755	-1	2
JASGVX010000027	2580	4694	1	3
JASGVX010000028	543	680	-1	1
JASGVX010000028	910	1698	1	2
JASGVX010000028	2599	6630	1	3
JASGVX010000028	6787	7491	1	4
JASGVX010000028	8906	12796	1	5
JASGVX010000028	13645	15483	1	6
JASGVX010000029	3	131	-1	1
JASGVX010000029	202	1356	-1	2
JASGVX010000029	1462	2712	-1	3
JASGVX010000029	3314	3787	-1	4
JASGVX010000029	3967	4176	1	5
JASGVX010000029	4752	5537	1	6
JASGVX010000029	5837	6526	1	7
JASGVX010000029	6720	6830	1	8
JASGVX010000029	7099	7308	-1	9
JASGVX010000029	7446	7850	-1	10
JASGVX010000029	8001	8204	1	11
JASGVX010000029	8378	8500	-1	12
JASGVX010000029	8800	8955	1	13
JASGVX010000029	8924	9916	-1	14
JASGVX010000029	10112	10327	1	15
JASGVX010000029	10459	10623	1	16
JASGVX010000029	10665	10976	1	17
JASGVX010000029	11955	12533	-1	18
JASGVX010000029	12702	14672	-1	19
JASGVX010000029	15800	16375	1	20
JASGVX010000029	16461	18104	1	21
JASGVX010000029	18416	19516	-1	22
JASGVX010000029	19497	20684	-1	23
JASGVX010000029	21261	22181	-1	24
JASGVX010000029	22799	23824	-1	25
JASGVX010000029	23965	25659	-1	26
JASGVX010000029	25656	26561	-1	27
JASGVX010000029	26956	27417	1	28
JASGVX010000029	27554	28318	-1	29
JASGVX010000029	28764	29165	1	30
JASGVX010000029	29267	29728	-1	31
JASGVX010000029	29932	31167	-1	32
JASGVX010000030	521	760	-1	1
JASGVX010000030	1361	2674	1	2
JASGVX010000030	2902	3804	1	3
JASGVX010000030	4123	4884	1	4
JASGVX010000030	4917	5570	1	5
JASGVX010000030	6152	7450	1	6
JASGVX010000030	7675	9000	1	7
JASGVX010000030	9413	9559	-1	8
JASGVX010000031	3	110	1	1
JASGVX010000031	320	1237	-1	2
JASGVX010000031	1368	1919	-1	3
JASGVX010000031	2114	3277	-1	4
JASGVX010000031	3274	4278	-1	5
JASGVX010000031	4271	7798	-1	6
JASGVX010000031	7865	8821	-1	7
JASGVX010000031	9591	9833	-1	8
JASGVX010000031	10012	11991	-1	9
JASGVX010000031	12041	12706	-1	10
JASGVX010000032	692	1831	1	1
JASGVX010000032	1890	2297	-1	2
JASGVX010000032	2727	4841	-1	3
JASGVX010000032	5120	5635	1	4
JASGVX010000032	5902	6048	1	5
JASGVX010000032	6147	6419	1	6
JASGVX010000033	3	65	-1	1
JASGVX010000033	143	376	1	2
JASGVX010000033	750	1277	1	3
JASGVX010000033	1274	1930	1	4
JASGVX010000033	2481	3524	-1	5
JASGVX010000033	3755	4042	-1	6
JASGVX010000033	4084	4884	-1	7
JASGVX010000033	4988	5785	-1	8
JASGVX010000033	6095	7276	-1	9
JASGVX010000033	7493	8146	-1	10
JASGVX010000033	8780	9976	-1	11
JASGVX010000033	10440	11309	1	12
JASGVX010000033	11400	12137	1	13
JASGVX010000033	12391	12966	1	14
JASGVX010000033	13177	13902	-1	15
JASGVX010000033	14094	15014	-1	16
JASGVX010000033	15047	15973	-1	17
JASGVX010000033	16010	17080	-1	18
JASGVX010000033	17376	17834	1	19
JASGVX010000033	18465	18950	-1	20
JASGVX010000033	19034	19195	-1	21
JASGVX010000034	3	158	1	1
JASGVX010000034	843	1736	1	2
JASGVX010000034	1842	3383	-1	3
JASGVX010000034	4199	5173	1	4
JASGVX010000034	5500	7773	1	5
JASGVX010000034	8219	8380	1	6
JASGVX010000034	8705	9835	1	7
JASGVX010000034	10177	12081	1	8
JASGVX010000034	12578	14776	1	9
JASGVX010000034	15341	16336	1	10
JASGVX010000034	16625	16921	-1	11
JASGVX010000034	16932	18707	-1	12
JASGVX010000034	18813	19676	1	13
JASGVX010000034	19751	21016	-1	14
JASGVX010000034	21509	23290	1	15
JASGVX010000034	23259	24245	1	16
JASGVX010000034	24279	24962	1	17
JASGVX010000034	25389	25553	-1	18
JASGVX010000034	25864	26481	1	19
JASGVX010000034	26996	28675	1	20
JASGVX010000034	28943	30124	-1	21
JASGVX010000034	30673	32007	-1	22
JASGVX010000034	32610	34802	-1	23
JASGVX010000034	35277	35369	-1	24
JASGVX010000034	35717	35926	1	25
JASGVX010000034	36105	36623	-1	26
JASGVX010000034	37546	38859	1	27
JASGVX010000034	38849	42709	1	28
JASGVX010000034	43234	43890	1	29
JASGVX010000034	44054	44257	1	30
JASGVX010000034	44480	44809	-1	31
JASGVX010000035	363	1397	1	1
JASGVX010000035	1776	2951	1	2
JASGVX010000035	3254	4360	1	3
JASGVX010000035	6187	7077	-1	4
JASGVX010000035	7074	8285	-1	5
JASGVX010000035	8285	8545	-1	6
JASGVX010000035	8542	9090	-1	7
JASGVX010000035	10127	11614	-1	8
JASGVX010000035	11615	13042	-1	9
JASGVX010000035	13055	13336	-1	10
JASGVX010000035	13402	13566	-1	11
JASGVX010000035	13738	14973	-1	12
JASGVX010000035	15524	17014	1	13
JASGVX010000035	17011	17997	1	14
JASGVX010000035	18335	18877	1	15
JASGVX010000035	18895	19737	1	16
JASGVX010000035	19722	20333	1	17
JASGVX010000035	20403	21086	1	18
JASGVX010000035	21089	22051	1	19
JASGVX010000035	22048	22554	1	20
JASGVX010000035	22815	23282	-1	21
JASGVX010000035	24203	24826	-1	22
JASGVX010000036	114	1163	1	1
JASGVX010000036	1439	1531	-1	2
JASGVX010000036	1870	2613	1	3
JASGVX010000037	965	1219	-1	1
JASGVX010000037	1809	2354	1	2
JASGVX010000037	3189	4355	1	3
JASGVX010000037	4481	5146	1	4
JASGVX010000037	5191	5886	1	5
JASGVX010000037	6136	6294	1	6
JASGVX010000037	6320	7681	-1	7
JASGVX010000037	7708	7986	-1	8
JASGVX010000037	8158	8667	-1	9
JASGVX010000037	8933	9340	-1	10
JASGVX010000037	9995	10402	1	11
JASGVX010000037	11233	12546	-1	12
JASGVX010000037	12796	15735	-1	13
JASGVX010000037	15905	15997	-1	14
JASGVX010000037	16021	21549	-1	15
JASGVX010000037	22180	23073	-1	16
JASGVX010000037	23381	24142	-1	17
JASGVX010000037	24698	25474	1	18
JASGVX010000037	25655	26005	1	19
JASGVX010000037	26298	26606	1	20
JASGVX010000037	26815	27327	1	21
JASGVX010000037	27397	28455	-1	22
JASGVX010000037	28678	28926	1	23
JASGVX010000037	28928	29182	1	24
JASGVX010000037	29175	31172	1	25
JASGVX010000037	31186	31626	1	26
JASGVX010000037	31674	31985	1	27
JASGVX010000037	32320	32703	1	28
JASGVX010000037	33001	37953	1	29
JASGVX010000037	41248	41691	1	30
JASGVX010000037	41809	43002	-1	31
JASGVX010000037	43181	43879	-1	32
JASGVX010000037	43867	44895	-1	33
JASGVX010000037	44892	45791	-1	34
JASGVX010000037	45775	46716	-1	35
JASGVX010000037	46797	48371	-1	36
JASGVX010000037	49203	49388	-1	37
JASGVX010000037	49629	49775	-1	38
JASGVX010000037	49889	50653	-1	39
JASGVX010000037	50953	52575	1	40
JASGVX010000037	53500	54243	-1	41
JASGVX010000037	54265	54729	-1	42
JASGVX010000037	54775	55545	-1	43
JASGVX010000037	55532	56551	-1	44
JASGVX010000037	56493	57572	-1	45
JASGVX010000037	57736	57924	1	46
JASGVX010000037	58486	59595	-1	47
JASGVX010000038	1047	3908	-1	1
JASGVX010000038	4072	6918	-1	2
JASGVX010000038	6983	7381	-1	3
JASGVX010000038	7562	7663	-1	4
JASGVX010000038	8012	8497	1	5
JASGVX010000038	8787	9095	1	6
JASGVX010000038	9342	9524	1	7
JASGVX010000038	9618	10646	1	8
JASGVX010000038	10807	11997	-1	9
JASGVX010000038	12057	12851	-1	10
JASGVX010000038	13050	13751	1	11
JASGVX010000038	13931	15097	1	12
JASGVX010000038	15261	16376	1	13
JASGVX010000038	16369	17121	1	14
JASGVX010000038	17161	18084	-1	15
JASGVX010000038	18182	18997	-1	16
JASGVX010000038	19623	19751	-1	17
JASGVX010000038	20094	20327	1	18
JASGVX010000038	20482	21018	1	19
JASGVX010000038	21009	21398	1	20
JASGVX010000038	22374	24170	-1	21
JASGVX010000038	24185	25159	-1	22
JASGVX010000039	226	1269	-1	1
JASGVX010000039	1744	2622	-1	2
JASGVX010000039	2797	3411	-1	3
JASGVX010000039	3414	4640	-1	4
JASGVX010000039	5867	6730	-1	5
JASGVX010000039	6750	7988	-1	6
JASGVX010000039	8735	9343	-1	7
JASGVX010000039	9467	10453	-1	8
JASGVX010000039	10605	11891	1	9
JASGVX010000039	11976	12743	-1	10
JASGVX010000039	13378	15750	1	11
JASGVX010000039	15897	16151	1	12
JASGVX010000039	16501	17964	-1	13
JASGVX010000039	18244	19533	-1	14
JASGVX010000039	20160	20759	1	15
JASGVX010000039	20752	21342	1	16
JASGVX010000039	21329	22630	1	17
JASGVX010000039	22970	24154	-1	18
JASGVX010000039	24348	27569	-1	19
JASGVX010000039	27569	28696	-1	20
JASGVX010000039	29021	29938	1	21
JASGVX010000039	30028	30546	1	22
JASGVX010000039	30709	30906	-1	23
JASGVX010000040	678	1205	-1	1
JASGVX010000040	1472	4870	-1	2
JASGVX010000040	5925	6959	-1	3
JASGVX010000041	3	143	1	1
JASGVX010000041	320	976	1	2
JASGVX010000041	1624	2019	-1	3
JASGVX010000041	2057	2281	-1	4
JASGVX010000041	2644	3177	-1	5
JASGVX010000041	3232	4755	-1	6
JASGVX010000041	5284	6720	-1	7
JASGVX010000041	6723	7778	-1	8
JASGVX010000041	7801	8049	-1	9
JASGVX010000041	8366	10039	-1	10
JASGVX010000041	10220	10774	-1	11
JASGVX010000041	11206	11346	-1	12
JASGVX010000042	379	1296	-1	1
JASGVX010000042	3020	5857	1	2
JASGVX010000043	573	812	1	1
JASGVX010000043	900	2816	1	2
JASGVX010000043	2816	3685	1	3
JASGVX010000043	3699	4169	1	4
JASGVX010000043	4162	4512	1	5
JASGVX010000043	4535	5611	1	6
JASGVX010000043	5629	6018	1	7
JASGVX010000043	6439	6870	1	8
JASGVX010000043	7550	10324	1	9
JASGVX010000043	10498	11139	1	10
JASGVX010000044	1	123	1	1
JASGVX010000044	360	1853	-1	2
JASGVX010000044	1850	4231	-1	3
JASGVX010000044	4343	4606	-1	4
JASGVX010000044	5432	5713	1	5
JASGVX010000044	6376	6840	1	6
JASGVX010000044	6850	8094	1	7
JASGVX010000044	8094	8492	1	8
JASGVX010000044	8607	8894	1	9
JASGVX010000044	9538	10158	-1	10
JASGVX010000044	10148	11125	-1	11
JASGVX010000044	11261	12118	-1	12
JASGVX010000044	12115	13107	-1	13
JASGVX010000044	13323	15068	-1	14
JASGVX010000045	3	413	1	1
JASGVX010000045	451	618	1	2
JASGVX010000045	619	720	1	3
JASGVX010000045	727	1941	1	4
JASGVX010000045	2240	3715	1	5
JASGVX010000045	3872	5350	1	6
JASGVX010000045	6392	6604	-1	7
JASGVX010000045	7240	8019	1	8
JASGVX010000045	8021	9250	1	9
JASGVX010000045	9353	9988	1	10
JASGVX010000045	9981	10601	1	11
JASGVX010000045	10778	11899	1	12
JASGVX010000045	12144	13064	1	13
JASGVX010000045	15149	15832	1	14
JASGVX010000045	15896	16222	-1	15
JASGVX010000045	16919	17317	1	16
JASGVX010000045	17340	18899	1	17
JASGVX010000045	19348	20460	1	18
JASGVX010000045	20574	21371	1	19
JASGVX010000045	21470	22969	1	20
JASGVX010000045	23054	24106	1	21
JASGVX010000045	24320	24715	1	22
JASGVX010000045	24937	26004	1	23
JASGVX010000045	26337	27011	1	24
JASGVX010000045	27419	28549	-1	25
JASGVX010000045	29385	30383	1	26
JASGVX010000045	30917	33526	1	27
JASGVX010000045	33591	34217	-1	28
JASGVX010000045	34253	35005	-1	29
JASGVX010000045	35002	35802	-1	30
JASGVX010000045	36538	37422	1	31
JASGVX010000045	37494	38120	1	32
JASGVX010000045	38181	38843	1	33
JASGVX010000045	39151	39780	-1	34
JASGVX010000045	40394	43675	-1	35
JASGVX010000045	43662	43862	-1	36
JASGVX010000045	43859	45061	-1	37
JASGVX010000045	45040	45432	-1	38
JASGVX010000045	45594	46670	-1	39
JASGVX010000045	46660	47718	-1	40
JASGVX010000046	608	1006	-1	1
JASGVX010000046	1492	2856	-1	2
JASGVX010000046	2909	3040	1	3
JASGVX010000047	2	268	-1	1
JASGVX010000047	776	1732	1	2
JASGVX010000047	1737	2402	1	3
JASGVX010000048	2	97	-1	1
JASGVX010000048	642	2012	1	2
JASGVX010000048	2017	2496	1	3
JASGVX010000048	2483	3364	1	4
JASGVX010000048	3357	4232	1	5
JASGVX010000048	4845	6098	1	6
JASGVX010000048	6195	6743	-1	7
JASGVX010000048	7119	7307	-1	8
JASGVX010000048	8464	8871	1	9
JASGVX010000049	537	2162	1	1
JASGVX010000049	2172	4160	1	2
JASGVX010000049	4759	5121	-1	3
JASGVX010000049	5153	7132	-1	4
JASGVX010000049	7150	8436	1	5
JASGVX010000049	8716	9036	1	6
JASGVX010000049	9186	9548	1	7
JASGVX010000049	10189	10464	-1	8
JASGVX010000049	12023	12169	1	9
JASGVX010000049	12316	12474	1	10
JASGVX010000049	12464	12673	1	11
JASGVX010000049	12843	14138	-1	12
JASGVX010000049	14125	14466	-1	13
JASGVX010000049	14614	14949	-1	14
JASGVX010000049	15473	15742	-1	15
JASGVX010000049	15736	16035	-1	16
JASGVX010000049	16303	16632	-1	17
JASGVX010000049	16719	16883	-1	18
JASGVX010000049	16910	18082	-1	19
JASGVX010000049	18084	18941	-1	20
JASGVX010000049	19518	19652	-1	21
JASGVX010000050	136	942	-1	1
JASGVX010000050	1470	2591	1	2
JASGVX010000050	3629	4861	1	3
JASGVX010000050	5634	6575	1	4
JASGVX010000050	6578	7426	1	5
JASGVX010000050	7426	8658	1	6
JASGVX010000050	8601	9863	1	7
JASGVX010000050	10736	12163	1	8
JASGVX010000050	12738	13022	-1	9
JASGVX010000051	3	653	1	1
JASGVX010000051	750	1169	1	2
JASGVX010000051	1535	1870	1	3
JASGVX010000051	2248	3453	-1	4
JASGVX010000052	3	176	1	1
JASGVX010000052	443	880	-1	2
JASGVX010000052	871	1098	-1	3
JASGVX010000052	1104	1535	-1	4
JASGVX010000052	1553	1702	-1	5
JASGVX010000052	1927	2358	-1	6
JASGVX010000052	2966	3211	1	7
JASGVX010000052	3793	4083	1	8
JASGVX010000052	4314	4763	1	9
JASGVX010000052	5007	5996	1	10
JASGVX010000052	6128	6892	1	11
JASGVX010000052	6939	7763	1	12
JASGVX010000053	418	1398	-1	1
JASGVX010000053	1626	2921	-1	2
JASGVX010000053	3054	3707	-1	3
JASGVX010000053	4197	5060	-1	4
JASGVX010000054	1	330	1	1
JASGVX010000054	477	1553	-1	2
JASGVX010000054	1808	2410	1	3
JASGVX010000055	1	123	1	1
JASGVX010000055	781	1182	-1	2
JASGVX010000055	1688	1975	-1	3
JASGVX010000055	2111	2932	-1	4
JASGVX010000055	3126	3590	-1	5
JASGVX010000055	3902	4633	-1	6
JASGVX010000055	4575	5210	-1	7
JASGVX010000055	5418	5636	-1	8
JASGVX010000055	5658	6344	1	9
JASGVX010000055	6341	7084	1	10
JASGVX010000055	8669	10276	1	11
JASGVX010000055	10593	11618	1	12
JASGVX010000055	12001	12255	-1	13
JASGVX010000056	974	3229	-1	1
JASGVX010000056	3508	3978	-1	2
JASGVX010000056	4177	4698	-1	3
JASGVX010000056	4879	5133	-1	4
JASGVX010000056	5499	7421	1	5
JASGVX010000056	7715	8002	-1	6
JASGVX010000056	8289	8534	-1	7
JASGVX010000056	8645	9253	1	8
JASGVX010000056	9466	10794	1	9
JASGVX010000056	10925	12280	-1	10
JASGVX010000056	12291	13073	-1	11
JASGVX010000056	13664	15808	1	12
JASGVX010000056	16073	16864	-1	13
JASGVX010000056	16861	17736	-1	14
JASGVX010000056	17796	17990	-1	15
JASGVX010000056	18322	18663	-1	16
JASGVX010000056	18995	19789	-1	17
JASGVX010000056	20103	20909	-1	18
JASGVX010000056	20982	21869	-1	19
JASGVX010000056	22488	23384	1	20
JASGVX010000056	23536	26388	-1	21
JASGVX010000056	26472	27581	-1	22
JASGVX010000056	28171	28437	-1	23
JASGVX010000056	28953	30170	-1	24
JASGVX010000056	30691	31578	-1	25
JASGVX010000056	32629	33600	1	26
JASGVX010000056	33837	34805	1	27
JASGVX010000056	35008	36081	1	28
JASGVX010000056	36134	37075	1	29
JASGVX010000056	37077	38075	1	30
JASGVX010000056	38087	39268	1	31
JASGVX010000056	39271	39852	1	32
JASGVX010000056	39849	40976	1	33
JASGVX010000056	40990	42159	1	34
JASGVX010000056	42165	43781	1	35
JASGVX010000056	43913	45340	1	36
JASGVX010000056	45668	47113	1	37
JASGVX010000056	47317	47559	1	38
JASGVX010000057	1	1986	1	1
JASGVX010000057	2680	4113	1	2
JASGVX010000057	4321	4647	-1	3
JASGVX010000057	4888	5859	-1	4
JASGVX010000057	6268	6552	1	5
JASGVX010000057	6780	7679	1	6
JASGVX010000057	8024	9064	-1	7
JASGVX010000057	9257	9571	-1	8
JASGVX010000057	9885	11726	-1	9
JASGVX010000057	12725	13966	-1	10
JASGVX010000057	15689	16117	-1	11
JASGVX010000057	16933	18141	-1	12
JASGVX010000057	18555	18656	-1	13
JASGVX010000057	18920	20116	1	14
JASGVX010000057	20505	21470	1	15
JASGVX010000057	21929	22396	1	16
JASGVX010000057	22776	23933	1	17
JASGVX010000057	24134	24895	1	18
JASGVX010000057	25004	25768	-1	19
JASGVX010000058	681	1658	-1	1
JASGVX010000058	2045	2554	1	2
JASGVX010000058	2643	3245	-1	3
JASGVX010000058	3242	5044	-1	4
JASGVX010000058	5496	5639	1	5
JASGVX010000058	6287	7279	-1	6
JASGVX010000058	7345	7905	-1	7
JASGVX010000058	7986	8858	-1	8
JASGVX010000058	8950	9456	-1	9
JASGVX010000058	9623	12148	-1	10
JASGVX010000058	13173	13994	-1	11
JASGVX010000058	14475	15275	1	12
JASGVX010000058	15936	16940	1	13
JASGVX010000058	17703	18866	1	14
JASGVX010000058	19501	22278	1	15
JASGVX010000058	22420	23409	-1	16
JASGVX010000058	23686	24813	-1	17
JASGVX010000058	24909	25397	-1	18
JASGVX010000058	26492	27541	1	19
JASGVX010000058	27553	28101	1	20
JASGVX010000058	28107	28565	1	21
JASGVX010000058	28606	29337	1	22
JASGVX010000058	29471	30811	1	23
JASGVX010000058	30929	31903	1	24
JASGVX010000058	32231	33505	1	25
JASGVX010000058	33584	34537	1	26
JASGVX010000058	34576	35481	1	27
JASGVX010000058	35481	36260	1	28
JASGVX010000058	36338	37072	1	29
JASGVX010000058	37072	37377	1	30
JASGVX010000058	37618	39333	1	31
JASGVX010000058	39568	40671	-1	32
JASGVX010000058	41397	42758	1	33
JASGVX010000058	42751	43620	1	34
JASGVX010000058	43763	45343	1	35
JASGVX010000058	45517	46032	1	36
JASGVX010000058	46304	47101	-1	37
JASGVX010000058	48275	48637	1	38
JASGVX010000058	49343	49453	-1	39
JASGVX010000058	49966	50205	1	40
JASGVX010000058	50264	52354	-1	41
JASGVX010000058	52638	52793	-1	42
JASGVX010000058	53686	53787	1	43
JASGVX010000058	53744	53914	1	44
JASGVX010000058	54231	55265	-1	45
JASGVX010000059	418	825	1	1
JASGVX010000059	1031	2170	1	2
JASGVX010000059	2568	2972	1	3
JASGVX010000059	3061	3336	1	4
JASGVX010000059	5834	6529	1	5
JASGVX010000059	6526	7254	1	6
JASGVX010000059	7244	7600	1	7
JASGVX010000059	7932	9188	-1	8
JASGVX010000059	9658	9813	-1	9
JASGVX010000059	9841	10026	-1	10
JASGVX010000059	10161	10352	-1	11
JASGVX010000059	10511	11515	-1	12
JASGVX010000059	12042	12356	-1	13
JASGVX010000059	12399	13445	-1	14
JASGVX010000059	13446	14087	-1	15
JASGVX010000059	14322	14807	-1	16
JASGVX010000059	14924	15382	-1	17
JASGVX010000059	15379	15594	-1	18
JASGVX010000059	16010	17128	-1	19
JASGVX010000059	17614	18204	-1	20
JASGVX010000059	18339	19634	-1	21
JASGVX010000059	19692	20177	1	22
JASGVX010000059	20481	21323	-1	23
JASGVX010000059	21907	22113	1	24
JASGVX010000059	22229	23776	-1	25
JASGVX010000059	24906	25508	1	26
JASGVX010000060	436	1185	-1	1
JASGVX010000060	1233	2852	-1	2
JASGVX010000060	3284	3952	-1	3
JASGVX010000060	4874	5146	-1	4
JASGVX010000060	5390	6004	1	5
JASGVX010000060	6085	8475	-1	6
JASGVX010000060	8648	10480	-1	7
JASGVX010000060	10612	10704	1	8
JASGVX010000060	11035	11658	-1	9
JASGVX010000061	202	1560	1	1
JASGVX010000061	2947	4143	1	2
JASGVX010000061	4307	5314	-1	3
JASGVX010000061	5422	6636	-1	4
JASGVX010000061	6679	7605	-1	5
JASGVX010000061	7586	8635	-1	6
JASGVX010000061	8628	9623	-1	7
JASGVX010000061	10301	10591	-1	8
JASGVX010000061	10823	12106	1	9
JASGVX010000061	12205	13125	-1	10
JASGVX010000061	13880	15139	1	11
JASGVX010000061	15221	17023	1	12
JASGVX010000061	17198	18046	1	13
JASGVX010000061	18284	18883	-1	14
JASGVX010000061	19546	21198	1	15
JASGVX010000061	21229	22875	1	16
JASGVX010000061	22932	23354	1	17
JASGVX010000061	23850	24290	-1	18
JASGVX010000061	24582	25400	-1	19
JASGVX010000061	25544	26974	-1	20
JASGVX010000061	27254	27565	-1	21
JASGVX010000061	27590	28657	-1	22
JASGVX010000061	28780	29424	-1	23
JASGVX010000061	30385	30966	1	24
JASGVX010000061	31766	32035	-1	25
JASGVX010000061	32044	32400	-1	26
JASGVX010000061	32733	32927	1	27
JASGVX010000061	32924	34129	1	28
JASGVX010000061	34186	34857	1	29
JASGVX010000062	2	184	1	1
JASGVX010000062	531	821	1	2
JASGVX010000062	910	1719	1	3
JASGVX010000062	2052	2699	1	4
JASGVX010000062	2867	3583	-1	5
JASGVX010000062	3583	3753	-1	6
JASGVX010000062	4168	5016	-1	7
JASGVX010000062	5003	6517	-1	8
JASGVX010000062	6706	8181	-1	9
JASGVX010000062	8430	9617	-1	10
JASGVX010000062	9635	10099	-1	11
JASGVX010000062	10173	11186	-1	12
JASGVX010000062	11261	11425	1	13
JASGVX010000062	11357	11518	-1	14
JASGVX010000062	12014	12436	1	15
JASGVX010000062	13021	14106	1	16
JASGVX010000062	14544	16442	1	17
JASGVX010000062	17010	17102	-1	18
JASGVX010000062	17882	18898	-1	19
JASGVX010000062	18933	19091	-1	20
JASGVX010000062	19204	19746	-1	21
JASGVX010000062	19747	20367	-1	22
JASGVX010000062	20624	20791	-1	23
JASGVX010000062	21694	24081	-1	24
JASGVX010000062	24196	24615	-1	25
JASGVX010000062	24773	28495	1	26
JASGVX010000063	3	299	1	1
JASGVX010000063	405	677	-1	2
JASGVX010000063	844	1566	-1	3
JASGVX010000063	1905	2609	1	4
JASGVX010000063	2717	3256	1	5
JASGVX010000063	3988	4494	1	6
JASGVX010000063	4660	5274	1	7
JASGVX010000063	5757	7577	1	8
JASGVX010000063	7574	10786	1	9
JASGVX010000063	10855	11691	-1	10
JASGVX010000063	12198	12929	-1	11
JASGVX010000063	13316	14167	-1	12
JASGVX010000063	14265	14741	-1	13
JASGVX010000063	15127	16629	-1	14
JASGVX010000063	17452	18003	-1	15
JASGVX010000063	18252	20249	-1	16
JASGVX010000063	20463	22385	-1	17
JASGVX010000063	22740	23153	-1	18
JASGVX010000063	23380	24819	-1	19
JASGVX010000063	25337	25477	-1	20
JASGVX010000063	25474	26982	-1	21
JASGVX010000063	27142	29244	-1	22
JASGVX010000063	29376	31688	1	23
JASGVX010000063	31790	35464	-1	24
JASGVX010000063	35584	36156	-1	25
JASGVX010000063	36660	36926	-1	26
JASGVX010000063	37010	37969	-1	27
JASGVX010000063	37960	39312	-1	28
JASGVX010000063	39789	40022	-1	29
JASGVX010000063	40389	40787	1	30
JASGVX010000063	41556	43541	-1	31
JASGVX010000063	43856	44869	-1	32
JASGVX010000063	44894	45790	-1	33
JASGVX010000063	47224	48207	1	34
JASGVX010000063	48493	48852	-1	35
JASGVX010000064	519	962	1	1
JASGVX010000064	1002	1607	-1	2
JASGVX010000064	1685	2377	-1	3
JASGVX010000064	3060	3953	1	4
JASGVX010000064	4023	5090	-1	5
JASGVX010000064	6045	6821	1	6
JASGVX010000065	121	1077	-1	1
JASGVX010000065	2114	2974	-1	2
JASGVX010000065	3146	3649	-1	3
JASGVX010000065	4038	5768	1	4
JASGVX010000065	5765	7387	1	5
JASGVX010000065	7967	9826	1	6
JASGVX010000065	9823	10485	1	7
JASGVX010000065	10478	11785	1	8
JASGVX010000065	12503	13639	1	9
JASGVX010000065	13704	14480	1	10
JASGVX010000065	14891	17371	1	11
JASGVX010000065	17562	17960	1	12
JASGVX010000065	18184	18381	1	13
JASGVX010000066	545	1540	-1	1
JASGVX010000066	3145	3318	-1	2
JASGVX010000066	3429	3677	1	3
JASGVX010000066	4393	5610	1	4
JASGVX010000066	5896	8796	1	5
JASGVX010000066	9306	10181	-1	6
JASGVX010000066	10234	10884	-1	7
JASGVX010000067	3	128	-1	1
JASGVX010000067	490	1827	1	2
JASGVX010000067	1955	2194	1	3
JASGVX010000067	2309	4528	-1	4
JASGVX010000067	5027	5149	-1	5
JASGVX010000068	3	110	1	1
JASGVX010000068	118	264	1	2
JASGVX010000068	350	3172	1	3
JASGVX010000068	3576	4643	1	4
JASGVX010000068	4986	6254	1	5
JASGVX010000068	6265	7467	1	6
JASGVX010000068	7436	7876	1	7
JASGVX010000068	8122	9240	1	8
JASGVX010000068	9350	10474	1	9
JASGVX010000068	11420	12058	1	10
JASGVX010000068	12647	13993	-1	11
JASGVX010000068	14146	15150	1	12
JASGVX010000068	15250	15711	1	13
JASGVX010000068	15774	16310	1	14
JASGVX010000068	16743	16901	1	15
JASGVX010000068	16944	18125	1	16
JASGVX010000069	433	2130	-1	1
JASGVX010000069	2521	4551	-1	2
JASGVX010000069	5063	5326	1	3
JASGVX010000069	5299	5544	1	4
JASGVX010000069	5867	6937	-1	5
JASGVX010000070	733	2307	1	1
JASGVX010000070	2311	6213	1	2
JASGVX010000070	6267	7088	1	3
JASGVX010000070	7085	7264	1	4
JASGVX010000070	7266	8039	1	5
JASGVX010000070	8160	9104	1	6
JASGVX010000070	9216	10070	1	7
JASGVX010000070	10067	11008	1	8
JASGVX010000070	11001	11963	1	9
JASGVX010000070	12006	14057	-1	10
JASGVX010000070	14078	15019	-1	11
JASGVX010000070	15383	15976	1	12
JASGVX010000070	16016	16264	1	13
JASGVX010000070	16318	16590	1	14
JASGVX010000070	16595	18301	1	15
JASGVX010000070	18312	22130	1	16
JASGVX010000070	22143	23717	1	17
JASGVX010000070	23772	25517	1	18
JASGVX010000070	25514	26407	1	19
JASGVX010000070	26404	27171	1	20
JASGVX010000070	27171	27896	1	21
JASGVX010000070	28026	28916	-1	22
JASGVX010000070	29947	31236	-1	23
JASGVX010000070	33093	34223	1	24
JASGVX010000070	34502	34849	1	25
JASGVX010000070	34964	36196	1	26
JASGVX010000070	36381	37697	1	27
JASGVX010000070	38166	38543	-1	28
JASGVX010000070	38525	38770	-1	29
JASGVX010000070	39826	41067	1	30
JASGVX010000070	41687	42658	1	31
JASGVX010000070	42693	43130	1	32
JASGVX010000070	43279	44808	1	33
JASGVX010000070	44959	45219	-1	34
JASGVX010000070	45806	47011	1	35
JASGVX010000070	47444	48187	-1	36
JASGVX010000070	48393	49091	1	37
JASGVX010000070	49273	51366	-1	38
JASGVX010000070	52169	52693	1	39
JASGVX010000070	52974	54878	-1	40
JASGVX010000070	55903	57258	-1	41
JASGVX010000070	57340	57471	-1	42
JASGVX010000071	490	1800	-1	1
JASGVX010000071	1802	3142	-1	2
JASGVX010000071	3145	5214	-1	3
JASGVX010000071	5669	6433	1	4
JASGVX010000072	691	1929	1	1
JASGVX010000072	2127	2651	-1	2
JASGVX010000072	3022	4215	1	3
JASGVX010000072	4544	5545	-1	4
JASGVX010000072	5571	5738	-1	5
JASGVX010000072	6272	7291	-1	6
JASGVX010000072	8139	9239	1	7
JASGVX010000072	9426	9962	-1	8
JASGVX010000072	10951	11202	1	9
JASGVX010000072	11295	13679	1	10
JASGVX010000072	13722	13886	1	11
JASGVX010000072	13947	14495	1	12
JASGVX010000072	15317	16336	1	13
JASGVX010000072	16521	19982	1	14
JASGVX010000072	20099	20620	-1	15
JASGVX010000072	21002	22015	1	16
JASGVX010000072	22154	22942	1	17
JASGVX010000072	22918	23709	1	18
JASGVX010000072	23753	24181	-1	19
JASGVX010000072	24518	24724	-1	20
JASGVX010000072	24784	24990	-1	21
JASGVX010000072	25051	25257	-1	22
JASGVX010000072	26048	29089	-1	23
JASGVX010000073	273	1481	1	1
JASGVX010000073	1605	2273	1	2
JASGVX010000073	3797	5575	-1	3
JASGVX010000073	5789	6460	-1	4
JASGVX010000073	7044	9698	-1	5
JASGVX010000073	9878	10882	-1	6
JASGVX010000073	11268	11510	-1	7
JASGVX010000073	12465	13295	-1	8
JASGVX010000073	14187	15515	1	9
JASGVX010000073	15548	16003	-1	10
JASGVX010000073	16161	18464	-1	11
JASGVX010000074	1232	1753	-1	1
JASGVX010000074	2078	3226	1	2
JASGVX010000074	4453	4998	1	3
JASGVX010000074	5023	6024	1	4
JASGVX010000074	6070	6510	1	5
JASGVX010000074	6543	7196	1	6
JASGVX010000074	7679	7924	-1	7
JASGVX010000074	8550	8894	-1	8
JASGVX010000074	8931	9269	-1	9
JASGVX010000074	9626	10285	-1	10
JASGVX010000074	10471	10827	1	11
JASGVX010000074	12288	12572	1	12
JASGVX010000074	13220	14497	-1	13
JASGVX010000074	14694	16169	-1	14
JASGVX010000074	16813	16989	1	15
JASGVX010000074	17173	17370	1	16
JASGVX010000074	17440	20310	1	17
JASGVX010000074	20453	20641	1	18
JASGVX010000075	141	281	1	1
JASGVX010000075	962	1345	1	2
JASGVX010000075	1335	1550	1	3
JASGVX010000075	2016	2195	1	4
JASGVX010000075	2371	3246	-1	5
JASGVX010000075	3324	3710	-1	6
JASGVX010000075	4156	5874	-1	7
JASGVX010000075	6142	6867	-1	8
JASGVX010000075	7233	7724	-1	9
JASGVX010000075	7863	8798	-1	10
JASGVX010000075	8800	9399	-1	11
JASGVX010000075	9407	10654	-1	12
JASGVX010000075	10651	11154	-1	13
JASGVX010000075	11160	11603	-1	14
JASGVX010000075	11755	13335	-1	15
JASGVX010000075	13377	14990	-1	16
JASGVX010000075	15326	16126	-1	17
JASGVX010000075	16245	17138	-1	18
JASGVX010000075	17663	17998	1	19
JASGVX010000075	18727	19008	1	20
JASGVX010000075	19245	19739	1	21
JASGVX010000075	19768	20916	1	22
JASGVX010000075	21352	21480	-1	23
JASGVX010000076	1	186	1	1
JASGVX010000076	206	418	-1	2
JASGVX010000076	415	543	-1	3
JASGVX010000076	1235	1528	1	4
JASGVX010000076	1686	2012	1	5
JASGVX010000076	2648	3964	1	6
JASGVX010000076	4065	4187	-1	7
JASGVX010000077	3	230	1	1
JASGVX010000077	369	545	1	2
JASGVX010000077	807	2072	1	3
JASGVX010000077	2256	3146	-1	4
JASGVX010000077	3540	4985	1	5
JASGVX010000077	5733	7142	-1	6
JASGVX010000077	7161	8006	-1	7
JASGVX010000077	8756	9049	-1	8
JASGVX010000077	9758	9991	1	9
JASGVX010000077	10392	10754	-1	10
JASGVX010000077	11300	12124	1	11
JASGVX010000077	12894	14621	1	12
JASGVX010000077	14797	15339	-1	13
JASGVX010000077	15355	15648	-1	14
JASGVX010000077	15828	16064	-1	15
JASGVX010000078	452	1090	1	1
JASGVX010000078	1464	1970	-1	2
JASGVX010000078	2501	5140	-1	3
JASGVX010000078	5683	5850	1	4
JASGVX010000079	2	403	-1	1
JASGVX010000079	417	1796	-1	2
JASGVX010000079	1913	5368	-1	3
JASGVX010000079	5383	6564	-1	4
JASGVX010000079	6561	7574	-1	5
JASGVX010000079	7567	8343	-1	6
JASGVX010000079	8344	8844	-1	7
JASGVX010000079	8841	11318	-1	8
JASGVX010000079	12372	12872	1	9
JASGVX010000080	3	215	1	1
JASGVX010000080	968	1195	1	2
JASGVX010000080	2193	4622	-1	3
JASGVX010000080	5444	11761	-1	4
JASGVX010000080	12231	12380	-1	5
JASGVX010000080	13432	18963	1	6
JASGVX010000081	1	381	1	1
JASGVX010000081	700	1137	1	2
JASGVX010000081	1312	1692	1	3
JASGVX010000081	1689	2333	1	4
JASGVX010000081	2715	4157	1	5
JASGVX010000082	2	484	-1	1
JASGVX010000082	903	1646	1	2
JASGVX010000082	1628	2851	1	3
JASGVX010000082	3313	3588	1	4
JASGVX010000082	3638	4522	1	5
JASGVX010000082	5185	6816	1	6
JASGVX010000082	6974	7201	1	7
JASGVX010000082	9401	9790	-1	8
JASGVX010000082	9795	10544	-1	9
JASGVX010000082	11029	11616	1	10
JASGVX010000082	11862	13334	1	11
JASGVX010000082	13553	14587	1	12
JASGVX010000082	14605	15762	1	13
JASGVX010000082	15820	16959	1	14
JASGVX010000082	17260	18117	-1	15
JASGVX010000082	18121	18864	-1	16
JASGVX010000082	19286	20116	1	17
JASGVX010000082	21038	21718	1	18
JASGVX010000082	21741	23507	-1	19
JASGVX010000082	24387	25493	1	20
JASGVX010000082	25494	26543	1	21
JASGVX010000082	26559	27674	1	22
JASGVX010000082	27667	28422	1	23
JASGVX010000083	3	95	-1	1
JASGVX010000083	92	307	-1	2
JASGVX010000083	414	842	-1	3
JASGVX010000083	1004	1492	-1	4
JASGVX010000083	1621	2172	-1	5
JASGVX010000083	2177	2659	-1	6
JASGVX010000083	2858	3508	-1	7
JASGVX010000083	3597	3827	-1	8
JASGVX010000083	3806	3988	-1	9
JASGVX010000083	4336	5772	-1	10
JASGVX010000083	5976	6131	-1	11
JASGVX010000084	767	1564	-1	1
JASGVX010000084	1637	2017	-1	2
JASGVX010000084	2020	2679	-1	3
JASGVX010000084	2703	3161	-1	4
JASGVX010000084	4255	4572	1	5
JASGVX010000084	5122	5328	1	6
JASGVX010000084	5647	6486	1	7
JASGVX010000084	6750	7010	-1	8
JASGVX010000085	1528	2541	1	1
JASGVX010000085	2548	3309	1	2
JASGVX010000085	3306	3554	1	3
JASGVX010000085	3565	4281	1	4
JASGVX010000085	4297	4707	1	5
JASGVX010000085	4719	5174	1	6
JASGVX010000085	5176	6087	1	7
JASGVX010000085	6087	6290	1	8
JASGVX010000085	6280	6612	1	9
JASGVX010000085	6617	6946	1	10
JASGVX010000085	6943	7341	1	11
JASGVX010000085	7352	7702	1	12
JASGVX010000085	7716	8423	1	13
JASGVX010000085	8416	8925	1	14
JASGVX010000085	8926	9078	1	15
JASGVX010000085	9089	9481	1	16
JASGVX010000085	9496	10026	1	17
JASGVX010000085	10038	10472	1	18
JASGVX010000085	10474	10926	1	19
JASGVX010000085	10943	11467	1	20
JASGVX010000085	11477	12106	1	21
JASGVX010000085	12108	12569	1	22
JASGVX010000085	12580	13002	1	23
JASGVX010000085	13144	14616	1	24
JASGVX010000085	14715	15362	1	25
JASGVX010000085	16621	16992	1	26
JASGVX010000086	3	446	1	1
JASGVX010000086	457	3024	1	2
JASGVX010000086	3390	4214	1	3
JASGVX010000087	386	700	-1	1
JASGVX010000087	794	2089	-1	2
JASGVX010000087	2255	3064	-1	3
JASGVX010000087	3871	6861	1	4
JASGVX010000087	8104	14475	1	5
JASGVX010000088	81	881	1	1
JASGVX010000088	1401	2666	1	2
JASGVX010000088	2667	3236	1	3
JASGVX010000088	3660	3881	1	4
JASGVX010000088	4022	4570	-1	5
JASGVX010000088	4772	5560	-1	6
JASGVX010000088	5560	6081	-1	7
JASGVX010000088	6151	7182	-1	8
JASGVX010000089	1067	2008	1	1
JASGVX010000089	2114	3976	-1	2
JASGVX010000089	4490	4603	1	3
JASGVX010000089	5224	6732	1	4
JASGVX010000089	7019	7933	-1	5
JASGVX010000089	7926	8864	-1	6
JASGVX010000089	8866	9705	-1	7
JASGVX010000089	9689	10384	-1	8
JASGVX010000089	10468	10638	-1	9
JASGVX010000089	10670	11362	-1	10
JASGVX010000089	11374	12951	-1	11
JASGVX010000089	13150	14724	-1	12
JASGVX010000089	15464	16180	1	13
JASGVX010000089	16600	18174	1	14
JASGVX010000089	18358	19461	1	15
JASGVX010000089	19708	20400	1	16
JASGVX010000089	20629	21459	1	17
JASGVX010000089	21555	22685	-1	18
JASGVX010000089	23494	23703	-1	19
JASGVX010000089	24315	25628	1	20
JASGVX010000089	26202	26723	-1	21
JASGVX010000089	27027	27944	1	22
JASGVX010000089	28015	28104	-1	23
JASGVX010000089	28519	28752	-1	24
JASGVX010000089	28816	37827	-1	25
JASGVX010000089	37821	39161	-1	26
JASGVX010000089	39234	39878	-1	27
JASGVX010000089	39879	40196	-1	28
JASGVX010000089	40202	42187	-1	29
JASGVX010000089	42308	42703	-1	30
JASGVX010000089	43693	44001	-1	31
JASGVX010000089	44040	45308	-1	32
JASGVX010000089	45633	47825	-1	33
JASGVX010000089	47897	48466	-1	34
JASGVX010000089	48463	48891	-1	35
JASGVX010000089	48990	49415	-1	36
JASGVX010000089	49433	49732	-1	37
JASGVX010000089	49986	51191	-1	38
JASGVX010000089	51191	53833	-1	39
JASGVX010000089	53847	55661	-1	40
JASGVX010000089	55676	57271	-1	41
JASGVX010000089	57678	57914	-1	42
JASGVX010000089	58652	61702	-1	43
JASGVX010000089	61897	62049	-1	44
JASGVX010000089	62064	62156	-1	45
JASGVX010000089	62158	62433	-1	46
JASGVX010000089	63247	63423	1	47
JASGVX010000089	63479	64741	1	48
JASGVX010000089	64871	65425	-1	49
JASGVX010000089	67572	68660	1	50
JASGVX010000089	69179	69703	1	51
JASGVX010000089	69998	70477	1	52
JASGVX010000089	70532	71566	-1	53
JASGVX010000089	71573	72316	-1	54
JASGVX010000089	72319	73830	-1	55
JASGVX010000089	73830	74879	-1	56
JASGVX010000089	75475	75621	-1	57
JASGVX010000089	75858	76481	1	58
JASGVX010000089	76611	77954	-1	59
JASGVX010000089	79148	80335	-1	60
JASGVX010000089	81087	81389	1	61
JASGVX010000089	81865	82062	-1	62
JASGVX010000089	82498	82611	-1	63
JASGVX010000089	82636	82803	-1	64
JASGVX010000090	171	1397	-1	1
JASGVX010000090	1394	1759	-1	2
JASGVX010000090	1968	2276	-1	3
JASGVX010000090	2816	3055	1	4
JASGVX010000090	3888	6032	1	5
JASGVX010000090	6454	7590	1	6
JASGVX010000090	7587	8783	1	7
JASGVX010000090	8830	9636	1	8
JASGVX010000090	9633	11609	1	9
JASGVX010000090	11843	13105	-1	10
JASGVX010000090	13130	14389	-1	11
JASGVX010000090	14742	16868	1	12
JASGVX010000090	17568	18896	1	13
JASGVX010000090	19179	20906	-1	14
JASGVX010000090	20903	22714	-1	15
JASGVX010000090	22743	23537	-1	16
JASGVX010000090	23531	24640	-1	17
JASGVX010000090	25145	25264	-1	18
JASGVX010000091	3	314	-1	1
JASGVX010000091	271	654	-1	2
JASGVX010000091	687	992	-1	3
JASGVX010000091	1362	2282	-1	4
JASGVX010000091	2600	3481	1	5
JASGVX010000091	3478	3765	1	6
JASGVX010000091	3787	4182	1	7
JASGVX010000091	4511	5182	-1	8
JASGVX010000091	5317	6216	-1	9
JASGVX010000091	6585	6974	-1	10
JASGVX010000091	7191	7472	-1	11
JASGVX010000091	7528	8328	-1	12
JASGVX010000091	8612	9088	1	13
JASGVX010000091	9356	9571	1	14
JASGVX010000091	9645	9938	1	15
JASGVX010000091	9935	10222	1	16
JASGVX010000091	10229	10528	1	17
JASGVX010000091	10597	12117	-1	18
JASGVX010000091	12255	13214	1	19
JASGVX010000091	13364	13552	1	20
JASGVX010000091	13684	14244	-1	21
JASGVX010000091	14444	15349	1	22
JASGVX010000091	15382	16290	-1	23
JASGVX010000091	17095	17673	1	24
JASGVX010000091	18795	20168	1	25
JASGVX010000091	20173	20337	-1	26
JASGVX010000091	20772	21650	-1	27
JASGVX010000091	22829	23341	-1	28
JASGVX010000091	23587	23868	1	29
JASGVX010000091	25299	25508	1	30
JASGVX010000091	26267	26617	1	31
JASGVX010000091	27182	28483	1	32
JASGVX010000091	29714	30805	-1	33
JASGVX010000091	30872	31708	-1	34
JASGVX010000091	31875	33089	-1	35
JASGVX010000091	33687	34478	1	36
JASGVX010000091	34692	34847	-1	37
JASGVX010000091	34873	35877	-1	38
JASGVX010000091	36077	37396	1	39
JASGVX010000091	37490	37600	-1	40
JASGVX010000091	37629	38714	-1	41
JASGVX010000091	38722	39459	-1	42
JASGVX010000091	39786	40100	-1	43
JASGVX010000091	40084	40494	-1	44
JASGVX010000091	41380	42249	1	45
JASGVX010000091	42255	42881	1	46
JASGVX010000091	42884	43627	1	47
JASGVX010000091	43707	44066	1	48
JASGVX010000091	44763	45149	1	49
JASGVX010000091	45170	46132	1	50
JASGVX010000091	46129	46860	1	51
JASGVX010000091	47138	48271	-1	52
JASGVX010000091	48277	48486	-1	53
JASGVX010000091	49039	49335	1	54
JASGVX010000092	3	122	1	1
JASGVX010000092	623	1084	-1	2
JASGVX010000092	1246	3810	-1	3
JASGVX010000092	4216	4935	-1	4
JASGVX010000092	5311	5688	-1	5
JASGVX010000093	269	502	-1	1
JASGVX010000093	790	963	-1	2
JASGVX010000093	960	2024	-1	3
JASGVX010000093	2027	3607	-1	4
JASGVX010000093	3789	4667	-1	5
JASGVX010000093	4664	5569	-1	6
JASGVX010000093	5584	7176	-1	7
JASGVX010000093	7417	8247	-1	8
JASGVX010000093	8207	8485	-1	9
JASGVX010000093	9163	10896	1	10
JASGVX010000093	11025	12752	1	11
JASGVX010000093	12898	13614	1	12
JASGVX010000093	13627	14511	1	13
JASGVX010000093	14712	15626	-1	14
JASGVX010000093	15637	16533	-1	15
JASGVX010000093	16556	18475	-1	16
JASGVX010000093	18534	18953	-1	17
JASGVX010000093	19344	20177	-1	18
JASGVX010000093	20282	21034	-1	19
JASGVX010000093	21046	21408	-1	20
JASGVX010000093	22110	22424	-1	21
JASGVX010000093	22707	23519	-1	22
JASGVX010000093	23962	24636	-1	23
JASGVX010000093	24751	24966	-1	24
JASGVX010000093	25214	25501	-1	25
JASGVX010000094	1	69	1	1
JASGVX010000094	184	519	1	2
JASGVX010000094	756	2600	1	3
JASGVX010000094	2597	2725	1	4
JASGVX010000094	2906	4666	1	5
JASGVX010000094	4663	5568	1	6
JASGVX010000094	5565	6476	1	7
JASGVX010000094	6677	7561	-1	8
JASGVX010000094	7574	8437	-1	9
JASGVX010000094	8437	10143	-1	10
JASGVX010000094	10296	11180	-1	11
JASGVX010000094	11193	12050	-1	12
JASGVX010000094	12055	13746	-1	13
JASGVX010000094	13837	14250	-1	14
JASGVX010000094	14734	15234	1	15
JASGVX010000094	15179	15859	1	16
JASGVX010000094	15898	16047	-1	17
JASGVX010000095	854	1513	-1	1
JASGVX010000095	2031	2699	1	2
JASGVX010000095	3462	8741	1	3
JASGVX010000095	9073	9303	1	4
JASGVX010000095	9788	10312	1	5
JASGVX010000095	10417	10797	1	6
JASGVX010000095	11073	11579	-1	7
JASGVX010000095	11712	12185	-1	8
JASGVX010000095	12215	15064	-1	9
JASGVX010000095	15982	17112	1	10
JASGVX010000096	3	107	-1	1
JASGVX010000096	143	523	-1	2
JASGVX010000096	1043	2083	-1	3
JASGVX010000096	2263	3693	-1	4
JASGVX010000096	3791	4729	-1	5
JASGVX010000096	4775	5857	-1	6
JASGVX010000096	5919	6587	-1	7
JASGVX010000096	7374	9041	-1	8
JASGVX010000096	9092	10132	-1	9
JASGVX010000096	13128	14048	1	10
JASGVX010000096	14132	14917	-1	11
JASGVX010000096	15432	18800	1	12
JASGVX010000096	18892	19167	-1	13
JASGVX010000096	19355	19828	1	14
JASGVX010000096	20247	20366	-1	15
JASGVX010000097	410	1921	-1	1
JASGVX010000098	1	390	1	1
JASGVX010000098	1261	1581	-1	2
JASGVX010000099	1	216	1	1
JASGVX010000099	197	367	1	2
JASGVX010000099	1428	2672	1	3
JASGVX010000099	3778	4338	1	4
JASGVX010000099	4501	4998	1	5
JASGVX010000099	5099	5872	1	6
JASGVX010000099	6139	6621	-1	7
JASGVX010000099	6789	7841	-1	8
JASGVX010000099	8353	9525	-1	9
JASGVX010000099	9705	10496	1	10
JASGVX010000099	10999	11775	-1	11
JASGVX010000099	12098	12943	-1	12
JASGVX010000099	13525	14526	-1	13
JASGVX010000099	14818	15612	-1	14
JASGVX010000099	17420	18874	-1	15
JASGVX010000099	19798	20421	1	16
JASGVX010000099	20484	21545	-1	17
JASGVX010000099	21662	23128	-1	18
JASGVX010000099	25069	26634	1	19
JASGVX010000099	26739	26834	1	20
JASGVX010000099	26847	28394	1	21
JASGVX010000099	28563	29330	1	22
JASGVX010000099	29467	30108	1	23
JASGVX010000099	30381	32660	1	24
JASGVX010000099	32809	33063	-1	25
JASGVX010000100	850	1170	1	1
JASGVX010000100	1172	1960	1	2
JASGVX010000100	1957	2505	1	3
JASGVX010000100	2539	3939	-1	4
JASGVX010000100	4031	4681	-1	5
JASGVX010000100	4687	5463	-1	6
JASGVX010000100	5537	6454	-1	7
JASGVX010000100	6490	6873	-1	8
JASGVX010000100	7241	10030	-1	9
JASGVX010000101	64	279	1	1
JASGVX010000101	286	675	1	2
JASGVX010000101	966	1781	-1	3
JASGVX010000101	2215	3618	-1	4
JASGVX010000101	3715	5130	-1	5
JASGVX010000101	5154	5867	-1	6
JASGVX010000101	6447	6680	1	7
JASGVX010000101	6718	7149	1	8
JASGVX010000101	7356	7937	1	9
JASGVX010000101	7973	9625	-1	10
JASGVX010000101	9943	11055	1	11
JASGVX010000101	11593	11820	-1	12
JASGVX010000101	12761	13945	-1	13
JASGVX010000101	14347	15174	-1	14
JASGVX010000101	15404	17014	-1	15
JASGVX010000101	17154	17432	-1	16
JASGVX010000101	17690	18097	1	17
JASGVX010000101	18225	19364	1	18
JASGVX010000101	19802	20020	1	19
JASGVX010000101	20545	20733	-1	20
JASGVX010000101	20835	21653	-1	21
JASGVX010000102	180	698	1	1
JASGVX010000102	1499	2347	1	2
JASGVX010000102	2579	3934	-1	3
JASGVX010000102	4466	5332	1	4
JASGVX010000102	5947	6273	1	5
JASGVX010000102	6340	6792	1	6
JASGVX010000102	6965	7381	-1	7
JASGVX010000102	8260	9603	1	8
JASGVX010000102	9741	10892	1	9
JASGVX010000102	11037	11849	1	10
JASGVX010000102	12359	12664	1	11
JASGVX010000102	12945	15230	-1	12
JASGVX010000103	3	122	1	1
JASGVX010000103	72	749	-1	2
JASGVX010000103	1258	1566	-1	3
JASGVX010000103	2265	4088	1	4
JASGVX010000103	4654	6327	-1	5
JASGVX010000103	6396	6851	-1	6
JASGVX010000103	6969	7547	-1	7
JASGVX010000103	7818	9005	-1	8
JASGVX010000103	9372	9812	-1	9
JASGVX010000103	10765	11964	-1	10
JASGVX010000103	12111	12689	-1	11
JASGVX010000103	12686	13312	-1	12
JASGVX010000103	14070	14861	1	13
JASGVX010000103	14833	15534	-1	14
JASGVX010000103	16120	16332	1	15
JASGVX010000103	16628	18493	1	16
JASGVX010000103	18495	19616	1	17
JASGVX010000103	20618	21025	-1	18
JASGVX010000103	21413	21607	-1	19
JASGVX010000104	1661	3865	-1	1
JASGVX010000104	4572	5111	1	2
JASGVX010000104	5141	5980	1	3
JASGVX010000104	6120	6947	1	4
JASGVX010000104	6958	7641	1	5
JASGVX010000104	7853	8263	-1	6
JASGVX010000104	8732	9331	-1	7
JASGVX010000104	9333	9794	-1	8
JASGVX010000104	9892	11148	-1	9
JASGVX010000104	11183	11341	-1	10
JASGVX010000104	11558	12757	-1	11
JASGVX010000104	13837	14250	-1	12
JASGVX010000104	14590	14772	-1	13
JASGVX010000104	14836	15576	-1	14
JASGVX010000104	15907	16647	1	15
JASGVX010000104	17085	17858	-1	16
JASGVX010000104	17967	18215	-1	17
JASGVX010000104	18661	19947	-1	18
JASGVX010000104	20654	23143	1	19
JASGVX010000104	23523	24401	-1	20
JASGVX010000104	25300	26661	-1	21
JASGVX010000104	26658	27011	-1	22
JASGVX010000104	27081	27854	-1	23
JASGVX010000104	28004	28840	-1	24
JASGVX010000104	28816	29640	-1	25
JASGVX010000104	29765	30325	-1	26
JASGVX010000104	32361	32573	1	27
JASGVX010000104	33641	34141	-1	28
JASGVX010000104	34651	36576	1	29
JASGVX010000104	36942	37121	-1	30
JASGVX010000104	37637	39442	1	31
JASGVX010000104	39443	41248	1	32
JASGVX010000104	41245	42576	1	33
JASGVX010000104	42728	42844	1	34
JASGVX010000105	287	1420	1	1
JASGVX010000105	1548	1874	1	2
JASGVX010000105	1871	2023	1	3
JASGVX010000105	2448	2786	-1	4
JASGVX010000106	479	3655	1	1
JASGVX010000106	3723	4373	1	2
JASGVX010000106	5152	6534	1	3
JASGVX010000106	6875	8170	-1	4
JASGVX010000107	337	1533	-1	1
JASGVX010000107	1777	2568	1	2
JASGVX010000107	2622	3245	-1	3
JASGVX010000107	3584	3946	1	4
JASGVX010000107	3971	4192	1	5
JASGVX010000107	4214	4402	1	6
JASGVX010000107	4434	4883	1	7
JASGVX010000107	5030	6808	1	8
JASGVX010000107	6926	7336	1	9
JASGVX010000107	7774	8103	1	10
JASGVX010000107	8481	9044	1	11
JASGVX010000107	9378	9509	1	12
JASGVX010000107	9506	9793	1	13
JASGVX010000107	10327	10791	1	14
JASGVX010000107	10963	11367	1	15
JASGVX010000107	11422	12564	1	16
JASGVX010000107	12592	13047	-1	17
JASGVX010000107	13468	14970	1	18
JASGVX010000107	14973	15359	1	19
JASGVX010000107	15758	16570	1	20
JASGVX010000107	16699	16857	1	21
JASGVX010000107	16959	18134	1	22
JASGVX010000107	18554	19684	1	23
JASGVX010000107	19927	21498	1	24
JASGVX010000107	22084	24075	-1	25
JASGVX010000107	24991	27108	-1	26
JASGVX010000107	27576	28508	-1	27
JASGVX010000107	29145	29420	-1	28
JASGVX010000107	30265	30939	1	29
JASGVX010000107	31283	31528	1	30
JASGVX010000107	31534	33012	1	31
JASGVX010000107	32993	34024	1	32
JASGVX010000107	34182	35252	1	33
JASGVX010000107	35399	36532	1	34
JASGVX010000107	36756	37352	1	35
JASGVX010000107	37681	38268	-1	36
JASGVX010000107	38398	39459	-1	37
JASGVX010000107	39933	40691	1	38
JASGVX010000107	40768	41127	-1	39
JASGVX010000107	41662	42021	1	40
JASGVX010000107	42599	43063	1	41
JASGVX010000107	43140	43505	-1	42
JASGVX010000108	389	619	1	1
JASGVX010000108	944	1408	-1	2
JASGVX010000108	1812	2090	-1	3
JASGVX010000108	2632	2946	1	4
JASGVX010000108	3446	3838	-1	5
JASGVX010000108	3825	4184	-1	6
JASGVX010000108	4292	6472	-1	7
JASGVX010000109	117	452	-1	1
JASGVX010000109	546	890	-1	2
JASGVX010000109	1186	1848	-1	3
JASGVX010000109	2069	2686	1	4
JASGVX010000109	3023	3574	-1	5
JASGVX010000109	3859	4353	-1	6
JASGVX010000110	596	1087	-1	1
JASGVX010000110	2427	2957	-1	2
JASGVX010000110	3046	3444	-1	3
JASGVX010000110	3451	4674	-1	4
JASGVX010000110	4640	5689	-1	5
JASGVX010000110	5731	6471	-1	6
JASGVX010000110	6613	7431	1	7
JASGVX010000110	8066	8251	1	8
JASGVX010000110	8324	9394	-1	9
JASGVX010000110	9612	10547	1	10
JASGVX010000110	10559	11368	1	11
JASGVX010000110	12210	12977	1	12
JASGVX010000110	13011	14636	1	13
JASGVX010000110	14745	15686	1	14
JASGVX010000110	15691	16593	1	15
JASGVX010000110	16590	17531	1	16
JASGVX010000110	17507	18214	1	17
JASGVX010000110	18211	18975	1	18
JASGVX010000110	19094	19777	-1	19
JASGVX010000110	19880	20743	-1	20
JASGVX010000110	20931	21188	-1	21
JASGVX010000110	21364	21675	1	22
JASGVX010000110	21799	22128	-1	23
JASGVX010000110	22247	23017	-1	24
JASGVX010000110	23485	25731	1	25
JASGVX010000110	25728	26879	1	26
JASGVX010000110	26872	27930	1	27
JASGVX010000110	28055	28594	-1	28
JASGVX010000110	29286	31202	1	29
JASGVX010000110	31275	32078	-1	30
JASGVX010000110	32975	33889	1	31
JASGVX010000110	33886	34638	1	32
JASGVX010000110	34640	35443	1	33
JASGVX010000110	35440	35766	1	34
JASGVX010000110	35768	36490	1	35
JASGVX010000110	36496	36714	1	36
JASGVX010000110	36733	36954	1	37
JASGVX010000110	36968	37918	1	38
JASGVX010000110	39081	40196	1	39
JASGVX010000110	40193	40282	1	40
JASGVX010000110	40279	41781	-1	41
JASGVX010000110	42037	42477	-1	42
JASGVX010000110	42612	43223	-1	43
JASGVX010000110	43436	44026	-1	44
JASGVX010000110	44361	45095	-1	45
JASGVX010000110	45584	47113	1	46
JASGVX010000110	47137	48993	1	47
JASGVX010000110	49031	49768	-1	48
JASGVX010000110	50189	51577	1	49
JASGVX010000110	51989	52609	1	50
JASGVX010000110	53036	53284	1	51
JASGVX010000110	53698	53958	-1	52
JASGVX010000110	54016	55635	1	53
JASGVX010000110	55659	56303	1	54
JASGVX010000110	56390	56647	-1	55
JASGVX010000110	56800	57249	-1	56
JASGVX010000110	57273	59885	-1	57
JASGVX010000110	60839	60937	1	58
JASGVX010000111	237	1322	-1	1
JASGVX010000111	1372	1518	-1	2
JASGVX010000111	1524	2300	-1	3
JASGVX010000111	2353	3276	-1	4
JASGVX010000111	3279	4169	-1	5
JASGVX010000111	4213	5133	-1	6
JASGVX010000111	6477	7811	-1	7
JASGVX010000111	7906	8559	-1	8
JASGVX010000111	8911	9777	-1	9
JASGVX010000111	9779	10723	-1	10
JASGVX010000111	10774	12297	-1	11
JASGVX010000111	12494	13405	-1	12
JASGVX010000111	13398	14336	-1	13
JASGVX010000111	15120	15296	1	14
JASGVX010000111	15973	16308	-1	15
JASGVX010000111	16527	17333	1	16
JASGVX010000111	17330	18202	1	17
JASGVX010000111	18368	19129	-1	18
JASGVX010000111	19200	20150	-1	19
JASGVX010000111	20602	20763	-1	20
JASGVX010000111	21204	21833	-1	21
JASGVX010000111	22265	23080	1	22
JASGVX010000111	23713	25431	-1	23
JASGVX010000111	25706	26905	-1	24
JASGVX010000111	26954	27748	-1	25
JASGVX010000111	27776	28543	-1	26
JASGVX010000111	29003	29920	1	27
JASGVX010000111	30135	30395	-1	28
JASGVX010000111	30772	31890	-1	29
JASGVX010000111	32540	32728	1	30
JASGVX010000111	33000	33530	1	31
JASGVX010000111	33699	34892	-1	32
JASGVX010000111	34889	36193	-1	33
JASGVX010000111	36292	38148	-1	34
JASGVX010000111	38171	39388	-1	35
JASGVX010000111	39795	40337	1	36
JASGVX010000111	40338	40550	1	37
JASGVX010000111	40722	42560	1	38
JASGVX010000111	42718	42921	1	39
JASGVX010000111	42918	43385	1	40
JASGVX010000111	43805	44224	1	41
JASGVX010000111	44521	45342	-1	42
JASGVX010000111	45481	46128	-1	43
JASGVX010000111	46591	47391	1	44
JASGVX010000111	47706	48521	-1	45
JASGVX010000111	48823	50745	1	46
JASGVX010000111	50784	52133	1	47
JASGVX010000111	52278	52703	1	48
JASGVX010000111	53185	53661	-1	49
JASGVX010000111	54212	54490	1	50
JASGVX010000111	54474	55004	-1	51
JASGVX010000111	55147	57024	-1	52
JASGVX010000111	57310	58695	1	53
JASGVX010000111	58699	59862	1	54
JASGVX010000111	60109	60390	1	55
JASGVX010000112	3	98	-1	1
JASGVX010000112	95	391	-1	2
JASGVX010000112	1356	1874	1	3
JASGVX010000112	1867	2304	1	4
JASGVX010000112	2374	6927	-1	5
JASGVX010000112	10292	10792	-1	6
JASGVX010000112	11072	11566	-1	7
JASGVX010000113	82	291	-1	1
JASGVX010000113	438	692	-1	2
JASGVX010000113	837	2357	1	3
JASGVX010000113	3242	4180	-1	4
JASGVX010000113	4173	5114	-1	5
JASGVX010000113	5111	5956	-1	6
JASGVX010000113	5953	6903	-1	7
JASGVX010000113	7127	8734	-1	8
JASGVX010000113	9782	11716	1	9
JASGVX010000113	11995	12750	1	10
JASGVX010000113	14724	15302	-1	11
JASGVX010000113	15302	16144	-1	12
JASGVX010000114	582	1289	-1	1
JASGVX010000114	1662	2426	-1	2
JASGVX010000114	2423	3601	-1	3
JASGVX010000114	3878	4009	-1	4
JASGVX010000114	4040	5218	-1	5
JASGVX010000114	5244	5807	-1	6
JASGVX010000114	5840	6922	-1	7
JASGVX010000114	7368	7583	-1	8
JASGVX010000114	7894	8601	1	9
JASGVX010000114	8598	8939	1	10
JASGVX010000114	9051	9833	1	11
JASGVX010000114	9845	11206	1	12
JASGVX010000114	11373	12206	-1	13
JASGVX010000114	12305	12700	-1	14
JASGVX010000114	12726	13190	-1	15
JASGVX010000114	13477	14454	1	16
JASGVX010000114	14879	17425	1	17
JASGVX010000114	18309	18851	-1	18
JASGVX010000114	19370	20353	-1	19
JASGVX010000114	20350	21471	-1	20
JASGVX010000114	22181	22387	-1	21
JASGVX010000114	23250	23816	-1	22
JASGVX010000114	23868	25001	-1	23
JASGVX010000114	25477	25923	1	24
JASGVX010000114	27255	28514	-1	25
JASGVX010000114	29307	29876	-1	26
JASGVX010000114	30133	31134	1	27
JASGVX010000114	31355	32554	1	28
JASGVX010000114	33199	33864	1	29
JASGVX010000114	33865	34725	1	30
JASGVX010000114	34725	36050	1	31
JASGVX010000114	36570	37466	-1	32
JASGVX010000114	38322	38540	-1	33
JASGVX010000114	38544	39461	1	34
JASGVX010000114	39641	39874	1	35
JASGVX010000114	39945	40490	-1	36
JASGVX010000115	693	2351	1	1
JASGVX010000115	2518	3639	-1	2
JASGVX010000115	4134	5426	1	3
JASGVX010000115	5419	6672	1	4
JASGVX010000115	6980	7405	1	5
JASGVX010000115	7728	9440	1	6
JASGVX010000115	9437	10993	1	7
JASGVX010000116	489	749	1	1
JASGVX010000116	767	1885	1	2
JASGVX010000116	1878	2279	1	3
JASGVX010000116	2324	3001	1	4
JASGVX010000116	3052	4098	1	5
JASGVX010000116	4775	6769	1	6
JASGVX010000117	605	1735	1	1
JASGVX010000117	1927	2373	1	2
JASGVX010000117	2452	2799	-1	3
JASGVX010000117	3988	5925	1	4
JASGVX010000117	6018	7478	1	5
JASGVX010000117	7697	7816	1	6
JASGVX010000118	1	123	1	1
JASGVX010000118	388	1734	1	2
JASGVX010000118	1925	2188	1	3
JASGVX010000118	2271	4592	-1	4
JASGVX010000118	5145	5513	1	5
JASGVX010000118	6431	6628	-1	6
JASGVX010000118	7332	7871	1	7
JASGVX010000118	7954	9822	-1	8
JASGVX010000118	10128	10301	1	9
JASGVX010000118	10241	10384	-1	10
JASGVX010000118	10411	10674	-1	11
JASGVX010000119	209	1387	1	1
JASGVX010000119	1755	2810	1	2
JASGVX010000119	3191	3382	1	3
JASGVX010000119	3304	5796	-1	4
JASGVX010000119	5793	7667	-1	5
JASGVX010000119	7671	8552	-1	6
JASGVX010000119	8719	9693	-1	7
JASGVX010000119	9912	10805	-1	8
JASGVX010000119	10805	11281	-1	9
JASGVX010000119	11689	12645	-1	10
JASGVX010000119	12900	13379	-1	11
JASGVX010000120	973	1956	1	1
JASGVX010000120	1957	2586	1	2
JASGVX010000121	1	876	1	1
JASGVX010000121	866	1276	1	2
JASGVX010000121	1767	2051	-1	3
JASGVX010000121	2225	3154	1	4
JASGVX010000121	3660	4850	1	5
JASGVX010000121	5027	5359	-1	6
JASGVX010000121	5485	6408	-1	7
JASGVX010000121	6623	8056	-1	8
JASGVX010000121	8178	9101	-1	9
JASGVX010000121	9645	9848	1	10
JASGVX010000121	9886	10956	-1	11
JASGVX010000121	11220	11399	1	12
JASGVX010000121	11656	12828	-1	13
JASGVX010000121	13729	15246	1	14
JASGVX010000121	15106	15441	-1	15
JASGVX010000121	15681	16574	1	16
JASGVX010000121	16592	17092	-1	17
JASGVX010000121	17430	18029	1	18
JASGVX010000121	18026	18469	1	19
JASGVX010000121	18462	19181	1	20
JASGVX010000121	19178	19510	1	21
JASGVX010000121	19892	20086	-1	22
JASGVX010000121	20491	20694	-1	23
JASGVX010000121	21809	21979	-1	24
JASGVX010000121	24237	24587	-1	25
JASGVX010000121	24584	24934	-1	26
JASGVX010000121	25798	26487	-1	27
JASGVX010000121	26484	27512	-1	28
JASGVX010000121	28636	28755	1	29
JASGVX010000121	29176	30039	1	30
JASGVX010000121	30094	30852	1	31
JASGVX010000121	30865	32199	-1	32
JASGVX010000121	32183	33607	-1	33
JASGVX010000121	33604	36285	-1	34
JASGVX010000121	37414	37740	1	35
JASGVX010000121	37805	38068	-1	36
JASGVX010000121	38137	38745	-1	37
JASGVX010000121	38881	39123	-1	38
JASGVX010000121	39960	40226	-1	39
JASGVX010000121	40436	41440	-1	40
JASGVX010000121	41853	42842	1	41
JASGVX010000121	43224	43727	1	42
JASGVX010000121	43749	44747	1	43
JASGVX010000121	44808	46514	1	44
JASGVX010000122	46	372	-1	1
JASGVX010000122	532	1200	-1	2
JASGVX010000122	1253	2290	-1	3
JASGVX010000122	2637	3167	-1	4
JASGVX010000122	3170	3844	-1	5
JASGVX010000122	3963	5147	-1	6
JASGVX010000122	5414	5638	-1	7
JASGVX010000122	5684	5911	1	8
JASGVX010000122	6352	6780	1	9
JASGVX010000122	7092	9413	-1	10
JASGVX010000122	10205	10978	1	11
JASGVX010000122	11055	11642	-1	12
JASGVX010000122	11717	12736	-1	13
JASGVX010000123	3	329	1	1
JASGVX010000123	761	2215	1	2
JASGVX010000123	2740	3288	1	3
JASGVX010000123	4078	5109	-1	4
JASGVX010000123	5500	6450	1	5
JASGVX010000123	6523	7992	-1	6
JASGVX010000123	8819	11461	-1	7
JASGVX010000123	12065	12358	-1	8
JASGVX010000123	12559	13380	-1	9
JASGVX010000123	14642	15115	-1	10
JASGVX010000123	16300	18201	-1	11
JASGVX010000123	18855	18932	-1	12
JASGVX010000124	211	885	1	1
JASGVX010000124	888	2873	1	2
JASGVX010000124	2897	4000	1	3
JASGVX010000125	1	330	1	1
JASGVX010000125	554	742	1	2
JASGVX010000125	864	1325	-1	3
JASGVX010000125	1334	1576	-1	4
JASGVX010000125	1859	3205	1	5
JASGVX010000125	3195	5237	1	6
JASGVX010000125	5572	5817	-1	7
JASGVX010000125	5818	6057	-1	8
JASGVX010000125	6544	7095	-1	9
JASGVX010000125	7115	7474	-1	10
JASGVX010000125	7480	8697	-1	11
JASGVX010000125	8835	9764	1	12
JASGVX010000125	10015	12081	1	13
JASGVX010000125	12682	13275	1	14
JASGVX010000125	13235	14242	1	15
JASGVX010000125	14338	14910	1	16
JASGVX010000125	15357	16202	1	17
JASGVX010000125	16313	16591	1	18
JASGVX010000125	16887	18047	1	19
JASGVX010000126	3	593	1	1
JASGVX010000126	987	2891	1	2
JASGVX010000126	3234	3488	-1	3
JASGVX010000126	3734	5011	-1	4
JASGVX010000126	5103	6086	1	5
JASGVX010000126	6123	6929	1	6
JASGVX010000126	7024	7845	-1	7
JASGVX010000126	7838	8710	-1	8
JASGVX010000127	101	1522	1	1
JASGVX010000127	1952	3568	-1	2
JASGVX010000127	3593	4558	-1	3
JASGVX010000127	4570	5382	-1	4
JASGVX010000127	5366	6259	-1	5
JASGVX010000127	6252	7181	-1	6
JASGVX010000127	7460	8209	-1	7
JASGVX010000128	1474	1776	1	1
JASGVX010000128	1789	1893	1	2
JASGVX010000128	1890	2141	1	3
JASGVX010000128	2141	2569	1	4
JASGVX010000128	2566	2754	1	5
JASGVX010000128	2747	2881	1	6
JASGVX010000128	2998	3120	1	7
JASGVX010000128	3186	5195	1	8
JASGVX010000128	5459	6454	-1	9
JASGVX010000128	6451	6969	-1	10
JASGVX010000128	7064	7423	1	11
JASGVX010000128	7484	7801	1	12
JASGVX010000128	7804	8235	1	13
JASGVX010000128	8232	8972	1	14
JASGVX010000128	8986	9234	1	15
JASGVX010000128	9239	11575	1	16
JASGVX010000128	11587	11970	1	17
JASGVX010000128	11972	12400	1	18
JASGVX010000128	12403	12531	1	19
JASGVX010000128	12533	15535	1	20
JASGVX010000128	15532	15873	1	21
JASGVX010000128	16321	17028	1	22
JASGVX010000128	17597	18370	-1	23
JASGVX010000128	20173	20280	1	24
JASGVX010000128	20919	21449	1	25
JASGVX010000128	21802	22833	-1	26
JASGVX010000128	23053	24849	1	27
JASGVX010000128	24827	25684	1	28
JASGVX010000128	25712	26695	1	29
JASGVX010000128	26692	27630	1	30
JASGVX010000128	27633	29363	1	31
JASGVX010000128	29378	30370	1	32
JASGVX010000128	30367	31131	1	33
JASGVX010000129	271	1452	-1	1
JASGVX010000129	1591	2448	-1	2
JASGVX010000130	434	1450	1	1
JASGVX010000130	1742	2320	-1	2
JASGVX010000130	2545	3027	-1	3
JASGVX010000131	1114	2457	1	1
JASGVX010000131	2488	3459	1	2
JASGVX010000131	3704	6367	-1	3
JASGVX010000131	6780	7040	1	4
JASGVX010000131	7224	8237	1	5
JASGVX010000131	8594	9247	1	6
JASGVX010000131	10077	10457	1	7
JASGVX010000131	10468	10890	1	8
JASGVX010000131	10904	11308	1	9
JASGVX010000131	11317	11505	1	10
JASGVX010000131	11694	11876	1	11
JASGVX010000131	11949	12689	1	12
JASGVX010000131	12763	13560	1	13
JASGVX010000131	13759	14664	1	14
JASGVX010000131	14795	15577	1	15
JASGVX010000131	15581	16675	1	16
JASGVX010000131	17009	17341	-1	17
JASGVX010000131	18070	18477	1	18
JASGVX010000131	18705	19724	1	19
JASGVX010000131	19866	20279	1	20
JASGVX010000131	20644	22410	1	21
JASGVX010000131	22605	24797	1	22
JASGVX010000131	25635	26927	1	23
JASGVX010000131	27575	27985	1	24
JASGVX010000131	28281	29588	-1	25
JASGVX010000131	29959	31305	-1	26
JASGVX010000131	31726	31944	1	27
JASGVX010000131	32084	32254	1	28
JASGVX010000131	32304	33761	1	29
JASGVX010000131	33849	34097	-1	30
JASGVX010000131	34114	35550	-1	31
JASGVX010000131	35642	35863	-1	32
JASGVX010000131	35909	36373	-1	33
JASGVX010000131	37465	37953	-1	34
JASGVX010000131	38046	38360	-1	35
JASGVX010000131	39348	39650	1	36
JASGVX010000131	39777	40757	-1	37
JASGVX010000131	41269	41445	1	38
JASGVX010000131	41540	42508	-1	39
JASGVX010000131	42628	42795	-1	40
JASGVX010000131	42982	43482	1	41
JASGVX010000131	43785	45491	-1	42
JASGVX010000131	46183	46419	-1	43
JASGVX010000131	46560	49388	-1	44
JASGVX010000131	50120	50671	1	45
JASGVX010000131	51269	51958	-1	46
JASGVX010000131	52221	52547	-1	47
JASGVX010000131	53027	53404	1	48
JASGVX010000131	53468	53959	1	49
JASGVX010000131	53959	55221	1	50
JASGVX010000131	55894	57186	1	51
JASGVX010000131	57195	58265	1	52
JASGVX010000131	58270	59076	1	53
JASGVX010000131	59336	59587	-1	54
JASGVX010000131	59654	60337	1	55
JASGVX010000131	60521	60982	1	56
JASGVX010000131	61784	62026	1	57
JASGVX010000132	3	269	1	1
JASGVX010000132	441	1085	-1	2
JASGVX010000132	1371	2126	1	3
JASGVX010000132	2672	4657	1	4
JASGVX010000133	1252	1860	-1	1
JASGVX010000133	1899	2420	-1	2
JASGVX010000133	3017	3184	1	3
JASGVX010000133	3296	3499	-1	4
JASGVX010000133	4138	4473	-1	5
JASGVX010000133	4498	5007	-1	6
JASGVX010000133	5241	5543	1	7
JASGVX010000133	6118	6630	1	8
JASGVX010000133	6967	7362	-1	9
JASGVX010000133	7448	7537	-1	10
JASGVX010000134	2	91	1	1
JASGVX010000134	170	304	-1	2
JASGVX010000134	691	1614	1	3
JASGVX010000134	2170	2955	-1	4
JASGVX010000134	3808	5544	-1	5
JASGVX010000134	5838	6542	1	6
JASGVX010000134	6655	6948	-1	7
JASGVX010000134	6945	7610	-1	8
JASGVX010000134	8039	8419	1	9
JASGVX010000135	2	91	1	1
JASGVX010000135	135	362	-1	2
JASGVX010000135	913	1242	1	3
JASGVX010000135	1235	3187	1	4
JASGVX010000135	3192	3422	1	5
JASGVX010000135	3629	4180	1	6
JASGVX010000135	4187	5269	1	7
JASGVX010000135	5269	5571	1	8
JASGVX010000135	5562	7298	1	9
JASGVX010000135	7301	8683	1	10
JASGVX010000135	8689	9318	1	11
JASGVX010000135	9632	9757	-1	12
JASGVX010000136	375	1151	-1	1
JASGVX010000136	1302	1925	-1	2
JASGVX010000136	1939	2433	-1	3
JASGVX010000136	2678	4144	-1	4
JASGVX010000136	4442	4861	-1	5
JASGVX010000136	4851	4973	-1	6
JASGVX010000137	237	1418	-1	1
JASGVX010000137	1436	2257	-1	2
JASGVX010000137	2689	3810	-1	3
JASGVX010000137	3844	4953	-1	4
JASGVX010000137	5284	6828	-1	5
JASGVX010000137	6869	7762	-1	6
JASGVX010000137	7832	8851	-1	7
JASGVX010000137	8848	9300	-1	8
JASGVX010000137	9362	10378	-1	9
JASGVX010000137	10380	11204	-1	10
JASGVX010000137	11602	12441	1	11
JASGVX010000137	12555	13742	-1	12
JASGVX010000137	14068	16479	1	13
JASGVX010000137	17049	17579	1	14
JASGVX010000137	17958	18113	1	15
JASGVX010000138	310	1062	-1	1
JASGVX010000138	2827	3531	-1	2
JASGVX010000138	3832	5133	-1	3
JASGVX010000138	5136	5567	-1	4
JASGVX010000138	5536	6402	-1	5
JASGVX010000138	6407	8161	-1	6
JASGVX010000138	8163	9203	-1	7
JASGVX010000138	9222	9791	-1	8
JASGVX010000138	10672	11067	1	9
JASGVX010000138	11467	11925	1	10
JASGVX010000138	12250	13047	-1	11
JASGVX010000138	13044	14114	-1	12
JASGVX010000138	14132	15343	-1	13
JASGVX010000138	15962	17032	-1	14
JASGVX010000138	17360	18139	1	15
JASGVX010000138	18577	20043	1	16
JASGVX010000138	20049	21074	1	17
JASGVX010000138	21692	24565	-1	18
JASGVX010000138	24930	26453	-1	19
JASGVX010000138	26829	28361	-1	20
JASGVX010000138	29076	29933	-1	21
JASGVX010000138	30374	31192	-1	22
JASGVX010000139	344	1591	-1	1
JASGVX010000139	2428	3456	-1	2
JASGVX010000139	3520	5493	-1	3
JASGVX010000139	6764	8530	1	4
JASGVX010000139	8543	9556	1	5
JASGVX010000139	9553	10464	1	6
JASGVX010000139	10461	11504	1	7
JASGVX010000139	11495	12187	1	8
JASGVX010000139	12498	13043	1	9
JASGVX010000139	14309	15328	-1	10
JASGVX010000139	16192	16317	1	11
JASGVX010000139	16687	18306	1	12
JASGVX010000139	19086	19583	1	13
JASGVX010000139	19834	20613	-1	14
JASGVX010000139	20655	21770	-1	15
JASGVX010000139	21748	22800	-1	16
JASGVX010000139	23029	24372	-1	17
JASGVX010000139	25172	25888	-1	18
JASGVX010000139	26041	26514	1	19
JASGVX010000139	26556	27026	1	20
JASGVX010000139	27884	28342	-1	21
JASGVX010000139	28631	29593	1	22
JASGVX010000139	29590	29865	1	23
JASGVX010000139	29921	30586	-1	24
JASGVX010000139	30583	31857	-1	25
JASGVX010000140	2491	2691	-1	1
JASGVX010000140	3628	4236	-1	2
JASGVX010000140	4240	4800	-1	3
JASGVX010000140	5209	5940	-1	4
JASGVX010000140	6288	6641	-1	5
JASGVX010000140	7111	7404	-1	6
JASGVX010000140	7666	8961	-1	7
JASGVX010000140	9612	10247	-1	8
JASGVX010000140	10588	11487	-1	9
JASGVX010000140	11778	13217	1	10
JASGVX010000140	13294	14616	-1	11
JASGVX010000140	15506	15904	-1	12
JASGVX010000140	16433	17623	-1	13
JASGVX010000140	17644	17937	-1	14
JASGVX010000140	18015	19607	1	15
JASGVX010000140	19872	20045	-1	16
JASGVX010000140	20683	21402	1	17
JASGVX010000140	21572	22864	-1	18
JASGVX010000140	23189	23875	-1	19
JASGVX010000140	24003	24854	-1	20
JASGVX010000140	24944	25393	-1	21
JASGVX010000140	25412	26524	-1	22
JASGVX010000140	26829	27557	-1	23
JASGVX010000140	27563	28330	-1	24
JASGVX010000140	28327	29403	-1	25
JASGVX010000140	29400	30563	-1	26
JASGVX010000140	30573	31700	-1	27
JASGVX010000140	32715	33152	-1	28
JASGVX010000140	33192	34478	-1	29
JASGVX010000140	35274	35393	-1	30
JASGVX010000141	515	904	1	1
JASGVX010000141	1794	3011	1	2
JASGVX010000141	3626	4675	1	3
JASGVX010000141	4938	5066	-1	4
JASGVX010000141	6524	6955	1	5
JASGVX010000141	7330	8217	1	6
JASGVX010000141	8810	10009	1	7
JASGVX010000141	11031	12110	-1	8
JASGVX010000142	363	842	1	1
JASGVX010000142	977	1873	1	2
JASGVX010000142	1870	2337	1	3
JASGVX010000142	3321	4349	1	4
JASGVX010000142	4663	5985	-1	5
JASGVX010000142	6644	7192	1	6
JASGVX010000142	7291	7899	1	7
JASGVX010000142	8020	8748	1	8
JASGVX010000142	8892	9284	1	9
JASGVX010000142	9379	9732	1	10
JASGVX010000142	9701	10501	1	11
JASGVX010000142	10491	11222	1	12
JASGVX010000142	11408	12058	-1	13
JASGVX010000142	12204	12692	-1	14
JASGVX010000142	13384	13803	1	15
JASGVX010000142	13992	14936	-1	16
JASGVX010000142	14890	15600	-1	17
JASGVX010000142	15597	18014	-1	18
JASGVX010000142	18637	19038	1	19
JASGVX010000142	19871	21580	-1	20
JASGVX010000143	195	557	1	1
JASGVX010000143	618	941	1	2
JASGVX010000143	1508	1756	1	3
JASGVX010000143	2109	2342	-1	4
JASGVX010000143	2439	2858	-1	5
JASGVX010000143	3139	4227	-1	6
JASGVX010000143	4224	5237	-1	7
JASGVX010000143	5539	6225	1	8
JASGVX010000143	6818	7276	-1	9
JASGVX010000143	7313	8794	-1	10
JASGVX010000143	9262	10596	1	11
JASGVX010000143	10703	11407	1	12
JASGVX010000143	11905	13542	1	13
JASGVX010000143	14021	14785	1	14
JASGVX010000143	14870	15472	-1	15
JASGVX010000143	15495	17222	-1	16
JASGVX010000143	17209	17907	-1	17
JASGVX010000143	17904	19016	-1	18
JASGVX010000143	19043	19858	-1	19
JASGVX010000143	19860	21107	-1	20
JASGVX010000143	21307	22110	-1	21
JASGVX010000143	23508	23822	-1	22
JASGVX010000143	25522	25989	1	23
JASGVX010000143	26194	26421	1	24
JASGVX010000143	26645	27610	1	25
JASGVX010000143	28834	30114	1	26
JASGVX010000143	30146	30379	-1	27
JASGVX010000143	30339	31646	-1	28
JASGVX010000143	31999	32238	1	29
JASGVX010000143	32544	34280	1	30
JASGVX010000143	34457	34651	-1	31
JASGVX010000143	34825	35010	-1	32
JASGVX010000143	35269	36669	1	33
JASGVX010000143	36896	37903	1	34
JASGVX010000143	38056	38859	1	35
JASGVX010000143	38861	39688	1	36
JASGVX010000143	40000	41217	1	37
JASGVX010000143	41273	42193	-1	38
JASGVX010000143	42763	45054	-1	39
JASGVX010000143	45295	45780	-1	40
JASGVX010000143	45828	45980	-1	41
JASGVX010000143	46740	47336	-1	42
JASGVX010000143	47404	48555	-1	43
JASGVX010000143	48804	49271	1	44
JASGVX010000143	49293	50654	1	45
JASGVX010000143	50649	50789	-1	46
JASGVX010000143	51206	51778	-1	47
JASGVX010000143	52587	52721	-1	48
JASGVX010000143	53008	54612	-1	49
JASGVX010000143	55776	56171	1	50
JASGVX010000143	56367	57083	-1	51
JASGVX010000143	57204	57923	1	52
JASGVX010000143	58921	59964	-1	53
JASGVX010000143	59967	61283	-1	54
JASGVX010000143	61356	61769	-1	55
JASGVX010000143	62729	63325	1	56
JASGVX010000143	63417	66197	-1	57
JASGVX010000143	66207	68111	-1	58
JASGVX010000143	69057	70235	-1	59
JASGVX010000143	71363	72043	1	60
JASGVX010000143	72092	74005	-1	61
JASGVX010000143	74122	74754	-1	62
JASGVX010000143	75008	75520	-1	63
JASGVX010000143	75531	76025	-1	64
JASGVX010000143	76143	77348	-1	65
JASGVX010000143	77345	78409	-1	66
JASGVX010000143	78800	80209	-1	67
JASGVX010000143	80213	81538	-1	68
JASGVX010000143	81782	82543	-1	69
JASGVX010000143	82606	84015	-1	70
JASGVX010000143	84040	84552	-1	71
JASGVX010000143	84555	86972	-1	72
JASGVX010000143	88308	88655	1	73
JASGVX010000143	88633	88932	1	74
JASGVX010000143	89405	89539	1	75
JASGVX010000144	112	375	-1	1
JASGVX010000144	376	969	-1	2
JASGVX010000144	984	1577	-1	3
JASGVX010000144	1578	2198	-1	4
JASGVX010000144	2233	2688	-1	5
JASGVX010000144	2930	3307	1	6
JASGVX010000144	3825	5753	1	7
JASGVX010000144	6118	7212	1	8
JASGVX010000144	7422	9524	-1	9
JASGVX010000144	9712	10986	-1	10
JASGVX010000144	11160	11351	1	11
JASGVX010000144	11933	12139	1	12
JASGVX010000144	12126	14828	-1	13
JASGVX010000144	15229	15393	-1	14
JASGVX010000144	15471	15692	-1	15
JASGVX010000144	15878	17473	-1	16
JASGVX010000144	18099	18410	-1	17
JASGVX010000144	19394	20278	1	18
JASGVX010000144	20281	21123	1	19
JASGVX010000144	21326	21454	1	20
JASGVX010000145	2	355	1	1
JASGVX010000145	372	575	1	2
JASGVX010000145	686	1528	-1	3
JASGVX010000145	1583	1921	-1	4
JASGVX010000145	2133	2492	1	5
JASGVX010000145	2612	2977	1	6
JASGVX010000145	3018	3869	1	7
JASGVX010000145	3869	4801	1	8
JASGVX010000145	4903	5034	1	9
JASGVX010000145	5566	6099	1	10
JASGVX010000145	6147	6596	1	11
JASGVX010000145	6535	6705	1	12
JASGVX010000145	6686	7588	-1	13
JASGVX010000145	7602	8075	-1	14
JASGVX010000146	490	2421	-1	1
JASGVX010000146	2418	4073	-1	2
JASGVX010000146	4095	4484	-1	3
JASGVX010000146	4972	8247	-1	4
JASGVX010000146	8250	11129	-1	5
JASGVX010000146	11231	14833	-1	6
JASGVX010000146	15735	19067	1	7
JASGVX010000147	2	367	1	1
JASGVX010000147	373	612	1	2
JASGVX010000147	1207	1374	1	3
JASGVX010000147	1465	3123	1	4
JASGVX010000147	3432	3896	1	5
JASGVX010000147	4558	5610	-1	6
JASGVX010000147	5607	7913	-1	7
JASGVX010000147	8291	9388	-1	8
JASGVX010000148	3	65	-1	1
JASGVX010000148	732	1289	1	2
JASGVX010000148	1930	2892	1	3
JASGVX010000148	3449	3805	1	4
JASGVX010000148	3741	3899	-1	5
JASGVX010000149	277	759	1	1
JASGVX010000149	1404	3107	1	2
JASGVX010000149	3397	4497	-1	3
JASGVX010000149	5317	6801	1	4
JASGVX010000149	7211	7729	-1	5
JASGVX010000149	8112	9398	-1	6
JASGVX010000149	9736	9939	1	7
