Hmm	ORF	tlen	qlen	Eval	score	start	end	Acc	Pos	Cov_seq	Cov_hmm	strand
AbiEii_0_CAS-III	JASGVX010000003_18	293	284	4e-06	23.7	22413	23291	JASGVX010000003	18	0.26621160409556316	0.2711267605633803	1
AbiEii_0_CAS-III	JASGVX010000003_55	1003	284	0.00033	17.4	68633	71641	JASGVX010000003	55	0.12662013958125623	0.33098591549295775	-1
AbiEii_0_CAS-III	JASGVX010000011_7	368	284	1.8e-07	28.1	9454	10557	JASGVX010000011	7	0.33695652173913043	0.4119718309859155	-1
AbiEii_0_CAS-III	JASGVX010000013_5	750	284	9.8e-05	19.2	1603	3852	JASGVX010000013	5	0.148	0.30985915492957744	1
AbiEii_0_CAS-III	JASGVX010000016_7	214	284	0.0061	13.3	6093	6734	JASGVX010000016	7	0.2897196261682243	0.23943661971830985	-1
AbiEii_0_CAS-III	JASGVX010000022_6	237	284	0.0074	13.0	4442	5152	JASGVX010000022	6	0.6075949367088608	0.49295774647887325	-1
AbiEii_0_CAS-III	JASGVX010000022_7	311	284	0.023	11.4	5143	6075	JASGVX010000022	7	0.18006430868167203	0.19718309859154928	-1
AbiEii_0_CAS-III	JASGVX010000025_2	435	284	0.0065	13.2	1265	2569	JASGVX010000025	2	0.05517241379310345	0.08450704225352113	1
AbiEii_0_CAS-III	JASGVX010000029_25	342	284	0.0049	13.6	22799	23824	JASGVX010000029	25	0.06140350877192982	0.07394366197183098	-1
AbiEii_0_CAS-III	JASGVX010000034_12	592	284	2.9e-11	40.6	16932	18707	JASGVX010000034	12	0.28378378378378377	0.49295774647887325	-1
AbiEii_0_CAS-III	JASGVX010000034_17	228	284	0.0029	14.3	24279	24962	JASGVX010000034	17	0.2807017543859649	0.22183098591549297	1
AbiEii_0_CAS-III	JASGVX010000037_43	257	284	0.00084	16.1	54775	55545	JASGVX010000037	43	0.30739299610894943	0.2711267605633803	-1
AbiEii_0_CAS-III	JASGVX010000038_14	251	284	0.00013	18.8	16369	17121	JASGVX010000038	14	0.4820717131474104	0.4119718309859155	1
AbiEii_0_CAS-III	JASGVX010000039_11	791	284	1.1e-05	22.2	13378	15750	JASGVX010000039	11	0.05309734513274336	0.07394366197183098	1
AbiEii_0_CAS-III	JASGVX010000045_30	267	284	2.9e-08	30.7	35002	35802	JASGVX010000045	30	0.352059925093633	0.3415492957746479	-1
AbiEii_0_CAS-III	JASGVX010000052_11	255	284	1.3e-08	31.8	6128	6892	JASGVX010000052	11	0.43137254901960786	0.3732394366197183	1
AbiEii_0_CAS-III	JASGVX010000058_11	274	284	1.9e-06	24.7	13173	13994	JASGVX010000058	11	0.23357664233576642	0.21830985915492956	-1
AbiEii_0_CAS-III	JASGVX010000070_18	582	284	2.5e-10	37.5	23772	25517	JASGVX010000070	18	0.34192439862542956	0.4612676056338028	1
AbiEii_0_CAS-III	JASGVX010000070_20	256	284	3.3e-08	30.6	26404	27171	JASGVX010000070	20	0.55078125	0.4859154929577465	1
AbiEii_0_CAS-III	JASGVX010000070_3	274	284	5.3e-09	33.2	6267	7088	JASGVX010000070	3	0.39416058394160586	0.3767605633802817	1
AbiEii_0_CAS-III	JASGVX010000072_18	264	284	2.9e-05	20.9	22918	23709	JASGVX010000072	18	0.36363636363636365	0.3204225352112676	1
AbiEii_0_CAS-III	JASGVX010000073_3	593	284	0.0039	13.9	3797	5575	JASGVX010000073	3	0.03541315345699832	0.07394366197183098	-1
AbiEii_0_CAS-III	JASGVX010000082_2	248	284	1.2e-05	22.2	903	1646	JASGVX010000082	2	0.2217741935483871	0.18309859154929578	1
AbiEii_0_CAS-III	JASGVX010000082_23	252	284	8e-05	19.5	27667	28422	JASGVX010000082	23	0.32142857142857145	0.28169014084507044	1
AbiEii_0_CAS-III	JASGVX010000089_18	377	284	2.2e-08	31.1	21555	22685	JASGVX010000089	18	0.4217506631299735	0.5422535211267606	-1
AbiEii_0_CAS-III	JASGVX010000090_16	265	284	9e-08	29.1	22743	23537	JASGVX010000090	16	0.3660377358490566	0.3415492957746479	-1
AbiEii_0_CAS-III	JASGVX010000091_50	321	284	1.3e-08	31.9	45170	46132	JASGVX010000091	50	0.34890965732087226	0.397887323943662	1
AbiEii_0_CAS-III	JASGVX010000093_18	278	284	0.012	12.4	19344	20177	JASGVX010000093	18	0.27697841726618705	0.23591549295774647	-1
AbiEii_0_CAS-III	JASGVX010000093_3	355	284	3.9e-06	23.7	960	2024	JASGVX010000093	3	0.29295774647887324	0.352112676056338	-1
AbiEii_0_CAS-III	JASGVX010000100_6	259	284	0.00083	16.1	4687	5463	JASGVX010000100	6	0.3166023166023166	0.27816901408450706	-1
AbiEii_0_CAS-III	JASGVX010000101_6	238	284	1.6e-05	21.8	5154	5867	JASGVX010000101	6	0.5	0.40492957746478875	-1
AbiEii_0_CAS-III	JASGVX010000104_24	279	284	8.4e-05	19.4	28004	28840	JASGVX010000104	24	0.4551971326164875	0.43661971830985913	-1
AbiEii_0_CAS-III	JASGVX010000104_25	275	284	0.00018	18.3	28816	29640	JASGVX010000104	25	0.4909090909090909	0.47183098591549294	-1
AbiEii_0_CAS-III	JASGVX010000111_12	304	284	0.022	11.4	12494	13405	JASGVX010000111	12	0.12171052631578948	0.11971830985915492	-1
AbiEii_0_CAS-III	JASGVX010000111_3	259	284	0.0053	13.5	1524	2300	JASGVX010000111	3	0.21621621621621623	0.19014084507042253	-1
AbiEii_0_CAS-III	JASGVX010000114_12	454	284	2e-05	21.4	9845	11206	JASGVX010000114	12	0.2621145374449339	0.4119718309859155	1
AbiEii_0_CAS-III	JASGVX010000114_16	326	284	0.011	12.5	13477	14454	JASGVX010000114	16	0.10736196319018405	0.11971830985915492	1
AbiEii_0_CAS-III	JASGVX010000115_3	431	284	7.7e-06	22.8	4134	5426	JASGVX010000115	3	0.13921113689095127	0.20774647887323944	1
AbiEii_0_CAS-III	JASGVX010000126_5	328	284	1.4e-06	25.2	5103	6086	JASGVX010000126	5	0.32621951219512196	0.38380281690140844	1
AbiEii_0_CAS-III	JASGVX010000127_3	322	284	0.00056	16.7	3593	4558	JASGVX010000127	3	0.5093167701863354	0.5950704225352113	-1
AbiEii_0_CAS-III	JASGVX010000128_31	577	284	1.1e-08	32.1	27633	29363	JASGVX010000128	31	0.30155979202772965	0.3873239436619718	1
AbiEii_0_CAS-III	JASGVX010000128_32	331	284	3.9e-06	23.8	29378	30370	JASGVX010000128	32	0.22054380664652568	0.2535211267605634	1
AbiEii_0_CAS-III	JASGVX010000131_21	589	284	0.032	10.9	20644	22410	JASGVX010000131	21	0.0967741935483871	0.13380281690140844	1
AbiEii_0_CAS-III	JASGVX010000131_53	269	284	5.3e-08	29.9	58270	59076	JASGVX010000131	53	0.29739776951672864	0.27816901408450706	1
AbiEii_0_CAS-III	JASGVX010000138_11	266	284	0.00015	18.5	12250	13047	JASGVX010000138	11	0.32706766917293234	0.3028169014084507	-1
AbiEii_0_CAS-III	JASGVX010000143_30	579	284	0.00071	16.3	32544	34280	JASGVX010000143	30	0.19170984455958548	0.3274647887323944	1
AbiEii_1_CAS-III-A	JASGVX010000034_12	592	335	0.0054	13.0	16932	18707	JASGVX010000034	12	0.16891891891891891	0.23582089552238805	-1
AbiEii_1_CAS-III-A	JASGVX010000052_11	255	335	0.0017	14.7	6128	6892	JASGVX010000052	11	0.3215686274509804	0.24776119402985075	1
AbiEii_1_CAS-III-A	JASGVX010000070_18	582	335	0.01	12.1	23772	25517	JASGVX010000070	18	0.10652920962199312	0.10149253731343283	1
AbiEii_1_CAS-III-A	JASGVX010000073_4	224	335	4.8	3.3	5789	6460	JASGVX010000073	4	0.5446428571428571	0.3641791044776119	-1
AbiEii_1_CAS-III-A	JASGVX010000082_2	248	335	0.016	11.5	903	1646	JASGVX010000082	2	0.13709677419354838	0.10149253731343283	1
AbiEii_1_CAS-III-A	JASGVX010000090_16	265	335	0.0033	13.7	22743	23537	JASGVX010000090	16	0.1509433962264151	0.11343283582089553	-1
AbiEii_1_CAS-III-A	JASGVX010000100_6	259	335	6.3e-05	19.4	4687	5463	JASGVX010000100	6	0.23166023166023167	0.18507462686567164	-1
AbiEii_1_CAS-III-A	JASGVX010000111_3	259	335	8.4e-05	19.0	1524	2300	JASGVX010000111	3	0.2471042471042471	0.18507462686567164	-1
AbiEii_1_CAS-III-A	JASGVX010000138_11	266	335	0.0036	13.6	12250	13047	JASGVX010000138	11	0.16165413533834586	0.12238805970149254	-1
AbiEii_2_CAS-III-C	JASGVX010000003_18	293	440	0.022	11.1	22413	23291	JASGVX010000003	18	0.23208191126279865	0.15454545454545454	1
AbiEii_2_CAS-III-C	JASGVX010000011_7	368	440	0.00012	18.6	9454	10557	JASGVX010000011	7	0.2608695652173913	0.22954545454545455	-1
AbiEii_2_CAS-III-C	JASGVX010000045_30	267	440	0.0096	12.3	35002	35802	JASGVX010000045	30	0.23595505617977527	0.1431818181818182	-1
AbiEii_2_CAS-III-C	JASGVX010000072_18	264	440	0.0067	12.8	22918	23709	JASGVX010000072	18	0.2916666666666667	0.175	1
AbiEii_2_CAS-III-C	JASGVX010000126_5	328	440	0.0076	12.6	5103	6086	JASGVX010000126	5	0.16158536585365854	0.12045454545454545	1
Cas10_0_CAS-III	JASGVX010000079_8	826	511	3.3e-17	59.6	8841	11318	JASGVX010000079	8	0.4939467312348668	0.761252446183953	-1
Cas10_0_III	JASGVX010000079_8	826	414	1.7e-14	50.7	8841	11318	JASGVX010000079	8	0.572639225181598	0.9420289855072463	-1
Cas10_0_IIIA	JASGVX010000079_8	826	650	1.3000000000000002e-124	414.4	8841	11318	JASGVX010000079	8	0.8099273607748184	0.9984615384615385	-1
Cas10_0_IIIB	JASGVX010000079_8	826	510	4.4e-10	36.1	8841	11318	JASGVX010000079	8	0.1791767554479419	0.2823529411764706	-1
Cas10_1_CAS-III	JASGVX010000030_5	218	654	0.003	13.3	4917	5570	JASGVX010000030	5	0.3394495412844037	0.1162079510703364	1
Cas10_1_CAS-III	JASGVX010000079_8	826	654	1.3e-151	503.5	8841	11318	JASGVX010000079	8	0.8111380145278451	1.0	-1
Cas10_1_CAS-III	JASGVX010000101_19	73	654	0.028	10.1	19802	20020	JASGVX010000101	19	0.4383561643835616	0.04892966360856269	1
Cas10_4_CAS-III	JASGVX010000079_8	826	772	1.1e-11	40.7	8841	11318	JASGVX010000079	8	0.18765133171912832	0.18393782383419688	-1
Cas10_5_CAS-III	JASGVX010000079_8	826	838	2.7e-147	489.4	8841	11318	JASGVX010000079	8	0.9878934624697336	0.9940334128878282	-1
Cas10_7_CAS-III	JASGVX010000079_8	826	410	5.5e-16	55.7	8841	11318	JASGVX010000079	8	0.30387409200968524	0.5975609756097561	-1
Cas11_3_IVC	JASGVX010000014_7	136	116	0.00021	18.5	6470	6877	JASGVX010000014	7	0.5955882352941176	0.6120689655172413	-1
Cas11_3_IVC	JASGVX010000037_11	136	116	0.015	12.5	9995	10402	JASGVX010000037	11	0.33088235294117646	0.3879310344827586	1
Cas12a_1_CAS-V-A	JASGVX010000091_43	105	1086	0.018	10.0	39786	40100	JASGVX010000091	43	0.38095238095238093	0.03591160220994475	-1
Cas12b1_0_CAS-V-B	JASGVX010000057_1	662	1125	0.022	9.7	1	1986	JASGVX010000057	1	0.11178247734138973	0.03822222222222222	1
Cas12b1_0_CAS-V-B	JASGVX010000108_7	727	1125	0.014	10.3	4292	6472	JASGVX010000108	7	0.14580467675378267	0.037333333333333336	-1
Cas12b2_0_CAS-V-B	JASGVX010000111_7	445	747	3.3e-05	19.6	6477	7811	JASGVX010000111	7	0.3797752808988764	0.20615796519410978	-1
Cas12b2_1_CAS-V-B	JASGVX010000111_7	445	769	0.0001	17.8	6477	7811	JASGVX010000111	7	0.32134831460674157	0.18075422626788037	-1
Cas12c_0_CAS-V-C	JASGVX010000111_7	445	1272	0.072	7.7	6477	7811	JASGVX010000111	7	0.08314606741573034	0.030660377358490566	-1
Cas12d_0_CAS-V-D	JASGVX010000111_7	445	1163	6.7e-05	18.0	6477	7811	JASGVX010000111	7	0.15730337078651685	0.058469475494411005	-1
Cas12f1_0_CAS-V-F	JASGVX010000111_7	445	512	2.6e-07	27.0	6477	7811	JASGVX010000111	7	0.3887640449438202	0.330078125	-1
Cas12f1_1_CAS-V-F	JASGVX010000111_7	445	557	2.6000000000000002e-30	102.7	6477	7811	JASGVX010000111	7	0.3842696629213483	0.29084380610412924	-1
Cas12f1_2_CAS-V-F	JASGVX010000002_15	57	429	3.0	3.8	17469	17639	JASGVX010000002	15	0.7368421052631579	0.09090909090909091	-1
Cas12f1_2_CAS-V-F	JASGVX010000075_16	538	429	0.019	11.1	13377	14990	JASGVX010000075	16	0.06505576208178439	0.08158508158508158	-1
Cas12f1_2_CAS-V-F	JASGVX010000091_43	105	429	0.9	5.6	39786	40100	JASGVX010000091	43	0.6095238095238096	0.07226107226107226	-1
Cas12f1_2_CAS-V-F	JASGVX010000110_51	83	429	0.0047	13.1	53036	53284	JASGVX010000110	51	0.37349397590361444	0.06993006993006994	1
Cas12f1_2_CAS-V-F	JASGVX010000111_7	445	429	5.5e-38	128.2	6477	7811	JASGVX010000111	7	0.2943820224719101	0.32167832167832167	-1
Cas12f2_0_CAS-V-F	JASGVX010000111_7	445	517	7.8e-13	44.9	6477	7811	JASGVX010000111	7	0.4696629213483146	0.4081237911025145	-1
Cas12f2_1_CAS-V-F	JASGVX010000001_17	50	422	0.021	11.0	15832	15981	JASGVX010000001	17	0.64	0.07819905213270142	1
Cas12f2_1_CAS-V-F	JASGVX010000002_15	57	422	0.48	6.5	17469	17639	JASGVX010000002	15	0.8421052631578947	0.09004739336492891	-1
Cas12f2_1_CAS-V-F	JASGVX010000091_43	105	422	0.034	10.3	39786	40100	JASGVX010000091	43	0.6761904761904762	0.08767772511848342	-1
Cas12f2_1_CAS-V-F	JASGVX010000102_4	289	422	6.5e-05	19.3	4466	5332	JASGVX010000102	4	0.1245674740484429	0.08530805687203792	1
Cas12f2_1_CAS-V-F	JASGVX010000110_51	83	422	0.022	10.9	53036	53284	JASGVX010000110	51	0.3253012048192771	0.061611374407582936	1
Cas12f2_1_CAS-V-F	JASGVX010000111_7	445	422	6.5e-28	95.0	6477	7811	JASGVX010000111	7	0.4404494382022472	0.46445497630331756	-1
Cas12f2_1_CAS-V-F	JASGVX010000139_19	158	422	1.7	4.7	26041	26514	JASGVX010000139	19	0.21518987341772153	0.07819905213270142	1
Cas12f2_2_CAS-V-F	JASGVX010000002_15	57	493	0.14	7.8	17469	17639	JASGVX010000002	15	0.8421052631578947	0.06288032454361055	-1
Cas12f2_2_CAS-V-F	JASGVX010000091_43	105	493	0.13	8.0	39786	40100	JASGVX010000091	43	0.6476190476190476	0.06896551724137931	-1
Cas12f2_2_CAS-V-F	JASGVX010000102_4	289	493	0.002	13.9	4466	5332	JASGVX010000102	4	0.11764705882352941	0.07099391480730223	1
Cas12f2_2_CAS-V-F	JASGVX010000111_7	445	493	1.4e-17	60.7	6477	7811	JASGVX010000111	7	0.35280898876404493	0.3144016227180527	-1
Cas12f3_0_CAS-V-F	JASGVX010000111_7	445	496	3.3e-14	49.8	6477	7811	JASGVX010000111	7	0.4202247191011236	0.3548387096774194	-1
Cas12f7_0_CAS-V-F	JASGVX010000111_7	445	566	0.0021	14.0	6477	7811	JASGVX010000111	7	0.15955056179775282	0.13074204946996468	-1
Cas12g_0_CAS-V-G	JASGVX010000111_7	445	771	4.8e-05	18.8	6477	7811	JASGVX010000111	7	0.17752808988764046	0.11543450064850844	-1
Cas12j_0_V-J	JASGVX010000002_15	57	758	4.5	2.1	17469	17639	JASGVX010000002	15	0.543859649122807	0.03562005277044855	-1
Cas12j_0_V-J	JASGVX010000111_7	445	758	3.4e-09	32.3	6477	7811	JASGVX010000111	7	0.298876404494382	0.17018469656992086	-1
Cas12m_0_V-M	JASGVX010000111_7	445	577	2.9e-06	23.1	6477	7811	JASGVX010000111	7	0.23370786516853934	0.18370883882149047	-1
Cas2_5_CAS-I-II-III-IV-V-VI	JASGVX010000035_20	169	116	0.008	13.6	22048	22554	JASGVX010000035	20	0.4319526627218935	0.6120689655172413	1
Cas3HD_0_CAS-I	JASGVX010000003_32	217	203	0.0038	14.2	40882	41532	JASGVX010000003	32	0.35944700460829493	0.43349753694581283	1
Cas3HD_0_CAS-I	JASGVX010000003_58	526	203	0.0047	13.9	74666	76243	JASGVX010000003	58	0.08555133079847908	0.21674876847290642	-1
Cas3HD_0_CAS-I	JASGVX010000030_5	218	203	0.0001	19.3	4917	5570	JASGVX010000030	5	0.37155963302752293	0.4433497536945813	1
Cas3HD_0_CAS-I	JASGVX010000096_11	262	203	0.0018	15.2	14132	14917	JASGVX010000096	11	0.3282442748091603	0.49261083743842365	-1
Cas3HD_0_CAS-I	JASGVX010000143_63	171	203	0.0002	18.4	75008	75520	JASGVX010000143	63	0.4327485380116959	0.37438423645320196	-1
Cas3_0_CAS-I	JASGVX010000003_31	495	353	1.5e-05	21.4	39131	40615	JASGVX010000003	31	0.29494949494949496	0.41076487252124644	-1
Cas3_0_CAS-I	JASGVX010000026_3	237	353	0.0005	16.4	3482	4192	JASGVX010000026	3	0.6329113924050633	0.38243626062322944	1
Cas3_0_CAS-I	JASGVX010000060_6	797	353	4.3e-12	42.9	6085	8475	JASGVX010000060	6	0.29234629861982436	0.6175637393767706	-1
Cas3_0_CAS-I	JASGVX010000065_11	827	353	1.3e-06	24.9	14891	17371	JASGVX010000065	11	0.3349455864570738	0.7620396600566572	1
Cas3_0_CAS-I	JASGVX010000102_1	173	353	0.034	10.3	180	698	JASGVX010000102	1	0.10982658959537572	0.053824362606232294	1
Cas3_0_CAS-I	JASGVX010000131_22	731	353	2.7e-05	20.6	22605	24797	JASGVX010000131	22	0.2216142270861833	0.43626062322946174	1
Cas3_0_CAS-I	JASGVX010000131_42	569	353	3.7e-10	36.6	43785	45491	JASGVX010000131	42	0.39191564147627417	0.6543909348441926	-1
Cas3_0_CAS-I	JASGVX010000138_18	958	353	1.1e-14	51.5	21692	24565	JASGVX010000138	18	0.35073068893528186	0.9291784702549575	-1
Cas3_0_CAS-I	JASGVX010000146_6	1201	353	0.0004	16.7	11231	14833	JASGVX010000146	6	0.07577019150707744	0.254957507082153	-1
Cas3_0_CAS-I-D	JASGVX010000004_52	780	626	0.00015	17.2	49128	51467	JASGVX010000004	52	0.1282051282051282	0.15495207667731628	1
Cas3_0_CAS-I-D	JASGVX010000138_18	958	626	1.5e-08	30.4	21692	24565	JASGVX010000138	18	0.22129436325678498	0.31150159744408945	-1
Cas3_0_CAS-I-U	JASGVX010000146_6	1201	843	0.0051	11.8	11231	14833	JASGVX010000146	6	0.04079933388842631	0.054567022538552785	-1
Cas3_0_I	JASGVX010000003_31	495	358	4.2e-06	23.2	39131	40615	JASGVX010000003	31	0.31717171717171716	0.43854748603351956	-1
Cas3_0_I	JASGVX010000026_3	237	358	0.00078	15.7	3482	4192	JASGVX010000026	3	0.6371308016877637	0.38268156424581007	1
Cas3_0_I	JASGVX010000060_6	797	358	1.8e-12	44.1	6085	8475	JASGVX010000060	6	0.3601003764115433	0.7681564245810056	-1
Cas3_0_I	JASGVX010000065_11	827	358	2.7e-06	23.8	14891	17371	JASGVX010000065	11	0.2708585247883918	0.6508379888268156	1
Cas3_0_I	JASGVX010000102_1	173	358	0.029	10.6	180	698	JASGVX010000102	1	0.11560693641618497	0.055865921787709494	1
Cas3_0_I	JASGVX010000131_22	731	358	1.4e-05	21.4	22605	24797	JASGVX010000131	22	0.22845417236662108	0.4581005586592179	1
Cas3_0_I	JASGVX010000131_42	569	358	1.8e-09	34.3	43785	45491	JASGVX010000131	42	0.38312829525483305	0.6396648044692738	-1
Cas3_0_I	JASGVX010000138_18	958	358	3.3e-15	53.2	21692	24565	JASGVX010000138	18	0.34237995824634654	0.9022346368715084	-1
Cas3_0_I	JASGVX010000146_6	1201	358	0.0062	12.8	11231	14833	JASGVX010000146	6	0.0749375520399667	0.25139664804469275	-1
Cas3_0_ID	JASGVX010000003_28	914	357	6.7e-06	22.5	33281	36022	JASGVX010000003	28	0.3150984682713348	0.8235294117647058	-1
Cas3_0_ID	JASGVX010000003_31	495	357	0.0015	14.8	39131	40615	JASGVX010000003	31	0.21818181818181817	0.29411764705882354	-1
Cas3_0_ID	JASGVX010000065_11	827	357	0.00016	18.0	14891	17371	JASGVX010000065	11	0.22611850060459493	0.5266106442577031	1
Cas3_0_ID	JASGVX010000131_42	569	357	0.0061	12.8	43785	45491	JASGVX010000131	42	0.20035149384885764	0.3165266106442577	-1
Cas3_0_ID	JASGVX010000138_18	958	357	0.00044	16.5	21692	24565	JASGVX010000138	18	0.12421711899791232	0.2969187675070028	-1
Cas3_0_IU	JASGVX010000060_6	797	864	0.00012	17.3	6085	8475	JASGVX010000060	6	0.21580928481806774	0.21180555555555555	-1
Cas3_0_IU	JASGVX010000146_6	1201	864	0.0016	13.5	11231	14833	JASGVX010000146	6	0.0466278101582015	0.061342592592592594	-1
Cas3_1_CAS-I	JASGVX010000131_22	731	745	0.00032	16.2	22605	24797	JASGVX010000131	22	0.15868673050615595	0.16644295302013423	1
Cas3_1_CAS-I	JASGVX010000131_42	569	745	0.0013	14.3	43785	45491	JASGVX010000131	42	0.3462214411247803	0.28053691275167786	-1
Cas3_1_CAS-I	JASGVX010000138_18	958	745	1.8e-10	36.9	21692	24565	JASGVX010000138	18	0.17745302713987474	0.23758389261744967	-1
Cas3_1_CAS-I-D	JASGVX010000003_28	914	353	9e-07	25.4	33281	36022	JASGVX010000003	28	0.3336980306345733	0.9320113314447592	-1
Cas3_1_CAS-I-D	JASGVX010000003_31	495	353	0.00031	17.0	39131	40615	JASGVX010000003	31	0.21616161616161617	0.29461756373937675	-1
Cas3_1_CAS-I-D	JASGVX010000004_52	780	353	0.00015	18.1	49128	51467	JASGVX010000004	52	0.1346153846153846	0.28895184135977336	1
Cas3_1_CAS-I-D	JASGVX010000065_11	827	353	9.3e-05	18.8	14891	17371	JASGVX010000065	11	0.21523579201934703	0.5127478753541076	1
Cas3_1_CAS-I-D	JASGVX010000131_42	569	353	0.00087	15.6	43785	45491	JASGVX010000131	42	0.1687170474516696	0.254957507082153	-1
Cas3_1_CAS-I-D	JASGVX010000138_18	958	353	1.9e-05	21.0	21692	24565	JASGVX010000138	18	0.1315240083507307	0.32011331444759206	-1
Cas3_1_I	JASGVX010000003_32	217	178	0.0041	14.3	40882	41532	JASGVX010000003	32	0.35944700460829493	0.42134831460674155	1
Cas3_1_I	JASGVX010000003_58	526	178	0.044	10.9	74666	76243	JASGVX010000003	58	0.1958174904942966	0.42696629213483145	-1
Cas3_1_I	JASGVX010000030_5	218	178	2.4e-05	21.5	4917	5570	JASGVX010000030	5	0.3302752293577982	0.4438202247191011	1
Cas3_1_I	JASGVX010000096_11	262	178	0.00098	16.3	14132	14917	JASGVX010000096	11	0.24427480916030533	0.39325842696629215	-1
Cas3_2_CAS-I	JASGVX010000003_28	914	967	3.5e-13	45.6	33281	36022	JASGVX010000003	28	0.2735229759299781	0.2564632885211996	-1
Cas3_2_CAS-I	JASGVX010000060_6	797	967	0.0012	14.1	6085	8475	JASGVX010000060	6	0.14429109159347553	0.11995863495346432	-1
Cas3_2_CAS-I	JASGVX010000065_11	827	967	9.8e-09	30.9	14891	17371	JASGVX010000065	11	0.2478839177750907	0.20062047569803515	1
Cas3_2_CAS-I	JASGVX010000131_42	569	967	6.9e-08	28.1	43785	45491	JASGVX010000131	42	0.36731107205623903	0.2078593588417787	-1
Cas3_2_CAS-I	JASGVX010000138_18	958	967	5.5e-06	21.8	21692	24565	JASGVX010000138	18	0.23068893528183715	0.2233712512926577	-1
Cas3d_0_CAS-I-D	JASGVX010000003_28	914	639	3.2e-05	19.7	33281	36022	JASGVX010000003	28	0.20350109409190373	0.29107981220657275	-1
Cas3d_0_CAS-I-D	JASGVX010000003_31	495	639	1e-05	21.3	39131	40615	JASGVX010000003	31	0.1898989898989899	0.14397496087636932	-1
Cas3d_0_CAS-I-D	JASGVX010000131_22	731	639	0.023	10.2	22605	24797	JASGVX010000131	22	0.24076607387140903	0.2676056338028169	1
Cas3d_0_CAS-I-D	JASGVX010000138_18	958	639	0.01	11.4	21692	24565	JASGVX010000138	18	0.08977035490605428	0.1298904538341158	-1
Cas3d_1_CAS-I-D	JASGVX010000003_31	495	627	0.00063	15.2	39131	40615	JASGVX010000003	31	0.10909090909090909	0.08771929824561403	-1
Cas3d_1_CAS-I-D	JASGVX010000042_2	946	627	0.0045	12.4	3020	5857	JASGVX010000042	2	0.08139534883720931	0.12440191387559808	1
Cas3d_1_CAS-I-D	JASGVX010000138_18	958	627	0.0011	14.4	21692	24565	JASGVX010000138	18	0.1941544885177453	0.29505582137161085	-1
Cas4_0_CAS-I-II-III-IV-V-VI	JASGVX010000110_7	273	179	4e-13	47.1	6613	7431	JASGVX010000110	7	0.6410256410256411	0.9664804469273743	1
Cas4_0_CAS-I-II-III-IV-V-VI	JASGVX010000112_7	165	179	6.5e-35	118.1	11072	11566	JASGVX010000112	7	0.8181818181818182	0.7374301675977654	-1
Cas4_0_I-II	JASGVX010000110_7	273	180	4.7e-11	39.9	6613	7431	JASGVX010000110	7	0.6190476190476191	0.9222222222222223	1
Cas4_0_I-II	JASGVX010000112_7	165	180	1.5e-34	116.5	11072	11566	JASGVX010000112	7	0.806060606060606	0.7166666666666667	-1
Cas4_0_I-II-V	JASGVX010000110_7	273	177	2.5e-10	37.8	6613	7431	JASGVX010000110	7	0.63003663003663	0.9491525423728814	1
Cas4_0_I-II-V	JASGVX010000112_7	165	177	1.4000000000000001e-33	113.6	11072	11566	JASGVX010000112	7	0.8181818181818182	0.7344632768361582	-1
Cas4_3_CAS-I-II-III-IV-V-VI	JASGVX010000110_7	273	197	8.1e-14	49.2	6613	7431	JASGVX010000110	7	0.38095238095238093	0.5431472081218274	1
Cas4_3_CAS-I-II-III-IV-V-VI	JASGVX010000112_7	165	197	4.8e-14	50.0	11072	11566	JASGVX010000112	7	0.8606060606060606	0.6751269035532995	-1
Cas4_5_CAS-I-II-III-IV-V-VI	JASGVX010000110_7	273	161	1e-10	39.2	6613	7431	JASGVX010000110	7	0.3663003663003663	0.6149068322981367	1
Cas4_5_CAS-I-II-III-IV-V-VI	JASGVX010000112_7	165	161	5.6e-12	43.2	11072	11566	JASGVX010000112	7	0.7757575757575758	0.7080745341614907	-1
Cas5_0_IB	JASGVX010000138_22	273	217	0.0096	12.6	30374	31192	JASGVX010000138	22	0.5421245421245421	0.15207373271889402	-1
Cas5_10_CAS-I-B	JASGVX010000135_7	361	238	0.0019	14.8	4187	5269	JASGVX010000135	7	0.4487534626038781	0.3277310924369748	1
Cas5_2_CAS-I	JASGVX010000039_4	409	213	0.0046	14.0	3414	4640	JASGVX010000039	4	0.1784841075794621	0.3380281690140845	-1
Cas5_2_CAS-I-B	JASGVX010000041_4	75	194	0.0064	13.6	2057	2281	JASGVX010000041	4	0.6666666666666666	0.26288659793814434	-1
Cas5_2_CAS-I-B	JASGVX010000138_22	273	194	2.5e-05	21.5	30374	31192	JASGVX010000138	22	0.6776556776556777	0.28350515463917525	-1
Cas6_5_CAS-I-II-III-IV-V-VI	JASGVX010000061_29	224	219	1.6e-75	250.5	34186	34857	JASGVX010000061	29	0.96875	0.9908675799086758	1
Cas8a6_0_CAS-I-A	JASGVX010000004_57	228	375	0.0095	12.1	56074	56757	JASGVX010000004	57	0.20175438596491227	0.10133333333333333	1
Cas8b1_10_CAS-I-B	JASGVX010000121_3	95	567	0.01	11.6	1767	2051	JASGVX010000121	3	0.43157894736842106	0.06701940035273368	-1
Cas8b2_1_CAS-I-B	JASGVX010000111_43	216	334	0.015	11.7	45481	46128	JASGVX010000111	43	0.4166666666666667	0.2754491017964072	-1
Cas8c_2_CAS-I-C	JASGVX010000037_12	438	713	2.2e-05	20.3	11233	12546	JASGVX010000037	12	0.589041095890411	0.1276297335203366	-1
CasR_0_CAS-I-II-III-IV-V-VI	JASGVX010000004_58	173	198	1.7e-10	38.0	56902	57420	JASGVX010000004	58	0.31213872832369943	0.2777777777777778	-1
CasR_0_CAS-I-II-III-IV-V-VI	JASGVX010000005_1	76	198	0.01	12.6	2	229	JASGVX010000005	1	0.4868421052631579	0.1919191919191919	-1
CasR_0_CAS-I-II-III-IV-V-VI	JASGVX010000013_4	230	198	0.00022	18.0	917	1606	JASGVX010000013	4	0.41739130434782606	0.2727272727272727	1
CasR_0_CAS-I-II-III-IV-V-VI	JASGVX010000031_10	222	198	3.4e-05	20.7	12041	12706	JASGVX010000031	10	0.1891891891891892	0.20707070707070707	-1
CasR_0_CAS-I-II-III-IV-V-VI	JASGVX010000037_30	148	198	7e-06	22.9	41248	41691	JASGVX010000037	30	0.34459459459459457	0.25252525252525254	1
CasR_0_CAS-I-II-III-IV-V-VI	JASGVX010000038_16	272	198	0.022	11.5	18182	18997	JASGVX010000038	16	0.1801470588235294	0.25252525252525254	-1
CasR_0_CAS-I-II-III-IV-V-VI	JASGVX010000045_1	137	198	0.0061	13.3	3	413	JASGVX010000045	1	0.5328467153284672	0.8232323232323232	1
CasR_0_CAS-I-II-III-IV-V-VI	JASGVX010000051_3	112	198	0.0092	12.7	1535	1870	JASGVX010000051	3	0.5803571428571429	0.32323232323232326	1
CasR_0_CAS-I-II-III-IV-V-VI	JASGVX010000052_9	150	198	3.6e-05	20.6	4314	4763	JASGVX010000052	9	0.3466666666666667	0.25757575757575757	1
CasR_0_CAS-I-II-III-IV-V-VI	JASGVX010000062_25	140	198	0.00034	17.4	24196	24615	JASGVX010000062	25	0.5785714285714286	0.398989898989899	-1
CasR_0_CAS-I-II-III-IV-V-VI	JASGVX010000088_6	263	198	0.0002	18.1	4772	5560	JASGVX010000088	6	0.22433460076045628	0.29797979797979796	-1
CasR_0_CAS-I-II-III-IV-V-VI	JASGVX010000088_7	174	198	0.014	12.2	5560	6081	JASGVX010000088	7	0.3850574712643678	0.3484848484848485	-1
CasR_0_CAS-I-II-III-IV-V-VI	JASGVX010000090_4	80	198	1.6e-07	28.2	2816	3055	JASGVX010000090	4	0.6875	0.29292929292929293	1
CasR_0_CAS-I-II-III-IV-V-VI	JASGVX010000091_15	98	198	1.1e-06	25.5	9645	9938	JASGVX010000091	15	0.45918367346938777	0.23232323232323232	1
CasR_0_CAS-I-II-III-IV-V-VI	JASGVX010000091_28	171	198	0.007	13.1	22829	23341	JASGVX010000091	28	0.23976608187134502	0.20707070707070707	-1
CasR_0_CAS-I-II-III-IV-V-VI	JASGVX010000091_29	94	198	0.0019	15.0	23587	23868	JASGVX010000091	29	0.5319148936170213	0.24242424242424243	1
CasR_0_CAS-I-II-III-IV-V-VI	JASGVX010000091_49	129	198	7.5e-05	19.5	44763	45149	JASGVX010000091	49	0.4573643410852713	0.30808080808080807	1
CasR_0_CAS-I-II-III-IV-V-VI	JASGVX010000093_22	271	198	1.2e-10	38.5	22707	23519	JASGVX010000093	22	0.4132841328413284	0.41414141414141414	-1
CasR_0_CAS-I-II-III-IV-V-VI	JASGVX010000093_8	277	198	7.4e-10	35.9	7417	8247	JASGVX010000093	8	0.3971119133574007	0.3484848484848485	-1
CasR_0_CAS-I-II-III-IV-V-VI	JASGVX010000095_1	220	198	2.7e-08	30.8	854	1513	JASGVX010000095	1	0.41363636363636364	0.47474747474747475	-1
CasR_0_CAS-I-II-III-IV-V-VI	JASGVX010000101_17	136	198	0.00011	19.0	17690	18097	JASGVX010000101	17	0.47794117647058826	0.3484848484848485	1
CasR_0_CAS-I-II-III-IV-V-VI	JASGVX010000104_15	247	198	4.1e-07	26.9	15907	16647	JASGVX010000104	15	0.42105263157894735	0.3181818181818182	1
CasR_0_CAS-I-II-III-IV-V-VI	JASGVX010000110_10	312	198	0.00051	16.8	9612	10547	JASGVX010000110	10	0.1955128205128205	0.29292929292929293	1
CasR_0_CAS-I-II-III-IV-V-VI	JASGVX010000114_29	222	198	0.00066	16.5	33199	33864	JASGVX010000114	29	0.27927927927927926	0.30808080808080807	1
CasR_0_CAS-I-II-III-IV-V-VI	JASGVX010000131_49	164	198	0.0022	14.8	53468	53959	JASGVX010000131	49	0.2621951219512195	0.21717171717171718	1
CasR_0_CAS-I-II-III-IV-V-VI	JASGVX010000143_44	156	198	1.2e-06	25.4	48804	49271	JASGVX010000143	44	0.28846153846153844	0.22727272727272727	1
CasR_0_CAS-I-II-III-IV-V-VI	JASGVX010000143_55	138	198	0.0008	16.2	61356	61769	JASGVX010000143	55	0.463768115942029	0.29292929292929293	-1
CasR_0_CAS-I-II-III-IV-V-VI	JASGVX010000144_6	126	198	0.00088	16.1	2930	3307	JASGVX010000144	6	0.5952380952380952	0.35858585858585856	1
CasR_0_CAS-III-B	JASGVX010000071_3	690	480	0.00057	15.8	3145	5214	JASGVX010000071	3	0.08840579710144927	0.12291666666666666	-1
CasR_1_CAS-I-II-III-IV-V-VI	JASGVX010000003_6	261	218	0.0064	12.8	7347	8129	JASGVX010000003	6	0.23754789272030652	0.30275229357798167	1
CasR_1_CAS-I-II-III-IV-V-VI	JASGVX010000004_51	129	218	0.0067	12.7	48425	48811	JASGVX010000004	51	0.35658914728682173	0.1926605504587156	1
CasR_1_CAS-I-II-III-IV-V-VI	JASGVX010000004_58	173	218	4.9e-10	36.1	56902	57420	JASGVX010000004	58	0.6705202312138728	0.5091743119266054	-1
CasR_1_CAS-I-II-III-IV-V-VI	JASGVX010000005_1	76	218	0.00097	15.5	2	229	JASGVX010000005	1	0.5	0.17889908256880735	-1
CasR_1_CAS-I-II-III-IV-V-VI	JASGVX010000013_4	230	218	1.2e-05	21.7	917	1606	JASGVX010000013	4	0.4391304347826087	0.25688073394495414	1
CasR_1_CAS-I-II-III-IV-V-VI	JASGVX010000018_3	284	218	0.003	13.9	1846	2697	JASGVX010000018	3	0.23591549295774647	0.3256880733944954	1
CasR_1_CAS-I-II-III-IV-V-VI	JASGVX010000031_10	222	218	6.3e-05	19.4	12041	12706	JASGVX010000031	10	0.1981981981981982	0.21100917431192662	-1
CasR_1_CAS-I-II-III-IV-V-VI	JASGVX010000037_30	148	218	2.8e-05	20.5	41248	41691	JASGVX010000037	30	0.31756756756756754	0.21100917431192662	1
CasR_1_CAS-I-II-III-IV-V-VI	JASGVX010000038_16	272	218	0.0038	13.6	18182	18997	JASGVX010000038	16	0.23529411764705882	0.3119266055045872	-1
CasR_1_CAS-I-II-III-IV-V-VI	JASGVX010000051_3	112	218	0.0027	14.1	1535	1870	JASGVX010000051	3	0.44642857142857145	0.22018348623853212	1
CasR_1_CAS-I-II-III-IV-V-VI	JASGVX010000052_9	150	218	1.2e-05	21.7	4314	4763	JASGVX010000052	9	0.3466666666666667	0.24770642201834864	1
CasR_1_CAS-I-II-III-IV-V-VI	JASGVX010000055_9	229	218	0.01	12.1	5658	6344	JASGVX010000055	9	0.26200873362445415	0.2706422018348624	1
CasR_1_CAS-I-II-III-IV-V-VI	JASGVX010000056_38	81	218	0.026	10.8	47317	47559	JASGVX010000056	38	0.32098765432098764	0.12385321100917432	1
CasR_1_CAS-I-II-III-IV-V-VI	JASGVX010000062_25	140	218	0.00014	18.2	24196	24615	JASGVX010000062	25	0.6071428571428571	0.38990825688073394	-1
CasR_1_CAS-I-II-III-IV-V-VI	JASGVX010000074_11	119	218	0.01	12.1	10471	10827	JASGVX010000074	11	0.3949579831932773	0.2018348623853211	1
CasR_1_CAS-I-II-III-IV-V-VI	JASGVX010000079_1	134	218	0.0033	13.8	2	403	JASGVX010000079	1	0.48507462686567165	0.29357798165137616	-1
CasR_1_CAS-I-II-III-IV-V-VI	JASGVX010000082_4	92	218	0.01	12.1	3313	3588	JASGVX010000082	4	0.4782608695652174	0.2018348623853211	1
CasR_1_CAS-I-II-III-IV-V-VI	JASGVX010000088_6	263	218	2.7e-05	20.6	4772	5560	JASGVX010000088	6	0.2509505703422053	0.3073394495412844	-1
CasR_1_CAS-I-II-III-IV-V-VI	JASGVX010000088_7	174	218	0.005	13.2	5560	6081	JASGVX010000088	7	0.5287356321839081	0.3119266055045872	-1
CasR_1_CAS-I-II-III-IV-V-VI	JASGVX010000090_4	80	218	3.1e-07	26.9	2816	3055	JASGVX010000090	4	0.75	0.2889908256880734	1
CasR_1_CAS-I-II-III-IV-V-VI	JASGVX010000091_15	98	218	7e-08	29.0	9645	9938	JASGVX010000091	15	0.45918367346938777	0.21100917431192662	1
CasR_1_CAS-I-II-III-IV-V-VI	JASGVX010000091_28	171	218	0.00057	16.2	22829	23341	JASGVX010000091	28	0.22807017543859648	0.17889908256880735	-1
CasR_1_CAS-I-II-III-IV-V-VI	JASGVX010000091_29	94	218	0.00049	16.4	23587	23868	JASGVX010000091	29	0.5319148936170213	0.22018348623853212	1
CasR_1_CAS-I-II-III-IV-V-VI	JASGVX010000091_49	129	218	7e-06	22.5	44763	45149	JASGVX010000091	49	0.4573643410852713	0.2798165137614679	1
CasR_1_CAS-I-II-III-IV-V-VI	JASGVX010000093_22	271	218	1.1e-11	41.4	22707	23519	JASGVX010000093	22	0.4575645756457565	0.3577981651376147	-1
CasR_1_CAS-I-II-III-IV-V-VI	JASGVX010000093_8	277	218	6.4e-08	29.2	7417	8247	JASGVX010000093	8	0.3212996389891697	0.24770642201834864	-1
CasR_1_CAS-I-II-III-IV-V-VI	JASGVX010000094_16	227	218	0.0057	13.0	15179	15859	JASGVX010000094	16	0.3392070484581498	0.22477064220183487	1
CasR_1_CAS-I-II-III-IV-V-VI	JASGVX010000095_1	220	218	9.6e-10	35.1	854	1513	JASGVX010000095	1	0.4772727272727273	0.4954128440366973	-1
CasR_1_CAS-I-II-III-IV-V-VI	JASGVX010000101_17	136	218	2.4e-05	20.8	17690	18097	JASGVX010000101	17	0.4411764705882353	0.2798165137614679	1
CasR_1_CAS-I-II-III-IV-V-VI	JASGVX010000101_21	273	218	0.0089	12.3	20835	21653	JASGVX010000101	21	0.23076923076923078	0.3073394495412844	-1
CasR_1_CAS-I-II-III-IV-V-VI	JASGVX010000104_15	247	218	5e-09	32.8	15907	16647	JASGVX010000104	15	0.38866396761133604	0.25688073394495414	1
CasR_1_CAS-I-II-III-IV-V-VI	JASGVX010000104_22	118	218	8.3e-05	19.0	26658	27011	JASGVX010000104	22	0.5423728813559322	0.2981651376146789	-1
CasR_1_CAS-I-II-III-IV-V-VI	JASGVX010000110_10	312	218	1.8e-05	21.2	9612	10547	JASGVX010000110	10	0.25	0.2706422018348624	1
CasR_1_CAS-I-II-III-IV-V-VI	JASGVX010000114_29	222	218	0.0018	14.6	33199	33864	JASGVX010000114	29	0.26576576576576577	0.26605504587155965	1
CasR_1_CAS-I-II-III-IV-V-VI	JASGVX010000131_49	164	218	0.001	15.4	53468	53959	JASGVX010000131	49	0.2682926829268293	0.2018348623853211	1
CasR_1_CAS-I-II-III-IV-V-VI	JASGVX010000143_44	156	218	8.6e-08	28.7	48804	49271	JASGVX010000143	44	0.28846153846153844	0.20642201834862386	1
CasR_1_CAS-I-II-III-IV-V-VI	JASGVX010000143_55	138	218	0.0035	13.7	61356	61769	JASGVX010000143	55	0.45652173913043476	0.26146788990825687	-1
CasR_1_CAS-I-II-III-IV-V-VI	JASGVX010000144_6	126	218	6.3e-05	19.4	2930	3307	JASGVX010000144	6	0.5158730158730159	0.2981651376146789	1
Cmr4_0_IIIB	JASGVX010000079_4	394	283	0.0018	15.3	5383	6564	JASGVX010000079	4	0.116751269035533	0.16607773851590105	-1
Cmr4_0_IIIB	JASGVX010000079_6	259	283	1.5e-14	51.6	7567	8343	JASGVX010000079	6	0.5482625482625483	0.45229681978798586	-1
Cmr4_1_IIIB	JASGVX010000079_4	394	281	0.0022	14.8	5383	6564	JASGVX010000079	4	0.10913705583756345	0.15658362989323843	-1
Cmr4_1_IIIB	JASGVX010000079_6	259	281	4.9e-12	43.2	7567	8343	JASGVX010000079	6	0.5405405405405406	0.44483985765124556	-1
Cmr4gr7_0_CAS-III-B-III-C	JASGVX010000079_4	394	282	0.00024	18.0	5383	6564	JASGVX010000079	4	0.1065989847715736	0.14893617021276595	-1
Cmr4gr7_0_CAS-III-B-III-C	JASGVX010000079_6	259	282	3.7e-14	50.2	7567	8343	JASGVX010000079	6	0.5482625482625483	0.4432624113475177	-1
Cmr4gr7_1_CAS-III-B-III-C	JASGVX010000079_4	394	309	4.9e-06	23.3	5383	6564	JASGVX010000079	4	0.13705583756345177	0.15857605177993528	-1
Cmr4gr7_1_CAS-III-B-III-C	JASGVX010000079_6	259	309	1.8e-14	51.0	7567	8343	JASGVX010000079	6	0.5714285714285714	0.44983818770226536	-1
Cmr5gr11_1_CAS-III-C	JASGVX010000003_76	118	180	0.027	11.5	104251	104604	JASGVX010000003	76	0.8389830508474576	0.5277777777777778	-1
Cmr5gr11_9_CAS-III-B	JASGVX010000058_15	926	137	0.0024	14.5	19501	22278	JASGVX010000058	15	0.07991360691144708	0.48905109489051096	1
Cmr6_0_IIIB	JASGVX010000079_4	394	213	1.8e-05	21.8	5383	6564	JASGVX010000079	4	0.12944162436548223	0.15023474178403756	-1
Cmr6_0_IIIB	JASGVX010000079_6	259	213	4.5e-09	33.6	7567	8343	JASGVX010000079	6	0.7644787644787645	0.8356807511737089	-1
Cmr6_0_IIIC	JASGVX010000079_5	338	252	0.005	13.7	6561	7574	JASGVX010000079	5	0.10355029585798817	0.14285714285714285	-1
Cmr6_0_IIIC	JASGVX010000079_6	259	252	2.7e-12	44.0	7567	8343	JASGVX010000079	6	0.5598455598455598	0.5793650793650794	-1
Cmr6_1_IIIB	JASGVX010000079_4	394	264	2.1e-05	21.4	5383	6564	JASGVX010000079	4	0.07868020304568528	0.125	-1
Cmr6_1_IIIB	JASGVX010000079_6	259	264	1.2e-09	35.3	7567	8343	JASGVX010000079	6	0.6988416988416989	0.6287878787878788	-1
Cmr6gr7_0_CAS-III-B-III-C	JASGVX010000079_6	259	544	0.0038	13.3	7567	8343	JASGVX010000079	6	0.27413127413127414	0.125	-1
Cmr6gr7_1_CAS-III-B-III-C	JASGVX010000079_4	394	218	1.6e-05	21.8	5383	6564	JASGVX010000079	4	0.18274111675126903	0.2706422018348624	-1
Cmr6gr7_1_CAS-III-B-III-C	JASGVX010000079_6	259	218	1.8e-11	41.3	7567	8343	JASGVX010000079	6	0.7837837837837838	0.8623853211009175	-1
Cmr6gr7_2_CAS-III-B-III-C	JASGVX010000079_4	394	262	7.9e-05	19.5	5383	6564	JASGVX010000079	4	0.07614213197969544	0.10687022900763359	-1
Cmr6gr7_2_CAS-III-B-III-C	JASGVX010000079_6	259	262	1.1e-11	42.0	7567	8343	JASGVX010000079	6	0.7799227799227799	0.6793893129770993	-1
Cmr6gr7_3_CAS-III-B-III-C	JASGVX010000079_5	338	250	0.01	12.6	6561	7574	JASGVX010000079	5	0.09763313609467456	0.136	-1
Cmr6gr7_3_CAS-III-B-III-C	JASGVX010000079_6	259	250	9.6e-12	42.2	7567	8343	JASGVX010000079	6	0.583011583011583	0.608	-1
CorA_0_CAS-III-B-III-D	JASGVX010000121_11	357	551	8.4e-07	25.2	9886	10956	JASGVX010000121	11	0.19047619047619047	0.12885662431941924	-1
CorA_1_CAS-III-B	JASGVX010000110_37	74	125	0.018	12.1	36733	36954	JASGVX010000110	37	0.7162162162162162	0.392	1
Csa3_1_CAS-I-II-III-IV-V-VI	JASGVX010000003_61	983	118	0.00017	19.1	81779	84727	JASGVX010000003	61	0.08952187182095625	0.7203389830508474	-1
Csa3_1_CAS-I-II-III-IV-V-VI	JASGVX010000004_58	173	118	1.4e-05	22.6	56902	57420	JASGVX010000004	58	0.34104046242774566	0.559322033898305	-1
Csa3_1_CAS-I-II-III-IV-V-VI	JASGVX010000013_4	230	118	3.1e-12	44.1	917	1606	JASGVX010000013	4	0.5434782608695652	0.5932203389830508	1
Csa3_1_CAS-I-II-III-IV-V-VI	JASGVX010000031_4	388	118	0.19	9.3	2114	3277	JASGVX010000031	4	0.46649484536082475	0.7288135593220338	-1
Csa3_1_CAS-I-II-III-IV-V-VI	JASGVX010000051_3	112	118	0.0046	14.5	1535	1870	JASGVX010000051	3	0.4107142857142857	0.4067796610169492	1
Csa3_1_CAS-I-II-III-IV-V-VI	JASGVX010000064_6	259	118	4.4e-05	21.0	6045	6821	JASGVX010000064	6	0.28957528957528955	0.5932203389830508	1
Csa3_1_CAS-I-II-III-IV-V-VI	JASGVX010000091_15	98	118	2.2e-14	51.0	9645	9938	JASGVX010000091	15	0.8571428571428571	0.7203389830508474	1
Csa3_1_CAS-I-II-III-IV-V-VI	JASGVX010000091_29	94	118	0.018	12.6	23587	23868	JASGVX010000091	29	0.425531914893617	0.2542372881355932	1
Csa3_1_CAS-I-II-III-IV-V-VI	JASGVX010000091_49	129	118	9.3e-14	48.9	44763	45149	JASGVX010000091	49	0.6434108527131783	0.7796610169491526	1
Csa3_1_CAS-I-II-III-IV-V-VI	JASGVX010000093_22	271	118	4.3e-14	50.0	22707	23519	JASGVX010000093	22	0.4907749077490775	0.6949152542372882	-1
Csa3_1_CAS-I-II-III-IV-V-VI	JASGVX010000093_8	277	118	3e-13	47.3	7417	8247	JASGVX010000093	8	0.5090252707581228	0.6694915254237288	-1
Csa3_1_CAS-I-II-III-IV-V-VI	JASGVX010000094_16	227	118	0.00076	17.0	15179	15859	JASGVX010000094	16	0.4581497797356828	0.7542372881355932	1
Csa3_1_CAS-I-II-III-IV-V-VI	JASGVX010000095_1	220	118	2.5e-11	41.1	854	1513	JASGVX010000095	1	0.4409090909090909	0.8389830508474576	-1
Csa3_1_CAS-I-II-III-IV-V-VI	JASGVX010000101_17	136	118	3.2e-05	21.4	17690	18097	JASGVX010000101	17	0.5441176470588235	0.5847457627118644	1
Csa3_1_CAS-I-II-III-IV-V-VI	JASGVX010000104_15	247	118	4.7e-08	30.6	15907	16647	JASGVX010000104	15	0.3643724696356275	0.4830508474576271	1
Csa3_1_CAS-I-II-III-IV-V-VI	JASGVX010000104_22	118	118	2.2e-20	70.3	26658	27011	JASGVX010000104	22	0.7542372881355932	0.8305084745762712	-1
Csa3_1_CAS-I-II-III-IV-V-VI	JASGVX010000110_10	312	118	9.3e-08	29.6	9612	10547	JASGVX010000110	10	0.266025641025641	0.711864406779661	1
Csa3_1_CAS-I-II-III-IV-V-VI	JASGVX010000117_3	116	118	2.3e-08	31.5	2452	2799	JASGVX010000117	3	0.6293103448275862	0.6779661016949152	-1
Csa3_1_CAS-I-II-III-IV-V-VI	JASGVX010000141_1	130	118	0.00058	17.4	515	904	JASGVX010000141	1	0.4	0.3220338983050847	1
Csa3_1_CAS-I-II-III-IV-V-VI	JASGVX010000142_19	134	118	2.2e-05	22.0	18637	19038	JASGVX010000142	19	0.7164179104477612	0.7372881355932204	1
Csa3_1_CAS-I-II-III-IV-V-VI	JASGVX010000143_55	138	118	0.00014	19.4	61356	61769	JASGVX010000143	55	0.4420289855072464	0.5084745762711864	-1
Csa3_1_CAS-I-II-III-IV-V-VI	JASGVX010000144_6	126	118	1.4e-06	25.8	2930	3307	JASGVX010000144	6	0.5873015873015873	0.635593220338983	1
Csb1gr7_0_CAS-I-U	JASGVX010000044_7	415	169	0.0027	14.7	6850	8094	JASGVX010000044	7	0.20240963855421687	0.5207100591715976	1
Csf2_0_IV	JASGVX010000079_4	394	329	0.0017	15.0	5383	6564	JASGVX010000079	4	0.10152284263959391	0.12158054711246201	-1
Csf2_0_IV	JASGVX010000079_6	259	329	8.2e-12	42.4	7567	8343	JASGVX010000079	6	0.4671814671814672	0.3708206686930091	-1
Csf3_0_IV	JASGVX010000134_6	235	222	0.00011	19.2	5838	6542	JASGVX010000134	6	0.2936170212765957	0.2972972972972973	1
Csf4_0_IVA	JASGVX010000003_28	914	666	0.013	11.2	33281	36022	JASGVX010000003	28	0.08096280087527352	0.10810810810810811	-1
Csf4_0_IVA	JASGVX010000004_13	454	666	0.029	10.0	11015	12376	JASGVX010000004	13	0.16299559471365638	0.10810810810810811	-1
Csf4_0_IVA	JASGVX010000004_52	780	666	9.3e-15	51.3	49128	51467	JASGVX010000004	52	0.4551282051282051	0.5540540540540541	1
Csf4_0_IVA	JASGVX010000121_9	308	666	0.018	10.7	8178	9101	JASGVX010000121	9	0.11688311688311688	0.05405405405405406	-1
Csf4_0_IVA	JASGVX010000131_42	569	666	0.0043	12.8	43785	45491	JASGVX010000131	42	0.11247803163444639	0.0945945945945946	-1
Csf4_1_IVA1	JASGVX010000004_52	780	802	1.5e-07	27.1	49128	51467	JASGVX010000004	52	0.15897435897435896	0.16084788029925187	1
Csf4_1_IVA1	JASGVX010000011_1	1147	802	9e-05	17.9	144	3584	JASGVX010000011	1	0.08631211857018309	0.1172069825436409	-1
Csf4_2_IVA1	JASGVX010000004_52	780	526	0.00042	16.2	49128	51467	JASGVX010000004	52	0.12179487179487179	0.17680608365019013	1
Csf4_3_IVE	JASGVX010000004_52	780	648	0.0013	14.6	49128	51467	JASGVX010000004	52	0.17692307692307693	0.2021604938271605	1
Csf4_3_IVE	JASGVX010000022_18	82	648	0.0062	12.3	21696	21941	JASGVX010000022	18	0.573170731707317	0.07253086419753087	-1
Csf4_3_IVE	JASGVX010000121_34	894	648	0.00014	17.8	33604	36285	JASGVX010000121	34	0.07158836689038031	0.0941358024691358	-1
Csm2_0_IIIA	JASGVX010000079_7	167	96	2.7e-19	67.0	8344	8844	JASGVX010000079	7	0.5449101796407185	0.9895833333333334	-1
Csm2_0_IIIA	JASGVX010000107_1	399	96	0.0093	14.0	337	1533	JASGVX010000107	1	0.3333333333333333	0.46875	-1
Csm2_1_IIIA	JASGVX010000059_22	162	139	0.012	13.0	19692	20177	JASGVX010000059	22	0.48148148148148145	0.34532374100719426	1
Csm2_1_IIIA	JASGVX010000079_7	167	139	8.1e-10	36.2	8344	8844	JASGVX010000079	7	0.5748502994011976	0.697841726618705	-1
Csm2gr11_0_CAS-III-A	JASGVX010000063_23	771	95	0.97	7.6	29376	31688	JASGVX010000063	23	0.29961089494163423	0.8736842105263158	1
Csm2gr11_0_CAS-III-A	JASGVX010000079_7	167	95	3.9e-18	63.3	8344	8844	JASGVX010000079	7	0.5389221556886228	0.9894736842105263	-1
Csm2gr11_0_CAS-III-A	JASGVX010000091_27	293	95	0.29	9.3	20772	21650	JASGVX010000091	27	0.5051194539249146	0.5473684210526316	-1
Csm2gr11_0_CAS-III-A	JASGVX010000107_1	399	95	0.0046	15.0	337	1533	JASGVX010000107	1	0.43107769423558895	0.7368421052631579	-1
Csm2gr11_0_CAS-III-D	JASGVX010000052_6	144	181	0.016	12.0	1927	2358	JASGVX010000052	6	0.5833333333333334	0.4419889502762431	-1
Csm2gr11_2_CAS-III-A	JASGVX010000079_7	167	142	5.7e-12	43.3	8344	8844	JASGVX010000079	7	0.5868263473053892	0.704225352112676	-1
Csm2gr11_4_CAS-III-A	JASGVX010000002_21	621	142	0.5	7.5	22647	24509	JASGVX010000002	21	0.14170692431561996	0.34507042253521125	1
Csm2gr11_5_CAS-III-A	JASGVX010000079_7	167	120	0.0033	14.6	8344	8844	JASGVX010000079	7	0.562874251497006	0.7	-1
Csm2gr11_5_CAS-III-A	JASGVX010000088_1	267	120	0.012	12.7	81	881	JASGVX010000088	1	0.17228464419475656	0.375	1
Csm2gr11_6_CAS-III-A	JASGVX010000079_7	167	139	1.2e-06	25.7	8344	8844	JASGVX010000079	7	0.5449101796407185	0.6618705035971223	-1
Csm2gr11_7_CAS-III-A	JASGVX010000079_7	167	110	4.3e-14	50.6	8344	8844	JASGVX010000079	7	0.6167664670658682	0.9272727272727272	-1
Csm3_0_IIIA	JASGVX010000079_4	394	203	7.1e-06	23.2	5383	6564	JASGVX010000079	4	0.3147208121827411	0.6009852216748769	-1
Csm3_0_IIIA	JASGVX010000079_5	338	203	0.0025	14.9	6561	7574	JASGVX010000079	5	0.08875739644970414	0.15270935960591134	-1
Csm3_0_IIIA	JASGVX010000079_6	259	203	2.2e-84	279.6	7567	8343	JASGVX010000079	6	0.7992277992277992	0.9950738916256158	-1
Csm3_0_IIIAD	JASGVX010000079_4	394	650	0.0053	12.7	5383	6564	JASGVX010000079	4	0.08883248730964467	0.05076923076923077	-1
Csm3_0_IIIAD	JASGVX010000079_6	259	650	7.7e-07	25.4	7567	8343	JASGVX010000079	6	0.49034749034749037	0.19230769230769232	-1
Csm3_0_IIID	JASGVX010000079_4	394	178	1.6e-10	39.3	5383	6564	JASGVX010000079	4	0.4365482233502538	0.8707865168539326	-1
Csm3_0_IIID	JASGVX010000079_6	259	178	3.9e-19	67.3	7567	8343	JASGVX010000079	6	0.7258687258687259	0.9719101123595506	-1
Csm3_1_IIIAD	JASGVX010000079_4	394	189	1.8e-09	35.2	5383	6564	JASGVX010000079	4	0.766497461928934	0.8941798941798942	-1
Csm3_1_IIIAD	JASGVX010000079_5	338	189	2.3e-05	21.8	6561	7574	JASGVX010000079	5	0.28402366863905326	0.3915343915343915	-1
Csm3_1_IIIAD	JASGVX010000079_6	259	189	6.1e-16	56.3	7567	8343	JASGVX010000079	6	0.7606177606177607	0.9841269841269841	-1
Csm3_1_IIID	JASGVX010000079_4	394	257	1.2e-06	25.5	5383	6564	JASGVX010000079	4	0.3477157360406091	0.5525291828793775	-1
Csm3_1_IIID	JASGVX010000079_5	338	257	0.011	12.4	6561	7574	JASGVX010000079	5	0.11242603550295859	0.14785992217898833	-1
Csm3_1_IIID	JASGVX010000079_6	259	257	2.5e-87	289.8	7567	8343	JASGVX010000079	6	0.918918918918919	0.9377431906614786	-1
Csm3gr7_0_CAS-III-A-III-D	JASGVX010000079_4	394	210	0.00049	16.8	5383	6564	JASGVX010000079	4	0.11421319796954314	0.21428571428571427	-1
Csm3gr7_0_CAS-III-A-III-D	JASGVX010000079_6	259	210	6.9e-20	68.6	7567	8343	JASGVX010000079	6	0.8108108108108109	0.9809523809523809	-1
Csm3gr7_10_CAS-III-A-III-D	JASGVX010000079_4	394	228	6.4e-05	19.7	5383	6564	JASGVX010000079	4	0.13705583756345177	0.2236842105263158	-1
Csm3gr7_11_CAS-III-A-III-D	JASGVX010000079_6	259	216	0.0003	17.4	7567	8343	JASGVX010000079	6	0.2857142857142857	0.3333333333333333	-1
Csm3gr7_12_CAS-III-A-III-D	JASGVX010000079_4	394	199	2.2e-16	57.9	5383	6564	JASGVX010000079	4	0.8578680203045685	0.9899497487437185	-1
Csm3gr7_12_CAS-III-A-III-D	JASGVX010000079_5	338	199	3.4e-05	21.4	6561	7574	JASGVX010000079	5	0.6124260355029586	0.9748743718592965	-1
Csm3gr7_12_CAS-III-A-III-D	JASGVX010000079_6	259	199	9.2e-20	68.9	7567	8343	JASGVX010000079	6	0.7644787644787645	0.9949748743718593	-1
Csm3gr7_1_CAS-III-A-III-D	JASGVX010000079_4	394	215	4.9e-06	23.6	5383	6564	JASGVX010000079	4	0.14974619289340102	0.2744186046511628	-1
Csm3gr7_1_CAS-III-A-III-D	JASGVX010000079_5	338	215	9e-05	19.5	6561	7574	JASGVX010000079	5	0.11834319526627218	0.18604651162790697	-1
Csm3gr7_1_CAS-III-A-III-D	JASGVX010000079_6	259	215	7.999999999999999e-91	300.7	7567	8343	JASGVX010000079	6	0.8494208494208494	0.9906976744186047	-1
Csm3gr7_2_CAS-III-A-III-D	JASGVX010000079_4	394	180	1e-20	72.1	5383	6564	JASGVX010000079	4	0.4593908629441624	0.8944444444444445	-1
Csm3gr7_2_CAS-III-A-III-D	JASGVX010000079_6	259	180	2.6e-26	90.3	7567	8343	JASGVX010000079	6	0.7413127413127413	0.9944444444444445	-1
Csm3gr7_3_CAS-III-A-III-D	JASGVX010000079_6	259	182	0.021	11.8	7567	8343	JASGVX010000079	6	0.28185328185328185	0.35714285714285715	-1
Csm3gr7_4_CAS-III-A-III-D	JASGVX010000079_4	394	640	0.00061	15.9	5383	6564	JASGVX010000079	4	0.07614213197969544	0.05	-1
Csm3gr7_4_CAS-III-A-III-D	JASGVX010000079_6	259	640	7.8e-08	28.8	7567	8343	JASGVX010000079	6	0.5173745173745173	0.20625	-1
Csm3gr7_8_CAS-III-A-III-D	JASGVX010000079_4	394	256	8.2e-08	29.1	5383	6564	JASGVX010000079	4	0.5126903553299492	0.59375	-1
Csm3gr7_8_CAS-III-A-III-D	JASGVX010000079_5	338	256	0.013	12.1	6561	7574	JASGVX010000079	5	0.10946745562130178	0.14453125	-1
Csm3gr7_8_CAS-III-A-III-D	JASGVX010000079_6	259	256	1.4e-86	287.3	7567	8343	JASGVX010000079	6	0.9227799227799228	0.94140625	-1
Csm4_0_IIIA	JASGVX010000079_5	338	302	4.3e-97	322.2	6561	7574	JASGVX010000079	5	0.9526627218934911	1.0	-1
Csm4_0_IIIA	JASGVX010000079_6	259	302	9.7e-10	35.3	7567	8343	JASGVX010000079	6	0.3281853281853282	0.27483443708609273	-1
Csm4_1_IIIA	JASGVX010000079_5	338	319	6.3e-95	315.0	6561	7574	JASGVX010000079	5	0.9792899408284024	0.9937304075235109	-1
Csm4_1_IIIA	JASGVX010000079_6	259	319	1.2e-05	21.7	7567	8343	JASGVX010000079	6	0.26640926640926643	0.21003134796238246	-1
Csm4gr5_0_CAS-III-A	JASGVX010000079_5	338	301	4.3e-98	325.5	6561	7574	JASGVX010000079	5	0.9526627218934911	1.0	-1
Csm4gr5_0_CAS-III-A	JASGVX010000079_6	259	301	3.5e-09	33.5	7567	8343	JASGVX010000079	6	0.30115830115830117	0.25249169435215946	-1
Csm4gr5_0_CAS-III-A-III-D	JASGVX010000079_5	338	317	3.6e-21	72.9	6561	7574	JASGVX010000079	5	0.893491124260355	0.9369085173501577	-1
Csm4gr5_1_CAS-III-A	JASGVX010000079_5	338	315	1.7e-95	317.1	6561	7574	JASGVX010000079	5	0.9822485207100592	0.9968253968253968	-1
Csm4gr5_1_CAS-III-A	JASGVX010000079_6	259	315	2e-08	31.0	7567	8343	JASGVX010000079	6	0.44787644787644787	0.24761904761904763	-1
Csm5_0_IIIA	JASGVX010000079_4	394	364	3.5e-111	369.3	5383	6564	JASGVX010000079	4	0.9720812182741116	1.0	-1
Csm5_0_IIIA	JASGVX010000079_6	259	364	3.3e-05	20.6	7567	8343	JASGVX010000079	6	0.28957528957528955	0.21703296703296704	-1
Csm5_1_IIIA	JASGVX010000079_4	394	373	1.3e-106	354.4	5383	6564	JASGVX010000079	4	0.9822335025380711	0.9946380697050938	-1
Csm5_1_IIIA	JASGVX010000079_6	259	373	0.0017	15.0	7567	8343	JASGVX010000079	6	0.3204633204633205	0.20107238605898123	-1
Csm5gr7_0_CAS-III-A-III-D	JASGVX010000079_4	394	365	3.6e-112	372.4	5383	6564	JASGVX010000079	4	0.9720812182741116	1.0	-1
Csm5gr7_0_CAS-III-A-III-D	JASGVX010000079_6	259	365	6.7e-05	19.4	7567	8343	JASGVX010000079	6	0.15444015444015444	0.11232876712328767	-1
Csm5gr7_1_CAS-III-A-III-D	JASGVX010000079_4	394	369	1.5e-111	370.8	5383	6564	JASGVX010000079	4	0.9847715736040609	0.997289972899729	-1
Csm5gr7_1_CAS-III-A-III-D	JASGVX010000079_6	259	369	0.00017	18.6	7567	8343	JASGVX010000079	6	0.0888030888030888	0.056910569105691054	-1
Csm5gr7_2_CAS-III-A-III-D	JASGVX010000079_6	259	258	0.0011	15.5	7567	8343	JASGVX010000079	6	0.4015444015444015	0.3488372093023256	-1
Csm5gr7_3_CAS-III-A-III-D	JASGVX010000079_4	394	391	7.6e-32	107.9	5383	6564	JASGVX010000079	4	0.9822335025380711	0.9718670076726342	-1
Csm5gr7_3_CAS-III-A-III-D	JASGVX010000079_6	259	391	0.0036	13.5	7567	8343	JASGVX010000079	6	0.23552123552123552	0.1534526854219949	-1
Csn2_10_CAS-II-A	JASGVX010000044_11	326	321	0.0015	14.9	10148	11125	JASGVX010000044	11	0.2331288343558282	0.22429906542056074	-1
Csn2_7_CAS-II-A	JASGVX010000003_18	293	372	0.00034	16.8	22413	23291	JASGVX010000003	18	0.3822525597269625	0.2956989247311828	1
Csn2_7_CAS-II-A	JASGVX010000035_18	228	372	0.00084	15.5	20403	21086	JASGVX010000035	18	0.37719298245614036	0.22580645161290322	1
Csn2_7_CAS-II-A	JASGVX010000037_43	257	372	0.0026	13.9	54775	55545	JASGVX010000037	43	0.31906614785992216	0.22043010752688172	-1
Csn2_7_CAS-II-A	JASGVX010000052_11	255	372	0.023	10.8	6128	6892	JASGVX010000052	11	0.32941176470588235	0.22580645161290322	1
Csn2_7_CAS-II-A	JASGVX010000058_11	274	372	0.0029	13.7	13173	13994	JASGVX010000058	11	0.3248175182481752	0.25	-1
Csn2_7_CAS-II-A	JASGVX010000070_18	582	372	0.022	10.9	23772	25517	JASGVX010000070	18	0.13745704467353953	0.21774193548387097	1
Csn2_7_CAS-II-A	JASGVX010000082_23	252	372	0.0037	13.4	27667	28422	JASGVX010000082	23	0.32936507936507936	0.22311827956989247	1
Csn2_7_CAS-II-A	JASGVX010000089_18	377	372	0.0001	18.5	21555	22685	JASGVX010000089	18	0.2546419098143236	0.2553763440860215	-1
Csn2_7_CAS-II-A	JASGVX010000090_16	265	372	0.0012	15.0	22743	23537	JASGVX010000090	16	0.28679245283018867	0.20430107526881722	-1
Csn2_7_CAS-II-A	JASGVX010000100_6	259	372	0.022	10.8	4687	5463	JASGVX010000100	6	0.39768339768339767	0.26344086021505375	-1
Csn2_7_CAS-II-A	JASGVX010000138_11	266	372	6.3e-05	19.2	12250	13047	JASGVX010000138	11	0.3007518796992481	0.21236559139784947	-1
Csn2_7_CAS-II-A	JASGVX010000143_30	579	372	0.00011	18.4	32544	34280	JASGVX010000143	30	0.30915371329879104	0.4435483870967742	1
Csn2_8_CAS-II-A	JASGVX010000052_11	255	335	0.011	12.0	6128	6892	JASGVX010000052	11	0.19215686274509805	0.14626865671641792	1
Csx10_0_IIID	JASGVX010000079_6	259	402	0.008	12.4	7567	8343	JASGVX010000079	6	0.18532818532818532	0.11442786069651742	-1
Csx10_1_IIID	JASGVX010000058_33	454	390	0.023	10.6	41397	42758	JASGVX010000058	33	0.11013215859030837	0.12307692307692308	1
Csx10gr5_0_CAS-III-D	JASGVX010000079_6	259	392	0.009	12.6	7567	8343	JASGVX010000079	6	0.20463320463320464	0.13010204081632654	-1
Csx10gr5_1_CAS-III-D	JASGVX010000079_6	259	393	0.015	11.6	7567	8343	JASGVX010000079	6	0.19305019305019305	0.12213740458015267	-1
Csx19_20_CAS-III-D	JASGVX010000137_4	370	147	0.017	11.9	3844	4953	JASGVX010000137	4	0.15945945945945947	0.38095238095238093	-1
Csx1_0_CAS-III	JASGVX010000079_1	134	396	0.00086	15.8	2	403	JASGVX010000079	1	0.8059701492537313	0.2601010101010101	-1
Csx1_15_CAS-III	JASGVX010000079_2	460	474	3.7e-28	95.7	417	1796	JASGVX010000079	2	0.3782608695652174	0.3860759493670886	-1
Csx1_18_CAS-III	JASGVX010000031_7	319	376	0.036	10.8	7865	8821	JASGVX010000031	7	0.3542319749216301	0.23138297872340424	-1
Csx1_18_CAS-III	JASGVX010000079_1	134	376	0.0027	14.5	2	403	JASGVX010000079	1	0.8283582089552238	0.24468085106382978	-1
Csx1_20_CAS-III	JASGVX010000079_1	134	379	4.9e-05	19.4	2	403	JASGVX010000079	1	0.3656716417910448	0.12928759894459102	-1
Csx1_20_CAS-III	JASGVX010000121_1	292	379	0.004	13.1	1	876	JASGVX010000121	1	0.22602739726027396	0.1820580474934037	1
Csx1_4_CAS-III	JASGVX010000079_1	134	380	5.6e-06	22.5	2	403	JASGVX010000079	1	0.6865671641791045	0.2236842105263158	-1
Csx1_4_CAS-III	JASGVX010000121_1	292	380	0.0032	13.4	1	876	JASGVX010000121	1	0.10616438356164383	0.07894736842105263	1
Csx1_9_CAS-III	JASGVX010000079_1	134	378	7.4e-05	18.9	2	403	JASGVX010000079	1	0.47761194029850745	0.15343915343915343	-1
Csx1_9_CAS-III	JASGVX010000121_1	292	378	0.0074	12.3	1	876	JASGVX010000121	1	0.2534246575342466	0.19576719576719576	1
Csx20_0_CAS-I-III	JASGVX010000036_1	350	131	0.0054	14.0	114	1163	JASGVX010000036	1	0.30857142857142855	0.6030534351145038	1
Csx21_1_CAS-III-A	JASGVX010000113_2	85	104	0.019	12.4	438	692	JASGVX010000113	2	0.5764705882352941	0.47115384615384615	-1
Csx3_1_CAS-I-III	JASGVX010000003_21	393	84	0.0058	13.9	24315	25493	JASGVX010000003	21	0.1984732824427481	0.5238095238095238	-1
Csx3_2_CAS-I-III	JASGVX010000019_3	339	277	0.0028	14.0	2922	3938	JASGVX010000019	3	0.11504424778761062	0.148014440433213	1
Csx3_2_CAS-I-III	JASGVX010000037_39	255	277	0.025	10.8	49889	50653	JASGVX010000037	39	0.10588235294117647	0.09747292418772563	-1
Csx3_2_CAS-I-III	JASGVX010000070_18	582	277	0.0074	12.6	23772	25517	JASGVX010000070	18	0.09965635738831616	0.12274368231046931	1
Csx3_2_CAS-I-III	JASGVX010000071_3	690	277	0.0062	12.8	3145	5214	JASGVX010000071	3	0.059420289855072465	0.1444043321299639	-1
CysH_0_IVB	JASGVX010000034_5	758	249	8.7e-20	68.6	5500	7773	JASGVX010000034	5	0.2546174142480211	0.7108433734939759	1
CysH_0_IVB	JASGVX010000042_1	306	249	0.011	12.5	379	1296	JASGVX010000042	1	0.16993464052287582	0.20883534136546184	-1
CysH_0_IVB	JASGVX010000068_12	335	249	0.0029	14.5	14146	15150	JASGVX010000068	12	0.10746268656716418	0.14457831325301204	1
CysH_0_IVB	JASGVX010000091_23	303	249	0.00033	17.5	15382	16290	JASGVX010000091	23	0.19471947194719472	0.20481927710843373	-1
CysH_0_IVB	JASGVX010000126_2	635	249	6.4e-20	69.0	987	2891	JASGVX010000126	2	0.30393700787401573	0.7590361445783133	1
DEDDh_0_CAS-I-II-III-IV-V-VI	JASGVX010000004_37	250	160	3.4e-09	34.2	37292	38041	JASGVX010000004	37	0.268	0.43125	-1
HEAT_CxxC_PDDEXK_0_CAS-I-C	JASGVX010000003_15	511	288	1.7e-05	21.2	18006	19538	JASGVX010000003	15	0.34833659491193736	0.2847222222222222	1
HEAT_CxxC_PDDEXK_0_CAS-I-C	JASGVX010000086_3	275	288	1.1e-13	48.2	3390	4214	JASGVX010000086	3	0.6981818181818182	0.21875	1
HEAT_CxxC_PDDEXK_0_CAS-I-C	JASGVX010000114_31	442	288	5.8e-15	52.3	34725	36050	JASGVX010000114	31	0.6832579185520362	0.2916666666666667	1
HEAT_CxxC_PDDEXK_0_CAS-I-C	JASGVX010000144_13	901	288	0.0014	15.0	12126	14828	JASGVX010000144	13	0.2142064372918979	0.2152777777777778	-1
Mem_DnaJ_0_CAS-III-AM	JASGVX010000002_22	385	284	0.0059	13.1	24613	25767	JASGVX010000002	22	0.13506493506493505	0.20422535211267606	1
Mem_DnaJ_0_CAS-III-AM	JASGVX010000102_11	102	284	0.0016	14.9	12359	12664	JASGVX010000102	11	0.3431372549019608	0.12323943661971831	1
NYN_0_CAS-III-B	JASGVX010000003_70	193	320	0.0048	13.2	98234	98812	JASGVX010000003	70	0.35233160621761656	0.20625	1
PD_DExK_0_CAS-I-II-III-IV-V-VI	JASGVX010000011_5	352	159	5.6e-67	221.7	8141	9196	JASGVX010000011	5	0.5142045454545454	1.0	-1
RT_0_CAS-I-II-III-IV-V-VI	JASGVX010000061_28	402	213	6.8e-41	137.4	32924	34129	JASGVX010000061	28	0.5298507462686567	1.0	1
RT_0_CAS-III-AM-III-B	JASGVX010000061_28	402	298	1.7e-94	313.2	32924	34129	JASGVX010000061	28	0.7039800995024875	0.9362416107382551	1
RecD_0_IVD	JASGVX010000004_5	425	763	0.00052	15.3	5691	6965	JASGVX010000004	5	0.15529411764705883	0.09174311926605505	-1
RecD_0_IVD	JASGVX010000022_6	237	763	0.0063	11.8	4442	5152	JASGVX010000022	6	0.4177215189873418	0.07339449541284404	-1
RecD_0_IVD	JASGVX010000037_15	1843	763	0.00023	16.5	16021	21549	JASGVX010000037	15	0.074877916440586	0.17562254259501967	-1
RecD_0_IVD	JASGVX010000128_31	577	763	0.029	9.6	27633	29363	JASGVX010000128	31	0.10745233968804159	0.04325032765399738	1
TPR_0_CAS-III-A	JASGVX010000034_21	394	435	0.0056	12.8	28943	30124	JASGVX010000034	21	0.13705583756345177	0.12873563218390804	-1
TPR_0_CAS-III-A	JASGVX010000075_22	383	435	9.5e-05	18.7	19768	20916	JASGVX010000075	22	0.4699738903394256	0.15862068965517243	1
TPR_0_CAS-III-A	JASGVX010000095_3	1760	435	1.8e-23	80.3	3462	8741	JASGVX010000095	3	0.48522727272727273	0.5218390804597701	1
TPR_0_CAS-III-A	JASGVX010000107_1	399	435	9e-16	55.0	337	1533	JASGVX010000107	1	0.7092731829573935	0.167816091954023	-1
TPR_0_CAS-III-A	JASGVX010000138_22	273	435	0.0075	12.4	30374	31192	JASGVX010000138	22	0.4835164835164835	0.25287356321839083	-1
TPR_0_CAS-III-B	JASGVX010000061_12	601	488	1.2e-72	242.4	15221	17023	JASGVX010000061	12	0.6073211314475874	0.4323770491803279	1
TPR_0_CAS-III-B	JASGVX010000083_10	479	488	4.7e-18	62.3	4336	5772	JASGVX010000083	10	0.697286012526096	0.4344262295081967	-1
TPR_0_CAS-III-B	JASGVX010000089_43	1017	488	1.5e-08	31.0	58652	61702	JASGVX010000089	43	0.2536873156342183	0.5122950819672131	-1
TPR_1_CAS-III-A	JASGVX010000006_16	396	462	1.8e-05	20.7	17622	18809	JASGVX010000006	16	0.3686868686868687	0.11038961038961038	1
TPR_1_CAS-III-A	JASGVX010000007_6	192	462	0.0042	13.0	5183	5758	JASGVX010000007	6	0.5	0.15584415584415584	-1
TPR_1_CAS-III-A	JASGVX010000034_21	394	462	1.3e-08	31.1	28943	30124	JASGVX010000034	21	0.6218274111675127	0.43722943722943725	-1
TPR_1_CAS-III-A	JASGVX010000037_12	438	462	1.1e-07	28.0	11233	12546	JASGVX010000037	12	0.7191780821917808	0.2683982683982684	-1
TPR_1_CAS-III-A	JASGVX010000091_27	293	462	6.8e-08	28.7	20772	21650	JASGVX010000091	27	0.7303754266211604	0.23160173160173161	-1
TPR_1_CAS-III-A	JASGVX010000095_3	1760	462	1.1e-19	67.6	3462	8741	JASGVX010000095	3	0.5653409090909091	0.7792207792207793	1
TPR_1_CAS-III-A	JASGVX010000096_12	1123	462	1.6e-10	37.4	15432	18800	JASGVX010000096	12	0.26981300089047194	0.24458874458874458	1
TPR_1_CAS-III-A	JASGVX010000107_1	399	462	1.2e-17	60.9	337	1533	JASGVX010000107	1	0.7293233082706767	0.17316017316017315	-1
TPR_1_CAS-III-A	JASGVX010000141_7	400	462	3.6e-05	19.7	8810	10009	JASGVX010000141	7	0.4275	0.23376623376623376	1
TPR_1_CAS-III-B	JASGVX010000003_61	983	537	9.4e-07	25.0	81779	84727	JASGVX010000003	61	0.2980671414038657	0.4934823091247672	-1
TPR_1_CAS-III-B	JASGVX010000006_16	396	537	0.00032	16.7	17622	18809	JASGVX010000006	16	0.38636363636363635	0.22532588454376165	1
TPR_1_CAS-III-B	JASGVX010000007_6	192	537	0.0059	12.5	5183	5758	JASGVX010000007	6	0.7239583333333334	0.26256983240223464	-1
TPR_1_CAS-III-B	JASGVX010000061_12	601	537	2e-27	93.2	15221	17023	JASGVX010000061	12	0.5757071547420965	0.21415270018621974	1
TPR_1_CAS-III-B	JASGVX010000071_4	255	537	0.013	11.4	5669	6433	JASGVX010000071	4	0.35294117647058826	0.14711359404096835	1
TPR_1_CAS-III-B	JASGVX010000075_22	383	537	1.2e-06	24.6	19768	20916	JASGVX010000075	22	0.49869451697127937	0.3817504655493482	1
TPR_1_CAS-III-B	JASGVX010000083_10	479	537	3.7e-11	39.6	4336	5772	JASGVX010000083	10	0.6450939457202505	0.2718808193668529	-1
TPR_1_CAS-III-B	JASGVX010000091_27	293	537	4.3e-09	32.7	20772	21650	JASGVX010000091	27	0.8668941979522184	0.4134078212290503	-1
TPR_1_CAS-III-B	JASGVX010000096_12	1123	537	2.4e-08	30.3	15432	18800	JASGVX010000096	12	0.43365983971504896	0.3891992551210428	1
TPR_1_CAS-III-B	JASGVX010000107_1	399	537	5.6e-12	42.3	337	1533	JASGVX010000107	1	0.7443609022556391	0.329608938547486	-1
TPR_1_CAS-III-B	JASGVX010000141_7	400	537	2.1e-11	40.4	8810	10009	JASGVX010000141	7	0.5825	0.45251396648044695	1
TnpB_0_Competitive	JASGVX010000111_7	445	400	1.1e-07	28.3	6477	7811	JASGVX010000111	7	0.2539325842696629	0.2975	-1
TnpB_1_Competitive	JASGVX010000102_4	289	409	0.00068	15.6	4466	5332	JASGVX010000102	4	0.12802768166089964	0.08801955990220049	1
TnpB_1_Competitive	JASGVX010000111_7	445	409	5.1e-15	52.3	6477	7811	JASGVX010000111	7	0.4044943820224719	0.39364303178484106	-1
TnsB_0_V-K	JASGVX010000004_7	60	621	0.007	11.7	7585	7764	JASGVX010000004	7	0.4166666666666667	0.040257648953301126	-1
TnsC_0_V-K	JASGVX010000089_43	1017	283	0.0044	13.3	58652	61702	JASGVX010000089	43	0.09537856440511308	0.3286219081272085	-1
Unk_01_1_CAS-III-D	JASGVX010000062_2	97	120	0.0052	14.3	531	821	JASGVX010000062	2	0.27835051546391754	0.225	1
WYL_0_CAS-I-II-III-IV-V-VI	JASGVX010000004_20	325	313	0.0093	12.6	18998	19972	JASGVX010000004	20	0.1753846153846154	0.18210862619808307	-1
WYL_0_CAS-I-II-III-IV-V-VI	JASGVX010000031_10	222	313	0.0095	12.6	12041	12706	JASGVX010000031	10	0.31981981981981983	0.22364217252396165	-1
WYL_0_CAS-I-II-III-IV-V-VI	JASGVX010000093_22	271	313	0.024	11.3	22707	23519	JASGVX010000093	22	0.17343173431734318	0.1501597444089457	-1
gRAMP_0_CAS-III-E	JASGVX010000079_6	259	1610	0.0066	11.1	7567	8343	JASGVX010000079	6	0.47104247104247104	0.07329192546583851	-1
htpX_0_CAS-III-B	JASGVX010000045_31	295	343	7.8e-16	55.3	36538	37422	JASGVX010000045	31	0.6372881355932203	0.5626822157434402	1
htpX_0_CAS-III-B	JASGVX010000053_4	288	343	1.9e-13	47.4	4197	5060	JASGVX010000053	4	0.3055555555555556	0.2653061224489796	-1
htpX_0_CAS-III-B	JASGVX010000114_17	849	343	0.013	11.8	14879	17425	JASGVX010000114	17	0.21908127208480566	0.37026239067055394	1
htpX_0_CAS-III-B	JASGVX010000137_12	396	343	3.7e-07	26.7	12555	13742	JASGVX010000137	12	0.45707070707070707	0.5247813411078717	-1
tm_4_0_CAS-VI-B	JASGVX010000089_8	232	225	2.4	5.3	9689	10384	JASGVX010000089	8	0.39655172413793105	0.31555555555555553	-1
