Contig	Start	End	Strand	Pos
JAVZCV010000001	33	674	-1	1
JAVZCV010000001	815	1312	1	2
JAVZCV010000001	1325	2758	1	3
JAVZCV010000001	2701	2994	1	4
JAVZCV010000001	3006	4103	1	5
JAVZCV010000001	4154	5431	1	6
JAVZCV010000001	5421	5807	1	7
JAVZCV010000001	5792	7120	-1	8
JAVZCV010000001	7110	7820	-1	9
JAVZCV010000001	8080	8922	-1	10
JAVZCV010000001	8974	9792	-1	11
JAVZCV010000001	9841	10146	-1	12
JAVZCV010000001	10212	10982	1	13
JAVZCV010000001	10987	11400	-1	14
JAVZCV010000001	11469	12170	-1	15
JAVZCV010000001	12170	12919	-1	16
JAVZCV010000001	12891	13451	-1	17
JAVZCV010000001	13671	14171	1	18
JAVZCV010000001	14335	15327	-1	19
JAVZCV010000001	15324	18707	-1	20
JAVZCV010000001	18777	19439	-1	21
JAVZCV010000001	19477	20025	-1	22
JAVZCV010000001	20072	20644	-1	23
JAVZCV010000001	20691	21236	-1	24
JAVZCV010000001	21388	23025	1	25
JAVZCV010000001	23259	23627	-1	26
JAVZCV010000001	23717	24007	-1	27
JAVZCV010000001	24012	24266	-1	28
JAVZCV010000001	24441	26132	-1	29
JAVZCV010000001	26208	26831	1	30
JAVZCV010000001	26828	28756	1	31
JAVZCV010000001	28850	29026	1	32
JAVZCV010000001	29076	29627	-1	33
JAVZCV010000001	29665	30747	-1	34
JAVZCV010000001	30806	31597	1	35
JAVZCV010000001	31641	33311	1	36
JAVZCV010000001	33316	34614	-1	37
JAVZCV010000001	34712	37333	1	38
JAVZCV010000001	37366	37629	1	39
JAVZCV010000001	37680	39791	1	40
JAVZCV010000001	39796	40194	-1	41
JAVZCV010000001	40253	40633	1	42
JAVZCV010000001	40648	40917	-1	43
JAVZCV010000001	40994	41782	1	44
JAVZCV010000001	41762	42976	-1	45
JAVZCV010000001	43032	43760	1	46
JAVZCV010000001	43757	46237	-1	47
JAVZCV010000001	46328	46879	-1	48
JAVZCV010000001	46966	48570	1	49
JAVZCV010000001	48583	50025	-1	50
JAVZCV010000001	50150	50683	1	51
JAVZCV010000001	50702	50962	1	52
JAVZCV010000001	51063	51239	1	53
JAVZCV010000001	51292	52551	1	54
JAVZCV010000001	52637	53458	1	55
JAVZCV010000001	53455	54372	1	56
JAVZCV010000001	54424	55275	1	57
JAVZCV010000001	55422	55919	-1	58
JAVZCV010000001	55932	57257	-1	59
JAVZCV010000001	57314	58048	-1	60
JAVZCV010000001	58062	58283	-1	61
JAVZCV010000001	58363	58500	1	62
JAVZCV010000001	58518	58985	1	63
JAVZCV010000001	59000	59740	-1	64
JAVZCV010000001	59856	60068	1	65
JAVZCV010000001	60025	61146	-1	66
JAVZCV010000001	61143	61322	-1	67
JAVZCV010000001	61341	61928	-1	68
JAVZCV010000001	62210	63292	1	69
JAVZCV010000001	63289	63942	-1	70
JAVZCV010000001	63946	67185	-1	71
JAVZCV010000001	67763	68680	-1	72
JAVZCV010000001	69074	70276	1	73
JAVZCV010000001	70286	72754	-1	74
JAVZCV010000001	72697	74034	-1	75
JAVZCV010000001	74136	75899	-1	76
JAVZCV010000001	75954	77249	-1	77
JAVZCV010000001	77203	79536	-1	78
JAVZCV010000001	79638	80162	-1	79
JAVZCV010000001	80442	82271	1	80
JAVZCV010000001	82529	82807	1	81
JAVZCV010000001	82807	84276	1	82
JAVZCV010000001	84337	84522	1	83
JAVZCV010000001	84796	85026	1	84
JAVZCV010000001	85110	85598	-1	85
JAVZCV010000001	85637	86539	-1	86
JAVZCV010000001	86556	87350	-1	87
JAVZCV010000001	87437	89128	-1	88
JAVZCV010000001	89137	90192	-1	89
JAVZCV010000001	90234	91058	-1	90
JAVZCV010000001	91069	91656	1	91
JAVZCV010000001	91678	92715	-1	92
JAVZCV010000001	92930	93427	1	93
JAVZCV010000001	93452	93652	1	94
JAVZCV010000001	93828	94298	1	95
JAVZCV010000001	94309	94578	1	96
JAVZCV010000001	94678	95076	1	97
JAVZCV010000001	95113	96876	1	98
JAVZCV010000001	96913	97341	1	99
JAVZCV010000001	97358	98449	1	100
JAVZCV010000001	98392	98568	1	101
JAVZCV010000001	98568	99347	1	102
JAVZCV010000001	99370	100389	1	103
JAVZCV010000001	100390	101985	-1	104
JAVZCV010000001	102045	102509	1	105
JAVZCV010000001	102510	103520	1	106
JAVZCV010000001	103523	103903	-1	107
JAVZCV010000001	103922	105133	-1	108
JAVZCV010000001	105137	106432	-1	109
JAVZCV010000001	106429	107121	-1	110
JAVZCV010000001	107152	108429	-1	111
JAVZCV010000001	108426	109304	-1	112
JAVZCV010000001	109313	110176	-1	113
JAVZCV010000001	110231	111391	1	114
JAVZCV010000001	112177	113367	1	115
JAVZCV010000001	113372	115048	-1	116
JAVZCV010000001	115170	115820	-1	117
JAVZCV010000001	115968	116444	1	118
JAVZCV010000001	116477	117217	1	119
JAVZCV010000001	117253	117729	-1	120
JAVZCV010000001	117739	119112	-1	121
JAVZCV010000001	119177	120133	1	122
JAVZCV010000001	120151	120444	-1	123
JAVZCV010000001	120449	123148	-1	124
JAVZCV010000001	123214	125922	1	125
JAVZCV010000001	125998	126225	1	126
JAVZCV010000001	126410	126928	-1	127
JAVZCV010000001	126973	127863	1	128
JAVZCV010000001	127908	129143	1	129
JAVZCV010000001	129146	129940	1	130
JAVZCV010000001	129937	132675	1	131
JAVZCV010000001	132647	133246	1	132
JAVZCV010000001	133248	133790	1	133
JAVZCV010000001	133800	134465	1	134
JAVZCV010000001	134531	135103	1	135
JAVZCV010000001	135104	137293	-1	136
JAVZCV010000001	137305	137907	-1	137
JAVZCV010000001	137919	138347	-1	138
JAVZCV010000001	138367	138789	-1	139
JAVZCV010000001	138803	139108	-1	140
JAVZCV010000001	139119	140117	-1	141
JAVZCV010000001	140118	142670	-1	142
JAVZCV010000001	142672	144507	-1	143
JAVZCV010000001	144516	145976	-1	144
JAVZCV010000001	145985	146218	-1	145
JAVZCV010000001	146333	146710	-1	146
JAVZCV010000001	146752	147693	-1	147
JAVZCV010000001	147969	148244	-1	148
JAVZCV010000001	148295	148492	-1	149
JAVZCV010000001	148556	149365	1	150
JAVZCV010000001	149355	150074	1	151
JAVZCV010000001	150083	150997	1	152
JAVZCV010000001	150990	151757	1	153
JAVZCV010000001	151767	152282	1	154
JAVZCV010000001	152302	153600	1	155
JAVZCV010000001	153625	154518	1	156
JAVZCV010000001	154629	154916	1	157
JAVZCV010000001	154913	155167	1	158
JAVZCV010000001	155174	156235	-1	159
JAVZCV010000001	156241	157323	-1	160
JAVZCV010000001	157386	158342	1	161
JAVZCV010000001	158350	158916	1	162
JAVZCV010000001	158921	159481	1	163
JAVZCV010000001	159513	160364	1	164
JAVZCV010000001	160627	160767	-1	165
JAVZCV010000001	160780	161994	-1	166
JAVZCV010000002	2	2749	1	1
JAVZCV010000002	2760	3644	1	2
JAVZCV010000002	3641	4864	1	3
JAVZCV010000002	4906	5901	1	4
JAVZCV010000002	5867	6949	1	5
JAVZCV010000002	7063	7665	1	6
JAVZCV010000002	7745	8338	1	7
JAVZCV010000002	8387	8974	1	8
JAVZCV010000002	8964	9665	1	9
JAVZCV010000002	9713	10153	1	10
JAVZCV010000002	10192	10626	1	11
JAVZCV010000002	10672	11109	1	12
JAVZCV010000002	11110	11490	1	13
JAVZCV010000002	11498	11989	1	14
JAVZCV010000002	11990	13663	-1	15
JAVZCV010000002	13666	15267	-1	16
JAVZCV010000002	15276	16151	-1	17
JAVZCV010000002	16255	16941	1	18
JAVZCV010000002	16977	17672	1	19
JAVZCV010000002	17797	18387	1	20
JAVZCV010000002	18411	19010	1	21
JAVZCV010000002	19144	19404	-1	22
JAVZCV010000002	19401	20234	-1	23
JAVZCV010000002	20287	21222	1	24
JAVZCV010000002	21223	22098	1	25
JAVZCV010000002	22120	23772	-1	26
JAVZCV010000002	23854	24855	-1	27
JAVZCV010000002	24860	26395	-1	28
JAVZCV010000002	26563	27084	1	29
JAVZCV010000002	27108	27572	1	30
JAVZCV010000002	27747	28091	-1	31
JAVZCV010000002	28146	29309	-1	32
JAVZCV010000002	29388	30236	1	33
JAVZCV010000002	30233	30664	1	34
JAVZCV010000002	30649	31410	1	35
JAVZCV010000002	31444	31839	1	36
JAVZCV010000002	31874	32647	1	37
JAVZCV010000002	32618	33442	-1	38
JAVZCV010000002	33468	34103	-1	39
JAVZCV010000002	34111	34662	-1	40
JAVZCV010000002	34666	35604	-1	41
JAVZCV010000002	35656	36813	1	42
JAVZCV010000002	36868	37122	1	43
JAVZCV010000002	37177	37833	1	44
JAVZCV010000002	37828	38718	-1	45
JAVZCV010000002	38709	40025	-1	46
JAVZCV010000002	40075	40695	1	47
JAVZCV010000002	40731	41279	1	48
JAVZCV010000002	41276	42568	-1	49
JAVZCV010000002	42619	43251	1	50
JAVZCV010000002	43283	43459	1	51
JAVZCV010000002	43464	44669	1	52
JAVZCV010000002	44677	44850	1	53
JAVZCV010000002	44963	45751	1	54
JAVZCV010000002	45752	46456	-1	55
JAVZCV010000002	46456	46995	-1	56
JAVZCV010000002	47055	47447	1	57
JAVZCV010000002	47450	48175	-1	58
JAVZCV010000002	48264	49202	-1	59
JAVZCV010000002	49162	49641	-1	60
JAVZCV010000002	49619	49798	-1	61
JAVZCV010000002	49809	50135	-1	62
JAVZCV010000002	50147	50809	-1	63
JAVZCV010000002	50810	51175	-1	64
JAVZCV010000002	51184	51345	-1	65
JAVZCV010000002	51355	51660	-1	66
JAVZCV010000002	51660	52082	-1	67
JAVZCV010000002	52092	52397	-1	68
JAVZCV010000002	52664	53968	1	69
JAVZCV010000002	53969	54937	1	70
JAVZCV010000002	54961	56067	1	71
JAVZCV010000002	56058	57029	-1	72
JAVZCV010000002	57079	58188	1	73
JAVZCV010000002	58185	58841	1	74
JAVZCV010000002	58846	59727	1	75
JAVZCV010000002	59672	60769	1	76
JAVZCV010000002	60774	62195	1	77
JAVZCV010000002	62137	63297	-1	78
JAVZCV010000002	63421	64281	1	79
JAVZCV010000002	64320	65393	1	80
JAVZCV010000002	65418	66083	1	81
JAVZCV010000002	66122	67132	-1	82
JAVZCV010000002	67164	68786	-1	83
JAVZCV010000002	68836	69351	1	84
JAVZCV010000002	69348	69842	-1	85
JAVZCV010000002	69889	70926	1	86
JAVZCV010000002	70921	71997	-1	87
JAVZCV010000002	72058	72642	-1	88
JAVZCV010000002	72639	73487	-1	89
JAVZCV010000002	73496	73933	-1	90
JAVZCV010000002	73934	74872	-1	91
JAVZCV010000002	74931	75539	1	92
JAVZCV010000002	75811	80262	-1	93
JAVZCV010000002	80364	81506	-1	94
JAVZCV010000002	81512	83518	-1	95
JAVZCV010000002	83523	84260	-1	96
JAVZCV010000002	84308	85132	-1	97
JAVZCV010000002	85205	86221	-1	98
JAVZCV010000002	86282	87031	-1	99
JAVZCV010000002	87066	87617	1	100
JAVZCV010000002	87620	88669	-1	101
JAVZCV010000002	88722	89654	1	102
JAVZCV010000002	89651	90247	-1	103
JAVZCV010000002	90303	91271	1	104
JAVZCV010000002	91242	92504	-1	105
JAVZCV010000002	92515	92913	-1	106
JAVZCV010000002	92873	93127	-1	107
JAVZCV010000002	93392	94027	1	108
JAVZCV010000002	94046	94465	1	109
JAVZCV010000002	94512	95420	1	110
JAVZCV010000002	95473	98190	1	111
JAVZCV010000002	98191	98940	-1	112
JAVZCV010000002	98944	99507	-1	113
JAVZCV010000002	99513	99851	-1	114
JAVZCV010000002	99848	100126	-1	115
JAVZCV010000002	100229	100516	1	116
JAVZCV010000002	100688	101053	-1	117
JAVZCV010000002	101112	102068	1	118
JAVZCV010000002	102114	103394	1	119
JAVZCV010000002	103403	105106	1	120
JAVZCV010000002	105135	106154	1	121
JAVZCV010000002	106123	106986	1	122
JAVZCV010000002	106983	108122	1	123
JAVZCV010000002	108119	108838	-1	124
JAVZCV010000002	108835	110004	-1	125
JAVZCV010000002	110001	110888	-1	126
JAVZCV010000002	110994	111614	1	127
JAVZCV010000002	111672	113006	-1	128
JAVZCV010000002	113061	114056	1	129
JAVZCV010000002	114243	115463	1	130
JAVZCV010000002	115442	115906	1	131
JAVZCV010000002	115976	116689	1	132
JAVZCV010000002	116676	117623	-1	133
JAVZCV010000003	1	165	1	1
JAVZCV010000003	167	718	1	2
JAVZCV010000003	764	1660	1	3
JAVZCV010000003	1687	2796	1	4
JAVZCV010000003	2780	3538	-1	5
JAVZCV010000003	3569	4447	-1	6
JAVZCV010000003	4463	5668	-1	7
JAVZCV010000003	5681	6736	-1	8
JAVZCV010000003	6733	7629	-1	9
JAVZCV010000003	7668	8678	1	10
JAVZCV010000003	8689	9795	1	11
JAVZCV010000003	9785	10246	-1	12
JAVZCV010000003	10300	11298	1	13
JAVZCV010000003	11295	12314	-1	14
JAVZCV010000003	12381	13274	1	15
JAVZCV010000003	13283	13765	1	16
JAVZCV010000003	13755	14318	-1	17
JAVZCV010000003	14328	16061	-1	18
JAVZCV010000003	16063	17850	-1	19
JAVZCV010000003	17855	18340	-1	20
JAVZCV010000003	18493	18702	-1	21
JAVZCV010000003	18820	19644	1	22
JAVZCV010000003	19686	21182	1	23
JAVZCV010000003	21195	21743	1	24
JAVZCV010000003	21740	22159	-1	25
JAVZCV010000003	22476	23699	1	26
JAVZCV010000003	23717	24409	1	27
JAVZCV010000003	24424	26586	-1	28
JAVZCV010000003	26684	27499	-1	29
JAVZCV010000003	27511	28359	-1	30
JAVZCV010000003	28371	29531	-1	31
JAVZCV010000003	29533	30795	-1	32
JAVZCV010000003	30845	31738	-1	33
JAVZCV010000003	31960	32829	1	34
JAVZCV010000003	32831	33478	1	35
JAVZCV010000003	33483	33983	1	36
JAVZCV010000003	33992	34876	1	37
JAVZCV010000003	34866	35885	-1	38
JAVZCV010000003	35940	36656	1	39
JAVZCV010000003	36661	37776	1	40
JAVZCV010000003	37795	39267	1	41
JAVZCV010000003	39271	39996	-1	42
JAVZCV010000003	40032	41048	-1	43
JAVZCV010000003	41041	41610	-1	44
JAVZCV010000003	41619	43151	-1	45
JAVZCV010000003	43162	43395	1	46
JAVZCV010000003	43467	44894	1	47
JAVZCV010000003	44895	46169	-1	48
JAVZCV010000003	46258	47748	1	49
JAVZCV010000003	47748	48161	1	50
JAVZCV010000003	48177	48872	1	51
JAVZCV010000003	48885	52058	-1	52
JAVZCV010000004	1	900	-1	1
JAVZCV010000004	940	3042	-1	2
JAVZCV010000004	3282	4934	1	3
JAVZCV010000004	4918	5565	1	4
JAVZCV010000004	5584	6816	1	5
JAVZCV010000004	6817	8028	1	6
JAVZCV010000004	8021	9199	1	7
JAVZCV010000004	9177	10124	-1	8
JAVZCV010000004	10126	10557	-1	9
JAVZCV010000004	10562	11488	-1	10
JAVZCV010000004	11496	12413	-1	11
JAVZCV010000004	12368	13114	-1	12
JAVZCV010000004	13107	13871	-1	13
JAVZCV010000004	13904	14959	1	14
JAVZCV010000004	15161	15580	1	15
JAVZCV010000004	15589	16470	1	16
JAVZCV010000004	16536	16811	1	17
JAVZCV010000004	16801	19509	-1	18
JAVZCV010000004	19561	20328	-1	19
JAVZCV010000004	20493	21266	-1	20
JAVZCV010000004	21276	21434	-1	21
JAVZCV010000004	21443	21724	-1	22
JAVZCV010000004	21708	22265	-1	23
JAVZCV010000004	22276	23448	-1	24
JAVZCV010000004	23427	24374	-1	25
JAVZCV010000004	24456	24797	1	26
JAVZCV010000004	24790	27585	1	27
JAVZCV010000004	27608	27721	1	28
JAVZCV010000004	27766	27945	-1	29
JAVZCV010000004	28006	29250	1	30
JAVZCV010000004	29508	30809	1	31
JAVZCV010000004	31053	31796	1	32
JAVZCV010000004	31807	32157	-1	33
JAVZCV010000004	32158	33915	-1	34
JAVZCV010000004	33967	34998	1	35
JAVZCV010000004	35030	35236	1	36
JAVZCV010000004	35239	36600	-1	37
JAVZCV010000004	36664	37995	-1	38
JAVZCV010000004	38626	39723	-1	39
JAVZCV010000004	39933	40565	-1	40
JAVZCV010000004	40578	41849	-1	41
JAVZCV010000004	42126	42374	1	42
JAVZCV010000004	42375	42863	-1	43
JAVZCV010000004	42876	45167	1	44
JAVZCV010000004	45925	46197	-1	45
JAVZCV010000004	46197	47189	-1	46
JAVZCV010000004	47170	47730	-1	47
JAVZCV010000004	47814	48545	1	48
JAVZCV010000004	48468	49391	-1	49
JAVZCV010000004	49396	50778	-1	50
JAVZCV010000004	50797	51924	-1	51
JAVZCV010000004	51863	52054	-1	52
JAVZCV010000005	3	707	1	1
JAVZCV010000005	709	1065	-1	2
JAVZCV010000005	1073	2869	-1	3
JAVZCV010000005	2931	3488	1	4
JAVZCV010000005	3524	6688	1	5
JAVZCV010000005	6685	8109	1	6
JAVZCV010000005	8118	8414	-1	7
JAVZCV010000005	8445	10277	-1	8
JAVZCV010000005	10327	12126	1	9
JAVZCV010000005	12129	12665	1	10
JAVZCV010000005	12700	13908	1	11
JAVZCV010000005	13905	14690	-1	12
JAVZCV010000005	14636	16006	-1	13
JAVZCV010000005	16061	16573	1	14
JAVZCV010000005	16570	18111	1	15
JAVZCV010000005	18116	19195	1	16
JAVZCV010000005	19201	19428	-1	17
JAVZCV010000005	19437	19922	-1	18
JAVZCV010000005	19989	20507	1	19
JAVZCV010000005	20485	20901	-1	20
JAVZCV010000005	20914	21957	-1	21
JAVZCV010000005	22127	22840	1	22
JAVZCV010000005	23221	24144	1	23
JAVZCV010000005	24141	24767	-1	24
JAVZCV010000005	24805	27390	1	25
JAVZCV010000005	27455	27742	1	26
JAVZCV010000005	27737	28036	-1	27
JAVZCV010000005	28120	29187	-1	28
JAVZCV010000005	29215	30270	-1	29
JAVZCV010000005	30390	31022	-1	30
JAVZCV010000005	31068	32084	1	31
JAVZCV010000005	32107	32655	1	32
JAVZCV010000005	32673	33953	-1	33
JAVZCV010000005	34051	35496	1	34
JAVZCV010000005	35509	36522	-1	35
JAVZCV010000005	36532	37452	-1	36
JAVZCV010000005	37478	38452	-1	37
JAVZCV010000005	38470	40080	-1	38
JAVZCV010000005	40128	41612	-1	39
JAVZCV010000005	41737	43131	1	40
JAVZCV010000005	43170	43505	1	41
JAVZCV010000005	43535	44404	1	42
JAVZCV010000005	44418	44924	-1	43
JAVZCV010000005	44975	45136	-1	44
JAVZCV010000005	45254	46351	1	45
JAVZCV010000005	46362	47261	1	46
JAVZCV010000005	47313	50486	1	47
JAVZCV010000005	50512	51057	-1	48
JAVZCV010000005	51157	51588	1	49
JAVZCV010000006	2	475	-1	1
JAVZCV010000006	475	1686	-1	2
JAVZCV010000006	1783	4572	1	3
JAVZCV010000006	4573	4926	-1	4
JAVZCV010000006	5208	6227	1	5
JAVZCV010000006	6268	6999	1	6
JAVZCV010000006	7008	7628	1	7
JAVZCV010000006	7744	9438	-1	8
JAVZCV010000006	9848	10669	1	9
JAVZCV010000006	10675	11469	1	10
JAVZCV010000006	11459	11707	1	11
JAVZCV010000006	11718	12440	1	12
JAVZCV010000006	12450	12851	1	13
JAVZCV010000006	12856	13365	1	14
JAVZCV010000006	13366	14037	1	15
JAVZCV010000006	14034	14276	1	16
JAVZCV010000006	14279	14584	1	17
JAVZCV010000006	14581	14871	1	18
JAVZCV010000006	14880	15179	1	19
JAVZCV010000006	15182	15580	1	20
JAVZCV010000006	15581	16144	1	21
JAVZCV010000006	16146	16844	1	22
JAVZCV010000006	16853	17404	1	23
JAVZCV010000006	17593	17982	1	24
JAVZCV010000006	17993	18487	1	25
JAVZCV010000006	18492	18842	1	26
JAVZCV010000006	18851	19318	1	27
JAVZCV010000006	19323	19850	1	28
JAVZCV010000006	19860	20585	1	29
JAVZCV010000006	20595	21014	1	30
JAVZCV010000006	21018	21458	1	31
JAVZCV010000006	21468	22952	1	32
JAVZCV010000006	22962	23513	1	33
JAVZCV010000006	23524	24291	1	34
JAVZCV010000006	24300	24821	1	35
JAVZCV010000006	24826	25053	1	36
JAVZCV010000006	25037	26038	1	37
JAVZCV010000006	26338	26877	1	38
JAVZCV010000006	26887	27399	1	39
JAVZCV010000006	27374	27817	1	40
JAVZCV010000006	27827	28405	1	41
JAVZCV010000006	28596	28943	1	42
JAVZCV010000006	28943	29398	1	43
JAVZCV010000006	29399	29833	1	44
JAVZCV010000006	29838	30035	1	45
JAVZCV010000006	30117	30989	1	46
JAVZCV010000006	30995	32143	-1	47
JAVZCV010000006	32237	33310	1	48
JAVZCV010000006	33322	34470	1	49
JAVZCV010000006	34467	35522	-1	50
JAVZCV010000006	35588	36451	1	51
JAVZCV010000006	36426	37091	-1	52
JAVZCV010000006	37104	37871	-1	53
JAVZCV010000006	37872	38603	-1	54
JAVZCV010000006	38638	39390	-1	55
JAVZCV010000006	39583	39840	1	56
JAVZCV010000006	39843	41237	-1	57
JAVZCV010000006	41297	41617	1	58
JAVZCV010000006	41592	42017	-1	59
JAVZCV010000006	42019	42291	-1	60
JAVZCV010000006	42351	43661	1	61
JAVZCV010000006	43697	44374	1	62
JAVZCV010000006	44417	44965	1	63
JAVZCV010000006	44980	45525	1	64
JAVZCV010000006	45504	45836	1	65
JAVZCV010000006	45872	46588	1	66
JAVZCV010000006	46599	46697	1	67
JAVZCV010000007	1	267	1	1
JAVZCV010000007	341	1057	1	2
JAVZCV010000007	1054	2628	1	3
JAVZCV010000007	2615	3832	1	4
JAVZCV010000007	3852	5330	-1	5
JAVZCV010000007	5466	6599	1	6
JAVZCV010000007	6620	7225	-1	7
JAVZCV010000007	7278	8309	1	8
JAVZCV010000007	8387	8674	1	9
JAVZCV010000007	8748	8852	-1	10
JAVZCV010000007	8908	9561	1	11
JAVZCV010000007	9558	10172	-1	12
JAVZCV010000007	10222	10902	-1	13
JAVZCV010000007	10977	11282	1	14
JAVZCV010000007	11303	12040	1	15
JAVZCV010000007	12126	12809	1	16
JAVZCV010000007	12806	13816	-1	17
JAVZCV010000007	13924	16239	1	18
JAVZCV010000007	16248	17252	-1	19
JAVZCV010000007	17253	17888	-1	20
JAVZCV010000007	17993	18583	1	21
JAVZCV010000007	18584	18679	1	22
JAVZCV010000007	18676	19050	1	23
JAVZCV010000007	19066	19392	1	24
JAVZCV010000007	19564	21288	1	25
JAVZCV010000007	21298	21801	1	26
JAVZCV010000007	21811	22230	1	27
JAVZCV010000007	22235	23212	-1	28
JAVZCV010000007	23496	28850	1	29
JAVZCV010000007	28927	29946	1	30
JAVZCV010000007	30031	30786	1	31
JAVZCV010000007	30780	32639	1	32
JAVZCV010000007	32632	33597	1	33
JAVZCV010000007	33620	34408	1	34
JAVZCV010000007	34389	36770	1	35
JAVZCV010000007	36780	37289	1	36
JAVZCV010000007	37347	38333	1	37
JAVZCV010000007	38335	38601	1	38
JAVZCV010000008	3	269	-1	1
JAVZCV010000008	294	1817	-1	2
JAVZCV010000008	1883	2512	-1	3
JAVZCV010000008	2497	3657	-1	4
JAVZCV010000008	3660	5045	-1	5
JAVZCV010000008	5015	5836	-1	6
JAVZCV010000008	5833	7041	-1	7
JAVZCV010000008	7113	7676	1	8
JAVZCV010000008	7731	9743	1	9
JAVZCV010000008	9740	10537	1	10
JAVZCV010000008	10589	12733	1	11
JAVZCV010000008	12766	13335	1	12
JAVZCV010000008	13383	13649	1	13
JAVZCV010000008	13650	14048	1	14
JAVZCV010000008	14064	14303	1	15
JAVZCV010000008	14289	14726	-1	16
JAVZCV010000008	14686	15096	-1	17
JAVZCV010000008	15089	15391	-1	18
JAVZCV010000008	15385	16014	-1	19
JAVZCV010000008	16082	17926	1	20
JAVZCV010000008	17927	18613	-1	21
JAVZCV010000008	18613	20406	-1	22
JAVZCV010000008	20439	21077	-1	23
JAVZCV010000008	21092	21844	-1	24
JAVZCV010000008	21862	22404	-1	25
JAVZCV010000008	22474	23235	-1	26
JAVZCV010000008	23260	25959	-1	27
JAVZCV010000008	25975	26451	-1	28
JAVZCV010000008	26549	27355	1	29
JAVZCV010000008	27348	27713	1	30
JAVZCV010000008	27710	28255	-1	31
JAVZCV010000008	28461	29093	-1	32
JAVZCV010000008	29231	29329	-1	33
JAVZCV010000008	29529	30413	1	34
JAVZCV010000008	30452	31075	-1	35
JAVZCV010000008	31096	31668	-1	36
JAVZCV010000008	31677	32927	-1	37
JAVZCV010000008	32928	33755	-1	38
JAVZCV010000008	33765	35015	-1	39
JAVZCV010000008	35030	35326	-1	40
JAVZCV010000008	35336	35668	-1	41
JAVZCV010000008	35717	36121	-1	42
JAVZCV010000008	36121	36789	-1	43
JAVZCV010000008	36800	37246	-1	44
JAVZCV010000009	2	592	1	1
JAVZCV010000009	570	1463	1	2
JAVZCV010000009	1463	2173	1	3
JAVZCV010000009	2361	2885	1	4
JAVZCV010000009	2908	3579	1	5
JAVZCV010000009	3580	4479	-1	6
JAVZCV010000009	4517	4774	-1	7
JAVZCV010000009	4828	5571	1	8
JAVZCV010000009	5568	7265	-1	9
JAVZCV010000009	7303	8103	1	10
JAVZCV010000009	8100	8726	1	11
JAVZCV010000009	8759	10063	-1	12
JAVZCV010000009	10053	10772	-1	13
JAVZCV010000009	10769	11890	-1	14
JAVZCV010000009	11903	12688	-1	15
JAVZCV010000009	12678	14096	-1	16
JAVZCV010000009	14093	15352	-1	17
JAVZCV010000009	15349	15729	-1	18
JAVZCV010000009	15734	16807	-1	19
JAVZCV010000009	16826	17437	-1	20
JAVZCV010000009	17495	18154	-1	21
JAVZCV010000009	18370	20508	1	22
JAVZCV010000009	20468	21088	1	23
JAVZCV010000009	21126	22082	1	24
JAVZCV010000009	22083	23048	1	25
JAVZCV010000009	23045	23893	1	26
JAVZCV010000009	23901	24623	1	27
JAVZCV010000009	24604	25527	-1	28
JAVZCV010000009	25559	26911	-1	29
JAVZCV010000009	26914	28422	-1	30
JAVZCV010000009	28513	29982	1	31
JAVZCV010000009	29993	30196	1	32
JAVZCV010000009	30201	30980	-1	33
JAVZCV010000009	31022	31399	1	34
JAVZCV010000009	31396	32649	-1	35
JAVZCV010000009	32697	33899	1	36
JAVZCV010000009	33875	34933	1	37
JAVZCV010000009	34934	35353	-1	38
JAVZCV010000009	35522	36268	-1	39
JAVZCV010000009	36277	36759	-1	40
JAVZCV010000010	1	66	-1	1
JAVZCV010000010	68	616	-1	2
JAVZCV010000010	744	1490	1	3
JAVZCV010000010	1578	1754	-1	4
JAVZCV010000010	1755	3482	-1	5
JAVZCV010000010	3500	4801	1	6
JAVZCV010000010	4810	5541	1	7
JAVZCV010000010	5545	6147	-1	8
JAVZCV010000010	6198	7382	-1	9
JAVZCV010000010	7383	7757	-1	10
JAVZCV010000010	7814	8083	1	11
JAVZCV010000010	8080	8835	-1	12
JAVZCV010000010	8845	9726	-1	13
JAVZCV010000010	9778	11040	1	14
JAVZCV010000010	11045	12283	1	15
JAVZCV010000010	12308	12517	1	16
JAVZCV010000010	12514	13305	-1	17
JAVZCV010000010	13286	13843	-1	18
JAVZCV010000010	13845	14888	-1	19
JAVZCV010000010	14934	15650	1	20
JAVZCV010000010	15612	16172	-1	21
JAVZCV010000010	16151	17194	-1	22
JAVZCV010000010	17229	17864	-1	23
JAVZCV010000010	17912	18922	1	24
JAVZCV010000010	18924	19586	-1	25
JAVZCV010000010	19678	20100	1	26
JAVZCV010000010	20103	20729	-1	27
JAVZCV010000010	20729	22111	-1	28
JAVZCV010000010	22116	23852	-1	29
JAVZCV010000010	23858	24199	-1	30
JAVZCV010000010	24210	25238	-1	31
JAVZCV010000010	25228	25809	-1	32
JAVZCV010000010	25840	26082	-1	33
JAVZCV010000010	26131	27990	-1	34
JAVZCV010000010	27983	28321	-1	35
JAVZCV010000010	28545	28916	1	36
JAVZCV010000010	28936	29484	-1	37
JAVZCV010000010	29459	30853	-1	38
JAVZCV010000010	30866	32233	-1	39
JAVZCV010000010	32241	32516	-1	40
JAVZCV010000010	32509	33810	-1	41
JAVZCV010000010	33853	34356	-1	42
JAVZCV010000010	34404	35249	1	43
JAVZCV010000010	35287	36102	1	44
JAVZCV010000010	36103	36357	1	45
JAVZCV010000011	2	592	-1	1
JAVZCV010000011	645	1472	-1	2
JAVZCV010000011	1619	2632	1	3
JAVZCV010000011	2603	4042	-1	4
JAVZCV010000011	4128	4967	1	5
JAVZCV010000011	4967	5836	1	6
JAVZCV010000011	5833	6687	1	7
JAVZCV010000011	6681	7439	1	8
JAVZCV010000011	7448	8110	1	9
JAVZCV010000011	8112	8858	-1	10
JAVZCV010000011	8868	9317	-1	11
JAVZCV010000011	9418	10377	-1	12
JAVZCV010000011	10413	10733	-1	13
JAVZCV010000011	10784	11233	1	14
JAVZCV010000011	11205	12446	-1	15
JAVZCV010000011	12447	13241	-1	16
JAVZCV010000011	13186	14166	-1	17
JAVZCV010000011	14377	15327	1	18
JAVZCV010000011	15364	15657	-1	19
JAVZCV010000011	15753	17102	1	20
JAVZCV010000011	17096	17677	-1	21
JAVZCV010000011	17756	19228	-1	22
JAVZCV010000011	19241	21769	-1	23
JAVZCV010000011	21756	22223	-1	24
JAVZCV010000011	22220	24136	-1	25
JAVZCV010000011	24242	25435	-1	26
JAVZCV010000011	26038	26199	1	27
JAVZCV010000011	26196	26330	-1	28
JAVZCV010000011	26354	30340	-1	29
JAVZCV010000011	30651	31259	1	30
JAVZCV010000011	31272	32066	1	31
JAVZCV010000011	32080	33249	1	32
JAVZCV010000011	33200	33379	-1	33
JAVZCV010000011	33437	34774	1	34
JAVZCV010000011	34746	35993	1	35
JAVZCV010000011	35995	36276	1	36
JAVZCV010000012	3	1289	1	1
JAVZCV010000012	1273	3147	1	2
JAVZCV010000012	3087	4529	-1	3
JAVZCV010000012	4576	5529	1	4
JAVZCV010000012	5626	6618	1	5
JAVZCV010000012	6609	8018	-1	6
JAVZCV010000012	8114	8503	1	7
JAVZCV010000012	8512	8838	1	8
JAVZCV010000012	8851	9003	1	9
JAVZCV010000012	9007	9966	1	10
JAVZCV010000012	9966	10943	1	11
JAVZCV010000012	10946	11533	1	12
JAVZCV010000012	11689	12732	1	13
JAVZCV010000012	12722	13189	-1	14
JAVZCV010000012	13351	13713	1	15
JAVZCV010000012	13726	15726	1	16
JAVZCV010000012	15753	16346	1	17
JAVZCV010000012	16343	16531	1	18
JAVZCV010000012	16547	19204	1	19
JAVZCV010000012	19248	19952	-1	20
JAVZCV010000012	20107	20829	1	21
JAVZCV010000012	20834	21070	1	22
JAVZCV010000012	21075	21572	1	23
JAVZCV010000012	21583	22578	1	24
JAVZCV010000012	22563	23120	1	25
JAVZCV010000012	23160	23684	-1	26
JAVZCV010000012	23697	24899	-1	27
JAVZCV010000012	24980	25345	1	28
JAVZCV010000012	25326	26051	-1	29
JAVZCV010000012	26048	26665	-1	30
JAVZCV010000012	26680	28239	-1	31
JAVZCV010000012	28458	28955	1	32
JAVZCV010000012	28999	29220	1	33
JAVZCV010000012	29429	30121	-1	34
JAVZCV010000012	30333	30791	1	35
JAVZCV010000012	30820	30984	-1	36
JAVZCV010000012	31090	31551	1	37
JAVZCV010000012	31556	31996	1	38
JAVZCV010000012	31997	32476	-1	39
JAVZCV010000012	32485	33780	-1	40
JAVZCV010000012	33789	34289	-1	41
JAVZCV010000012	34294	34599	-1	42
JAVZCV010000012	34617	35276	-1	43
JAVZCV010000013	3	344	-1	1
JAVZCV010000013	393	1886	1	2
JAVZCV010000013	1781	2863	-1	3
JAVZCV010000013	2870	3136	-1	4
JAVZCV010000013	3141	4262	-1	5
JAVZCV010000013	4274	4996	-1	6
JAVZCV010000013	4993	5961	-1	7
JAVZCV010000013	5983	7242	-1	8
JAVZCV010000013	7250	8218	1	9
JAVZCV010000013	8552	11665	-1	10
JAVZCV010000013	11719	12813	1	11
JAVZCV010000013	12876	13568	1	12
JAVZCV010000013	13565	13900	1	13
JAVZCV010000013	13909	15657	1	14
JAVZCV010000013	15654	17363	1	15
JAVZCV010000013	17388	18113	1	16
JAVZCV010000013	18292	18867	-1	17
JAVZCV010000013	18916	20211	1	18
JAVZCV010000013	20420	21808	1	19
JAVZCV010000013	21824	22255	1	20
JAVZCV010000013	22256	22642	-1	21
JAVZCV010000013	22647	23798	-1	22
JAVZCV010000013	23860	25077	1	23
JAVZCV010000013	25080	26675	-1	24
JAVZCV010000013	26675	28147	-1	25
JAVZCV010000013	28155	28964	-1	26
JAVZCV010000013	29014	29691	1	27
JAVZCV010000013	29735	30136	1	28
JAVZCV010000013	30216	30989	1	29
JAVZCV010000014	60	620	1	1
JAVZCV010000014	608	838	1	2
JAVZCV010000014	895	1995	1	3
JAVZCV010000014	1998	2525	1	4
JAVZCV010000014	3066	3485	-1	5
JAVZCV010000014	4992	5222	-1	6
JAVZCV010000014	7614	8075	-1	7
JAVZCV010000014	9539	10618	1	8
JAVZCV010000014	10618	11361	1	9
JAVZCV010000014	11362	12576	1	10
JAVZCV010000014	12566	12931	1	11
JAVZCV010000014	12949	13362	-1	12
JAVZCV010000014	13466	14182	1	13
JAVZCV010000014	14186	14494	-1	14
JAVZCV010000014	14566	15651	1	15
JAVZCV010000014	15648	16271	1	16
JAVZCV010000014	16266	18731	-1	17
JAVZCV010000014	18804	19004	-1	18
JAVZCV010000014	19107	20600	1	19
JAVZCV010000014	20603	20941	-1	20
JAVZCV010000014	21474	22229	-1	21
JAVZCV010000014	22251	22556	-1	22
JAVZCV010000014	22502	23392	-1	23
JAVZCV010000014	23452	24537	1	24
JAVZCV010000014	24521	25537	-1	25
JAVZCV010000014	25570	25752	1	26
JAVZCV010000014	25876	26454	1	27
JAVZCV010000014	26432	28879	1	28
JAVZCV010000015	144	851	1	1
JAVZCV010000015	852	1718	-1	2
JAVZCV010000015	1987	4131	-1	3
JAVZCV010000015	4145	4588	-1	4
JAVZCV010000015	4686	5147	1	5
JAVZCV010000015	5119	5634	1	6
JAVZCV010000015	5664	6149	1	7
JAVZCV010000015	6146	7999	1	8
JAVZCV010000015	8035	9132	1	9
JAVZCV010000015	9135	9812	-1	10
JAVZCV010000015	9863	10450	1	11
JAVZCV010000015	10433	11674	-1	12
JAVZCV010000015	11858	12103	1	13
JAVZCV010000015	12072	12905	1	14
JAVZCV010000015	12910	13815	1	15
JAVZCV010000015	13828	15363	1	16
JAVZCV010000015	15341	16000	1	17
JAVZCV010000015	16015	17214	1	18
JAVZCV010000015	17216	18133	-1	19
JAVZCV010000015	18126	18887	-1	20
JAVZCV010000015	18918	19421	-1	21
JAVZCV010000015	19393	21378	-1	22
JAVZCV010000015	21484	23997	-1	23
JAVZCV010000015	24256	24696	1	24
JAVZCV010000015	24697	27402	-1	25
JAVZCV010000015	27534	28193	1	26
JAVZCV010000016	3	2771	1	1
JAVZCV010000016	2822	5218	1	2
JAVZCV010000016	5208	5636	-1	3
JAVZCV010000016	5600	6793	-1	4
JAVZCV010000016	6802	8100	-1	5
JAVZCV010000016	8090	8641	-1	6
JAVZCV010000016	8838	9203	1	7
JAVZCV010000016	9291	9815	-1	8
JAVZCV010000016	9824	10999	-1	9
JAVZCV010000016	10989	11837	-1	10
JAVZCV010000016	11819	12496	-1	11
JAVZCV010000016	12493	13974	-1	12
JAVZCV010000016	14011	15726	-1	13
JAVZCV010000016	15894	17201	1	14
JAVZCV010000016	17209	17910	-1	15
JAVZCV010000016	17970	19193	1	16
JAVZCV010000016	19197	19838	-1	17
JAVZCV010000016	19890	20834	1	18
JAVZCV010000016	21016	21582	1	19
JAVZCV010000016	21587	22336	1	20
JAVZCV010000016	22368	23084	-1	21
JAVZCV010000016	23132	23335	-1	22
JAVZCV010000016	23325	23564	-1	23
JAVZCV010000016	23647	24162	1	24
JAVZCV010000016	24222	24752	1	25
JAVZCV010000016	24752	25021	1	26
JAVZCV010000016	25031	26158	1	27
JAVZCV010000016	26155	26916	1	28
JAVZCV010000017	2	124	1	1
JAVZCV010000017	164	787	-1	2
JAVZCV010000017	856	2316	1	3
JAVZCV010000017	2323	4350	1	4
JAVZCV010000017	4362	6137	1	5
JAVZCV010000017	6181	7476	-1	6
JAVZCV010000017	7544	8941	-1	7
JAVZCV010000017	9148	9459	-1	8
JAVZCV010000017	9464	11038	-1	9
JAVZCV010000017	11140	12903	-1	10
JAVZCV010000017	13320	13823	-1	11
JAVZCV010000017	13920	14720	-1	12
JAVZCV010000017	14720	15688	-1	13
JAVZCV010000017	15692	16156	-1	14
JAVZCV010000017	16194	17336	-1	15
JAVZCV010000017	17348	18154	-1	16
JAVZCV010000017	18197	18622	-1	17
JAVZCV010000017	18678	19385	-1	18
JAVZCV010000017	19465	20562	-1	19
JAVZCV010000017	20650	24027	1	20
JAVZCV010000017	24032	25813	-1	21
JAVZCV010000017	25877	25984	1	22
JAVZCV010000018	1	1497	1	1
JAVZCV010000018	1499	2761	-1	2
JAVZCV010000018	2811	3875	1	3
JAVZCV010000018	3859	4935	1	4
JAVZCV010000018	4932	5933	-1	5
JAVZCV010000018	5963	6265	-1	6
JAVZCV010000018	6258	7070	-1	7
JAVZCV010000018	7093	7806	-1	8
JAVZCV010000018	7864	8502	1	9
JAVZCV010000018	8511	8873	1	10
JAVZCV010000018	8875	9195	1	11
JAVZCV010000018	9196	10518	-1	12
JAVZCV010000018	10656	14549	1	13
JAVZCV010000018	14555	15829	-1	14
JAVZCV010000018	15882	16208	-1	15
JAVZCV010000018	16222	16737	-1	16
JAVZCV010000018	16768	17442	-1	17
JAVZCV010000018	17454	17909	-1	18
JAVZCV010000018	17910	18467	-1	19
JAVZCV010000018	18467	19333	-1	20
JAVZCV010000018	19340	21685	-1	21
JAVZCV010000018	21686	22456	-1	22
JAVZCV010000018	22600	23793	1	23
JAVZCV010000018	23979	24539	-1	24
JAVZCV010000019	1	1152	-1	1
JAVZCV010000019	1274	1954	1	2
JAVZCV010000019	1964	3013	1	3
JAVZCV010000019	3028	4191	1	4
JAVZCV010000019	4197	4616	1	5
JAVZCV010000019	4613	5242	-1	6
JAVZCV010000019	5305	7092	1	7
JAVZCV010000019	7137	8285	1	8
JAVZCV010000019	8301	9002	1	9
JAVZCV010000019	9011	9694	1	10
JAVZCV010000019	9714	10964	-1	11
JAVZCV010000019	11001	11657	1	12
JAVZCV010000019	11686	12282	1	13
JAVZCV010000019	12279	13658	1	14
JAVZCV010000019	13655	15604	-1	15
JAVZCV010000019	15594	16772	-1	16
JAVZCV010000019	16803	18773	-1	17
JAVZCV010000019	18803	18898	1	18
JAVZCV010000019	18911	19330	1	19
JAVZCV010000019	19327	19683	-1	20
JAVZCV010000019	19715	19969	-1	21
JAVZCV010000019	19971	20417	-1	22
JAVZCV010000019	20572	20799	-1	23
JAVZCV010000019	20814	21581	-1	24
JAVZCV010000019	21592	22317	-1	25
JAVZCV010000019	22318	22914	-1	26
JAVZCV010000019	22919	23611	-1	27
JAVZCV010000019	23622	24083	-1	28
JAVZCV010000020	3	122	1	1
JAVZCV010000020	197	466	1	2
JAVZCV010000020	482	1870	1	3
JAVZCV010000020	1870	2505	1	4
JAVZCV010000020	2515	3273	-1	5
JAVZCV010000020	3274	3582	-1	6
JAVZCV010000020	3625	4146	-1	7
JAVZCV010000020	4175	5104	-1	8
JAVZCV010000020	5125	7224	-1	9
JAVZCV010000020	7459	7965	-1	10
JAVZCV010000020	7978	8424	-1	11
JAVZCV010000020	8442	8624	-1	12
JAVZCV010000020	8638	9786	-1	13
JAVZCV010000020	9931	10872	1	14
JAVZCV010000020	10921	12480	1	15
JAVZCV010000020	12546	13076	1	16
JAVZCV010000020	13089	14147	1	17
JAVZCV010000020	14144	15709	1	18
JAVZCV010000020	15729	17870	-1	19
JAVZCV010000020	17948	18745	1	20
JAVZCV010000020	18708	21065	-1	21
JAVZCV010000020	21140	21637	1	22
JAVZCV010000020	21638	22312	-1	23
JAVZCV010000020	22279	22698	-1	24
JAVZCV010000020	22763	22894	1	25
JAVZCV010000021	3	638	-1	1
JAVZCV010000021	761	994	-1	2
JAVZCV010000021	1031	2119	-1	3
JAVZCV010000021	2124	2378	-1	4
JAVZCV010000021	2486	3733	1	5
JAVZCV010000021	3957	5543	1	6
JAVZCV010000021	5533	6156	-1	7
JAVZCV010000021	6209	6484	1	8
JAVZCV010000021	6488	6877	1	9
JAVZCV010000021	7012	7248	1	10
JAVZCV010000021	7228	9039	-1	11
JAVZCV010000021	9113	10873	1	12
JAVZCV010000021	10879	11928	1	13
JAVZCV010000021	11938	12693	1	14
JAVZCV010000021	12757	12945	1	15
JAVZCV010000021	12949	13884	1	16
JAVZCV010000021	13881	14552	1	17
JAVZCV010000021	14611	15138	1	18
JAVZCV010000021	15208	17607	1	19
JAVZCV010000021	17637	18842	-1	20
JAVZCV010000021	18908	19822	1	21
JAVZCV010000021	19779	20768	-1	22
JAVZCV010000021	20846	21388	-1	23
JAVZCV010000022	146	325	1	1
JAVZCV010000022	430	567	1	2
JAVZCV010000022	568	1854	-1	3
JAVZCV010000022	1864	2706	-1	4
JAVZCV010000022	2733	3794	-1	5
JAVZCV010000022	3805	5088	-1	6
JAVZCV010000022	5126	5899	-1	7
JAVZCV010000022	5986	7017	1	8
JAVZCV010000022	7014	9059	-1	9
JAVZCV010000022	9049	9549	-1	10
JAVZCV010000022	9589	10221	-1	11
JAVZCV010000022	10261	10677	-1	12
JAVZCV010000022	10690	11622	-1	13
JAVZCV010000022	11619	12047	-1	14
JAVZCV010000022	12066	12710	-1	15
JAVZCV010000022	12719	13888	-1	16
JAVZCV010000022	13908	14282	-1	17
JAVZCV010000022	14393	16135	1	18
JAVZCV010000022	16225	18228	1	19
JAVZCV010000022	18283	20157	1	20
JAVZCV010000022	20227	20640	1	21
JAVZCV010000023	177	320	1	1
JAVZCV010000023	1791	2369	1	2
JAVZCV010000023	2391	3476	-1	3
JAVZCV010000023	3544	4515	1	4
JAVZCV010000023	4454	5542	1	5
JAVZCV010000023	5539	7128	-1	6
JAVZCV010000023	7137	8291	-1	7
JAVZCV010000023	8350	9249	-1	8
JAVZCV010000023	9263	10564	-1	9
JAVZCV010000023	10611	11573	-1	10
JAVZCV010000023	12029	13198	1	11
JAVZCV010000023	13247	14047	1	12
JAVZCV010000023	14121	14768	1	13
JAVZCV010000023	14765	15871	1	14
JAVZCV010000023	15960	16157	1	15
JAVZCV010000023	16158	16424	-1	16
JAVZCV010000023	16414	16659	-1	17
JAVZCV010000023	16685	18574	-1	18
JAVZCV010000023	18595	19212	-1	19
JAVZCV010000024	2	778	-1	1
JAVZCV010000024	790	1542	-1	2
JAVZCV010000024	1535	2014	-1	3
JAVZCV010000024	2014	4260	-1	4
JAVZCV010000024	4480	4899	1	5
JAVZCV010000024	4903	5820	-1	6
JAVZCV010000024	5879	6880	1	7
JAVZCV010000024	6877	7644	1	8
JAVZCV010000024	7620	8198	1	9
JAVZCV010000024	8187	9044	-1	10
JAVZCV010000024	9053	9613	-1	11
JAVZCV010000024	9617	10390	-1	12
JAVZCV010000024	10465	11217	1	13
JAVZCV010000024	11330	11599	1	14
JAVZCV010000024	11712	12689	1	15
JAVZCV010000024	12766	13809	1	16
JAVZCV010000024	13814	15352	1	17
JAVZCV010000024	15443	18043	1	18
JAVZCV010000024	18097	18453	1	19
JAVZCV010000025	1	123	1	1
JAVZCV010000025	217	522	-1	2
JAVZCV010000025	562	1452	-1	3
JAVZCV010000025	1452	2081	-1	4
JAVZCV010000025	2211	3035	1	5
JAVZCV010000025	3054	4955	-1	6
JAVZCV010000025	5049	5891	1	7
JAVZCV010000025	6127	6780	1	8
JAVZCV010000025	6785	7381	1	9
JAVZCV010000025	7411	8382	-1	10
JAVZCV010000025	8401	9081	-1	11
JAVZCV010000025	9078	10139	-1	12
JAVZCV010000025	10222	11649	1	13
JAVZCV010000025	11655	11846	-1	14
JAVZCV010000025	11872	12360	1	15
JAVZCV010000025	12357	13595	1	16
JAVZCV010000025	13658	14500	1	17
JAVZCV010000025	14511	15101	1	18
JAVZCV010000025	15103	15834	1	19
JAVZCV010000025	15763	16689	-1	20
JAVZCV010000025	16846	17409	-1	21
JAVZCV010000026	2	4114	-1	1
JAVZCV010000026	4089	4607	-1	2
JAVZCV010000026	4604	5824	-1	3
JAVZCV010000026	5896	8556	1	4
JAVZCV010000026	8620	10002	1	5
JAVZCV010000026	10143	11609	1	6
JAVZCV010000026	11611	11808	-1	7
JAVZCV010000026	11909	13654	1	8
JAVZCV010000026	13698	14159	1	9
JAVZCV010000026	14186	14485	1	10
JAVZCV010000026	14465	14596	-1	11
JAVZCV010000027	3	824	1	1
JAVZCV010000027	829	1200	1	2
JAVZCV010000027	1206	1439	1	3
JAVZCV010000027	1444	1818	1	4
JAVZCV010000027	1802	2536	1	5
JAVZCV010000027	2576	3289	1	6
JAVZCV010000027	3289	3669	1	7
JAVZCV010000027	3686	4117	1	8
JAVZCV010000027	4104	4460	1	9
JAVZCV010000027	4451	5272	1	10
JAVZCV010000027	5278	5757	-1	11
JAVZCV010000027	5804	6781	-1	12
JAVZCV010000027	6774	7661	-1	13
JAVZCV010000027	7658	9400	-1	14
JAVZCV010000027	9447	10784	-1	15
JAVZCV010000027	10836	11726	1	16
JAVZCV010000027	11741	13504	-1	17
JAVZCV010000028	2	394	-1	1
JAVZCV010000028	458	1690	1	2
JAVZCV010000028	1687	2640	-1	3
JAVZCV010000028	2653	3099	-1	4
JAVZCV010000028	3152	5482	1	5
JAVZCV010000028	5469	6287	1	6
JAVZCV010000028	6274	6801	1	7
JAVZCV010000028	6810	8189	1	8
JAVZCV010000028	8190	9497	1	9
JAVZCV010000028	9502	10494	1	10
JAVZCV010000028	10491	11318	-1	11
JAVZCV010000028	11365	12363	1	12
JAVZCV010000028	12360	12443	1	13
JAVZCV010000029	2	238	-1	1
JAVZCV010000029	335	1378	1	2
JAVZCV010000029	1436	2707	1	3
JAVZCV010000029	2765	3070	1	4
JAVZCV010000029	3202	3765	1	5
JAVZCV010000029	3762	4775	-1	6
JAVZCV010000029	4775	8308	-1	7
JAVZCV010000029	8359	10515	-1	8
JAVZCV010000030	1	1398	1	1
JAVZCV010000030	1417	2571	1	2
JAVZCV010000030	2573	3355	1	3
JAVZCV010000030	3396	3905	1	4
JAVZCV010000030	3951	4706	1	5
JAVZCV010000030	4743	5720	1	6
JAVZCV010000030	5724	5993	1	7
JAVZCV010000030	6072	8513	1	8
JAVZCV010000030	8473	9129	-1	9
JAVZCV010000030	9142	9786	-1	10
JAVZCV010000031	2	862	1	1
JAVZCV010000031	859	2082	-1	2
JAVZCV010000031	2123	4153	-1	3
JAVZCV010000031	4201	5418	-1	4
JAVZCV010000031	5403	7328	-1	5
JAVZCV010000031	7359	8606	-1	6
JAVZCV010000031	8609	9142	-1	7
JAVZCV010000032	2	475	1	1
JAVZCV010000032	491	1729	1	2
JAVZCV010000032	1993	2691	1	3
JAVZCV010000032	2803	4584	1	4
JAVZCV010000032	4562	5476	-1	5
JAVZCV010000032	5490	6257	-1	6
JAVZCV010000032	6261	6605	-1	7
JAVZCV010000032	6610	8181	-1	8
JAVZCV010000032	8190	8852	-1	9
JAVZCV010000033	2	238	-1	1
JAVZCV010000033	337	1584	1	2
JAVZCV010000033	1572	2498	-1	3
JAVZCV010000033	2550	3095	1	4
JAVZCV010000033	3109	3600	-1	5
JAVZCV010000033	3691	4806	1	6
JAVZCV010000033	4807	7998	-1	7
JAVZCV010000033	8247	8399	-1	8
JAVZCV010000034	1	87	-1	1
JAVZCV010000034	146	856	-1	2
JAVZCV010000034	867	2012	-1	3
JAVZCV010000034	2058	2495	-1	4
JAVZCV010000034	2574	3104	-1	5
JAVZCV010000034	3165	3380	-1	6
JAVZCV010000034	3540	4106	1	7
JAVZCV010000034	4107	4679	1	8
JAVZCV010000034	4693	5139	1	9
JAVZCV010000034	5298	5762	-1	10
JAVZCV010000034	5781	6608	-1	11
JAVZCV010000034	6617	7762	-1	12
JAVZCV010000035	1	318	1	1
JAVZCV010000035	329	1528	1	2
JAVZCV010000035	1582	1902	1	3
JAVZCV010000035	1915	2889	-1	4
JAVZCV010000035	2929	5622	-1	5
JAVZCV010000035	5839	6885	-1	6
JAVZCV010000036	1	1542	-1	1
JAVZCV010000036	1559	2173	-1	2
JAVZCV010000036	2186	2689	-1	3
JAVZCV010000036	2682	3467	-1	4
JAVZCV010000036	3552	4016	-1	5
JAVZCV010000036	4024	4518	-1	6
JAVZCV010000036	4550	4891	-1	7
JAVZCV010000036	4954	5262	1	8
JAVZCV010000036	5401	5844	1	9
JAVZCV010000036	5838	6413	-1	10
JAVZCV010000037	2	349	1	1
JAVZCV010000037	362	913	-1	2
JAVZCV010000037	950	2332	-1	3
JAVZCV010000037	2333	3172	-1	4
JAVZCV010000037	3264	3941	1	5
JAVZCV010000037	3931	5568	-1	6
JAVZCV010000037	5687	6154	1	7
JAVZCV010000038	1	177	1	1
JAVZCV010000038	433	1149	1	2
JAVZCV010000038	1354	2574	1	3
JAVZCV010000038	2584	3192	1	4
JAVZCV010000038	3249	3842	1	5
JAVZCV010000038	3826	4581	-1	6
JAVZCV010000038	4591	5550	-1	7
JAVZCV010000038	5610	6068	1	8
