Hmm	ORF	tlen	qlen	Eval	score	start	end	Acc	Pos	Cov_seq	Cov_hmm	strand
AbiEii_0_CAS-III	JAVZCV010000001_113	288	284	9.5e-05	18.2	109313	110176	JAVZCV010000001	113	0.21180555555555555	0.2147887323943662	-1
AbiEii_0_CAS-III	JAVZCV010000001_156	298	284	1.1e-06	24.5	153625	154518	JAVZCV010000001	156	0.24496644295302014	0.25	1
AbiEii_0_CAS-III	JAVZCV010000001_91	196	284	0.0036	13.0	91069	91656	JAVZCV010000001	91	0.5051020408163265	0.2992957746478873	1
AbiEii_0_CAS-III	JAVZCV010000002_59	313	284	3.1e-05	19.8	48264	49202	JAVZCV010000002	59	0.19169329073482427	0.20422535211267606	-1
AbiEii_0_CAS-III	JAVZCV010000007_2	239	284	2.6e-06	23.3	341	1057	JAVZCV010000007	2	0.4560669456066946	0.3591549295774648	1
AbiEii_0_CAS-III	JAVZCV010000011_17	327	284	2.6e-08	29.9	13186	14166	JAVZCV010000011	17	0.27217125382262997	0.3204225352112676	-1
AbiEii_0_CAS-III	JAVZCV010000011_8	253	284	0.0042	12.8	6681	7439	JAVZCV010000011	8	0.2450592885375494	0.2112676056338028	1
AbiEii_0_CAS-III	JAVZCV010000015_25	902	284	5.8e-05	18.9	24697	27402	JAVZCV010000015	25	0.06430155210643015	0.11971830985915492	-1
AbiEii_0_CAS-III	JAVZCV010000017_13	323	284	5e-08	29.0	14720	15688	JAVZCV010000017	13	0.44891640866873067	0.5211267605633803	-1
AbiEii_0_CAS-III	JAVZCV010000025_11	227	284	8.8e-09	31.4	8401	9081	JAVZCV010000025	11	0.3788546255506608	0.29225352112676056	-1
AbiEii_1_CAS-III-A	JAVZCV010000011_8	253	335	4.9e-07	25.3	6681	7439	JAVZCV010000011	8	0.33992094861660077	0.2626865671641791	1
AbiEii_1_CAS-III-A	JAVZCV010000015_8	618	335	0.84	4.8	6146	7999	JAVZCV010000015	8	0.21844660194174756	0.23582089552238805	1
AbiEii_2_CAS-III-C	JAVZCV010000004_44	764	440	0.003	13.0	42876	45167	JAVZCV010000004	44	0.05759162303664921	0.1	1
Can2_Card1_17_CAS-III	JAVZCV010000004_48	244	380	0.00025	15.9	47814	48545	JAVZCV010000004	48	0.3483606557377049	0.24210526315789474	1
Can2_Card1_17_CAS-III	JAVZCV010000004_50	461	380	3.1e-05	18.9	49396	50778	JAVZCV010000004	50	0.34490238611713664	0.42894736842105263	-1
Cas10_0_CAS-III	JAVZCV010000010_32	194	511	0.00049	15.1	25228	25809	JAVZCV010000010	32	0.6134020618556701	0.22504892367906065	-1
Cas10_0_CAS-III	JAVZCV010000024_4	749	511	7.9e-14	47.4	2014	4260	JAVZCV010000024	4	0.40854472630173566	0.6066536203522505	-1
Cas10_0_III	JAVZCV010000024_4	749	414	3.5e-16	55.3	2014	4260	JAVZCV010000024	4	0.540720961281709	0.8381642512077294	-1
Cas10_0_IIIA	JAVZCV010000024_4	749	650	1.3e-82	274.7	2014	4260	JAVZCV010000024	4	0.7930574098798397	0.9061538461538462	-1
Cas10_0_IIIB	JAVZCV010000024_4	749	510	5.4e-08	28.2	2014	4260	JAVZCV010000024	4	0.1295060080106809	0.2019607843137255	-1
Cas10_1_CAS-III	JAVZCV010000019_23	76	654	0.00053	14.8	20572	20799	JAVZCV010000019	23	0.6842105263157895	0.0764525993883792	-1
Cas10_1_CAS-III	JAVZCV010000024_4	749	654	8e-95	314.8	2014	4260	JAVZCV010000024	4	0.8090787716955942	0.9296636085626911	-1
Cas10_4_CAS-III	JAVZCV010000024_4	749	772	1.3e-08	29.5	2014	4260	JAVZCV010000024	4	0.17222963951935916	0.19300518134715025	-1
Cas10_5_CAS-III	JAVZCV010000024_4	749	838	2.8999999999999996e-55	184.0	2014	4260	JAVZCV010000024	4	0.7383177570093458	0.6957040572792362	-1
Cas10_7_CAS-III	JAVZCV010000024_4	749	410	7.4e-14	47.6	2014	4260	JAVZCV010000024	4	0.27102803738317754	0.5560975609756098	-1
Cas10d_1_CAS-I-D	JAVZCV010000001_9	237	886	0.0042	11.3	7110	7820	JAVZCV010000001	9	0.32489451476793246	0.08690744920993228	-1
Cas11b_0_CAS-I-B	JAVZCV010000023_7	385	170	0.00071	15.6	7137	8291	JAVZCV010000023	7	0.24155844155844156	0.5117647058823529	-1
Cas11b_1_CAS-I-B	JAVZCV010000012_27	401	162	0.0077	12.3	23697	24899	JAVZCV010000012	27	0.1970074812967581	0.4876543209876543	-1
Cas12f1_2_CAS-V-F	JAVZCV010000012_9	51	429	9.3e-05	17.7	8851	9003	JAVZCV010000012	9	0.7254901960784313	0.08857808857808858	1
Cas12f2_0_CAS-V-F	JAVZCV010000019_23	76	517	0.0046	11.7	20572	20799	JAVZCV010000019	23	0.5	0.07156673114119923	-1
Cas12f2_1_CAS-V-F	JAVZCV010000012_9	51	422	5e-05	18.6	8851	9003	JAVZCV010000012	9	0.9019607843137255	0.10900473933649289	1
Cas12f2_1_CAS-V-F	JAVZCV010000019_23	76	422	0.0033	12.7	20572	20799	JAVZCV010000019	23	0.5	0.09004739336492891	-1
Cas12f2_1_CAS-V-F	JAVZCV010000025_14	64	422	0.0083	11.3	11655	11846	JAVZCV010000025	14	0.703125	0.1066350710900474	-1
Cas12f2_2_CAS-V-F	JAVZCV010000012_9	51	493	0.0014	13.5	8851	9003	JAVZCV010000012	9	0.5490196078431373	0.058823529411764705	1
Cas12g_0_CAS-V-G	JAVZCV010000015_15	302	771	6.7e-05	17.3	12910	13815	JAVZCV010000015	15	0.11920529801324503	0.04539559014267185	1
Cas12j_0_V-J	JAVZCV010000012_9	51	758	0.0024	12.0	8851	9003	JAVZCV010000012	9	0.6078431372549019	0.040897097625329816	1
Cas12m_0_V-M	JAVZCV010000033_5	164	577	1.4	3.4	3109	3600	JAVZCV010000033	5	0.3231707317073171	0.08145580589254767	-1
Cas1_0_CAS-I-II-III-IV-V-VI	JAVZCV010000004_46	331	317	8.299999999999999e-69	228.2	46197	47189	JAVZCV010000004	46	0.9637462235649547	1.0	-1
Cas1_0_CAS-I-II-III-IV-V-VI	JAVZCV010000007_37	329	317	2.3e-108	358.1	37347	38333	JAVZCV010000007	37	0.9544072948328267	0.9968454258675079	1
Cas1_0_I-II-III	JAVZCV010000004_46	331	327	2.4e-68	226.7	46197	47189	JAVZCV010000004	46	0.972809667673716	0.9938837920489296	-1
Cas1_0_I-II-III	JAVZCV010000007_37	329	327	1.7e-103	342.2	37347	38333	JAVZCV010000007	37	0.9635258358662614	0.9908256880733946	1
Cas1_0_I-II-III-V	JAVZCV010000004_46	331	315	3.3e-54	180.0	46197	47189	JAVZCV010000004	46	0.9577039274924471	0.9936507936507937	-1
Cas1_0_I-II-III-V	JAVZCV010000007_37	329	315	6.6e-95	313.7	37347	38333	JAVZCV010000007	37	0.9544072948328267	0.9968253968253968	1
Cas1_0_IA	JAVZCV010000004_46	331	347	3.9999999999999996e-26	87.8	46197	47189	JAVZCV010000004	46	0.8489425981873112	0.8213256484149856	-1
Cas1_0_IA	JAVZCV010000007_37	329	347	7.7e-39	129.7	37347	38333	JAVZCV010000007	37	0.9452887537993921	0.9221902017291066	1
Cas1_0_IC	JAVZCV010000004_46	331	340	1.9000000000000002e-38	128.6	46197	47189	JAVZCV010000004	46	0.9697885196374623	0.9676470588235294	-1
Cas1_0_IC	JAVZCV010000007_37	329	340	1.1e-49	165.5	37347	38333	JAVZCV010000007	37	0.9604863221884499	0.9647058823529412	1
Cas1_0_IE	JAVZCV010000004_46	331	269	9.4e-05	17.9	46197	47189	JAVZCV010000004	46	0.3987915407854985	0.4795539033457249	-1
Cas1_0_IE	JAVZCV010000007_37	329	269	1.1e-08	30.8	37347	38333	JAVZCV010000007	37	0.6261398176291794	0.7695167286245354	1
Cas1_0_IF	JAVZCV010000004_46	331	307	0.0016	14.0	46197	47189	JAVZCV010000004	46	0.27492447129909364	0.2964169381107492	-1
Cas1_0_IF	JAVZCV010000007_37	329	307	2.5e-09	33.0	37347	38333	JAVZCV010000007	37	0.5440729483282675	0.5928338762214984	1
Cas1_0_II	JAVZCV010000004_46	331	278	8.800000000000002e-28	93.5	46197	47189	JAVZCV010000004	46	0.7945619335347432	0.8633093525179856	-1
Cas1_0_II	JAVZCV010000007_37	329	278	1.9e-12	43.2	37347	38333	JAVZCV010000007	37	0.7750759878419453	0.8669064748201439	1
Cas1_0_V	JAVZCV010000004_46	331	317	2.1e-20	69.1	46197	47189	JAVZCV010000004	46	0.7341389728096677	0.7287066246056783	-1
Cas1_0_V	JAVZCV010000007_37	329	317	1.1e-17	60.2	37347	38333	JAVZCV010000007	37	0.817629179331307	0.832807570977918	1
Cas1_1_CAS-I-II-III-IV-V-VI	JAVZCV010000004_46	331	261	8.2e-57	188.6	46197	47189	JAVZCV010000004	46	0.7824773413897281	0.9846743295019157	-1
Cas1_1_CAS-I-II-III-IV-V-VI	JAVZCV010000007_37	329	261	5.300000000000001e-78	258.0	37347	38333	JAVZCV010000007	37	0.7720364741641338	0.9923371647509579	1
Cas1_2_CAS-I-II-III-IV-V-VI	JAVZCV010000004_46	331	306	0.0014	14.1	46197	47189	JAVZCV010000004	46	0.283987915407855	0.30718954248366015	-1
Cas1_2_CAS-I-II-III-IV-V-VI	JAVZCV010000007_37	329	306	2e-09	33.3	37347	38333	JAVZCV010000007	37	0.541033434650456	0.5882352941176471	1
Cas1_3_CAS-I-II-III-IV-V-VI	JAVZCV010000004_46	331	262	0.00012	17.6	46197	47189	JAVZCV010000004	46	0.3867069486404834	0.48091603053435117	-1
Cas1_3_CAS-I-II-III-IV-V-VI	JAVZCV010000007_37	329	262	6.2e-09	31.6	37347	38333	JAVZCV010000007	37	0.6291793313069909	0.7938931297709924	1
Cas1_4_CAS-I-II-III-IV-V-VI	JAVZCV010000004_46	331	275	8.7e-28	93.4	46197	47189	JAVZCV010000004	46	0.7673716012084593	0.8290909090909091	-1
Cas1_4_CAS-I-II-III-IV-V-VI	JAVZCV010000007_37	329	275	5.4e-14	48.1	37347	38333	JAVZCV010000007	37	0.7781155015197568	0.8727272727272727	1
Cas1_5_CAS-I-II-III-IV-V-VI	JAVZCV010000004_46	331	338	4.7999999999999997e-39	130.5	46197	47189	JAVZCV010000004	46	0.9697885196374623	0.9733727810650887	-1
Cas1_5_CAS-I-II-III-IV-V-VI	JAVZCV010000007_37	329	338	3e-49	164.1	37347	38333	JAVZCV010000007	37	0.9604863221884499	0.9704142011834319	1
Cas1_6_CAS-I-II-III-IV-V-VI	JAVZCV010000004_46	331	320	2.4e-33	111.9	46197	47189	JAVZCV010000004	46	0.918429003021148	0.934375	-1
Cas1_6_CAS-I-II-III-IV-V-VI	JAVZCV010000007_37	329	320	1.9e-140	463.7	37347	38333	JAVZCV010000007	37	0.9787234042553191	1.0	1
Cas1_7_CAS-I-II-III-IV-V-VI	JAVZCV010000004_46	331	328	2.3e-62	207.1	46197	47189	JAVZCV010000004	46	0.9788519637462235	0.975609756097561	-1
Cas1_7_CAS-I-II-III-IV-V-VI	JAVZCV010000007_37	329	328	4.9e-112	370.3	37347	38333	JAVZCV010000007	37	0.9908814589665653	0.9908536585365854	1
Cas1_8_CAS-I-II-III-IV-V-VI	JAVZCV010000004_46	331	283	1.4999999999999998e-68	227.1	46197	47189	JAVZCV010000004	46	0.8549848942598187	0.9929328621908127	-1
Cas1_8_CAS-I-II-III-IV-V-VI	JAVZCV010000007_37	329	283	9.899999999999999e-91	299.9	37347	38333	JAVZCV010000007	37	0.8419452887537994	0.9929328621908127	1
Cas2_0_CAS-I-II-III-IV-V-VI	JAVZCV010000004_45	91	90	6.7e-15	51.5	45925	46197	JAVZCV010000004	45	0.8681318681318682	0.9222222222222223	-1
Cas2_0_CAS-I-II-III-IV-V-VI	JAVZCV010000007_38	89	90	2.2e-16	56.2	38335	38601	JAVZCV010000007	38	0.898876404494382	0.9444444444444444	1
Cas2_0_CAS-III-AM	JAVZCV010000004_45	91	95	3.3e-05	20.3	45925	46197	JAVZCV010000004	45	0.9340659340659341	0.9157894736842105	-1
Cas2_0_CAS-III-AM	JAVZCV010000007_38	89	95	0.009	12.5	38335	38601	JAVZCV010000007	38	0.7078651685393258	0.6736842105263158	1
Cas2_0_I-II-III	JAVZCV010000004_45	91	96	3.3e-15	52.3	45925	46197	JAVZCV010000004	45	0.8901098901098901	0.8958333333333334	-1
Cas2_0_I-II-III	JAVZCV010000007_38	89	96	2.5e-14	49.4	38335	38601	JAVZCV010000007	38	0.9213483146067416	0.90625	1
Cas2_0_I-II-III-V	JAVZCV010000004_45	91	83	1.2e-14	50.5	45925	46197	JAVZCV010000004	45	0.8241758241758241	0.963855421686747	-1
Cas2_0_I-II-III-V	JAVZCV010000007_38	89	83	3e-23	78.1	38335	38601	JAVZCV010000007	38	0.8651685393258427	0.9879518072289156	1
Cas2_11_CAS-I-II-III-IV-V-VI	JAVZCV010000004_45	91	71	2.8e-17	58.9	45925	46197	JAVZCV010000004	45	0.7692307692307693	1.0	-1
Cas2_11_CAS-I-II-III-IV-V-VI	JAVZCV010000007_38	89	71	3.6e-23	77.8	38335	38601	JAVZCV010000007	38	0.7865168539325843	0.9859154929577465	1
Cas2_2_CAS-I-II-III-IV-V-VI	JAVZCV010000004_45	91	79	1.3e-19	66.4	45925	46197	JAVZCV010000004	45	0.8351648351648352	0.9746835443037974	-1
Cas2_2_CAS-I-II-III-IV-V-VI	JAVZCV010000007_38	89	79	6.9e-30	99.3	38335	38601	JAVZCV010000007	38	0.8764044943820225	1.0	1
Cas2_4_CAS-I-II-III-IV-V-VI	JAVZCV010000004_45	91	89	7.9e-18	60.8	45925	46197	JAVZCV010000004	45	0.9230769230769231	0.9662921348314607	-1
Cas2_4_CAS-I-II-III-IV-V-VI	JAVZCV010000007_38	89	89	4.5e-29	96.8	38335	38601	JAVZCV010000007	38	0.9662921348314607	0.9887640449438202	1
Cas2_6_CAS-I-II-III-IV-V-VI	JAVZCV010000004_45	91	90	7.9e-06	22.4	45925	46197	JAVZCV010000004	45	0.46153846153846156	0.45555555555555555	-1
Cas2_6_CAS-I-II-III-IV-V-VI	JAVZCV010000006_39	171	90	0.002	14.7	26887	27399	JAVZCV010000006	39	0.3508771929824561	0.6555555555555556	1
Cas2_6_CAS-I-II-III-IV-V-VI	JAVZCV010000007_38	89	90	6.9e-05	19.4	38335	38601	JAVZCV010000007	38	0.7191011235955056	0.7222222222222222	1
Cas2_7_CAS-I-II-III-IV-V-VI	JAVZCV010000004_45	91	94	8.8e-21	70.4	45925	46197	JAVZCV010000004	45	0.8791208791208791	0.8723404255319149	-1
Cas2_7_CAS-I-II-III-IV-V-VI	JAVZCV010000007_38	89	94	1.9e-13	46.8	38335	38601	JAVZCV010000007	38	0.9101123595505618	0.8829787234042553	1
Cas3-Cas2_0_CAS-I-F	JAVZCV010000007_35	794	1106	7e-07	23.5	34389	36770	JAVZCV010000007	35	0.23425692695214106	0.17088607594936708	1
Cas3-Cas2_0_IF	JAVZCV010000007_35	794	1110	6e-07	23.7	34389	36770	JAVZCV010000007	35	0.23551637279596976	0.17117117117117117	1
Cas3HD_0_CAS-I	JAVZCV010000007_35	794	203	4.8e-13	45.5	34389	36770	JAVZCV010000007	35	0.2871536523929471	0.9507389162561576	1
Cas3HD_0_CAS-I	JAVZCV010000011_32	390	203	0.00078	15.5	32080	33249	JAVZCV010000011	32	0.2128205128205128	0.4236453201970443	1
Cas3HD_0_CAS-I	JAVZCV010000024_9	193	203	0.00043	16.3	7620	8198	JAVZCV010000024	9	0.43523316062176165	0.5320197044334976	1
Cas3HD_2_CAS-I	JAVZCV010000007_35	794	231	0.00019	17.2	34389	36770	JAVZCV010000007	35	0.0818639798488665	0.2857142857142857	1
Cas3_0_CAS-I	JAVZCV010000004_2	701	353	5.6e-11	38.3	940	3042	JAVZCV010000004	2	0.35235378031383735	0.6968838526912181	-1
Cas3_0_CAS-I	JAVZCV010000007_35	794	353	3.4e-45	150.8	34389	36770	JAVZCV010000007	35	0.43073047858942065	0.9575070821529745	1
Cas3_0_CAS-I	JAVZCV010000008_27	900	353	2.9e-17	58.9	23260	25959	JAVZCV010000008	27	0.35	0.9036827195467422	-1
Cas3_0_CAS-I	JAVZCV010000014_19	498	353	8.4e-14	47.5	19107	20600	JAVZCV010000014	19	0.4819277108433735	0.6572237960339944	1
Cas3_0_CAS-I	JAVZCV010000032_4	594	353	1.2e-05	20.7	2803	4584	JAVZCV010000032	4	0.21717171717171718	0.37110481586402266	1
Cas3_0_CAS-I-D	JAVZCV010000004_2	701	626	1.8e-13	45.7	940	3042	JAVZCV010000004	2	0.21398002853067047	0.23003194888178913	-1
Cas3_0_CAS-I-D	JAVZCV010000008_27	900	626	3.1e-08	28.4	23260	25959	JAVZCV010000008	27	0.1411111111111111	0.1853035143769968	-1
Cas3_0_CAS-I-U	JAVZCV010000007_35	794	843	3.4e-09	31.2	34389	36770	JAVZCV010000007	35	0.25566750629722923	0.25504151838671413	1
Cas3_0_I	JAVZCV010000004_2	701	358	1.8e-10	36.5	940	3042	JAVZCV010000004	2	0.3537803138373752	0.7039106145251397	-1
Cas3_0_I	JAVZCV010000007_35	794	358	5.6e-45	150.1	34389	36770	JAVZCV010000007	35	0.43198992443324935	0.9608938547486033	1
Cas3_0_I	JAVZCV010000008_27	900	358	3.6e-17	58.6	23260	25959	JAVZCV010000008	27	0.3466666666666667	0.8910614525139665	-1
Cas3_0_I	JAVZCV010000014_19	498	358	1.2e-12	43.7	19107	20600	JAVZCV010000014	19	0.3493975903614458	0.49162011173184356	1
Cas3_0_I	JAVZCV010000032_4	594	358	1.3e-05	20.5	2803	4584	JAVZCV010000032	4	0.17676767676767677	0.29608938547486036	1
Cas3_0_ID	JAVZCV010000004_2	701	357	2.8e-10	35.9	940	3042	JAVZCV010000004	2	0.23252496433666192	0.4733893557422969	-1
Cas3_0_ID	JAVZCV010000008_27	900	357	2.5e-05	19.6	23260	25959	JAVZCV010000008	27	0.11	0.24929971988795518	-1
Cas3_0_IU	JAVZCV010000004_2	701	864	0.00029	15.0	940	3042	JAVZCV010000004	2	0.09700427960057062	0.07291666666666667	-1
Cas3_0_IU	JAVZCV010000007_35	794	864	1.4e-09	32.6	34389	36770	JAVZCV010000007	35	0.2506297229219144	0.25810185185185186	1
Cas3_0_IU	JAVZCV010000014_19	498	864	1.3e-06	22.8	19107	20600	JAVZCV010000014	19	0.38353413654618473	0.23958333333333334	1
Cas3_1_CAS-I	JAVZCV010000004_2	701	745	3e-11	38.5	940	3042	JAVZCV010000004	2	0.5805991440798859	0.3395973154362416	-1
Cas3_1_CAS-I	JAVZCV010000007_35	794	745	4.5e-56	186.7	34389	36770	JAVZCV010000007	35	0.482367758186398	0.512751677852349	1
Cas3_1_CAS-I	JAVZCV010000008_27	900	745	2e-11	39.1	23260	25959	JAVZCV010000008	27	0.29888888888888887	0.30604026845637583	-1
Cas3_1_CAS-I	JAVZCV010000014_19	498	745	7.4e-05	17.3	19107	20600	JAVZCV010000014	19	0.3112449799196787	0.22684563758389262	1
Cas3_1_CAS-I-D	JAVZCV010000004_2	701	353	3.7e-09	32.2	940	3042	JAVZCV010000004	2	0.14265335235378032	0.2719546742209632	-1
Cas3_1_CAS-I-D	JAVZCV010000008_27	900	353	5e-07	25.2	23260	25959	JAVZCV010000008	27	0.13777777777777778	0.32294617563739375	-1
Cas3_1_CAS-I-D	JAVZCV010000014_19	498	353	0.00047	15.4	19107	20600	JAVZCV010000014	19	0.19879518072289157	0.26345609065155806	1
Cas3_1_I	JAVZCV010000007_35	794	178	6.4e-10	35.5	34389	36770	JAVZCV010000007	35	0.23299748110831234	0.848314606741573	1
Cas3_1_I	JAVZCV010000011_32	390	178	0.0092	12.2	32080	33249	JAVZCV010000011	32	0.12564102564102564	0.30337078651685395	1
Cas3_1_I	JAVZCV010000024_9	193	178	0.00082	15.6	7620	8198	JAVZCV010000024	9	0.41450777202072536	0.43820224719101125	1
Cas3_2_CAS-I	JAVZCV010000004_2	701	967	1.5e-09	32.6	940	3042	JAVZCV010000004	2	0.2253922967189729	0.16339193381592554	-1
Cas3_2_CAS-I	JAVZCV010000007_35	794	967	1.3e-09	32.9	34389	36770	JAVZCV010000007	35	0.28211586901763225	0.22233712512926576	1
Cas3_2_CAS-I	JAVZCV010000008_27	900	967	1.2e-06	23.0	23260	25959	JAVZCV010000008	27	0.2688888888888889	0.2481902792140641	-1
Cas3_2_CAS-I	JAVZCV010000014_19	498	967	2.9e-09	31.7	19107	20600	JAVZCV010000014	19	0.39357429718875503	0.20062047569803515	1
Cas3d_0_CAS-I-D	JAVZCV010000004_2	701	639	1.4e-08	29.7	940	3042	JAVZCV010000004	2	0.2211126961483595	0.24100156494522693	-1
Cas3d_0_CAS-I-D	JAVZCV010000008_27	900	639	6.7e-05	17.6	23260	25959	JAVZCV010000008	27	0.13333333333333333	0.17683881064162754	-1
Cas3d_0_CAS-I-D	JAVZCV010000011_23	843	639	0.00019	16.1	19241	21769	JAVZCV010000011	23	0.0711743772241993	0.09546165884194054	-1
Cas3d_0_CAS-I-D	JAVZCV010000014_19	498	639	1e-06	23.6	19107	20600	JAVZCV010000014	19	0.24096385542168675	0.19718309859154928	1
Cas3d_1_CAS-I-D	JAVZCV010000004_2	701	627	3.8e-11	38.1	940	3042	JAVZCV010000004	2	0.28245363766048504	0.3253588516746411	-1
Cas3d_1_CAS-I-D	JAVZCV010000008_27	900	627	0.00011	16.7	23260	25959	JAVZCV010000008	27	0.3488888888888889	0.5007974481658692	-1
Cas4_0_CAS-I-II-III-IV-V-VI	JAVZCV010000004_47	187	179	1.1e-06	25.2	47170	47730	JAVZCV010000004	47	0.34759358288770054	0.3743016759776536	-1
Cas4_0_CAS-I-II-III-IV-V-VI	JAVZCV010000007_36	170	179	3.0999999999999997e-29	98.6	36780	37289	JAVZCV010000007	36	0.9352941176470588	1.0	1
Cas4_0_CAS-I-II-III-IV-V-VI	JAVZCV010000017_18	236	179	2.4e-08	30.5	18678	19385	JAVZCV010000017	18	0.5847457627118644	0.6536312849162011	-1
Cas4_0_I-II	JAVZCV010000004_47	187	180	1.7e-08	30.6	47170	47730	JAVZCV010000004	47	0.43315508021390375	0.4888888888888889	-1
Cas4_0_I-II	JAVZCV010000007_36	170	180	3e-32	108.0	36780	37289	JAVZCV010000007	36	0.9352941176470588	0.9944444444444445	1
Cas4_0_I-II	JAVZCV010000017_18	236	180	3e-06	23.3	18678	19385	JAVZCV010000017	18	0.576271186440678	0.6333333333333333	-1
Cas4_0_I-II-V	JAVZCV010000007_36	170	177	1.1000000000000001e-27	93.3	36780	37289	JAVZCV010000007	36	0.9352941176470588	1.0	1
Cas4_0_I-II-V	JAVZCV010000017_18	236	177	4.5e-05	19.7	18678	19385	JAVZCV010000017	18	0.6949152542372882	0.8022598870056498	-1
Cas4_0_V	JAVZCV010000007_36	170	178	3.8e-06	23.2	36780	37289	JAVZCV010000007	36	0.6294117647058823	0.601123595505618	1
Cas4_3_CAS-I-II-III-IV-V-VI	JAVZCV010000007_36	170	197	8.8e-48	159.1	36780	37289	JAVZCV010000007	36	0.9411764705882353	0.9137055837563451	1
Cas4_3_CAS-I-II-III-IV-V-VI	JAVZCV010000017_18	236	197	0.017	11.3	18678	19385	JAVZCV010000017	18	0.1652542372881356	0.19289340101522842	-1
Cas4_5_CAS-I-II-III-IV-V-VI	JAVZCV010000007_36	170	161	1.4999999999999999e-61	203.4	36780	37289	JAVZCV010000007	36	0.9235294117647059	0.9875776397515528	1
Cas4_5_CAS-I-II-III-IV-V-VI	JAVZCV010000017_18	236	161	0.0019	14.5	18678	19385	JAVZCV010000017	18	0.4322033898305085	0.6024844720496895	-1
Cas5_0_CAS-I	JAVZCV010000007_34	263	201	1.7e-08	30.6	33620	34408	JAVZCV010000007	34	0.5627376425855514	0.7064676616915423	1
Cas5_0_CAS-I-B	JAVZCV010000007_34	263	221	0.00099	14.7	33620	34408	JAVZCV010000007	34	0.39543726235741444	0.43891402714932126	1
Cas5_0_I	JAVZCV010000007_34	263	43	5.7e-09	31.8	33620	34408	JAVZCV010000007	34	0.1634980988593156	0.9767441860465116	1
Cas5_0_IB	JAVZCV010000007_34	263	217	0.00015	17.6	33620	34408	JAVZCV010000007	34	0.24714828897338403	0.29493087557603687	1
Cas5_10_CAS-I-B	JAVZCV010000007_34	263	238	8.3e-07	24.8	33620	34408	JAVZCV010000007	34	0.29277566539923955	0.2857142857142857	1
Cas5_1_IB	JAVZCV010000007_34	263	241	4.7e-33	111.0	33620	34408	JAVZCV010000007	34	0.6958174904942965	0.7427385892116183	1
Cas5_2_CAS-I	JAVZCV010000007_34	263	213	3.9e-05	19.8	33620	34408	JAVZCV010000007	34	0.596958174904943	0.7323943661971831	1
Cas5_2_CAS-I-B	JAVZCV010000007_34	263	194	1.8e-06	24.2	33620	34408	JAVZCV010000007	34	0.2737642585551331	0.36597938144329895	1
Cas5_4_CAS-I-B	JAVZCV010000002_84	172	190	9.1	2.0	68836	69351	JAVZCV010000002	84	0.3488372093023256	0.10526315789473684	1
Cas5_4_CAS-I-B	JAVZCV010000007_34	263	190	2.5e-28	95.1	33620	34408	JAVZCV010000007	34	0.6273764258555133	0.8578947368421053	1
Cas5_7_CAS-I-B	JAVZCV010000007_34	263	239	1.5e-32	109.2	33620	34408	JAVZCV010000007	34	0.7034220532319392	0.7615062761506276	1
Cas5u_0_CAS-I-U	JAVZCV010000019_25	242	418	0.0073	11.4	21592	22317	JAVZCV010000019	25	0.32231404958677684	0.18181818181818182	-1
Cas6_0_CAS-I-II-III-IV-V-VI	JAVZCV010000004_49	308	194	1.5e-05	21.7	48468	49391	JAVZCV010000004	49	0.7272727272727273	0.9896907216494846	-1
Cas6_0_CAS-I-II-III-IV-V-VI	JAVZCV010000007_31	252	194	3.3e-26	89.1	30031	30786	JAVZCV010000007	31	0.8055555555555556	1.0	1
Cas6_0_CAS-III-B-I-B	JAVZCV010000007_31	252	235	4.8e-18	61.6	30031	30786	JAVZCV010000007	31	0.8809523809523809	0.8595744680851064	1
Cas6_0_I-III	JAVZCV010000004_49	308	200	0.0004	17.0	48468	49391	JAVZCV010000004	49	0.6428571428571429	0.805	-1
Cas6_0_I-III	JAVZCV010000007_31	252	200	1.4999999999999998e-29	99.9	30031	30786	JAVZCV010000007	31	0.8333333333333334	1.0	1
Cas6_10_CAS-I-II-III-IV-V-VI	JAVZCV010000004_49	308	322	8.000000000000001e-66	218.5	48468	49391	JAVZCV010000004	49	0.9837662337662337	0.9596273291925466	-1
Cas6_10_CAS-I-II-III-IV-V-VI	JAVZCV010000024_2	251	322	0.0089	11.4	790	1542	JAVZCV010000024	2	0.199203187250996	0.16459627329192547	-1
Cas6_11_CAS-I-II-III-IV-V-VI	JAVZCV010000004_49	308	316	3e-51	170.8	48468	49391	JAVZCV010000004	49	0.9805194805194806	0.9525316455696202	-1
Cas6_13_CAS-I-II-III-IV-V-VI	JAVZCV010000007_31	252	151	6.5e-22	74.6	30031	30786	JAVZCV010000007	31	0.7936507936507936	0.9602649006622517	1
Cas6_15_CAS-I-II-III-IV-V-VI	JAVZCV010000004_49	308	112	6.6e-17	58.3	48468	49391	JAVZCV010000004	49	0.4383116883116883	1.0	-1
Cas6_2_CAS-I-II-III-IV-V-VI	JAVZCV010000002_60	160	193	0.00091	15.5	49162	49641	JAVZCV010000002	60	0.60625	0.48186528497409326	-1
Cas6_3_CAS-I-II-III-IV-V-VI	JAVZCV010000007_31	252	240	4.7e-25	85.1	30031	30786	JAVZCV010000007	31	0.9841269841269841	1.0	1
Cas6_4_CAS-I-II-III-IV-V-VI	JAVZCV010000004_49	308	289	7.5e-09	31.6	48468	49391	JAVZCV010000004	49	0.9707792207792207	0.9584775086505191	-1
Cas6_4_CAS-I-II-III-IV-V-VI	JAVZCV010000019_12	219	289	0.001	14.7	11001	11657	JAVZCV010000019	12	0.1872146118721461	0.1522491349480969	1
Cas6_6_CAS-I-II-III-IV-V-VI	JAVZCV010000004_49	308	325	0.014	10.7	48468	49391	JAVZCV010000004	49	0.36038961038961037	0.3076923076923077	-1
Cas6_7_CAS-I-II-III-IV-V-VI	JAVZCV010000007_31	252	241	2.2e-41	138.5	30031	30786	JAVZCV010000007	31	0.9920634920634921	0.9875518672199171	1
Cas6_7_IV	JAVZCV010000007_31	252	262	3.9e-20	68.7	30031	30786	JAVZCV010000007	31	0.9880952380952381	0.916030534351145	1
Cas7_0_CAS-I-C	JAVZCV010000007_33	322	268	1.2e-13	47.3	32632	33597	JAVZCV010000007	33	0.6521739130434783	0.7238805970149254	1
Cas7_0_IC	JAVZCV010000007_33	322	284	7.3e-09	31.5	32632	33597	JAVZCV010000007	33	0.593167701863354	0.6654929577464789	1
Cas7_1_CAS-I-B	JAVZCV010000007_33	322	286	2.8e-10	36.2	32632	33597	JAVZCV010000007	33	0.48757763975155277	0.5314685314685315	1
Cas7_1_CAS-I-C	JAVZCV010000007_33	322	278	3.5e-09	32.5	32632	33597	JAVZCV010000007	33	0.5962732919254659	0.6654676258992805	1
Cas7_2_CAS-I-C	JAVZCV010000007_33	322	283	1.6e-12	43.5	32632	33597	JAVZCV010000007	33	0.5714285714285714	0.6289752650176679	1
Cas7_2_IB	JAVZCV010000007_33	322	286	6.6e-09	31.7	32632	33597	JAVZCV010000007	33	0.5217391304347826	0.5769230769230769	1
Cas7_3_IB	JAVZCV010000007_33	322	268	6.4e-15	51.5	32632	33597	JAVZCV010000007	33	0.5683229813664596	0.6791044776119403	1
Cas7b_0_CAS-I-B-I-C	JAVZCV010000007_33	322	254	3.7e-36	121.1	32632	33597	JAVZCV010000007	33	0.8074534161490683	0.9251968503937008	1
Cas8b11_0_CAS-I-B	JAVZCV010000004_45	91	485	0.005	12.2	45925	46197	JAVZCV010000004	45	0.3956043956043956	0.061855670103092786	-1
Cas8f_2_CAS-I-F	JAVZCV010000028_10	331	384	0.018	10.1	9502	10494	JAVZCV010000028	10	0.20241691842900303	0.171875	1
Cas8u1_0_CAS-I-U	JAVZCV010000001_163	187	702	0.0012	13.6	158921	159481	JAVZCV010000001	163	0.42780748663101603	0.09401709401709402	1
CasR_0_CAS-I-II-III-IV-V-VI	JAVZCV010000001_30	208	198	0.0024	13.7	26208	26831	JAVZCV010000001	30	0.20673076923076922	0.20707070707070707	1
CasR_0_CAS-I-II-III-IV-V-VI	JAVZCV010000004_48	244	198	4.7e-10	35.5	47814	48545	JAVZCV010000004	48	0.6147540983606558	0.7222222222222222	1
CasR_0_CAS-I-II-III-IV-V-VI	JAVZCV010000007_24	109	198	0.0035	13.1	19066	19392	JAVZCV010000007	24	0.47706422018348627	0.2474747474747475	1
CasR_0_CAS-I-II-III-IV-V-VI	JAVZCV010000010_7	244	198	0.002	13.9	4810	5541	JAVZCV010000010	7	0.569672131147541	0.6060606060606061	1
CasR_0_CAS-I-II-III-IV-V-VI	JAVZCV010000011_11	150	198	0.00042	16.1	8868	9317	JAVZCV010000011	11	0.6133333333333333	0.46464646464646464	-1
CasR_0_CAS-I-II-III-IV-V-VI	JAVZCV010000013_25	491	198	0.00067	15.4	26675	28147	JAVZCV010000013	25	0.15682281059063136	0.3939393939393939	-1
CasR_0_CAS-I-II-III-IV-V-VI	JAVZCV010000014_14	103	198	0.0033	13.2	14186	14494	JAVZCV010000014	14	0.6601941747572816	0.30808080808080807	-1
CasR_0_CAS-I-II-III-IV-V-VI	JAVZCV010000014_17	822	198	1.6e-09	33.8	16266	18731	JAVZCV010000014	17	0.0827250608272506	0.36363636363636365	-1
CasR_0_CAS-I-II-III-IV-V-VI	JAVZCV010000014_3	367	198	4.8e-05	19.2	895	1995	JAVZCV010000014	3	0.25885558583106266	0.4595959595959596	1
CasR_0_CAS-I-II-III-IV-V-VI	JAVZCV010000020_24	140	198	9.3e-05	18.3	22279	22698	JAVZCV010000020	24	0.2857142857142857	0.20707070707070707	-1
CasR_0_CAS-I-II-III-IV-V-VI	JAVZCV010000021_4	85	198	0.0068	12.2	2124	2378	JAVZCV010000021	4	0.7058823529411765	0.30303030303030304	-1
CasR_0_CAS-III-B	JAVZCV010000004_3	551	480	4.3e-05	18.5	3282	4934	JAVZCV010000004	3	0.19237749546279492	0.21875	1
CasR_0_CAS-III-B	JAVZCV010000031_3	677	480	0.0014	13.5	2123	4153	JAVZCV010000031	3	0.08419497784342689	0.11041666666666666	-1
CasR_0_CAS-III-B-III-D	JAVZCV010000004_48	244	255	1.5e-05	20.8	47814	48545	JAVZCV010000004	48	0.36885245901639346	0.4196078431372549	1
CasR_0_CAS-III-B-III-D	JAVZCV010000004_50	461	255	3.6e-10	35.9	49396	50778	JAVZCV010000004	50	0.2559652928416486	0.5686274509803921	-1
CasR_1_CAS-I-II-III-IV-V-VI	JAVZCV010000004_48	244	218	2.1e-12	42.8	47814	48545	JAVZCV010000004	48	0.639344262295082	0.6834862385321101	1
CasR_1_CAS-I-II-III-IV-V-VI	JAVZCV010000007_24	109	218	4.6e-05	18.8	19066	19392	JAVZCV010000007	24	0.5688073394495413	0.26146788990825687	1
CasR_1_CAS-I-II-III-IV-V-VI	JAVZCV010000010_7	244	218	0.0014	14.0	4810	5541	JAVZCV010000010	7	0.3770491803278688	0.42660550458715596	1
CasR_1_CAS-I-II-III-IV-V-VI	JAVZCV010000011_11	150	218	0.00055	15.3	8868	9317	JAVZCV010000011	11	0.44	0.22477064220183487	-1
CasR_1_CAS-I-II-III-IV-V-VI	JAVZCV010000013_25	491	218	4.3e-05	18.9	26675	28147	JAVZCV010000013	25	0.1934826883910387	0.3348623853211009	-1
CasR_1_CAS-I-II-III-IV-V-VI	JAVZCV010000014_17	822	218	3.1e-10	35.7	16266	18731	JAVZCV010000014	17	0.0851581508515815	0.3394495412844037	-1
CasR_1_CAS-I-II-III-IV-V-VI	JAVZCV010000014_3	367	218	0.00022	16.6	895	1995	JAVZCV010000014	3	0.2016348773841962	0.3394495412844037	1
CasR_1_CAS-I-II-III-IV-V-VI	JAVZCV010000020_24	140	218	1.4e-05	20.5	22279	22698	JAVZCV010000020	24	0.3	0.19724770642201836	-1
Cmr4_0_IIIB	JAVZCV010000024_2	251	283	1.5e-12	44.0	790	1542	JAVZCV010000024	2	0.5856573705179283	0.4876325088339223	-1
Cmr4_1_IIIB	JAVZCV010000024_2	251	281	9.6e-12	41.2	790	1542	JAVZCV010000024	2	0.6215139442231076	0.505338078291815	-1
Cmr4gr7_0_CAS-III-B-III-C	JAVZCV010000024_2	251	282	1.6e-12	43.8	790	1542	JAVZCV010000024	2	0.5856573705179283	0.4787234042553192	-1
Cmr4gr7_1_CAS-III-B-III-C	JAVZCV010000004_51	376	309	0.00068	15.3	50797	51924	JAVZCV010000004	51	0.2127659574468085	0.19741100323624594	-1
Cmr4gr7_1_CAS-III-B-III-C	JAVZCV010000024_2	251	309	1.7e-11	40.2	790	1542	JAVZCV010000024	2	0.7250996015936255	0.5760517799352751	-1
Cmr5_1_IIIC	JAVZCV010000001_93	166	178	0.36	6.8	92930	93427	JAVZCV010000001	93	0.3493975903614458	0.3146067415730337	1
Cmr6_0_IIIB	JAVZCV010000004_51	376	213	1.3e-05	21.2	50797	51924	JAVZCV010000004	51	0.3271276595744681	0.2300469483568075	-1
Cmr6_0_IIIB	JAVZCV010000024_2	251	213	1.8e-05	20.8	790	1542	JAVZCV010000024	2	0.1394422310756972	0.1643192488262911	-1
Cmr6_0_IIIC	JAVZCV010000024_2	251	252	7.2e-09	31.8	790	1542	JAVZCV010000024	2	0.5059760956175299	0.4444444444444444	-1
Cmr6_1_IIIB	JAVZCV010000004_51	376	264	0.0008	15.2	50797	51924	JAVZCV010000004	51	0.11702127659574468	0.6553030303030303	-1
Cmr6_1_IIIB	JAVZCV010000024_2	251	264	6.6e-05	18.8	790	1542	JAVZCV010000024	2	0.20318725099601595	0.19696969696969696	-1
Cmr6gr7_1_CAS-III-B-III-C	JAVZCV010000004_51	376	218	4.2e-06	22.7	50797	51924	JAVZCV010000004	51	0.35106382978723405	0.26605504587155965	-1
Cmr6gr7_1_CAS-III-B-III-C	JAVZCV010000024_2	251	218	6.7e-06	22.0	790	1542	JAVZCV010000024	2	0.16733067729083664	0.1743119266055046	-1
Cmr6gr7_2_CAS-III-B-III-C	JAVZCV010000004_51	376	262	0.00044	16.1	50797	51924	JAVZCV010000004	51	0.125	0.17938931297709923	-1
Cmr6gr7_2_CAS-III-B-III-C	JAVZCV010000024_2	251	262	8e-05	18.5	790	1542	JAVZCV010000024	2	0.11952191235059761	0.11450381679389313	-1
Cmr6gr7_3_CAS-III-B-III-C	JAVZCV010000024_2	251	250	6.5e-08	28.6	790	1542	JAVZCV010000024	2	0.2948207171314741	0.232	-1
CorA_1_CAS-III-B	JAVZCV010000002_8	196	125	1.2e-05	21.4	8387	8974	JAVZCV010000002	8	0.4489795918367347	0.544	1
CorA_1_CAS-III-B	JAVZCV010000010_16	70	125	0.0063	12.6	12308	12517	JAVZCV010000010	16	0.9	0.464	1
CorA_1_CAS-III-B	JAVZCV010000019_20	119	125	0.0041	13.2	19327	19683	JAVZCV010000019	20	0.6890756302521008	0.376	-1
CorA_1_CAS-III-B	JAVZCV010000033_7	1064	125	0.21	7.6	4807	7998	JAVZCV010000033	7	0.20394736842105263	0.624	-1
Csa3_1_CAS-I-II-III-IV-V-VI	JAVZCV010000001_18	167	118	4.9e-05	19.8	13671	14171	JAVZCV010000001	18	0.5209580838323353	0.6864406779661016	1
Csa3_1_CAS-I-II-III-IV-V-VI	JAVZCV010000001_30	208	118	0.11	9.1	26208	26831	JAVZCV010000001	30	0.5144230769230769	0.6440677966101694	1
Csa3_1_CAS-I-II-III-IV-V-VI	JAVZCV010000007_24	109	118	4.3e-07	26.5	19066	19392	JAVZCV010000007	24	0.7155963302752294	0.6864406779661016	1
Csa3_1_CAS-I-II-III-IV-V-VI	JAVZCV010000008_28	159	118	0.0035	13.9	25975	26451	JAVZCV010000008	28	0.5408805031446541	0.4661016949152542	-1
Csa3_1_CAS-I-II-III-IV-V-VI	JAVZCV010000014_14	103	118	0.00032	17.2	14186	14494	JAVZCV010000014	14	0.4077669902912621	0.3305084745762712	-1
Csa3_1_CAS-I-II-III-IV-V-VI	JAVZCV010000014_17	822	118	9.9e-13	44.6	16266	18731	JAVZCV010000014	17	0.10218978102189781	0.7542372881355932	-1
Csa3_1_CAS-I-II-III-IV-V-VI	JAVZCV010000014_3	367	118	4e-08	29.8	895	1995	JAVZCV010000014	3	0.22343324250681199	0.711864406779661	1
Csa3_1_CAS-I-II-III-IV-V-VI	JAVZCV010000017_21	594	118	0.0028	14.2	24032	25813	JAVZCV010000017	21	0.2239057239057239	0.6440677966101694	-1
Csa3_1_CAS-I-II-III-IV-V-VI	JAVZCV010000021_4	85	118	2.2e-16	56.4	2124	2378	JAVZCV010000021	4	0.9058823529411765	0.7288135593220338	-1
Csa5gr11_10_CAS-I-A	JAVZCV010000018_15	109	106	0.0038	13.7	15882	16208	JAVZCV010000018	15	0.7431192660550459	0.8679245283018868	-1
Csf2_0_IV	JAVZCV010000024_2	251	329	9.9e-10	34.5	790	1542	JAVZCV010000024	2	0.4581673306772908	0.3100303951367781	-1
Csf4_0_IVA	JAVZCV010000032_4	594	666	1.6e-12	43.0	2803	4584	JAVZCV010000032	4	0.5521885521885522	0.493993993993994	1
Csf4_1_IVA1	JAVZCV010000007_35	794	802	0.0027	12.0	34389	36770	JAVZCV010000007	35	0.07808564231738035	0.07605985037406483	1
Csf4_1_IVA1	JAVZCV010000032_4	594	802	1.6e-07	26.0	2803	4584	JAVZCV010000032	4	0.39057239057239057	0.29800498753117205	1
Csm2_0_IIIA	JAVZCV010000024_3	160	96	5e-13	45.9	1535	2014	JAVZCV010000024	3	0.6	0.9791666666666666	-1
Csm2_1_IIIA	JAVZCV010000024_3	160	139	7.2e-10	35.4	1535	2014	JAVZCV010000024	3	0.8375	0.8992805755395683	-1
Csm2gr11_0_CAS-III-A	JAVZCV010000024_3	160	95	1.4e-12	44.6	1535	2014	JAVZCV010000024	3	0.60625	0.9894736842105263	-1
Csm2gr11_2_CAS-III-A	JAVZCV010000024_3	160	142	7.4e-12	42.0	1535	2014	JAVZCV010000024	3	0.725	0.8450704225352113	-1
Csm2gr11_3_CAS-III-A	JAVZCV010000024_3	160	141	0.00051	16.5	1535	2014	JAVZCV010000024	3	0.5125	0.5673758865248227	-1
Csm2gr11_4_CAS-III-A	JAVZCV010000015_8	618	142	0.0089	12.2	6146	7999	JAVZCV010000015	8	0.12459546925566344	0.31690140845070425	1
Csm2gr11_5_CAS-III-A	JAVZCV010000024_3	160	120	1.5e-06	24.3	1535	2014	JAVZCV010000024	3	0.6625	0.8333333333333334	-1
Csm2gr11_6_CAS-III-A	JAVZCV010000024_3	160	139	1.2e-09	34.4	1535	2014	JAVZCV010000024	3	0.83125	0.9640287769784173	-1
Csm2gr11_7_CAS-III-A	JAVZCV010000024_3	160	110	4.6e-18	62.4	1535	2014	JAVZCV010000024	3	0.69375	0.990909090909091	-1
Csm3_0_IIIA	JAVZCV010000004_51	376	203	0.0013	14.9	50797	51924	JAVZCV010000004	51	0.047872340425531915	0.09359605911330049	-1
Csm3_0_IIIA	JAVZCV010000024_2	251	203	3.7999999999999996e-62	206.0	790	1542	JAVZCV010000024	2	0.7888446215139442	0.9950738916256158	-1
Csm3_0_IIIAD	JAVZCV010000004_51	376	650	0.00043	15.3	50797	51924	JAVZCV010000004	51	0.2154255319148936	0.08615384615384615	-1
Csm3_0_IIIAD	JAVZCV010000024_2	251	650	1.7e-05	19.9	790	1542	JAVZCV010000024	2	0.3745019920318725	0.14461538461538462	-1
Csm3_0_IIID	JAVZCV010000004_51	376	178	1.4e-06	25.6	50797	51924	JAVZCV010000004	51	0.35904255319148937	0.6741573033707865	-1
Csm3_0_IIID	JAVZCV010000024_2	251	178	1.5e-18	64.4	790	1542	JAVZCV010000024	2	0.7290836653386454	0.9943820224719101	-1
Csm3_1_IIIAD	JAVZCV010000004_51	376	189	9.9e-09	31.8	50797	51924	JAVZCV010000004	51	0.30851063829787234	0.21693121693121692	-1
Csm3_1_IIIAD	JAVZCV010000024_2	251	189	1.8e-15	53.8	790	1542	JAVZCV010000024	2	0.7529880478087649	0.9894179894179894	-1
Csm3_1_IIID	JAVZCV010000004_51	376	257	6.8e-06	22.0	50797	51924	JAVZCV010000004	51	0.1622340425531915	0.24124513618677043	-1
Csm3_1_IIID	JAVZCV010000024_2	251	257	1.1e-57	191.7	790	1542	JAVZCV010000024	2	0.9322709163346613	0.953307392996109	-1
Csm3gr7_0_CAS-III-A-III-D	JAVZCV010000004_51	376	210	2.4e-05	20.1	50797	51924	JAVZCV010000004	51	0.05851063829787234	0.10476190476190476	-1
Csm3gr7_0_CAS-III-A-III-D	JAVZCV010000024_2	251	210	7.8e-19	64.2	790	1542	JAVZCV010000024	2	0.7450199203187251	0.7904761904761904	-1
Csm3gr7_11_CAS-III-A-III-D	JAVZCV010000024_2	251	216	0.00031	16.3	790	1542	JAVZCV010000024	2	0.30677290836653387	0.3148148148148148	-1
Csm3gr7_12_CAS-III-A-III-D	JAVZCV010000004_51	376	199	2.5e-10	37.2	50797	51924	JAVZCV010000004	51	0.30851063829787234	0.21105527638190955	-1
Csm3gr7_12_CAS-III-A-III-D	JAVZCV010000024_2	251	199	2e-19	66.9	790	1542	JAVZCV010000024	2	0.7529880478087649	0.9949748743718593	-1
Csm3gr7_1_CAS-III-A-III-D	JAVZCV010000004_51	376	215	0.00096	15.1	50797	51924	JAVZCV010000004	51	0.05053191489361702	0.09302325581395349	-1
Csm3gr7_1_CAS-III-A-III-D	JAVZCV010000024_2	251	215	8.2e-65	214.7	790	1542	JAVZCV010000024	2	0.8406374501992032	0.9906976744186047	-1
Csm3gr7_2_CAS-III-A-III-D	JAVZCV010000004_49	308	180	0.0003	17.4	48468	49391	JAVZCV010000004	49	0.1590909090909091	0.31666666666666665	-1
Csm3gr7_2_CAS-III-A-III-D	JAVZCV010000004_51	376	180	4.9e-09	33.0	50797	51924	JAVZCV010000004	51	0.3537234042553192	0.6777777777777778	-1
Csm3gr7_2_CAS-III-A-III-D	JAVZCV010000024_2	251	180	3.7e-21	72.5	790	1542	JAVZCV010000024	2	0.7290836653386454	0.9944444444444445	-1
Csm3gr7_4_CAS-III-A-III-D	JAVZCV010000004_51	376	640	0.00022	16.4	50797	51924	JAVZCV010000004	51	0.1276595744680851	0.075	-1
Csm3gr7_4_CAS-III-A-III-D	JAVZCV010000024_2	251	640	6e-07	24.9	790	1542	JAVZCV010000024	2	0.3904382470119522	0.153125	-1
Csm3gr7_8_CAS-III-A-III-D	JAVZCV010000004_51	376	256	5.6e-06	22.1	50797	51924	JAVZCV010000004	51	0.1675531914893617	0.25390625	-1
Csm3gr7_8_CAS-III-A-III-D	JAVZCV010000024_2	251	256	6.1e-58	192.4	790	1542	JAVZCV010000024	2	0.9282868525896414	0.94921875	-1
Csm4_0_IIIA	JAVZCV010000024_1	259	302	1.7e-34	115.6	2	778	JAVZCV010000024	1	0.918918918918919	0.8543046357615894	-1
Csm4_0_IIIA	JAVZCV010000024_2	251	302	0.00018	17.0	790	1542	JAVZCV010000024	2	0.16733067729083664	0.1390728476821192	-1
Csm4_1_IIIA	JAVZCV010000024_1	259	319	1.6999999999999999e-35	118.8	2	778	JAVZCV010000024	1	0.9459459459459459	0.8369905956112853	-1
Csm4_1_IIIA	JAVZCV010000024_2	251	319	0.00026	16.3	790	1542	JAVZCV010000024	2	0.18725099601593626	0.14733542319749215	-1
Csm4gr5_0_CAS-III-A	JAVZCV010000024_1	259	301	4.8e-33	110.9	2	778	JAVZCV010000024	1	0.9227799227799228	0.8604651162790697	-1
Csm4gr5_0_CAS-III-A	JAVZCV010000024_2	251	301	0.00021	16.8	790	1542	JAVZCV010000024	2	0.17131474103585656	0.14285714285714285	-1
Csm4gr5_0_CAS-III-A-III-D	JAVZCV010000024_1	259	317	1.8e-21	72.9	2	778	JAVZCV010000024	1	0.9420849420849421	0.8422712933753943	-1
Csm4gr5_1_CAS-III-A	JAVZCV010000024_1	259	315	7.4e-38	126.7	2	778	JAVZCV010000024	1	0.9459459459459459	0.8380952380952381	-1
Csm4gr5_1_CAS-III-A	JAVZCV010000024_2	251	315	0.00018	17.0	790	1542	JAVZCV010000024	2	0.14342629482071714	0.11428571428571428	-1
Csm5_0_IIIA	JAVZCV010000004_51	376	364	1.2e-18	63.8	50797	51924	JAVZCV010000004	51	0.7952127659574468	0.8571428571428571	-1
Csm5_0_IIIA	JAVZCV010000024_2	251	364	3.4e-06	22.8	790	1542	JAVZCV010000024	2	0.46215139442231074	0.2692307692307692	-1
Csm5_1_IIIA	JAVZCV010000004_51	376	373	1.2e-19	67.2	50797	51924	JAVZCV010000004	51	0.3351063829787234	0.35656836461126007	-1
Csm5_1_IIIA	JAVZCV010000024_2	251	373	0.00043	16.0	790	1542	JAVZCV010000024	2	0.09163346613545817	0.058981233243967826	-1
Csm5gr7_0_CAS-III-A-III-D	JAVZCV010000004_51	376	365	1e-20	70.5	50797	51924	JAVZCV010000004	51	0.7898936170212766	0.8493150684931506	-1
Csm5gr7_0_CAS-III-A-III-D	JAVZCV010000024_2	251	365	6.1e-05	18.5	790	1542	JAVZCV010000024	2	0.16334661354581673	0.1178082191780822	-1
Csm5gr7_1_CAS-III-A-III-D	JAVZCV010000004_51	376	369	5.4e-23	78.4	50797	51924	JAVZCV010000004	51	0.4441489361702128	0.46883468834688347	-1
Csm5gr7_1_CAS-III-A-III-D	JAVZCV010000024_2	251	369	2.4e-05	20.3	790	1542	JAVZCV010000024	2	0.099601593625498	0.06233062330623306	-1
Csm5gr7_3_CAS-III-A-III-D	JAVZCV010000004_51	376	391	1.4e-14	50.0	50797	51924	JAVZCV010000004	51	0.4973404255319149	0.5115089514066496	-1
Csm6_2_CAS-III	JAVZCV010000004_48	244	184	1.1e-05	21.0	47814	48545	JAVZCV010000004	48	0.2581967213114754	0.34782608695652173	1
Csm6_2_CAS-III	JAVZCV010000004_50	461	184	0.0018	13.8	49396	50778	JAVZCV010000004	50	0.08893709327548807	0.22282608695652173	-1
Csm6_5_CAS-III	JAVZCV010000004_48	244	278	0.00029	16.2	47814	48545	JAVZCV010000004	48	0.29508196721311475	0.2733812949640288	1
Csm6_6_CAS-III	JAVZCV010000004_48	244	136	4.1e-07	26.2	47814	48545	JAVZCV010000004	48	0.2459016393442623	0.4485294117647059	1
Csm6_6_CAS-III	JAVZCV010000004_50	461	136	0.00016	17.8	49396	50778	JAVZCV010000004	50	0.3036876355748373	0.5514705882352942	-1
Csn2_7_CAS-II-A	JAVZCV010000012_27	401	372	0.012	10.7	23697	24899	JAVZCV010000012	27	0.24688279301745636	0.20967741935483872	-1
Csx10gr5_0_CAS-III-D	JAVZCV010000024_2	251	392	0.0094	11.5	790	1542	JAVZCV010000024	2	0.1553784860557769	0.09948979591836735	-1
Csx17_0_IU	JAVZCV010000001_163	187	718	0.0014	13.4	158921	159481	JAVZCV010000001	163	0.25133689839572193	0.06406685236768803	1
Csx19_0_CAS-III-D	JAVZCV010000008_7	403	143	0.0071	12.4	5833	7041	JAVZCV010000008	7	0.1687344913151365	0.45454545454545453	-1
Csx1_16_CAS-III	JAVZCV010000004_50	461	420	3e-07	25.7	49396	50778	JAVZCV010000004	50	0.21475054229934923	0.24761904761904763	-1
Csx1_20_CAS-III	JAVZCV010000004_48	244	379	1.1e-09	33.8	47814	48545	JAVZCV010000004	48	0.39344262295081966	0.26649076517150394	1
Csx1_20_CAS-III	JAVZCV010000004_50	461	379	1.6000000000000001e-80	266.9	49396	50778	JAVZCV010000004	50	0.8177874186550976	0.9920844327176781	-1
Csx1_4_CAS-III	JAVZCV010000004_48	244	380	0.0005	15.0	47814	48545	JAVZCV010000004	48	0.3319672131147541	0.21578947368421053	1
Csx1_4_CAS-III	JAVZCV010000004_50	461	380	2.8e-52	173.9	49396	50778	JAVZCV010000004	50	0.8199566160520607	0.9921052631578947	-1
Csx1_9_CAS-III	JAVZCV010000004_48	244	378	1.3e-09	33.6	47814	48545	JAVZCV010000004	48	0.38934426229508196	0.2671957671957672	1
Csx1_9_CAS-III	JAVZCV010000004_50	461	378	6.1e-78	258.5	49396	50778	JAVZCV010000004	50	0.8199566160520607	0.9920634920634921	-1
Csx27_0_CAS-VI-B	JAVZCV010000031_2	408	238	0.35	7.0	859	2082	JAVZCV010000031	2	0.2867647058823529	0.5	-1
Csx3_2_CAS-I-III	JAVZCV010000001_91	196	277	0.0064	11.8	91069	91656	JAVZCV010000001	91	0.1326530612244898	0.09386281588447654	1
Csx3_2_CAS-I-III	JAVZCV010000012_31	520	277	0.00048	15.4	26680	28239	JAVZCV010000012	31	0.13653846153846153	0.23104693140794225	-1
Csx3_2_CAS-I-III	JAVZCV010000015_25	902	277	0.0035	12.6	24697	27402	JAVZCV010000015	25	0.05543237250554324	0.09747292418772563	-1
Csx3_2_CAS-I-III	JAVZCV010000027_1	274	277	0.001	14.4	3	824	JAVZCV010000027	1	0.08759124087591241	0.08664259927797834	1
CysH_0_IVB	JAVZCV010000001_161	319	249	7.4e-05	18.7	157386	158342	JAVZCV010000001	161	0.16300940438871472	0.20883534136546184	1
CysH_0_IVB	JAVZCV010000001_73	401	249	0.011	11.6	69074	70276	JAVZCV010000001	73	0.09226932668329177	0.1606425702811245	1
CysH_0_IVB	JAVZCV010000004_6	404	249	0.00035	16.5	6817	8028	JAVZCV010000004	6	0.06435643564356436	0.10441767068273092	1
CysH_0_IVB	JAVZCV010000010_23	212	249	0.014	11.3	17229	17864	JAVZCV010000010	23	0.1179245283018868	0.10040160642570281	-1
CysH_0_IVB	JAVZCV010000021_16	312	249	0.00027	16.8	12949	13884	JAVZCV010000021	16	0.08974358974358974	0.11244979919678715	1
DEDDh_0_CAS-I-II-III-IV-V-VI	JAVZCV010000014_28	816	160	0.0085	12.4	26432	28879	JAVZCV010000014	28	0.11151960784313726	0.59375	1
Mem_01_0_CAS-III-B	JAVZCV010000001_147	314	534	0.012	10.6	146752	147693	JAVZCV010000001	147	0.15605095541401273	0.09176029962546817	-1
Mem_01_0_CAS-III-B	JAVZCV010000028_11	276	534	0.002	13.2	10491	11318	JAVZCV010000028	11	0.4782608695652174	0.24531835205992508	-1
Mem_DnaJ_0_CAS-III-AM	JAVZCV010000015_9	366	284	0.0092	11.5	8035	9132	JAVZCV010000015	9	0.1366120218579235	0.176056338028169	1
PD_DExK_2_CAS-I-II-III-IV-V-VI	JAVZCV010000009_23	207	127	0.0054	12.4	20468	21088	JAVZCV010000009	23	0.1932367149758454	0.3543307086614173	1
RecD_0_IVD	JAVZCV010000002_59	313	763	0.00013	16.3	48264	49202	JAVZCV010000002	59	0.4504792332268371	0.18086500655307994	-1
SSgr11_1_CAS-III-F	JAVZCV010000005_34	482	97	0.00016	17.7	34051	35496	JAVZCV010000005	34	0.2095435684647303	0.6597938144329897	1
STAND_TPR_0_CAS-I-E	JAVZCV010000022_17	125	1210	0.0099	9.9	13908	14282	JAVZCV010000022	17	0.544	0.05537190082644628	-1
TPR_0_CAS-III-B	JAVZCV010000004_18	903	488	9.6e-05	17.4	16801	19509	JAVZCV010000004	18	0.292358803986711	0.45901639344262296	-1
TPR_1_CAS-III-B	JAVZCV010000016_13	572	537	0.29	5.9	14011	15726	JAVZCV010000016	13	0.23776223776223776	0.19180633147113593	-1
TniQ_1_I-F	JAVZCV010000018_11	107	400	0.0036	12.5	8875	9195	JAVZCV010000018	11	0.2523364485981308	0.0675	1
htpX_0_CAS-III-B	JAVZCV010000001_122	319	343	5.9e-20	67.8	119177	120133	JAVZCV010000001	122	0.5642633228840125	0.5102040816326531	1
