Contig	Start	End	Strand	Pos
MDVT01000001	296	889	-1	1
MDVT01000001	898	1173	-1	2
MDVT01000001	1179	2186	-1	3
MDVT01000001	2223	3170	-1	4
MDVT01000001	3256	4032	-1	5
MDVT01000001	4029	5828	-1	6
MDVT01000001	5842	7002	-1	7
MDVT01000001	6989	7819	-1	8
MDVT01000001	7821	8774	-1	9
MDVT01000001	8771	9127	-1	10
MDVT01000001	9249	9890	1	11
MDVT01000001	9831	10781	-1	12
MDVT01000002	1	330	1	1
MDVT01000002	349	993	1	2
MDVT01000002	998	1225	1	3
MDVT01000002	1228	1566	1	4
MDVT01000002	1584	2303	1	5
MDVT01000002	2306	2674	1	6
MDVT01000002	2695	2925	-1	7
MDVT01000002	2927	3175	-1	8
MDVT01000002	3172	3444	-1	9
MDVT01000002	3441	3650	-1	10
MDVT01000002	4088	4375	1	11
MDVT01000002	4693	5013	-1	12
MDVT01000002	5017	5481	-1	13
MDVT01000002	5606	6028	1	14
MDVT01000002	6049	6963	1	15
MDVT01000002	7017	7583	1	16
MDVT01000003	3	935	1	1
MDVT01000003	953	1507	-1	2
MDVT01000003	2303	3349	1	3
MDVT01000003	3583	4533	1	4
MDVT01000003	4541	5083	-1	5
MDVT01000003	5235	5354	-1	6
MDVT01000003	5494	5658	1	7
MDVT01000003	5655	6218	-1	8
MDVT01000003	6178	6558	-1	9
MDVT01000003	6497	7411	-1	10
MDVT01000003	7559	7762	-1	11
MDVT01000003	7899	8102	1	12
MDVT01000003	8099	8236	1	13
MDVT01000003	8233	8412	1	14
MDVT01000004	3	515	1	1
MDVT01000004	512	1549	1	2
MDVT01000004	1564	2535	1	3
MDVT01000004	2549	3154	1	4
MDVT01000004	3166	4026	1	5
MDVT01000004	4038	4862	1	6
MDVT01000004	4932	5732	1	7
MDVT01000004	5782	6528	1	8
MDVT01000004	6670	7320	1	9
MDVT01000004	7345	8127	-1	10
MDVT01000004	8276	9016	1	11
MDVT01000004	9133	9555	1	12
MDVT01000004	9552	9896	-1	13
MDVT01000004	9973	10500	1	14
MDVT01000004	10490	11077	-1	15
MDVT01000004	11145	11831	1	16
MDVT01000004	11853	12149	-1	17
MDVT01000004	12190	12426	-1	18
MDVT01000004	12438	12749	-1	19
MDVT01000004	13036	14610	1	20
MDVT01000004	14618	14839	-1	21
MDVT01000004	15040	15546	-1	22
MDVT01000004	15668	16516	-1	23
MDVT01000004	16617	16868	1	24
MDVT01000004	16871	17155	1	25
MDVT01000004	17222	17668	1	26
MDVT01000004	17672	18043	-1	27
MDVT01000004	18307	18534	-1	28
MDVT01000004	18656	19252	1	29
MDVT01000004	19261	20829	-1	30
MDVT01000004	21020	22114	1	31
MDVT01000004	22119	23366	1	32
MDVT01000004	23394	24524	1	33
MDVT01000004	24521	25081	-1	34
MDVT01000004	25092	25763	-1	35
MDVT01000004	25866	27800	-1	36
MDVT01000004	28132	28956	1	37
MDVT01000004	28930	30651	-1	38
MDVT01000004	30669	31088	-1	39
MDVT01000004	31175	32347	1	40
MDVT01000004	32397	33515	1	41
MDVT01000004	33512	34690	-1	42
MDVT01000004	34851	35180	1	43
MDVT01000004	35173	35511	1	44
MDVT01000004	35540	36895	-1	45
MDVT01000004	36885	37784	-1	46
MDVT01000004	37857	38993	1	47
MDVT01000004	38981	40543	1	48
MDVT01000004	40556	41812	1	49
MDVT01000004	41809	43836	1	50
MDVT01000004	43839	44630	1	51
MDVT01000004	44555	45058	-1	52
MDVT01000004	45091	45498	-1	53
MDVT01000004	45461	45757	-1	54
MDVT01000004	45920	47299	-1	55
MDVT01000004	47304	48701	-1	56
MDVT01000004	48846	50387	1	57
MDVT01000004	50391	51101	-1	58
MDVT01000004	51271	52383	1	59
MDVT01000004	52395	53090	1	60
MDVT01000004	53091	53753	-1	61
MDVT01000004	53783	54235	-1	62
MDVT01000004	54300	55223	-1	63
MDVT01000004	55390	56346	1	64
MDVT01000004	56343	57206	1	65
MDVT01000004	57219	58028	1	66
MDVT01000004	58064	58723	1	67
MDVT01000004	58835	59125	1	68
MDVT01000004	59128	60609	-1	69
MDVT01000004	60713	61333	-1	70
MDVT01000004	61592	61879	1	71
MDVT01000004	61996	62754	1	72
MDVT01000004	62751	63017	1	73
MDVT01000004	63014	63721	1	74
MDVT01000004	63722	65950	1	75
MDVT01000004	65938	67413	1	76
MDVT01000004	67382	68683	1	77
MDVT01000004	68706	69785	1	78
MDVT01000004	69799	70731	1	79
MDVT01000004	70772	71182	1	80
MDVT01000004	71187	72542	1	81
MDVT01000004	72532	73596	1	82
MDVT01000004	73607	74692	1	83
MDVT01000004	74703	75380	1	84
MDVT01000004	75819	77762	-1	85
MDVT01000004	77814	79985	-1	86
MDVT01000004	80134	80976	1	87
MDVT01000004	80962	81354	-1	88
MDVT01000004	81415	82197	1	89
MDVT01000004	82220	83839	1	90
MDVT01000004	83875	85152	1	91
MDVT01000004	85170	86624	1	92
MDVT01000004	86646	87263	1	93
MDVT01000004	87335	89488	1	94
MDVT01000004	89534	90577	1	95
MDVT01000004	90567	91997	-1	96
MDVT01000004	92094	92306	1	97
MDVT01000004	92383	92904	-1	98
MDVT01000005	245	544	1	1
MDVT01000005	618	2411	1	2
MDVT01000005	2616	3074	1	3
MDVT01000005	3067	3327	1	4
MDVT01000005	3332	3706	1	5
MDVT01000005	3703	4026	1	6
MDVT01000005	4506	6458	-1	7
MDVT01000005	6479	6853	-1	8
MDVT01000005	6864	6962	-1	9
MDVT01000005	6963	7268	-1	10
MDVT01000005	7408	7635	-1	11
MDVT01000005	7694	8053	-1	12
MDVT01000005	8174	8476	-1	13
MDVT01000005	8532	8654	-1	14
MDVT01000005	8651	8854	-1	15
MDVT01000005	8857	9084	-1	16
MDVT01000005	9283	9630	-1	17
MDVT01000005	9644	9985	-1	18
MDVT01000005	10051	10275	-1	19
MDVT01000005	10356	10613	-1	20
MDVT01000005	10682	11017	-1	21
MDVT01000005	11092	11364	-1	22
MDVT01000005	11562	11813	-1	23
MDVT01000005	11874	12146	-1	24
MDVT01000005	12333	12557	-1	25
MDVT01000006	303	1394	1	1
MDVT01000006	1407	2435	-1	2
MDVT01000006	2520	2681	-1	3
MDVT01000006	2823	3347	1	4
MDVT01000006	3544	3825	1	5
MDVT01000006	4799	5209	1	6
MDVT01000006	5346	6155	1	7
MDVT01000006	6160	7143	1	8
MDVT01000006	7165	7332	1	9
MDVT01000006	7352	7630	1	10
MDVT01000006	7743	8066	1	11
MDVT01000006	8081	8455	1	12
MDVT01000006	8537	8857	1	13
MDVT01000006	9128	9583	1	14
MDVT01000006	9621	11135	1	15
MDVT01000006	12150	13106	1	16
MDVT01000006	13155	13997	1	17
MDVT01000006	13994	16531	1	18
MDVT01000006	16656	16850	-1	19
MDVT01000006	17349	17438	1	20
MDVT01000006	17435	17566	1	21
MDVT01000006	17662	17796	-1	22
MDVT01000006	18066	18335	-1	23
MDVT01000006	18785	19339	-1	24
MDVT01000006	19588	20073	1	25
MDVT01000006	20084	20569	1	26
MDVT01000006	20622	22019	-1	27
MDVT01000006	22098	22388	1	28
MDVT01000006	22398	23516	1	29
MDVT01000006	23794	25599	1	30
MDVT01000006	25738	26667	1	31
MDVT01000006	26664	27428	1	32
MDVT01000006	27492	28571	-1	33
MDVT01000006	28602	28979	-1	34
MDVT01000006	29131	30222	-1	35
MDVT01000006	30224	31297	-1	36
MDVT01000006	31353	32105	-1	37
MDVT01000006	32293	33888	1	38
MDVT01000006	33945	34751	1	39
MDVT01000006	34791	35444	-1	40
MDVT01000006	36097	36291	-1	41
MDVT01000006	36364	36576	-1	42
MDVT01000006	36864	37202	-1	43
MDVT01000006	37232	38398	-1	44
MDVT01000006	38404	39582	-1	45
MDVT01000006	39647	40255	1	46
MDVT01000006	40339	41976	1	47
MDVT01000006	42005	42493	1	48
MDVT01000006	42576	42797	1	49
MDVT01000006	42873	44183	1	50
MDVT01000006	44208	45203	1	51
MDVT01000006	45192	49085	-1	52
MDVT01000006	49105	49833	-1	53
MDVT01000006	49845	50243	-1	54
MDVT01000006	50256	51338	-1	55
MDVT01000006	51388	52317	-1	56
MDVT01000006	52397	52501	1	57
MDVT01000006	52599	53303	1	58
MDVT01000006	53383	55527	1	59
MDVT01000006	55528	56055	1	60
MDVT01000006	56087	57070	1	61
MDVT01000006	57189	58202	1	62
MDVT01000006	58213	58605	-1	63
MDVT01000006	58728	59315	1	64
MDVT01000006	59430	61118	1	65
MDVT01000006	61157	61846	-1	66
MDVT01000006	61954	62259	1	67
MDVT01000006	62289	62720	1	68
MDVT01000006	62752	63279	-1	69
MDVT01000006	63488	63814	1	70
MDVT01000006	63836	64795	1	71
MDVT01000006	64830	65030	1	72
MDVT01000006	65087	66577	1	73
MDVT01000006	66603	66863	1	74
MDVT01000006	66929	68188	-1	75
MDVT01000006	68196	68621	-1	76
MDVT01000006	68618	70597	-1	77
MDVT01000006	70584	70787	-1	78
MDVT01000006	70810	72942	-1	79
MDVT01000006	72966	73124	-1	80
MDVT01000006	73347	73877	-1	81
MDVT01000006	74342	75253	1	82
MDVT01000006	75389	76306	1	83
MDVT01000006	76414	78996	1	84
MDVT01000006	79125	79544	1	85
MDVT01000006	79581	81551	1	86
MDVT01000006	81607	82272	1	87
MDVT01000006	82265	83701	1	88
MDVT01000006	83702	84385	-1	89
MDVT01000006	84503	84919	1	90
MDVT01000006	84926	86119	1	91
MDVT01000006	86112	87068	1	92
MDVT01000006	87070	87423	1	93
MDVT01000006	87436	87906	1	94
MDVT01000006	87924	88373	-1	95
MDVT01000006	88455	89858	-1	96
MDVT01000006	89954	90886	-1	97
MDVT01000006	90873	91667	-1	98
MDVT01000006	91747	92565	-1	99
MDVT01000006	92590	93426	-1	100
MDVT01000006	93439	93738	-1	101
MDVT01000006	93753	94427	-1	102
MDVT01000006	94523	95443	-1	103
MDVT01000006	95449	95976	-1	104
MDVT01000006	96032	96211	1	105
MDVT01000006	96310	97074	1	106
MDVT01000006	97307	97855	-1	107
MDVT01000006	97936	99024	1	108
MDVT01000006	99021	101495	-1	109
MDVT01000006	101508	102827	-1	110
MDVT01000006	102820	103221	-1	111
MDVT01000006	103336	103512	-1	112
MDVT01000006	103845	104264	-1	113
MDVT01000006	104434	104814	-1	114
MDVT01000006	104858	105139	-1	115
MDVT01000006	105402	105782	-1	116
MDVT01000006	105849	106730	-1	117
MDVT01000006	107091	107315	-1	118
MDVT01000006	107316	107537	-1	119
MDVT01000006	107875	108300	-1	120
MDVT01000006	108798	109187	-1	121
MDVT01000006	109332	109889	-1	122
MDVT01000006	110017	110706	-1	123
MDVT01000006	110815	111000	1	124
MDVT01000006	111016	111762	1	125
MDVT01000006	111777	112511	1	126
MDVT01000006	112543	113769	1	127
MDVT01000006	113774	115114	-1	128
MDVT01000006	115337	115759	1	129
MDVT01000006	115881	116036	1	130
MDVT01000006	116038	116283	-1	131
MDVT01000006	116372	116764	1	132
MDVT01000006	116840	117520	1	133
MDVT01000006	117592	118080	1	134
MDVT01000006	118108	119082	-1	135
MDVT01000006	119082	119372	-1	136
MDVT01000006	119452	119874	-1	137
MDVT01000006	119862	120788	-1	138
MDVT01000006	120775	121194	-1	139
MDVT01000006	121191	122078	-1	140
MDVT01000006	122071	122853	-1	141
MDVT01000006	122846	123277	-1	142
MDVT01000006	123274	124446	-1	143
MDVT01000006	124443	125096	-1	144
MDVT01000006	125062	127323	-1	145
MDVT01000007	3	782	-1	1
MDVT01000007	792	1808	-1	2
MDVT01000007	1889	3796	-1	3
MDVT01000007	3941	4375	-1	4
MDVT01000007	4531	5193	-1	5
MDVT01000007	5298	5996	-1	6
MDVT01000007	6079	6744	-1	7
MDVT01000007	6798	7496	-1	8
MDVT01000007	7506	8006	-1	9
MDVT01000007	8109	9242	1	10
MDVT01000007	9251	10159	-1	11
MDVT01000007	10187	11014	-1	12
MDVT01000007	11062	12087	1	13
MDVT01000007	12070	12405	-1	14
MDVT01000007	12392	14035	-1	15
MDVT01000007	14223	15185	1	16
MDVT01000007	15195	15758	1	17
MDVT01000007	15796	16446	-1	18
MDVT01000007	16666	17220	1	19
MDVT01000007	17254	17733	-1	20
MDVT01000007	17769	19370	-1	21
MDVT01000007	19440	20714	-1	22
MDVT01000007	20728	21213	-1	23
MDVT01000007	21225	22823	-1	24
MDVT01000007	22940	24391	1	25
MDVT01000007	24532	25185	-1	26
MDVT01000007	25334	26701	-1	27
MDVT01000007	26924	27304	-1	28
MDVT01000007	27721	28605	1	29
MDVT01000007	28633	29406	1	30
MDVT01000007	29494	29850	1	31
MDVT01000007	29907	30272	1	32
MDVT01000007	30280	30930	-1	33
MDVT01000007	31065	33029	-1	34
MDVT01000007	33079	33624	-1	35
MDVT01000007	33725	34396	1	36
MDVT01000007	34389	35156	-1	37
MDVT01000007	35223	36491	1	38
MDVT01000007	36496	37461	-1	39
MDVT01000007	37614	39290	1	40
MDVT01000007	39283	40440	-1	41
MDVT01000007	40527	41804	1	42
MDVT01000007	41807	43276	1	43
MDVT01000007	43288	44283	1	44
MDVT01000007	44280	45935	-1	45
MDVT01000007	46195	47466	1	46
MDVT01000007	47459	48520	-1	47
MDVT01000007	48541	50655	-1	48
MDVT01000007	50806	51204	-1	49
MDVT01000007	51204	51548	-1	50
MDVT01000007	51649	53865	-1	51
MDVT01000007	54885	55604	1	52
MDVT01000007	55627	56154	-1	53
MDVT01000007	56268	56879	1	54
MDVT01000007	56916	58400	1	55
MDVT01000007	58435	60087	1	56
MDVT01000007	60103	60999	-1	57
MDVT01000007	61267	61449	1	58
MDVT01000007	61459	61845	1	59
MDVT01000007	61847	62200	-1	60
MDVT01000007	62444	63073	-1	61
MDVT01000007	63409	65412	1	62
MDVT01000007	65496	67256	1	63
MDVT01000007	67412	68965	1	64
MDVT01000007	69154	69846	1	65
MDVT01000007	69833	70963	1	66
MDVT01000007	70955	72772	-1	67
MDVT01000007	72769	75606	-1	68
MDVT01000007	75593	77593	-1	69
MDVT01000007	77860	78363	1	70
MDVT01000007	78360	78980	-1	71
MDVT01000007	79050	79847	-1	72
MDVT01000007	79851	80795	-1	73
MDVT01000007	80846	82081	-1	74
MDVT01000007	82155	83258	1	75
MDVT01000007	83430	84701	-1	76
MDVT01000007	84701	85255	-1	77
MDVT01000007	85371	86465	1	78
MDVT01000007	86462	87187	-1	79
MDVT01000007	87282	89489	1	80
MDVT01000007	89613	90332	1	81
MDVT01000007	90323	91756	-1	82
MDVT01000007	91805	94093	-1	83
MDVT01000007	94189	95193	-1	84
MDVT01000007	95287	96417	1	85
MDVT01000007	96481	97179	1	86
MDVT01000007	97275	97451	1	87
MDVT01000007	97448	98224	1	88
MDVT01000007	98239	99312	1	89
MDVT01000007	99322	100011	1	90
MDVT01000007	100018	101106	1	91
MDVT01000007	101111	101989	1	92
MDVT01000007	101982	102854	1	93
MDVT01000007	102891	104198	1	94
MDVT01000007	104188	105567	1	95
MDVT01000007	105592	106476	1	96
MDVT01000007	106499	107806	-1	97
MDVT01000007	108092	108271	-1	98
MDVT01000007	108303	108830	-1	99
MDVT01000007	108908	111355	-1	100
MDVT01000007	111430	112905	-1	101
MDVT01000007	112940	114349	1	102
MDVT01000007	114346	114780	-1	103
MDVT01000007	114811	116229	-1	104
MDVT01000007	116465	119422	-1	105
MDVT01000007	119567	120583	1	106
MDVT01000007	120552	121892	1	107
MDVT01000007	121895	123577	-1	108
MDVT01000007	123664	124152	-1	109
MDVT01000007	124125	124415	-1	110
MDVT01000007	124454	124777	-1	111
MDVT01000007	124764	125021	-1	112
MDVT01000007	125030	125578	-1	113
MDVT01000007	125572	125949	-1	114
MDVT01000007	126035	127789	1	115
MDVT01000007	127873	128946	1	116
MDVT01000007	129142	129888	1	117
MDVT01000007	129929	130279	-1	118
MDVT01000007	130338	131147	-1	119
MDVT01000007	131154	131669	-1	120
MDVT01000007	131771	132850	1	121
MDVT01000007	132851	133540	-1	122
MDVT01000007	133707	133877	1	123
MDVT01000007	133867	135087	1	124
MDVT01000007	135109	135705	1	125
MDVT01000007	136006	136179	1	126
MDVT01000007	136302	137162	1	127
MDVT01000007	137162	138211	1	128
MDVT01000007	138222	139028	1	129
MDVT01000007	139033	140205	1	130
MDVT01000007	140212	141276	1	131
MDVT01000007	141273	143513	-1	132
MDVT01000007	143795	145006	1	133
MDVT01000007	145010	145945	-1	134
MDVT01000007	146620	147003	1	135
MDVT01000007	147000	147404	1	136
MDVT01000007	147846	147995	1	137
MDVT01000007	148406	149896	-1	138
MDVT01000007	149987	150739	1	139
MDVT01000007	151020	154607	-1	140
MDVT01000007	154618	155292	-1	141
MDVT01000007	155289	156395	-1	142
MDVT01000007	156392	157240	-1	143
MDVT01000007	157265	157987	-1	144
MDVT01000007	158534	159658	1	145
MDVT01000007	159740	160915	1	146
MDVT01000007	160942	161283	1	147
MDVT01000007	161280	162632	-1	148
MDVT01000007	162785	163717	1	149
MDVT01000007	163898	165622	1	150
MDVT01000007	165632	166960	-1	151
MDVT01000007	167267	167947	1	152
MDVT01000007	167959	168570	-1	153
MDVT01000007	168779	169420	1	154
MDVT01000007	169493	171526	1	155
MDVT01000007	171523	174561	-1	156
MDVT01000007	174657	175193	-1	157
MDVT01000007	175264	176415	-1	158
MDVT01000007	176529	176855	1	159
MDVT01000007	176852	177532	-1	160
MDVT01000007	177606	178982	-1	161
MDVT01000007	179081	180364	-1	162
MDVT01000007	180517	181728	-1	163
MDVT01000007	181829	182785	1	164
MDVT01000007	182928	183503	1	165
MDVT01000007	183536	184870	-1	166
MDVT01000007	184890	185822	-1	167
MDVT01000007	185841	186191	-1	168
MDVT01000007	186313	186906	-1	169
MDVT01000007	186986	187264	-1	170
MDVT01000007	187373	188530	-1	171
MDVT01000007	188682	189323	1	172
MDVT01000007	189339	190244	1	173
MDVT01000007	190246	194904	-1	174
MDVT01000007	194994	195404	-1	175
MDVT01000007	195413	196498	-1	176
MDVT01000007	196832	197485	-1	177
MDVT01000007	197507	198271	-1	178
MDVT01000007	198274	199524	-1	179
MDVT01000007	199699	200919	1	180
MDVT01000007	200942	201517	-1	181
MDVT01000007	201547	202206	-1	182
MDVT01000007	202231	203517	-1	183
MDVT01000007	203580	204020	1	184
MDVT01000007	204010	204603	-1	185
MDVT01000007	204729	207317	1	186
MDVT01000007	207350	208441	1	187
MDVT01000007	208461	209591	-1	188
MDVT01000007	209716	210954	-1	189
MDVT01000007	211197	212138	1	190
MDVT01000007	212190	212372	1	191
MDVT01000007	212369	212647	1	192
MDVT01000007	212701	213048	1	193
MDVT01000007	213045	213425	-1	194
MDVT01000007	213848	214399	1	195
MDVT01000007	214392	216242	1	196
MDVT01000007	216268	217347	1	197
MDVT01000007	217414	218421	1	198
MDVT01000007	218426	219643	-1	199
MDVT01000007	219687	221531	-1	200
MDVT01000007	221662	221913	-1	201
MDVT01000007	222092	222454	1	202
MDVT01000007	222500	223489	1	203
MDVT01000007	223486	224250	1	204
MDVT01000007	224255	224539	1	205
MDVT01000007	224536	225552	1	206
MDVT01000007	225514	226785	-1	207
MDVT01000007	226890	227399	-1	208
MDVT01000007	227406	228335	-1	209
MDVT01000007	228342	228572	-1	210
MDVT01000007	228627	229331	-1	211
MDVT01000007	229394	229966	-1	212
MDVT01000007	229967	231016	-1	213
MDVT01000007	231116	233857	-1	214
MDVT01000007	233894	235447	-1	215
MDVT01000007	235555	236679	-1	216
MDVT01000007	236776	237780	1	217
MDVT01000007	237767	239233	-1	218
MDVT01000007	239352	240014	1	219
MDVT01000007	240030	240596	1	220
MDVT01000007	240676	240972	1	221
MDVT01000007	241003	241698	1	222
MDVT01000007	241723	242100	1	223
MDVT01000007	242101	242316	-1	224
MDVT01000007	242326	242985	-1	225
MDVT01000007	242998	244674	-1	226
MDVT01000007	244877	245473	1	227
MDVT01000007	245649	246311	-1	228
MDVT01000007	246389	247618	1	229
MDVT01000007	247682	247912	1	230
MDVT01000007	248260	248952	1	231
MDVT01000007	248949	249905	-1	232
MDVT01000007	249918	250466	-1	233
MDVT01000007	250561	251913	-1	234
MDVT01000007	252281	252418	1	235
MDVT01000007	252455	252784	1	236
MDVT01000007	252929	253378	1	237
MDVT01000007	253469	254389	-1	238
MDVT01000007	254391	254996	-1	239
MDVT01000007	255116	256771	1	240
MDVT01000007	256789	257019	1	241
MDVT01000007	257023	257322	-1	242
MDVT01000007	257407	258783	1	243
MDVT01000007	258798	259235	1	244
MDVT01000007	259294	260355	1	245
MDVT01000007	260448	261215	1	246
MDVT01000007	261429	261905	1	247
MDVT01000007	262291	263262	-1	248
MDVT01000007	263334	264143	-1	249
MDVT01000007	264156	265019	-1	250
MDVT01000007	265009	266040	-1	251
MDVT01000007	266155	267081	-1	252
MDVT01000007	267218	267877	-1	253
MDVT01000007	267908	268774	-1	254
MDVT01000007	268921	269703	-1	255
MDVT01000007	269784	271001	1	256
MDVT01000007	270969	271715	-1	257
MDVT01000007	271750	272517	-1	258
MDVT01000007	272659	272760	1	259
MDVT01000007	272765	273673	1	260
MDVT01000007	273675	274487	1	261
MDVT01000007	274496	275161	-1	262
MDVT01000007	275374	276756	1	263
MDVT01000007	276826	277614	1	264
MDVT01000007	277616	278833	1	265
MDVT01000007	278847	279224	-1	266
MDVT01000007	279205	280101	-1	267
MDVT01000007	280137	281300	-1	268
MDVT01000007	281427	281957	1	269
MDVT01000007	282137	282304	-1	270
MDVT01000007	282511	282828	-1	271
MDVT01000007	283015	283458	1	272
MDVT01000007	283464	283895	-1	273
MDVT01000007	283897	284226	-1	274
MDVT01000007	284229	285398	-1	275
MDVT01000007	285402	288056	-1	276
MDVT01000007	288068	291427	-1	277
MDVT01000007	291585	291824	-1	278
MDVT01000007	292707	293549	1	279
MDVT01000007	293546	294985	-1	280
MDVT01000007	295110	296282	1	281
MDVT01000007	296296	298920	-1	282
MDVT01000007	298932	299663	-1	283
MDVT01000007	300236	300736	-1	284
MDVT01000007	300789	301175	-1	285
MDVT01000007	301177	302301	-1	286
MDVT01000007	302590	304131	1	287
MDVT01000007	304134	305819	1	288
MDVT01000007	306238	307080	1	289
MDVT01000007	307082	308266	1	290
MDVT01000007	308256	309341	-1	291
MDVT01000007	309466	309855	1	292
MDVT01000007	310014	311279	1	293
MDVT01000007	311356	311991	1	294
MDVT01000007	311992	312375	-1	295
MDVT01000007	312376	312858	-1	296
MDVT01000007	312876	314072	-1	297
MDVT01000007	314292	314777	1	298
MDVT01000007	314785	315312	-1	299
MDVT01000007	315402	315917	1	300
MDVT01000007	315914	316459	-1	301
MDVT01000007	316466	317362	-1	302
MDVT01000007	317446	320313	-1	303
MDVT01000007	320471	320962	1	304
MDVT01000007	321009	323213	1	305
MDVT01000007	323241	323951	1	306
MDVT01000007	324056	326935	1	307
MDVT01000007	327110	327397	-1	308
MDVT01000007	327491	328309	1	309
MDVT01000007	328319	329515	-1	310
MDVT01000007	329584	329925	-1	311
MDVT01000007	329992	330786	-1	312
MDVT01000007	330783	331781	-1	313
MDVT01000007	331943	333655	1	314
MDVT01000007	333658	334524	1	315
MDVT01000007	334581	335258	1	316
MDVT01000007	335242	335385	1	317
MDVT01000007	335623	336198	1	318
MDVT01000007	336195	337268	1	319
MDVT01000007	337282	339072	1	320
MDVT01000007	339227	339358	1	321
MDVT01000007	339362	340954	-1	322
MDVT01000007	341055	341216	-1	323
MDVT01000007	341340	341648	-1	324
MDVT01000007	341707	342396	-1	325
MDVT01000007	342448	343578	1	326
MDVT01000007	343696	344997	-1	327
MDVT01000007	345424	347247	1	328
MDVT01000007	347258	347938	1	329
MDVT01000007	347925	348467	-1	330
MDVT01000007	348529	349935	-1	331
MDVT01000007	350017	351027	-1	332
MDVT01000007	351223	351765	1	333
MDVT01000007	351767	355159	1	334
MDVT01000007	355232	357430	1	335
MDVT01000007	357497	358651	1	336
MDVT01000007	359003	359962	-1	337
MDVT01000007	359975	361204	-1	338
MDVT01000007	361288	361602	1	339
MDVT01000007	361583	362320	1	340
MDVT01000007	362317	363399	1	341
MDVT01000007	363380	364480	-1	342
MDVT01000007	364489	365547	-1	343
MDVT01000007	365760	366635	1	344
MDVT01000007	366637	367659	1	345
MDVT01000007	367662	368576	1	346
MDVT01000007	368536	368997	-1	347
MDVT01000007	368994	369560	-1	348
MDVT01000007	369578	370735	-1	349
MDVT01000007	370805	371368	1	350
MDVT01000007	371369	372745	1	351
MDVT01000007	373163	374227	-1	352
MDVT01000007	374420	376318	-1	353
MDVT01000007	376535	377140	-1	354
MDVT01000007	377336	378178	1	355
MDVT01000007	378188	379360	-1	356
MDVT01000007	379479	380525	1	357
MDVT01000007	380522	381616	-1	358
MDVT01000007	381633	381854	-1	359
MDVT01000007	382256	382954	-1	360
MDVT01000007	383068	383874	-1	361
MDVT01000007	384128	384307	-1	362
MDVT01000007	384478	385896	1	363
MDVT01000007	385943	388252	1	364
MDVT01000007	388233	389090	1	365
MDVT01000007	389111	389719	1	366
MDVT01000007	389693	390877	-1	367
MDVT01000007	390914	391867	-1	368
MDVT01000007	391981	392433	-1	369
MDVT01000007	392472	393041	-1	370
MDVT01000007	393065	393934	-1	371
MDVT01000007	393931	395286	-1	372
MDVT01000007	395311	396102	-1	373
MDVT01000007	396099	396989	-1	374
MDVT01000007	397077	399098	-1	375
MDVT01000007	399225	399488	1	376
MDVT01000007	399464	399793	-1	377
MDVT01000007	399900	400172	1	378
MDVT01000007	400192	400932	-1	379
MDVT01000007	400935	401465	-1	380
MDVT01000007	401566	401952	-1	381
MDVT01000007	401957	403111	-1	382
MDVT01000007	403328	403711	1	383
MDVT01000007	403688	404593	-1	384
MDVT01000007	404590	404826	-1	385
MDVT01000007	404925	406184	-1	386
MDVT01000007	406177	407112	-1	387
MDVT01000007	407230	408267	1	388
MDVT01000007	408264	408596	1	389
MDVT01000007	408609	409922	1	390
MDVT01000007	409925	411625	1	391
MDVT01000007	411628	412410	1	392
MDVT01000007	412396	413352	-1	393
MDVT01000007	413612	414079	1	394
MDVT01000007	414051	414734	-1	395
MDVT01000007	414746	415258	-1	396
MDVT01000007	415375	416103	1	397
MDVT01000007	416100	416564	-1	398
MDVT01000007	416577	417050	-1	399
MDVT01000007	417130	417849	1	400
MDVT01000007	417851	418441	-1	401
MDVT01000007	418441	419214	-1	402
MDVT01000007	419224	419544	-1	403
MDVT01000007	419620	420711	-1	404
MDVT01000007	420730	420984	-1	405
MDVT01000007	421036	421449	-1	406
MDVT01000007	421462	422238	-1	407
MDVT01000007	422441	424447	1	408
MDVT01000007	424440	424832	-1	409
MDVT01000007	425030	426385	1	410
MDVT01000007	426826	427014	-1	411
MDVT01000007	427086	427319	-1	412
MDVT01000007	427533	428042	1	413
MDVT01000007	428105	428518	1	414
MDVT01000007	428539	430446	-1	415
MDVT01000007	430496	431146	-1	416
MDVT01000007	431264	432316	1	417
MDVT01000007	432358	432804	1	418
MDVT01000007	432768	433547	-1	419
MDVT01000007	433780	434361	-1	420
MDVT01000007	434362	435321	-1	421
MDVT01000007	435444	435983	1	422
MDVT01000007	436053	436544	1	423
MDVT01000007	436921	437478	1	424
MDVT01000007	437481	437684	1	425
MDVT01000007	437938	438147	-1	426
MDVT01000007	438239	439126	1	427
MDVT01000007	439380	440084	-1	428
MDVT01000007	440133	440462	1	429
MDVT01000007	440555	440854	1	430
MDVT01000007	440917	441372	1	431
MDVT01000007	441386	441730	1	432
MDVT01000007	441748	441903	1	433
MDVT01000007	441918	442211	1	434
MDVT01000007	442215	442880	1	435
MDVT01000007	442939	443358	1	436
MDVT01000007	443369	444277	1	437
MDVT01000007	444305	445210	1	438
MDVT01000007	445224	446075	1	439
MDVT01000007	446152	447243	1	440
MDVT01000007	447261	447431	1	441
MDVT01000007	447446	447937	1	442
MDVT01000007	448025	448504	1	443
MDVT01000007	448595	449272	1	444
MDVT01000007	449269	450144	1	445
MDVT01000007	450177	450494	1	446
MDVT01000007	450668	453418	1	447
MDVT01000007	453426	454073	1	448
MDVT01000007	454343	455386	1	449
MDVT01000007	455383	455802	-1	450
MDVT01000007	455822	457444	-1	451
MDVT01000007	457542	458276	1	452
MDVT01000007	458359	458991	1	453
MDVT01000007	458988	459854	-1	454
MDVT01000007	459865	460185	-1	455
MDVT01000007	460197	461456	-1	456
MDVT01000007	461511	462890	-1	457
MDVT01000007	462940	463170	-1	458
MDVT01000007	463394	463651	1	459
MDVT01000007	463656	464900	1	460
MDVT01000007	464913	466109	1	461
MDVT01000007	466122	466529	-1	462
MDVT01000007	466624	467016	1	463
MDVT01000007	467038	467496	-1	464
MDVT01000007	467838	468062	1	465
MDVT01000007	468065	468847	1	466
MDVT01000007	468880	469905	1	467
MDVT01000007	469902	470426	-1	468
MDVT01000007	470576	471046	1	469
MDVT01000007	471051	472817	-1	470
MDVT01000007	472855	473124	-1	471
MDVT01000007	473171	473809	1	472
MDVT01000007	473814	475469	-1	473
MDVT01000007	475450	476400	-1	474
MDVT01000007	476483	476647	-1	475
MDVT01000007	476749	478035	-1	476
MDVT01000007	478028	478840	-1	477
MDVT01000007	478842	479726	-1	478
MDVT01000007	479723	480724	-1	479
MDVT01000007	480754	482112	-1	480
MDVT01000007	482218	482556	1	481
MDVT01000007	482678	484723	1	482
MDVT01000007	484714	484974	-1	483
MDVT01000007	485115	485990	1	484
MDVT01000007	485985	486635	-1	485
MDVT01000007	486730	487779	1	486
MDVT01000007	487776	488171	-1	487
MDVT01000007	488774	489772	1	488
MDVT01000007	489791	492859	-1	489
MDVT01000007	493065	493577	-1	490
MDVT01000007	493853	494692	-1	491
MDVT01000007	494743	495813	-1	492
MDVT01000007	496097	496762	-1	493
MDVT01000007	496944	498104	1	494
MDVT01000007	498498	498683	-1	495
MDVT01000007	498831	498920	-1	496
MDVT01000007	498917	499306	-1	497
MDVT01000007	499515	499637	-1	498
MDVT01000007	499726	501564	-1	499
MDVT01000007	501711	502091	1	500
MDVT01000007	502162	503124	1	501
MDVT01000007	503130	503756	-1	502
MDVT01000007	503699	503926	-1	503
MDVT01000007	504110	504514	1	504
MDVT01000007	504457	505065	1	505
MDVT01000007	505375	505734	-1	506
MDVT01000007	505781	506194	-1	507
MDVT01000007	506396	506590	1	508
MDVT01000007	506635	506895	1	509
MDVT01000007	507328	507954	1	510
MDVT01000007	508144	508764	1	511
MDVT01000007	508820	509857	-1	512
MDVT01000007	509926	510348	-1	513
MDVT01000007	510327	510665	-1	514
MDVT01000007	510904	512274	-1	515
MDVT01000007	512383	512799	1	516
MDVT01000007	512809	512910	1	517
MDVT01000007	512963	513889	-1	518
MDVT01000007	513959	514654	1	519
MDVT01000007	514651	515232	-1	520
MDVT01000007	515289	516293	-1	521
MDVT01000007	516417	516608	1	522
MDVT01000007	516670	517563	-1	523
MDVT01000007	517565	518179	-1	524
MDVT01000007	518309	518938	1	525
MDVT01000007	518960	520072	-1	526
MDVT01000007	520340	521620	1	527
MDVT01000007	521712	522104	1	528
MDVT01000007	522291	523505	-1	529
MDVT01000007	523562	524149	-1	530
MDVT01000007	524203	524715	-1	531
MDVT01000007	524779	524925	-1	532
MDVT01000007	525111	526247	1	533
MDVT01000007	526249	526944	1	534
MDVT01000007	527008	527955	1	535
MDVT01000007	527970	528713	1	536
MDVT01000007	528727	529455	1	537
MDVT01000007	529448	529672	-1	538
MDVT01000007	529678	531774	-1	539
MDVT01000007	531801	532607	-1	540
MDVT01000007	532607	533377	-1	541
MDVT01000007	533397	534527	-1	542
MDVT01000007	534561	534998	-1	543
MDVT01000007	535111	535650	1	544
MDVT01000007	535683	535892	-1	545
MDVT01000007	536572	537363	-1	546
MDVT01000007	537378	538217	-1	547
MDVT01000007	538308	539465	1	548
MDVT01000007	539542	540408	1	549
MDVT01000007	540376	540951	-1	550
MDVT01000007	541033	541266	-1	551
MDVT01000007	541438	542601	1	552
MDVT01000007	542682	542948	1	553
MDVT01000007	543174	543341	-1	554
MDVT01000007	543996	544640	1	555
MDVT01000007	544706	545842	-1	556
MDVT01000007	545975	547171	1	557
MDVT01000007	547175	547819	-1	558
MDVT01000007	547908	548408	1	559
MDVT01000007	548432	548698	-1	560
MDVT01000007	548848	549063	-1	561
MDVT01000007	549120	550415	1	562
MDVT01000007	550425	552491	-1	563
MDVT01000007	552573	553001	-1	564
MDVT01000007	553011	553343	-1	565
MDVT01000007	553500	554726	1	566
MDVT01000007	555104	555553	-1	567
MDVT01000007	555665	556651	1	568
MDVT01000007	556685	557509	-1	569
MDVT01000007	557522	558043	-1	570
MDVT01000007	558199	558660	1	571
MDVT01000007	558663	559685	-1	572
MDVT01000007	559827	561233	1	573
MDVT01000007	561283	562836	1	574
MDVT01000007	563083	563646	-1	575
MDVT01000007	563650	564555	-1	576
MDVT01000007	564552	565499	-1	577
MDVT01000007	565574	566827	1	578
MDVT01000007	567013	567708	1	579
MDVT01000007	568011	569204	1	580
MDVT01000007	569201	569521	1	581
MDVT01000007	569565	570428	1	582
MDVT01000007	570425	570709	-1	583
MDVT01000007	570765	571286	1	584
MDVT01000007	571356	571565	1	585
MDVT01000007	572274	572459	-1	586
MDVT01000007	572504	573229	-1	587
MDVT01000007	573219	574040	-1	588
MDVT01000007	574043	576118	-1	589
MDVT01000007	576259	576600	-1	590
MDVT01000007	576597	577262	-1	591
MDVT01000007	577331	577726	1	592
MDVT01000007	577960	578925	-1	593
MDVT01000007	579075	579431	-1	594
MDVT01000007	579699	580130	1	595
MDVT01000007	580196	581827	1	596
MDVT01000007	581821	582453	1	597
MDVT01000007	582454	583662	-1	598
MDVT01000007	583858	584517	-1	599
MDVT01000007	584789	585022	1	600
MDVT01000007	585453	585731	-1	601
MDVT01000007	585795	586259	-1	602
MDVT01000007	586717	587967	1	603
MDVT01000007	587964	589499	-1	604
MDVT01000007	589651	590235	1	605
MDVT01000007	590255	590596	-1	606
MDVT01000007	590641	591561	-1	607
MDVT01000007	591682	591915	-1	608
MDVT01000007	592505	592939	1	609
MDVT01000007	593030	593329	-1	610
MDVT01000007	593496	594077	1	611
MDVT01000007	594123	594377	1	612
MDVT01000007	594378	595574	1	613
MDVT01000007	595587	596504	1	614
MDVT01000007	596505	596969	-1	615
MDVT01000007	597280	597624	1	616
MDVT01000007	597681	598187	-1	617
MDVT01000007	598273	599124	1	618
MDVT01000007	599353	599853	-1	619
MDVT01000007	599945	601798	1	620
MDVT01000007	601795	602769	-1	621
MDVT01000007	603138	603866	-1	622
MDVT01000007	603878	604138	-1	623
MDVT01000007	604148	604930	-1	624
MDVT01000007	604936	605940	-1	625
MDVT01000007	606285	607121	1	626
MDVT01000007	607222	607911	1	627
MDVT01000007	607915	610068	1	628
MDVT01000007	610065	610808	-1	629
MDVT01000007	611049	612029	1	630
MDVT01000007	612547	613428	1	631
MDVT01000007	613463	614518	1	632
MDVT01000007	614501	616129	-1	633
MDVT01000007	616126	617433	-1	634
MDVT01000007	617484	618047	-1	635
MDVT01000007	618224	618709	1	636
MDVT01000007	618714	619994	1	637
MDVT01000007	619998	620747	-1	638
MDVT01000007	621017	621727	1	639
MDVT01000007	622079	623536	1	640
MDVT01000007	623623	623955	1	641
MDVT01000007	623957	624520	1	642
MDVT01000007	624477	625835	1	643
MDVT01000007	625849	627045	1	644
MDVT01000007	627053	627451	1	645
MDVT01000007	627454	628719	-1	646
MDVT01000007	628743	630680	-1	647
MDVT01000007	630720	631049	-1	648
MDVT01000007	631252	633513	1	649
MDVT01000007	633515	633868	-1	650
MDVT01000007	633968	634993	1	651
MDVT01000007	635010	635612	1	652
MDVT01000007	635871	636887	1	653
MDVT01000007	636884	637270	-1	654
MDVT01000007	637373	637849	1	655
MDVT01000007	637882	639552	1	656
MDVT01000007	639556	639831	-1	657
MDVT01000007	640176	640631	1	658
MDVT01000007	640718	641059	1	659
MDVT01000007	641092	642054	-1	660
MDVT01000007	642248	642496	1	661
MDVT01000007	642568	643875	1	662
MDVT01000007	643865	644401	-1	663
MDVT01000007	644433	645230	1	664
MDVT01000007	645288	645770	1	665
MDVT01000007	645828	647612	-1	666
MDVT01000007	647618	647944	-1	667
MDVT01000007	647957	648586	-1	668
MDVT01000007	648590	648904	-1	669
MDVT01000007	648979	649443	-1	670
MDVT01000007	649453	650379	-1	671
MDVT01000007	650857	651309	1	672
MDVT01000007	651479	651661	1	673
MDVT01000007	657256	659178	-1	674
MDVT01000007	659668	660204	-1	675
MDVT01000007	660309	660584	1	676
MDVT01000007	660649	661122	-1	677
MDVT01000007	661321	662394	1	678
MDVT01000007	662408	663562	1	679
MDVT01000007	663565	663966	1	680
MDVT01000007	664366	665319	1	681
MDVT01000007	665328	666578	1	682
MDVT01000007	666589	667251	1	683
MDVT01000007	667248	668009	-1	684
MDVT01000007	668535	668963	1	685
MDVT01000007	668970	669563	-1	686
MDVT01000007	669585	670277	-1	687
MDVT01000007	670280	670903	-1	688
MDVT01000007	670965	672902	-1	689
MDVT01000007	673153	676851	1	690
MDVT01000007	676846	677019	-1	691
MDVT01000007	677070	677867	-1	692
MDVT01000007	677921	678109	-1	693
MDVT01000007	678126	678401	-1	694
MDVT01000007	678388	678876	-1	695
MDVT01000007	678923	680101	-1	696
MDVT01000007	680187	681272	-1	697
MDVT01000007	681282	682031	-1	698
MDVT01000007	682075	682389	-1	699
MDVT01000007	682403	682900	-1	700
MDVT01000007	682990	683319	-1	701
MDVT01000007	683336	683917	-1	702
MDVT01000007	683910	684368	-1	703
MDVT01000007	684379	684660	-1	704
MDVT01000007	684672	685235	-1	705
MDVT01000007	685236	685361	-1	706
MDVT01000007	685518	686816	1	707
MDVT01000007	686821	687255	1	708
MDVT01000007	687348	689747	1	709
MDVT01000007	689780	690310	-1	710
MDVT01000007	690629	690928	1	711
MDVT01000007	691092	691826	-1	712
MDVT01000007	691937	693094	-1	713
MDVT01000007	693096	693704	-1	714
MDVT01000007	693936	694775	-1	715
MDVT01000007	694786	695352	-1	716
MDVT01000007	695422	695751	-1	717
MDVT01000007	695769	696059	-1	718
MDVT01000007	696158	697522	-1	719
MDVT01000007	697512	698111	-1	720
MDVT01000007	698112	699458	-1	721
MDVT01000007	699678	699968	1	722
MDVT01000007	699974	700516	1	723
MDVT01000007	700523	701467	1	724
MDVT01000007	701469	702923	1	725
MDVT01000007	702984	703730	1	726
MDVT01000007	703742	704191	1	727
MDVT01000007	704233	706101	-1	728
MDVT01000007	706317	707669	1	729
MDVT01000007	707780	708904	-1	730
MDVT01000007	709128	710795	1	731
MDVT01000007	710911	711870	1	732
MDVT01000007	711899	712714	1	733
MDVT01000007	712807	713838	-1	734
MDVT01000007	713810	714361	-1	735
MDVT01000007	714384	715229	-1	736
MDVT01000007	715441	715842	1	737
MDVT01000007	716442	716951	1	738
MDVT01000007	717023	718276	1	739
MDVT01000007	718273	719592	-1	740
MDVT01000007	719608	719970	-1	741
MDVT01000007	720065	721267	1	742
MDVT01000007	721401	721577	1	743
MDVT01000007	721592	721858	1	744
MDVT01000007	721963	724128	1	745
MDVT01000007	724143	724406	1	746
MDVT01000007	724465	724626	1	747
MDVT01000007	724912	726273	1	748
MDVT01000007	726285	727154	-1	749
MDVT01000007	727199	728461	-1	750
MDVT01000007	728574	729290	1	751
MDVT01000007	729479	730303	-1	752
MDVT01000007	730488	731312	1	753
MDVT01000007	731315	731698	-1	754
MDVT01000007	731714	732187	-1	755
MDVT01000007	732285	733040	1	756
MDVT01000007	733058	734056	1	757
MDVT01000007	734058	734936	1	758
MDVT01000007	735047	736297	1	759
MDVT01000007	736298	736984	1	760
MDVT01000007	737015	738217	1	761
MDVT01000007	738282	738788	1	762
MDVT01000007	738847	739662	1	763
MDVT01000007	739662	740015	1	764
MDVT01000007	740025	740468	1	765
MDVT01000007	740470	740874	1	766
MDVT01000007	740892	741089	1	767
MDVT01000007	741121	741783	1	768
MDVT01000007	741898	742860	1	769
MDVT01000007	742853	743665	1	770
MDVT01000007	743708	744790	1	771
MDVT01000007	744937	745305	1	772
MDVT01000007	745320	745538	1	773
MDVT01000007	745555	745776	1	774
MDVT01000007	745777	746445	-1	775
MDVT01000007	746525	748303	1	776
MDVT01000007	748419	748811	1	777
MDVT01000007	748834	750093	1	778
MDVT01000007	750141	750542	1	779
MDVT01000007	750744	751325	1	780
MDVT01000007	751338	751523	1	781
MDVT01000007	751523	752047	1	782
MDVT01000007	752040	752390	1	783
MDVT01000007	752393	752554	1	784
MDVT01000007	752575	753111	1	785
MDVT01000007	753115	753711	-1	786
MDVT01000007	753843	754061	-1	787
MDVT01000007	754061	755518	-1	788
MDVT01000007	755556	756011	-1	789
MDVT01000007	756057	756626	-1	790
MDVT01000007	756623	757255	-1	791
MDVT01000007	757256	757987	-1	792
MDVT01000007	758013	758267	-1	793
MDVT01000007	758458	758973	1	794
MDVT01000007	758990	759667	1	795
MDVT01000007	759709	760998	1	796
MDVT01000007	761177	761665	-1	797
MDVT01000007	761764	763038	1	798
MDVT01000007	763060	764568	1	799
MDVT01000007	764678	764992	1	800
MDVT01000007	764994	766199	-1	801
MDVT01000007	766338	767282	1	802
MDVT01000007	767394	767948	1	803
MDVT01000007	768032	768496	1	804
MDVT01000007	768515	769156	1	805
MDVT01000007	769159	769494	1	806
MDVT01000007	769863	770576	1	807
MDVT01000007	770594	771316	1	808
MDVT01000007	771340	772053	1	809
MDVT01000007	772028	772822	1	810
MDVT01000007	772815	773624	1	811
MDVT01000007	773625	773894	1	812
MDVT01000007	773902	774438	1	813
MDVT01000007	774428	774706	1	814
MDVT01000007	774710	775078	1	815
MDVT01000007	775090	775359	1	816
MDVT01000007	775364	776365	1	817
MDVT01000007	776432	777274	1	818
MDVT01000007	777271	778098	1	819
MDVT01000007	778095	778859	1	820
MDVT01000007	778888	779499	1	821
MDVT01000007	779480	780073	1	822
MDVT01000007	780074	780595	1	823
MDVT01000007	780598	781230	-1	824
MDVT01000007	781199	782608	-1	825
MDVT01000007	782730	782993	1	826
MDVT01000007	783058	783897	-1	827
MDVT01000007	784167	785087	-1	828
MDVT01000007	785195	785893	-1	829
MDVT01000007	786148	786324	1	830
MDVT01000007	786325	787515	1	831
MDVT01000007	787588	789270	-1	832
MDVT01000007	789446	789760	1	833
MDVT01000007	789841	790860	1	834
MDVT01000007	790860	792410	1	835
MDVT01000007	792410	792961	1	836
MDVT01000007	792973	795135	1	837
MDVT01000007	795127	795933	-1	838
MDVT01000007	795939	796460	-1	839
MDVT01000007	796474	796818	-1	840
MDVT01000007	796868	797935	1	841
MDVT01000007	797923	798927	-1	842
MDVT01000007	798990	799271	-1	843
MDVT01000007	799417	800028	1	844
MDVT01000007	800020	800955	-1	845
MDVT01000007	801069	802025	1	846
MDVT01000007	802127	802795	1	847
MDVT01000007	802797	804359	1	848
MDVT01000007	804372	804932	1	849
MDVT01000007	805140	806147	1	850
MDVT01000007	806176	806355	-1	851
MDVT01000007	806438	807754	1	852
MDVT01000007	807909	808757	1	853
MDVT01000007	808741	812190	-1	854
MDVT01000007	812203	812529	-1	855
MDVT01000007	812481	813221	-1	856
MDVT01000007	813324	814607	1	857
MDVT01000007	814617	815270	-1	858
MDVT01000007	815261	815704	-1	859
MDVT01000007	815834	816904	1	860
MDVT01000007	816909	817847	1	861
MDVT01000007	817996	818379	1	862
MDVT01000007	818411	819592	1	863
MDVT01000007	819599	820672	1	864
MDVT01000007	820679	821716	-1	865
MDVT01000007	822039	822494	-1	866
MDVT01000007	822616	822891	1	867
MDVT01000007	822918	824147	-1	868
MDVT01000007	824582	825664	1	869
MDVT01000007	825668	826918	1	870
MDVT01000007	826890	828173	1	871
MDVT01000007	828163	829041	1	872
MDVT01000007	829028	829921	1	873
MDVT01000007	829931	831079	-1	874
MDVT01000007	831084	832295	-1	875
MDVT01000007	832849	832989	1	876
MDVT01000007	833198	833905	1	877
MDVT01000007	833917	834426	-1	878
MDVT01000007	834432	835676	-1	879
MDVT01000007	835703	836944	-1	880
MDVT01000007	837075	837524	-1	881
MDVT01000007	837616	838953	-1	882
MDVT01000007	839027	839656	1	883
MDVT01000007	839666	840415	1	884
MDVT01000007	840470	841492	1	885
MDVT01000007	841687	843144	1	886
MDVT01000007	843134	844042	-1	887
MDVT01000007	844061	844879	-1	888
MDVT01000007	844889	845443	-1	889
MDVT01000007	845447	846544	-1	890
MDVT01000007	846647	846940	1	891
MDVT01000007	846963	847394	1	892
MDVT01000007	847587	847877	-1	893
MDVT01000007	847896	848582	-1	894
MDVT01000007	848788	850035	1	895
MDVT01000007	850047	850949	1	896
MDVT01000007	850978	853476	1	897
MDVT01000007	853910	854224	1	898
MDVT01000007	854228	854725	1	899
MDVT01000007	854903	855403	-1	900
MDVT01000007	855902	856204	-1	901
MDVT01000007	856428	856718	-1	902
MDVT01000007	857556	857999	-1	903
MDVT01000007	858255	859697	1	904
MDVT01000007	859716	860546	1	905
MDVT01000007	860547	861899	-1	906
MDVT01000007	861909	862127	-1	907
MDVT01000007	862162	862722	-1	908
MDVT01000007	862956	863372	-1	909
MDVT01000007	863427	864473	-1	910
MDVT01000007	864523	864813	-1	911
MDVT01000007	864924	865688	1	912
MDVT01000007	865821	867236	1	913
MDVT01000007	867313	868878	1	914
MDVT01000007	868899	869117	-1	915
MDVT01000007	869107	870048	-1	916
MDVT01000007	870185	870928	-1	917
MDVT01000007	871118	873034	1	918
MDVT01000007	873031	874419	1	919
MDVT01000007	874448	874741	-1	920
MDVT01000007	874821	875954	-1	921
MDVT01000007	875967	877409	-1	922
MDVT01000007	877446	877865	1	923
MDVT01000007	877875	878657	-1	924
MDVT01000007	878698	878928	-1	925
MDVT01000007	879100	879588	1	926
MDVT01000007	879591	880364	1	927
MDVT01000007	880367	880582	1	928
MDVT01000007	880584	880862	1	929
MDVT01000007	880866	881204	1	930
MDVT01000007	881194	881682	1	931
MDVT01000007	881697	882062	1	932
MDVT01000007	882067	882828	1	933
MDVT01000007	882821	883360	1	934
MDVT01000007	883374	883520	1	935
MDVT01000007	883537	883923	1	936
MDVT01000007	883935	884504	1	937
MDVT01000007	884517	885191	1	938
MDVT01000007	885188	885637	1	939
MDVT01000007	885643	886296	1	940
MDVT01000007	886301	886924	1	941
MDVT01000007	886928	887407	1	942
MDVT01000007	887431	888015	1	943
MDVT01000007	888036	888479	1	944
MDVT01000007	888544	889995	1	945
MDVT01000007	889999	890595	1	946
MDVT01000007	890598	891125	1	947
MDVT01000007	891138	891317	1	948
MDVT01000007	891314	891862	1	949
MDVT01000007	892008	893003	-1	950
MDVT01000007	893048	893320	-1	951
MDVT01000007	893457	894086	-1	952
MDVT01000007	894130	895317	-1	953
MDVT01000007	895348	895791	-1	954
MDVT01000007	895851	896276	1	955
MDVT01000007	896292	897473	1	956
MDVT01000007	897544	898041	1	957
MDVT01000007	898052	898564	1	958
MDVT01000007	898587	899096	1	959
MDVT01000007	899115	899918	1	960
MDVT01000007	899981	901240	-1	961
MDVT01000007	901406	902788	-1	962
MDVT01000007	902802	903767	-1	963
MDVT01000007	903882	904367	1	964
MDVT01000007	904364	905362	1	965
MDVT01000007	905421	907094	1	966
MDVT01000007	907111	908706	1	967
MDVT01000007	908758	909618	1	968
MDVT01000007	909621	910016	1	969
MDVT01000007	910005	911375	-1	970
MDVT01000007	911422	911568	-1	971
MDVT01000007	911749	912828	1	972
MDVT01000007	912848	915667	-1	973
MDVT01000007	915796	916167	-1	974
MDVT01000007	916302	916832	1	975
MDVT01000007	916869	918260	1	976
MDVT01000007	918673	919572	1	977
MDVT01000007	919569	919817	-1	978
MDVT01000007	920011	920535	1	979
MDVT01000007	920532	921716	-1	980
MDVT01000007	921967	922545	1	981
MDVT01000007	922565	922891	-1	982
MDVT01000007	922964	923659	-1	983
MDVT01000007	923656	924777	-1	984
MDVT01000007	924790	925323	-1	985
MDVT01000007	925398	925766	-1	986
MDVT01000007	925796	926269	-1	987
MDVT01000007	926340	926624	-1	988
MDVT01000007	926823	927167	1	989
MDVT01000007	927171	927749	-1	990
MDVT01000007	927882	928301	-1	991
MDVT01000007	928304	928879	-1	992
MDVT01000007	928958	929527	-1	993
MDVT01000007	929508	930233	-1	994
MDVT01000007	930217	933780	-1	995
MDVT01000007	934020	934406	1	996
MDVT01000007	934480	934872	-1	997
MDVT01000007	934939	935214	1	998
MDVT01000007	935231	935587	1	999
MDVT01000007	935594	936523	1	1000
MDVT01000007	936548	936787	1	1001
MDVT01000007	937213	938217	1	1002
MDVT01000007	938315	939466	1	1003
MDVT01000007	939865	940518	1	1004
MDVT01000007	940609	941565	1	1005
MDVT01000007	941552	943330	1	1006
MDVT01000007	943347	944717	-1	1007
MDVT01000007	944731	945096	-1	1008
MDVT01000007	945764	946735	1	1009
MDVT01000007	946760	948061	1	1010
MDVT01000007	948051	949151	1	1011
MDVT01000007	949148	950377	1	1012
MDVT01000007	950359	950931	1	1013
MDVT01000007	951017	951544	1	1014
MDVT01000007	951551	952288	1	1015
MDVT01000007	952272	953423	1	1016
MDVT01000007	953438	954250	1	1017
MDVT01000007	954279	954698	1	1018
MDVT01000007	954810	955760	1	1019
MDVT01000007	955860	958946	1	1020
MDVT01000007	959124	960503	1	1021
MDVT01000007	960505	961680	1	1022
MDVT01000007	961736	961978	-1	1023
MDVT01000007	962002	962304	-1	1024
MDVT01000007	962483	962647	-1	1025
MDVT01000007	962817	963287	1	1026
MDVT01000007	963265	964164	-1	1027
MDVT01000007	964260	965540	1	1028
MDVT01000007	965533	967509	1	1029
MDVT01000007	967925	971764	1	1030
MDVT01000007	971871	972698	1	1031
MDVT01000007	972699	973220	1	1032
MDVT01000007	973228	973383	-1	1033
MDVT01000007	973547	974176	1	1034
MDVT01000007	974262	974864	1	1035
MDVT01000007	974866	975861	-1	1036
MDVT01000007	976001	976144	-1	1037
MDVT01000007	976309	976620	1	1038
MDVT01000007	976643	976885	1	1039
MDVT01000007	976863	977807	-1	1040
MDVT01000007	977804	978823	-1	1041
MDVT01000007	978861	979232	1	1042
MDVT01000007	979393	979998	1	1043
MDVT01000007	980028	980795	1	1044
MDVT01000007	980796	981554	-1	1045
MDVT01000007	981703	985215	1	1046
MDVT01000007	985216	986511	1	1047
MDVT01000007	986499	987467	1	1048
MDVT01000007	987481	988797	1	1049
MDVT01000007	988807	989859	1	1050
MDVT01000007	989961	990725	1	1051
MDVT01000007	990826	991353	-1	1052
MDVT01000007	991510	993309	1	1053
MDVT01000007	993330	995300	-1	1054
MDVT01000007	995494	996630	1	1055
MDVT01000007	996633	999926	1	1056
MDVT01000007	999918	1001420	-1	1057
MDVT01000007	1001465	1002619	-1	1058
MDVT01000007	1002801	1003478	-1	1059
MDVT01000007	1003587	1004474	-1	1060
MDVT01000007	1004488	1005585	-1	1061
MDVT01000007	1005976	1009791	1	1062
MDVT01000007	1009876	1010559	1	1063
MDVT01000007	1010577	1011467	1	1064
MDVT01000007	1011478	1012173	-1	1065
MDVT01000007	1012280	1014025	1	1066
MDVT01000007	1014046	1014300	1	1067
MDVT01000007	1014290	1015621	-1	1068
MDVT01000007	1015760	1016476	1	1069
MDVT01000007	1016521	1018284	1	1070
MDVT01000007	1018310	1019215	1	1071
MDVT01000007	1019228	1019983	1	1072
MDVT01000007	1020006	1020365	-1	1073
MDVT01000007	1020732	1021691	1	1074
MDVT01000007	1021759	1022169	1	1075
MDVT01000007	1022203	1023072	1	1076
MDVT01000007	1023102	1023803	1	1077
MDVT01000007	1023807	1024811	-1	1078
MDVT01000007	1024811	1025161	-1	1079
MDVT01000007	1025266	1025511	-1	1080
MDVT01000007	1025515	1025760	-1	1081
MDVT01000007	1025905	1026357	1	1082
MDVT01000007	1026401	1027156	1	1083
MDVT01000007	1027170	1027859	1	1084
MDVT01000007	1027873	1028604	1	1085
MDVT01000007	1028629	1029315	-1	1086
MDVT01000007	1029339	1030490	-1	1087
MDVT01000007	1030606	1031217	1	1088
MDVT01000007	1031247	1031888	1	1089
MDVT01000007	1032110	1032580	1	1090
MDVT01000007	1032596	1033492	-1	1091
MDVT01000007	1033972	1035213	1	1092
MDVT01000007	1035340	1036266	-1	1093
MDVT01000007	1036446	1037183	1	1094
MDVT01000007	1037330	1037836	1	1095
MDVT01000007	1037861	1039174	1	1096
MDVT01000007	1039213	1039728	1	1097
MDVT01000007	1039732	1040700	-1	1098
MDVT01000007	1040703	1042004	-1	1099
MDVT01000007	1042017	1042298	-1	1100
MDVT01000007	1042295	1042858	-1	1101
MDVT01000007	1043060	1043938	-1	1102
MDVT01000007	1043931	1044851	-1	1103
MDVT01000007	1044934	1045761	-1	1104
MDVT01000007	1045801	1047312	-1	1105
MDVT01000007	1047417	1047797	-1	1106
MDVT01000007	1047811	1048860	-1	1107
MDVT01000007	1048863	1050596	-1	1108
MDVT01000007	1050589	1051044	-1	1109
MDVT01000007	1051049	1051378	-1	1110
MDVT01000007	1051725	1051991	1	1111
MDVT01000007	1052047	1053411	1	1112
MDVT01000007	1053435	1054550	-1	1113
MDVT01000007	1054569	1055252	-1	1114
MDVT01000007	1055514	1055957	-1	1115
MDVT01000007	1055972	1056580	-1	1116
MDVT01000007	1056590	1057708	-1	1117
MDVT01000007	1057711	1059453	-1	1118
MDVT01000007	1059459	1061024	-1	1119
MDVT01000007	1061026	1061322	-1	1120
MDVT01000007	1061322	1062203	-1	1121
MDVT01000007	1062214	1062489	-1	1122
MDVT01000007	1062470	1062967	-1	1123
MDVT01000007	1063185	1063649	1	1124
MDVT01000007	1063661	1065559	-1	1125
MDVT01000007	1065762	1066190	1	1126
MDVT01000007	1066201	1067514	-1	1127
MDVT01000007	1067555	1068145	-1	1128
MDVT01000007	1068345	1068602	1	1129
MDVT01000007	1068599	1068904	1	1130
MDVT01000007	1068904	1069224	1	1131
MDVT01000007	1069241	1071295	1	1132
MDVT01000007	1071309	1072844	1	1133
MDVT01000007	1072857	1074416	1	1134
MDVT01000007	1074451	1075188	-1	1135
MDVT01000007	1075277	1076392	1	1136
MDVT01000007	1076376	1077026	-1	1137
MDVT01000007	1077305	1077814	1	1138
MDVT01000007	1077938	1079827	1	1139
MDVT01000007	1079842	1080099	1	1140
MDVT01000007	1080092	1081150	1	1141
MDVT01000007	1081217	1081525	1	1142
MDVT01000007	1081585	1082670	1	1143
MDVT01000007	1082673	1083443	-1	1144
MDVT01000007	1083508	1084194	1	1145
MDVT01000007	1084244	1085755	1	1146
MDVT01000007	1085734	1086768	-1	1147
MDVT01000007	1086890	1087690	1	1148
MDVT01000007	1087696	1088589	-1	1149
MDVT01000007	1088620	1089366	-1	1150
MDVT01000007	1089481	1090092	1	1151
MDVT01000007	1090132	1091400	1	1152
MDVT01000007	1091474	1091851	1	1153
MDVT01000007	1091891	1093090	-1	1154
MDVT01000007	1093204	1093566	-1	1155
MDVT01000007	1093655	1093888	-1	1156
MDVT01000007	1093999	1094544	-1	1157
MDVT01000007	1094634	1096274	-1	1158
MDVT01000007	1096286	1097215	-1	1159
MDVT01000007	1097255	1098238	-1	1160
MDVT01000007	1098252	1098728	-1	1161
MDVT01000007	1098733	1100403	-1	1162
MDVT01000007	1100615	1101310	-1	1163
MDVT01000007	1101383	1101586	-1	1164
MDVT01000007	1101733	1102299	1	1165
MDVT01000007	1102718	1103116	-1	1166
MDVT01000007	1103236	1103472	-1	1167
MDVT01000007	1103512	1103958	-1	1168
MDVT01000007	1104082	1104444	1	1169
MDVT01000007	1104453	1104812	1	1170
MDVT01000007	1104824	1105150	1	1171
MDVT01000007	1105172	1105609	1	1172
MDVT01000007	1105673	1110556	1	1173
MDVT01000007	1110593	1111603	-1	1174
MDVT01000007	1111605	1112117	-1	1175
MDVT01000007	1112118	1113374	-1	1176
MDVT01000007	1113961	1114344	-1	1177
MDVT01000007	1114433	1115302	1	1178
MDVT01000007	1115316	1116074	1	1179
MDVT01000007	1116071	1116892	1	1180
MDVT01000007	1116971	1118887	1	1181
MDVT01000007	1118889	1119155	1	1182
MDVT01000007	1119159	1119614	1	1183
MDVT01000007	1119603	1121000	-1	1184
MDVT01000007	1121014	1121301	-1	1185
MDVT01000007	1121401	1122642	1	1186
MDVT01000007	1122653	1123630	-1	1187
MDVT01000007	1123750	1124673	1	1188
MDVT01000007	1124698	1126218	1	1189
MDVT01000007	1126244	1126615	1	1190
MDVT01000007	1126617	1127816	-1	1191
MDVT01000007	1127913	1129163	1	1192
MDVT01000007	1129160	1130197	1	1193
MDVT01000007	1130198	1130875	1	1194
MDVT01000007	1130915	1131424	1	1195
MDVT01000007	1131421	1132041	-1	1196
MDVT01000007	1132166	1133101	-1	1197
MDVT01000007	1133212	1133673	1	1198
MDVT01000007	1133677	1134189	-1	1199
MDVT01000007	1134193	1134336	-1	1200
MDVT01000007	1134366	1135646	-1	1201
MDVT01000007	1135752	1136405	-1	1202
MDVT01000007	1136511	1136741	-1	1203
MDVT01000007	1136945	1137838	-1	1204
MDVT01000007	1137841	1138845	-1	1205
MDVT01000007	1138922	1139179	1	1206
MDVT01000007	1139176	1139571	-1	1207
MDVT01000007	1139827	1140033	1	1208
MDVT01000007	1140108	1140353	1	1209
MDVT01000007	1140360	1140728	1	1210
MDVT01000007	1140744	1141928	1	1211
MDVT01000007	1141931	1142320	1	1212
MDVT01000007	1142385	1143143	1	1213
MDVT01000007	1143078	1143626	-1	1214
MDVT01000007	1143628	1144017	-1	1215
MDVT01000007	1144014	1145264	-1	1216
MDVT01000007	1145254	1146729	-1	1217
MDVT01000007	1146975	1147697	1	1218
MDVT01000007	1147797	1150373	1	1219
MDVT01000007	1150742	1151965	-1	1220
MDVT01000007	1151990	1152412	-1	1221
MDVT01000007	1152472	1153971	-1	1222
MDVT01000007	1153964	1155241	-1	1223
MDVT01000007	1155378	1156256	1	1224
MDVT01000007	1156253	1156897	-1	1225
MDVT01000007	1156899	1157846	-1	1226
MDVT01000007	1157867	1158490	-1	1227
MDVT01000007	1158511	1158918	-1	1228
MDVT01000007	1159082	1159765	1	1229
MDVT01000007	1159767	1161239	1	1230
MDVT01000007	1161289	1161984	1	1231
MDVT01000007	1161986	1162522	-1	1232
MDVT01000007	1162642	1163598	-1	1233
MDVT01000007	1163645	1164115	-1	1234
MDVT01000007	1164266	1164754	-1	1235
MDVT01000007	1164846	1165643	1	1236
MDVT01000007	1165718	1166677	1	1237
MDVT01000007	1166687	1167496	-1	1238
MDVT01000007	1167743	1169410	1	1239
MDVT01000007	1169407	1171518	1	1240
MDVT01000007	1171565	1171909	1	1241
MDVT01000007	1171930	1172628	-1	1242
MDVT01000007	1172777	1173379	1	1243
MDVT01000007	1173419	1173745	-1	1244
MDVT01000007	1173801	1174784	-1	1245
MDVT01000007	1174869	1176434	1	1246
MDVT01000007	1176515	1178101	1	1247
MDVT01000007	1178113	1178262	-1	1248
MDVT01000007	1178303	1178497	-1	1249
MDVT01000007	1178494	1178712	-1	1250
MDVT01000007	1178841	1179362	-1	1251
MDVT01000007	1179475	1180167	1	1252
MDVT01000007	1180173	1180709	-1	1253
MDVT01000007	1181254	1181445	1	1254
MDVT01000008	3	275	-1	1
MDVT01000008	326	1987	-1	2
MDVT01000008	2001	2438	-1	3
MDVT01000008	2510	2788	-1	4
MDVT01000008	2785	3060	-1	5
MDVT01000008	3311	5068	-1	6
MDVT01000008	5065	5526	-1	7
MDVT01000008	5523	5714	-1	8
MDVT01000009	25	957	-1	1
MDVT01000009	1064	1402	-1	2
MDVT01000009	1468	1776	-1	3
MDVT01000009	1872	2744	-1	4
MDVT01000009	2747	4408	-1	5
MDVT01000009	4405	4965	-1	6
MDVT01000009	4962	5618	-1	7
MDVT01000009	5949	7154	1	8
MDVT01000009	7093	7233	-1	9
MDVT01000009	7238	7399	-1	10
MDVT01000009	7509	7904	-1	11
MDVT01000009	7901	8242	-1	12
MDVT01000009	8779	9003	-1	13
MDVT01000009	9007	9210	-1	14
