Hmm	ORF	tlen	qlen	Eval	score	start	end	Acc	Pos	Cov_seq	Cov_hmm	strand
AbiEii_0_CAS-III	MDVT01000004_66	270	284	0.00075	15.7	57219	58028	MDVT01000004	66	0.23333333333333334	0.20774647887323944	1
AbiEii_0_CAS-III	MDVT01000006_31	310	284	1.7e-05	21.1	25738	26667	MDVT01000006	31	0.2838709677419355	0.29577464788732394	1
AbiEii_0_CAS-III	MDVT01000006_77	660	284	0.0063	12.6	68618	70597	MDVT01000006	77	0.41515151515151516	0.6443661971830986	-1
AbiEii_0_CAS-III	MDVT01000006_99	273	284	5.7e-08	29.2	91747	92565	MDVT01000006	99	0.47985347985347987	0.47183098591549294	-1
AbiEii_0_CAS-III	MDVT01000007_1005	319	284	6.5e-08	29.0	940609	941565	MDVT01000007	1005	0.26959247648902823	0.29577464788732394	1
AbiEii_0_CAS-III	MDVT01000007_1179	253	284	2.6e-05	20.4	1115316	1116074	MDVT01000007	1179	0.39920948616600793	0.34507042253521125	1
AbiEii_0_CAS-III	MDVT01000007_132	747	284	0.0011	15.1	141273	143513	MDVT01000007	132	0.05220883534136546	0.07042253521126761	-1
AbiEii_0_CAS-III	MDVT01000007_189	413	284	0.0019	14.3	209716	210954	MDVT01000007	189	0.06053268765133172	0.0880281690140845	-1
AbiEii_0_CAS-III	MDVT01000007_249	270	284	0.00089	15.4	263334	264143	MDVT01000007	249	0.2518518518518518	0.2323943661971831	-1
AbiEii_0_CAS-III	MDVT01000007_264	263	284	5.7e-06	22.6	276826	277614	MDVT01000007	264	0.38783269961977185	0.3591549295774648	1
AbiEii_0_CAS-III	MDVT01000007_283	244	284	0.00016	17.9	298932	299663	MDVT01000007	283	0.29918032786885246	0.24647887323943662	-1
AbiEii_0_CAS-III	MDVT01000007_297	399	284	0.0007	15.7	312876	314072	MDVT01000007	297	0.05764411027568922	0.07746478873239436	-1
AbiEii_0_CAS-III	MDVT01000007_305	735	284	9.1e-06	21.9	321009	323213	MDVT01000007	305	0.05442176870748299	0.07394366197183098	1
AbiEii_0_CAS-III	MDVT01000007_313	333	284	3.6e-06	23.3	330783	331781	MDVT01000007	313	0.26426426426426425	0.2887323943661972	-1
AbiEii_0_CAS-III	MDVT01000007_534	232	284	0.00016	17.8	526249	526944	MDVT01000007	534	0.46120689655172414	0.3591549295774648	1
AbiEii_0_CAS-III	MDVT01000007_537	243	284	3.5e-06	23.3	528727	529455	MDVT01000007	537	0.42386831275720166	0.35563380281690143	1
AbiEii_0_CAS-III	MDVT01000007_684	254	284	0.0024	14.0	667248	668009	MDVT01000007	684	0.3661417322834646	0.31690140845070425	-1
AbiEii_0_CAS-III	MDVT01000007_73	315	284	9.3e-06	21.9	79851	80795	MDVT01000007	73	0.19365079365079366	0.20774647887323944	-1
AbiEii_0_CAS-III	MDVT01000007_745	722	284	3.5e-05	20.0	721963	724128	MDVT01000007	745	0.055401662049861494	0.07042253521126761	1
AbiEii_0_CAS-III	MDVT01000007_8	233	284	6.7e-08	28.9	6798	7496	MDVT01000007	8	0.6008583690987125	0.4647887323943662	-1
AbiEii_0_CAS-III	MDVT01000007_818	281	284	0.00039	16.6	776432	777274	MDVT01000007	818	0.4234875444839858	0.4014084507042254	1
AbiEii_0_CAS-III	MDVT01000007_819	276	284	1.2e-05	21.6	777271	778098	MDVT01000007	819	0.47101449275362317	0.45422535211267606	1
AbiEii_0_CAS-III	MDVT01000007_924	261	284	0.017	11.2	877875	878657	MDVT01000007	924	0.25287356321839083	0.22535211267605634	-1
AbiEii_0_CAS-III	MDVT01000007_995	1188	284	3.3e-06	23.4	930217	933780	MDVT01000007	995	0.2668350168350168	0.6056338028169014	-1
AbiEii_1_CAS-III-A	MDVT01000006_133	227	335	2.0	4.0	116840	117520	MDVT01000006	133	0.6475770925110133	0.26865671641791045	1
AbiEii_1_CAS-III-A	MDVT01000007_1197	312	335	0.27	6.8	1132166	1133101	MDVT01000007	1197	0.47115384615384615	0.25970149253731345	-1
AbiEii_1_CAS-III-A	MDVT01000007_219	221	335	0.53	5.9	239352	240014	MDVT01000007	219	0.6425339366515838	0.2507462686567164	1
AbiEii_1_CAS-III-A	MDVT01000007_249	270	335	0.012	11.3	263334	264143	MDVT01000007	249	0.3	0.24776119402985075	-1
AbiEii_1_CAS-III-A	MDVT01000007_537	243	335	0.00019	17.2	528727	529455	MDVT01000007	537	0.3497942386831276	0.2537313432835821	1
AbiEii_1_CAS-III-A	MDVT01000007_73	315	335	0.01	11.5	79851	80795	MDVT01000007	73	0.42857142857142855	0.41492537313432837	-1
Can2_Card1_17_CAS-III	MDVT01000007_493	222	380	6.3e-06	21.6	496097	496762	MDVT01000007	493	0.44144144144144143	0.2710526315789474	-1
Cas10_0_CAS-III	MDVT01000006_145	754	511	9.8e-23	77.2	125062	127323	MDVT01000006	145	0.4442970822281167	0.7318982387475538	-1
Cas10_0_III	MDVT01000006_145	754	414	9.3e-69	228.9	125062	127323	MDVT01000006	145	0.6127320954907162	0.9903381642512077	-1
Cas10_0_III	MDVT01000007_86	233	414	0.0093	11.5	96481	97179	MDVT01000007	86	0.41630901287553645	0.15217391304347827	1
Cas10_0_IIIA	MDVT01000006_145	754	650	9.1e-07	24.4	125062	127323	MDVT01000006	145	0.5225464190981433	0.5138461538461538	-1
Cas10_0_IIIB	MDVT01000006_145	754	510	9.8e-17	57.4	125062	127323	MDVT01000006	145	0.27984084880636606	0.40980392156862744	-1
Cas10_1_CAS-III	MDVT01000006_145	754	654	1.1e-12	43.8	125062	127323	MDVT01000006	145	0.6883289124668435	0.8134556574923547	-1
Cas10_1_CAS-III	MDVT01000007_935	49	654	0.0031	12.6	883374	883520	MDVT01000007	935	0.673469387755102	0.05045871559633028	1
Cas10_2_CAS-III	MDVT01000006_145	754	593	0.0027	12.5	125062	127323	MDVT01000006	145	0.16312997347480107	0.22259696458684655	-1
Cas10_3_CAS-III	MDVT01000006_145	754	551	0.00029	15.8	125062	127323	MDVT01000006	145	0.1896551724137931	0.2577132486388385	-1
Cas10_4_CAS-III	MDVT01000006_145	754	772	1e-17	60.0	125062	127323	MDVT01000006	145	0.26657824933687	0.25777202072538863	-1
Cas10_5_CAS-III	MDVT01000006_145	754	838	4.7e-16	54.7	125062	127323	MDVT01000006	145	0.5318302387267905	0.5035799522673031	-1
Cas10_7_CAS-III	MDVT01000006_145	754	410	9.1e-65	215.7	125062	127323	MDVT01000006	145	0.513262599469496	0.9463414634146341	-1
Cas10_7_CAS-III	MDVT01000007_86	233	410	0.0067	11.9	96481	97179	MDVT01000007	86	0.4206008583690987	0.15365853658536585	1
Cas10d_3_CAS-I-D	MDVT01000007_1193	346	834	0.0025	12.5	1129160	1130197	MDVT01000007	1193	0.21965317919075145	0.08992805755395683	1
Cas11_0_IV	MDVT01000001_11	214	114	0.009	12.6	9249	9890	MDVT01000001	11	0.3598130841121495	0.4824561403508772	1
Cas11_3_IV	MDVT01000007_1011	367	160	0.021	11.3	948051	949151	MDVT01000007	1011	0.10899182561307902	0.24375	1
Cas11b_0_CAS-I-B	MDVT01000007_1197	312	170	1.2	5.5	1132166	1133101	MDVT01000007	1197	0.5705128205128205	0.5588235294117647	-1
Cas11b_0_CAS-I-B	MDVT01000007_219	221	170	0.087	9.2	239352	240014	MDVT01000007	219	0.48868778280542985	0.5	1
Cas11b_1_CAS-I-B	MDVT01000007_848	521	162	0.015	11.7	802797	804359	MDVT01000007	848	0.16698656429942418	0.5185185185185185	1
Cas12a_M58_0_V-A	MDVT01000007_37	256	1236	0.019	8.8	34389	35156	MDVT01000007	37	0.23828125	0.04854368932038835	-1
Cas12c_0_CAS-V-C	MDVT01000007_1197	312	1272	0.007	10.5	1132166	1133101	MDVT01000007	1197	0.28846153846153844	0.07625786163522012	-1
Cas12f2_1_CAS-V-F	MDVT01000007_1000	310	422	0.0049	12.5	935594	936523	MDVT01000007	1000	0.08387096774193549	0.061611374407582936	1
Cas12f2_1_CAS-V-F	MDVT01000007_1033	52	422	3.7	3.0	973228	973383	MDVT01000007	1033	0.46153846153846156	0.02843601895734597	-1
Cas12f2_1_CAS-V-F	MDVT01000007_126	58	422	8.5e-05	18.3	136006	136179	MDVT01000007	126	0.5172413793103449	0.06872037914691943	1
Cas12f2_1_CAS-V-F	MDVT01000007_464	153	422	0.017	10.7	467038	467496	MDVT01000007	464	0.5359477124183006	0.13507109004739337	-1
Cas12f2_1_CAS-V-F	MDVT01000007_522	64	422	0.0039	12.8	516417	516608	MDVT01000007	522	0.703125	0.0971563981042654	1
Cas12f2_1_CAS-V-F	MDVT01000007_743	59	422	0.8	5.2	721401	721577	MDVT01000007	743	0.6440677966101694	0.06635071090047394	1
Cas12f2_1_CAS-V-F	MDVT01000007_784	54	422	0.0016	14.1	752393	752554	MDVT01000007	784	0.5555555555555556	0.07345971563981042	1
Cas12m_0_V-M	MDVT01000007_126	58	577	0.002	13.1	136006	136179	MDVT01000007	126	0.4827586206896552	0.04852686308492201	1
Cas1_0_CAS-I-II-III-IV-V-VI	MDVT01000001_3	336	317	3.1e-71	236.6	1179	2186	MDVT01000001	3	0.9702380952380952	1.0	-1
Cas1_0_CAS-I-II-III-IV-V-VI	MDVT01000007_505	203	317	0.007	12.0	504457	505065	MDVT01000007	505	0.2561576354679803	0.15772870662460567	1
Cas1_0_I-II-III	MDVT01000001_3	336	327	2e-65	217.5	1179	2186	MDVT01000001	3	0.9821428571428571	0.9969418960244648	-1
Cas1_0_I-II-III-V	MDVT01000001_3	336	315	3.9e-57	190.0	1179	2186	MDVT01000001	3	0.9642857142857143	0.9936507936507937	-1
Cas1_0_IA	MDVT01000001_3	336	347	3.5e-24	81.9	1179	2186	MDVT01000001	3	0.8035714285714286	0.7521613832853026	-1
Cas1_0_IC	MDVT01000001_3	336	340	2.5e-50	168.0	1179	2186	MDVT01000001	3	0.9880952380952381	0.9823529411764705	-1
Cas1_0_IE	MDVT01000001_3	336	269	6.3e-07	25.4	1179	2186	MDVT01000001	3	0.4107142857142857	0.49070631970260226	-1
Cas1_0_IF	MDVT01000001_3	336	307	5.5e-05	19.2	1179	2186	MDVT01000001	3	0.7113095238095238	0.7719869706840391	-1
Cas1_0_II	MDVT01000001_3	336	278	1.0999999999999998e-24	83.7	1179	2186	MDVT01000001	3	0.7678571428571429	0.8633093525179856	-1
Cas1_0_V	MDVT01000001_3	336	317	9.6e-20	67.3	1179	2186	MDVT01000001	3	0.7648809523809523	0.7413249211356467	-1
Cas1_1_CAS-I-II-III-IV-V-VI	MDVT01000001_3	336	261	7.7e-57	189.0	1179	2186	MDVT01000001	3	0.7946428571428571	0.9731800766283525	-1
Cas1_3_CAS-I-II-III-IV-V-VI	MDVT01000001_3	336	262	7.4e-07	25.2	1179	2186	MDVT01000001	3	0.4107142857142857	0.5038167938931297	-1
Cas1_4_CAS-I-II-III-IV-V-VI	MDVT01000001_3	336	275	6.299999999999999e-26	87.7	1179	2186	MDVT01000001	3	0.8601190476190477	0.9018181818181819	-1
Cas1_5_CAS-I-II-III-IV-V-VI	MDVT01000001_3	336	338	3.6e-50	167.5	1179	2186	MDVT01000001	3	0.9880952380952381	0.9881656804733728	-1
Cas1_6_CAS-I-II-III-IV-V-VI	MDVT01000001_3	336	320	7.6e-29	97.4	1179	2186	MDVT01000001	3	0.9761904761904762	0.984375	-1
Cas1_7_CAS-I-II-III-IV-V-VI	MDVT01000001_3	336	328	1.9e-64	214.4	1179	2186	MDVT01000001	3	0.9910714285714286	0.9817073170731707	-1
Cas1_7_CAS-I-II-III-IV-V-VI	MDVT01000007_505	203	328	0.0023	13.6	504457	505065	MDVT01000007	505	0.541871921182266	0.31402439024390244	1
Cas1_8_CAS-I-II-III-IV-V-VI	MDVT01000001_3	336	283	3.1e-69	229.8	1179	2186	MDVT01000001	3	0.8065476190476191	0.9081272084805654	-1
Cas2_0_CAS-I-II-III-IV-V-VI	MDVT01000001_2	92	90	3.5e-17	59.2	898	1173	MDVT01000001	2	0.8695652173913043	0.9	-1
Cas2_0_I-II-III	MDVT01000001_2	92	96	6.5e-18	61.3	898	1173	MDVT01000001	2	0.9239130434782609	0.9166666666666666	-1
Cas2_0_I-II-III	MDVT01000007_494	387	96	0.013	12.2	496944	498104	MDVT01000007	494	0.1834625322997416	0.75	1
Cas2_0_I-II-III-V	MDVT01000001_2	92	83	6.8e-18	61.3	898	1173	MDVT01000001	2	0.8369565217391305	0.963855421686747	-1
Cas2_11_CAS-I-II-III-IV-V-VI	MDVT01000001_2	92	71	2.7e-17	59.3	898	1173	MDVT01000001	2	0.75	0.9577464788732394	-1
Cas2_11_CAS-I-II-III-IV-V-VI	MDVT01000007_436	140	71	0.01	12.6	442939	443358	MDVT01000007	436	0.25	0.43661971830985913	1
Cas2_2_CAS-I-II-III-IV-V-VI	MDVT01000001_2	92	79	8.8e-20	67.3	898	1173	MDVT01000001	2	0.8369565217391305	0.9620253164556962	-1
Cas2_2_CAS-I-II-III-IV-V-VI	MDVT01000007_436	140	79	0.0094	12.7	442939	443358	MDVT01000007	436	0.22142857142857142	0.3924050632911392	1
Cas2_4_CAS-I-II-III-IV-V-VI	MDVT01000001_2	92	89	2.4e-18	62.8	898	1173	MDVT01000001	2	0.9021739130434783	0.9325842696629213	-1
Cas2_4_CAS-I-II-III-IV-V-VI	MDVT01000007_436	140	89	0.016	12.1	442939	443358	MDVT01000007	436	0.3142857142857143	0.39325842696629215	1
Cas2_6_CAS-I-II-III-IV-V-VI	MDVT01000001_2	92	90	1.9e-05	21.5	898	1173	MDVT01000001	2	0.717391304347826	0.6777777777777778	-1
Cas2_7_CAS-I-II-III-IV-V-VI	MDVT01000001_2	92	94	5.9e-16	55.3	898	1173	MDVT01000001	2	0.8804347826086957	0.8617021276595744	-1
Cas2_7_CAS-I-II-III-IV-V-VI	MDVT01000007_55	495	94	0.00067	16.6	56916	58400	MDVT01000007	55	0.048484848484848485	0.2553191489361702	1
Cas3HD_0_CAS-I	MDVT01000001_5	259	203	1.7e-13	47.4	3256	4032	MDVT01000001	5	0.833976833976834	0.9507389162561576	-1
Cas3HD_0_CAS-I	MDVT01000006_133	227	203	4.2	3.7	116840	117520	MDVT01000006	133	0.5726872246696035	0.3251231527093596	1
Cas3HD_0_CAS-I	MDVT01000006_145	754	203	0.00016	18.1	125062	127323	MDVT01000006	145	0.07294429708222812	0.22660098522167488	-1
Cas3HD_0_CAS-I	MDVT01000007_646	422	203	0.00053	16.4	627454	628719	MDVT01000007	646	0.18009478672985782	0.37438423645320196	-1
Cas3HD_1_CAS-I	MDVT01000001_5	259	191	6.399999999999999e-29	97.7	3256	4032	MDVT01000001	5	0.833976833976834	1.0	-1
Cas3HD_2_CAS-I	MDVT01000001_5	259	231	1.7e-19	66.8	3256	4032	MDVT01000001	5	0.8764478764478765	0.8917748917748918	-1
Cas3_0_CAS-I	MDVT01000001_6	600	353	1.3e-80	267.7	4029	5828	MDVT01000001	6	0.6333333333333333	0.9915014164305949	-1
Cas3_0_CAS-I	MDVT01000004_86	724	353	1.8e-05	20.5	77814	79985	MDVT01000004	86	0.2983425414364641	0.5212464589235127	-1
Cas3_0_CAS-I	MDVT01000006_79	711	353	1.6e-08	30.5	70810	72942	MDVT01000006	79	0.4050632911392405	0.7932011331444759	-1
Cas3_0_CAS-I	MDVT01000007_307	960	353	2.6e-17	59.5	324056	326935	MDVT01000007	307	0.34375	0.9206798866855525	1
Cas3_0_CAS-I	MDVT01000007_335	733	353	6.9e-11	38.3	355232	357430	MDVT01000007	335	0.24556616643929058	0.47875354107648727	1
Cas3_0_CAS-I	MDVT01000007_649	754	353	8.1e-14	48.0	631252	633513	MDVT01000007	649	0.16843501326259946	0.35410764872521244	1
Cas3_0_CAS-I-D	MDVT01000001_6	600	626	3.2e-11	38.6	4029	5828	MDVT01000001	6	0.5966666666666667	0.5527156549520766	-1
Cas3_0_CAS-I-D	MDVT01000006_79	711	626	9.8e-06	20.5	70810	72942	MDVT01000006	79	0.19549929676511954	0.20607028753993611	-1
Cas3_0_CAS-I-D	MDVT01000007_307	960	626	4.1e-07	25.1	324056	326935	MDVT01000007	307	0.13541666666666666	0.1805111821086262	1
Cas3_0_CAS-I-U	MDVT01000001_6	600	843	1.9e-07	25.8	4029	5828	MDVT01000001	6	0.19666666666666666	0.1494661921708185	-1
Cas3_0_I	MDVT01000001_6	600	358	1.7000000000000002e-81	270.6	4029	5828	MDVT01000001	6	0.6333333333333333	0.9916201117318436	-1
Cas3_0_I	MDVT01000004_86	724	358	4e-05	19.4	77814	79985	MDVT01000004	86	0.31353591160220995	0.4888268156424581	-1
Cas3_0_I	MDVT01000006_79	711	358	1.4e-06	24.2	70810	72942	MDVT01000006	79	0.29254571026722925	0.6033519553072626	-1
Cas3_0_I	MDVT01000007_307	960	358	5e-17	58.5	324056	326935	MDVT01000007	307	0.34375	0.9245810055865922	1
Cas3_0_I	MDVT01000007_335	733	358	2.2e-11	40.0	355232	357430	MDVT01000007	335	0.24147339699863574	0.4720670391061452	1
Cas3_0_I	MDVT01000007_649	754	358	2.5e-13	46.4	631252	633513	MDVT01000007	649	0.17771883289124668	0.3659217877094972	1
Cas3_0_ID	MDVT01000001_6	600	357	1.5e-13	47.1	4029	5828	MDVT01000001	6	0.43833333333333335	0.7198879551820728	-1
Cas3_0_ID	MDVT01000007_307	960	357	0.00012	17.8	324056	326935	MDVT01000007	307	0.096875	0.24929971988795518	1
Cas3_0_IU	MDVT01000001_6	600	864	8.4e-08	27.1	4029	5828	MDVT01000001	6	0.09333333333333334	0.06597222222222222	-1
Cas3_0_IU	MDVT01000007_307	960	864	0.0044	11.5	324056	326935	MDVT01000007	307	0.042708333333333334	0.047453703703703706	1
Cas3_0_IU	MDVT01000007_335	733	864	0.0041	11.6	355232	357430	MDVT01000007	335	0.31377899045020463	0.2361111111111111	1
Cas3_1_CAS-I	MDVT01000001_6	600	745	6.4e-70	232.8	4029	5828	MDVT01000001	6	0.6533333333333333	0.512751677852349	-1
Cas3_1_CAS-I-D	MDVT01000001_6	600	353	6e-14	48.4	4029	5828	MDVT01000001	6	0.43666666666666665	0.7252124645892352	-1
Cas3_1_CAS-I-D	MDVT01000006_79	711	353	0.0019	13.8	70810	72942	MDVT01000006	79	0.15049226441631505	0.29461756373937675	-1
Cas3_1_CAS-I-D	MDVT01000007_307	960	353	7.4e-05	18.5	324056	326935	MDVT01000007	307	0.228125	0.5439093484419264	1
Cas3_1_I	MDVT01000001_5	259	178	2e-15	53.8	3256	4032	MDVT01000001	5	0.8185328185328186	0.9943820224719101	-1
Cas3_1_I	MDVT01000006_145	754	178	0.0018	14.8	125062	127323	MDVT01000006	145	0.03978779840848806	0.11797752808988764	-1
Cas3_2_CAS-I	MDVT01000001_6	600	967	0.00084	14.0	4029	5828	MDVT01000001	6	0.37	0.21199586349534644	-1
Cas3_2_CAS-I	MDVT01000007_649	754	967	1.5e-06	23.0	631252	633513	MDVT01000007	649	0.22679045092838196	0.17580144777662876	1
Cas3d_0_CAS-I-D	MDVT01000001_6	600	639	5.8e-09	31.4	4029	5828	MDVT01000001	6	0.395	0.36306729264475746	-1
Cas3d_1_CAS-I-D	MDVT01000007_1119	522	627	0.013	10.3	1059459	1061024	MDVT01000007	1119	0.11494252873563218	0.08771929824561403	-1
Cas4_0_CAS-I-II-III-IV-V-VI	MDVT01000001_1	198	179	2.3e-25	86.3	296	889	MDVT01000001	1	0.9191919191919192	0.9720670391061452	-1
Cas4_0_CAS-I-II-III-IV-V-VI	MDVT01000001_4	316	179	3.3e-07	27.2	2223	3170	MDVT01000001	4	0.48417721518987344	0.8770949720670391	-1
Cas4_0_CAS-I-II-III-IV-V-VI	MDVT01000006_15	505	179	1.2e-07	28.7	9621	11135	MDVT01000006	15	0.3326732673267327	0.9776536312849162	1
Cas4_0_CAS-I-II-III-IV-V-VI	MDVT01000006_59	715	179	0.025	11.3	53383	55527	MDVT01000006	59	0.14965034965034965	0.6033519553072626	1
Cas4_0_I-II	MDVT01000001_1	198	180	3.8e-26	88.5	296	889	MDVT01000001	1	0.9191919191919192	0.9666666666666667	-1
Cas4_0_I-II	MDVT01000001_4	316	180	4e-07	26.5	2223	3170	MDVT01000001	4	0.4430379746835443	0.75	-1
Cas4_0_I-II	MDVT01000006_15	505	180	3.5e-05	20.2	9621	11135	MDVT01000006	15	0.3207920792079208	0.75	1
Cas4_0_I-II-V	MDVT01000001_1	198	177	1.9e-21	73.4	296	889	MDVT01000001	1	0.9141414141414141	0.9661016949152542	-1
Cas4_0_I-II-V	MDVT01000001_4	316	177	3.1e-05	20.6	2223	3170	MDVT01000001	4	0.31329113924050633	0.5480225988700564	-1
Cas4_0_I-II-V	MDVT01000006_59	715	177	0.44	7.1	53383	55527	MDVT01000006	59	0.13146853146853146	0.5310734463276836	1
Cas4_0_IA	MDVT01000001_4	316	273	1.3e-73	244.5	2223	3170	MDVT01000001	4	0.9335443037974683	0.9816849816849816	-1
Cas4_0_V	MDVT01000001_1	198	178	8.5e-12	41.9	296	889	MDVT01000001	1	0.9242424242424242	0.9662921348314607	-1
Cas4_1_CAS-I-II-III-IV-V-VI	MDVT01000001_4	316	270	3e-73	243.2	2223	3170	MDVT01000001	4	0.939873417721519	0.9888888888888889	-1
Cas4_3_CAS-I-II-III-IV-V-VI	MDVT01000001_1	198	197	3.9000000000000004e-22	75.8	296	889	MDVT01000001	1	0.9292929292929293	0.8934010152284264	-1
Cas4_3_CAS-I-II-III-IV-V-VI	MDVT01000001_4	316	197	2.7e-05	20.8	2223	3170	MDVT01000001	4	0.45569620253164556	0.5989847715736041	-1
Cas4_3_CAS-I-II-III-IV-V-VI	MDVT01000006_15	505	197	4.1e-05	20.2	9621	11135	MDVT01000006	15	0.26732673267326734	0.7411167512690355	1
Cas4_3_CAS-I-II-III-IV-V-VI	MDVT01000007_472	213	197	0.016	11.8	473171	473809	MDVT01000007	472	0.24882629107981222	0.26903553299492383	1
Cas4_4_CAS-I-II-III-IV-V-VI	MDVT01000001_4	316	284	1.2000000000000001e-74	247.8	2223	3170	MDVT01000001	4	0.9588607594936709	0.9753521126760564	-1
Cas4_5_CAS-I-II-III-IV-V-VI	MDVT01000001_1	198	161	1.2e-19	67.5	296	889	MDVT01000001	1	0.9191919191919192	0.968944099378882	-1
Cas4_5_CAS-I-II-III-IV-V-VI	MDVT01000006_15	505	161	0.00012	18.8	9621	11135	MDVT01000006	15	0.2495049504950495	0.782608695652174	1
Cas4_5_CAS-I-II-III-IV-V-VI	MDVT01000007_664	266	161	0.0011	15.7	644433	645230	MDVT01000007	664	0.2669172932330827	0.42857142857142855	1
Cas4_6_CAS-I-II-III-IV-V-VI	MDVT01000001_4	316	292	1.6e-79	263.9	2223	3170	MDVT01000001	4	0.9525316455696202	0.9623287671232876	-1
Cas5_0_CAS-I	MDVT01000001_8	277	201	2.2e-11	40.4	6989	7819	MDVT01000001	8	0.740072202166065	0.8805970149253731	-1
Cas5_0_CAS-I-A	MDVT01000001_8	277	179	7.3e-35	117.0	6989	7819	MDVT01000001	8	0.6823104693140795	0.9888268156424581	-1
Cas5_0_I	MDVT01000001_8	277	43	4.7e-05	19.6	6989	7819	MDVT01000001	8	0.07942238267148015	0.5116279069767442	-1
Cas5_0_IA	MDVT01000001_8	277	173	2.2e-11	40.5	6989	7819	MDVT01000001	8	0.6606498194945848	0.9653179190751445	-1
Cas5_1_CAS-I	MDVT01000001_8	277	241	2.8e-26	89.2	6989	7819	MDVT01000001	8	0.8664259927797834	0.8838174273858921	-1
Cas5_1_CAS-I-A	MDVT01000001_8	277	192	1.8e-34	115.5	6989	7819	MDVT01000001	8	0.6750902527075813	0.9010416666666666	-1
Cas5_2_CAS-I	MDVT01000001_8	277	213	3.5e-07	26.9	6989	7819	MDVT01000001	8	0.6064981949458483	0.704225352112676	-1
Cas5_2_CAS-I-B	MDVT01000007_1166	133	194	0.0066	13.0	1102718	1103116	MDVT01000007	1166	0.7518796992481203	0.5154639175257731	-1
Cas5a_0_CAS-I-A	MDVT01000001_8	277	284	8.1e-08	28.4	6989	7819	MDVT01000001	8	0.7906137184115524	0.6866197183098591	-1
Cas6_0_CAS-I-A-III-D	MDVT01000001_12	317	246	0.0018	14.1	9831	10781	MDVT01000001	12	0.26498422712933756	0.32113821138211385	-1
Cas6_0_CAS-I-A-III-D	MDVT01000006_117	294	246	0.0082	12.0	105849	106730	MDVT01000006	117	0.15306122448979592	0.17886178861788618	-1
Cas6_0_CAS-I-A-III-D	MDVT01000006_143	391	246	0.0011	14.8	123274	124446	MDVT01000006	143	0.21483375959079284	0.22357723577235772	-1
Cas6_0_CAS-I-D	MDVT01000001_12	317	278	2.8e-08	30.2	9831	10781	MDVT01000001	12	0.5867507886435331	0.5935251798561151	-1
Cas6_0_CAS-I-II-III-IV-V-VI	MDVT01000001_12	317	194	1.4e-11	41.7	9831	10781	MDVT01000001	12	0.7318611987381703	0.9896907216494846	-1
Cas6_0_CAS-I-II-III-IV-V-VI	MDVT01000006_143	391	194	0.00026	18.0	123274	124446	MDVT01000006	143	0.35294117647058826	0.3402061855670103	-1
Cas6_0_CAS-I-III-B	MDVT01000001_12	317	282	7.7e-09	31.4	9831	10781	MDVT01000001	12	0.3438485804416404	0.375886524822695	-1
Cas6_0_I-III	MDVT01000001_12	317	200	6.4e-10	36.3	9831	10781	MDVT01000001	12	0.7444794952681388	0.975	-1
Cas6_0_I-III	MDVT01000006_143	391	200	2.2e-06	24.7	123274	124446	MDVT01000006	143	0.3887468030690537	0.5	-1
Cas6_10_CAS-I-II-III-IV-V-VI	MDVT01000001_12	317	322	0.0046	12.7	9831	10781	MDVT01000001	12	0.2555205047318612	0.2546583850931677	-1
Cas6_15_CAS-I-II-III-IV-V-VI	MDVT01000001_12	317	112	3e-19	66.3	9831	10781	MDVT01000001	12	0.444794952681388	1.0	-1
Cas6_1_CAS-III-D	MDVT01000006_143	391	316	0.0022	13.8	123274	124446	MDVT01000006	143	0.15601023017902813	0.11075949367088607	-1
Cas6_3_CAS-I-II-III-IV-V-VI	MDVT01000001_12	317	240	0.00031	17.3	9831	10781	MDVT01000001	12	0.3312302839116719	0.425	-1
Cas6_6_IVD	MDVT01000001_12	317	259	1.2e-09	34.5	9831	10781	MDVT01000001	12	0.6214511041009464	0.6756756756756757	-1
Cas6_7_CAS-I-II-III-IV-V-VI	MDVT01000001_12	317	241	0.0001	18.8	9831	10781	MDVT01000001	12	0.2302839116719243	0.3029045643153527	-1
Cas6_8_CAS-I-II-III-IV-V-VI	MDVT01000001_12	317	275	8.5e-15	51.4	9831	10781	MDVT01000001	12	0.41009463722397477	0.41454545454545455	-1
Cas7_0_CAS-I	MDVT01000001_9	318	230	4.5e-50	166.6	7821	8774	MDVT01000001	9	0.7735849056603774	0.9826086956521739	-1
Cas7_0_CAS-I-B	MDVT01000001_9	318	306	2.9e-10	36.3	7821	8774	MDVT01000001	9	0.36477987421383645	0.3954248366013072	-1
Cas7_0_I	MDVT01000001_9	318	240	7.3e-51	169.1	7821	8774	MDVT01000001	9	0.7987421383647799	0.9875	-1
Cas7_0_IA	MDVT01000001_9	318	284	1.7999999999999999e-93	309.3	7821	8774	MDVT01000001	9	0.8805031446540881	0.9964788732394366	-1
Cas7_1_CAS-I	MDVT01000001_9	318	274	1e-89	297.0	7821	8774	MDVT01000001	9	0.8679245283018868	1.0	-1
Cas7_2_CAS-I	MDVT01000001_9	318	338	1.3e-73	244.8	7821	8774	MDVT01000001	9	0.8962264150943396	0.8727810650887574	-1
Cas7_3_CAS-I	MDVT01000001_9	318	265	6.5e-76	251.3	7821	8774	MDVT01000001	9	0.8427672955974843	0.9924528301886792	-1
Cas8a1_3_CAS-I-A	MDVT01000001_7	387	400	9.999999999999999e-92	304.5	5842	7002	MDVT01000001	7	0.9741602067183462	0.9725	-1
CasR_0_CAS-I-II-III-IV-V-VI	MDVT01000001_11	214	198	3.1999999999999997e-29	98.5	9249	9890	MDVT01000001	11	0.9158878504672897	1.0	1
CasR_0_CAS-I-II-III-IV-V-VI	MDVT01000002_10	70	198	7.1e-05	19.0	3441	3650	MDVT01000002	10	0.6285714285714286	0.2222222222222222	-1
CasR_0_CAS-I-II-III-IV-V-VI	MDVT01000004_20	525	198	2e-06	24.1	13036	14610	MDVT01000004	20	0.259047619047619	0.3333333333333333	1
CasR_0_CAS-I-II-III-IV-V-VI	MDVT01000006_114	127	198	1.1e-05	21.7	104434	104814	MDVT01000006	114	0.5196850393700787	0.3434343434343434	-1
CasR_0_CAS-I-II-III-IV-V-VI	MDVT01000006_133	227	198	0.0015	14.7	116840	117520	MDVT01000006	133	0.4052863436123348	0.3686868686868687	1
CasR_0_CAS-I-II-III-IV-V-VI	MDVT01000006_58	235	198	4.6e-05	19.6	52599	53303	MDVT01000006	58	0.2127659574468085	0.25757575757575757	1
CasR_0_CAS-I-II-III-IV-V-VI	MDVT01000006_71	320	198	0.001	15.3	63836	64795	MDVT01000006	71	0.21875	0.36363636363636365	1
CasR_0_CAS-I-II-III-IV-V-VI	MDVT01000007_1031	276	198	0.0015	14.7	971871	972698	MDVT01000007	1031	0.358695652173913	0.4393939393939394	1
CasR_0_CAS-I-II-III-IV-V-VI	MDVT01000007_1150	249	198	0.03	10.5	1088620	1089366	MDVT01000007	1150	0.40963855421686746	0.4595959595959596	-1
CasR_0_CAS-I-II-III-IV-V-VI	MDVT01000007_1172	146	198	1.6e-06	24.4	1105172	1105609	MDVT01000007	1172	0.6164383561643836	0.3939393939393939	1
CasR_0_CAS-I-II-III-IV-V-VI	MDVT01000007_287	514	198	0.0012	15.0	302590	304131	MDVT01000007	287	0.14396887159533073	0.25757575757575757	1
CasR_0_CAS-I-II-III-IV-V-VI	MDVT01000007_306	237	198	0.00017	17.8	323241	323951	MDVT01000007	306	0.5147679324894515	0.5	1
CasR_0_CAS-I-II-III-IV-V-VI	MDVT01000007_395	228	198	2.7e-05	20.4	414051	414734	MDVT01000007	395	0.19736842105263158	0.2222222222222222	-1
CasR_0_CAS-I-II-III-IV-V-VI	MDVT01000007_463	131	198	4.4e-06	23.0	466624	467016	MDVT01000007	463	0.32061068702290074	0.21717171717171718	1
CasR_0_CAS-I-II-III-IV-V-VI	MDVT01000007_487	132	198	0.00024	17.3	487776	488171	MDVT01000007	487	0.3181818181818182	0.20707070707070707	-1
CasR_0_CAS-I-II-III-IV-V-VI	MDVT01000007_491	280	198	0.00099	15.3	493853	494692	MDVT01000007	491	0.175	0.2676767676767677	-1
CasR_0_CAS-I-II-III-IV-V-VI	MDVT01000007_581	107	198	1.6e-06	24.4	569201	569521	MDVT01000007	581	0.6355140186915887	0.3383838383838384	1
CasR_0_CAS-I-II-III-IV-V-VI	MDVT01000007_657	92	198	2.3e-06	23.9	639556	639831	MDVT01000007	657	0.5869565217391305	0.2777777777777778	-1
CasR_0_CAS-I-II-III-IV-V-VI	MDVT01000007_893	97	198	0.00066	15.9	847587	847877	MDVT01000007	893	0.422680412371134	0.20202020202020202	-1
CasR_0_CAS-I-II-III-IV-V-VI	MDVT01000007_955	142	198	5.6e-05	19.4	895851	896276	MDVT01000007	955	0.3028169014084507	0.21717171717171718	1
CasR_0_CAS-III-B-III-D	MDVT01000006_135	325	255	0.01	11.9	118108	119082	MDVT01000006	135	0.2153846153846154	0.2784313725490196	-1
CasR_0_CAS-III-B-III-D	MDVT01000006_32	255	255	4.2	3.3	26664	27428	MDVT01000006	32	0.34901960784313724	0.27450980392156865	1
CasR_1_CAS-I-II-III-IV-V-VI	MDVT01000001_11	214	218	3.9999999999999997e-32	107.7	9249	9890	MDVT01000001	11	0.9532710280373832	0.9587155963302753	1
CasR_1_CAS-I-II-III-IV-V-VI	MDVT01000002_10	70	218	4.3e-06	22.6	3441	3650	MDVT01000002	10	0.6285714285714286	0.2018348623853211	-1
CasR_1_CAS-I-II-III-IV-V-VI	MDVT01000004_20	525	218	3.1e-08	29.6	13036	14610	MDVT01000004	20	0.24952380952380954	0.3761467889908257	1
CasR_1_CAS-I-II-III-IV-V-VI	MDVT01000006_114	127	218	5.8e-07	25.4	104434	104814	MDVT01000006	114	0.5118110236220472	0.3073394495412844	-1
CasR_1_CAS-I-II-III-IV-V-VI	MDVT01000006_133	227	218	0.00081	15.1	116840	117520	MDVT01000006	133	0.4581497797356828	0.38990825688073394	1
CasR_1_CAS-I-II-III-IV-V-VI	MDVT01000006_58	235	218	2.2e-06	23.5	52599	53303	MDVT01000006	58	0.2127659574468085	0.23394495412844038	1
CasR_1_CAS-I-II-III-IV-V-VI	MDVT01000006_71	320	218	0.00081	15.1	63836	64795	MDVT01000006	71	0.225	0.3302752293577982	1
CasR_1_CAS-I-II-III-IV-V-VI	MDVT01000007_1172	146	218	9e-07	24.8	1105172	1105609	MDVT01000007	1172	0.4178082191780822	0.22477064220183487	1
CasR_1_CAS-I-II-III-IV-V-VI	MDVT01000007_287	514	218	0.0094	11.6	302590	304131	MDVT01000007	287	0.14202334630350194	0.22935779816513763	1
CasR_1_CAS-I-II-III-IV-V-VI	MDVT01000007_306	237	218	0.0001	18.0	323241	323951	MDVT01000007	306	0.46835443037974683	0.45871559633027525	1
CasR_1_CAS-I-II-III-IV-V-VI	MDVT01000007_331	469	218	0.0065	12.2	348529	349935	MDVT01000007	331	0.11513859275053305	0.24770642201834864	-1
CasR_1_CAS-I-II-III-IV-V-VI	MDVT01000007_395	228	218	1.9e-05	20.5	414051	414734	MDVT01000007	395	0.21052631578947367	0.21559633027522937	-1
CasR_1_CAS-I-II-III-IV-V-VI	MDVT01000007_463	131	218	1.5e-06	24.1	466624	467016	MDVT01000007	463	0.3816793893129771	0.22018348623853212	1
CasR_1_CAS-I-II-III-IV-V-VI	MDVT01000007_487	132	218	1.1e-05	21.2	487776	488171	MDVT01000007	487	0.49242424242424243	0.2981651376146789	-1
CasR_1_CAS-I-II-III-IV-V-VI	MDVT01000007_491	280	218	2.5e-05	20.1	493853	494692	MDVT01000007	491	0.21785714285714286	0.2981651376146789	-1
CasR_1_CAS-I-II-III-IV-V-VI	MDVT01000007_581	107	218	8.6e-07	24.9	569201	569521	MDVT01000007	581	0.5514018691588785	0.26605504587155965	1
CasR_1_CAS-I-II-III-IV-V-VI	MDVT01000007_6	233	218	0.00023	16.9	5298	5996	MDVT01000007	6	0.4034334763948498	0.42660550458715596	-1
CasR_1_CAS-I-II-III-IV-V-VI	MDVT01000007_601	93	218	0.0041	12.8	585453	585731	MDVT01000007	601	0.8817204301075269	0.3577981651376147	-1
CasR_1_CAS-I-II-III-IV-V-VI	MDVT01000007_657	92	218	6.6e-08	28.5	639556	639831	MDVT01000007	657	0.5978260869565217	0.25688073394495414	-1
CasR_1_CAS-I-II-III-IV-V-VI	MDVT01000007_893	97	218	0.00029	16.6	847587	847877	MDVT01000007	893	0.36082474226804123	0.16055045871559634	-1
CasR_1_CAS-I-II-III-IV-V-VI	MDVT01000007_955	142	218	4.9e-06	22.4	895851	896276	MDVT01000007	955	0.4014084507042254	0.27522935779816515	1
CasR_1_CAS-III-B	MDVT01000005_1	100	173	0.00093	15.6	245	544	MDVT01000005	1	0.48	0.2543352601156069	1
CasR_1_CAS-III-B	MDVT01000007_789	152	173	0.014	11.8	755556	756011	MDVT01000007	789	0.23026315789473684	0.2023121387283237	-1
Cmr1gr7_0_CAS-III-B-III-C	MDVT01000006_140	296	173	0.0076	12.9	121191	122078	MDVT01000006	140	0.5405405405405406	0.8323699421965318	-1
Cmr3_0_IIIB	MDVT01000006_143	391	346	0.00029	16.5	123274	124446	MDVT01000006	143	0.3989769820971867	0.4595375722543353	-1
Cmr3_0_IIIB	MDVT01000006_144	218	346	0.0057	12.3	124443	125096	MDVT01000006	144	0.16055045871559634	0.10404624277456648	-1
Cmr3_0_IIIC	MDVT01000006_143	391	287	8.6e-12	41.5	123274	124446	MDVT01000006	143	0.618925831202046	0.6968641114982579	-1
Cmr3_1_IIIB	MDVT01000006_143	391	357	0.00048	16.2	123274	124446	MDVT01000006	143	0.23017902813299232	0.24929971988795518	-1
Cmr3_1_IIIB	MDVT01000006_144	218	357	0.00015	17.8	124443	125096	MDVT01000006	144	0.14678899082568808	0.0896358543417367	-1
Cmr3gr5_0_CAS-III-B-III-C	MDVT01000007_10	378	373	0.00066	15.0	8109	9242	MDVT01000007	10	0.164021164021164	0.16353887399463807	1
Cmr3gr5_3_CAS-III-B-III-C	MDVT01000006_144	218	329	0.007	12.2	124443	125096	MDVT01000006	144	0.15137614678899083	0.1033434650455927	-1
Cmr3gr5_4_CAS-III-B-III-C	MDVT01000006_143	391	358	6.7e-07	25.5	123274	124446	MDVT01000006	143	0.3171355498721228	0.3435754189944134	-1
Cmr3gr5_4_CAS-III-B-III-C	MDVT01000006_144	218	358	1.4e-05	21.2	124443	125096	MDVT01000006	144	0.13761467889908258	0.08379888268156424	-1
Cmr3gr5_5_CAS-III-B-III-C	MDVT01000006_143	391	335	1.5e-05	20.7	123274	124446	MDVT01000006	143	0.340153452685422	0.4	-1
Cmr3gr5_6_CAS-III-B-III-C	MDVT01000006_143	391	285	3.5e-13	46.1	123274	124446	MDVT01000006	143	0.3989769820971867	0.5754385964912281	-1
Cmr3gr5_7_CAS-III-B-III-C	MDVT01000006_143	391	364	3.2e-07	26.6	123274	124446	MDVT01000006	143	0.26342710997442453	0.28296703296703296	-1
Cmr3gr5_7_CAS-III-B-III-C	MDVT01000006_144	218	364	0.00019	17.5	124443	125096	MDVT01000006	144	0.2018348623853211	0.08791208791208792	-1
Cmr4_0_IIIB	MDVT01000006_140	296	283	0.0062	12.9	121191	122078	MDVT01000006	140	0.12162162162162163	0.12014134275618374	-1
Cmr4_0_IIIB	MDVT01000006_141	261	283	1.7e-14	50.8	122071	122853	MDVT01000006	141	0.5708812260536399	0.48056537102473496	-1
Cmr4_1_IIIB	MDVT01000006_140	296	281	0.0032	13.6	121191	122078	MDVT01000006	140	0.11824324324324324	0.11743772241992882	-1
Cmr4_1_IIIB	MDVT01000006_141	261	281	3.4e-15	52.9	122071	122853	MDVT01000006	141	0.5938697318007663	0.5160142348754448	-1
Cmr4_1_IIIB	MDVT01000006_144	218	281	0.0067	12.6	124443	125096	MDVT01000006	144	0.46788990825688076	0.33451957295373663	-1
Cmr4gr7_0_CAS-III-B-III-C	MDVT01000006_140	296	282	0.0017	14.5	121191	122078	MDVT01000006	140	0.11824324324324324	0.11702127659574468	-1
Cmr4gr7_0_CAS-III-B-III-C	MDVT01000006_141	261	282	1.1e-15	54.5	122071	122853	MDVT01000006	141	0.5862068965517241	0.46099290780141844	-1
Cmr4gr7_1_CAS-III-B-III-C	MDVT01000006_138	309	309	0.00082	15.4	119862	120788	MDVT01000006	138	0.313915857605178	0.2750809061488673	-1
Cmr4gr7_1_CAS-III-B-III-C	MDVT01000006_140	296	309	0.0004	16.4	121191	122078	MDVT01000006	140	0.15202702702702703	0.11326860841423948	-1
Cmr4gr7_1_CAS-III-B-III-C	MDVT01000006_141	261	309	2.9e-17	59.6	122071	122853	MDVT01000006	141	0.735632183908046	0.56957928802589	-1
Cmr5gr11_12_CAS-III-B	MDVT01000006_113	140	141	0.0091	12.3	103845	104264	MDVT01000006	113	0.4142857142857143	0.3333333333333333	-1
Cmr5gr11_1_CAS-III-C	MDVT01000007_5	221	180	2.8	4.2	4531	5193	MDVT01000007	5	0.8144796380090498	0.5055555555555555	-1
Cmr5gr11_2_CAS-III-B	MDVT01000007_588	274	138	0.0018	15.0	573219	574040	MDVT01000007	588	0.12408759124087591	0.2463768115942029	-1
Cmr6_0_IIIB	MDVT01000006_138	309	213	2.9e-05	20.5	119862	120788	MDVT01000006	138	0.2783171521035599	0.3333333333333333	-1
Cmr6_0_IIIB	MDVT01000006_140	296	213	1e-08	31.8	121191	122078	MDVT01000006	140	0.4222972972972973	0.4272300469483568	-1
Cmr6_0_IIIB	MDVT01000006_141	261	213	1.3e-11	41.3	122071	122853	MDVT01000006	141	0.5823754789272031	0.6103286384976526	-1
Cmr6_0_IIIB	MDVT01000006_144	218	213	0.00031	17.2	124443	125096	MDVT01000006	144	0.6972477064220184	0.47417840375586856	-1
Cmr6_0_IIIC	MDVT01000006_141	261	252	0.00094	15.4	122071	122853	MDVT01000006	141	0.3716475095785441	0.4246031746031746	-1
Cmr6_0_IIIC	MDVT01000006_143	391	252	0.0023	14.1	123274	124446	MDVT01000006	143	0.1969309462915601	0.19444444444444445	-1
Cmr6_0_IIIC	MDVT01000006_144	218	252	6.4e-08	29.1	124443	125096	MDVT01000006	144	0.40825688073394495	0.36507936507936506	-1
Cmr6_1_IIIB	MDVT01000006_138	309	264	3.5e-06	23.3	119862	120788	MDVT01000006	138	0.42718446601941745	0.4393939393939394	-1
Cmr6_1_IIIB	MDVT01000006_140	296	264	8.5e-09	31.9	121191	122078	MDVT01000006	140	0.30743243243243246	0.24242424242424243	-1
Cmr6_1_IIIB	MDVT01000006_141	261	264	3.2e-11	39.9	122071	122853	MDVT01000006	141	0.4559386973180077	0.44696969696969696	-1
Cmr6_1_IIIB	MDVT01000006_144	218	264	0.0048	13.1	124443	125096	MDVT01000006	144	0.3669724770642202	0.2727272727272727	-1
Cmr6gr7_0_CAS-III-B-III-C	MDVT01000006_141	261	544	7.1e-05	18.4	122071	122853	MDVT01000006	141	0.21455938697318008	0.0974264705882353	-1
Cmr6gr7_1_CAS-III-B-III-C	MDVT01000006_138	309	218	8.9e-08	28.6	119862	120788	MDVT01000006	138	0.5631067961165048	0.7155963302752294	-1
Cmr6gr7_1_CAS-III-B-III-C	MDVT01000006_140	296	218	2.9e-10	36.7	121191	122078	MDVT01000006	140	0.30067567567567566	0.3119266055045872	-1
Cmr6gr7_1_CAS-III-B-III-C	MDVT01000006_141	261	218	5.4e-14	48.9	122071	122853	MDVT01000006	141	0.6360153256704981	0.6605504587155964	-1
Cmr6gr7_1_CAS-III-B-III-C	MDVT01000006_144	218	218	7.7e-05	19.0	124443	125096	MDVT01000006	144	0.5458715596330275	0.4908256880733945	-1
Cmr6gr7_2_CAS-III-B-III-C	MDVT01000006_138	309	262	1.6e-07	27.7	119862	120788	MDVT01000006	138	0.5760517799352751	0.5801526717557252	-1
Cmr6gr7_2_CAS-III-B-III-C	MDVT01000006_140	296	262	1.6e-10	37.5	121191	122078	MDVT01000006	140	0.30405405405405406	0.22900763358778625	-1
Cmr6gr7_2_CAS-III-B-III-C	MDVT01000006_141	261	262	3e-13	46.5	122071	122853	MDVT01000006	141	0.5747126436781609	0.4732824427480916	-1
Cmr6gr7_2_CAS-III-B-III-C	MDVT01000006_144	218	262	0.00022	17.5	124443	125096	MDVT01000006	144	0.4724770642201835	0.3473282442748092	-1
Cmr6gr7_3_CAS-III-B-III-C	MDVT01000006_141	261	250	0.0038	13.4	122071	122853	MDVT01000006	141	0.12260536398467432	0.132	-1
Cmr6gr7_3_CAS-III-B-III-C	MDVT01000006_143	391	250	0.0018	14.5	123274	124446	MDVT01000006	143	0.1432225063938619	0.128	-1
Cmr6gr7_3_CAS-III-B-III-C	MDVT01000006_144	218	250	3.1e-08	30.1	124443	125096	MDVT01000006	144	0.38990825688073394	0.34	-1
CorA_0_CAS-III-B-III-D	MDVT01000007_118	117	551	4.5	2.4	129929	130279	MDVT01000007	118	0.5128205128205128	0.10526315789473684	-1
CorA_0_CAS-III-B-III-D	MDVT01000007_16	321	551	1.8e-08	30.1	14223	15185	MDVT01000007	16	0.35202492211838005	0.18148820326678766	1
CorA_0_CAS-III-B-III-D	MDVT01000007_567	150	551	0.0029	12.9	555104	555553	MDVT01000007	567	0.41333333333333333	0.12341197822141561	-1
CorA_1_CAS-III-B	MDVT01000007_1197	312	125	0.015	11.7	1132166	1133101	MDVT01000007	1197	0.30448717948717946	0.472	-1
Csa3_1_CAS-I-II-III-IV-V-VI	MDVT01000002_10	70	118	1.5e-05	21.9	3441	3650	MDVT01000002	10	0.6	0.4067796610169492	-1
Csa3_1_CAS-I-II-III-IV-V-VI	MDVT01000006_114	127	118	1.9e-19	66.7	104434	104814	MDVT01000006	114	0.6614173228346457	0.6101694915254238	-1
Csa3_1_CAS-I-II-III-IV-V-VI	MDVT01000006_126	245	118	0.0044	14.0	111777	112511	MDVT01000006	126	0.18775510204081633	0.4406779661016949	1
Csa3_1_CAS-I-II-III-IV-V-VI	MDVT01000006_58	235	118	4.4e-11	39.7	52599	53303	MDVT01000006	58	0.26382978723404255	0.5847457627118644	1
Csa3_1_CAS-I-II-III-IV-V-VI	MDVT01000006_71	320	118	0.004	14.1	63836	64795	MDVT01000006	71	0.35625	0.6440677966101694	1
Csa3_1_CAS-I-II-III-IV-V-VI	MDVT01000007_1031	276	118	0.0023	14.9	971871	972698	MDVT01000007	1031	0.3695652173913043	0.635593220338983	1
Csa3_1_CAS-I-II-III-IV-V-VI	MDVT01000007_1137	217	118	1e-07	28.9	1076376	1077026	MDVT01000007	1137	0.39631336405529954	0.6101694915254238	-1
Csa3_1_CAS-I-II-III-IV-V-VI	MDVT01000007_176	362	118	0.0005	17.0	195413	196498	MDVT01000007	176	0.1574585635359116	0.5	-1
Csa3_1_CAS-I-II-III-IV-V-VI	MDVT01000007_306	237	118	2.4e-08	30.9	323241	323951	MDVT01000007	306	0.4177215189873418	0.6694915254237288	1
Csa3_1_CAS-I-II-III-IV-V-VI	MDVT01000007_331	469	118	1.5e-07	28.4	348529	349935	MDVT01000007	331	0.21108742004264391	0.7796610169491526	-1
Csa3_1_CAS-I-II-III-IV-V-VI	MDVT01000007_395	228	118	0.002	15.1	414051	414734	MDVT01000007	395	0.20614035087719298	0.3813559322033898	-1
Csa3_1_CAS-I-II-III-IV-V-VI	MDVT01000007_463	131	118	1.5e-06	25.1	466624	467016	MDVT01000007	463	0.5267175572519084	0.5084745762711864	1
Csa3_1_CAS-I-II-III-IV-V-VI	MDVT01000007_487	132	118	2.5e-15	53.4	487776	488171	MDVT01000007	487	0.5833333333333334	0.6864406779661016	-1
Csa3_1_CAS-I-II-III-IV-V-VI	MDVT01000007_491	280	118	1.4e-06	25.2	493853	494692	MDVT01000007	491	0.20714285714285716	0.5338983050847458	-1
Csa3_1_CAS-I-II-III-IV-V-VI	MDVT01000007_493	222	118	0.0089	13.0	496097	496762	MDVT01000007	493	0.3738738738738739	0.4745762711864407	-1
Csa3_1_CAS-I-II-III-IV-V-VI	MDVT01000007_581	107	118	3.3e-06	24.0	569201	569521	MDVT01000007	581	0.7476635514018691	0.7288135593220338	1
Csa3_1_CAS-I-II-III-IV-V-VI	MDVT01000007_657	92	118	8.8e-10	35.5	639556	639831	MDVT01000007	657	0.8478260869565217	0.6864406779661016	-1
Csa5_0_IA	MDVT01000001_10	119	107	1.5e-07	28.2	8771	9127	MDVT01000001	10	0.7563025210084033	0.9906542056074766	-1
Csa5gr11_1_CAS-I-A	MDVT01000001_10	119	100	2.9e-11	40.0	8771	9127	MDVT01000001	10	0.7563025210084033	0.98	-1
Csa5gr11_2_CAS-I-A	MDVT01000001_10	119	101	0.0039	14.1	8771	9127	MDVT01000001	10	0.42857142857142855	0.5148514851485149	-1
Csa5gr11_4_CAS-I-A	MDVT01000007_1197	312	136	0.00065	16.3	1132166	1133101	MDVT01000007	1197	0.3333333333333333	0.6764705882352942	-1
Csa5gr11_5_CAS-I-A	MDVT01000007_1146	504	127	0.024	11.4	1084244	1085755	MDVT01000007	1146	0.251984126984127	0.4566929133858268	1
Csf2_0_IV	MDVT01000006_140	296	329	2.8e-07	26.8	121191	122078	MDVT01000006	140	0.4594594594594595	0.42249240121580545	-1
Csf2_0_IV	MDVT01000006_141	261	329	5.1e-20	68.7	122071	122853	MDVT01000006	141	0.6360153256704981	0.5501519756838906	-1
Csf2_0_IV	MDVT01000006_143	391	329	0.0095	12.0	123274	124446	MDVT01000006	143	0.21483375959079284	0.19148936170212766	-1
Csf2_0_IV	MDVT01000006_144	218	329	0.0022	14.0	124443	125096	MDVT01000006	144	0.23394495412844038	0.1762917933130699	-1
Csf3_0_IV	MDVT01000006_143	391	222	6.9e-05	19.2	123274	124446	MDVT01000006	143	0.13554987212276215	0.14414414414414414	-1
Csf4_0_IVA	MDVT01000007_689	646	666	8.8e-10	34.3	670965	672902	MDVT01000007	689	0.43653250773993807	0.42792792792792794	-1
Csf4_1_IVA1	MDVT01000001_6	600	802	0.019	9.7	4029	5828	MDVT01000001	6	0.125	0.10224438902743142	-1
Csf4_1_IVA1	MDVT01000007_689	646	802	1.7e-05	19.7	670965	672902	MDVT01000007	689	0.22910216718266255	0.18329177057356608	-1
Csf4_1_IVA1	MDVT01000007_946	199	802	0.0079	10.9	889999	890595	MDVT01000007	946	0.27638190954773867	0.07107231920199501	1
Csm2_0_IIID	MDVT01000006_142	144	148	4.5000000000000003e-23	78.3	122846	123277	MDVT01000006	142	0.9305555555555556	0.9054054054054054	-1
Csm2gr11_1_CAS-III-D	MDVT01000006_142	144	149	6.3e-25	84.3	122846	123277	MDVT01000006	142	0.9236111111111112	0.8926174496644296	-1
Csm2gr11_3_CAS-III-A	MDVT01000006_142	144	141	7.5e-08	29.3	122846	123277	MDVT01000006	142	0.8402777777777778	0.8865248226950354	-1
Csm2gr11_3_CAS-III-D	MDVT01000006_142	144	130	6.4e-11	38.8	122846	123277	MDVT01000006	142	0.9097222222222222	0.9615384615384616	-1
Csm2gr11_4_CAS-III-D	MDVT01000006_142	144	130	0.00012	18.5	122846	123277	MDVT01000006	142	0.375	0.4	-1
Csm2gr11_6_CAS-III-D	MDVT01000006_142	144	151	2.6e-07	27.2	122846	123277	MDVT01000006	142	0.7777777777777778	0.6887417218543046	-1
Csm2gr11_7_CAS-III-A	MDVT01000007_70	168	110	0.19	9.3	77860	78363	MDVT01000007	70	0.7916666666666666	0.8363636363636363	1
Csm3_0_IIIA	MDVT01000006_138	309	203	9.1e-07	25.5	119862	120788	MDVT01000006	138	0.5533980582524272	0.7931034482758621	-1
Csm3_0_IIIA	MDVT01000006_140	296	203	7.8e-09	32.3	121191	122078	MDVT01000006	140	0.44932432432432434	0.6305418719211823	-1
Csm3_0_IIIA	MDVT01000006_141	261	203	6.499999999999999e-24	81.5	122071	122853	MDVT01000006	141	0.789272030651341	0.9901477832512315	-1
Csm3_0_IIIA	MDVT01000006_143	391	203	0.0033	13.9	123274	124446	MDVT01000006	143	0.27877237851662406	0.3251231527093596	-1
Csm3_0_IIIA	MDVT01000006_144	218	203	3.1e-08	30.3	124443	125096	MDVT01000006	144	0.7706422018348624	0.7684729064039408	-1
Csm3_0_IIIAD	MDVT01000006_138	309	650	9.6e-29	97.1	119862	120788	MDVT01000006	138	0.7831715210355987	0.40307692307692305	-1
Csm3_0_IIIAD	MDVT01000006_140	296	650	6.7e-10	34.9	121191	122078	MDVT01000006	140	0.5168918918918919	0.24153846153846154	-1
Csm3_0_IIIAD	MDVT01000006_141	261	650	1.2e-11	40.7	122071	122853	MDVT01000006	141	0.6360153256704981	0.26461538461538464	-1
Csm3_0_IIIAD	MDVT01000006_144	218	650	0.00039	15.8	124443	125096	MDVT01000006	144	0.1651376146788991	0.05384615384615385	-1
Csm3_0_IIID	MDVT01000006_138	309	178	2.2e-13	48.1	119862	120788	MDVT01000006	138	0.5792880258899676	0.9044943820224719	-1
Csm3_0_IIID	MDVT01000006_140	296	178	1.9e-16	58.0	121191	122078	MDVT01000006	140	0.5540540540540541	0.8651685393258427	-1
Csm3_0_IIID	MDVT01000006_141	261	178	2.7e-29	99.7	122071	122853	MDVT01000006	141	0.7394636015325671	1.0	-1
Csm3_0_IIID	MDVT01000006_144	218	178	2.3e-14	51.2	124443	125096	MDVT01000006	144	0.591743119266055	0.8314606741573034	-1
Csm3_1_IIIAD	MDVT01000006_138	309	189	9.6e-16	55.1	119862	120788	MDVT01000006	138	0.627831715210356	0.9523809523809523	-1
Csm3_1_IIIAD	MDVT01000006_140	296	189	1.8e-19	67.3	121191	122078	MDVT01000006	140	0.6756756756756757	0.9894179894179894	-1
Csm3_1_IIIAD	MDVT01000006_141	261	189	1.3e-29	100.4	122071	122853	MDVT01000006	141	0.7547892720306514	0.9841269841269841	-1
Csm3_1_IIIAD	MDVT01000006_143	391	189	7.7e-05	19.5	123274	124446	MDVT01000006	143	0.23785166240409208	0.5767195767195767	-1
Csm3_1_IIIAD	MDVT01000006_144	218	189	3.7e-21	72.7	124443	125096	MDVT01000006	144	0.8027522935779816	0.9894179894179894	-1
Csm3_1_IIID	MDVT01000001_12	317	257	0.0064	12.6	9831	10781	MDVT01000001	12	0.22397476340694006	0.27626459143968873	-1
Csm3_1_IIID	MDVT01000006_138	309	257	3.8e-14	49.4	119862	120788	MDVT01000006	138	0.5663430420711975	0.669260700389105	-1
Csm3_1_IIID	MDVT01000006_140	296	257	1.6e-37	126.0	121191	122078	MDVT01000006	140	0.7668918918918919	0.8832684824902723	-1
Csm3_1_IIID	MDVT01000006_141	261	257	2.3999999999999997e-41	138.5	122071	122853	MDVT01000006	141	0.9195402298850575	0.933852140077821	-1
Csm3_1_IIID	MDVT01000006_143	391	257	2.6e-05	20.4	123274	124446	MDVT01000006	143	0.2710997442455243	0.32684824902723736	-1
Csm3_1_IIID	MDVT01000006_144	218	257	6.1e-21	71.7	124443	125096	MDVT01000006	144	0.8302752293577982	0.8093385214007782	-1
Csm3gr7_0_CAS-III-A-III-D	MDVT01000006_138	309	210	7.7e-16	54.8	119862	120788	MDVT01000006	138	0.5954692556634305	0.8428571428571429	-1
Csm3gr7_0_CAS-III-A-III-D	MDVT01000006_140	296	210	7.5e-33	110.4	121191	122078	MDVT01000006	140	0.6891891891891891	0.9428571428571428	-1
Csm3gr7_0_CAS-III-A-III-D	MDVT01000006_141	261	210	7.400000000000001e-48	159.4	122071	122853	MDVT01000006	141	0.8122605363984674	0.9904761904761905	-1
Csm3gr7_0_CAS-III-A-III-D	MDVT01000006_144	218	210	2.5e-18	62.9	124443	125096	MDVT01000006	144	0.7431192660550459	0.8523809523809524	-1
Csm3gr7_10_CAS-III-A-III-D	MDVT01000006_138	309	228	0.00057	15.9	119862	120788	MDVT01000006	138	0.3333333333333333	0.4473684210526316	-1
Csm3gr7_10_CAS-III-A-III-D	MDVT01000006_140	296	228	2.6e-08	30.2	121191	122078	MDVT01000006	140	0.5777027027027027	0.8377192982456141	-1
Csm3gr7_10_CAS-III-A-III-D	MDVT01000006_141	261	228	4.7e-05	19.5	122071	122853	MDVT01000006	141	0.5708812260536399	0.5789473684210527	-1
Csm3gr7_10_CAS-III-A-III-D	MDVT01000006_144	218	228	0.00076	15.6	124443	125096	MDVT01000006	144	0.5825688073394495	0.5307017543859649	-1
Csm3gr7_11_CAS-III-A-III-D	MDVT01000006_140	296	216	0.00021	17.3	121191	122078	MDVT01000006	140	0.3547297297297297	0.4398148148148148	-1
Csm3gr7_11_CAS-III-A-III-D	MDVT01000006_141	261	216	2.4e-07	26.9	122071	122853	MDVT01000006	141	0.5210727969348659	0.6157407407407407	-1
Csm3gr7_11_CAS-III-A-III-D	MDVT01000006_144	218	216	0.0032	13.4	124443	125096	MDVT01000006	144	0.3486238532110092	0.35185185185185186	-1
Csm3gr7_12_CAS-III-A-III-D	MDVT01000006_138	309	199	1.6000000000000002e-23	80.6	119862	120788	MDVT01000006	138	0.7313915857605178	0.9949748743718593	-1
Csm3gr7_12_CAS-III-A-III-D	MDVT01000006_140	296	199	3.8e-26	89.2	121191	122078	MDVT01000006	140	0.6790540540540541	1.0	-1
Csm3gr7_12_CAS-III-A-III-D	MDVT01000006_141	261	199	1.5e-34	116.6	122071	122853	MDVT01000006	141	0.7547892720306514	0.9899497487437185	-1
Csm3gr7_12_CAS-III-A-III-D	MDVT01000006_143	391	199	2.1e-06	24.7	123274	124446	MDVT01000006	143	0.319693094629156	0.46733668341708545	-1
Csm3gr7_12_CAS-III-A-III-D	MDVT01000006_144	218	199	4.7e-21	72.5	124443	125096	MDVT01000006	144	0.8027522935779816	0.9949748743718593	-1
Csm3gr7_1_CAS-III-A-III-D	MDVT01000006_138	309	215	9.6e-08	28.6	119862	120788	MDVT01000006	138	0.5857605177993528	0.786046511627907	-1
Csm3gr7_1_CAS-III-A-III-D	MDVT01000006_140	296	215	1.7e-09	34.3	121191	122078	MDVT01000006	140	0.5945945945945946	0.7906976744186046	-1
Csm3gr7_1_CAS-III-A-III-D	MDVT01000006_141	261	215	4.8e-26	88.4	122071	122853	MDVT01000006	141	0.8160919540229885	0.958139534883721	-1
Csm3gr7_1_CAS-III-A-III-D	MDVT01000006_143	391	215	0.00012	18.4	123274	124446	MDVT01000006	143	0.27877237851662406	0.3581395348837209	-1
Csm3gr7_1_CAS-III-A-III-D	MDVT01000006_144	218	215	1.9e-10	37.5	124443	125096	MDVT01000006	144	0.7247706422018348	0.6744186046511628	-1
Csm3gr7_2_CAS-III-A-III-D	MDVT01000006_138	309	180	1.5e-17	61.2	119862	120788	MDVT01000006	138	0.6731391585760518	0.9833333333333333	-1
Csm3gr7_2_CAS-III-A-III-D	MDVT01000006_140	296	180	1.2e-20	71.3	121191	122078	MDVT01000006	140	0.652027027027027	0.9888888888888889	-1
Csm3gr7_2_CAS-III-A-III-D	MDVT01000006_141	261	180	2.6e-36	122.3	122071	122853	MDVT01000006	141	0.7394636015325671	1.0	-1
Csm3gr7_2_CAS-III-A-III-D	MDVT01000006_143	391	180	5.5e-06	23.5	123274	124446	MDVT01000006	143	0.40153452685422	0.5833333333333334	-1
Csm3gr7_2_CAS-III-A-III-D	MDVT01000006_144	218	180	2.7e-17	60.3	124443	125096	MDVT01000006	144	0.7752293577981652	0.9944444444444445	-1
Csm3gr7_3_CAS-III-A-III-D	MDVT01000007_551	78	182	0.0024	14.3	541033	541266	MDVT01000007	551	0.7435897435897436	0.31868131868131866	-1
Csm3gr7_4_CAS-III-A-III-D	MDVT01000006_138	309	640	4.6e-31	104.9	119862	120788	MDVT01000006	138	0.7346278317152104	0.378125	-1
Csm3gr7_4_CAS-III-A-III-D	MDVT01000006_140	296	640	1.5e-14	50.4	121191	122078	MDVT01000006	140	0.5641891891891891	0.2671875	-1
Csm3gr7_4_CAS-III-A-III-D	MDVT01000006_141	261	640	5.7e-15	51.7	122071	122853	MDVT01000006	141	0.6551724137931034	0.271875	-1
Csm3gr7_4_CAS-III-A-III-D	MDVT01000006_144	218	640	0.0027	13.2	124443	125096	MDVT01000006	144	0.29357798165137616	0.1109375	-1
Csm3gr7_8_CAS-III-A-III-D	MDVT01000001_12	317	256	0.011	11.7	9831	10781	MDVT01000001	12	0.22397476340694006	0.27734375	-1
Csm3gr7_8_CAS-III-A-III-D	MDVT01000006_138	309	256	4e-16	55.8	119862	120788	MDVT01000006	138	0.5728155339805825	0.67578125	-1
Csm3gr7_8_CAS-III-A-III-D	MDVT01000006_140	296	256	4.8e-38	127.6	121191	122078	MDVT01000006	140	0.7635135135135135	0.87890625	-1
Csm3gr7_8_CAS-III-A-III-D	MDVT01000006_141	261	256	7.9e-42	140.0	122071	122853	MDVT01000006	141	0.9195402298850575	0.93359375	-1
Csm3gr7_8_CAS-III-A-III-D	MDVT01000006_143	391	256	2.1e-06	23.9	123274	124446	MDVT01000006	143	0.26854219948849106	0.31640625	-1
Csm3gr7_8_CAS-III-A-III-D	MDVT01000006_144	218	256	2.5e-21	72.8	124443	125096	MDVT01000006	144	0.908256880733945	0.875	-1
Csm3gr7_9_CAS-III-A-III-D	MDVT01000006_141	261	271	1.2e-06	25.0	122071	122853	MDVT01000006	141	0.5440613026819924	0.4907749077490775	-1
Csm3gr7_9_CAS-III-A-III-D	MDVT01000006_144	218	271	6.4e-05	19.4	124443	125096	MDVT01000006	144	0.3532110091743119	0.2952029520295203	-1
Csm3gr7_9_CAS-III-A-III-D	MDVT01000007_755	158	271	0.0014	15.0	731714	732187	MDVT01000007	755	0.41139240506329117	0.23247232472324722	-1
Csm4gr5_0_CAS-III-A-III-D	MDVT01000006_143	391	317	6.4e-05	18.9	123274	124446	MDVT01000006	143	0.3171355498721228	0.27129337539432175	-1
Csm5_0_IIIA	MDVT01000006_138	309	364	0.00015	17.9	119862	120788	MDVT01000006	138	0.08090614886731391	0.06868131868131869	-1
Csm5_0_IIIA	MDVT01000006_140	296	364	0.00049	16.1	121191	122078	MDVT01000006	140	0.08783783783783784	0.06868131868131869	-1
Csm5_0_IIIA	MDVT01000006_141	261	364	3.1e-05	20.1	122071	122853	MDVT01000006	141	0.20689655172413793	0.14835164835164835	-1
Csm5_1_IIIA	MDVT01000006_138	309	373	0.00021	17.4	119862	120788	MDVT01000006	138	0.11326860841423948	0.10187667560321716	-1
Csm5_1_IIIA	MDVT01000006_141	261	373	0.0042	13.2	122071	122853	MDVT01000006	141	0.12260536398467432	0.08042895442359249	-1
Csm5gr7_0_CAS-III-A-III-D	MDVT01000006_138	309	365	0.00019	17.3	119862	120788	MDVT01000006	138	0.0744336569579288	0.06301369863013699	-1
Csm5gr7_0_CAS-III-A-III-D	MDVT01000006_140	296	365	0.00089	15.1	121191	122078	MDVT01000006	140	0.13513513513513514	0.11506849315068493	-1
Csm5gr7_0_CAS-III-A-III-D	MDVT01000006_141	261	365	5.6e-06	22.4	122071	122853	MDVT01000006	141	0.20306513409961685	0.14520547945205478	-1
Csm5gr7_1_CAS-III-A-III-D	MDVT01000006_138	309	369	0.00012	18.4	119862	120788	MDVT01000006	138	0.0744336569579288	0.06233062330623306	-1
Csm5gr7_1_CAS-III-A-III-D	MDVT01000006_140	296	369	0.00094	15.5	121191	122078	MDVT01000006	140	0.060810810810810814	0.04607046070460705	-1
Csm5gr7_1_CAS-III-A-III-D	MDVT01000006_141	261	369	6.1e-05	19.4	122071	122853	MDVT01000006	141	0.16475095785440613	0.10840108401084012	-1
Csm5gr7_3_CAS-III-A-III-D	MDVT01000006_138	309	391	5.5e-06	22.1	119862	120788	MDVT01000006	138	0.37216828478964403	0.28388746803069054	-1
Csm5gr7_3_CAS-III-A-III-D	MDVT01000006_141	261	391	0.00089	14.8	122071	122853	MDVT01000006	141	0.47509578544061304	0.3375959079283887	-1
Csm6_2_CAS-III	MDVT01000001_11	214	184	9.5e-05	18.3	9249	9890	MDVT01000001	11	0.3130841121495327	0.34782608695652173	1
Csm6_3_CAS-III	MDVT01000006_135	325	382	0.0014	14.1	118108	119082	MDVT01000006	135	0.12615384615384614	0.1099476439790576	-1
Csm6_5_CAS-III	MDVT01000006_135	325	278	0.0039	12.9	118108	119082	MDVT01000006	135	0.28923076923076924	0.34532374100719426	-1
Csm6_6_CAS-III	MDVT01000001_11	214	136	0.0066	13.0	9249	9890	MDVT01000001	11	0.411214953271028	0.5661764705882353	1
Csm6_6_CAS-III	MDVT01000006_135	325	136	0.004	13.6	118108	119082	MDVT01000006	135	0.38153846153846155	0.7058823529411765	-1
Csm6_7_CAS-III	MDVT01000006_135	325	373	0.002	13.5	118108	119082	MDVT01000006	135	0.11692307692307692	0.10455764075067024	-1
Csn2_0_CAS-II-C	MDVT01000007_1165	189	328	0.0037	13.1	1101733	1102299	MDVT01000007	1165	0.3439153439153439	0.19817073170731708	1
Csn2_7_CAS-II-A	MDVT01000007_264	263	372	7.7e-06	21.6	276826	277614	MDVT01000007	264	0.30798479087452474	0.21236559139784947	1
Csn2_7_CAS-II-A	MDVT01000007_283	244	372	0.014	10.8	298932	299663	MDVT01000007	283	0.20081967213114754	0.12903225806451613	-1
Csn2_7_CAS-II-A	MDVT01000007_73	315	372	0.00094	14.7	79851	80795	MDVT01000007	73	0.4	0.3575268817204301	-1
Csn2_7_CAS-II-A	MDVT01000007_819	276	372	0.0091	11.5	777271	778098	MDVT01000007	819	0.38768115942028986	0.29301075268817206	1
Csn2_8_CAS-II-A	MDVT01000007_171	386	335	0.0003	16.5	187373	188530	MDVT01000007	171	0.25647668393782386	0.3074626865671642	-1
Csx10_0_IIID	MDVT01000006_141	261	402	0.015	11.0	122071	122853	MDVT01000006	141	0.20306513409961685	0.1318407960199005	-1
Csx10_0_IIID	MDVT01000006_143	391	402	1.7e-83	277.5	123274	124446	MDVT01000006	143	0.979539641943734	0.9776119402985075	-1
Csx10_1_IIID	MDVT01000006_143	391	390	2e-47	158.3	123274	124446	MDVT01000006	143	0.969309462915601	0.9871794871794872	-1
Csx10gr5_0_CAS-III-D	MDVT01000006_141	261	392	0.014	11.4	122071	122853	MDVT01000006	141	0.21839080459770116	0.1377551020408163	-1
Csx10gr5_0_CAS-III-D	MDVT01000006_143	391	392	1.6000000000000002e-81	271.3	123274	124446	MDVT01000006	143	0.9744245524296675	0.9923469387755102	-1
Csx10gr5_0_CAS-III-D	MDVT01000006_144	218	392	0.0089	12.0	124443	125096	MDVT01000006	144	0.38990825688073394	0.22959183673469388	-1
Csx10gr5_1_CAS-III-D	MDVT01000006_141	261	393	0.018	10.7	122071	122853	MDVT01000006	141	0.19923371647509577	0.13231552162849872	-1
Csx10gr5_1_CAS-III-D	MDVT01000006_143	391	393	2.7e-76	253.8	123274	124446	MDVT01000006	143	0.9769820971867008	0.9745547073791349	-1
Csx10gr5_4_CAS-III-D	MDVT01000006_143	391	309	0.0038	12.8	123274	124446	MDVT01000006	143	0.4475703324808184	0.5307443365695793	-1
Csx19_0_CAS-III-D	MDVT01000006_139	140	143	3.3e-10	36.6	120775	121194	MDVT01000006	139	0.6857142857142857	0.6713286713286714	-1
Csx19_0_IIID	MDVT01000006_139	140	146	2.7e-05	20.7	120775	121194	MDVT01000006	139	0.6785714285714286	0.6643835616438356	-1
Csx19_17_CAS-III-D	MDVT01000006_139	140	157	1.6e-05	21.3	120775	121194	MDVT01000006	139	0.5785714285714286	0.5286624203821656	-1
Csx19_1_CAS-III-D	MDVT01000006_139	140	200	0.0044	13.0	120775	121194	MDVT01000006	139	0.22857142857142856	0.165	-1
Csx19_20_CAS-III-D	MDVT01000006_139	140	147	2.4e-17	59.5	120775	121194	MDVT01000006	139	0.8714285714285714	0.7891156462585034	-1
Csx1_10_CAS-III	MDVT01000006_135	325	332	3.1e-42	141.5	118108	119082	MDVT01000006	135	0.92	0.9487951807228916	-1
Csx1_20_CAS-III	MDVT01000006_135	325	379	1.3e-06	24.0	118108	119082	MDVT01000006	135	0.1753846153846154	0.14511873350923482	-1
Csx1_20_CAS-III	MDVT01000007_493	222	379	3.1e-05	19.5	496097	496762	MDVT01000007	493	0.40540540540540543	0.24538258575197888	-1
Csx1_4_CAS-III	MDVT01000006_135	325	380	0.0016	13.7	118108	119082	MDVT01000006	135	0.26153846153846155	0.16842105263157894	-1
Csx1_9_CAS-III	MDVT01000006_135	325	378	1e-06	24.4	118108	119082	MDVT01000006	135	0.2	0.1455026455026455	-1
Csx1_9_CAS-III	MDVT01000007_493	222	378	0.00025	16.6	496097	496762	MDVT01000007	493	0.23873873873873874	0.14285714285714285	-1
Csx3_0_CAS-I-III	MDVT01000006_136	97	83	3.3999999999999997e-35	116.7	119082	119372	MDVT01000006	136	0.8350515463917526	0.9759036144578314	-1
Csx3_1_CAS-I-III	MDVT01000006_136	97	84	2e-31	104.5	119082	119372	MDVT01000006	136	0.8350515463917526	0.9761904761904762	-1
Csx3_2_CAS-I-III	MDVT01000006_136	97	277	9.4e-19	64.1	119082	119372	MDVT01000006	136	0.7731958762886598	0.2563176895306859	-1
Csx3_2_CAS-I-III	MDVT01000007_1199	171	277	0.00017	17.4	1133677	1134189	MDVT01000007	1199	0.29239766081871343	0.18050541516245489	-1
Csx3_2_CAS-I-III	MDVT01000007_132	747	277	0.012	11.2	141273	143513	MDVT01000007	132	0.0856760374832664	0.1407942238267148	-1
Csx3_2_CAS-I-III	MDVT01000007_305	735	277	0.0025	13.5	321009	323213	MDVT01000007	305	0.05714285714285714	0.07942238267148015	1
Csx3_2_CAS-I-III	MDVT01000007_34	655	277	0.0088	11.7	31065	33029	MDVT01000007	34	0.035114503816793895	0.08303249097472924	-1
Csx3_2_CAS-I-III	MDVT01000007_461	399	277	0.0058	12.3	464913	466109	MDVT01000007	461	0.07518796992481203	0.10469314079422383	1
Csx3_2_CAS-I-III	MDVT01000007_607	307	277	0.0061	12.2	590641	591561	MDVT01000007	607	0.13029315960912052	0.1444043321299639	-1
Csx3_2_CAS-I-III	MDVT01000007_633	543	277	0.00086	15.0	614501	616129	MDVT01000007	633	0.08103130755064457	0.1624548736462094	-1
Csx3_2_CAS-I-III	MDVT01000007_745	722	277	0.00024	16.8	721963	724128	MDVT01000007	745	0.06371191135734072	0.09386281588447654	1
Csx3_2_CAS-I-III	MDVT01000007_842	335	277	0.0016	14.2	797923	798927	MDVT01000007	842	0.11641791044776119	0.148014440433213	-1
Csx3_2_CAS-I-III	MDVT01000007_889	185	277	0.0016	14.1	844889	845443	MDVT01000007	889	0.14594594594594595	0.09747292418772563	-1
Csx3_3_CAS-I-III	MDVT01000006_136	97	79	1.2e-33	111.4	119082	119372	MDVT01000006	136	0.7938144329896907	0.9873417721518988	-1
CysH_0_IVB	MDVT01000007_1191	400	249	0.002	14.4	1126617	1127816	MDVT01000007	1191	0.1075	0.17670682730923695	-1
CysH_0_IVB	MDVT01000007_337	320	249	0.00035	16.9	359003	359962	MDVT01000007	337	0.128125	0.1686746987951807	-1
CysH_0_IVB	MDVT01000007_647	646	249	1.9999999999999998e-25	86.5	628743	630680	MDVT01000007	647	0.3498452012383901	0.9036144578313253	-1
DEDDh_0_CAS-I-II-III-IV-V-VI	MDVT01000008_6	586	160	0.0075	13.0	3311	5068	MDVT01000008	6	0.11092150170648464	0.28125	-1
HTH_0_CAS-III-A	MDVT01000007_1005	319	364	0.0044	12.7	940609	941565	MDVT01000007	1005	0.18495297805642633	0.1620879120879121	1
Mem_04_0_CAS-III-D	MDVT01000007_920	98	241	3.3	3.7	874448	874741	MDVT01000007	920	0.6632653061224489	0.2572614107883817	-1
Mem_DnaJ_0_CAS-III-AM	MDVT01000007_197	360	284	0.0021	14.0	216268	217347	MDVT01000007	197	0.14166666666666666	0.2007042253521127	1
PrimPol_0_CAS-I-II-III-IV-V-VI	MDVT01000006_55	361	361	0.27	6.7	50256	51338	MDVT01000006	55	0.3656509695290859	0.23268698060941828	-1
TniQ_0_V-K	MDVT01000007_978	83	184	0.0094	12.1	919569	919817	MDVT01000007	978	0.3493975903614458	0.15760869565217392	-1
TniQ_1_I-F	MDVT01000007_126	58	400	0.0013	14.4	136006	136179	MDVT01000007	126	0.7586206896551724	0.105	1
TniQ_1_I-F	MDVT01000007_458	77	400	0.0016	14.0	462940	463170	MDVT01000007	458	0.8961038961038961	0.1825	-1
TniQ_1_I-F	MDVT01000007_701	110	400	0.0098	11.5	682990	683319	MDVT01000007	701	0.4818181818181818	0.1325	-1
TniQ_1_I-F	MDVT01000007_978	83	400	0.0015	14.1	919569	919817	MDVT01000007	978	0.43373493975903615	0.0875	-1
TnpB_0_Competitive	MDVT01000007_812	90	400	0.0051	12.3	773625	773894	MDVT01000007	812	0.45555555555555555	0.1075	1
TnsC_0_V-K	MDVT01000007_88	259	283	0.0077	11.9	97448	98224	MDVT01000007	88	0.22007722007722008	0.2049469964664311	1
WYL_0_CAS-I-II-III-IV-V-VI	MDVT01000002_10	70	313	5.9e-05	19.2	3441	3650	MDVT01000002	10	0.7	0.15335463258785942	-1
gRAMP_0_CAS-III-E	MDVT01000006_138	309	1610	1.5e-23	78.9	119862	120788	MDVT01000006	138	0.511326860841424	0.09503105590062112	-1
gRAMP_0_CAS-III-E	MDVT01000006_140	296	1610	2.2e-08	28.6	121191	122078	MDVT01000006	140	0.6790540540540541	0.11490683229813664	-1
gRAMP_0_CAS-III-E	MDVT01000006_141	261	1610	6.2e-16	53.7	122071	122853	MDVT01000006	141	0.7049808429118773	0.11180124223602485	-1
gRAMP_0_CAS-III-E	MDVT01000006_144	218	1610	6.2e-05	17.2	124443	125096	MDVT01000006	144	0.6834862385321101	0.09627329192546584	-1
htpX_0_CAS-III-B	MDVT01000007_1136	372	343	3.1e-17	59.3	1075277	1076392	MDVT01000007	1136	0.5618279569892473	0.6559766763848397	1
