Contig	Start	End	Strand	Pos
JAVYMY010000001	3	203	1	1
JAVYMY010000001	587	1810	-1	2
JAVYMY010000001	1837	3117	-1	3
JAVYMY010000001	3164	3565	1	4
JAVYMY010000001	3562	4287	1	5
JAVYMY010000001	4298	4939	-1	6
JAVYMY010000001	5034	7166	-1	7
JAVYMY010000001	7240	9219	1	8
JAVYMY010000001	9212	9931	-1	9
JAVYMY010000001	9992	10537	1	10
JAVYMY010000001	10543	11409	1	11
JAVYMY010000001	11513	11758	1	12
JAVYMY010000001	11871	13190	1	13
JAVYMY010000001	13172	15976	1	14
JAVYMY010000001	15973	17211	1	15
JAVYMY010000001	17262	18815	1	16
JAVYMY010000001	18844	19296	-1	17
JAVYMY010000001	19528	20220	-1	18
JAVYMY010000001	20160	20387	-1	19
JAVYMY010000001	20412	20528	-1	20
JAVYMY010000001	20858	21289	-1	21
JAVYMY010000001	21389	22228	1	22
JAVYMY010000001	22298	22741	-1	23
JAVYMY010000001	22799	23731	-1	24
JAVYMY010000001	23819	24655	1	25
JAVYMY010000001	24673	25368	1	26
JAVYMY010000001	25365	25904	-1	27
JAVYMY010000001	25960	28434	-1	28
JAVYMY010000001	28511	29476	-1	29
JAVYMY010000001	29531	30595	1	30
JAVYMY010000001	30710	31783	1	31
JAVYMY010000001	31858	32778	1	32
JAVYMY010000001	32785	33564	1	33
JAVYMY010000001	33609	34577	1	34
JAVYMY010000001	34665	35549	1	35
JAVYMY010000001	35586	36974	1	36
JAVYMY010000001	37103	37288	1	37
JAVYMY010000001	37380	38600	1	38
JAVYMY010000001	38737	39972	1	39
JAVYMY010000001	39975	41006	1	40
JAVYMY010000001	41048	41470	1	41
JAVYMY010000001	41474	42994	-1	42
JAVYMY010000001	43065	44699	1	43
JAVYMY010000001	44719	46386	1	44
JAVYMY010000001	46446	47612	-1	45
JAVYMY010000001	47786	48733	-1	46
JAVYMY010000001	48735	49958	-1	47
JAVYMY010000001	49977	51524	-1	48
JAVYMY010000001	51569	52363	-1	49
JAVYMY010000001	52360	53313	-1	50
JAVYMY010000001	53304	54254	-1	51
JAVYMY010000001	54255	55283	-1	52
JAVYMY010000001	55287	56903	-1	53
JAVYMY010000001	56995	58074	1	54
JAVYMY010000001	58106	58477	-1	55
JAVYMY010000001	58551	59489	1	56
JAVYMY010000001	59496	60452	-1	57
JAVYMY010000001	60571	61041	1	58
JAVYMY010000001	61054	62160	1	59
JAVYMY010000001	62157	62738	-1	60
JAVYMY010000001	62740	63444	-1	61
JAVYMY010000001	63441	63932	-1	62
JAVYMY010000001	63954	64229	-1	63
JAVYMY010000001	64427	64876	-1	64
JAVYMY010000001	64907	65284	-1	65
JAVYMY010000001	65357	65962	-1	66
JAVYMY010000001	66317	67063	1	67
JAVYMY010000001	67060	67608	1	68
JAVYMY010000001	67605	69428	-1	69
JAVYMY010000001	69513	70913	1	70
JAVYMY010000001	71186	71353	1	71
JAVYMY010000001	71391	72749	-1	72
JAVYMY010000001	72766	73929	-1	73
JAVYMY010000001	74116	74874	-1	74
JAVYMY010000001	74959	75678	1	75
JAVYMY010000001	75699	76583	1	76
JAVYMY010000001	76680	77993	1	77
JAVYMY010000001	78006	79436	-1	78
JAVYMY010000001	79433	79609	-1	79
JAVYMY010000001	79699	80865	-1	80
JAVYMY010000001	80889	81359	-1	81
JAVYMY010000001	81452	81664	1	82
JAVYMY010000001	81669	82469	-1	83
JAVYMY010000001	82475	83710	-1	84
JAVYMY010000001	83786	85018	-1	85
JAVYMY010000001	85132	86139	-1	86
JAVYMY010000001	86342	87178	1	87
JAVYMY010000001	87186	87719	1	88
JAVYMY010000001	87724	90126	1	89
JAVYMY010000001	90165	91004	-1	90
JAVYMY010000001	91031	91792	-1	91
JAVYMY010000001	91873	92844	1	92
JAVYMY010000001	92841	93716	1	93
JAVYMY010000001	93713	94111	1	94
JAVYMY010000001	94116	94967	1	95
JAVYMY010000001	94957	95307	-1	96
JAVYMY010000001	95321	96274	-1	97
JAVYMY010000001	96357	96845	1	98
JAVYMY010000001	96863	97048	-1	99
JAVYMY010000001	97038	97640	-1	100
JAVYMY010000001	97651	99561	-1	101
JAVYMY010000001	99686	100039	1	102
JAVYMY010000001	100042	100677	-1	103
JAVYMY010000001	100827	101234	1	104
JAVYMY010000001	101371	102270	1	105
JAVYMY010000001	102368	102757	-1	106
JAVYMY010000001	102961	104091	1	107
JAVYMY010000001	104088	104579	-1	108
JAVYMY010000001	104625	105206	-1	109
JAVYMY010000001	105254	106942	-1	110
JAVYMY010000001	106942	107460	-1	111
JAVYMY010000001	107542	108306	-1	112
JAVYMY010000001	108447	110282	-1	113
JAVYMY010000001	110431	112167	1	114
JAVYMY010000001	112157	112762	-1	115
JAVYMY010000001	112828	113613	1	116
JAVYMY010000001	113624	113860	1	117
JAVYMY010000001	113914	114582	-1	118
JAVYMY010000001	114636	115121	1	119
JAVYMY010000001	115126	115965	-1	120
JAVYMY010000001	116010	116675	-1	121
JAVYMY010000001	116653	117192	-1	122
JAVYMY010000001	117179	118009	-1	123
JAVYMY010000001	118014	118961	-1	124
JAVYMY010000001	119032	119307	-1	125
JAVYMY010000001	119352	119888	-1	126
JAVYMY010000001	119869	120699	-1	127
JAVYMY010000001	120788	121423	1	128
JAVYMY010000001	121433	121720	-1	129
JAVYMY010000001	121786	123780	1	130
JAVYMY010000001	123846	125078	1	131
JAVYMY010000001	125185	125676	-1	132
JAVYMY010000001	125900	126253	1	133
JAVYMY010000001	126250	126471	1	134
JAVYMY010000001	126699	127091	-1	135
JAVYMY010000001	127164	129095	-1	136
JAVYMY010000001	129166	130044	-1	137
JAVYMY010000001	130041	131186	-1	138
JAVYMY010000001	131203	132555	-1	139
JAVYMY010000001	132782	133615	1	140
JAVYMY010000001	133622	134143	1	141
JAVYMY010000001	134153	134554	-1	142
JAVYMY010000001	134678	135067	-1	143
JAVYMY010000001	135064	136434	-1	144
JAVYMY010000001	136437	136805	-1	145
JAVYMY010000001	136887	137204	1	146
JAVYMY010000001	137210	138370	-1	147
JAVYMY010000001	138374	139081	-1	148
JAVYMY010000001	139104	139502	-1	149
JAVYMY010000001	139516	140307	-1	150
JAVYMY010000001	140589	141752	-1	151
JAVYMY010000001	141791	142654	-1	152
JAVYMY010000001	142738	143430	-1	153
JAVYMY010000001	143708	143953	1	154
JAVYMY010000001	144001	145314	-1	155
JAVYMY010000001	145340	145663	1	156
JAVYMY010000001	145660	145986	1	157
JAVYMY010000001	145952	146473	1	158
JAVYMY010000001	146499	148580	-1	159
JAVYMY010000001	148619	149743	-1	160
JAVYMY010000001	149685	150008	-1	161
JAVYMY010000001	150109	151761	-1	162
JAVYMY010000001	151915	152265	1	163
JAVYMY010000001	152286	153116	-1	164
JAVYMY010000001	153129	153455	-1	165
JAVYMY010000001	153508	154509	-1	166
JAVYMY010000001	154451	155371	-1	167
JAVYMY010000001	155378	155737	-1	168
JAVYMY010000001	155922	157844	-1	169
JAVYMY010000001	157837	159186	-1	170
JAVYMY010000001	159235	160998	-1	171
JAVYMY010000001	161054	161203	-1	172
JAVYMY010000001	161300	162511	1	173
JAVYMY010000001	162517	163224	1	174
JAVYMY010000001	163296	164186	1	175
JAVYMY010000001	164206	164739	1	176
JAVYMY010000001	164742	165908	1	177
JAVYMY010000001	165894	166328	-1	178
JAVYMY010000001	166370	167683	-1	179
JAVYMY010000001	167918	168790	-1	180
JAVYMY010000001	168797	169081	-1	181
JAVYMY010000001	169236	169541	-1	182
JAVYMY010000001	169559	169945	-1	183
JAVYMY010000001	170071	170886	1	184
JAVYMY010000001	170903	171799	-1	185
JAVYMY010000001	171815	172513	-1	186
JAVYMY010000001	172516	173898	-1	187
JAVYMY010000001	173990	174781	-1	188
JAVYMY010000001	174778	175887	-1	189
JAVYMY010000001	175922	176836	1	190
JAVYMY010000001	176820	177893	1	191
JAVYMY010000001	177890	178642	1	192
JAVYMY010000001	178683	179066	-1	193
JAVYMY010000001	179059	179604	-1	194
JAVYMY010000001	179676	180245	1	195
JAVYMY010000001	180278	181681	1	196
JAVYMY010000001	181624	182418	1	197
JAVYMY010000001	182415	182666	-1	198
JAVYMY010000001	183026	183430	-1	199
JAVYMY010000001	183551	183802	1	200
JAVYMY010000001	183812	185917	-1	201
JAVYMY010000001	185892	186494	-1	202
JAVYMY010000001	186586	187563	1	203
JAVYMY010000001	187568	188872	1	204
JAVYMY010000001	188857	190122	-1	205
JAVYMY010000001	190126	190629	-1	206
JAVYMY010000001	190792	191559	-1	207
JAVYMY010000002	1	357	1	1
JAVYMY010000002	354	1409	-1	2
JAVYMY010000002	1510	2475	1	3
JAVYMY010000002	2481	3599	1	4
JAVYMY010000002	3658	4719	1	5
JAVYMY010000002	4727	5146	1	6
JAVYMY010000002	5139	5960	1	7
JAVYMY010000002	5903	7498	-1	8
JAVYMY010000002	7559	8779	1	9
JAVYMY010000002	8753	9652	-1	10
JAVYMY010000002	9737	10114	1	11
JAVYMY010000002	10137	10517	1	12
JAVYMY010000002	10552	10773	1	13
JAVYMY010000002	10774	11532	1	14
JAVYMY010000002	11498	14203	-1	15
JAVYMY010000002	14222	15637	-1	16
JAVYMY010000002	15700	16341	1	17
JAVYMY010000002	16368	16658	1	18
JAVYMY010000002	16615	17478	1	19
JAVYMY010000002	17688	18059	-1	20
JAVYMY010000002	18133	19515	-1	21
JAVYMY010000002	19583	19945	-1	22
JAVYMY010000002	19974	20306	-1	23
JAVYMY010000002	20314	21315	-1	24
JAVYMY010000002	21312	22259	-1	25
JAVYMY010000002	22375	24066	1	26
JAVYMY010000002	24049	24558	-1	27
JAVYMY010000002	24533	25252	-1	28
JAVYMY010000002	25249	25851	-1	29
JAVYMY010000002	25848	26882	-1	30
JAVYMY010000002	26963	27817	1	31
JAVYMY010000002	27829	28380	-1	32
JAVYMY010000002	28431	29627	-1	33
JAVYMY010000002	29699	31081	-1	34
JAVYMY010000002	31039	32037	-1	35
JAVYMY010000002	32102	32767	1	36
JAVYMY010000002	32837	33577	1	37
JAVYMY010000002	33678	34817	1	38
JAVYMY010000002	34831	35691	-1	39
JAVYMY010000002	35678	36370	-1	40
JAVYMY010000002	36383	37684	-1	41
JAVYMY010000002	37913	38473	-1	42
JAVYMY010000002	38545	39765	1	43
JAVYMY010000002	39756	40676	-1	44
JAVYMY010000002	40687	41463	-1	45
JAVYMY010000002	41447	42334	-1	46
JAVYMY010000002	42292	43593	-1	47
JAVYMY010000002	43673	44410	1	48
JAVYMY010000002	44407	45675	1	49
JAVYMY010000002	45677	46486	-1	50
JAVYMY010000002	46476	47405	-1	51
JAVYMY010000002	47405	48280	-1	52
JAVYMY010000002	48246	48923	-1	53
JAVYMY010000002	48975	49745	1	54
JAVYMY010000002	49745	51022	1	55
JAVYMY010000002	51089	51598	1	56
JAVYMY010000002	51605	53035	1	57
JAVYMY010000002	53045	54628	1	58
JAVYMY010000002	54634	56562	1	59
JAVYMY010000002	56574	58088	1	60
JAVYMY010000002	58144	60030	1	61
JAVYMY010000002	60120	61061	1	62
JAVYMY010000002	61072	61761	-1	63
JAVYMY010000002	61842	62420	1	64
JAVYMY010000002	62421	63407	-1	65
JAVYMY010000002	63407	63772	-1	66
JAVYMY010000002	63769	65391	-1	67
JAVYMY010000002	65402	65908	-1	68
JAVYMY010000002	65912	66331	-1	69
JAVYMY010000002	66328	67116	-1	70
JAVYMY010000002	67100	67375	-1	71
JAVYMY010000002	67372	67746	-1	72
JAVYMY010000002	67749	68024	-1	73
JAVYMY010000002	68029	68424	-1	74
JAVYMY010000002	68421	69623	-1	75
JAVYMY010000002	69620	70069	-1	76
JAVYMY010000002	70066	70530	-1	77
JAVYMY010000002	70590	72896	-1	78
JAVYMY010000002	72906	73151	-1	79
JAVYMY010000002	73162	74196	-1	80
JAVYMY010000002	74308	75768	1	81
JAVYMY010000002	75771	76256	1	82
JAVYMY010000002	76257	76544	1	83
JAVYMY010000002	76534	77667	1	84
JAVYMY010000002	77670	78128	-1	85
JAVYMY010000002	78130	78363	-1	86
JAVYMY010000002	78376	78819	-1	87
JAVYMY010000002	78827	79759	-1	88
JAVYMY010000002	79749	80867	-1	89
JAVYMY010000002	80883	81644	-1	90
JAVYMY010000002	81637	82512	-1	91
JAVYMY010000002	82522	83520	-1	92
JAVYMY010000002	83613	84695	-1	93
JAVYMY010000002	84831	85205	1	94
JAVYMY010000002	85198	85569	-1	95
JAVYMY010000002	85623	86105	1	96
JAVYMY010000002	86086	86808	1	97
JAVYMY010000002	86819	88249	1	98
JAVYMY010000002	88312	89502	1	99
JAVYMY010000002	89499	90113	1	100
JAVYMY010000002	90098	91027	1	101
JAVYMY010000002	91039	92526	-1	102
JAVYMY010000002	92555	93733	-1	103
JAVYMY010000002	93775	94560	-1	104
JAVYMY010000002	94641	96182	-1	105
JAVYMY010000002	96185	96901	-1	106
JAVYMY010000002	96905	97309	-1	107
JAVYMY010000002	97281	98021	-1	108
JAVYMY010000002	98018	98881	-1	109
JAVYMY010000002	98878	99420	-1	110
JAVYMY010000002	99547	99918	1	111
JAVYMY010000002	99878	100219	1	112
JAVYMY010000002	100209	100649	1	113
JAVYMY010000002	101496	102704	-1	114
JAVYMY010000002	102790	103491	-1	115
JAVYMY010000002	103651	104382	-1	116
JAVYMY010000002	104521	106173	1	117
JAVYMY010000002	106223	106726	1	118
JAVYMY010000002	106797	107609	1	119
JAVYMY010000002	107627	108550	1	120
JAVYMY010000002	108589	109857	1	121
JAVYMY010000002	109931	110575	1	122
JAVYMY010000002	110578	111012	-1	123
JAVYMY010000002	110964	114137	-1	124
JAVYMY010000002	114201	114959	-1	125
JAVYMY010000002	115084	116460	1	126
JAVYMY010000002	116551	118056	1	127
JAVYMY010000002	118058	119227	1	128
JAVYMY010000002	119224	120126	1	129
JAVYMY010000002	120182	121813	-1	130
JAVYMY010000002	121895	123058	1	131
JAVYMY010000002	123114	126020	1	132
JAVYMY010000002	126072	127154	1	133
JAVYMY010000002	127192	128520	1	134
JAVYMY010000002	128536	129159	1	135
JAVYMY010000002	129165	129956	-1	136
JAVYMY010000002	130150	130389	1	137
JAVYMY010000002	130442	131677	1	138
JAVYMY010000002	131704	132381	1	139
JAVYMY010000002	132400	133914	1	140
JAVYMY010000002	134037	136529	1	141
JAVYMY010000002	136617	137933	1	142
JAVYMY010000002	137930	139510	-1	143
JAVYMY010000002	139599	141161	1	144
JAVYMY010000002	141364	142008	-1	145
JAVYMY010000002	142147	142587	-1	146
JAVYMY010000003	115	951	-1	1
JAVYMY010000003	953	1675	-1	2
JAVYMY010000003	1793	2974	1	3
JAVYMY010000003	2971	3552	1	4
JAVYMY010000003	3580	5478	1	5
JAVYMY010000003	5812	7191	-1	6
JAVYMY010000003	7315	7575	-1	7
JAVYMY010000003	7715	9136	1	8
JAVYMY010000003	9154	10866	-1	9
JAVYMY010000003	10970	11569	1	10
JAVYMY010000003	11559	12344	1	11
JAVYMY010000003	12368	12571	1	12
JAVYMY010000003	12575	13318	1	13
JAVYMY010000003	13328	13591	-1	14
JAVYMY010000003	13620	13829	-1	15
JAVYMY010000003	13898	15394	-1	16
JAVYMY010000003	15432	15935	-1	17
JAVYMY010000003	16722	16952	-1	18
JAVYMY010000003	17041	17553	-1	19
JAVYMY010000003	17620	18717	1	20
JAVYMY010000003	18726	19487	1	21
JAVYMY010000003	19491	21332	-1	22
JAVYMY010000003	21440	22099	1	23
JAVYMY010000003	22086	22790	-1	24
JAVYMY010000003	22791	23393	-1	25
JAVYMY010000003	23390	24151	-1	26
JAVYMY010000003	24181	24825	-1	27
JAVYMY010000003	24850	25218	-1	28
JAVYMY010000003	25259	25576	-1	29
JAVYMY010000003	25647	26972	-1	30
JAVYMY010000003	26935	27498	-1	31
JAVYMY010000003	27473	28813	-1	32
JAVYMY010000003	29106	29630	1	33
JAVYMY010000003	29697	30662	1	34
JAVYMY010000003	30656	31312	1	35
JAVYMY010000003	31299	31853	1	36
JAVYMY010000003	31858	32490	1	37
JAVYMY010000003	32501	32779	1	38
JAVYMY010000003	33192	33503	1	39
JAVYMY010000003	33563	34309	1	40
JAVYMY010000003	34287	35429	1	41
JAVYMY010000003	35426	35926	1	42
JAVYMY010000003	35930	36328	-1	43
JAVYMY010000003	36429	38429	1	44
JAVYMY010000003	38443	39240	1	45
JAVYMY010000003	39237	39446	1	46
JAVYMY010000003	39840	40691	1	47
JAVYMY010000003	40681	40950	-1	48
JAVYMY010000003	40940	41410	-1	49
JAVYMY010000003	41403	41924	-1	50
JAVYMY010000003	41921	43558	-1	51
JAVYMY010000003	43551	44435	-1	52
JAVYMY010000003	44445	44726	-1	53
JAVYMY010000003	44723	46225	-1	54
JAVYMY010000003	46215	47723	-1	55
JAVYMY010000003	47739	48248	-1	56
JAVYMY010000003	48254	49348	-1	57
JAVYMY010000003	49551	50267	1	58
JAVYMY010000003	50283	50900	1	59
JAVYMY010000003	56385	57251	1	60
JAVYMY010000003	57220	58089	-1	61
JAVYMY010000003	58103	59119	-1	62
JAVYMY010000003	59147	59773	1	63
JAVYMY010000003	59775	60248	-1	64
JAVYMY010000003	60260	60490	-1	65
JAVYMY010000003	60590	61396	1	66
JAVYMY010000003	61393	62364	-1	67
JAVYMY010000003	62547	63566	1	68
JAVYMY010000003	63552	64019	-1	69
JAVYMY010000003	64081	65706	1	70
JAVYMY010000003	65675	67120	1	71
JAVYMY010000003	67226	67468	1	72
JAVYMY010000003	67430	68149	-1	73
JAVYMY010000003	68211	68918	1	74
JAVYMY010000003	68915	70321	-1	75
JAVYMY010000003	70322	72076	-1	76
JAVYMY010000003	72139	72486	-1	77
JAVYMY010000003	72474	73421	-1	78
JAVYMY010000003	73454	74017	-1	79
JAVYMY010000003	74047	74517	-1	80
JAVYMY010000003	74572	76542	-1	81
JAVYMY010000003	76539	76832	-1	82
JAVYMY010000003	76855	77271	-1	83
JAVYMY010000003	77255	77884	-1	84
JAVYMY010000003	78016	78441	-1	85
JAVYMY010000003	78492	78839	-1	86
JAVYMY010000003	78848	79384	-1	87
JAVYMY010000003	79446	80312	1	88
JAVYMY010000003	80338	80889	1	89
JAVYMY010000003	80797	82911	-1	90
JAVYMY010000003	82946	84124	-1	91
JAVYMY010000003	84205	85221	1	92
JAVYMY010000003	85284	86348	1	93
JAVYMY010000003	86326	86877	1	94
JAVYMY010000003	86874	87335	1	95
JAVYMY010000003	87319	87948	1	96
JAVYMY010000003	88079	88966	-1	97
JAVYMY010000003	88978	89421	-1	98
JAVYMY010000003	89470	90276	-1	99
JAVYMY010000003	90627	91499	-1	100
JAVYMY010000003	91618	93078	1	101
JAVYMY010000003	93149	94975	1	102
JAVYMY010000003	95019	95441	1	103
JAVYMY010000003	95448	97007	-1	104
JAVYMY010000003	97017	97502	-1	105
JAVYMY010000003	97499	97903	-1	106
JAVYMY010000003	97900	98676	-1	107
JAVYMY010000003	98654	98920	-1	108
JAVYMY010000003	98917	99273	-1	109
JAVYMY010000003	99273	99596	-1	110
JAVYMY010000003	99616	100554	1	111
JAVYMY010000003	100559	101350	1	112
JAVYMY010000003	101347	102117	1	113
JAVYMY010000003	102174	102716	1	114
JAVYMY010000003	102752	103063	1	115
JAVYMY010000003	103971	105494	1	116
JAVYMY010000003	105565	105921	-1	117
JAVYMY010000004	42	1283	-1	1
JAVYMY010000004	1461	2396	-1	2
JAVYMY010000004	2519	2818	-1	3
JAVYMY010000004	2866	3702	-1	4
JAVYMY010000004	4102	5019	-1	5
JAVYMY010000004	5185	5610	-1	6
JAVYMY010000004	5685	7919	1	7
JAVYMY010000004	7985	9925	1	8
JAVYMY010000004	10012	11721	1	9
JAVYMY010000004	11769	14042	1	10
JAVYMY010000004	14053	15138	1	11
JAVYMY010000004	15149	15727	-1	12
JAVYMY010000004	15812	16546	-1	13
JAVYMY010000004	16553	16837	-1	14
JAVYMY010000004	17132	17434	1	15
JAVYMY010000004	17431	17808	-1	16
JAVYMY010000004	18048	18701	1	17
JAVYMY010000004	18704	19330	1	18
JAVYMY010000004	19334	20446	1	19
JAVYMY010000004	20464	22020	1	20
JAVYMY010000004	22027	23793	-1	21
JAVYMY010000004	23898	24620	1	22
JAVYMY010000004	24593	25324	-1	23
JAVYMY010000004	25482	26579	1	24
JAVYMY010000004	26558	27337	-1	25
JAVYMY010000004	27324	28064	-1	26
JAVYMY010000004	28198	28920	1	27
JAVYMY010000004	28936	29310	1	28
JAVYMY010000004	29311	30075	-1	29
JAVYMY010000004	30059	30490	-1	30
JAVYMY010000004	30685	30942	1	31
JAVYMY010000004	30985	32628	1	32
JAVYMY010000004	32722	33078	1	33
JAVYMY010000004	33082	33438	1	34
JAVYMY010000004	33428	34945	1	35
JAVYMY010000004	35005	36516	1	36
JAVYMY010000004	36529	37503	1	37
JAVYMY010000004	37500	38822	-1	38
JAVYMY010000004	38880	39851	1	39
JAVYMY010000004	39860	40435	1	40
JAVYMY010000004	40490	41047	1	41
JAVYMY010000004	41164	42603	1	42
JAVYMY010000004	42603	43934	1	43
JAVYMY010000004	43915	44421	-1	44
JAVYMY010000004	44446	44679	-1	45
JAVYMY010000004	44868	45293	1	46
JAVYMY010000004	45339	46046	1	47
JAVYMY010000004	46197	48095	-1	48
JAVYMY010000004	48159	48389	-1	49
JAVYMY010000004	48526	49176	1	50
JAVYMY010000004	49270	50370	1	51
JAVYMY010000004	50400	51557	1	52
JAVYMY010000004	51560	52999	-1	53
JAVYMY010000004	53082	54299	1	54
JAVYMY010000004	54280	55905	-1	55
JAVYMY010000004	55995	56993	1	56
JAVYMY010000004	56994	57902	1	57
JAVYMY010000004	57977	59161	1	58
JAVYMY010000004	59171	59818	-1	59
JAVYMY010000004	59966	60655	-1	60
JAVYMY010000004	60705	61736	-1	61
JAVYMY010000004	61778	62326	-1	62
JAVYMY010000004	62398	63096	-1	63
JAVYMY010000004	63093	64493	-1	64
JAVYMY010000004	64552	65793	-1	65
JAVYMY010000004	65780	66919	-1	66
JAVYMY010000004	67006	68496	1	67
JAVYMY010000004	68498	69847	-1	68
JAVYMY010000004	69911	70756	-1	69
JAVYMY010000004	70753	73005	-1	70
JAVYMY010000004	73065	75020	-1	71
JAVYMY010000004	75117	76484	-1	72
JAVYMY010000004	76481	77275	-1	73
JAVYMY010000004	77507	78409	1	74
JAVYMY010000004	78398	80683	-1	75
JAVYMY010000004	80769	82118	1	76
JAVYMY010000004	82150	82737	1	77
JAVYMY010000004	82730	84157	1	78
JAVYMY010000004	84154	84849	1	79
JAVYMY010000004	84846	85295	-1	80
JAVYMY010000004	85327	85464	1	81
JAVYMY010000004	85456	85770	-1	82
JAVYMY010000005	2	175	1	1
JAVYMY010000005	168	1082	1	2
JAVYMY010000005	1061	1537	1	3
JAVYMY010000005	1547	2077	1	4
JAVYMY010000005	2079	2774	1	5
JAVYMY010000005	2784	4484	1	6
JAVYMY010000005	4486	6201	1	7
JAVYMY010000005	6194	7108	-1	8
JAVYMY010000005	7280	8608	1	9
JAVYMY010000005	8654	9394	1	10
JAVYMY010000005	9398	10063	-1	11
JAVYMY010000005	10216	14403	1	12
JAVYMY010000005	14774	15844	-1	13
JAVYMY010000005	15950	16678	1	14
JAVYMY010000005	16848	19256	-1	15
JAVYMY010000005	19280	21514	-1	16
JAVYMY010000005	21590	22339	1	17
JAVYMY010000005	22386	26267	1	18
JAVYMY010000005	26264	27208	1	19
JAVYMY010000005	27156	27509	1	20
JAVYMY010000005	27569	27967	-1	21
JAVYMY010000005	28032	29144	-1	22
JAVYMY010000005	29176	30051	-1	23
JAVYMY010000005	30051	30338	-1	24
JAVYMY010000005	30455	31054	1	25
JAVYMY010000005	31116	31544	-1	26
JAVYMY010000005	31627	32166	-1	27
JAVYMY010000005	32175	32834	-1	28
JAVYMY010000005	32904	34502	1	29
JAVYMY010000005	34474	34920	-1	30
JAVYMY010000005	34874	35248	-1	31
JAVYMY010000005	35303	37042	-1	32
JAVYMY010000005	37115	38008	1	33
JAVYMY010000005	38001	38162	-1	34
JAVYMY010000005	38247	38570	1	35
JAVYMY010000005	38576	39478	-1	36
JAVYMY010000005	39812	40528	1	37
JAVYMY010000005	40538	41536	1	38
JAVYMY010000005	41533	42906	1	39
JAVYMY010000005	42857	43408	-1	40
JAVYMY010000005	43470	45080	1	41
JAVYMY010000005	45494	46144	1	42
JAVYMY010000005	46372	46578	-1	43
JAVYMY010000005	46581	46868	-1	44
JAVYMY010000005	46926	47435	-1	45
JAVYMY010000005	47437	48054	-1	46
JAVYMY010000005	48090	48749	1	47
JAVYMY010000005	48746	49996	1	48
JAVYMY010000005	49993	51270	1	49
JAVYMY010000005	51273	52439	1	50
JAVYMY010000005	52436	52840	1	51
JAVYMY010000005	52818	53426	1	52
JAVYMY010000005	53452	53829	-1	53
JAVYMY010000005	53904	54176	1	54
JAVYMY010000005	54189	55628	1	55
JAVYMY010000005	55810	56541	1	56
JAVYMY010000005	56578	57555	-1	57
JAVYMY010000005	58010	60616	-1	58
JAVYMY010000005	61195	62055	-1	59
JAVYMY010000005	62062	62979	-1	60
JAVYMY010000005	63043	64188	-1	61
JAVYMY010000005	64359	64691	1	62
JAVYMY010000005	64701	64907	-1	63
JAVYMY010000005	64988	66097	1	64
JAVYMY010000005	66100	66903	-1	65
JAVYMY010000005	67119	68156	1	66
JAVYMY010000005	68153	68821	1	67
JAVYMY010000005	68893	69789	1	68
JAVYMY010000005	69802	70749	-1	69
JAVYMY010000005	70746	71654	-1	70
JAVYMY010000005	71865	72086	-1	71
JAVYMY010000005	72409	73662	-1	72
JAVYMY010000005	73643	74443	-1	73
JAVYMY010000005	74780	75421	-1	74
JAVYMY010000005	75706	76941	1	75
JAVYMY010000005	76996	78522	1	76
JAVYMY010000005	78512	79579	1	77
JAVYMY010000005	79576	80475	1	78
JAVYMY010000005	80478	81701	1	79
JAVYMY010000005	81713	82465	-1	80
JAVYMY010000006	2	295	-1	1
JAVYMY010000006	424	1542	1	2
JAVYMY010000006	1571	2530	-1	3
JAVYMY010000006	2600	3274	-1	4
JAVYMY010000006	3271	4221	-1	5
JAVYMY010000006	4221	4517	-1	6
JAVYMY010000006	4570	6396	-1	7
JAVYMY010000006	6401	6631	-1	8
JAVYMY010000006	6863	7759	1	9
JAVYMY010000006	7777	7989	-1	10
JAVYMY010000006	8056	8484	-1	11
JAVYMY010000006	8481	8819	-1	12
JAVYMY010000006	8819	9121	-1	13
JAVYMY010000006	9698	10333	1	14
JAVYMY010000006	10830	11951	-1	15
JAVYMY010000006	11948	13003	-1	16
JAVYMY010000006	13017	13712	-1	17
JAVYMY010000006	13775	14632	1	18
JAVYMY010000006	14959	15960	1	19
JAVYMY010000006	15975	16514	1	20
JAVYMY010000006	16520	17164	-1	21
JAVYMY010000006	17291	17599	1	22
JAVYMY010000006	17639	18022	1	23
JAVYMY010000006	18019	18207	1	24
JAVYMY010000006	18193	18888	-1	25
JAVYMY010000006	18929	20743	1	26
JAVYMY010000006	20934	22040	1	27
JAVYMY010000006	22032	22712	-1	28
JAVYMY010000006	22768	23487	1	29
JAVYMY010000006	23532	24632	1	30
JAVYMY010000006	24654	24926	-1	31
JAVYMY010000006	24990	25241	1	32
JAVYMY010000006	25238	26530	-1	33
JAVYMY010000006	26724	27272	1	34
JAVYMY010000006	27272	27889	1	35
JAVYMY010000006	27880	28647	-1	36
JAVYMY010000006	28644	29591	-1	37
JAVYMY010000006	29614	30690	-1	38
JAVYMY010000006	30736	31512	-1	39
JAVYMY010000006	31505	32824	-1	40
JAVYMY010000006	32897	33691	1	41
JAVYMY010000006	33720	34154	-1	42
JAVYMY010000006	34224	34442	1	43
JAVYMY010000006	34727	35407	1	44
JAVYMY010000006	35426	36589	1	45
JAVYMY010000006	36650	37675	1	46
JAVYMY010000006	37647	38411	1	47
JAVYMY010000006	38542	39546	-1	48
JAVYMY010000006	39586	40482	1	49
JAVYMY010000006	40498	41946	-1	50
JAVYMY010000006	41949	42683	-1	51
JAVYMY010000006	42680	43309	-1	52
JAVYMY010000006	43392	43880	1	53
JAVYMY010000006	43893	44237	-1	54
JAVYMY010000006	44224	44526	-1	55
JAVYMY010000006	44609	45196	1	56
JAVYMY010000006	45264	45917	1	57
JAVYMY010000006	45911	46882	-1	58
JAVYMY010000006	46892	48076	-1	59
JAVYMY010000006	48150	48488	1	60
JAVYMY010000006	48485	48820	-1	61
JAVYMY010000006	48963	50267	-1	62
JAVYMY010000006	50344	50637	1	63
JAVYMY010000006	50627	51301	-1	64
JAVYMY010000006	51511	52218	1	65
JAVYMY010000006	52202	52495	-1	66
JAVYMY010000006	52529	53191	-1	67
JAVYMY010000006	53285	53581	1	68
JAVYMY010000006	54824	54952	-1	69
JAVYMY010000006	55793	56158	-1	70
JAVYMY010000006	56202	57113	-1	71
JAVYMY010000006	57229	58320	1	72
JAVYMY010000006	58390	58659	1	73
JAVYMY010000006	58798	59832	-1	74
JAVYMY010000006	60089	61303	-1	75
JAVYMY010000006	61393	62802	-1	76
JAVYMY010000006	62940	63815	1	77
JAVYMY010000006	63812	64234	1	78
JAVYMY010000007	61	1806	-1	1
JAVYMY010000007	1878	3569	1	2
JAVYMY010000007	3570	4286	-1	3
JAVYMY010000007	4375	5343	1	4
JAVYMY010000007	5340	5885	-1	5
JAVYMY010000007	5879	7249	-1	6
JAVYMY010000007	7304	8827	-1	7
JAVYMY010000007	8919	10427	1	8
JAVYMY010000007	10401	10565	-1	9
JAVYMY010000007	10615	12018	-1	10
JAVYMY010000007	12178	12543	1	11
JAVYMY010000007	12540	13652	1	12
JAVYMY010000007	13594	14106	-1	13
JAVYMY010000007	14111	15169	-1	14
JAVYMY010000007	15172	16425	-1	15
JAVYMY010000007	16429	16710	-1	16
JAVYMY010000007	16715	17272	-1	17
JAVYMY010000007	17402	17653	1	18
JAVYMY010000007	17650	18768	1	19
JAVYMY010000007	18759	19589	1	20
JAVYMY010000007	19586	20119	1	21
JAVYMY010000007	20255	20674	-1	22
JAVYMY010000007	20690	21103	-1	23
JAVYMY010000007	21113	21628	-1	24
JAVYMY010000007	21693	22907	-1	25
JAVYMY010000007	22907	26464	-1	26
JAVYMY010000007	26470	27192	-1	27
JAVYMY010000007	27276	27734	1	28
JAVYMY010000007	27731	28711	1	29
JAVYMY010000007	28718	29569	1	30
JAVYMY010000007	29582	30436	-1	31
JAVYMY010000007	30436	31161	-1	32
JAVYMY010000007	31240	31668	-1	33
JAVYMY010000007	31706	33055	-1	34
JAVYMY010000007	33110	34222	-1	35
JAVYMY010000007	34321	35724	1	36
JAVYMY010000007	35727	37286	1	37
JAVYMY010000007	37283	38653	1	38
JAVYMY010000007	38692	39345	1	39
JAVYMY010000007	39386	40486	1	40
JAVYMY010000007	40587	41795	1	41
JAVYMY010000007	41829	42851	1	42
JAVYMY010000007	42854	43354	1	43
JAVYMY010000007	43369	44214	-1	44
JAVYMY010000007	44225	45775	-1	45
JAVYMY010000007	45878	46393	1	46
JAVYMY010000007	46388	47953	-1	47
JAVYMY010000007	47954	49150	-1	48
JAVYMY010000007	49348	49665	-1	49
JAVYMY010000007	49662	50126	-1	50
JAVYMY010000007	50182	50652	-1	51
JAVYMY010000007	50649	51092	-1	52
JAVYMY010000007	51155	52303	1	53
JAVYMY010000007	52313	54031	1	54
JAVYMY010000007	54034	54573	-1	55
JAVYMY010000007	54621	55466	-1	56
JAVYMY010000007	55456	55731	-1	57
JAVYMY010000007	55811	56335	1	58
JAVYMY010000007	56345	56950	-1	59
JAVYMY010000007	57098	57718	1	60
JAVYMY010000007	57796	58311	1	61
JAVYMY010000007	58383	59606	1	62
JAVYMY010000007	59610	60758	-1	63
JAVYMY010000007	60904	62112	1	64
JAVYMY010000008	142	405	1	1
JAVYMY010000008	411	3899	1	2
JAVYMY010000008	3907	6552	1	3
JAVYMY010000008	6549	7778	1	4
JAVYMY010000008	7775	8104	1	5
JAVYMY010000008	8097	8543	1	6
JAVYMY010000008	8596	9042	1	7
JAVYMY010000008	9079	9564	-1	8
JAVYMY010000008	9699	10292	1	9
JAVYMY010000008	10488	11804	1	10
JAVYMY010000008	11866	12177	1	11
JAVYMY010000008	12494	12970	1	12
JAVYMY010000008	12976	13488	1	13
JAVYMY010000008	13488	13889	1	14
JAVYMY010000008	13908	14741	1	15
JAVYMY010000008	14744	15106	1	16
JAVYMY010000008	15112	15564	1	17
JAVYMY010000008	15557	15982	1	18
JAVYMY010000008	15993	16193	1	19
JAVYMY010000008	16205	16867	1	20
JAVYMY010000008	16878	17738	1	21
JAVYMY010000008	17820	18935	1	22
JAVYMY010000008	18932	19441	1	23
JAVYMY010000008	19422	21161	1	24
JAVYMY010000008	21254	21637	1	25
JAVYMY010000008	21672	21941	-1	26
JAVYMY010000008	22060	22245	1	27
JAVYMY010000008	22277	24112	-1	28
JAVYMY010000008	24189	24842	1	29
JAVYMY010000008	24909	26159	1	30
JAVYMY010000008	26177	26569	1	31
JAVYMY010000008	26656	27207	1	32
JAVYMY010000008	27220	27426	1	33
JAVYMY010000008	27419	27907	1	34
JAVYMY010000008	27924	28256	1	35
JAVYMY010000008	28267	28431	1	36
JAVYMY010000008	28479	29558	1	37
JAVYMY010000008	29543	30223	1	38
JAVYMY010000008	30210	30785	1	39
JAVYMY010000008	30847	31338	1	40
JAVYMY010000008	31394	32536	1	41
JAVYMY010000008	32544	32780	1	42
JAVYMY010000008	32819	33469	1	43
JAVYMY010000008	33529	34764	1	44
JAVYMY010000008	34808	35173	1	45
JAVYMY010000008	35170	36450	-1	46
JAVYMY010000008	36479	37141	1	47
JAVYMY010000008	37108	37575	1	48
JAVYMY010000008	37627	38229	1	49
JAVYMY010000008	38222	38686	1	50
JAVYMY010000008	39035	40006	-1	51
JAVYMY010000008	40339	41241	-1	52
JAVYMY010000008	41371	42123	1	53
JAVYMY010000008	42190	42891	1	54
JAVYMY010000008	42888	43628	1	55
JAVYMY010000008	43618	44349	1	56
JAVYMY010000008	44350	45216	1	57
JAVYMY010000008	45233	45493	1	58
JAVYMY010000008	45498	46037	1	59
JAVYMY010000008	46024	46329	1	60
JAVYMY010000008	46268	46639	1	61
JAVYMY010000008	46626	46949	1	62
JAVYMY010000008	47039	49249	1	63
JAVYMY010000008	49239	49466	-1	64
JAVYMY010000008	49714	50991	-1	65
JAVYMY010000008	51124	51474	1	66
JAVYMY010000008	51479	54055	1	67
JAVYMY010000008	54125	54412	1	68
JAVYMY010000008	54416	54871	1	69
JAVYMY010000008	54904	55257	1	70
JAVYMY010000008	55261	55746	1	71
JAVYMY010000008	55743	56546	-1	72
JAVYMY010000008	56636	57088	1	73
JAVYMY010000008	57083	57262	-1	74
JAVYMY010000008	57317	58759	-1	75
JAVYMY010000008	58823	60091	1	76
JAVYMY010000009	2	397	1	1
JAVYMY010000009	506	1747	-1	2
JAVYMY010000009	1930	3057	-1	3
JAVYMY010000009	3060	3317	-1	4
JAVYMY010000009	3367	5184	-1	5
JAVYMY010000009	5527	5667	-1	6
JAVYMY010000009	5770	6252	-1	7
JAVYMY010000009	6355	6516	-1	8
JAVYMY010000009	6828	7475	-1	9
JAVYMY010000009	7548	8105	1	10
JAVYMY010000009	8158	8334	1	11
JAVYMY010000009	8900	10438	1	12
JAVYMY010000009	10443	11459	1	13
JAVYMY010000009	11449	12555	1	14
JAVYMY010000009	12562	13014	1	15
JAVYMY010000009	13011	13289	1	16
JAVYMY010000009	13286	13654	1	17
JAVYMY010000009	13651	13902	1	18
JAVYMY010000009	13886	14671	1	19
JAVYMY010000009	14668	15075	1	20
JAVYMY010000009	15072	15572	1	21
JAVYMY010000009	15583	15924	1	22
JAVYMY010000009	15927	16901	1	23
JAVYMY010000009	17318	18367	1	24
JAVYMY010000009	18492	19730	1	25
JAVYMY010000009	20561	21925	-1	26
JAVYMY010000009	22018	22530	1	27
JAVYMY010000009	22511	22834	-1	28
JAVYMY010000009	22855	24264	-1	29
JAVYMY010000009	24369	24725	1	30
JAVYMY010000009	24804	25331	-1	31
JAVYMY010000009	25394	25807	-1	32
JAVYMY010000009	25885	26748	-1	33
JAVYMY010000009	26748	27881	-1	34
JAVYMY010000009	28127	28675	1	35
JAVYMY010000009	28723	29412	1	36
JAVYMY010000009	29416	30237	1	37
JAVYMY010000009	30198	31115	1	38
JAVYMY010000009	31153	31482	1	39
JAVYMY010000009	31487	32377	1	40
JAVYMY010000009	32532	33398	1	41
JAVYMY010000009	33391	34128	-1	42
JAVYMY010000009	34196	34438	1	43
JAVYMY010000009	34503	35177	1	44
JAVYMY010000009	35167	37614	-1	45
JAVYMY010000009	37728	38135	-1	46
JAVYMY010000009	38162	39322	-1	47
JAVYMY010000009	39319	39927	-1	48
JAVYMY010000009	39924	40769	-1	49
JAVYMY010000009	40850	41140	1	50
JAVYMY010000009	41140	41457	1	51
JAVYMY010000009	41460	41678	-1	52
JAVYMY010000009	41688	42008	-1	53
JAVYMY010000009	42103	43266	1	54
JAVYMY010000009	43241	43786	-1	55
JAVYMY010000009	43752	44570	-1	56
JAVYMY010000009	44653	45618	1	57
JAVYMY010000009	45565	46032	-1	58
JAVYMY010000009	46094	46771	1	59
JAVYMY010000009	46783	47226	-1	60
JAVYMY010000009	47300	48361	-1	61
JAVYMY010000009	48410	48667	-1	62
JAVYMY010000009	48678	50888	-1	63
JAVYMY010000009	50946	51218	-1	64
JAVYMY010000009	51231	51452	-1	65
JAVYMY010000009	51515	52153	-1	66
JAVYMY010000009	52197	52580	1	67
JAVYMY010000009	52577	53665	1	68
JAVYMY010000009	53673	54170	-1	69
JAVYMY010000009	54236	55093	-1	70
JAVYMY010000009	55295	56200	1	71
JAVYMY010000009	56202	57743	1	72
JAVYMY010000009	57751	58413	1	73
JAVYMY010000010	1	2649	1	1
JAVYMY010000010	2675	3715	-1	2
JAVYMY010000010	3718	5118	-1	3
JAVYMY010000010	5120	5860	-1	4
JAVYMY010000010	6002	7543	1	5
JAVYMY010000010	7606	9048	1	6
JAVYMY010000010	9050	9907	1	7
JAVYMY010000010	9916	11088	-1	8
JAVYMY010000010	11152	14574	-1	9
JAVYMY010000010	14992	16062	-1	10
JAVYMY010000010	16144	16857	1	11
JAVYMY010000010	16854	17930	-1	12
JAVYMY010000010	17989	20379	1	13
JAVYMY010000010	20468	21154	1	14
JAVYMY010000010	21231	22487	1	15
JAVYMY010000010	22642	23652	-1	16
JAVYMY010000010	23726	24676	1	17
JAVYMY010000010	24666	25112	-1	18
JAVYMY010000010	25112	26086	-1	19
JAVYMY010000010	26088	26645	-1	20
JAVYMY010000010	26733	26981	1	21
JAVYMY010000010	27048	28694	1	22
JAVYMY010000010	28711	29763	-1	23
JAVYMY010000010	29760	30110	-1	24
JAVYMY010000010	30161	30514	-1	25
JAVYMY010000010	30602	31051	1	26
JAVYMY010000010	31057	32628	1	27
JAVYMY010000010	32579	33352	-1	28
JAVYMY010000010	33349	33822	-1	29
JAVYMY010000010	33843	35054	-1	30
JAVYMY010000010	35135	35647	1	31
JAVYMY010000010	35651	36718	1	32
JAVYMY010000010	36715	37248	1	33
JAVYMY010000010	37254	38450	-1	34
JAVYMY010000010	38539	39525	1	35
JAVYMY010000010	39558	42692	-1	36
JAVYMY010000010	42875	43906	1	37
JAVYMY010000011	2	1699	-1	1
JAVYMY010000011	1711	2814	-1	2
JAVYMY010000011	2903	5653	-1	3
JAVYMY010000011	5694	6536	-1	4
JAVYMY010000011	7005	8258	1	5
JAVYMY010000011	8302	8625	1	6
JAVYMY010000011	8635	9780	1	7
JAVYMY010000011	9842	10522	1	8
JAVYMY010000011	10765	11322	-1	9
JAVYMY010000011	11379	12188	-1	10
JAVYMY010000011	12395	12664	-1	11
JAVYMY010000011	12676	13032	-1	12
JAVYMY010000011	13102	14295	1	13
JAVYMY010000011	14200	15381	-1	14
JAVYMY010000011	15563	16087	-1	15
JAVYMY010000011	16080	17072	-1	16
JAVYMY010000011	17120	18322	-1	17
JAVYMY010000011	18431	19039	1	18
JAVYMY010000011	19117	20628	1	19
JAVYMY010000011	20666	20803	1	20
JAVYMY010000011	20890	21339	1	21
JAVYMY010000011	21467	22519	1	22
JAVYMY010000011	22524	23348	-1	23
JAVYMY010000011	23407	24105	1	24
JAVYMY010000011	24117	25259	-1	25
JAVYMY010000011	25315	25644	1	26
JAVYMY010000011	25674	27038	-1	27
JAVYMY010000011	27218	28195	-1	28
JAVYMY010000011	28264	28935	1	29
JAVYMY010000011	28941	30116	-1	30
JAVYMY010000011	30113	30535	-1	31
JAVYMY010000011	30625	31179	1	32
JAVYMY010000011	31190	31705	1	33
JAVYMY010000011	31718	32593	1	34
JAVYMY010000011	32590	33540	1	35
JAVYMY010000011	33542	34396	1	36
JAVYMY010000011	34400	34708	1	37
JAVYMY010000011	34811	35440	1	38
JAVYMY010000011	35520	35969	1	39
JAVYMY010000011	36060	37730	1	40
JAVYMY010000012	35	124	-1	1
JAVYMY010000012	121	858	-1	2
JAVYMY010000012	932	2503	1	3
JAVYMY010000012	2579	3961	1	4
JAVYMY010000012	3964	4359	1	5
JAVYMY010000012	4366	4845	-1	6
JAVYMY010000012	5184	6020	1	7
JAVYMY010000012	6142	7452	1	8
JAVYMY010000012	7469	8242	-1	9
JAVYMY010000012	8293	8598	-1	10
JAVYMY010000012	8638	9705	-1	11
JAVYMY010000012	9867	11141	-1	12
JAVYMY010000012	11288	11620	-1	13
JAVYMY010000012	11761	12648	1	14
JAVYMY010000012	12793	14226	-1	15
JAVYMY010000012	14406	15431	1	16
JAVYMY010000012	15442	18168	-1	17
JAVYMY010000012	18312	18560	-1	18
JAVYMY010000012	18713	19717	-1	19
JAVYMY010000012	19728	20369	-1	20
JAVYMY010000012	20369	20878	-1	21
JAVYMY010000012	20881	21369	-1	22
JAVYMY010000012	21376	21558	-1	23
JAVYMY010000012	21565	22458	-1	24
JAVYMY010000012	22462	22941	-1	25
JAVYMY010000012	22938	23201	-1	26
JAVYMY010000012	23198	23881	-1	27
JAVYMY010000012	23911	24204	-1	28
JAVYMY010000012	24216	24374	-1	29
JAVYMY010000012	24384	24716	-1	30
JAVYMY010000012	24735	25223	-1	31
JAVYMY010000012	25271	25588	-1	32
JAVYMY010000012	25543	25863	-1	33
JAVYMY010000012	25940	26623	1	34
JAVYMY010000012	26738	28624	1	35
JAVYMY010000012	28629	29042	-1	36
JAVYMY010000012	29191	29946	1	37
JAVYMY010000012	29918	30397	-1	38
JAVYMY010000012	30477	31418	1	39
JAVYMY010000012	31456	31806	1	40
JAVYMY010000012	31877	32632	1	41
JAVYMY010000012	32672	33283	1	42
JAVYMY010000012	33429	33968	1	43
JAVYMY010000012	34258	34965	-1	44
JAVYMY010000012	34907	35317	-1	45
JAVYMY010000012	35364	36371	1	46
JAVYMY010000013	619	750	1	1
JAVYMY010000013	747	866	1	2
JAVYMY010000013	938	1120	1	3
JAVYMY010000013	3297	3455	1	4
JAVYMY010000013	4499	6436	-1	5
JAVYMY010000013	6544	6807	1	6
JAVYMY010000013	6804	8201	1	7
JAVYMY010000013	8337	9953	1	8
JAVYMY010000013	10103	10915	1	9
JAVYMY010000013	10981	12168	1	10
JAVYMY010000013	12178	12993	1	11
JAVYMY010000013	12990	13265	1	12
JAVYMY010000013	13277	13996	1	13
JAVYMY010000013	14068	14991	1	14
JAVYMY010000013	14975	16873	1	15
JAVYMY010000013	16930	17367	1	16
JAVYMY010000013	17376	17849	1	17
JAVYMY010000013	17851	18531	1	18
JAVYMY010000013	18521	18760	1	19
JAVYMY010000013	18741	19016	1	20
JAVYMY010000013	19023	19376	1	21
JAVYMY010000013	19376	19804	1	22
JAVYMY010000013	19816	20217	1	23
JAVYMY010000013	20220	20978	1	24
JAVYMY010000013	20978	21547	1	25
JAVYMY010000013	21550	21714	1	26
JAVYMY010000013	21754	22155	1	27
JAVYMY010000013	22167	22721	1	28
JAVYMY010000013	22718	23143	1	29
JAVYMY010000013	23140	23598	1	30
JAVYMY010000013	23609	24196	1	31
JAVYMY010000013	24210	24854	1	32
JAVYMY010000013	24865	25359	1	33
JAVYMY010000013	25371	25817	1	34
JAVYMY010000013	25965	27407	1	35
JAVYMY010000013	27410	27871	1	36
JAVYMY010000013	27944	28204	1	37
JAVYMY010000013	28295	28837	1	38
JAVYMY010000013	28868	29158	1	39
JAVYMY010000013	29199	29516	1	40
JAVYMY010000013	29485	30255	1	41
JAVYMY010000013	30259	30837	1	42
JAVYMY010000013	31289	32059	1	43
JAVYMY010000013	32059	34584	1	44
JAVYMY010000014	270	1235	1	1
JAVYMY010000014	1228	2181	1	2
JAVYMY010000014	2269	3837	1	3
JAVYMY010000014	3920	5317	1	4
JAVYMY010000014	5383	6837	1	5
JAVYMY010000014	6889	7536	1	6
JAVYMY010000014	7539	8312	1	7
JAVYMY010000014	8332	9615	-1	8
JAVYMY010000014	9688	10113	1	9
JAVYMY010000014	10130	10462	1	10
JAVYMY010000014	10472	11530	1	11
JAVYMY010000014	11534	11863	1	12
JAVYMY010000014	11872	12672	1	13
JAVYMY010000014	12639	13277	1	14
JAVYMY010000014	13283	13702	-1	15
JAVYMY010000014	14074	14484	-1	16
JAVYMY010000014	14498	15973	-1	17
JAVYMY010000014	15996	16967	-1	18
JAVYMY010000014	16970	17983	-1	19
JAVYMY010000014	17987	18484	-1	20
JAVYMY010000014	18566	19564	-1	21
JAVYMY010000014	19586	20458	-1	22
JAVYMY010000014	20451	22025	-1	23
JAVYMY010000014	22303	23469	-1	24
JAVYMY010000014	23466	24374	-1	25
JAVYMY010000014	24388	25476	-1	26
JAVYMY010000014	25473	25832	-1	27
JAVYMY010000014	25959	26594	-1	28
JAVYMY010000014	26640	27272	1	29
JAVYMY010000014	27269	27787	-1	30
JAVYMY010000014	27787	28065	-1	31
JAVYMY010000014	28079	29107	-1	32
JAVYMY010000014	29068	29910	-1	33
JAVYMY010000014	30948	31202	1	34
JAVYMY010000015	3	929	-1	1
JAVYMY010000015	910	1701	-1	2
JAVYMY010000015	1652	2425	-1	3
JAVYMY010000015	2418	2801	-1	4
JAVYMY010000015	2798	3445	-1	5
JAVYMY010000015	3535	4695	1	6
JAVYMY010000015	4697	5500	1	7
JAVYMY010000015	5497	6135	-1	8
JAVYMY010000015	6241	6942	-1	9
JAVYMY010000015	6993	7643	-1	10
JAVYMY010000015	7872	9170	1	11
JAVYMY010000015	9142	10632	1	12
JAVYMY010000015	10629	11624	1	13
JAVYMY010000015	11617	12255	-1	14
JAVYMY010000015	12367	13149	-1	15
JAVYMY010000015	13146	13970	-1	16
JAVYMY010000015	13960	14952	-1	17
JAVYMY010000015	14999	16363	-1	18
JAVYMY010000015	16490	17821	1	19
JAVYMY010000015	17872	18618	1	20
JAVYMY010000015	18674	19966	1	21
JAVYMY010000015	19963	20661	1	22
JAVYMY010000015	20804	22195	1	23
JAVYMY010000015	22198	23544	1	24
JAVYMY010000015	23549	24463	-1	25
JAVYMY010000015	24473	25120	-1	26
JAVYMY010000015	25140	25682	-1	27
JAVYMY010000015	25757	26341	1	28
JAVYMY010000015	26322	26714	-1	29
JAVYMY010000015	26711	27139	-1	30
JAVYMY010000015	27136	27402	-1	31
JAVYMY010000015	27402	28961	-1	32
JAVYMY010000015	29044	29232	-1	33
JAVYMY010000015	29300	29992	-1	34
JAVYMY010000016	127	813	-1	1
JAVYMY010000016	884	1786	1	2
JAVYMY010000016	1855	2949	1	3
JAVYMY010000016	2949	3230	1	4
JAVYMY010000016	3645	5531	1	5
JAVYMY010000016	5798	6070	-1	6
JAVYMY010000016	6067	6294	-1	7
JAVYMY010000016	6374	6676	1	8
JAVYMY010000016	6678	8093	1	9
JAVYMY010000016	8254	8949	-1	10
JAVYMY010000016	9001	10146	-1	11
JAVYMY010000016	10235	12043	-1	12
JAVYMY010000016	12220	12558	-1	13
JAVYMY010000016	12654	12863	1	14
JAVYMY010000016	12875	13378	1	15
JAVYMY010000016	13558	14808	-1	16
JAVYMY010000016	14893	15081	-1	17
JAVYMY010000016	15096	15323	-1	18
JAVYMY010000016	15422	15907	1	19
JAVYMY010000016	15988	16695	1	20
JAVYMY010000016	16692	17738	-1	21
JAVYMY010000016	17819	18439	1	22
JAVYMY010000016	18539	20494	1	23
JAVYMY010000016	20508	21029	1	24
JAVYMY010000016	21016	22089	1	25
JAVYMY010000016	22064	23077	-1	26
JAVYMY010000016	23118	23726	-1	27
JAVYMY010000016	24103	25689	1	28
JAVYMY010000016	25863	27518	-1	29
JAVYMY010000016	27766	28140	1	30
JAVYMY010000017	102	332	-1	1
JAVYMY010000017	307	825	-1	2
JAVYMY010000017	915	1724	1	3
JAVYMY010000017	1870	2850	-1	4
JAVYMY010000017	2964	4805	1	5
JAVYMY010000017	4877	5068	1	6
JAVYMY010000017	5037	6308	-1	7
JAVYMY010000017	6419	7390	1	8
JAVYMY010000017	7420	9504	-1	9
JAVYMY010000017	9492	9764	-1	10
JAVYMY010000017	9958	10143	1	11
JAVYMY010000017	10381	10632	1	12
JAVYMY010000017	10948	11910	-1	13
JAVYMY010000017	11959	12198	-1	14
JAVYMY010000017	12182	12904	-1	15
JAVYMY010000017	13192	13674	1	16
JAVYMY010000017	13783	14547	-1	17
JAVYMY010000017	14561	14974	-1	18
JAVYMY010000017	15047	15856	-1	19
JAVYMY010000017	16077	16469	1	20
JAVYMY010000017	16466	18118	1	21
JAVYMY010000017	18127	18807	-1	22
JAVYMY010000017	18892	19182	-1	23
JAVYMY010000017	19323	22958	1	24
JAVYMY010000017	22942	23205	-1	25
JAVYMY010000017	24000	24545	-1	26
JAVYMY010000017	24615	24875	1	27
JAVYMY010000017	25110	26201	-1	28
JAVYMY010000018	3	281	-1	1
JAVYMY010000018	510	1442	1	2
JAVYMY010000018	1439	2203	1	3
JAVYMY010000018	2190	3293	1	4
JAVYMY010000018	3290	3523	1	5
JAVYMY010000018	3570	5015	1	6
JAVYMY010000018	5017	6354	1	7
JAVYMY010000018	6565	7209	1	8
JAVYMY010000018	7338	7904	1	9
JAVYMY010000018	7946	8641	1	10
JAVYMY010000018	8735	9289	1	11
JAVYMY010000018	9357	10040	1	12
JAVYMY010000018	10037	11257	1	13
JAVYMY010000018	11254	12303	1	14
JAVYMY010000018	12300	13640	-1	15
JAVYMY010000018	13722	14186	1	16
JAVYMY010000018	14165	14737	-1	17
JAVYMY010000018	14951	15649	1	18
JAVYMY010000018	15930	16829	-1	19
JAVYMY010000018	17384	18127	1	20
JAVYMY010000018	18201	21332	1	21
JAVYMY010000018	21630	24062	1	22
JAVYMY010000018	24113	24274	-1	23
JAVYMY010000019	842	1045	1	1
JAVYMY010000019	1115	2038	1	2
JAVYMY010000019	2169	3287	1	3
JAVYMY010000019	3297	4214	1	4
JAVYMY010000019	4207	5049	1	5
JAVYMY010000019	5049	5798	1	6
JAVYMY010000019	5798	6454	1	7
JAVYMY010000019	6401	7426	-1	8
JAVYMY010000019	7531	8460	-1	9
JAVYMY010000019	8467	8748	-1	10
JAVYMY010000019	8754	9509	-1	11
JAVYMY010000019	9581	10528	1	12
JAVYMY010000019	10525	11358	1	13
JAVYMY010000019	11476	14613	-1	14
JAVYMY010000019	14607	15047	-1	15
JAVYMY010000019	15050	18802	-1	16
JAVYMY010000019	19032	20495	-1	17
JAVYMY010000019	21251	21685	-1	18
JAVYMY010000020	3	704	1	1
JAVYMY010000020	842	1363	-1	2
JAVYMY010000020	1578	2135	1	3
JAVYMY010000020	2179	3297	-1	4
JAVYMY010000020	3346	5223	-1	5
JAVYMY010000020	5367	5609	1	6
JAVYMY010000020	5658	6629	-1	7
JAVYMY010000020	6622	8535	-1	8
JAVYMY010000020	8546	8860	-1	9
JAVYMY010000020	9100	9846	-1	10
JAVYMY010000020	9956	10288	1	11
JAVYMY010000020	10330	10593	1	12
JAVYMY010000020	10626	10997	1	13
JAVYMY010000020	11099	12055	-1	14
JAVYMY010000020	12782	13492	-1	15
JAVYMY010000020	13614	14897	-1	16
JAVYMY010000020	14898	15290	-1	17
JAVYMY010000020	15287	16408	-1	18
JAVYMY010000020	16405	16587	-1	19
JAVYMY010000021	1	309	1	1
JAVYMY010000021	274	1122	-1	2
JAVYMY010000021	1210	2748	1	3
JAVYMY010000021	2734	3315	-1	4
JAVYMY010000021	3305	4420	-1	5
JAVYMY010000021	4417	5892	-1	6
JAVYMY010000021	5889	6491	-1	7
JAVYMY010000021	6590	7384	1	8
JAVYMY010000021	7381	7659	-1	9
JAVYMY010000021	7706	8134	-1	10
JAVYMY010000021	8227	8715	-1	11
JAVYMY010000021	8712	10346	-1	12
JAVYMY010000021	10327	11160	-1	13
JAVYMY010000021	11147	12937	-1	14
JAVYMY010000021	12934	13188	-1	15
JAVYMY010000021	13185	13871	-1	16
JAVYMY010000021	13868	14503	-1	17
JAVYMY010000021	14523	15464	-1	18
JAVYMY010000022	3	1529	-1	1
JAVYMY010000022	1545	2345	-1	2
JAVYMY010000022	2353	3354	-1	3
JAVYMY010000022	3356	4222	-1	4
JAVYMY010000022	4219	5229	-1	5
JAVYMY010000022	5240	7306	-1	6
JAVYMY010000022	7464	8963	1	7
JAVYMY010000022	8964	10202	-1	8
JAVYMY010000022	10295	11743	1	9
JAVYMY010000022	11740	14424	-1	10
JAVYMY010000023	2	181	1	1
JAVYMY010000023	621	710	1	2
JAVYMY010000023	717	950	-1	3
JAVYMY010000023	1872	2954	-1	4
JAVYMY010000023	3016	3531	1	5
JAVYMY010000023	3532	4812	1	6
JAVYMY010000023	4879	6327	1	7
JAVYMY010000023	6317	7573	-1	8
JAVYMY010000023	7570	9069	-1	9
JAVYMY010000023	9088	9495	-1	10
JAVYMY010000023	9689	11287	1	11
JAVYMY010000023	11301	12605	1	12
JAVYMY010000023	12715	13338	-1	13
JAVYMY010000023	13469	14500	-1	14
JAVYMY010000024	1	870	1	1
JAVYMY010000024	1213	1719	1	2
JAVYMY010000024	1734	2111	1	3
JAVYMY010000024	2080	2820	1	4
JAVYMY010000024	2804	3058	-1	5
JAVYMY010000024	3120	3296	1	6
JAVYMY010000024	3378	4283	-1	7
JAVYMY010000024	4288	5463	-1	8
JAVYMY010000024	5471	5755	-1	9
JAVYMY010000024	5759	6409	-1	10
JAVYMY010000024	6473	6739	1	11
JAVYMY010000024	6742	7497	-1	12
JAVYMY010000024	7578	7958	1	13
JAVYMY010000024	7939	8250	-1	14
JAVYMY010000024	8272	10092	-1	15
JAVYMY010000024	10165	13014	1	16
JAVYMY010000025	2	187	1	1
JAVYMY010000025	256	975	1	2
JAVYMY010000025	1002	1976	1	3
JAVYMY010000025	1969	2967	1	4
JAVYMY010000025	2968	3999	-1	5
JAVYMY010000025	4111	4842	1	6
JAVYMY010000025	4893	5150	1	7
JAVYMY010000025	5186	5998	1	8
JAVYMY010000025	6087	7703	1	9
JAVYMY010000025	7780	8667	1	10
JAVYMY010000025	8670	9524	1	11
JAVYMY010000025	9521	10630	1	12
JAVYMY010000025	10627	11709	1	13
JAVYMY010000025	11721	12695	1	14
JAVYMY010000025	12924	13058	1	15
JAVYMY010000026	2	136	-1	1
JAVYMY010000026	212	406	1	2
JAVYMY010000026	457	1725	-1	3
JAVYMY010000026	1700	2332	-1	4
JAVYMY010000026	2431	4569	1	5
JAVYMY010000026	5105	5461	1	6
JAVYMY010000026	5528	5632	-1	7
JAVYMY010000026	5691	7328	-1	8
JAVYMY010000026	7313	8554	-1	9
JAVYMY010000026	8631	9428	-1	10
JAVYMY010000027	3	335	-1	1
JAVYMY010000027	360	1301	-1	2
JAVYMY010000027	1443	2576	1	3
JAVYMY010000027	2589	3866	1	4
JAVYMY010000027	4832	6718	1	5
JAVYMY010000027	6896	8206	-1	6
JAVYMY010000027	8531	8851	-1	7
JAVYMY010000027	8892	9311	1	8
JAVYMY010000028	76	1185	-1	1
JAVYMY010000028	1228	1665	-1	2
JAVYMY010000028	3515	4528	1	3
JAVYMY010000028	4588	5601	1	4
JAVYMY010000028	5604	6200	1	5
JAVYMY010000028	6775	6933	-1	6
JAVYMY010000029	3	290	-1	1
JAVYMY010000029	403	867	-1	2
JAVYMY010000029	1039	2361	1	3
JAVYMY010000029	2501	3805	1	4
JAVYMY010000029	4010	5911	-1	5
JAVYMY010000029	6069	6362	-1	6
JAVYMY010000029	6386	6922	-1	7
JAVYMY010000030	253	1998	1	1
JAVYMY010000030	2003	2275	-1	2
JAVYMY010000030	2292	2762	-1	3
JAVYMY010000030	2778	3527	-1	4
JAVYMY010000030	3538	4701	-1	5
JAVYMY010000030	4767	5087	1	6
JAVYMY010000030	5099	6391	-1	7
JAVYMY010000031	3	239	1	1
JAVYMY010000031	451	2022	-1	2
JAVYMY010000031	2028	3986	-1	3
JAVYMY010000031	4091	5266	1	4
JAVYMY010000032	2	148	-1	1
JAVYMY010000032	145	1245	-1	2
JAVYMY010000032	1242	3854	-1	3
JAVYMY010000032	3855	4607	-1	4
JAVYMY010000032	4652	5434	-1	5
JAVYMY010000033	2	238	1	1
JAVYMY010000033	226	1218	1	2
JAVYMY010000033	1287	3374	1	3
JAVYMY010000033	3371	4774	1	4
JAVYMY010000034	348	1775	-1	1
JAVYMY010000034	1815	3320	-1	2
JAVYMY010000034	3317	3616	-1	3
JAVYMY010000034	3830	4852	1	4
JAVYMY010000035	903	1103	-1	1
JAVYMY010000035	1545	3368	1	2
JAVYMY010000035	3745	4173	1	3
JAVYMY010000036	3	233	-1	1
JAVYMY010000036	549	1862	1	2
JAVYMY010000036	1877	2671	-1	3
JAVYMY010000036	2717	4015	-1	4
JAVYMY010000036	4240	4341	-1	5
JAVYMY010000037	74	1585	-1	1
JAVYMY010000037	1813	3126	1	2
JAVYMY010000037	3331	3528	1	3
JAVYMY010000038	2	1147	-1	1
JAVYMY010000038	1209	3152	-1	2
JAVYMY010000038	3272	3454	-1	3
JAVYMY010000039	1	3183	1	1
JAVYMY010000039	3198	3398	-1	2
JAVYMY010000040	3	146	1	1
JAVYMY010000040	852	1940	1	2
JAVYMY010000040	2075	2191	-1	3
JAVYMY010000040	2310	2510	-1	4
JAVYMY010000040	2794	2952	-1	5
JAVYMY010000040	3090	3362	-1	6
JAVYMY010000041	2	142	-1	1
JAVYMY010000041	418	1065	1	2
JAVYMY010000041	1071	2420	1	3
JAVYMY010000041	2534	2845	-1	4
JAVYMY010000041	3092	3304	1	5
JAVYMY010000042	2	529	1	1
JAVYMY010000042	569	1690	-1	2
JAVYMY010000042	1680	3155	-1	3
JAVYMY010000043	2	844	-1	1
JAVYMY010000043	2774	3037	-1	2
JAVYMY010000044	2	1135	1	1
JAVYMY010000044	2358	2615	1	2
JAVYMY010000044	2730	2999	1	3
JAVYMY010000045	1	141	1	1
JAVYMY010000045	160	690	1	2
JAVYMY010000045	698	2128	1	3
JAVYMY010000045	2508	2720	1	4
JAVYMY010000046	3	212	1	1
JAVYMY010000046	322	2571	1	2
