Hmm	ORF	tlen	qlen	Eval	score	start	end	Acc	Pos	Cov_seq	Cov_hmm	strand
AbiEii_0_CAS-III	JAVYMY010000001_139	451	284	0.00096	15.2	131203	132555	JAVYMY010000001	139	0.07982261640798226	0.1267605633802817	-1
AbiEii_0_CAS-III	JAVYMY010000001_203	326	284	0.0052	12.8	186586	187563	JAVYMY010000001	203	0.07975460122699386	0.08450704225352113	1
AbiEii_0_CAS-III	JAVYMY010000001_49	265	284	5.3e-07	25.9	51569	52363	JAVYMY010000001	49	0.5509433962264151	0.5	-1
AbiEii_0_CAS-III	JAVYMY010000001_61	235	284	4.1e-05	19.7	62740	63444	JAVYMY010000001	61	0.2425531914893617	0.2007042253521127	-1
AbiEii_0_CAS-III	JAVYMY010000001_91	254	284	0.0024	13.9	91031	91792	JAVYMY010000001	91	0.19291338582677164	0.16901408450704225	-1
AbiEii_0_CAS-III	JAVYMY010000002_48	246	284	4.7e-08	29.3	43673	44410	JAVYMY010000002	48	0.3902439024390244	0.3204225352112676	1
AbiEii_0_CAS-III	JAVYMY010000002_54	257	284	4.5e-05	19.5	48975	49745	JAVYMY010000002	54	0.41245136186770426	0.35563380281690143	1
AbiEii_0_CAS-III	JAVYMY010000002_89	373	284	4.7e-06	22.7	79749	80867	JAVYMY010000002	89	0.16085790884718498	0.19718309859154928	-1
AbiEii_0_CAS-III	JAVYMY010000003_10	200	284	0.003	13.5	10970	11569	JAVYMY010000003	10	0.36	0.27816901408450706	1
AbiEii_0_CAS-III	JAVYMY010000003_111	313	284	0.0014	14.7	99616	100554	JAVYMY010000003	111	0.10543130990415335	0.11619718309859155	1
AbiEii_0_CAS-III	JAVYMY010000004_64	467	284	5.6e-14	48.7	63093	64493	JAVYMY010000004	64	0.4817987152034261	0.44014084507042256	-1
AbiEii_0_CAS-III	JAVYMY010000004_78	476	284	5.5e-11	38.9	82730	84157	JAVYMY010000004	78	0.3802521008403361	0.4964788732394366	1
AbiEii_0_CAS-III	JAVYMY010000005_16	745	284	2.7e-06	23.5	19280	21514	JAVYMY010000005	16	0.06442953020134229	0.09154929577464789	-1
AbiEii_0_CAS-III	JAVYMY010000006_36	256	284	6.1e-06	22.4	27880	28647	JAVYMY010000006	36	0.37109375	0.323943661971831	-1
AbiEii_0_CAS-III	JAVYMY010000006_47	255	284	1.2e-08	31.3	37647	38411	JAVYMY010000006	47	0.4745098039215686	0.36971830985915494	1
AbiEii_0_CAS-III	JAVYMY010000007_27	241	284	4.7e-07	26.0	26470	27192	JAVYMY010000007	27	0.44813278008298757	0.36619718309859156	-1
AbiEii_0_CAS-III	JAVYMY010000007_29	327	284	6.7e-08	28.8	27731	28711	JAVYMY010000007	29	0.22629969418960244	0.2640845070422535	1
AbiEii_0_CAS-III	JAVYMY010000009_63	737	284	2.2e-06	23.8	48678	50888	JAVYMY010000009	63	0.054274084124830396	0.07394366197183098	-1
AbiEii_0_CAS-III	JAVYMY010000010_30	404	284	0.001	15.1	33843	35054	JAVYMY010000010	30	0.09158415841584158	0.1267605633802817	-1
AbiEii_0_CAS-III	JAVYMY010000010_4	247	284	2.5e-09	33.5	5120	5860	JAVYMY010000010	4	0.41700404858299595	0.352112676056338	-1
AbiEii_0_CAS-III	JAVYMY010000010_8	391	284	0.0032	13.4	9916	11088	JAVYMY010000010	8	0.23273657289002558	0.3380281690140845	-1
AbiEii_0_CAS-III	JAVYMY010000015_17	331	284	5.1e-07	25.9	13960	14952	JAVYMY010000015	17	0.23867069486404835	0.2640845070422535	-1
AbiEii_0_CAS-III	JAVYMY010000015_21	431	284	5.1e-06	22.6	18674	19966	JAVYMY010000015	21	0.2552204176334107	0.2887323943661972	1
AbiEii_0_CAS-III	JAVYMY010000016_12	603	284	0.00015	17.8	10235	12043	JAVYMY010000016	12	0.08623548922056384	0.11619718309859155	-1
AbiEii_0_CAS-III	JAVYMY010000019_6	250	284	5.7e-05	19.2	5049	5798	JAVYMY010000019	6	0.3	0.2535211267605634	1
AbiEii_1_CAS-III-A	JAVYMY010000002_48	246	335	0.00013	17.6	43673	44410	JAVYMY010000002	48	0.42276422764227645	0.3074626865671642	1
AbiEii_1_CAS-III-A	JAVYMY010000002_89	373	335	0.00012	17.8	79749	80867	JAVYMY010000002	89	0.22788203753351208	0.25970149253731345	-1
AbiEii_1_CAS-III-A	JAVYMY010000006_36	256	335	0.0022	13.5	27880	28647	JAVYMY010000006	36	0.28125	0.22686567164179106	-1
AbiEii_1_CAS-III-A	JAVYMY010000006_47	255	335	0.00032	16.3	37647	38411	JAVYMY010000006	47	0.35294117647058826	0.26865671641791045	1
AbiEii_2_CAS-III-C	JAVYMY010000001_14	935	440	3.6e-06	22.8	13172	15976	JAVYMY010000001	14	0.24705882352941178	0.5181818181818182	1
AbiEii_2_CAS-III-C	JAVYMY010000002_89	373	440	0.017	10.7	79749	80867	JAVYMY010000002	89	0.19302949061662197	0.16590909090909092	-1
Cas10_0_CAS-III-C	JAVYMY010000014_22	291	959	0.001	13.6	19586	20458	JAVYMY010000014	22	0.3745704467353952	0.11157455683003129	-1
Cas10_0_III	JAVYMY010000008_43	217	414	0.00096	14.6	32819	33469	JAVYMY010000008	43	0.3087557603686636	0.1642512077294686	1
Cas10_0_IIIA	JAVYMY010000033_2	331	650	3.8e-10	35.5	226	1218	JAVYMY010000033	2	0.29607250755287007	0.18615384615384614	1
Cas10_0_IIIA	JAVYMY010000033_3	696	650	7.9e-16	54.2	1287	3374	JAVYMY010000033	3	0.2514367816091954	0.27076923076923076	1
Cas10_1_CAS-III	JAVYMY010000013_26	55	654	0.011	10.7	21550	21714	JAVYMY010000013	26	0.7090909090909091	0.05963302752293578	1
Cas10_1_CAS-III	JAVYMY010000033_2	331	654	6e-15	51.2	226	1218	JAVYMY010000033	2	0.5226586102719033	0.29510703363914376	1
Cas10_1_CAS-III	JAVYMY010000033_3	696	654	1.5e-15	53.2	1287	3374	JAVYMY010000033	3	0.2686781609195402	0.2981651376146789	1
Cas10_5_CAS-III	JAVYMY010000033_2	331	838	6.3e-08	27.6	226	1218	JAVYMY010000033	2	0.3413897280966767	0.1658711217183771	1
Cas10_5_CAS-III	JAVYMY010000033_3	696	838	2.6e-09	32.2	1287	3374	JAVYMY010000033	3	0.3505747126436782	0.27923627684964203	1
Cas10_7_CAS-III	JAVYMY010000008_43	217	410	0.00026	16.5	32819	33469	JAVYMY010000008	43	0.5898617511520737	0.2707317073170732	1
Cas10d_1_CAS-I-D	JAVYMY010000001_55	124	886	0.0022	12.5	58106	58477	JAVYMY010000001	55	0.6129032258064516	0.08239277652370203	-1
Cas10d_1_CAS-I-D	JAVYMY010000022_7	500	886	0.016	9.6	7464	8963	JAVYMY010000022	7	0.064	0.03611738148984198	1
Cas10d_3_CAS-I-D	JAVYMY010000009_26	455	834	9.4e-05	17.1	20561	21925	JAVYMY010000009	26	0.2043956043956044	0.10671462829736211	-1
Cas11b_1_CAS-I-B	JAVYMY010000007_55	180	162	0.0011	15.2	54034	54573	JAVYMY010000007	55	0.6111111111111112	0.49382716049382713	-1
Cas12a_0_VA	JAVYMY010000026_3	423	1288	0.35	4.8	457	1725	JAVYMY010000026	3	0.37115839243498816	0.12267080745341614	-1
Cas12a_1_CAS-V-A	JAVYMY010000009_65	74	1086	0.046	7.9	51231	51452	JAVYMY010000009	65	0.4594594594594595	0.034990791896869246	-1
Cas12a_1_CAS-V-A	JAVYMY010000026_3	423	1086	4.7e-07	24.5	457	1725	JAVYMY010000026	3	0.23404255319148937	0.09576427255985268	-1
Cas12c_0_CAS-V-C	JAVYMY010000010_36	1045	1272	0.03	8.2	39558	42692	JAVYMY010000010	36	0.12822966507177033	0.1069182389937107	-1
Cas12c_0_VC	JAVYMY010000010_36	1045	1256	0.16	5.7	39558	42692	JAVYMY010000010	36	0.12631578947368421	0.09792993630573249	-1
Cas12e_0_CAS-V-E	JAVYMY010000026_3	423	855	1.3e-06	23.2	457	1725	JAVYMY010000026	3	0.5957446808510638	0.2970760233918129	-1
Cas12f1_0_CAS-V-F	JAVYMY010000003_39	104	512	0.0042	12.3	33192	33503	JAVYMY010000003	39	0.6634615384615384	0.12109375	1
Cas12f1_0_CAS-V-F	JAVYMY010000026_3	423	512	4.8e-06	22.0	457	1725	JAVYMY010000026	3	0.3546099290780142	0.28125	-1
Cas12f1_1_CAS-V-F	JAVYMY010000026_3	423	557	6.1e-15	51.2	457	1725	JAVYMY010000026	3	0.5177304964539007	0.400359066427289	-1
Cas12f1_2_CAS-V-F	JAVYMY010000008_36	55	429	0.0076	11.6	28267	28431	JAVYMY010000008	36	0.6181818181818182	0.07925407925407925	1
Cas12f1_2_CAS-V-F	JAVYMY010000016_13	113	429	0.00039	15.9	12220	12558	JAVYMY010000016	13	0.3893805309734513	0.10023310023310024	-1
Cas12f1_2_CAS-V-F	JAVYMY010000026_3	423	429	2.6e-14	49.4	457	1725	JAVYMY010000026	3	0.5177304964539007	0.5034965034965035	-1
Cas12f2_0_CAS-V-F	JAVYMY010000026_3	423	517	2.3e-09	32.8	457	1725	JAVYMY010000026	3	0.7612293144208038	0.620889748549323	-1
Cas12f2_1_CAS-V-F	JAVYMY010000002_34	461	422	0.0019	13.7	29699	31081	JAVYMY010000002	34	0.06073752711496746	0.06872037914691943	-1
Cas12f2_1_CAS-V-F	JAVYMY010000003_39	104	422	0.11	7.9	33192	33503	JAVYMY010000003	39	0.6346153846153846	0.08767772511848342	1
Cas12f2_1_CAS-V-F	JAVYMY010000008_36	55	422	0.00091	14.7	28267	28431	JAVYMY010000008	36	0.5272727272727272	0.06872037914691943	1
Cas12f2_1_CAS-V-F	JAVYMY010000008_58	87	422	0.0064	12.0	45233	45493	JAVYMY010000008	58	0.39080459770114945	0.08056872037914692	1
Cas12f2_1_CAS-V-F	JAVYMY010000009_65	74	422	0.029	9.8	51231	51452	JAVYMY010000009	65	0.7027027027027027	0.08056872037914692	-1
Cas12f2_1_CAS-V-F	JAVYMY010000012_9	258	422	0.00077	15.0	7469	8242	JAVYMY010000012	9	0.2441860465116279	0.14218009478672985	-1
Cas12f2_1_CAS-V-F	JAVYMY010000026_3	423	422	1.9e-23	79.6	457	1725	JAVYMY010000026	3	0.5602836879432624	0.5592417061611374	-1
Cas12f2_2_CAS-V-F	JAVYMY010000001_180	291	493	0.012	10.6	167918	168790	JAVYMY010000001	180	0.09965635738831616	0.058823529411764705	-1
Cas12f2_2_CAS-V-F	JAVYMY010000008_36	55	493	0.011	10.7	28267	28431	JAVYMY010000008	36	0.5272727272727272	0.058823529411764705	1
Cas12f2_2_CAS-V-F	JAVYMY010000014_17	492	493	0.0018	13.4	14498	15973	JAVYMY010000014	17	0.09552845528455285	0.0973630831643002	-1
Cas12f2_2_CAS-V-F	JAVYMY010000014_9	142	493	0.012	10.7	9688	10113	JAVYMY010000014	9	0.24647887323943662	0.06693711967545639	1
Cas12f2_2_CAS-V-F	JAVYMY010000026_3	423	493	9.5e-07	24.2	457	1725	JAVYMY010000026	3	0.35933806146572106	0.2961460446247465	-1
Cas12f3_0_CAS-V-F	JAVYMY010000026_3	423	496	1.2e-07	27.4	457	1725	JAVYMY010000026	3	0.44208037825059104	0.3649193548387097	-1
Cas12g_0_CAS-V-G	JAVYMY010000026_3	423	771	1.9e-05	19.4	457	1725	JAVYMY010000026	3	0.32860520094562645	0.18028534370946822	-1
Cas12j_0_V-J	JAVYMY010000002_34	461	758	0.0085	10.4	29699	31081	JAVYMY010000002	34	0.14316702819956617	0.08839050131926121	-1
Cas12j_0_V-J	JAVYMY010000026_3	423	758	5.5e-06	20.9	457	1725	JAVYMY010000026	3	0.29550827423167847	0.15699208443271767	-1
Cas12m_0_V-M	JAVYMY010000005_43	69	577	0.0013	13.6	46372	46578	JAVYMY010000005	43	0.6521739130434783	0.07972270363951472	-1
Cas12m_0_V-M	JAVYMY010000008_58	87	577	0.0069	11.2	45233	45493	JAVYMY010000008	58	0.3563218390804598	0.05545927209705372	1
Cas12m_0_V-M	JAVYMY010000026_3	423	577	1.4e-06	23.4	457	1725	JAVYMY010000026	3	0.24822695035460993	0.16984402079722705	-1
Cas13Y_0_VI-Y	JAVYMY010000044_3	90	828	0.0011	13.4	2730	2999	JAVYMY010000044	3	0.6666666666666666	0.07125603864734299	1
Cas1_0_CAS-I-II-III-IV-V-VI	JAVYMY010000014_32	343	317	8.899999999999999e-75	248.1	28079	29107	JAVYMY010000014	32	0.9212827988338192	0.9968454258675079	-1
Cas1_0_CAS-III-B	JAVYMY010000014_32	343	266	0.0016	14.5	28079	29107	JAVYMY010000014	32	0.22740524781341107	0.2894736842105263	-1
Cas1_0_I-II-III	JAVYMY010000014_32	343	327	7.2e-77	255.0	28079	29107	JAVYMY010000014	32	0.9329446064139941	0.9938837920489296	-1
Cas1_0_I-II-III-V	JAVYMY010000014_32	343	315	1.9000000000000002e-57	190.9	28079	29107	JAVYMY010000014	32	0.9154518950437318	0.9904761904761905	-1
Cas1_0_IA	JAVYMY010000014_32	343	347	1.0000000000000001e-28	96.6	28079	29107	JAVYMY010000014	32	0.7580174927113703	0.7550432276657061	-1
Cas1_0_IC	JAVYMY010000014_32	343	340	4.1e-42	140.9	28079	29107	JAVYMY010000014	32	0.7463556851311953	0.7617647058823529	-1
Cas1_0_IE	JAVYMY010000014_32	343	269	2.3e-10	36.5	28079	29107	JAVYMY010000014	32	0.4868804664723032	0.6096654275092936	-1
Cas1_0_II	JAVYMY010000014_32	343	278	1.1e-35	119.6	28079	29107	JAVYMY010000014	32	0.8163265306122449	0.9064748201438849	-1
Cas1_0_V	JAVYMY010000014_32	343	317	7.6e-20	67.6	28079	29107	JAVYMY010000014	32	0.7259475218658892	0.7476340694006309	-1
Cas1_1_CAS-I-II-III-IV-V-VI	JAVYMY010000014_32	343	261	1.9e-70	233.5	28079	29107	JAVYMY010000014	32	0.7463556851311953	0.9693486590038314	-1
Cas1_3_CAS-I-II-III-IV-V-VI	JAVYMY010000014_32	343	262	1.5e-10	37.1	28079	29107	JAVYMY010000014	32	0.4868804664723032	0.6259541984732825	-1
Cas1_4_CAS-I-II-III-IV-V-VI	JAVYMY010000014_32	343	275	2.8e-36	121.5	28079	29107	JAVYMY010000014	32	0.8221574344023324	0.9163636363636364	-1
Cas1_5_CAS-I-II-III-IV-V-VI	JAVYMY010000014_32	343	338	1.5e-41	139.1	28079	29107	JAVYMY010000014	32	0.7434402332361516	0.7633136094674556	-1
Cas1_6_CAS-I-II-III-IV-V-VI	JAVYMY010000014_32	343	320	3.4e-26	88.6	28079	29107	JAVYMY010000014	32	0.9067055393586005	0.9625	-1
Cas1_7_CAS-I-II-III-IV-V-VI	JAVYMY010000014_32	343	328	2.1e-74	246.9	28079	29107	JAVYMY010000014	32	0.9446064139941691	0.9817073170731707	-1
Cas1_8_CAS-I-II-III-IV-V-VI	JAVYMY010000014_32	343	283	7.2e-79	261.3	28079	29107	JAVYMY010000014	32	0.8134110787172012	0.9929328621908127	-1
Cas2_0_CAS-I-II-III-IV-V-VI	JAVYMY010000014_31	93	90	1.4e-12	44.3	27787	28065	JAVYMY010000014	31	0.8279569892473119	0.8777777777777778	-1
Cas2_0_I-II-III	JAVYMY010000014_31	93	96	8.2e-12	41.7	27787	28065	JAVYMY010000014	31	0.8279569892473119	0.8333333333333334	-1
Cas2_0_I-II-III-V	JAVYMY010000014_31	93	83	6e-11	38.9	27787	28065	JAVYMY010000014	31	0.6989247311827957	0.8192771084337349	-1
Cas2_11_CAS-I-II-III-IV-V-VI	JAVYMY010000014_31	93	71	1.6e-13	47.1	27787	28065	JAVYMY010000014	31	0.6881720430107527	0.8873239436619719	-1
Cas2_11_CAS-I-II-III-IV-V-VI	JAVYMY010000020_12	88	71	0.0008	16.0	10330	10593	JAVYMY010000020	12	0.42045454545454547	0.4788732394366197	1
Cas2_2_CAS-I-II-III-IV-V-VI	JAVYMY010000014_31	93	79	1.4e-14	50.5	27787	28065	JAVYMY010000014	31	0.8172043010752689	0.9493670886075949	-1
Cas2_2_CAS-I-II-III-IV-V-VI	JAVYMY010000020_12	88	79	0.0025	14.5	10330	10593	JAVYMY010000020	12	0.3409090909090909	0.379746835443038	1
Cas2_4_CAS-I-II-III-IV-V-VI	JAVYMY010000014_31	93	89	1.5e-14	50.5	27787	28065	JAVYMY010000014	31	0.7849462365591398	0.8202247191011236	-1
Cas2_6_CAS-I-II-III-IV-V-VI	JAVYMY010000014_31	93	90	0.00016	18.4	27787	28065	JAVYMY010000014	31	0.5268817204301075	0.5333333333333333	-1
Cas2_7_CAS-I-II-III-IV-V-VI	JAVYMY010000014_31	93	94	8e-18	61.2	27787	28065	JAVYMY010000014	31	0.8602150537634409	0.851063829787234	-1
Cas3-Cas2_0_CAS-I-F	JAVYMY010000014_22	291	1106	0.0033	11.6	19586	20458	JAVYMY010000014	22	0.22336769759450173	0.05786618444846293	-1
Cas3-Cas2_0_IF	JAVYMY010000014_22	291	1110	0.0028	11.8	19586	20458	JAVYMY010000014	22	0.2268041237113402	0.05855855855855856	-1
Cas3HD_0_CAS-I	JAVYMY010000002_117	551	203	0.0039	13.4	104521	106173	JAVYMY010000002	117	0.14882032667876588	0.41379310344827586	1
Cas3HD_0_CAS-I	JAVYMY010000009_48	203	203	0.00037	16.8	39319	39927	JAVYMY010000009	48	0.31527093596059114	0.3103448275862069	-1
Cas3HD_0_CAS-I	JAVYMY010000014_22	291	203	4.4e-19	65.5	19586	20458	JAVYMY010000014	22	0.7422680412371134	0.9507389162561576	-1
Cas3HD_0_CAS-I	JAVYMY010000014_3	523	203	1.4	5.1	2269	3837	JAVYMY010000014	3	0.21414913957934992	0.6009852216748769	1
Cas3HD_0_CAS-I	JAVYMY010000015_32	520	203	5.3e-05	19.5	27402	28961	JAVYMY010000015	32	0.18076923076923077	0.4187192118226601	-1
Cas3HD_1_CAS-I	JAVYMY010000009_48	203	191	0.00014	18.2	39319	39927	JAVYMY010000009	48	0.541871921182266	0.5759162303664922	-1
Cas3HD_1_CAS-I	JAVYMY010000014_22	291	191	7.3e-16	55.0	19586	20458	JAVYMY010000014	22	0.7422680412371134	1.0	-1
Cas3HD_2_CAS-I	JAVYMY010000014_22	291	231	7.8e-12	41.7	19586	20458	JAVYMY010000014	22	0.738831615120275	0.8398268398268398	-1
Cas3_0_CAS-I	JAVYMY010000005_18	1294	353	5.4e-05	18.8	22386	26267	JAVYMY010000005	18	0.1553323029366306	0.6345609065155807	1
Cas3_0_CAS-I	JAVYMY010000014_23	525	353	1.2e-37	126.2	20451	22025	JAVYMY010000014	23	0.5733333333333334	0.7337110481586402	-1
Cas3_0_CAS-I	JAVYMY010000017_21	551	353	7.7e-11	38.1	16466	18118	JAVYMY010000017	21	0.29764065335753176	0.47592067988668557	1
Cas3_0_CAS-I	JAVYMY010000017_24	1212	353	1.4e-07	27.4	19323	22958	JAVYMY010000017	24	0.0594059405940594	0.1954674220963173	1
Cas3_0_CAS-I	JAVYMY010000018_21	1044	353	1.3e-17	60.4	18201	21332	JAVYMY010000018	21	0.35823754789272033	0.9036827195467422	1
Cas3_0_CAS-I	JAVYMY010000019_14	1046	353	1.4e-05	20.7	11476	14613	JAVYMY010000019	14	0.24760994263862332	0.7025495750708215	-1
Cas3_0_CAS-I	JAVYMY010000024_16	950	353	1.5e-18	63.4	10165	13014	JAVYMY010000024	16	0.28	0.6883852691218131	1
Cas3_0_CAS-I-D	JAVYMY010000001_7	711	626	0.0022	12.6	5034	7166	JAVYMY010000001	7	0.10126582278481013	0.10862619808306709	-1
Cas3_0_CAS-I-D	JAVYMY010000017_21	551	626	0.0034	12.0	16466	18118	JAVYMY010000017	21	0.23411978221415608	0.20287539936102236	1
Cas3_0_CAS-I-D	JAVYMY010000017_24	1212	626	1.6e-05	19.7	19323	22958	JAVYMY010000017	24	0.07343234323432343	0.134185303514377	1
Cas3_0_CAS-I-D	JAVYMY010000018_21	1044	626	4.5e-11	38.0	18201	21332	JAVYMY010000018	21	0.15708812260536398	0.2364217252396166	1
Cas3_0_CAS-I-D	JAVYMY010000024_16	950	626	1.6e-11	39.5	10165	13014	JAVYMY010000024	16	0.16	0.2220447284345048	1
Cas3_0_CAS-I-U	JAVYMY010000014_23	525	843	5.2e-08	27.5	20451	22025	JAVYMY010000014	23	0.2019047619047619	0.1387900355871886	-1
Cas3_0_I	JAVYMY010000002_15	902	358	2.1e-11	39.9	11498	14203	JAVYMY010000002	15	0.38802660753880264	0.9217877094972067	-1
Cas3_0_I	JAVYMY010000005_18	1294	358	5.7e-06	22.0	22386	26267	JAVYMY010000005	18	0.12905718701700156	0.4748603351955307	1
Cas3_0_I	JAVYMY010000014_23	525	358	7.8e-37	123.5	20451	22025	JAVYMY010000014	23	0.5714285714285714	0.7318435754189944	-1
Cas3_0_I	JAVYMY010000017_21	551	358	8.7e-12	41.1	16466	18118	JAVYMY010000017	21	0.29764065335753176	0.48044692737430167	1
Cas3_0_I	JAVYMY010000017_24	1212	358	9e-07	24.6	19323	22958	JAVYMY010000017	24	0.06518151815181518	0.2122905027932961	1
Cas3_0_I	JAVYMY010000018_21	1044	358	2.9e-18	62.5	18201	21332	JAVYMY010000018	21	0.2959770114942529	0.6256983240223464	1
Cas3_0_I	JAVYMY010000019_14	1046	358	3.7e-06	22.6	11476	14613	JAVYMY010000019	14	0.248565965583174	0.7178770949720671	-1
Cas3_0_I	JAVYMY010000024_16	950	358	1.8e-19	66.4	10165	13014	JAVYMY010000024	16	0.28842105263157897	0.7039106145251397	1
Cas3_0_ID	JAVYMY010000002_15	902	357	0.00093	14.7	11498	14203	JAVYMY010000002	15	0.2361419068736142	0.5966386554621849	-1
Cas3_0_ID	JAVYMY010000003_3	394	357	0.0064	12.0	1793	2974	JAVYMY010000003	3	0.2182741116751269	0.24929971988795518	1
Cas3_0_ID	JAVYMY010000014_23	525	357	0.00027	16.5	20451	22025	JAVYMY010000014	23	0.4228571428571429	0.5910364145658263	-1
Cas3_0_ID	JAVYMY010000018_21	1044	357	4.3e-19	65.2	18201	21332	JAVYMY010000018	21	0.25287356321839083	0.7675070028011205	1
Cas3_0_ID	JAVYMY010000024_16	950	357	1.8e-08	30.2	10165	13014	JAVYMY010000024	16	0.2031578947368421	0.5994397759103641	1
Cas3_0_IU	JAVYMY010000014_23	525	864	4.3e-10	34.5	20451	22025	JAVYMY010000014	23	0.21142857142857144	0.14467592592592593	-1
Cas3_0_IU	JAVYMY010000017_24	1212	864	0.0011	13.4	19323	22958	JAVYMY010000017	24	0.05033003300330033	0.07291666666666667	1
Cas3_0_IU	JAVYMY010000024_16	950	864	0.00025	15.4	10165	13014	JAVYMY010000024	16	0.1968421052631579	0.1886574074074074	1
Cas3_1_CAS-I	JAVYMY010000002_38	380	745	0.0059	11.3	33678	34817	JAVYMY010000002	38	0.2026315789473684	0.36644295302013424	1
Cas3_1_CAS-I	JAVYMY010000005_18	1294	745	5.7e-07	24.6	22386	26267	JAVYMY010000005	18	0.0919629057187017	0.15436241610738255	1
Cas3_1_CAS-I	JAVYMY010000014_23	525	745	1.6e-46	155.4	20451	22025	JAVYMY010000014	23	0.540952380952381	0.3409395973154362	-1
Cas3_1_CAS-I	JAVYMY010000017_21	551	745	7.3e-05	17.6	16466	18118	JAVYMY010000017	21	0.29945553539019965	0.24295302013422818	1
Cas3_1_CAS-I	JAVYMY010000017_24	1212	745	1.7e-08	29.6	19323	22958	JAVYMY010000017	24	0.057755775577557754	0.10469798657718121	1
Cas3_1_CAS-I	JAVYMY010000018_21	1044	745	4.4e-14	48.1	18201	21332	JAVYMY010000018	21	0.22030651340996169	0.26308724832214764	1
Cas3_1_CAS-I	JAVYMY010000024_16	950	745	9.6e-17	56.9	10165	13014	JAVYMY010000024	16	0.3031578947368421	0.37718120805369126	1
Cas3_1_CAS-I-D	JAVYMY010000002_15	902	353	0.00054	15.5	11498	14203	JAVYMY010000002	15	0.3713968957871397	0.9518413597733711	-1
Cas3_1_CAS-I-D	JAVYMY010000014_23	525	353	0.00028	16.4	20451	22025	JAVYMY010000014	23	0.42095238095238097	0.5949008498583569	-1
Cas3_1_CAS-I-D	JAVYMY010000018_21	1044	353	4.1e-17	58.6	18201	21332	JAVYMY010000018	21	0.24904214559386972	0.7535410764872521	1
Cas3_1_CAS-I-D	JAVYMY010000024_16	950	353	3.7e-09	32.5	10165	13014	JAVYMY010000024	16	0.13157894736842105	0.3087818696883853	1
Cas3_1_CAS-I-D	JAVYMY010000031_2	524	353	0.008	11.6	451	2022	JAVYMY010000031	2	0.22519083969465647	0.3286118980169972	-1
Cas3_1_I	JAVYMY010000002_117	551	178	0.0022	14.4	104521	106173	JAVYMY010000002	117	0.09437386569872959	0.2752808988764045	1
Cas3_1_I	JAVYMY010000009_48	203	178	7.3e-07	25.8	39319	39927	JAVYMY010000009	48	0.37438423645320196	0.5561797752808989	-1
Cas3_1_I	JAVYMY010000014_22	291	178	2.7e-18	63.0	19586	20458	JAVYMY010000014	22	0.7319587628865979	1.0	-1
Cas3_1_I	JAVYMY010000015_32	520	178	0.0021	14.5	27402	28961	JAVYMY010000015	32	0.18076923076923077	0.43820224719101125	-1
Cas3_2_CAS-I	JAVYMY010000014_23	525	967	1e-05	20.2	20451	22025	JAVYMY010000014	23	0.23238095238095238	0.13340227507755947	-1
Cas3_2_CAS-I	JAVYMY010000018_21	1044	967	1.8e-12	42.5	18201	21332	JAVYMY010000018	21	0.25	0.25853154084798347	1
Cas3_2_CAS-I	JAVYMY010000024_16	950	967	1.5e-10	36.2	10165	13014	JAVYMY010000024	16	0.25157894736842107	0.23991726990692863	1
Cas3d_0_CAS-I-D	JAVYMY010000001_7	711	639	0.0025	12.6	5034	7166	JAVYMY010000001	7	0.08157524613220815	0.09546165884194054	-1
Cas3d_0_CAS-I-D	JAVYMY010000018_21	1044	639	1.3e-11	40.0	18201	21332	JAVYMY010000018	21	0.13697318007662834	0.2222222222222222	1
Cas3d_0_CAS-I-D	JAVYMY010000024_16	950	639	1.2e-07	26.9	10165	13014	JAVYMY010000024	16	0.13578947368421052	0.19248826291079812	1
Cas3d_1_CAS-I-D	JAVYMY010000008_23	170	627	0.00091	13.9	18932	19441	JAVYMY010000008	23	0.4294117647058823	0.11802232854864433	1
Cas3d_1_CAS-I-D	JAVYMY010000018_21	1044	627	2.8e-06	22.3	18201	21332	JAVYMY010000018	21	0.1867816091954023	0.2902711323763955	1
Cas4_0_CAS-I-II-III-IV-V-VI	JAVYMY010000003_96	210	179	9.7e-21	71.2	87319	87948	JAVYMY010000003	96	0.7952380952380952	0.9832402234636871	1
Cas4_0_CAS-I-II-III-IV-V-VI	JAVYMY010000014_30	173	179	4.9e-16	55.8	27269	27787	JAVYMY010000014	30	0.930635838150289	0.994413407821229	-1
Cas4_0_CAS-I-II-III-IV-V-VI	JAVYMY010000014_33	281	179	1.1e-09	35.1	29068	29910	JAVYMY010000014	33	0.6263345195729537	0.7653631284916201	-1
Cas4_0_CAS-I-II-III-IV-V-VI	JAVYMY010000031_3	653	179	1.2e-07	28.5	2028	3986	JAVYMY010000031	3	0.13935681470137826	0.3854748603351955	-1
Cas4_0_I-II	JAVYMY010000003_96	210	180	5.300000000000001e-22	74.9	87319	87948	JAVYMY010000003	96	0.8952380952380953	0.9777777777777777	1
Cas4_0_I-II	JAVYMY010000014_30	173	180	3.3e-18	62.5	27269	27787	JAVYMY010000014	30	0.930635838150289	0.9888888888888889	-1
Cas4_0_I-II	JAVYMY010000014_33	281	180	3.2e-07	26.7	29068	29910	JAVYMY010000014	33	0.5160142348754448	0.7611111111111111	-1
Cas4_0_I-II	JAVYMY010000031_3	653	180	7.4e-07	25.5	2028	3986	JAVYMY010000031	3	0.18989280245022971	0.4222222222222222	-1
Cas4_0_I-II-V	JAVYMY010000003_96	210	177	1.7e-17	60.4	87319	87948	JAVYMY010000003	96	0.7904761904761904	0.9774011299435028	1
Cas4_0_I-II-V	JAVYMY010000014_30	173	177	1.7e-14	50.6	27269	27787	JAVYMY010000014	30	0.930635838150289	0.9943502824858758	-1
Cas4_0_I-II-V	JAVYMY010000014_33	281	177	1.1e-07	28.4	29068	29910	JAVYMY010000014	33	0.48398576512455516	0.751412429378531	-1
Cas4_0_I-II-V	JAVYMY010000031_3	653	177	0.0003	17.2	2028	3986	JAVYMY010000031	3	0.17611026033690658	0.4632768361581921	-1
Cas4_0_IA	JAVYMY010000014_33	281	273	4.6e-75	249.2	29068	29910	JAVYMY010000014	33	0.9323843416370107	0.9706959706959707	-1
Cas4_0_V	JAVYMY010000003_96	210	178	0.00011	18.6	87319	87948	JAVYMY010000003	96	0.4523809523809524	0.5224719101123596	1
Cas4_1_CAS-I-II-III-IV-V-VI	JAVYMY010000014_33	281	270	3.6e-75	249.3	29068	29910	JAVYMY010000014	33	0.9395017793594306	0.9777777777777777	-1
Cas4_3_CAS-I-II-III-IV-V-VI	JAVYMY010000003_96	210	197	1.4e-10	37.9	87319	87948	JAVYMY010000003	96	0.8285714285714286	0.9289340101522843	1
Cas4_3_CAS-I-II-III-IV-V-VI	JAVYMY010000014_30	173	197	5.8e-14	49.0	27269	27787	JAVYMY010000014	30	0.9479768786127167	0.9187817258883249	-1
Cas4_3_CAS-I-II-III-IV-V-VI	JAVYMY010000014_33	281	197	1e-06	25.3	29068	29910	JAVYMY010000014	33	0.7864768683274022	0.8375634517766497	-1
Cas4_4_CAS-I-II-III-IV-V-VI	JAVYMY010000014_33	281	284	2.5e-74	246.7	29068	29910	JAVYMY010000014	33	0.9750889679715302	0.9788732394366197	-1
Cas4_5_CAS-I-II-III-IV-V-VI	JAVYMY010000003_96	210	161	2.9e-06	23.9	87319	87948	JAVYMY010000003	96	0.7904761904761904	0.9751552795031055	1
Cas4_5_CAS-I-II-III-IV-V-VI	JAVYMY010000014_30	173	161	2.1e-08	30.9	27269	27787	JAVYMY010000014	30	0.9132947976878613	0.9751552795031055	-1
Cas4_5_CAS-I-II-III-IV-V-VI	JAVYMY010000014_33	281	161	7.4e-05	19.4	29068	29910	JAVYMY010000014	33	0.5124555160142349	0.8819875776397516	-1
Cas4_6_CAS-I-II-III-IV-V-VI	JAVYMY010000014_33	281	292	3.8e-75	249.4	29068	29910	JAVYMY010000014	33	0.9928825622775801	0.9897260273972602	-1
Cas5_0_CAS-I	JAVYMY010000014_25	303	201	3.6e-07	26.5	23466	24374	JAVYMY010000014	25	0.6435643564356436	0.7064676616915423	-1
Cas5_0_CAS-I-A	JAVYMY010000001_136	644	179	0.041	10.2	127164	129095	JAVYMY010000001	136	0.15838509316770186	0.547486033519553	-1
Cas5_0_CAS-I-A	JAVYMY010000014_25	303	179	3.4e-18	62.6	23466	24374	JAVYMY010000014	25	0.7062706270627063	0.9385474860335196	-1
Cas5_0_IA	JAVYMY010000014_25	303	173	3.3e-05	20.2	23466	24374	JAVYMY010000014	25	0.264026402640264	0.4624277456647399	-1
Cas5_1_CAS-I	JAVYMY010000014_25	303	241	1.1e-11	41.3	23466	24374	JAVYMY010000014	25	0.45544554455445546	0.5643153526970954	-1
Cas5_1_CAS-I-A	JAVYMY010000014_25	303	192	2.8e-14	49.5	23466	24374	JAVYMY010000014	25	0.6633663366336634	0.8125	-1
Cas5_2_CAS-I	JAVYMY010000014_25	303	213	5.1e-06	22.9	23466	24374	JAVYMY010000014	25	0.66996699669967	0.6854460093896714	-1
Cas5a_0_CAS-I-A	JAVYMY010000014_25	303	284	5.1e-06	22.3	23466	24374	JAVYMY010000014	25	0.3333333333333333	0.36971830985915494	-1
Cas6_0_CAS-I-A-III-D	JAVYMY010000014_21	333	246	3.1000000000000003e-57	190.1	18566	19564	JAVYMY010000014	21	0.8888888888888888	0.9552845528455285	-1
Cas6_0_CAS-I-D	JAVYMY010000014_21	333	278	8.1e-29	97.4	18566	19564	JAVYMY010000014	21	0.8708708708708709	0.9748201438848921	-1
Cas6_0_CAS-I-II-III-IV-V-VI	JAVYMY010000014_21	333	194	0.006	13.4	18566	19564	JAVYMY010000014	21	0.4174174174174174	0.6082474226804123	-1
Cas6_0_I-III	JAVYMY010000014_21	333	200	0.0022	14.9	18566	19564	JAVYMY010000014	21	0.42042042042042044	0.6	-1
Cas6_15_CAS-I-II-III-IV-V-VI	JAVYMY010000014_21	333	112	6.5e-13	45.7	18566	19564	JAVYMY010000014	21	0.3993993993993994	1.0	-1
Cas6_4_CAS-I-II-III-IV-V-VI	JAVYMY010000001_176	178	289	0.0018	14.2	164206	164739	JAVYMY010000001	176	0.34269662921348315	0.20069204152249134	1
Cas7_0_CAS-I	JAVYMY010000014_26	363	230	1.5e-31	105.9	24388	25476	JAVYMY010000014	26	0.7134986225895317	0.9826086956521739	-1
Cas7_0_I	JAVYMY010000014_26	363	240	2.5e-32	108.2	24388	25476	JAVYMY010000014	26	0.7300275482093664	0.9791666666666666	-1
Cas7_0_IA	JAVYMY010000014_26	363	284	4.1e-71	235.9	24388	25476	JAVYMY010000014	26	0.7933884297520661	0.9823943661971831	-1
Cas7_1_CAS-I	JAVYMY010000014_26	363	274	1.0999999999999999e-69	231.1	24388	25476	JAVYMY010000014	26	0.7823691460055097	0.9854014598540146	-1
Cas7_2_CAS-I	JAVYMY010000014_26	363	338	2.7e-53	177.8	24388	25476	JAVYMY010000014	26	0.9035812672176309	0.9408284023668639	-1
Cas7_3_CAS-I	JAVYMY010000014_26	363	265	5.2e-64	212.2	24388	25476	JAVYMY010000014	26	0.7823691460055097	0.9962264150943396	-1
Cas8a1_1_IB	JAVYMY010000011_14	394	571	0.0098	10.7	14200	15381	JAVYMY010000011	14	0.19289340101522842	0.14185639229422067	-1
Cas8a3_0_CAS-I-A	JAVYMY010000014_24	389	383	1.1e-29	100.0	22303	23469	JAVYMY010000014	24	0.9048843187660668	0.9112271540469974	-1
Cas8a3_3_CAS-I-A	JAVYMY010000014_24	389	406	4.8e-38	127.2	22303	23469	JAVYMY010000014	24	0.9177377892030848	0.8990147783251231	-1
Cas8a6_0_CAS-I-A	JAVYMY010000014_24	389	375	0.0064	12.0	22303	23469	JAVYMY010000014	24	0.5578406169665809	0.5546666666666666	-1
Cas8a8_0_CAS-I-A	JAVYMY010000009_61	354	496	0.0071	11.5	47300	48361	JAVYMY010000009	61	0.21468926553672316	0.14717741935483872	-1
Cas8b1_2_CAS-I-B	JAVYMY010000011_14	394	385	0.00075	15.2	14200	15381	JAVYMY010000011	14	0.1598984771573604	0.16883116883116883	-1
Cas8b2_4_CAS-I-B	JAVYMY010000003_39	104	65	0.047	10.5	33192	33503	JAVYMY010000003	39	0.375	0.27692307692307694	1
CasR_0_CAS-I-II-III-IV-V-VI	JAVYMY010000001_48	516	198	0.0017	14.4	49977	51524	JAVYMY010000001	48	0.15310077519379844	0.40404040404040403	-1
CasR_0_CAS-I-II-III-IV-V-VI	JAVYMY010000002_113	147	198	4.9e-06	22.7	100209	100649	JAVYMY010000002	113	0.6054421768707483	0.4393939393939394	1
CasR_0_CAS-I-II-III-IV-V-VI	JAVYMY010000002_56	170	198	0.0028	13.7	51089	51598	JAVYMY010000002	56	0.3411764705882353	0.29292929292929293	1
CasR_0_CAS-I-II-III-IV-V-VI	JAVYMY010000004_28	125	198	4.1e-08	29.5	28936	29310	JAVYMY010000004	28	0.584	0.29292929292929293	1
CasR_0_CAS-I-II-III-IV-V-VI	JAVYMY010000006_67	221	198	0.011	11.7	52529	53191	JAVYMY010000006	67	0.5656108597285068	0.5555555555555556	-1
CasR_0_CAS-I-II-III-IV-V-VI	JAVYMY010000014_28	212	198	7.2e-20	67.8	25959	26594	JAVYMY010000014	28	0.8773584905660378	0.9292929292929293	-1
CasR_0_CAS-I-II-III-IV-V-VI	JAVYMY010000014_29	211	198	9.3e-21	70.7	26640	27272	JAVYMY010000014	29	0.933649289099526	0.98989898989899	1
CasR_0_CAS-I-II-III-IV-V-VI	JAVYMY010000021_2	283	198	5.5e-05	19.2	274	1122	JAVYMY010000021	2	0.1978798586572438	0.2777777777777778	-1
CasR_0_CAS-I-II-III-IV-V-VI	JAVYMY010000029_2	155	198	1.9e-05	20.8	403	867	JAVYMY010000029	2	0.32903225806451614	0.25757575757575757	-1
CasR_0_CAS-III-B	JAVYMY010000003_116	508	480	0.016	10.2	103971	105494	JAVYMY010000003	116	0.19488188976377951	0.19583333333333333	1
CasR_0_CAS-III-B-III-D	JAVYMY010000002_131	388	255	0.031	10.2	121895	123058	JAVYMY010000002	131	0.327319587628866	0.28627450980392155	1
CasR_0_CAS-III-B-III-D	JAVYMY010000020_1	234	255	0.13	8.1	3	704	JAVYMY010000020	1	0.48717948717948717	0.25098039215686274	1
CasR_1_CAS-I-II-III-IV-V-VI	JAVYMY010000001_48	516	218	0.00045	15.8	49977	51524	JAVYMY010000001	48	0.15891472868217055	0.27522935779816515	-1
CasR_1_CAS-I-II-III-IV-V-VI	JAVYMY010000002_113	147	218	6.3e-06	21.9	100209	100649	JAVYMY010000002	113	0.5850340136054422	0.22477064220183487	1
CasR_1_CAS-I-II-III-IV-V-VI	JAVYMY010000002_56	170	218	5.4e-05	18.9	51089	51598	JAVYMY010000002	56	0.45294117647058824	0.28440366972477066	1
CasR_1_CAS-I-II-III-IV-V-VI	JAVYMY010000004_26	247	218	0.00054	15.6	27324	28064	JAVYMY010000004	26	0.20242914979757085	0.24311926605504589	-1
CasR_1_CAS-I-II-III-IV-V-VI	JAVYMY010000004_28	125	218	2.6e-09	33.0	28936	29310	JAVYMY010000004	28	0.48	0.28440366972477066	1
CasR_1_CAS-I-II-III-IV-V-VI	JAVYMY010000008_64	76	218	0.0042	12.7	49239	49466	JAVYMY010000008	64	0.75	0.25229357798165136	-1
CasR_1_CAS-I-II-III-IV-V-VI	JAVYMY010000014_28	212	218	1.6e-18	63.1	25959	26594	JAVYMY010000014	28	0.8820754716981132	0.8623853211009175	-1
CasR_1_CAS-I-II-III-IV-V-VI	JAVYMY010000014_29	211	218	1.7e-25	85.8	26640	27272	JAVYMY010000014	29	0.9620853080568721	0.9403669724770642	1
CasR_1_CAS-I-II-III-IV-V-VI	JAVYMY010000021_2	283	218	3.9e-05	19.3	274	1122	JAVYMY010000021	2	0.18021201413427562	0.22935779816513763	-1
CasR_1_CAS-I-II-III-IV-V-VI	JAVYMY010000029_2	155	218	2.3e-07	26.6	403	867	JAVYMY010000029	2	0.32903225806451614	0.23394495412844038	-1
Cmr5gr11_7_CAS-III-B	JAVYMY010000010_36	1045	134	0.0059	13.1	39558	42692	JAVYMY010000010	36	0.06220095693779904	0.4701492537313433	-1
Csa3_1_CAS-I-II-III-IV-V-VI	JAVYMY010000002_144	521	118	0.0029	14.4	139599	141161	JAVYMY010000002	144	0.2053742802303263	0.7203389830508474	1
Csa3_1_CAS-I-II-III-IV-V-VI	JAVYMY010000004_28	125	118	5.2e-05	20.0	28936	29310	JAVYMY010000004	28	0.552	0.4830508474576271	1
Csa3_1_CAS-I-II-III-IV-V-VI	JAVYMY010000004_33	119	118	0.0031	14.3	32722	33078	JAVYMY010000004	33	0.6554621848739496	0.5338983050847458	1
Csa3_1_CAS-I-II-III-IV-V-VI	JAVYMY010000011_16	331	118	7.7e-07	25.9	16080	17072	JAVYMY010000011	16	0.32326283987915405	0.576271186440678	-1
Csa3_1_CAS-I-II-III-IV-V-VI	JAVYMY010000015_19	444	118	0.0089	12.8	16490	17821	JAVYMY010000015	19	0.14414414414414414	0.5338983050847458	1
Csa3_1_CAS-I-II-III-IV-V-VI	JAVYMY010000018_10	232	118	0.00037	17.3	7946	8641	JAVYMY010000018	10	0.5818965517241379	0.6949152542372882	1
Csa3_1_CAS-I-II-III-IV-V-VI	JAVYMY010000021_2	283	118	0.04	10.7	274	1122	JAVYMY010000021	2	0.3568904593639576	0.8389830508474576	-1
Csa3_1_CAS-I-II-III-IV-V-VI	JAVYMY010000029_2	155	118	0.0025	14.6	403	867	JAVYMY010000029	2	0.32903225806451614	0.4830508474576271	-1
Csa5_0_IA	JAVYMY010000001_142	134	107	0.0051	13.5	134153	134554	JAVYMY010000001	142	0.5895522388059702	0.7383177570093458	-1
Csa5_0_IA	JAVYMY010000014_27	120	107	9.9e-05	19.0	25473	25832	JAVYMY010000014	27	0.31666666666666665	0.35514018691588783	-1
Csa5gr11_10_CAS-I-A	JAVYMY010000014_27	120	106	0.00035	17.3	25473	25832	JAVYMY010000014	27	0.2833333333333333	0.32075471698113206	-1
Csa5gr11_1_CAS-I-A	JAVYMY010000014_27	120	100	0.00062	16.4	25473	25832	JAVYMY010000014	27	0.25833333333333336	0.31	-1
Csa5gr11_1_CAS-III-B	JAVYMY010000014_27	120	145	0.00085	16.1	25473	25832	JAVYMY010000014	27	0.4	0.3310344827586207	-1
Csa5gr11_2_CAS-I-A	JAVYMY010000014_27	120	101	6.8e-05	19.7	25473	25832	JAVYMY010000014	27	0.26666666666666666	0.31683168316831684	-1
Csa5gr11_3_CAS-I-A	JAVYMY010000014_27	120	162	0.015	11.9	25473	25832	JAVYMY010000014	27	0.35833333333333334	0.2654320987654321	-1
Csa5gr11_5_CAS-I-A	JAVYMY010000014_27	120	127	2.7e-40	133.9	25473	25832	JAVYMY010000014	27	0.9166666666666666	0.8818897637795275	-1
Csa5gr11_8_CAS-I-A	JAVYMY010000004_36	504	109	0.029	10.8	35005	36516	JAVYMY010000004	36	0.21031746031746032	0.5963302752293578	1
Csa5gr11_9_CAS-I-A	JAVYMY010000014_27	120	115	3.8e-07	26.3	25473	25832	JAVYMY010000014	27	0.7333333333333333	0.7565217391304347	-1
Csm2gr11_4_CAS-III-A	JAVYMY010000001_136	644	142	0.19	8.1	127164	129095	JAVYMY010000001	136	0.21739130434782608	0.6056338028169014	-1
Csm6_0_CAS-III	JAVYMY010000012_7	279	189	3.6000000000000003e-28	94.7	5184	6020	JAVYMY010000012	7	0.5197132616487455	0.7619047619047619	1
Csm6_2_CAS-III	JAVYMY010000012_7	279	184	3.1999999999999997e-31	104.5	5184	6020	JAVYMY010000012	7	0.5448028673835126	0.8260869565217391	1
Csm6_4_CAS-III	JAVYMY010000033_4	468	414	3.1e-18	62.5	3371	4774	JAVYMY010000033	4	0.4636752136752137	0.48792270531400966	1
Csm6_5_CAS-III	JAVYMY010000012_7	279	278	1.1e-36	122.9	5184	6020	JAVYMY010000012	7	0.942652329749104	0.920863309352518	1
Csm6_6_CAS-III	JAVYMY010000012_7	279	136	3.6e-25	84.9	5184	6020	JAVYMY010000012	7	0.4838709677419355	0.9852941176470589	1
Csn2_7_CAS-II-A	JAVYMY010000001_49	265	372	0.0054	12.1	51569	52363	JAVYMY010000001	49	0.2792452830188679	0.20698924731182797	-1
Csn2_7_CAS-II-A	JAVYMY010000001_61	235	372	4.3e-05	19.0	62740	63444	JAVYMY010000001	61	0.4	0.25268817204301075	-1
Csn2_7_CAS-II-A	JAVYMY010000002_48	246	372	3.8e-05	19.2	43673	44410	JAVYMY010000002	48	0.44308943089430897	0.30913978494623656	1
Csn2_7_CAS-II-A	JAVYMY010000003_90	705	372	0.00078	14.9	80797	82911	JAVYMY010000003	90	0.06808510638297872	0.13172043010752688	-1
Csn2_7_CAS-II-A	JAVYMY010000004_64	467	372	9.4e-06	21.2	63093	64493	JAVYMY010000004	64	0.39828693790149894	0.3064516129032258	-1
Csn2_7_CAS-II-A	JAVYMY010000004_78	476	372	0.0031	12.9	82730	84157	JAVYMY010000004	78	0.22268907563025211	0.239247311827957	1
Csn2_7_CAS-II-A	JAVYMY010000006_47	255	372	1.2e-05	20.8	37647	38411	JAVYMY010000006	47	0.40784313725490196	0.2849462365591398	1
Csn2_7_CAS-II-A	JAVYMY010000010_4	247	372	0.00039	15.9	5120	5860	JAVYMY010000010	4	0.2874493927125506	0.19086021505376344	-1
Csn2_7_CAS-II-A	JAVYMY010000015_21	431	372	6.4e-06	21.7	18674	19966	JAVYMY010000015	21	0.39211136890951276	0.26344086021505375	1
Csn2_7_CAS-II-A	JAVYMY010000019_6	250	372	0.00058	15.3	5049	5798	JAVYMY010000019	6	0.352	0.239247311827957	1
Csn2_9_CAS-II-A	JAVYMY010000002_3	322	288	0.011	11.8	1510	2475	JAVYMY010000002	3	0.15838509316770186	0.1736111111111111	1
Csx18_0_CAS-I-III	JAVYMY010000003_110	108	96	1.7	5.1	99273	99596	JAVYMY010000003	110	0.24074074074074073	0.21875	-1
Csx1_0_CAS-III	JAVYMY010000033_4	468	396	3.5000000000000004e-32	108.5	3371	4774	JAVYMY010000033	4	0.9529914529914529	0.9772727272727273	1
Csx1_12_CAS-III	JAVYMY010000033_4	468	425	7.9e-31	103.9	3371	4774	JAVYMY010000033	4	0.9423076923076923	0.9505882352941176	1
Csx1_18_CAS-III	JAVYMY010000033_4	468	376	5.3e-15	52.3	3371	4774	JAVYMY010000033	4	0.48717948717948717	0.48404255319148937	1
Csx1_2_CAS-III	JAVYMY010000033_4	468	346	3e-16	56.1	3371	4774	JAVYMY010000033	4	0.39316239316239315	0.47109826589595377	1
Csx1_6_CAS-III	JAVYMY010000033_4	468	406	1.8999999999999998e-35	119.2	3371	4774	JAVYMY010000033	4	0.6068376068376068	0.6527093596059114	1
Csx3_2_CAS-I-III	JAVYMY010000001_139	451	277	0.0026	13.3	131203	132555	JAVYMY010000001	139	0.08869179600886919	0.1407942238267148	-1
Csx3_2_CAS-I-III	JAVYMY010000001_147	387	277	7.2e-05	18.4	137210	138370	JAVYMY010000001	147	0.06976744186046512	0.09747292418772563	-1
Csx3_2_CAS-I-III	JAVYMY010000001_203	326	277	0.00087	14.9	186586	187563	JAVYMY010000001	203	0.1165644171779141	0.1371841155234657	1
Csx3_2_CAS-I-III	JAVYMY010000003_10	200	277	0.0015	14.1	10970	11569	JAVYMY010000003	10	0.155	0.11191335740072202	1
Csx3_2_CAS-I-III	JAVYMY010000005_16	745	277	0.00033	16.3	19280	21514	JAVYMY010000005	16	0.05771812080536913	0.08303249097472924	-1
Csx3_2_CAS-I-III	JAVYMY010000005_48	417	277	0.0004	16.0	48746	49996	JAVYMY010000005	48	0.1366906474820144	0.20577617328519857	1
Csx3_2_CAS-I-III	JAVYMY010000009_63	737	277	0.003	13.1	48678	50888	JAVYMY010000009	63	0.05563093622795115	0.07581227436823104	-1
Csx3_2_CAS-I-III	JAVYMY010000016_26	338	277	0.0034	12.9	22064	23077	JAVYMY010000016	26	0.08579881656804733	0.09025270758122744	-1
CysH_0_IVB	JAVYMY010000001_120	280	249	0.00059	16.0	115126	115965	JAVYMY010000001	120	0.28214285714285714	0.30522088353413657	-1
CysH_0_IVB	JAVYMY010000004_61	344	249	1.8e-06	24.2	60705	61736	JAVYMY010000004	61	0.13372093023255813	0.18875502008032127	-1
CysH_0_IVB	JAVYMY010000013_5	646	249	2.3e-14	50.1	4499	6436	JAVYMY010000013	5	0.326625386996904	0.8514056224899599	-1
CysH_0_IVB	JAVYMY010000017_7	424	249	5.9e-17	58.5	5037	6308	JAVYMY010000017	7	0.49056603773584906	0.8072289156626506	-1
CysH_0_IVB	JAVYMY010000031_4	392	249	1.5e-12	44.1	4091	5266	JAVYMY010000031	4	0.29591836734693877	0.41767068273092367	1
HTH_0_CAS-III-B	JAVYMY010000006_17	232	217	0.002	14.2	13017	13712	JAVYMY010000006	17	0.27155172413793105	0.2903225806451613	-1
Mem_02_0_CAS-III-D	JAVYMY010000003_47	284	270	0.023	10.5	39840	40691	JAVYMY010000003	47	0.13380281690140844	0.14814814814814814	1
PD_DExK_0_CAS-I-B	JAVYMY010000003_96	210	231	4.3e-05	19.4	87319	87948	JAVYMY010000003	96	0.37142857142857144	0.36796536796536794	1
RecD_0_IVD	JAVYMY010000001_49	265	763	0.0022	12.5	51569	52363	JAVYMY010000001	49	0.3169811320754717	0.11140235910878113	-1
RecD_0_IVD	JAVYMY010000004_64	467	763	0.0098	10.4	63093	64493	JAVYMY010000004	64	0.11349036402569593	0.03669724770642202	-1
RecD_0_IVD	JAVYMY010000015_21	431	763	0.063	7.7	18674	19966	JAVYMY010000015	21	0.09744779582366589	0.03145478374836173	1
SSgr11_1_CAS-III-F	JAVYMY010000005_53	126	97	0.0043	13.4	53452	53829	JAVYMY010000005	53	0.4603174603174603	0.36082474226804123	-1
TnpB_1_Competitive	JAVYMY010000026_3	423	409	4.5e-07	25.3	457	1725	JAVYMY010000026	3	0.6430260047281324	0.6234718826405868	-1
Unk_02_0_CAS-III-A-III-B	JAVYMY010000017_19	270	261	0.0015	14.3	15047	15856	JAVYMY010000017	19	0.15925925925925927	0.16475095785440613	-1
Unk_04_0_CAS-I-E	JAVYMY010000001_78	477	63	4.6	3.9	78006	79436	JAVYMY010000001	78	0.2180293501048218	0.6190476190476191	-1
WYL_0_CAS-I-II-III-IV-V-VI	JAVYMY010000004_28	125	313	0.0039	13.1	28936	29310	JAVYMY010000004	28	0.448	0.18849840255591055	1
htpX_0_CAS-III-B	JAVYMY010000001_107	377	343	7.2e-10	34.9	102961	104091	JAVYMY010000001	107	0.5755968169761273	0.6355685131195336	1
