Contig	Start	End	Strand	Pos
CP084166	201	686	-1	1
CP084166	746	1192	-1	2
CP084166	1303	2487	1	3
CP084166	2541	2657	-1	4
CP084166	2827	3261	-1	5
CP084166	3332	3553	1	6
CP084166	3529	5187	1	7
CP084166	5519	6577	1	8
CP084166	6887	7342	1	9
CP084166	7384	7950	1	10
CP084166	7984	8364	-1	11
CP084166	8531	11119	1	12
CP084166	11239	11472	1	13
CP084166	11474	11734	1	14
CP084166	11772	13148	-1	15
CP084166	13401	14288	1	16
CP084166	14332	15372	1	17
CP084166	15365	16300	1	18
CP084166	16297	16752	-1	19
CP084166	16752	17327	-1	20
CP084166	17438	17998	1	21
CP084166	17998	19488	1	22
CP084166	19600	19956	1	23
CP084166	20120	21751	-1	24
CP084166	22010	23011	1	25
CP084166	23018	25990	-1	26
CP084166	26343	27800	1	27
CP084166	28054	28521	1	28
CP084166	28846	30081	1	29
CP084166	30169	31116	-1	30
CP084166	31345	32115	-1	31
CP084166	32259	35147	1	32
CP084166	35498	38581	-1	33
CP084166	38911	39594	1	34
CP084166	39681	41105	1	35
CP084166	41234	42496	-1	36
CP084166	42509	42760	-1	37
CP084166	42899	44053	1	38
CP084166	44074	44928	-1	39
CP084166	45262	46227	-1	40
CP084166	46377	46844	-1	41
CP084166	46967	47227	1	42
CP084166	47232	48443	1	43
CP084166	48484	48987	1	44
CP084166	49054	49983	-1	45
CP084166	50037	50612	-1	46
CP084166	50810	51148	1	47
CP084166	51166	51564	-1	48
CP084166	51728	52999	1	49
CP084166	52999	54717	1	50
CP084166	54721	55821	1	51
CP084166	55825	56979	1	52
CP084166	56945	57613	1	53
CP084166	57711	58022	1	54
CP084166	58203	60710	1	55
CP084166	60707	61495	1	56
CP084166	61503	61805	-1	57
CP084166	61976	63031	1	58
CP084166	63044	63880	-1	59
CP084166	63900	64931	-1	60
CP084166	65346	66392	1	61
CP084166	66710	72913	1	62
CP084166	72913	80922	1	63
CP084166	81114	81791	1	64
CP084166	81844	82818	1	65
CP084166	82889	83254	1	66
CP084166	83255	83704	1	67
CP084166	83784	84506	1	68
CP084166	84521	85429	-1	69
CP084166	85563	86327	1	70
CP084166	86481	87401	1	71
CP084166	87418	88776	-1	72
CP084166	88913	90769	1	73
CP084166	90771	93494	1	74
CP084166	93571	94629	-1	75
CP084166	94787	95404	-1	76
CP084166	95489	96976	-1	77
CP084166	97219	98013	1	78
CP084166	98029	99984	-1	79
CP084166	100182	104462	1	80
CP084166	104468	105364	1	81
CP084166	105423	108272	1	82
CP084166	108278	110065	1	83
CP084166	110269	111012	1	84
CP084166	111036	112223	1	85
CP084166	112322	114154	1	86
CP084166	114169	114627	-1	87
CP084166	114950	118255	1	88
CP084166	118286	120304	-1	89
CP084166	120452	121237	1	90
CP084166	121304	122356	1	91
CP084166	122382	123290	-1	92
CP084166	123446	125284	1	93
CP084166	125284	127200	1	94
CP084166	127338	127778	1	95
CP084166	127779	128378	-1	96
CP084166	128491	129558	-1	97
CP084166	130154	130702	-1	98
CP084166	130783	131187	1	99
CP084166	131299	135579	1	100
CP084166	135585	137333	1	101
CP084166	137387	137770	1	102
CP084166	137819	140758	1	103
CP084166	140773	142098	-1	104
CP084166	142193	143518	1	105
CP084166	143538	144902	-1	106
CP084166	145113	147200	-1	107
CP084166	147292	148251	-1	108
CP084166	148336	149364	-1	109
CP084166	149426	150961	-1	110
CP084166	151032	152765	-1	111
CP084166	152771	157045	-1	112
CP084166	157170	158492	1	113
CP084166	158534	159370	-1	114
CP084166	159380	160174	-1	115
CP084166	160194	161183	-1	116
CP084166	161293	162951	1	117
CP084166	162928	163719	-1	118
CP084166	163765	164046	-1	119
CP084166	164157	165968	1	120
CP084166	165984	167738	1	121
CP084166	167735	167920	1	122
CP084166	168217	168732	-1	123
CP084166	168804	169199	1	124
CP084166	169209	170174	-1	125
CP084166	170302	171417	1	126
CP084166	171570	171779	1	127
CP084166	171822	172184	-1	128
CP084166	172625	173524	-1	129
CP084166	173650	174765	1	130
CP084166	174918	175127	1	131
CP084166	175170	177161	-1	132
CP084166	177244	179307	1	133
CP084166	179390	181474	1	134
CP084166	181614	182720	1	135
CP084166	182798	183625	1	136
CP084166	183810	184604	1	137
CP084166	184788	185255	1	138
CP084166	185528	186550	1	139
CP084166	186584	187663	-1	140
CP084166	187781	188707	1	141
CP084166	188779	189552	1	142
CP084166	189593	190561	1	143
CP084166	190567	191859	-1	144
CP084166	191962	192996	-1	145
CP084166	193112	193690	-1	146
CP084166	194035	194175	1	147
CP084166	194384	195571	1	148
CP084166	195820	196026	1	149
CP084166	196200	196910	1	150
CP084166	196929	198404	-1	151
CP084166	198409	201393	-1	152
CP084166	201610	201972	-1	153
CP084166	202046	202960	-1	154
CP084166	203202	204944	1	155
CP084166	205020	205658	1	156
CP084166	205678	206520	1	157
CP084166	206868	207833	1	158
CP084166	207864	208793	1	159
CP084166	208900	209634	1	160
CP084166	209631	212444	1	161
CP084166	212456	213457	1	162
CP084166	213532	215337	1	163
CP084166	215394	216818	-1	164
CP084166	216951	217895	1	165
CP084166	217931	218926	-1	166
CP084166	219183	220229	1	167
CP084166	220226	221086	1	168
CP084166	221088	221879	1	169
CP084166	221876	223159	1	170
CP084166	223171	223650	1	171
CP084166	223634	224980	-1	172
CP084166	224992	225186	-1	173
CP084166	225372	227081	1	174
CP084166	227162	228103	-1	175
CP084166	228517	229092	1	176
CP084166	229097	229867	-1	177
CP084166	229954	231330	-1	178
CP084166	231330	232760	-1	179
CP084166	232886	234922	-1	180
CP084166	235047	237095	-1	181
CP084166	237105	237800	-1	182
CP084166	237876	238427	-1	183
CP084166	238428	238904	-1	184
CP084166	239007	240023	-1	185
CP084166	240127	240990	-1	186
CP084166	241154	242020	-1	187
CP084166	242260	242730	-1	188
CP084166	242742	243944	-1	189
CP084166	243955	244611	-1	190
CP084166	245164	245802	-1	191
CP084166	245917	246798	1	192
CP084166	246938	247174	1	193
CP084166	247153	247362	1	194
CP084166	247413	247565	1	195
CP084166	247666	247767	-1	196
CP084166	248044	248856	-1	197
CP084166	248968	250365	1	198
CP084166	250483	251424	1	199
CP084166	251531	252337	1	200
CP084166	252416	253279	1	201
CP084166	253292	256099	-1	202
CP084166	256181	257065	-1	203
CP084166	257247	257519	1	204
CP084166	257553	257747	-1	205
CP084166	257989	259443	-1	206
CP084166	259582	260082	-1	207
CP084166	260169	260801	1	208
CP084166	260867	261595	1	209
CP084166	261854	262792	1	210
CP084166	262948	263349	1	211
CP084166	263411	265219	1	212
CP084166	265228	265479	-1	213
CP084166	265578	266669	1	214
CP084166	266762	267907	1	215
CP084166	268359	269690	1	216
CP084166	269683	270423	1	217
CP084166	270426	276791	1	218
CP084166	276849	278264	1	219
CP084166	278274	278909	1	220
CP084166	278935	279525	1	221
CP084166	279586	280056	1	222
CP084166	280114	283269	1	223
CP084166	283282	285393	1	224
CP084166	285441	287276	1	225
CP084166	287489	295414	1	226
CP084166	295670	297472	-1	227
CP084166	297565	298536	1	228
CP084166	298618	300093	1	229
CP084166	300157	301587	-1	230
CP084166	301833	303860	1	231
CP084166	303823	305574	1	232
CP084166	305690	306283	1	233
CP084166	306447	307790	1	234
CP084166	307809	308678	-1	235
CP084166	308993	310552	1	236
CP084166	310721	311779	1	237
CP084166	311846	312991	-1	238
CP084166	313233	314885	-1	239
CP084166	315200	316207	1	240
CP084166	316278	317660	1	241
CP084166	317669	318406	-1	242
CP084166	318845	319684	1	243
CP084166	319963	320808	1	244
CP084166	320944	321609	1	245
CP084166	321613	323235	-1	246
CP084166	323282	323467	-1	247
CP084166	323598	324998	-1	248
CP084166	325165	326199	1	249
CP084166	326199	327086	1	250
CP084166	327098	327952	1	251
CP084166	327949	329259	1	252
CP084166	329259	329720	1	253
CP084166	329804	331621	1	254
CP084166	331643	332506	-1	255
CP084166	332499	333164	-1	256
CP084166	333189	334562	-1	257
CP084166	334607	337063	-1	258
CP084166	337181	339190	1	259
CP084166	339229	342300	-1	260
CP084166	342578	343801	1	261
CP084166	343884	345368	1	262
CP084166	345538	345960	-1	263
CP084166	346143	347174	1	264
CP084166	347247	347687	1	265
CP084166	347694	348278	-1	266
CP084166	348354	349103	-1	267
CP084166	349213	350070	1	268
CP084166	350075	351292	1	269
CP084166	351293	352078	1	270
CP084166	352161	353717	1	271
CP084166	353769	353969	-1	272
CP084166	354217	357321	1	273
CP084166	357444	358199	1	274
CP084166	358186	359136	1	275
CP084166	359271	361034	1	276
CP084166	361036	362292	-1	277
CP084166	362343	364403	-1	278
CP084166	364357	365184	-1	279
CP084166	365291	366040	1	280
CP084166	366099	366602	1	281
CP084166	366677	367822	1	282
CP084166	367892	369877	1	283
CP084166	369890	370954	-1	284
CP084166	371006	371869	-1	285
CP084166	371956	372675	-1	286
CP084166	372676	374397	-1	287
CP084166	374378	375136	-1	288
CP084166	375228	376031	-1	289
CP084166	376101	376817	-1	290
CP084166	376862	377647	-1	291
CP084166	377739	379916	-1	292
CP084166	380113	381696	1	293
CP084166	381708	382277	-1	294
CP084166	382349	383278	-1	295
CP084166	383445	384305	-1	296
CP084166	384553	384900	-1	297
CP084166	384893	385828	-1	298
CP084166	386002	386883	-1	299
CP084166	386918	387994	-1	300
CP084166	388348	388998	1	301
CP084166	389083	390525	1	302
CP084166	390652	391692	1	303
CP084166	391930	393000	1	304
CP084166	393001	393819	-1	305
CP084166	393856	395205	-1	306
CP084166	395267	395896	-1	307
CP084166	396049	397362	1	308
CP084166	397375	399255	1	309
CP084166	399298	400059	1	310
CP084166	400016	400570	1	311
CP084166	400567	402699	1	312
CP084166	402776	404146	1	313
CP084166	404327	404542	1	314
CP084166	404730	406004	1	315
CP084166	406001	408130	1	316
CP084166	408207	409577	1	317
CP084166	409758	409979	1	318
CP084166	410015	412042	-1	319
CP084166	412360	413121	1	320
CP084166	413131	413931	1	321
CP084166	413920	414354	-1	322
CP084166	414409	414930	1	323
CP084166	415061	415483	1	324
CP084166	415622	415981	-1	325
CP084166	416251	418455	-1	326
CP084166	418656	424433	-1	327
CP084166	424636	425511	1	328
CP084166	425723	426121	-1	329
CP084166	426230	426706	1	330
CP084166	426891	427439	-1	331
CP084166	427824	427973	1	332
CP084166	428053	428529	1	333
CP084166	428526	429422	-1	334
CP084166	429583	430020	-1	335
CP084166	430204	431262	1	336
CP084166	431395	433251	-1	337
CP084166	433336	434067	-1	338
CP084166	434505	435326	1	339
CP084166	435402	436070	1	340
CP084166	436242	437156	1	341
CP084166	437212	438174	1	342
CP084166	438175	438990	1	343
CP084166	439064	441118	1	344
CP084166	441303	443288	1	345
CP084166	443296	444387	-1	346
CP084166	444753	445529	-1	347
CP084166	445549	445647	1	348
CP084166	445706	446755	1	349
CP084166	446839	447693	1	350
CP084166	447716	448765	1	351
CP084166	448805	449068	1	352
CP084166	449080	449661	1	353
CP084166	449840	450874	1	354
CP084166	450884	451531	1	355
CP084166	451669	452514	1	356
CP084166	452546	453571	1	357
CP084166	453574	454716	-1	358
CP084166	454837	455526	1	359
CP084166	455541	456437	-1	360
CP084166	456522	457367	1	361
CP084166	457413	458369	1	362
CP084166	458440	459675	1	363
CP084166	459690	460424	-1	364
CP084166	460614	461471	1	365
CP084166	461551	464505	1	366
CP084166	464571	465458	-1	367
CP084166	465451	467202	-1	368
CP084166	467348	468313	1	369
CP084166	468552	470459	-1	370
CP084166	470640	471938	1	371
CP084166	472112	473629	1	372
CP084166	473796	478244	-1	373
CP084166	478492	479616	1	374
CP084166	479775	480503	1	375
CP084166	480542	481288	-1	376
CP084166	481402	482976	1	377
CP084166	482998	487518	1	378
CP084166	487577	495538	1	379
CP084166	495573	496334	1	380
CP084166	496356	496838	1	381
CP084166	497074	497661	-1	382
CP084166	497719	498234	1	383
CP084166	498270	499031	1	384
CP084166	499053	499517	1	385
CP084166	499770	500999	-1	386
CP084166	501112	501690	-1	387
CP084166	501927	502223	-1	388
CP084166	502328	503227	-1	389
CP084166	503229	504371	-1	390
CP084166	504364	506373	-1	391
CP084166	506373	507569	-1	392
CP084166	507837	508391	1	393
CP084166	508384	508980	1	394
CP084166	509201	510718	-1	395
CP084166	510971	513541	1	396
CP084166	513563	513838	1	397
CP084166	513933	514301	-1	398
CP084166	514532	514921	1	399
CP084166	514918	515229	1	400
CP084166	515862	517361	-1	401
CP084166	517688	517813	-1	402
CP084166	517968	518453	1	403
CP084166	518612	519997	-1	404
CP084166	519998	521398	-1	405
CP084166	521537	524947	1	406
CP084166	524995	526233	-1	407
CP084166	526322	526840	1	408
CP084166	527025	528260	1	409
CP084166	528400	529512	1	410
CP084166	529652	530545	1	411
CP084166	530614	531312	1	412
CP084166	531373	532479	1	413
CP084166	532496	533617	-1	414
CP084166	533960	534523	-1	415
CP084166	534616	536808	-1	416
CP084166	536929	537348	-1	417
CP084166	537404	538516	-1	418
CP084166	538648	538935	-1	419
CP084166	539001	539561	-1	420
CP084166	539718	541088	1	421
CP084166	541194	541943	1	422
CP084166	541940	542584	-1	423
CP084166	542709	544706	1	424
CP084166	544726	545670	-1	425
CP084166	545829	546242	1	426
CP084166	546260	547960	1	427
CP084166	547911	549284	1	428
CP084166	549347	549499	-1	429
CP084166	549636	552335	-1	430
CP084166	552618	555875	-1	431
CP084166	556045	557541	-1	432
CP084166	558273	559061	-1	433
CP084166	559062	560000	-1	434
CP084166	560035	560826	-1	435
CP084166	561281	561643	1	436
CP084166	561713	562687	-1	437
CP084166	563167	563649	-1	438
CP084166	563955	564170	1	439
CP084166	564262	564603	1	440
CP084166	564633	565757	-1	441
CP084166	565949	566272	-1	442
CP084166	566284	566640	-1	443
CP084166	566647	568077	-1	444
CP084166	568222	568557	-1	445
CP084166	568563	569276	1	446
CP084166	569280	569486	-1	447
CP084166	569580	569840	1	448
CP084166	569917	570981	-1	449
CP084166	571043	573805	1	450
CP084166	573817	574299	-1	451
CP084166	574968	576026	1	452
CP084166	576042	577466	1	453
CP084166	577659	577937	1	454
CP084166	578167	579501	-1	455
CP084166	579646	580056	-1	456
CP084166	580117	583266	-1	457
CP084166	583253	583960	-1	458
CP084166	584149	584847	1	459
CP084166	585123	585524	1	460
CP084166	585557	585925	-1	461
CP084166	585936	587048	-1	462
CP084166	587045	587584	-1	463
CP084166	587590	588021	-1	464
CP084166	588399	590156	-1	465
CP084166	590358	592733	-1	466
CP084166	592841	593530	1	467
CP084166	593576	594148	-1	468
CP084166	594398	594826	-1	469
CP084166	594831	596405	-1	470
CP084166	596490	596831	1	471
CP084166	597284	598066	1	472
CP084166	598147	598845	1	473
CP084166	598904	599278	1	474
CP084166	599345	599875	-1	475
CP084166	600226	600846	1	476
CP084166	600916	602205	1	477
CP084166	602356	603426	1	478
CP084166	603635	604102	1	479
CP084166	604314	606413	-1	480
CP084166	606578	607834	-1	481
CP084166	607984	608547	1	482
CP084166	608629	609195	1	483
CP084166	609228	609773	1	484
CP084166	609832	611067	1	485
CP084166	611137	612282	1	486
CP084166	612381	615275	1	487
CP084166	615470	616513	1	488
CP084166	616510	617421	1	489
CP084166	617433	618287	1	490
CP084166	618299	618862	-1	491
CP084166	619313	621883	1	492
CP084166	622018	624018	1	493
CP084166	624102	626072	-1	494
CP084166	626180	627007	1	495
CP084166	627494	628171	1	496
CP084166	628183	630399	-1	497
CP084166	630577	632934	1	498
CP084166	632947	633423	1	499
CP084166	633494	635419	-1	500
CP084166	635680	639624	1	501
CP084166	639723	640745	1	502
CP084166	640826	641389	1	503
CP084166	641434	644667	-1	504
CP084166	644812	645975	-1	505
CP084166	646048	646953	-1	506
CP084166	647052	647930	-1	507
CP084166	647970	648962	-1	508
CP084166	649024	651123	1	509
CP084166	651940	653670	1	510
CP084166	653677	654555	-1	511
CP084166	654721	656043	-1	512
CP084166	656171	656329	-1	513
CP084166	656437	657525	1	514
CP084166	657583	658578	1	515
CP084166	658584	660170	-1	516
CP084166	660247	661017	-1	517
CP084166	661298	662710	1	518
CP084166	662988	663452	-1	519
CP084166	663471	663803	-1	520
CP084166	664020	665513	1	521
CP084166	665565	666395	-1	522
CP084166	666392	667489	-1	523
CP084166	667496	669235	-1	524
CP084166	669267	670514	-1	525
CP084166	670631	670921	1	526
CP084166	670974	671666	1	527
CP084166	671688	672887	-1	528
CP084166	672884	673630	-1	529
CP084166	673784	674248	-1	530
CP084166	674622	675350	1	531
CP084166	675446	676678	1	532
CP084166	676694	676924	1	533
CP084166	676953	677870	1	534
CP084166	678058	678729	1	535
CP084166	678770	679438	1	536
CP084166	679529	681346	-1	537
CP084166	681506	682948	1	538
CP084166	682959	684332	1	539
CP084166	684478	685563	1	540
CP084166	685628	686938	1	541
CP084166	687033	688100	1	542
CP084166	688107	688412	1	543
CP084166	688614	689099	-1	544
CP084166	689171	690133	-1	545
CP084166	690151	691623	-1	546
CP084166	691853	692698	1	547
CP084166	692708	693637	1	548
CP084166	693701	693952	-1	549
CP084166	694127	694447	1	550
CP084166	694614	696062	-1	551
CP084166	696274	696951	1	552
CP084166	696948	698354	1	553
CP084166	698369	699277	-1	554
CP084166	699337	699609	-1	555
CP084166	699949	701124	1	556
CP084166	701340	701531	1	557
CP084166	701784	703217	-1	558
CP084166	703473	704963	-1	559
CP084166	705028	705324	-1	560
CP084166	705442	707235	-1	561
CP084166	707232	709013	-1	562
CP084166	709068	709976	-1	563
CP084166	710104	711336	-1	564
CP084166	711406	711990	-1	565
CP084166	712009	712137	-1	566
CP084166	712183	714288	-1	567
CP084166	714304	714522	-1	568
CP084166	714724	715797	-1	569
CP084166	716103	716819	-1	570
CP084166	716912	717850	1	571
CP084166	717854	718303	-1	572
CP084166	718321	718593	-1	573
CP084166	718633	718965	-1	574
CP084166	719083	720339	-1	575
CP084166	720516	721694	1	576
CP084166	721696	722526	-1	577
CP084166	722563	723477	-1	578
CP084166	723470	724315	-1	579
CP084166	724382	724756	-1	580
CP084166	724768	725097	-1	581
CP084166	725094	725402	-1	582
CP084166	725536	725958	-1	583
CP084166	726005	726355	-1	584
CP084166	726515	727792	1	585
CP084166	727823	727924	-1	586
CP084166	728026	729207	-1	587
CP084166	729368	730252	1	588
CP084166	730283	732085	-1	589
CP084166	732079	732510	-1	590
CP084166	732710	734038	1	591
CP084166	734115	734603	1	592
CP084166	734699	736972	1	593
CP084166	736953	737471	-1	594
CP084166	737619	739271	1	595
CP084166	739213	739701	-1	596
CP084166	739933	741750	-1	597
CP084166	741876	742397	1	598
CP084166	742430	743356	-1	599
CP084166	743367	744446	-1	600
CP084166	744578	746533	-1	601
CP084166	746536	747432	-1	602
CP084166	747531	748925	-1	603
CP084166	749165	750553	-1	604
CP084166	750575	752485	-1	605
CP084166	752619	753722	-1	606
CP084166	753882	754655	1	607
CP084166	754652	756325	-1	608
CP084166	756340	757746	-1	609
CP084166	757919	758764	1	610
CP084166	758742	760508	1	611
CP084166	760575	761759	1	612
CP084166	761939	763009	1	613
CP084166	763057	763908	-1	614
CP084166	763965	764150	1	615
CP084166	764469	765800	1	616
CP084166	765895	766416	-1	617
CP084166	766620	766841	1	618
CP084166	766890	767972	1	619
CP084166	767986	769071	-1	620
CP084166	769242	770219	1	621
CP084166	770282	770599	1	622
CP084166	770571	770900	1	623
CP084166	770866	771096	1	624
CP084166	771182	771400	1	625
CP084166	771406	772782	-1	626
CP084166	772873	773835	-1	627
CP084166	774017	774961	1	628
CP084166	775105	776541	1	629
CP084166	776621	778060	1	630
CP084166	778119	779561	1	631
CP084166	779585	780472	-1	632
CP084166	780809	782122	1	633
CP084166	782333	783229	1	634
CP084166	783240	783881	1	635
CP084166	783957	784514	1	636
CP084166	784515	785672	-1	637
CP084166	785830	787140	-1	638
CP084166	787141	787650	-1	639
CP084166	787716	788525	-1	640
CP084166	788587	790074	-1	641
CP084166	790167	790814	-1	642
CP084166	790820	791155	-1	643
CP084166	791232	792314	-1	644
CP084166	792327	793022	-1	645
CP084166	793104	794375	-1	646
CP084166	794646	794879	-1	647
CP084166	795075	796376	1	648
CP084166	796379	797200	1	649
CP084166	797279	798871	1	650
CP084166	798953	799120	1	651
CP084166	799143	800327	-1	652
CP084166	800334	800753	-1	653
CP084166	800750	801106	-1	654
CP084166	801247	801576	1	655
CP084166	801682	803265	1	656
CP084166	803344	804627	1	657
CP084166	804652	805395	1	658
CP084166	805404	806147	-1	659
CP084166	806243	806788	1	660
CP084166	806919	807683	1	661
CP084166	807755	808669	1	662
CP084166	808736	809101	1	663
CP084166	809127	809441	-1	664
CP084166	809507	809692	1	665
CP084166	809795	810595	-1	666
CP084166	810604	811920	-1	667
CP084166	812244	813587	1	668
CP084166	813599	813844	1	669
CP084166	813931	815676	-1	670
CP084166	815681	816286	-1	671
CP084166	816467	818002	1	672
CP084166	818050	818517	1	673
CP084166	818595	820379	1	674
CP084166	820547	821002	1	675
CP084166	821003	821212	1	676
CP084166	821196	821690	1	677
CP084166	822262	823224	-1	678
CP084166	823557	824090	1	679
CP084166	824341	824703	-1	680
CP084166	824682	825752	-1	681
CP084166	826261	827427	1	682
CP084166	827477	829147	-1	683
CP084166	829509	830606	1	684
CP084166	830611	831516	1	685
CP084166	831518	832375	1	686
CP084166	832446	832916	-1	687
CP084166	833148	834065	1	688
CP084166	834143	834691	1	689
CP084166	834783	835586	1	690
CP084166	835650	836210	1	691
CP084166	836276	837205	1	692
CP084166	837220	838671	-1	693
CP084166	838824	840173	-1	694
CP084166	840259	841737	-1	695
CP084166	841864	842745	-1	696
CP084166	842979	843950	-1	697
CP084166	844017	845024	-1	698
CP084166	845838	846575	-1	699
CP084166	847086	848384	1	700
CP084166	848520	849440	1	701
CP084166	849463	850509	1	702
CP084166	851116	853233	1	703
CP084166	853256	854440	1	704
CP084166	855054	856196	-1	705
CP084166	856536	857864	1	706
CP084166	857897	858778	-1	707
CP084166	859357	860661	-1	708
CP084166	860756	861454	1	709
CP084166	861512	862684	1	710
CP084166	862750	863943	1	711
CP084166	863962	865842	-1	712
CP084166	865971	867155	1	713
CP084166	867152	868714	-1	714
CP084166	868782	870962	1	715
CP084166	870965	872923	1	716
CP084166	872937	873434	1	717
CP084166	873461	874705	-1	718
CP084166	874848	875843	-1	719
CP084166	875828	876751	-1	720
CP084166	876865	877998	-1	721
CP084166	878024	879400	-1	722
CP084166	879707	881143	1	723
CP084166	881157	882155	-1	724
CP084166	882457	883401	-1	725
CP084166	883537	885450	-1	726
CP084166	886127	888004	1	727
CP084166	888328	889395	-1	728
CP084166	889419	890267	-1	729
CP084166	890415	890987	-1	730
CP084166	891144	892007	-1	731
CP084166	892774	893658	-1	732
CP084166	893842	894810	1	733
CP084166	894929	895096	1	734
CP084166	895258	897324	1	735
CP084166	897428	898687	-1	736
CP084166	899741	900790	1	737
CP084166	901530	901766	-1	738
CP084166	902689	903387	1	739
CP084166	903736	904095	1	740
CP084166	904070	904309	1	741
CP084166	904397	905320	1	742
CP084166	905398	906543	1	743
CP084166	906598	906792	1	744
CP084166	907326	908024	-1	745
CP084166	908468	909394	1	746
CP084166	910203	911333	1	747
CP084166	911495	911890	1	748
CP084166	911877	912440	1	749
CP084166	912601	913704	1	750
CP084166	913730	914998	1	751
CP084166	915082	915888	-1	752
CP084166	916103	917059	-1	753
CP084166	917286	917930	-1	754
CP084166	918356	919588	1	755
CP084166	919865	920068	-1	756
CP084166	920160	921221	1	757
CP084166	921666	923126	1	758
CP084166	923467	924027	1	759
CP084166	924315	925418	1	760
CP084166	925883	927076	-1	761
CP084166	927132	927977	-1	762
CP084166	928336	928764	1	763
CP084166	929095	931095	-1	764
CP084166	931085	934987	-1	765
CP084166	934990	935781	-1	766
CP084166	935772	936800	-1	767
CP084166	936833	937873	-1	768
CP084166	944570	946036	-1	769
CP084166	946047	947525	-1	770
CP084166	948029	948745	1	771
CP084166	948851	950863	1	772
CP084166	950856	951785	1	773
CP084166	951801	952553	1	774
CP084166	952528	954990	1	775
CP084166	955074	955604	1	776
CP084166	955614	956591	1	777
CP084166	956582	956857	1	778
CP084166	961607	962407	-1	779
CP084166	962762	964246	1	780
CP084166	964494	965351	1	781
CP084166	965790	966053	1	782
CP084166	966199	967230	-1	783
CP084166	967200	967322	-1	784
CP084166	967446	967904	1	785
CP084166	968188	970281	1	786
CP084166	970487	970657	-1	787
CP084166	970931	971152	-1	788
CP084166	971335	972033	1	789
CP084166	972174	972359	1	790
CP084166	972373	974013	-1	791
CP084166	974166	974414	1	792
CP084166	974421	975563	1	793
CP084166	975573	975812	1	794
CP084166	975824	976297	1	795
CP084166	976318	976695	1	796
CP084166	976695	977120	1	797
CP084166	977267	977521	1	798
CP084166	977564	977998	-1	799
CP084166	978211	978630	1	800
CP084166	978644	979927	1	801
CP084166	979934	981958	1	802
CP084166	981958	982260	1	803
CP084166	982253	983473	1	804
CP084166	983498	984217	-1	805
CP084166	984202	984984	-1	806
CP084166	985052	986044	-1	807
CP084166	986166	986471	1	808
CP084166	986472	986852	-1	809
CP084166	986912	987391	-1	810
CP084166	987561	988085	-1	811
CP084166	988096	989514	-1	812
CP084166	989755	991119	-1	813
CP084166	991309	992646	1	814
CP084166	992808	993065	1	815
CP084166	993086	994231	-1	816
CP084166	994282	994740	-1	817
CP084166	994825	995625	-1	818
CP084166	996034	996765	1	819
CP084166	996963	997211	1	820
CP084166	997321	998208	1	821
CP084166	998376	999662	1	822
CP084166	999836	1001539	1	823
CP084166	1001564	1002313	1	824
CP084166	1002315	1003541	1	825
CP084166	1003548	1004024	-1	826
CP084166	1004147	1006624	1	827
CP084166	1006774	1007448	1	828
CP084166	1007583	1008323	1	829
CP084166	1008403	1009050	1	830
CP084166	1009094	1009891	1	831
CP084166	1009957	1010841	1	832
CP084166	1011111	1011368	1	833
CP084166	1011614	1012264	-1	834
CP084166	1012346	1012699	-1	835
CP084166	1012891	1013361	1	836
CP084166	1013379	1014122	1	837
CP084166	1014287	1014388	-1	838
CP084166	1014594	1015313	1	839
CP084166	1015335	1019942	1	840
CP084166	1020050	1021462	1	841
CP084166	1021463	1022686	-1	842
CP084166	1023345	1024802	-1	843
CP084166	1025184	1025567	1	844
CP084166	1025705	1026553	1	845
CP084166	1026991	1027959	-1	846
CP084166	1028184	1029419	1	847
CP084166	1029448	1030059	1	848
CP084166	1030067	1030570	1	849
CP084166	1030902	1031354	-1	850
CP084166	1031590	1032933	-1	851
CP084166	1033504	1034637	1	852
CP084166	1034643	1035512	1	853
CP084166	1036323	1037342	-1	854
CP084166	1037339	1039249	-1	855
CP084166	1039318	1042779	-1	856
CP084166	1042781	1045702	-1	857
CP084166	1046381	1047127	1	858
CP084166	1047186	1047995	-1	859
CP084166	1048188	1049369	-1	860
CP084166	1049576	1050511	-1	861
CP084166	1050964	1051200	1	862
CP084166	1051193	1051660	1	863
CP084166	1051681	1052238	-1	864
CP084166	1052450	1053478	-1	865
CP084166	1053622	1054299	1	866
CP084166	1054461	1056524	-1	867
CP084166	1056553	1056936	1	868
CP084166	1056972	1057205	1	869
CP084166	1057400	1057927	1	870
CP084166	1058029	1059312	1	871
CP084166	1059518	1059940	-1	872
CP084166	1059941	1060336	-1	873
CP084166	1060401	1061729	-1	874
CP084166	1061893	1062333	1	875
CP084166	1062446	1063618	1	876
CP084166	1063741	1065162	1	877
CP084166	1065247	1068261	-1	878
CP084166	1068623	1069045	-1	879
CP084166	1069738	1070835	1	880
CP084166	1070867	1071529	-1	881
CP084166	1071531	1072208	-1	882
CP084166	1072198	1073130	-1	883
CP084166	1073216	1073758	1	884
CP084166	1073858	1074925	1	885
CP084166	1074934	1075461	-1	886
CP084166	1075568	1076476	1	887
CP084166	1076567	1077409	1	888
CP084166	1077422	1078285	-1	889
CP084166	1078286	1079581	-1	890
CP084166	1079649	1080383	-1	891
CP084166	1080529	1081101	1	892
CP084166	1081110	1082381	-1	893
CP084166	1082448	1082936	-1	894
CP084166	1083004	1083672	1	895
CP084166	1083739	1084584	1	896
CP084166	1084581	1085474	-1	897
CP084166	1085612	1087372	1	898
CP084166	1087561	1088289	1	899
CP084166	1088293	1090776	1	900
CP084166	1090826	1091545	1	901
CP084166	1091879	1092802	1	902
CP084166	1092927	1094465	1	903
CP084166	1094467	1094961	-1	904
CP084166	1095035	1096228	1	905
CP084166	1096267	1096500	-1	906
CP084166	1096813	1098117	-1	907
CP084166	1098114	1100249	-1	908
CP084166	1100341	1100694	1	909
CP084166	1100695	1101462	1	910
CP084166	1101476	1102840	1	911
CP084166	1102845	1103495	-1	912
CP084166	1103528	1105165	-1	913
CP084166	1105199	1105576	1	914
CP084166	1105671	1107815	-1	915
CP084166	1108612	1108785	1	916
CP084166	1108902	1109414	-1	917
CP084166	1109501	1110403	-1	918
CP084166	1110529	1111560	1	919
CP084166	1111563	1111970	1	920
CP084166	1112044	1112445	1	921
CP084166	1112438	1113859	-1	922
CP084166	1113853	1114059	-1	923
CP084166	1114251	1115762	1	924
CP084166	1115755	1117038	1	925
CP084166	1117041	1118147	-1	926
CP084166	1118278	1119120	-1	927
CP084166	1119299	1119898	1	928
CP084166	1119906	1120559	1	929
CP084166	1120688	1121677	-1	930
CP084166	1122046	1124817	-1	931
CP084166	1125007	1126029	-1	932
CP084166	1126118	1126573	1	933
CP084166	1126574	1127596	1	934
CP084166	1127597	1128367	1	935
CP084166	1128440	1128592	1	936
CP084166	1128573	1129349	1	937
CP084166	1129493	1129804	1	938
CP084166	1129850	1130728	1	939
CP084166	1130861	1131172	-1	940
CP084166	1131381	1132394	1	941
CP084166	1132397	1134352	-1	942
CP084166	1134514	1135713	-1	943
CP084166	1135766	1136425	-1	944
CP084166	1136443	1137168	-1	945
CP084166	1137428	1140346	1	946
CP084166	1140414	1140794	1	947
CP084166	1140831	1141031	-1	948
CP084166	1141153	1141440	-1	949
CP084166	1141542	1142117	-1	950
CP084166	1142189	1143382	1	951
CP084166	1143540	1144781	1	952
CP084166	1144778	1145212	1	953
CP084166	1145246	1146067	-1	954
CP084166	1146209	1147114	-1	955
CP084166	1147752	1149266	1	956
CP084166	1149276	1149524	1	957
CP084166	1149642	1152266	1	958
CP084166	1152276	1152524	1	959
CP084166	1152644	1154401	1	960
CP084166	1154364	1154816	1	961
CP084166	1154880	1156283	1	962
CP084166	1156355	1157155	1	963
CP084166	1157178	1157813	-1	964
CP084166	1158077	1161004	1	965
CP084166	1160994	1162601	1	966
CP084166	1162602	1164359	1	967
CP084166	1164352	1165296	-1	968
CP084166	1165365	1165970	-1	969
CP084166	1166200	1166535	1	970
CP084166	1166716	1168170	-1	971
CP084166	1168467	1168934	1	972
CP084166	1169077	1169790	1	973
CP084166	1169793	1171703	1	974
CP084166	1171769	1172917	1	975
CP084166	1172981	1173916	1	976
CP084166	1173929	1174360	1	977
CP084166	1174412	1175596	1	978
CP084166	1175585	1176520	-1	979
CP084166	1176717	1178471	1	980
CP084166	1178482	1179921	1	981
CP084166	1179933	1184255	1	982
CP084166	1184333	1184725	1	983
CP084166	1184703	1185710	-1	984
CP084166	1185848	1186882	-1	985
CP084166	1187047	1188057	1	986
CP084166	1188133	1189359	1	987
CP084166	1189405	1190601	-1	988
CP084166	1190751	1192598	1	989
CP084166	1192600	1194417	1	990
CP084166	1194521	1195444	-1	991
CP084166	1195595	1196734	1	992
CP084166	1196837	1197115	1	993
CP084166	1197166	1197339	1	994
CP084166	1197413	1197586	1	995
CP084166	1197671	1198639	1	996
CP084166	1198655	1201534	-1	997
CP084166	1201665	1204355	-1	998
CP084166	1204439	1206019	-1	999
CP084166	1206111	1207010	1	1000
CP084166	1207011	1207784	-1	1001
CP084166	1207774	1208730	-1	1002
CP084166	1208687	1208932	-1	1003
CP084166	1208997	1210376	-1	1004
CP084166	1210501	1212375	1	1005
CP084166	1212386	1212745	1	1006
CP084166	1212755	1213624	-1	1007
CP084166	1213708	1214691	-1	1008
CP084166	1214773	1216125	-1	1009
CP084166	1216189	1217139	-1	1010
CP084166	1217228	1217596	-1	1011
CP084166	1217827	1218924	1	1012
CP084166	1219109	1219648	1	1013
CP084166	1219906	1220559	1	1014
CP084166	1220552	1221031	-1	1015
CP084166	1221042	1221665	-1	1016
CP084166	1221761	1222909	1	1017
CP084166	1222972	1223367	1	1018
CP084166	1223442	1224815	1	1019
CP084166	1224819	1226180	1	1020
CP084166	1226271	1227224	-1	1021
CP084166	1227638	1229095	1	1022
CP084166	1229215	1229745	1	1023
CP084166	1229776	1230159	-1	1024
CP084166	1230217	1231092	-1	1025
CP084166	1231143	1233629	-1	1026
CP084166	1233793	1234236	1	1027
CP084166	1234241	1234546	1	1028
CP084166	1234577	1235170	-1	1029
CP084166	1235180	1236955	-1	1030
CP084166	1236983	1238329	-1	1031
CP084166	1238440	1239414	1	1032
CP084166	1239429	1240394	1	1033
CP084166	1240444	1240956	-1	1034
CP084166	1241006	1241767	-1	1035
CP084166	1241911	1242882	1	1036
CP084166	1242917	1243570	-1	1037
CP084166	1243674	1244567	1	1038
CP084166	1244668	1246329	1	1039
CP084166	1246454	1247443	1	1040
CP084166	1247579	1249387	-1	1041
CP084166	1249529	1250293	1	1042
CP084166	1250351	1251001	1	1043
CP084166	1251015	1251431	1	1044
CP084166	1251415	1252173	-1	1045
CP084166	1252170	1253264	-1	1046
CP084166	1253348	1253932	-1	1047
CP084166	1253925	1254110	-1	1048
CP084166	1254223	1256523	1	1049
CP084166	1256545	1257456	1	1050
CP084166	1257541	1258119	1	1051
CP084166	1258185	1259180	-1	1052
CP084166	1259155	1259709	-1	1053
CP084166	1259722	1262694	-1	1054
CP084166	1262822	1263547	-1	1055
CP084166	1263700	1264332	1	1056
CP084166	1264335	1264760	1	1057
CP084166	1264769	1265842	-1	1058
CP084166	1265839	1266369	-1	1059
CP084166	1266404	1267900	-1	1060
CP084166	1268036	1269538	-1	1061
CP084166	1269653	1270552	1	1062
CP084166	1270545	1271171	-1	1063
CP084166	1271287	1271724	1	1064
CP084166	1271725	1273497	-1	1065
CP084166	1273654	1274361	-1	1066
CP084166	1274379	1275146	-1	1067
CP084166	1275621	1276640	1	1068
CP084166	1276653	1277645	1	1069
CP084166	1277658	1278425	1	1070
CP084166	1278546	1279079	1	1071
CP084166	1279105	1280367	-1	1072
CP084166	1280618	1281160	1	1073
CP084166	1281214	1281675	-1	1074
CP084166	1281837	1284935	1	1075
CP084166	1284948	1285796	1	1076
CP084166	1285832	1286101	1	1077
CP084166	1286114	1286845	1	1078
CP084166	1286964	1289198	1	1079
CP084166	1289379	1290137	1	1080
CP084166	1290255	1291301	1	1081
CP084166	1291333	1292085	-1	1082
CP084166	1292096	1292749	-1	1083
CP084166	1292870	1295872	-1	1084
CP084166	1296088	1297134	1	1085
CP084166	1297137	1298333	1	1086
CP084166	1298276	1300057	-1	1087
CP084166	1300273	1301319	1	1088
CP084166	1301322	1302494	1	1089
CP084166	1302494	1302883	1	1090
CP084166	1302895	1304244	-1	1091
CP084166	1304578	1305447	1	1092
CP084166	1305483	1306343	1	1093
CP084166	1306545	1306940	1	1094
CP084166	1307006	1307290	-1	1095
CP084166	1307297	1307623	-1	1096
CP084166	1307744	1308202	-1	1097
CP084166	1308396	1309061	1	1098
CP084166	1309082	1310263	1	1099
CP084166	1310266	1310943	1	1100
CP084166	1310955	1311590	1	1101
CP084166	1311696	1312856	1	1102
CP084166	1312930	1313448	1	1103
CP084166	1313636	1316623	1	1104
CP084166	1316818	1317081	1	1105
CP084166	1317243	1318529	1	1106
CP084166	1318540	1319226	1	1107
CP084166	1319223	1320284	-1	1108
CP084166	1320354	1321946	-1	1109
CP084166	1321995	1322177	-1	1110
CP084166	1322572	1323759	-1	1111
CP084166	1323928	1325781	1	1112
CP084166	1325871	1326893	1	1113
CP084166	1327067	1327855	1	1114
CP084166	1327954	1329123	1	1115
CP084166	1329227	1329823	1	1116
CP084166	1329850	1331937	1	1117
CP084166	1331927	1332508	1	1118
CP084166	1332566	1334137	1	1119
CP084166	1334103	1335410	-1	1120
CP084166	1335602	1336099	1	1121
CP084166	1336120	1336542	-1	1122
CP084166	1336547	1337509	-1	1123
CP084166	1337687	1338676	1	1124
CP084166	1338838	1340445	1	1125
CP084166	1340538	1341248	-1	1126
CP084166	1341278	1344514	-1	1127
CP084166	1344586	1346082	-1	1128
CP084166	1346261	1347838	1	1129
CP084166	1347857	1348300	-1	1130
CP084166	1348297	1348866	-1	1131
CP084166	1348868	1349563	-1	1132
CP084166	1349563	1352541	-1	1133
CP084166	1352659	1354611	-1	1134
CP084166	1354635	1355279	-1	1135
CP084166	1355396	1358443	-1	1136
CP084166	1358632	1359600	-1	1137
CP084166	1359697	1360932	1	1138
CP084166	1360952	1361812	-1	1139
CP084166	1361802	1362620	-1	1140
CP084166	1362656	1363741	-1	1141
CP084166	1363864	1365066	1	1142
CP084166	1365071	1366189	-1	1143
CP084166	1366303	1366686	-1	1144
CP084166	1366830	1368638	-1	1145
CP084166	1368784	1370079	1	1146
CP084166	1370258	1372228	1	1147
CP084166	1372253	1372996	-1	1148
CP084166	1372965	1373339	-1	1149
CP084166	1373601	1375190	1	1150
CP084166	1375382	1375927	1	1151
CP084166	1375964	1376893	1	1152
CP084166	1377004	1377387	1	1153
CP084166	1377407	1377781	1	1154
CP084166	1377847	1379982	1	1155
CP084166	1380045	1381712	1	1156
CP084166	1381739	1382590	-1	1157
CP084166	1382656	1385484	1	1158
CP084166	1385474	1385854	-1	1159
CP084166	1385932	1386555	-1	1160
CP084166	1386825	1388861	1	1161
CP084166	1388902	1389360	1	1162
CP084166	1389433	1391493	1	1163
CP084166	1391600	1392745	1	1164
CP084166	1392776	1394173	1	1165
CP084166	1394154	1395167	1	1166
CP084166	1395177	1396571	-1	1167
CP084166	1396690	1399470	1	1168
CP084166	1399497	1399865	-1	1169
CP084166	1400010	1401020	-1	1170
CP084166	1401139	1401468	-1	1171
CP084166	1401650	1403677	1	1172
CP084166	1403688	1404671	1	1173
CP084166	1404731	1405765	1	1174
CP084166	1405872	1407386	1	1175
CP084166	1407391	1407927	1	1176
CP084166	1408070	1408213	1	1177
CP084166	1408278	1408448	1	1178
CP084166	1408462	1409295	-1	1179
CP084166	1409399	1410244	-1	1180
CP084166	1410322	1411359	-1	1181
CP084166	1411584	1412699	1	1182
CP084166	1412801	1413868	1	1183
CP084166	1413895	1414473	-1	1184
CP084166	1414578	1415579	1	1185
CP084166	1415642	1416676	1	1186
CP084166	1416683	1417357	1	1187
CP084166	1417363	1418670	-1	1188
CP084166	1418667	1419671	-1	1189
CP084166	1419769	1420731	1	1190
CP084166	1420773	1422014	-1	1191
CP084166	1422221	1424203	1	1192
CP084166	1424285	1424986	1	1193
CP084166	1425049	1426002	1	1194
CP084166	1426231	1426758	1	1195
CP084166	1426863	1427981	1	1196
CP084166	1428023	1429642	-1	1197
CP084166	1429918	1430118	1	1198
CP084166	1430172	1430894	-1	1199
CP084166	1431007	1433430	1	1200
CP084166	1433548	1433898	1	1201
CP084166	1433899	1434921	-1	1202
CP084166	1434968	1435618	-1	1203
CP084166	1435620	1436282	-1	1204
CP084166	1436459	1437154	1	1205
CP084166	1437185	1438930	-1	1206
CP084166	1439384	1439704	-1	1207
CP084166	1440058	1440762	-1	1208
CP084166	1440762	1441757	-1	1209
CP084166	1441880	1442098	1	1210
CP084166	1442134	1443708	-1	1211
CP084166	1443776	1444162	-1	1212
CP084166	1444306	1444752	1	1213
CP084166	1444771	1445856	-1	1214
CP084166	1446445	1447311	1	1215
CP084166	1447374	1448873	1	1216
CP084166	1448940	1449659	1	1217
CP084166	1449755	1450231	1	1218
CP084166	1450413	1451900	1	1219
CP084166	1451910	1453604	1	1220
CP084166	1453605	1454534	-1	1221
CP084166	1454678	1455568	1	1222
CP084166	1455623	1456468	1	1223
CP084166	1456526	1457458	1	1224
CP084166	1457546	1457998	1	1225
CP084166	1458063	1458530	1	1226
CP084166	1458541	1458813	-1	1227
CP084166	1459251	1459865	1	1228
CP084166	1459866	1460129	-1	1229
CP084166	1460126	1460539	-1	1230
CP084166	1460661	1462931	1	1231
CP084166	1462976	1463824	1	1232
CP084166	1463838	1464182	1	1233
CP084166	1464267	1464932	1	1234
CP084166	1465043	1465984	1	1235
CP084166	1465987	1466775	1	1236
CP084166	1466772	1467377	1	1237
CP084166	1467387	1468532	1	1238
CP084166	1468636	1469250	1	1239
CP084166	1469252	1469605	1	1240
CP084166	1469585	1470100	-1	1241
CP084166	1470110	1470823	-1	1242
CP084166	1470913	1472298	1	1243
CP084166	1472295	1472705	1	1244
CP084166	1472733	1473833	-1	1245
CP084166	1473984	1474877	-1	1246
CP084166	1474888	1476057	-1	1247
CP084166	1476126	1476437	-1	1248
CP084166	1476575	1477504	1	1249
CP084166	1477570	1478367	1	1250
CP084166	1478389	1479483	-1	1251
CP084166	1479508	1480833	1	1252
CP084166	1480897	1481544	1	1253
CP084166	1481562	1482836	-1	1254
CP084166	1482920	1484575	-1	1255
CP084166	1485068	1485625	1	1256
CP084166	1485796	1486305	1	1257
CP084166	1486359	1488347	1	1258
CP084166	1488749	1490650	1	1259
CP084166	1490647	1491075	1	1260
CP084166	1491112	1491402	-1	1261
CP084166	1491519	1492094	-1	1262
CP084166	1493498	1494220	1	1263
CP084166	1494729	1494920	-1	1264
CP084166	1495157	1496731	1	1265
CP084166	1496770	1497717	-1	1266
CP084166	1497815	1499185	1	1267
CP084166	1499276	1499797	-1	1268
CP084166	1499874	1500470	-1	1269
CP084166	1500551	1501132	1	1270
CP084166	1501207	1502124	1	1271
CP084166	1502180	1503073	-1	1272
CP084166	1503132	1504571	-1	1273
CP084166	1504911	1505333	1	1274
CP084166	1505449	1506147	-1	1275
CP084166	1506278	1507279	1	1276
CP084166	1507324	1509468	1	1277
CP084166	1509471	1510154	1	1278
CP084166	1510147	1511745	1	1279
CP084166	1511750	1512691	1	1280
CP084166	1512688	1514559	1	1281
CP084166	1514563	1516947	1	1282
CP084166	1517025	1517891	1	1283
CP084166	1517923	1518612	-1	1284
CP084166	1518627	1520048	-1	1285
CP084166	1520167	1520628	1	1286
CP084166	1520691	1521896	1	1287
CP084166	1521893	1522858	-1	1288
CP084166	1522875	1523699	-1	1289
CP084166	1523859	1526387	-1	1290
CP084166	1526496	1526738	-1	1291
CP084166	1526894	1527442	1	1292
CP084166	1527466	1528719	-1	1293
CP084166	1528722	1530116	-1	1294
CP084166	1530118	1530723	-1	1295
CP084166	1530733	1533063	-1	1296
CP084166	1533056	1533445	-1	1297
CP084166	1533461	1535644	-1	1298
CP084166	1535641	1536327	-1	1299
CP084166	1536340	1537329	-1	1300
CP084166	1537550	1538329	1	1301
CP084166	1538455	1539450	1	1302
CP084166	1539481	1540155	-1	1303
CP084166	1540311	1540583	-1	1304
CP084166	1540653	1540937	-1	1305
CP084166	1541061	1541753	-1	1306
CP084166	1541754	1543187	-1	1307
CP084166	1543350	1544993	1	1308
CP084166	1544990	1546879	-1	1309
CP084166	1546979	1547752	1	1310
CP084166	1547883	1549037	1	1311
CP084166	1549300	1550295	1	1312
CP084166	1550311	1551819	1	1313
CP084166	1551935	1553296	1	1314
CP084166	1553426	1554586	1	1315
CP084166	1554704	1555126	1	1316
CP084166	1555141	1556526	1	1317
CP084166	1556528	1558066	1	1318
CP084166	1558207	1561182	1	1319
CP084166	1561214	1562263	-1	1320
CP084166	1562279	1563052	-1	1321
CP084166	1563117	1563305	1	1322
CP084166	1563413	1564237	1	1323
CP084166	1564528	1564983	1	1324
CP084166	1565866	1566108	-1	1325
CP084166	1566334	1568280	-1	1326
CP084166	1568511	1568750	-1	1327
CP084166	1568946	1570148	-1	1328
CP084166	1570346	1570510	1	1329
CP084166	1570593	1572575	1	1330
CP084166	1572826	1573425	-1	1331
CP084166	1573617	1574045	1	1332
CP084166	1574124	1574597	-1	1333
CP084166	1574680	1576242	-1	1334
CP084166	1576489	1577694	1	1335
CP084166	1578083	1578256	1	1336
CP084166	1578272	1579138	-1	1337
CP084166	1579131	1580663	-1	1338
CP084166	1581041	1581142	1	1339
CP084166	1581315	1582049	-1	1340
CP084166	1582219	1583490	1	1341
CP084166	1583834	1585498	1	1342
CP084166	1585602	1585904	1	1343
CP084166	1585923	1586297	-1	1344
CP084166	1586329	1586634	-1	1345
CP084166	1586859	1587452	1	1346
CP084166	1587468	1588127	1	1347
CP084166	1588255	1589400	1	1348
CP084166	1589708	1590175	-1	1349
CP084166	1590359	1590634	-1	1350
CP084166	1590580	1591161	-1	1351
CP084166	1591177	1591284	-1	1352
CP084166	1591330	1592130	1	1353
CP084166	1592223	1592621	1	1354
CP084166	1592698	1592934	1	1355
CP084166	1593010	1594014	1	1356
CP084166	1594026	1594751	-1	1357
CP084166	1594824	1595132	-1	1358
CP084166	1595169	1596638	-1	1359
CP084166	1596730	1597263	-1	1360
CP084166	1597276	1597572	-1	1361
CP084166	1597792	1598499	1	1362
CP084166	1598539	1599162	-1	1363
CP084166	1599398	1599667	-1	1364
CP084166	1599965	1600867	-1	1365
CP084166	1601174	1602628	-1	1366
CP084166	1602948	1603895	1	1367
CP084166	1603919	1605439	1	1368
CP084166	1605473	1606114	1	1369
CP084166	1606357	1607757	1	1370
CP084166	1607867	1608247	1	1371
CP084166	1608290	1609276	-1	1372
CP084166	1609278	1612406	-1	1373
CP084166	1612868	1614004	1	1374
CP084166	1614189	1615124	1	1375
CP084166	1615270	1616058	-1	1376
CP084166	1616080	1617585	-1	1377
CP084166	1617876	1619801	1	1378
CP084166	1619815	1620960	-1	1379
CP084166	1621140	1622558	1	1380
CP084166	1622642	1623790	1	1381
CP084166	1623914	1624846	1	1382
CP084166	1624883	1625998	-1	1383
CP084166	1626135	1626506	1	1384
CP084166	1626731	1627936	1	1385
CP084166	1627947	1628888	-1	1386
CP084166	1628937	1630172	-1	1387
CP084166	1630247	1631545	-1	1388
CP084166	1631790	1632512	-1	1389
CP084166	1632530	1633990	-1	1390
CP084166	1634006	1635010	-1	1391
CP084166	1634986	1635297	-1	1392
CP084166	1635328	1635666	-1	1393
CP084166	1635834	1636505	-1	1394
CP084166	1636694	1639630	-1	1395
CP084166	1640106	1640207	-1	1396
CP084166	1640305	1640964	1	1397
CP084166	1641068	1641994	1	1398
CP084166	1642036	1643127	1	1399
CP084166	1643143	1643679	-1	1400
CP084166	1643751	1644563	-1	1401
CP084166	1644739	1645893	-1	1402
CP084166	1645894	1647975	-1	1403
CP084166	1648343	1649200	1	1404
CP084166	1649320	1649979	1	1405
CP084166	1650009	1652237	1	1406
CP084166	1652269	1652991	1	1407
CP084166	1653032	1654384	1	1408
CP084166	1654493	1656310	-1	1409
CP084166	1656442	1656612	-1	1410
CP084166	1656907	1658193	-1	1411
CP084166	1658387	1659556	1	1412
CP084166	1659687	1659878	1	1413
CP084166	1659974	1660612	1	1414
CP084166	1660947	1661918	1	1415
CP084166	1661908	1662708	1	1416
CP084166	1662728	1663219	-1	1417
CP084166	1663307	1663495	-1	1418
CP084166	1663506	1663721	-1	1419
CP084166	1663736	1664101	-1	1420
CP084166	1664266	1664985	-1	1421
CP084166	1665080	1666432	-1	1422
CP084166	1666492	1667826	-1	1423
CP084166	1667903	1668715	-1	1424
CP084166	1668841	1669395	-1	1425
CP084166	1669403	1669543	1	1426
CP084166	1669849	1670790	1	1427
CP084166	1670793	1671665	1	1428
CP084166	1671662	1672726	1	1429
CP084166	1672747	1673751	-1	1430
CP084166	1673968	1675581	1	1431
CP084166	1675600	1677042	-1	1432
CP084166	1677188	1678174	1	1433
CP084166	1678322	1679248	1	1434
CP084166	1679310	1679759	1	1435
CP084166	1679924	1681690	1	1436
CP084166	1681845	1682171	-1	1437
CP084166	1682184	1682765	-1	1438
CP084166	1682887	1683585	1	1439
CP084166	1683662	1685947	1	1440
CP084166	1686077	1686253	1	1441
CP084166	1686337	1686846	-1	1442
CP084166	1686948	1689938	1	1443
CP084166	1689954	1691480	-1	1444
CP084166	1691539	1692159	-1	1445
CP084166	1692255	1693082	1	1446
CP084166	1693097	1693354	-1	1447
CP084166	1693366	1693944	-1	1448
CP084166	1693998	1694270	-1	1449
CP084166	1694363	1695196	-1	1450
CP084166	1695199	1696380	-1	1451
CP084166	1696385	1697071	-1	1452
CP084166	1697118	1697861	-1	1453
CP084166	1698024	1698863	1	1454
CP084166	1698938	1700908	1	1455
CP084166	1701094	1701999	1	1456
CP084166	1702068	1703105	1	1457
CP084166	1703106	1703378	1	1458
CP084166	1703408	1704073	-1	1459
CP084166	1704279	1706114	1	1460
CP084166	1706119	1706550	-1	1461
CP084166	1706698	1706928	1	1462
CP084166	1707069	1707698	1	1463
CP084166	1707756	1708214	1	1464
CP084166	1708249	1711407	-1	1465
CP084166	1711765	1711977	-1	1466
CP084166	1711947	1712465	-1	1467
CP084166	1712790	1714370	1	1468
CP084166	1714416	1714997	1	1469
CP084166	1715015	1715467	1	1470
CP084166	1715531	1716976	1	1471
CP084166	1717026	1717292	1	1472
CP084166	1717392	1718027	1	1473
CP084166	1718171	1718566	1	1474
CP084166	1718646	1719128	1	1475
CP084166	1719143	1719460	-1	1476
CP084166	1719453	1720301	-1	1477
CP084166	1720463	1720927	1	1478
CP084166	1721039	1721440	-1	1479
CP084166	1721562	1722854	1	1480
CP084166	1722862	1723215	-1	1481
CP084166	1723312	1724112	-1	1482
CP084166	1724172	1725335	1	1483
CP084166	1725337	1725708	1	1484
CP084166	1725713	1726111	-1	1485
CP084166	1726108	1727391	-1	1486
CP084166	1727884	1728144	1	1487
CP084166	1728291	1729496	1	1488
CP084166	1729561	1731849	-1	1489
CP084166	1732062	1732625	-1	1490
CP084166	1732836	1733522	1	1491
CP084166	1733515	1734273	-1	1492
CP084166	1734282	1735112	-1	1493
CP084166	1735139	1735666	-1	1494
CP084166	1735839	1736519	1	1495
CP084166	1736553	1737017	-1	1496
CP084166	1737313	1737480	-1	1497
CP084166	1737491	1737790	-1	1498
CP084166	1737780	1738247	-1	1499
CP084166	1738331	1738519	-1	1500
CP084166	1738525	1739103	-1	1501
CP084166	1739301	1739999	1	1502
CP084166	1740162	1740596	1	1503
CP084166	1740549	1741142	-1	1504
CP084166	1741267	1741824	1	1505
CP084166	1741929	1742783	1	1506
CP084166	1742822	1743520	-1	1507
CP084166	1743633	1744580	1	1508
CP084166	1744681	1745010	1	1509
CP084166	1745037	1746338	1	1510
CP084166	1746328	1747938	1	1511
CP084166	1748301	1748783	1	1512
CP084166	1748798	1749439	1	1513
CP084166	1749459	1749854	1	1514
CP084166	1749963	1750847	1	1515
CP084166	1750865	1751524	-1	1516
CP084166	1751608	1752327	-1	1517
CP084166	1752367	1753695	-1	1518
CP084166	1753735	1754538	-1	1519
CP084166	1754591	1755043	-1	1520
CP084166	1755049	1755672	-1	1521
CP084166	1755665	1756627	-1	1522
CP084166	1756636	1757460	-1	1523
CP084166	1757565	1758398	-1	1524
CP084166	1758605	1758754	-1	1525
CP084166	1758968	1759438	1	1526
CP084166	1759737	1760345	1	1527
CP084166	1760358	1761644	-1	1528
CP084166	1761729	1762235	-1	1529
CP084166	1762427	1763437	1	1530
CP084166	1763439	1764881	1	1531
CP084166	1764878	1765303	1	1532
CP084166	1765487	1765921	1	1533
CP084166	1765965	1766915	-1	1534
CP084166	1767022	1767798	-1	1535
CP084166	1767866	1768492	1	1536
CP084166	1768634	1768891	1	1537
CP084166	1768917	1769447	1	1538
CP084166	1769628	1769903	1	1539
CP084166	1769973	1770977	1	1540
CP084166	1770987	1771601	-1	1541
CP084166	1771900	1772622	-1	1542
CP084166	1772636	1776652	-1	1543
CP084166	1776774	1778216	-1	1544
CP084166	1778335	1778778	-1	1545
CP084166	1778784	1779269	-1	1546
CP084166	1779280	1779918	-1	1547
CP084166	1779920	1780576	-1	1548
CP084166	1780591	1781061	-1	1549
CP084166	1781092	1781625	-1	1550
CP084166	1781862	1782419	-1	1551
CP084166	1782430	1782822	-1	1552
CP084166	1782824	1782991	-1	1553
CP084166	1782997	1783569	-1	1554
CP084166	1783569	1784327	-1	1555
CP084166	1784327	1784839	-1	1556
CP084166	1784850	1785266	-1	1557
CP084166	1785278	1785616	-1	1558
CP084166	1785803	1786108	-1	1559
CP084166	1786210	1786413	-1	1560
CP084166	1786427	1787383	-1	1561
CP084166	1787400	1787861	-1	1562
CP084166	1788095	1790557	-1	1563
CP084166	1790691	1792541	1	1564
CP084166	1792883	1795330	1	1565
CP084166	1795355	1796038	-1	1566
CP084166	1796157	1797470	1	1567
CP084166	1797494	1798864	-1	1568
CP084166	1799230	1799922	1	1569
CP084166	1799916	1800671	1	1570
CP084166	1800673	1801416	1	1571
CP084166	1802049	1802636	1	1572
CP084166	1802665	1803318	-1	1573
CP084166	1803602	1804204	1	1574
CP084166	1804243	1804950	1	1575
CP084166	1805035	1805319	1	1576
CP084166	1805326	1805742	1	1577
CP084166	1805778	1806362	-1	1578
CP084166	1806413	1806955	-1	1579
CP084166	1806957	1808285	-1	1580
CP084166	1808403	1808732	-1	1581
CP084166	1808746	1809057	-1	1582
CP084166	1809254	1809559	1	1583
CP084166	1809571	1809921	1	1584
CP084166	1810019	1810726	1	1585
CP084166	1810783	1811661	1	1586
CP084166	1811648	1812274	1	1587
CP084166	1812267	1813016	1	1588
CP084166	1813010	1813636	1	1589
CP084166	1813638	1813859	-1	1590
CP084166	1813819	1814655	-1	1591
CP084166	1814928	1816331	1	1592
CP084166	1816413	1817798	1	1593
CP084166	1817820	1818404	1	1594
CP084166	1818398	1819717	1	1595
CP084166	1820170	1820439	-1	1596
CP084166	1820936	1821721	-1	1597
CP084166	1821812	1822591	-1	1598
CP084166	1822588	1823127	-1	1599
CP084166	1823412	1824614	1	1600
CP084166	1824646	1825182	-1	1601
CP084166	1825286	1825762	1	1602
CP084166	1825765	1826121	-1	1603
CP084166	1826142	1826441	-1	1604
CP084166	1826528	1827478	-1	1605
CP084166	1827494	1828759	-1	1606
CP084166	1828762	1829010	-1	1607
CP084166	1829172	1829711	1	1608
CP084166	1829723	1829944	-1	1609
CP084166	1830037	1831302	-1	1610
CP084166	1831468	1831662	-1	1611
CP084166	1831942	1832769	1	1612
CP084166	1832848	1833561	1	1613
CP084166	1833567	1835441	-1	1614
CP084166	1835425	1836003	-1	1615
CP084166	1836087	1836923	1	1616
CP084166	1836965	1838194	-1	1617
CP084166	1838349	1840238	-1	1618
CP084166	1840258	1841382	-1	1619
CP084166	1841502	1841687	1	1620
CP084166	1841787	1842404	-1	1621
CP084166	1842449	1843264	-1	1622
CP084166	1843612	1845054	-1	1623
CP084166	1845069	1848356	-1	1624
CP084166	1848456	1849010	-1	1625
CP084166	1849081	1850262	-1	1626
CP084166	1850356	1851156	1	1627
CP084166	1851203	1851712	1	1628
CP084166	1851720	1852022	1	1629
CP084166	1852040	1852804	1	1630
CP084166	1852885	1853286	-1	1631
CP084166	1853503	1854036	-1	1632
CP084166	1854405	1855781	-1	1633
CP084166	1855856	1856260	-1	1634
CP084166	1856274	1856741	-1	1635
CP084166	1856752	1857117	-1	1636
CP084166	1857136	1857960	-1	1637
CP084166	1858288	1859742	-1	1638
CP084166	1859696	1859809	-1	1639
CP084166	1860171	1860614	-1	1640
CP084166	1860797	1862164	-1	1641
CP084166	1862557	1862961	-1	1642
CP084166	1863101	1864564	-1	1643
CP084166	1864904	1865518	-1	1644
CP084166	1865563	1866189	-1	1645
CP084166	1866412	1868322	-1	1646
CP084166	1868514	1871204	1	1647
CP084166	1871218	1873983	1	1648
CP084166	1873980	1874711	-1	1649
CP084166	1874901	1875230	1	1650
CP084166	1875275	1876423	-1	1651
CP084166	1876423	1877556	-1	1652
CP084166	1877889	1878263	1	1653
CP084166	1878364	1878735	1	1654
CP084166	1878825	1880237	1	1655
CP084166	1880319	1881689	1	1656
CP084166	1881935	1882279	-1	1657
CP084166	1882360	1883100	-1	1658
CP084166	1883146	1883880	-1	1659
CP084166	1883893	1884153	-1	1660
CP084166	1884159	1884944	-1	1661
CP084166	1884950	1885951	-1	1662
CP084166	1886101	1886625	-1	1663
CP084166	1886631	1887383	-1	1664
CP084166	1887361	1888137	-1	1665
CP084166	1888287	1888850	-1	1666
CP084166	1888816	1889649	-1	1667
CP084166	1889877	1890716	1	1668
CP084166	1891282	1891989	-1	1669
CP084166	1892008	1893330	1	1670
CP084166	1893342	1894307	-1	1671
CP084166	1894482	1895387	-1	1672
CP084166	1895683	1896798	-1	1673
CP084166	1897140	1897442	1	1674
CP084166	1897460	1898023	-1	1675
CP084166	1898155	1898463	-1	1676
CP084166	1898456	1899682	-1	1677
CP084166	1899892	1900305	1	1678
CP084166	1900422	1903340	-1	1679
CP084166	1903440	1903859	1	1680
CP084166	1904228	1905259	1	1681
CP084166	1905369	1906739	1	1682
CP084166	1906760	1907569	1	1683
CP084166	1907562	1908179	1	1684
CP084166	1908441	1908617	1	1685
CP084166	1908981	1909922	1	1686
CP084166	1910007	1910483	-1	1687
CP084166	1910662	1910853	-1	1688
CP084166	1911331	1911738	-1	1689
CP084166	1911760	1912197	-1	1690
CP084166	1912398	1915802	1	1691
CP084166	1916060	1916557	1	1692
CP084166	1916575	1917753	1	1693
CP084166	1917791	1917985	1	1694
CP084166	1918017	1919042	-1	1695
CP084166	1919302	1919889	1	1696
CP084166	1919901	1920440	1	1697
CP084166	1920766	1921701	-1	1698
CP084166	1921839	1922180	1	1699
CP084166	1922239	1923528	1	1700
CP084166	1923773	1925875	1	1701
CP084166	1925865	1926101	1	1702
CP084166	1926108	1926344	-1	1703
CP084166	1926506	1927441	1	1704
CP084166	1927481	1927771	1	1705
CP084166	1927892	1928623	-1	1706
CP084166	1930632	1930841	-1	1707
CP084166	1931325	1932152	1	1708
CP084166	1932163	1932948	1	1709
CP084166	1933026	1933301	1	1710
CP084166	1933346	1936861	1	1711
CP084166	1937497	1938117	1	1712
CP084166	1938716	1941118	-1	1713
CP084166	1941309	1941518	1	1714
CP084166	1941619	1943169	1	1715
CP084166	1943197	1943595	-1	1716
CP084166	1943675	1944487	-1	1717
CP084166	1944713	1946962	1	1718
CP084166	1947139	1947273	-1	1719
CP084166	1947401	1948717	1	1720
CP084166	1948848	1950962	1	1721
CP084166	1951377	1952135	-1	1722
CP084166	1952213	1953136	1	1723
CP084166	1953133	1953492	1	1724
CP084166	1953502	1954809	1	1725
CP084166	1954852	1955439	1	1726
CP084166	1955495	1955815	1	1727
CP084166	1955827	1957110	-1	1728
CP084166	1957606	1958433	1	1729
CP084166	1958453	1959850	-1	1730
CP084166	1959954	1960988	1	1731
CP084166	1960993	1961856	1	1732
CP084166	1961869	1962756	1	1733
CP084166	1962832	1963128	-1	1734
CP084166	1963382	1963816	1	1735
CP084166	1963932	1966643	1	1736
CP084166	1966679	1967737	-1	1737
CP084166	1967892	1969577	1	1738
CP084166	1969608	1970240	1	1739
CP084166	1970526	1971578	1	1740
CP084166	1971605	1976776	-1	1741
CP084166	1977292	1977717	-1	1742
CP084166	1977781	1979784	-1	1743
CP084166	1979789	1980808	-1	1744
CP084166	1980865	1981752	-1	1745
CP084166	1982282	1982728	-1	1746
CP084166	1983243	1983521	1	1747
CP084166	1983522	1985312	-1	1748
CP084166	1985309	1986172	-1	1749
CP084166	1986241	1986594	-1	1750
CP084166	1986711	1987025	1	1751
CP084166	1987192	1988409	1	1752
CP084166	1988545	1990536	1	1753
CP084166	1990623	1991945	-1	1754
CP084166	1992174	1992563	1	1755
CP084166	1992641	1992955	1	1756
CP084166	1993074	1994006	-1	1757
CP084166	1994158	1994970	1	1758
CP084166	1995247	1995393	-1	1759
CP084166	1995525	1997426	1	1760
CP084166	1997556	1998098	1	1761
CP084166	1998155	1998568	-1	1762
CP084166	1998632	1999183	-1	1763
CP084166	1999184	2000776	-1	1764
CP084166	2001388	2001864	-1	1765
CP084166	2002114	2002470	-1	1766
CP084166	2006592	2007773	1	1767
CP084166	2007954	2008787	1	1768
CP084166	2008813	2009184	1	1769
CP084166	2009192	2009437	1	1770
CP084166	2009448	2010125	-1	1771
CP084166	2010163	2010567	-1	1772
CP084166	2010736	2011083	-1	1773
CP084166	2011112	2011576	-1	1774
CP084166	2011803	2012567	-1	1775
CP084166	2012618	2015392	-1	1776
CP084166	2015501	2015704	-1	1777
CP084166	2015987	2016628	1	1778
CP084166	2016638	2017654	1	1779
CP084166	2017665	2017967	1	1780
CP084166	2018171	2018386	1	1781
CP084166	2018439	2019326	1	1782
CP084166	2019764	2020675	-1	1783
CP084166	2020765	2022219	1	1784
CP084166	2022241	2022525	-1	1785
CP084166	2022708	2022980	1	1786
CP084166	2022999	2024180	1	1787
CP084166	2024167	2024964	1	1788
CP084166	2025132	2026514	-1	1789
CP084166	2027294	2039965	1	1790
CP084166	2039968	2056641	1	1791
CP084166	2056985	2057482	1	1792
CP084166	2057559	2057753	1	1793
CP084166	2057734	2058294	1	1794
CP084166	2058408	2060684	1	1795
CP084166	2060709	2061146	-1	1796
CP084166	2061435	2063549	1	1797
CP084166	2063646	2064335	1	1798
CP084166	2064432	2065178	1	1799
CP084166	2065181	2066032	1	1800
CP084166	2066426	2067178	-1	1801
CP084166	2068128	2070881	1	1802
CP084166	2071013	2071708	-1	1803
CP084166	2071724	2072593	-1	1804
CP084166	2072618	2073349	-1	1805
CP084166	2073520	2073786	1	1806
CP084166	2073788	2074225	1	1807
CP084166	2074261	2075163	1	1808
CP084166	2075285	2075950	1	1809
CP084166	2075968	2076936	-1	1810
CP084166	2077280	2077513	1	1811
CP084166	2077618	2078325	-1	1812
CP084166	2078470	2079516	1	1813
CP084166	2079897	2080835	1	1814
CP084166	2081029	2082276	1	1815
CP084166	2082530	2082757	1	1816
CP084166	2082782	2082946	1	1817
CP084166	2083288	2085027	1	1818
CP084166	2085039	2085455	-1	1819
CP084166	2085452	2086648	-1	1820
CP084166	2086702	2087331	-1	1821
CP084166	2087426	2088028	1	1822
CP084166	2088044	2089294	1	1823
CP084166	2089291	2090058	-1	1824
CP084166	2090176	2092419	1	1825
CP084166	2092558	2093052	1	1826
CP084166	2093324	2094220	1	1827
CP084166	2094468	2095064	-1	1828
CP084166	2095627	2096622	1	1829
CP084166	2096664	2099375	-1	1830
CP084166	2099377	2101317	-1	1831
CP084166	2101310	2101783	-1	1832
CP084166	2101919	2102767	-1	1833
CP084166	2103247	2103390	-1	1834
CP084166	2103565	2104437	-1	1835
CP084166	2104681	2106393	1	1836
CP084166	2106404	2107636	1	1837
CP084166	2107645	2108694	1	1838
CP084166	2108706	2109749	1	1839
CP084166	2109884	2110822	1	1840
CP084166	2111327	2111722	1	1841
CP084166	2111937	2113148	1	1842
CP084166	2113235	2114188	1	1843
CP084166	2114157	2115170	-1	1844
CP084166	2115180	2115701	-1	1845
CP084166	2115802	2116389	1	1846
CP084166	2116428	2117981	1	1847
CP084166	2118007	2119392	1	1848
CP084166	2119385	2120977	1	1849
CP084166	2120970	2121719	1	1850
CP084166	2122229	2122675	-1	1851
CP084166	2122816	2124798	1	1852
CP084166	2124795	2126606	1	1853
CP084166	2126654	2127547	1	1854
CP084166	2127658	2129448	1	1855
CP084166	2129481	2130599	-1	1856
CP084166	2130638	2130961	-1	1857
CP084166	2130991	2131401	-1	1858
CP084166	2131547	2131888	1	1859
CP084166	2132089	2132901	1	1860
CP084166	2132912	2133565	1	1861
CP084166	2133568	2134248	1	1862
CP084166	2134305	2134526	-1	1863
CP084166	2134909	2135589	-1	1864
CP084166	2135678	2136256	1	1865
CP084166	2136401	2137708	1	1866
CP084166	2138022	2139383	1	1867
CP084166	2139433	2141010	-1	1868
CP084166	2141007	2143079	-1	1869
CP084166	2143732	2144535	-1	1870
CP084166	2144854	2145579	1	1871
CP084166	2145602	2145991	1	1872
CP084166	2146003	2146311	1	1873
CP084166	2146394	2148232	1	1874
CP084166	2148248	2150968	-1	1875
CP084166	2151078	2151944	-1	1876
CP084166	2151975	2153195	-1	1877
CP084166	2153421	2155520	1	1878
CP084166	2155642	2156418	1	1879
CP084166	2156484	2156816	-1	1880
CP084166	2157091	2157531	1	1881
CP084166	2157547	2157924	-1	1882
CP084166	2158054	2158623	1	1883
CP084166	2158789	2159004	1	1884
CP084166	2159096	2159758	1	1885
CP084166	2159776	2160972	-1	1886
CP084166	2161028	2161567	-1	1887
CP084166	2161766	2162437	1	1888
CP084166	2162696	2164606	1	1889
CP084166	2164621	2165202	-1	1890
CP084166	2165195	2166163	-1	1891
CP084166	2166251	2167159	-1	1892
CP084166	2167248	2168279	1	1893
CP084166	2168283	2169173	-1	1894
CP084166	2169389	2169823	1	1895
CP084166	2169871	2170731	1	1896
CP084166	2170746	2172359	-1	1897
CP084166	2172539	2174371	1	1898
CP084166	2174492	2176006	1	1899
CP084166	2176191	2176883	1	1900
CP084166	2176891	2177334	-1	1901
CP084166	2177630	2178127	1	1902
CP084166	2178206	2179276	1	1903
CP084166	2179415	2180863	-1	1904
CP084166	2181293	2181454	1	1905
CP084166	2181496	2182749	-1	1906
CP084166	2182842	2183846	1	1907
CP084166	2183950	2184363	1	1908
CP084166	2184491	2184871	1	1909
CP084166	2184917	2185225	1	1910
CP084166	2185290	2185892	1	1911
CP084166	2185953	2186777	1	1912
CP084166	2186774	2187973	-1	1913
CP084166	2188083	2188658	-1	1914
CP084166	2188717	2190582	-1	1915
CP084166	2190783	2194970	1	1916
CP084166	2195544	2197340	-1	1917
CP084166	2197457	2197777	1	1918
CP084166	2197789	2198538	1	1919
CP084166	2198709	2200037	1	1920
CP084166	2200528	2202915	1	1921
CP084166	2202936	2203586	-1	1922
CP084166	2203673	2204620	-1	1923
CP084166	2205237	2205917	-1	1924
CP084166	2206578	2207384	1	1925
CP084166	2207435	2210296	1	1926
CP084166	2210329	2211465	-1	1927
CP084166	2211546	2211992	-1	1928
CP084166	2212267	2213100	1	1929
CP084166	2213126	2213548	-1	1930
CP084166	2213553	2214242	-1	1931
CP084166	2214295	2214765	-1	1932
CP084166	2215129	2217219	1	1933
CP084166	2217509	2218765	-1	1934
CP084166	2218901	2219905	1	1935
CP084166	2220063	2220692	1	1936
CP084166	2220710	2221297	1	1937
CP084166	2221436	2222245	-1	1938
CP084166	2222358	2223788	1	1939
CP084166	2224043	2224204	1	1940
CP084166	2224303	2224995	1	1941
CP084166	2225068	2225862	1	1942
CP084166	2225887	2227035	-1	1943
CP084166	2227137	2228411	1	1944
CP084166	2228429	2228920	1	1945
CP084166	2229050	2229988	1	1946
CP084166	2230166	2232271	1	1947
CP084166	2232282	2236091	1	1948
CP084166	2236140	2238014	1	1949
CP084166	2238020	2238373	-1	1950
CP084166	2239109	2240137	1	1951
CP084166	2240172	2242520	1	1952
CP084166	2242730	2243731	1	1953
CP084166	2243743	2244144	1	1954
CP084166	2244145	2244660	1	1955
CP084166	2244657	2244971	1	1956
CP084166	2244977	2246770	1	1957
CP084166	2246770	2248266	1	1958
CP084166	2248381	2249154	1	1959
CP084166	2249218	2249754	1	1960
CP084166	2249814	2250314	-1	1961
CP084166	2250327	2250785	-1	1962
CP084166	2250798	2252057	-1	1963
CP084166	2252061	2252579	-1	1964
CP084166	2252786	2253970	1	1965
CP084166	2254015	2255319	-1	1966
CP084166	2255312	2256433	-1	1967
CP084166	2256444	2257082	-1	1968
CP084166	2257216	2258127	1	1969
CP084166	2258177	2258881	-1	1970
CP084166	2259081	2259467	1	1971
CP084166	2259573	2259794	1	1972
CP084166	2259896	2261098	1	1973
CP084166	2261137	2263197	1	1974
CP084166	2263262	2263531	-1	1975
CP084166	2263543	2263725	-1	1976
CP084166	2263852	2265948	-1	1977
CP084166	2266085	2266474	-1	1978
CP084166	2266723	2267088	1	1979
CP084166	2267115	2268344	1	1980
CP084166	2268366	2269133	-1	1981
CP084166	2269235	2269672	-1	1982
CP084166	2269847	2271151	1	1983
CP084166	2271270	2271677	1	1984
CP084166	2271961	2272983	1	1985
CP084166	2272985	2273683	-1	1986
CP084166	2273783	2274463	1	1987
CP084166	2274496	2275530	-1	1988
CP084166	2275657	2276898	1	1989
CP084166	2276932	2277195	-1	1990
CP084166	2277344	2277523	1	1991
CP084166	2277539	2278465	1	1992
CP084166	2278520	2279773	-1	1993
CP084166	2279877	2280947	-1	1994
CP084166	2280944	2282872	-1	1995
CP084166	2283557	2284606	1	1996
CP084166	2284597	2285376	-1	1997
CP084166	2285380	2286165	-1	1998
CP084166	2286196	2287272	-1	1999
CP084166	2287421	2288050	1	2000
CP084166	2288047	2289423	-1	2001
CP084166	2289427	2290062	-1	2002
CP084166	2290069	2290761	-1	2003
CP084166	2291074	2291208	1	2004
CP084166	2291220	2291516	1	2005
CP084166	2291551	2291793	1	2006
CP084166	2291786	2292916	1	2007
CP084166	2292931	2293593	1	2008
CP084166	2293683	2294117	-1	2009
CP084166	2294260	2295714	-1	2010
CP084166	2296145	2296801	1	2011
CP084166	2296847	2297350	-1	2012
CP084166	2297602	2298657	-1	2013
CP084166	2298750	2298908	-1	2014
CP084166	2299306	2300523	1	2015
CP084166	2300695	2300994	1	2016
CP084166	2301066	2301632	1	2017
CP084166	2301654	2302994	1	2018
CP084166	2303047	2304309	1	2019
CP084166	2304381	2304833	1	2020
CP084166	2304791	2305864	-1	2021
CP084166	2306024	2306476	-1	2022
CP084166	2306448	2307350	-1	2023
CP084166	2307354	2307785	-1	2024
CP084166	2307906	2309114	1	2025
CP084166	2309123	2309650	1	2026
CP084166	2309663	2310070	1	2027
CP084166	2310189	2310464	1	2028
CP084166	2310503	2311603	1	2029
CP084166	2311585	2312706	-1	2030
CP084166	2312796	2313743	1	2031
CP084166	2313763	2314395	-1	2032
CP084166	2314978	2316132	1	2033
CP084166	2316143	2316604	1	2034
CP084166	2316617	2317828	-1	2035
CP084166	2317882	2318805	-1	2036
CP084166	2318914	2319990	-1	2037
CP084166	2319991	2320806	-1	2038
CP084166	2320810	2321829	-1	2039
CP084166	2322119	2322571	-1	2040
CP084166	2322516	2322635	-1	2041
CP084166	2322753	2323625	1	2042
CP084166	2323638	2325104	1	2043
CP084166	2325178	2325630	-1	2044
CP084166	2326156	2327121	1	2045
CP084166	2327175	2328227	1	2046
CP084166	2328239	2329000	1	2047
CP084166	2329073	2329795	1	2048
CP084166	2329848	2330441	-1	2049
CP084166	2330444	2331292	-1	2050
CP084166	2331420	2333609	-1	2051
CP084166	2333781	2335499	-1	2052
CP084166	2335665	2336831	-1	2053
CP084166	2336963	2337235	1	2054
CP084166	2337340	2338986	1	2055
CP084166	2338979	2340163	1	2056
CP084166	2340156	2340935	1	2057
CP084166	2340922	2342220	1	2058
CP084166	2342217	2343158	1	2059
CP084166	2343178	2344557	1	2060
CP084166	2344557	2345339	1	2061
CP084166	2345437	2346147	-1	2062
CP084166	2346339	2349449	1	2063
CP084166	2349455	2353147	1	2064
CP084166	2353158	2353655	1	2065
CP084166	2353704	2355488	1	2066
CP084166	2355540	2356541	1	2067
CP084166	2356552	2358000	1	2068
CP084166	2358004	2359515	1	2069
CP084166	2359649	2361880	-1	2070
CP084166	2362127	2363281	1	2071
CP084166	2363278	2363970	1	2072
CP084166	2363961	2365019	1	2073
CP084166	2365026	2366153	1	2074
CP084166	2366263	2367123	1	2075
CP084166	2367120	2370320	1	2076
CP084166	2370321	2370578	-1	2077
CP084166	2370747	2373293	1	2078
CP084166	2373377	2373787	1	2079
CP084166	2373913	2375433	1	2080
CP084166	2375578	2376138	1	2081
CP084166	2376215	2376949	1	2082
CP084166	2376915	2377034	-1	2083
CP084166	2377031	2378347	-1	2084
CP084166	2378602	2379702	1	2085
CP084166	2379718	2381667	1	2086
CP084166	2381869	2382072	-1	2087
CP084166	2382300	2383067	-1	2088
CP084166	2383057	2384832	-1	2089
CP084166	2385032	2386804	1	2090
CP084166	2386875	2389037	1	2091
CP084166	2389048	2389530	-1	2092
CP084166	2389613	2390548	-1	2093
CP084166	2390691	2391227	-1	2094
CP084166	2391273	2392490	-1	2095
CP084166	2392504	2393304	-1	2096
CP084166	2393304	2394944	-1	2097
CP084166	2395051	2395374	1	2098
CP084166	2395412	2397220	-1	2099
CP084166	2397230	2398984	-1	2100
CP084166	2399089	2400219	-1	2101
CP084166	2400306	2400506	-1	2102
CP084166	2400690	2401460	-1	2103
CP084166	2401758	2402180	-1	2104
CP084166	2402308	2403465	-1	2105
CP084166	2403573	2406692	1	2106
CP084166	2406729	2407550	1	2107
CP084166	2407577	2408110	-1	2108
CP084166	2408239	2408937	1	2109
CP084166	2408971	2409396	-1	2110
CP084166	2409703	2410089	1	2111
CP084166	2410215	2410904	-1	2112
CP084166	2411088	2411690	1	2113
CP084166	2411690	2412568	1	2114
CP084166	2412598	2414271	-1	2115
CP084166	2414401	2415327	1	2116
CP084166	2415345	2416100	-1	2117
CP084166	2416200	2416460	-1	2118
CP084166	2416461	2416790	-1	2119
CP084166	2416984	2417658	-1	2120
CP084166	2417786	2418151	1	2121
CP084166	2418187	2418474	-1	2122
CP084166	2418615	2418995	-1	2123
CP084166	2419012	2421027	1	2124
CP084166	2421261	2422538	1	2125
CP084166	2422568	2423305	-1	2126
CP084166	2423310	2423996	-1	2127
CP084166	2424161	2425576	1	2128
CP084166	2425734	2426420	1	2129
CP084166	2426448	2426930	1	2130
CP084166	2426920	2427534	1	2131
CP084166	2427524	2428459	-1	2132
CP084166	2428508	2428738	-1	2133
CP084166	2428957	2430000	1	2134
CP084166	2430140	2431072	-1	2135
CP084166	2431255	2432943	1	2136
CP084166	2432983	2433975	-1	2137
CP084166	2433977	2435212	-1	2138
CP084166	2435257	2436297	-1	2139
CP084166	2436375	2437010	-1	2140
CP084166	2437016	2438011	-1	2141
CP084166	2438011	2438562	-1	2142
CP084166	2438670	2439071	1	2143
CP084166	2439168	2441786	1	2144
CP084166	2441790	2442263	-1	2145
CP084166	2442315	2444492	-1	2146
CP084166	2444602	2445675	1	2147
CP084166	2445832	2446905	1	2148
CP084166	2447179	2448162	1	2149
CP084166	2448259	2448777	1	2150
CP084166	2448824	2451217	1	2151
CP084166	2451261	2451587	-1	2152
CP084166	2451680	2452354	-1	2153
CP084166	2452359	2453141	-1	2154
CP084166	2453480	2454727	1	2155
CP084166	2454783	2455601	-1	2156
CP084166	2455817	2456113	1	2157
CP084166	2456921	2457166	1	2158
CP084166	2457156	2458982	1	2159
CP084166	2458975	2460579	1	2160
CP084166	2460733	2463075	1	2161
CP084166	2463218	2464669	1	2162
CP084166	2464784	2466310	1	2163
CP084166	2466360	2467373	-1	2164
CP084166	2467741	2468469	-1	2165
CP084166	2468481	2468924	-1	2166
CP084166	2469042	2472884	1	2167
CP084166	2473105	2474166	1	2168
CP084166	2474228	2474389	1	2169
CP084166	2474497	2475666	1	2170
CP084166	2475813	2476568	1	2171
CP084166	2476663	2477448	1	2172
CP084166	2477750	2478502	-1	2173
CP084166	2478823	2479527	-1	2174
CP084166	2480290	2481141	-1	2175
CP084166	2481517	2482647	-1	2176
CP084166	2483113	2483676	1	2177
CP084166	2483994	2484152	1	2178
CP084166	2484176	2484685	1	2179
CP084166	2484784	2486421	1	2180
CP084166	2486575	2488212	1	2181
CP084166	2488359	2488901	1	2182
CP084166	2488854	2489417	-1	2183
CP084166	2489517	2490128	1	2184
CP084166	2490263	2490988	-1	2185
CP084166	2491248	2491376	-1	2186
CP084166	2491463	2492110	-1	2187
CP084166	2492217	2493095	1	2188
CP084166	2493102	2495888	1	2189
CP084166	2495893	2496993	1	2190
CP084166	2496990	2498522	1	2191
CP084166	2498569	2499108	1	2192
CP084166	2499119	2500219	1	2193
CP084166	2500306	2501127	1	2194
CP084166	2501173	2501949	-1	2195
CP084166	2502403	2503101	1	2196
CP084166	2503409	2505919	-1	2197
CP084166	2505891	2506712	-1	2198
CP084166	2506709	2508403	-1	2199
CP084166	2508801	2509994	1	2200
CP084166	2510619	2511317	-1	2201
CP084166	2511424	2512245	1	2202
CP084166	2512318	2513919	-1	2203
CP084166	2513929	2515044	-1	2204
CP084166	2515037	2515774	-1	2205
CP084166	2515784	2519425	-1	2206
CP084166	2519418	2520176	-1	2207
CP084166	2520735	2521217	-1	2208
CP084166	2521283	2522515	-1	2209
CP084166	2523123	2525267	1	2210
CP084166	2525700	2526275	-1	2211
CP084166	2526500	2530219	-1	2212
CP084166	2530212	2533667	-1	2213
CP084166	2534666	2537659	1	2214
CP084166	2537664	2538479	1	2215
CP084166	2538499	2539023	1	2216
CP084166	2539028	2541574	1	2217
CP084166	2541981	2543033	1	2218
CP084166	2543353	2544540	-1	2219
CP084166	2544819	2545394	1	2220
CP084166	2545537	2546265	-1	2221
CP084166	2547040	2547810	1	2222
CP084166	2547961	2549925	-1	2223
CP084166	2550090	2551235	1	2224
CP084166	2551492	2551923	-1	2225
CP084166	2552069	2552299	-1	2226
CP084166	2552624	2557480	1	2227
CP084166	2557610	2559202	-1	2228
CP084166	2559356	2561215	-1	2229
CP084166	2561212	2563464	-1	2230
CP084166	2563529	2564074	-1	2231
CP084166	2564293	2564505	1	2232
CP084166	2564626	2567190	1	2233
CP084166	2567249	2567866	1	2234
CP084166	2567894	2568094	-1	2235
CP084166	2568213	2569838	1	2236
CP084166	2569844	2570371	-1	2237
CP084166	2570417	2570980	-1	2238
CP084166	2571095	2571769	1	2239
CP084166	2571808	2572443	-1	2240
CP084166	2572712	2573206	1	2241
CP084166	2573263	2574417	1	2242
CP084166	2574422	2575993	-1	2243
CP084166	2576111	2576248	-1	2244
CP084166	2576461	2576985	1	2245
CP084166	2577209	2578030	1	2246
CP084166	2578425	2579795	-1	2247
CP084166	2579900	2580835	1	2248
CP084166	2580837	2581751	-1	2249
CP084166	2581834	2582487	1	2250
CP084166	2582511	2583518	1	2251
CP084166	2583534	2585114	-1	2252
CP084166	2585231	2585428	-1	2253
CP084166	2585599	2585715	-1	2254
CP084166	2585758	2587107	-1	2255
CP084166	2587316	2588170	1	2256
CP084166	2588229	2588756	1	2257
CP084166	2588753	2589232	-1	2258
CP084166	2589348	2589869	1	2259
CP084166	2589884	2590366	-1	2260
CP084166	2591010	2592962	1	2261
CP084166	2592963	2594357	1	2262
CP084166	2594429	2595442	1	2263
CP084166	2595564	2596601	1	2264
CP084166	2596607	2599024	1	2265
CP084166	2599062	2599742	-1	2266
CP084166	2599843	2601345	-1	2267
CP084166	2601457	2602353	1	2268
CP084166	2602449	2602667	1	2269
CP084166	2602957	2604303	1	2270
CP084166	2604443	2606782	-1	2271
CP084166	2606783	2612506	-1	2272
CP084166	2612568	2613845	-1	2273
CP084166	2614125	2614694	1	2274
CP084166	2614745	2615230	-1	2275
CP084166	2615461	2615772	1	2276
CP084166	2615841	2616146	1	2277
CP084166	2616245	2617441	-1	2278
CP084166	2617720	2618862	1	2279
CP084166	2618864	2619739	1	2280
CP084166	2619761	2620921	-1	2281
CP084166	2621003	2621302	1	2282
CP084166	2621407	2621760	1	2283
CP084166	2621902	2622300	1	2284
CP084166	2622395	2623093	1	2285
CP084166	2623209	2623922	1	2286
CP084166	2623915	2624643	-1	2287
CP084166	2624721	2625974	1	2288
CP084166	2626047	2627333	1	2289
CP084166	2627400	2628554	1	2290
CP084166	2628547	2632752	1	2291
CP084166	2632765	2635563	-1	2292
CP084166	2635560	2637224	-1	2293
CP084166	2637251	2638849	-1	2294
CP084166	2639036	2640070	-1	2295
CP084166	2640205	2641842	1	2296
CP084166	2641895	2642770	1	2297
CP084166	2642845	2644404	-1	2298
CP084166	2644401	2645012	-1	2299
CP084166	2645132	2646478	-1	2300
CP084166	2646687	2647790	1	2301
CP084166	2647914	2648693	1	2302
CP084166	2648686	2648961	1	2303
CP084166	2648991	2649773	-1	2304
CP084166	2649852	2650490	-1	2305
CP084166	2650905	2651237	1	2306
CP084166	2651230	2652402	1	2307
CP084166	2652399	2653259	1	2308
CP084166	2653263	2653802	1	2309
CP084166	2653799	2655772	1	2310
CP084166	2655778	2656242	1	2311
CP084166	2656235	2657233	1	2312
CP084166	2657236	2658723	1	2313
CP084166	2658720	2659226	1	2314
CP084166	2659216	2659629	1	2315
CP084166	2659642	2660532	1	2316
CP084166	2660550	2661272	1	2317
CP084166	2661278	2662936	1	2318
CP084166	2662926	2663642	-1	2319
CP084166	2663958	2665310	1	2320
CP084166	2665395	2666801	-1	2321
CP084166	2666811	2679356	-1	2322
CP084166	2679504	2682434	-1	2323
CP084166	2682673	2683938	-1	2324
CP084166	2684008	2685414	-1	2325
CP084166	2685638	2686948	1	2326
CP084166	2686959	2688098	1	2327
CP084166	2688153	2691125	1	2328
CP084166	2691215	2692180	1	2329
CP084166	2692177	2692758	-1	2330
CP084166	2693017	2693451	-1	2331
CP084166	2693521	2693760	-1	2332
CP084166	2693807	2695642	-1	2333
CP084166	2695814	2697073	1	2334
CP084166	2697229	2697927	1	2335
CP084166	2697931	2698719	-1	2336
CP084166	2698850	2699128	1	2337
CP084166	2699202	2700233	1	2338
CP084166	2700321	2700554	-1	2339
CP084166	2700807	2701244	1	2340
CP084166	2701383	2702810	1	2341
CP084166	2702985	2703404	1	2342
CP084166	2703436	2704671	-1	2343
CP084166	2704779	2705927	-1	2344
CP084166	2706317	2706676	1	2345
CP084166	2706864	2707625	1	2346
CP084166	2707720	2708832	-1	2347
CP084166	2709029	2710039	-1	2348
CP084166	2710308	2710793	1	2349
CP084166	2710845	2711969	1	2350
CP084166	2712099	2713409	1	2351
CP084166	2713443	2713619	-1	2352
CP084166	2713762	2714226	-1	2353
CP084166	2714370	2714648	1	2354
CP084166	2714716	2715690	-1	2355
CP084166	2715853	2716074	1	2356
CP084166	2716322	2717968	1	2357
CP084166	2718057	2718863	1	2358
CP084166	2718888	2719664	-1	2359
CP084166	2719814	2721523	-1	2360
CP084166	2721703	2723064	-1	2361
CP084166	2723109	2724449	-1	2362
CP084166	2724587	2725774	1	2363
CP084166	2725802	2726629	-1	2364
CP084166	2726881	2727552	1	2365
CP084166	2727637	2729223	-1	2366
CP084166	2729242	2730744	-1	2367
CP084166	2730864	2731838	-1	2368
CP084166	2732275	2733282	1	2369
CP084166	2733302	2734363	1	2370
CP084166	2734651	2735340	1	2371
CP084166	2735540	2736484	1	2372
CP084166	2736487	2737326	1	2373
CP084166	2737452	2739464	1	2374
CP084166	2739598	2739810	-1	2375
CP084166	2740082	2740297	-1	2376
CP084166	2740361	2741542	-1	2377
CP084166	2741557	2743935	-1	2378
CP084166	2744079	2747021	-1	2379
CP084166	2747298	2748347	1	2380
CP084166	2748359	2749564	1	2381
CP084166	2749669	2750421	1	2382
CP084166	2750433	2751197	1	2383
CP084166	2751223	2752182	-1	2384
CP084166	2752376	2753038	-1	2385
CP084166	2753268	2753474	1	2386
CP084166	2753779	2754762	1	2387
CP084166	2754874	2755464	1	2388
CP084166	2755647	2756603	1	2389
CP084166	2756856	2757977	-1	2390
CP084166	2758164	2759039	-1	2391
CP084166	2759098	2759457	-1	2392
CP084166	2759459	2759785	-1	2393
CP084166	2760195	2760728	1	2394
CP084166	2760725	2761087	1	2395
CP084166	2761080	2761580	1	2396
CP084166	2761570	2762040	1	2397
CP084166	2762037	2763152	1	2398
CP084166	2763166	2764140	1	2399
CP084166	2764184	2764627	1	2400
CP084166	2764629	2766086	1	2401
CP084166	2766096	2768126	1	2402
CP084166	2768136	2769605	1	2403
CP084166	2769611	2771041	1	2404
CP084166	2771055	2771432	1	2405
CP084166	2771556	2772218	1	2406
CP084166	2772194	2773093	1	2407
CP084166	2773098	2774045	1	2408
CP084166	2774063	2775238	-1	2409
CP084166	2775352	2775714	-1	2410
CP084166	2775758	2776129	-1	2411
CP084166	2776206	2777597	1	2412
CP084166	2777643	2779070	1	2413
CP084166	2779087	2782065	-1	2414
CP084166	2782338	2782628	1	2415
CP084166	2782811	2784589	1	2416
CP084166	2784589	2785176	1	2417
CP084166	2785173	2787527	1	2418
CP084166	2787529	2788533	-1	2419
CP084166	2788585	2788863	1	2420
CP084166	2788897	2789817	-1	2421
CP084166	2789873	2790040	-1	2422
CP084166	2790242	2791264	1	2423
CP084166	2791223	2791768	-1	2424
CP084166	2791816	2791959	-1	2425
CP084166	2792015	2792182	-1	2426
CP084166	2792384	2792836	1	2427
CP084166	2792830	2793384	1	2428
CP084166	2793392	2793880	-1	2429
CP084166	2793954	2794271	-1	2430
CP084166	2794477	2795355	-1	2431
CP084166	2795401	2795712	-1	2432
CP084166	2795935	2797113	1	2433
CP084166	2797244	2798029	1	2434
CP084166	2798090	2798791	-1	2435
CP084166	2798956	2799642	1	2436
CP084166	2799756	2800298	-1	2437
CP084166	2800504	2801373	1	2438
CP084166	2801384	2802286	1	2439
CP084166	2802296	2802727	1	2440
CP084166	2802737	2803888	1	2441
CP084166	2803889	2804356	1	2442
CP084166	2804358	2805038	1	2443
CP084166	2805078	2805707	-1	2444
CP084166	2805797	2807326	-1	2445
CP084166	2807586	2808182	-1	2446
CP084166	2808297	2808755	-1	2447
CP084166	2808783	2809640	-1	2448
CP084166	2810098	2817783	1	2449
CP084166	2817864	2818928	1	2450
CP084166	2819015	2820175	1	2451
CP084166	2820204	2820389	1	2452
CP084166	2820485	2823676	1	2453
CP084166	2823793	2825250	-1	2454
CP084166	2825260	2826696	-1	2455
CP084166	2826763	2827479	1	2456
CP084166	2827560	2828774	1	2457
CP084166	2828780	2829526	1	2458
CP084166	2829549	2831171	1	2459
CP084166	2831335	2832255	1	2460
CP084166	2832257	2832730	1	2461
CP084166	2832824	2835961	-1	2462
CP084166	2836223	2837056	-1	2463
CP084166	2837061	2838323	-1	2464
CP084166	2838407	2838625	-1	2465
CP084166	2838776	2839495	-1	2466
CP084166	2839583	2841427	-1	2467
CP084166	2841524	2842432	-1	2468
CP084166	2842531	2843211	1	2469
CP084166	2843385	2844200	1	2470
CP084166	2844201	2845550	1	2471
CP084166	2845621	2846286	1	2472
CP084166	2846274	2846540	1	2473
CP084166	2846537	2846995	1	2474
CP084166	2846992	2848473	1	2475
CP084166	2848526	2849509	1	2476
CP084166	2849609	2850676	-1	2477
CP084166	2850691	2851773	-1	2478
CP084166	2852053	2853852	1	2479
CP084166	2853853	2855682	1	2480
CP084166	2855753	2857609	1	2481
CP084166	2857613	2858218	1	2482
CP084166	2858314	2858622	-1	2483
CP084166	2858726	2859523	-1	2484
CP084166	2859755	2861119	1	2485
CP084166	2861417	2864068	1	2486
CP084166	2864323	2864967	1	2487
CP084166	2864992	2866278	-1	2488
CP084166	2866400	2867293	-1	2489
CP084166	2867365	2868933	1	2490
CP084166	2869127	2870236	1	2491
CP084166	2870465	2870746	1	2492
CP084166	2870736	2871305	-1	2493
CP084166	2871358	2872245	1	2494
CP084166	2872334	2874406	1	2495
CP084166	2874502	2874747	-1	2496
CP084166	2874886	2876376	-1	2497
CP084166	2876381	2877523	-1	2498
CP084166	2877582	2879192	-1	2499
CP084166	2879355	2879894	-1	2500
CP084166	2879935	2882169	-1	2501
CP084166	2882237	2886637	-1	2502
CP084166	2886862	2888193	1	2503
CP084166	2888328	2889377	-1	2504
CP084166	2889506	2890042	1	2505
CP084166	2890172	2890474	1	2506
CP084166	2890539	2891315	1	2507
CP084166	2891296	2891937	1	2508
CP084166	2892106	2892657	1	2509
CP084166	2892658	2892975	1	2510
CP084166	2892984	2894171	1	2511
CP084166	2894177	2895142	1	2512
CP084166	2895204	2897018	1	2513
CP084166	2896980	2898434	-1	2514
CP084166	2898431	2899234	-1	2515
CP084166	2899286	2900251	-1	2516
CP084166	2900268	2900546	-1	2517
CP084166	2900898	2902775	-1	2518
CP084166	2903033	2903833	-1	2519
CP084166	2904112	2904591	1	2520
CP084166	2904642	2905781	1	2521
CP084166	2905861	2907123	1	2522
CP084166	2907131	2907763	-1	2523
CP084166	2907871	2909328	-1	2524
CP084166	2909325	2910635	-1	2525
CP084166	2910878	2911084	1	2526
CP084166	2911148	2912356	1	2527
CP084166	2912417	2913148	1	2528
CP084166	2913148	2913453	1	2529
CP084166	2913593	2914894	1	2530
CP084166	2914981	2916060	1	2531
CP084166	2916132	2917268	-1	2532
CP084166	2917345	2918544	-1	2533
CP084166	2918933	2919115	1	2534
CP084166	2919195	2920238	1	2535
CP084166	2920271	2923156	-1	2536
CP084166	2923495	2926338	-1	2537
CP084166	2926747	2927712	-1	2538
CP084166	2927731	2929989	-1	2539
CP084166	2929986	2931353	-1	2540
CP084166	2931520	2932758	-1	2541
CP084166	2932755	2933828	-1	2542
CP084166	2933845	2935146	-1	2543
CP084166	2935163	2936494	-1	2544
CP084166	2936589	2938052	1	2545
CP084166	2938068	2939924	-1	2546
CP084166	2940047	2941012	-1	2547
CP084166	2941043	2942248	-1	2548
CP084166	2942258	2944903	-1	2549
CP084166	2944900	2945508	-1	2550
CP084166	2945780	2948626	1	2551
CP084166	2949035	2951077	1	2552
CP084166	2951146	2952201	-1	2553
CP084166	2952183	2952800	-1	2554
CP084166	2952810	2954690	-1	2555
CP084166	2954878	2955168	-1	2556
CP084166	2955221	2955415	1	2557
CP084166	2955586	2955918	-1	2558
CP084166	2956350	2956583	-1	2559
CP084166	2956564	2956848	-1	2560
CP084166	2957383	2957550	-1	2561
CP084166	2957965	2958228	-1	2562
CP084166	2958232	2959218	-1	2563
CP084166	2959219	2959734	-1	2564
CP084166	2959746	2962550	-1	2565
CP084166	2962525	2963319	-1	2566
CP084166	2963328	2964350	-1	2567
CP084166	2964353	2966425	-1	2568
CP084166	2966422	2967141	-1	2569
CP084166	2967307	2967945	1	2570
CP084166	2968325	2969305	1	2571
CP084166	2969302	2970603	1	2572
CP084166	2970629	2970976	-1	2573
CP084166	2971059	2971238	-1	2574
CP084166	2971242	2971898	1	2575
CP084166	2972902	2973984	1	2576
CP084166	2974316	2974501	1	2577
CP084166	2974505	2975689	1	2578
CP084166	2975797	2976849	-1	2579
CP084166	2976930	2978795	-1	2580
CP084166	2978910	2979470	-1	2581
CP084166	2979563	2980819	-1	2582
CP084166	2980957	2981301	-1	2583
CP084166	2981383	2982270	-1	2584
CP084166	2982425	2983066	1	2585
CP084166	2983255	2984265	-1	2586
CP084166	2984446	2985009	1	2587
CP084166	2985133	2986029	1	2588
CP084166	2986156	2987586	-1	2589
CP084166	2987819	2988676	1	2590
CP084166	2988678	2990225	-1	2591
CP084166	2990340	2990909	-1	2592
CP084166	2991223	2992224	1	2593
CP084166	2992252	2993262	-1	2594
CP084166	2993272	2994162	-1	2595
CP084166	2994274	2995365	1	2596
CP084166	2995406	2995798	1	2597
CP084166	2995786	2998464	-1	2598
CP084166	2998418	2998900	-1	2599
CP084166	2999044	2999436	1	2600
CP084166	2999547	2999774	1	2601
CP084166	2999904	3000752	1	2602
CP084166	3000871	3001425	1	2603
CP084166	3001422	3001697	1	2604
CP084166	3001698	3002828	1	2605
CP084166	3002839	3003741	1	2606
CP084166	3003847	3004449	1	2607
CP084166	3004572	3005753	1	2608
CP084166	3005817	3006815	1	2609
CP084166	3006866	3008044	-1	2610
CP084166	3008234	3008995	-1	2611
CP084166	3009197	3010573	1	2612
CP084166	3010637	3012556	1	2613
CP084166	3012608	3012844	1	2614
CP084166	3012927	3013868	1	2615
CP084166	3013965	3015506	1	2616
CP084166	3015565	3015711	1	2617
CP084166	3015753	3017357	-1	2618
CP084166	3017663	3017974	1	2619
CP084166	3018058	3018309	1	2620
CP084166	3018352	3019188	1	2621
CP084166	3019185	3019973	-1	2622
CP084166	3019982	3020959	-1	2623
CP084166	3021074	3021829	-1	2624
CP084166	3022046	3022936	1	2625
CP084166	3023004	3023912	1	2626
CP084166	3024036	3024926	1	2627
CP084166	3024937	3025665	1	2628
CP084166	3025840	3027543	-1	2629
CP084166	3027657	3028022	1	2630
CP084166	3028072	3028950	1	2631
CP084166	3029205	3029792	1	2632
CP084166	3029816	3030421	1	2633
CP084166	3030418	3031221	-1	2634
CP084166	3031235	3032428	-1	2635
CP084166	3032429	3033283	-1	2636
CP084166	3033276	3034199	-1	2637
CP084166	3034395	3035105	1	2638
CP084166	3035109	3035510	-1	2639
CP084166	3035616	3037115	-1	2640
CP084166	3037155	3038387	-1	2641
CP084166	3038496	3039134	1	2642
CP084166	3039196	3040992	1	2643
CP084166	3041123	3042079	1	2644
CP084166	3042368	3043432	1	2645
CP084166	3043491	3044186	1	2646
CP084166	3044200	3044499	-1	2647
CP084166	3044512	3045804	-1	2648
CP084166	3045978	3046934	1	2649
CP084166	3047098	3048288	1	2650
CP084166	3048347	3049042	1	2651
CP084166	3049056	3049355	-1	2652
CP084166	3049368	3050660	-1	2653
CP084166	3050734	3051693	-1	2654
CP084166	3051695	3052501	-1	2655
CP084166	3052738	3053793	1	2656
CP084166	3053826	3054392	-1	2657
CP084166	3054788	3056245	-1	2658
CP084166	3056566	3057072	-1	2659
CP084166	3057154	3057792	-1	2660
CP084166	3057898	3060924	1	2661
CP084166	3060930	3061631	1	2662
CP084166	3061631	3063505	1	2663
CP084166	3063520	3063990	1	2664
CP084166	3064048	3065031	1	2665
CP084166	3065221	3066150	-1	2666
CP084166	3066170	3067516	-1	2667
CP084166	3067518	3069029	-1	2668
CP084166	3069066	3069917	1	2669
CP084166	3070048	3072165	1	2670
CP084166	3072168	3073550	1	2671
CP084166	3073563	3073883	1	2672
CP084166	3073938	3074969	-1	2673
CP084166	3075099	3076229	1	2674
CP084166	3076257	3076961	-1	2675
CP084166	3077103	3077480	1	2676
CP084166	3077482	3079620	1	2677
CP084166	3079782	3080864	1	2678
CP084166	3080965	3081672	1	2679
