Hmm	ORF	tlen	qlen	Eval	score	start	end	Acc	Pos	Cov_seq	Cov_hmm	strand
AbiEii_0_CAS-III	CP084166_1002	319	284	1.4e-06	25.4	1207774	1208730	CP084166	1002	0.2476489028213166	0.2676056338028169	-1
AbiEii_0_CAS-III	CP084166_101	583	284	1.7e-06	25.0	135585	137333	CP084166	101	0.32246998284734135	0.5211267605633803	1
AbiEii_0_CAS-III	CP084166_1067	256	284	0.0065	13.3	1274379	1275146	CP084166	1067	0.19921875	0.18309859154929578	-1
AbiEii_0_CAS-III	CP084166_1076	283	284	0.011	12.6	1284948	1285796	CP084166	1076	0.3498233215547703	0.3380281690140845	1
AbiEii_0_CAS-III	CP084166_1080	253	284	0.012	12.4	1289379	1290137	CP084166	1080	0.1422924901185771	0.13028169014084506	1
AbiEii_0_CAS-III	CP084166_111	578	284	2.6e-09	34.3	151032	152765	CP084166	111	0.3737024221453287	0.3873239436619718	-1
AbiEii_0_CAS-III	CP084166_1133	993	284	0.0004	17.3	1349563	1352541	CP084166	1133	0.05740181268882175	0.1936619718309859	-1
AbiEii_0_CAS-III	CP084166_1135	215	284	0.00012	19.0	1354635	1355279	CP084166	1135	0.2651162790697674	0.1936619718309859	-1
AbiEii_0_CAS-III	CP084166_1390	487	284	0.00031	17.6	1632530	1633990	CP084166	1390	0.30184804928131415	0.4154929577464789	-1
AbiEii_0_CAS-III	CP084166_1406	743	284	0.00074	16.4	1650009	1652237	CP084166	1406	0.052489905787348586	0.07042253521126761	1
AbiEii_0_CAS-III	CP084166_1427	314	284	1.8e-05	21.7	1669849	1670790	CP084166	1427	0.25477707006369427	0.2676056338028169	1
AbiEii_0_CAS-III	CP084166_1434	309	284	3.4e-07	27.4	1678322	1679248	CP084166	1434	0.5857605177993528	0.6690140845070423	1
AbiEii_0_CAS-III	CP084166_1460	612	284	0.00012	19.0	1704279	1706114	CP084166	1460	0.15849673202614378	0.2746478873239437	1
AbiEii_0_CAS-III	CP084166_1569	231	284	0.00043	17.2	1799230	1799922	CP084166	1569	0.3593073593073593	0.3028169014084507	1
AbiEii_0_CAS-III	CP084166_160	245	284	1.5e-08	31.8	208900	209634	CP084166	160	0.6693877551020408	0.5633802816901409	1
AbiEii_0_CAS-III	CP084166_162	334	284	0.002	15.0	212456	213457	CP084166	162	0.25449101796407186	0.3028169014084507	1
AbiEii_0_CAS-III	CP084166_1677	409	284	0.0021	14.9	1898456	1899682	CP084166	1677	0.10513447432762836	0.14788732394366197	-1
AbiEii_0_CAS-III	CP084166_1731	345	284	0.0001	19.2	1959954	1960988	CP084166	1731	0.17391304347826086	0.19718309859154928	1
AbiEii_0_CAS-III	CP084166_1749	288	284	1.2e-07	28.9	1985309	1986172	CP084166	1749	0.5729166666666666	0.5176056338028169	-1
AbiEii_0_CAS-III	CP084166_1925	269	284	0.014	12.2	2206578	2207384	CP084166	1925	0.35687732342007433	0.31338028169014087	1
AbiEii_0_CAS-III	CP084166_2037	359	284	0.0041	14.0	2318914	2319990	CP084166	2037	0.07520891364902507	0.09507042253521127	-1
AbiEii_0_CAS-III	CP084166_2051	730	284	0.00015	18.7	2331420	2333609	CP084166	2051	0.056164383561643834	0.07394366197183098	-1
AbiEii_0_CAS-III	CP084166_2112	230	284	0.0024	14.7	2410215	2410904	CP084166	2112	0.5173913043478261	0.4014084507042254	-1
AbiEii_0_CAS-III	CP084166_2159	609	284	0.00016	18.6	2457156	2458982	CP084166	2159	0.09359605911330049	0.19014084507042253	1
AbiEii_0_CAS-III	CP084166_221	197	284	0.0043	13.9	278935	279525	CP084166	221	0.09644670050761421	0.06690140845070422	1
AbiEii_0_CAS-III	CP084166_2229	620	284	0.001	15.9	2559356	2561215	CP084166	2229	0.15806451612903225	0.3345070422535211	-1
AbiEii_0_CAS-III	CP084166_2372	315	284	0.0046	13.8	2735540	2736484	CP084166	2372	0.1492063492063492	0.15845070422535212	1
AbiEii_0_CAS-III	CP084166_2380	350	284	0.022	11.6	2747298	2748347	CP084166	2380	0.30857142857142855	0.3626760563380282	1
AbiEii_0_CAS-III	CP084166_24	544	284	7.9e-05	19.6	20120	21751	CP084166	24	0.17647058823529413	0.34507042253521125	-1
AbiEii_0_CAS-III	CP084166_2458	249	284	4.9e-07	26.9	2828780	2829526	CP084166	2458	0.5301204819277109	0.4471830985915493	1
AbiEii_0_CAS-III	CP084166_2571	327	284	8.8e-10	35.9	2968325	2969305	CP084166	2571	0.41896024464831805	0.4647887323943662	1
AbiEii_0_CAS-III	CP084166_2663	625	284	0.0038	14.1	3061631	3063505	CP084166	2663	0.0976	0.2147887323943662	1
AbiEii_0_CAS-III	CP084166_274	252	284	8.2e-05	19.5	357444	358199	CP084166	274	0.7142857142857143	0.704225352112676	1
AbiEii_0_CAS-III	CP084166_287	574	284	2.9e-05	21.0	372676	374397	CP084166	287	0.16550522648083624	0.23943661971830985	-1
AbiEii_0_CAS-III	CP084166_300	359	284	1.2e-05	22.3	386918	387994	CP084166	300	0.1894150417827298	0.21830985915492956	-1
AbiEii_0_CAS-III	CP084166_342	321	284	2.2e-07	28.0	437212	438174	CP084166	342	0.6728971962616822	0.5985915492957746	1
AbiEii_0_CAS-III	CP084166_488	348	284	3.3e-06	24.1	615470	616513	CP084166	488	0.3333333333333333	0.40492957746478875	1
AbiEii_0_CAS-III	CP084166_529	249	284	2.2e-06	24.7	672884	673630	CP084166	529	0.42570281124497994	0.34507042253521125	-1
AbiEii_0_CAS-III	CP084166_561	598	284	0.00043	17.2	705442	707235	CP084166	561	0.24247491638795987	0.5035211267605634	-1
AbiEii_0_CAS-III	CP084166_610	282	284	4.8e-07	26.9	757919	758764	CP084166	610	0.3546099290780142	0.3415492957746479	1
AbiEii_0_CAS-III	CP084166_684	366	284	4.4e-07	27.0	829509	830606	CP084166	684	0.2568306010928962	0.30985915492957744	1
AbiEii_0_CAS-III	CP084166_766	264	284	2.9e-08	30.9	934990	935781	CP084166	766	0.2727272727272727	0.25704225352112675	-1
AbiEii_0_CAS-III	CP084166_805	240	284	4.2e-05	20.5	983498	984217	CP084166	805	0.3458333333333333	0.2887323943661972	-1
AbiEii_0_CAS-III	CP084166_81	299	284	0.0047	13.8	104468	105364	CP084166	81	0.12040133779264214	0.13028169014084506	1
AbiEii_0_CAS-III	CP084166_824	250	284	5.4e-07	26.7	1001564	1002313	CP084166	824	0.42	0.30985915492957744	1
AbiEii_0_CAS-III	CP084166_83	596	284	4e-07	27.1	108278	110065	CP084166	83	0.2634228187919463	0.45422535211267606	1
AbiEii_0_CAS-III	CP084166_855	637	284	0.0002	18.3	1037339	1039249	CP084166	855	0.22135007849293564	0.45422535211267606	-1
AbiEii_0_CAS-III	CP084166_899	243	284	0.0054	13.6	1087561	1088289	CP084166	899	0.13580246913580246	0.11619718309859155	1
AbiEii_0_CAS-III	CP084166_915	715	284	0.00063	16.6	1105671	1107815	CP084166	915	0.06433566433566433	0.15492957746478872	-1
AbiEii_0_CAS-III	CP084166_935	257	284	5.1e-08	30.1	1127597	1128367	CP084166	935	0.3540856031128405	0.31338028169014087	1
AbiEii_0_CAS-III	CP084166_989	616	284	0.0027	14.6	1190751	1192598	CP084166	989	0.11525974025974026	0.2640845070422535	1
AbiEii_1_CAS-III-A	CP084166_1002	319	335	0.015	11.7	1207774	1208730	CP084166	1002	0.14106583072100312	0.13432835820895522	-1
AbiEii_1_CAS-III-A	CP084166_1875	907	335	1.8	4.9	2148248	2150968	CP084166	1875	0.18412348401323042	0.31044776119402984	-1
AbiEii_1_CAS-III-A	CP084166_2159	609	335	4.5	3.6	2457156	2458982	CP084166	2159	0.32348111658456485	0.3582089552238806	1
AbiEii_1_CAS-III-A	CP084166_342	321	335	0.018	11.5	437212	438174	CP084166	342	0.5046728971962616	0.4208955223880597	1
AbiEii_1_CAS-III-A	CP084166_542	356	335	0.0012	15.3	687033	688100	CP084166	542	0.18820224719101122	0.208955223880597	1
AbiEii_1_CAS-III-A	CP084166_766	264	335	0.00011	18.7	934990	935781	CP084166	766	0.2840909090909091	0.2298507462686567	-1
AbiEii_1_CAS-III-A	CP084166_855	637	335	0.00073	16.0	1037339	1039249	CP084166	855	0.22135007849293564	0.42388059701492536	-1
AbiEii_2_CAS-III-C	CP084166_1135	215	440	0.014	11.8	1354635	1355279	CP084166	1135	0.20465116279069767	0.09772727272727273	-1
AbiEii_2_CAS-III-C	CP084166_542	356	440	1.7e-05	21.5	687033	688100	CP084166	542	0.39325842696629215	0.33636363636363636	1
AbiEii_2_CAS-III-C	CP084166_766	264	440	0.023	11.2	934990	935781	CP084166	766	0.3181818181818182	0.19090909090909092	-1
AbiEii_2_CAS-III-C	CP084166_855	637	440	0.0011	15.5	1037339	1039249	CP084166	855	0.19152276295133439	0.27045454545454545	-1
Can2_Card1_17_CAS-III	CP084166_2187	216	380	4.4e-05	19.6	2491463	2492110	CP084166	2187	0.4027777777777778	0.23421052631578948	-1
Can2_Card1_17_CAS-III	CP084166_2192	180	380	0.0015	14.5	2498569	2499108	CP084166	2192	0.2833333333333333	0.13421052631578947	1
Cas10_0_CAS-III	CP084166_1618	630	511	0.004	13.3	1838349	1840238	CP084166	1618	0.3142857142857143	0.33659491193737767	-1
Cas10_0_CAS-III	CP084166_391	670	511	1e-67	226.4	504364	506373	CP084166	391	0.8238805970149253	0.9863013698630136	-1
Cas10_0_CAS-III	CP084166_758	487	511	0.0011	15.1	921666	923126	CP084166	758	0.486652977412731	0.4227005870841487	1
Cas10_0_CAS-III-B	CP084166_391	670	189	0.041	10.9	504364	506373	CP084166	391	0.4955223880597015	0.7142857142857143	-1
Cas10_0_III	CP084166_391	670	414	9.1e-09	32.0	504364	506373	CP084166	391	0.25223880597014925	0.47342995169082125	-1
Cas10_0_IIIA	CP084166_391	670	650	2.2e-10	37.1	504364	506373	CP084166	391	0.3253731343283582	0.3076923076923077	-1
Cas10_0_IIIB	CP084166_391	670	510	5.8e-59	197.5	504364	506373	CP084166	391	0.7402985074626866	0.996078431372549	-1
Cas10_1_CAS-III	CP084166_1233	115	654	0.0035	13.2	1463838	1464182	CP084166	1233	0.6434782608695652	0.10244648318042814	1
Cas10_1_CAS-III	CP084166_1601	179	654	0.0006	15.7	1824646	1825182	CP084166	1601	0.5251396648044693	0.14220183486238533	-1
Cas10_1_CAS-III	CP084166_391	670	654	2.4e-11	40.2	504364	506373	CP084166	391	0.22835820895522388	0.25382262996941896	-1
Cas10_1_CAS-III-B	CP084166_391	670	121	1.7000000000000002e-22	77.2	504364	506373	CP084166	391	0.21791044776119403	0.9834710743801653	-1
Cas10_1_IIIB	CP084166_391	670	116	2.6e-22	76.6	504364	506373	CP084166	391	0.29253731343283584	0.9655172413793104	-1
Cas10_4_CAS-III	CP084166_391	670	772	4.5e-60	200.8	504364	506373	CP084166	391	0.7835820895522388	0.6683937823834197	-1
Cas10_5_CAS-III	CP084166_391	670	838	1.3e-27	93.7	504364	506373	CP084166	391	0.44925373134328356	0.3520286396181384	-1
Cas10_7_CAS-III	CP084166_391	670	410	5.9e-09	32.6	504364	506373	CP084166	391	0.2746268656716418	0.5121951219512195	-1
Cas12a_1_CAS-V-A	CP084166_1349	156	1086	0.031	9.4	1589708	1590175	CP084166	1349	0.26282051282051283	0.04696132596685083	-1
Cas12a_1_CAS-V-A	CP084166_28	156	1086	0.046	8.8	28054	28521	CP084166	28	0.27564102564102566	0.04880294659300184	1
Cas12b1_0_CAS-V-B	CP084166_1207	107	1125	0.014	10.5	1439384	1439704	CP084166	1207	0.3364485981308411	0.032	-1
Cas12b1_0_CAS-V-B	CP084166_929	218	1125	0.0086	11.2	1119906	1120559	CP084166	929	0.24770642201834864	0.048	1
Cas12b2_0_CAS-V-B	CP084166_1349	156	747	0.00098	14.9	1589708	1590175	CP084166	1349	0.30128205128205127	0.06291834002677377	-1
Cas12b2_0_CAS-V-B	CP084166_138	156	747	7.6e-05	18.5	184788	185255	CP084166	138	0.3076923076923077	0.0642570281124498	1
Cas12b2_0_CAS-V-B	CP084166_1388	433	747	1.1e-07	28.0	1630247	1631545	CP084166	1388	0.3140877598152425	0.17804551539491298	-1
Cas12b2_0_CAS-V-B	CP084166_206	485	747	5.7e-06	22.3	257989	259443	CP084166	206	0.09896907216494845	0.0642570281124498	-1
Cas12b2_0_CAS-V-B	CP084166_2255	450	747	0.00032	16.5	2585758	2587107	CP084166	2255	0.18	0.107095046854083	-1
Cas12b2_0_CAS-V-B	CP084166_2270	449	747	0.00019	17.2	2602957	2604303	CP084166	2270	0.35634743875278396	0.1927710843373494	1
Cas12b2_0_CAS-V-B	CP084166_2431	293	747	0.0008	15.2	2794477	2795355	CP084166	2431	0.5836177474402731	0.24230254350736277	-1
Cas12b2_0_CAS-V-B	CP084166_2658	486	747	1.2e-06	24.5	3054788	3056245	CP084166	2658	0.10699588477366255	0.06961178045515395	-1
Cas12b2_0_CAS-V-B	CP084166_28	156	747	2.2e-05	20.3	28054	28521	CP084166	28	0.3076923076923077	0.0642570281124498	1
Cas12b2_0_CAS-V-B	CP084166_821	296	747	0.00077	15.2	997321	998208	CP084166	821	0.38513513513513514	0.1566265060240964	1
Cas12b2_0_CAS-V-B	CP084166_939	293	747	0.00082	15.1	1129850	1130728	CP084166	939	0.5870307167235495	0.24364123159303883	1
Cas12b2_1_CAS-V-B	CP084166_1388	433	769	1.9e-05	20.4	1630247	1631545	CP084166	1388	0.23556581986143188	0.13394018205461639	-1
Cas12b2_1_CAS-V-B	CP084166_2270	449	769	4.5e-05	19.1	2602957	2604303	CP084166	2270	0.31625835189309576	0.1755526657997399	1
Cas12c_0_CAS-V-C	CP084166_138	156	1272	0.026	9.3	184788	185255	CP084166	138	0.23717948717948717	0.02908805031446541	1
Cas12c_0_CAS-V-C	CP084166_2255	450	1272	0.0047	11.8	2585758	2587107	CP084166	2255	0.09555555555555556	0.03537735849056604	-1
Cas12c_0_CAS-V-C	CP084166_2270	449	1272	0.00044	15.2	2602957	2604303	CP084166	2270	0.10244988864142539	0.03773584905660377	1
Cas12c_0_CAS-V-C	CP084166_28	156	1272	0.0025	12.7	28054	28521	CP084166	28	0.30128205128205127	0.036949685534591194	1
Cas12c_1_CAS-V-C	CP084166_138	156	1268	0.0092	10.8	184788	185255	CP084166	138	0.17307692307692307	0.021293375394321766	1
Cas12c_1_CAS-V-C	CP084166_28	156	1268	0.0035	12.2	28054	28521	CP084166	28	0.3141025641025641	0.038643533123028394	1
Cas12d_0_CAS-V-D	CP084166_1778	214	1163	0.017	10.1	2015987	2016628	CP084166	1778	0.4672897196261682	0.08512467755803955	1
Cas12e_0_CAS-V-E	CP084166_1349	156	855	0.012	11.0	1589708	1590175	CP084166	1349	0.46794871794871795	0.08654970760233918	-1
Cas12e_0_CAS-V-E	CP084166_138	156	855	0.0026	13.2	184788	185255	CP084166	138	0.21153846153846154	0.03859649122807018	1
Cas12e_0_CAS-V-E	CP084166_1638	485	855	0.00059	15.3	1858288	1859742	CP084166	1638	0.44123711340206184	0.22807017543859648	-1
Cas12e_0_CAS-V-E	CP084166_27	486	855	2.6e-05	19.8	26343	27800	CP084166	27	0.5	0.2654970760233918	1
Cas12e_0_CAS-V-E	CP084166_28	156	855	0.0028	13.0	28054	28521	CP084166	28	0.3269230769230769	0.05964912280701754	1
Cas12e_0_CAS-V-E	CP084166_971	485	855	0.00017	17.1	1166716	1168170	CP084166	971	0.488659793814433	0.2596491228070175	-1
Cas12e_1_CAS-V-E	CP084166_138	156	986	0.015	10.3	184788	185255	CP084166	138	0.20512820512820512	0.032454361054766734	1
Cas12e_1_CAS-V-E	CP084166_1388	433	986	4.8e-07	25.2	1630247	1631545	CP084166	1388	0.44341801385681295	0.19675456389452334	-1
Cas12e_1_CAS-V-E	CP084166_2255	450	986	3.1e-06	22.5	2585758	2587107	CP084166	2255	0.4533333333333333	0.19776876267748478	-1
Cas12e_1_CAS-V-E	CP084166_28	156	986	0.009	11.1	28054	28521	CP084166	28	0.3141025641025641	0.04766734279918864	1
Cas12f1_0_CAS-V-F	CP084166_1207	107	512	2.6e-06	23.8	1439384	1439704	CP084166	1207	0.6635514018691588	0.154296875	-1
Cas12f1_0_CAS-V-F	CP084166_1388	433	512	6.2e-13	45.6	1630247	1631545	CP084166	1388	0.6004618937644342	0.517578125	-1
Cas12f1_0_CAS-V-F	CP084166_2255	450	512	2.7e-15	53.4	2585758	2587107	CP084166	2255	0.5177777777777778	0.44140625	-1
Cas12f1_0_CAS-V-F	CP084166_2270	449	512	2.1e-13	47.2	2602957	2604303	CP084166	2270	0.5211581291759465	0.44140625	1
Cas12f1_0_CAS-V-F	CP084166_2278	399	512	8.2e-06	22.1	2616245	2617441	CP084166	2278	0.3107769423558897	0.255859375	-1
Cas12f1_0_CAS-V-F	CP084166_2431	293	512	4.2e-05	19.8	2794477	2795355	CP084166	2431	0.3890784982935154	0.22265625	-1
Cas12f1_0_CAS-V-F	CP084166_821	296	512	1.3e-05	21.5	997321	998208	CP084166	821	0.3918918918918919	0.2265625	1
Cas12f1_0_CAS-V-F	CP084166_939	293	512	4.4e-05	19.7	1129850	1130728	CP084166	939	0.3890784982935154	0.22265625	1
Cas12f1_0_CAS-V-F	CP084166_948	67	512	0.005	13.0	1140831	1141031	CP084166	948	0.47761194029850745	0.05859375	-1
Cas12f1_1_CAS-V-F	CP084166_1207	107	557	0.00098	15.1	1439384	1439704	CP084166	1207	0.4485981308411215	0.10053859964093358	-1
Cas12f1_1_CAS-V-F	CP084166_1349	156	557	1.7e-07	27.5	1589708	1590175	CP084166	1349	0.6858974358974359	0.20466786355475763	-1
Cas12f1_1_CAS-V-F	CP084166_138	156	557	3.6e-05	19.8	184788	185255	CP084166	138	0.6923076923076923	0.20646319569120286	1
Cas12f1_1_CAS-V-F	CP084166_1388	433	557	6.6e-24	81.7	1630247	1631545	CP084166	1388	0.6882217090069284	0.5368043087971275	-1
Cas12f1_1_CAS-V-F	CP084166_2255	450	557	1.2e-25	87.5	2585758	2587107	CP084166	2255	0.6311111111111111	0.49371633752244165	-1
Cas12f1_1_CAS-V-F	CP084166_2270	449	557	1.2e-23	80.8	2602957	2604303	CP084166	2270	0.6280623608017817	0.4883303411131059	1
Cas12f1_1_CAS-V-F	CP084166_2278	399	557	0.1	8.4	2616245	2617441	CP084166	2278	0.44611528822055135	0.3231597845601436	-1
Cas12f1_1_CAS-V-F	CP084166_2431	293	557	6.7e-19	65.1	2794477	2795355	CP084166	2431	0.7201365187713311	0.38420107719928187	-1
Cas12f1_1_CAS-V-F	CP084166_28	156	557	0.00013	18.0	28054	28521	CP084166	28	0.5961538461538461	0.17953321364452424	1
Cas12f1_1_CAS-V-F	CP084166_821	296	557	2.1e-16	56.9	997321	998208	CP084166	821	0.6756756756756757	0.3644524236983842	1
Cas12f1_1_CAS-V-F	CP084166_929	218	557	5e-13	45.8	1119906	1120559	CP084166	929	0.7660550458715596	0.3052064631956912	1
Cas12f1_1_CAS-V-F	CP084166_939	293	557	6.1e-19	65.3	1129850	1130728	CP084166	939	0.7201365187713311	0.38420107719928187	1
Cas12f1_2_CAS-V-F	CP084166_1207	107	429	2.3e-14	50.5	1439384	1439704	CP084166	1207	0.7102803738317757	0.18181818181818182	-1
Cas12f1_2_CAS-V-F	CP084166_1349	156	429	3.3e-06	23.6	1589708	1590175	CP084166	1349	0.5064102564102564	0.17715617715617715	-1
Cas12f1_2_CAS-V-F	CP084166_1366	485	429	6.2e-08	29.3	1601174	1602628	CP084166	1366	0.5278350515463918	0.578088578088578	-1
Cas12f1_2_CAS-V-F	CP084166_138	156	429	2.2e-06	24.2	184788	185255	CP084166	138	0.2948717948717949	0.11188811188811189	1
Cas12f1_2_CAS-V-F	CP084166_1388	433	429	1.6e-36	123.5	1630247	1631545	CP084166	1388	0.5981524249422633	0.6386946386946387	-1
Cas12f1_2_CAS-V-F	CP084166_14	87	429	0.2	7.9	11474	11734	CP084166	14	0.5862068965517241	0.12121212121212122	1
Cas12f1_2_CAS-V-F	CP084166_1638	485	429	1.4e-09	34.8	1858288	1859742	CP084166	1638	0.6329896907216495	0.6503496503496503	-1
Cas12f1_2_CAS-V-F	CP084166_1976	61	429	0.0073	12.6	2263543	2263725	CP084166	1976	0.7868852459016393	0.0675990675990676	-1
Cas12f1_2_CAS-V-F	CP084166_206	485	429	9.1e-11	38.6	257989	259443	CP084166	206	0.5463917525773195	0.5990675990675991	-1
Cas12f1_2_CAS-V-F	CP084166_2255	450	429	1.2e-37	127.2	2585758	2587107	CP084166	2255	0.5266666666666666	0.585081585081585	-1
Cas12f1_2_CAS-V-F	CP084166_2270	449	429	8.900000000000001e-34	114.4	2602957	2604303	CP084166	2270	0.5367483296213809	0.5944055944055944	1
Cas12f1_2_CAS-V-F	CP084166_2278	399	429	5.3e-16	55.9	2616245	2617441	CP084166	2278	0.46616541353383456	0.4195804195804196	-1
Cas12f1_2_CAS-V-F	CP084166_2431	293	429	1.3e-17	61.2	2794477	2795355	CP084166	2431	0.8191126279863481	0.5524475524475524	-1
Cas12f1_2_CAS-V-F	CP084166_2658	486	429	7.7e-11	38.9	3054788	3056245	CP084166	2658	0.5432098765432098	0.5944055944055944	-1
Cas12f1_2_CAS-V-F	CP084166_27	486	429	1.4e-08	31.4	26343	27800	CP084166	27	0.5246913580246914	0.5757575757575758	1
Cas12f1_2_CAS-V-F	CP084166_28	156	429	1.8e-05	21.1	28054	28521	CP084166	28	0.32051282051282054	0.12121212121212122	1
Cas12f1_2_CAS-V-F	CP084166_551	483	429	2.7e-07	27.2	694614	696062	CP084166	551	0.5010351966873706	0.5454545454545454	-1
Cas12f1_2_CAS-V-F	CP084166_758	487	429	1.9e-10	37.6	921666	923126	CP084166	758	0.5770020533880903	0.5757575757575758	1
Cas12f1_2_CAS-V-F	CP084166_821	296	429	7.9e-14	48.7	997321	998208	CP084166	821	0.8209459459459459	0.5594405594405595	1
Cas12f1_2_CAS-V-F	CP084166_843	486	429	9.7e-11	38.5	1023345	1024802	CP084166	843	0.5473251028806584	0.6013986013986014	-1
Cas12f1_2_CAS-V-F	CP084166_929	218	429	8.2e-11	38.8	1119906	1120559	CP084166	929	0.6467889908256881	0.32867132867132864	1
Cas12f1_2_CAS-V-F	CP084166_939	293	429	2.3e-17	60.3	1129850	1130728	CP084166	939	0.8191126279863481	0.5524475524475524	1
Cas12f1_2_CAS-V-F	CP084166_971	485	429	1.8e-09	34.4	1166716	1168170	CP084166	971	0.5402061855670103	0.5920745920745921	-1
Cas12f2_0_CAS-V-F	CP084166_1207	107	517	0.00042	16.3	1439384	1439704	CP084166	1207	0.5327102803738317	0.11218568665377177	-1
Cas12f2_0_CAS-V-F	CP084166_1349	156	517	3.5e-05	19.8	1589708	1590175	CP084166	1349	0.5128205128205128	0.15860735009671179	-1
Cas12f2_0_CAS-V-F	CP084166_138	156	517	0.00016	17.6	184788	185255	CP084166	138	0.3333333333333333	0.10251450676982592	1
Cas12f2_0_CAS-V-F	CP084166_1388	433	517	1.1e-12	44.6	1630247	1631545	CP084166	1388	0.5681293302540416	0.379110251450677	-1
Cas12f2_0_CAS-V-F	CP084166_2255	450	517	3.2e-15	53.0	2585758	2587107	CP084166	2255	0.5622222222222222	0.4758220502901354	-1
Cas12f2_0_CAS-V-F	CP084166_2270	449	517	1.2e-15	54.3	2602957	2604303	CP084166	2270	0.5634743875278396	0.4738878143133462	1
Cas12f2_0_CAS-V-F	CP084166_28	156	517	2.4e-05	20.4	28054	28521	CP084166	28	0.6858974358974359	0.20696324951644102	1
Cas12f2_1_CAS-V-F	CP084166_1040	330	422	0.34	7.2	1246454	1247443	CP084166	1040	0.13333333333333333	0.07582938388625593	1
Cas12f2_1_CAS-V-F	CP084166_1207	107	422	2.8e-11	40.4	1439384	1439704	CP084166	1207	0.6822429906542056	0.17772511848341233	-1
Cas12f2_1_CAS-V-F	CP084166_1349	156	422	1.7e-12	44.4	1589708	1590175	CP084166	1349	0.5705128205128205	0.20853080568720378	-1
Cas12f2_1_CAS-V-F	CP084166_1366	485	422	9.5e-13	45.2	1601174	1602628	CP084166	1366	0.4556701030927835	0.4976303317535545	-1
Cas12f2_1_CAS-V-F	CP084166_138	156	422	4e-11	39.9	184788	185255	CP084166	138	0.5769230769230769	0.2109004739336493	1
Cas12f2_1_CAS-V-F	CP084166_1388	433	422	7.8e-25	85.0	1630247	1631545	CP084166	1388	0.558891454965358	0.556872037914692	-1
Cas12f2_1_CAS-V-F	CP084166_1497	56	422	0.0032	13.8	1737313	1737480	CP084166	1497	0.5178571428571429	0.07109004739336493	-1
Cas12f2_1_CAS-V-F	CP084166_1574	201	422	0.006	12.9	1803602	1804204	CP084166	1574	0.14427860696517414	0.07345971563981042	1
Cas12f2_1_CAS-V-F	CP084166_1638	485	422	8.3e-16	55.3	1858288	1859742	CP084166	1638	0.44742268041237115	0.48104265402843605	-1
Cas12f2_1_CAS-V-F	CP084166_1657	115	422	1.3	5.2	1881935	1882279	CP084166	1657	0.41739130434782606	0.06398104265402843	-1
Cas12f2_1_CAS-V-F	CP084166_1976	61	422	0.29	7.4	2263543	2263725	CP084166	1976	0.8524590163934426	0.07345971563981042	-1
Cas12f2_1_CAS-V-F	CP084166_206	485	422	4e-14	49.8	257989	259443	CP084166	206	0.4329896907216495	0.471563981042654	-1
Cas12f2_1_CAS-V-F	CP084166_2125	426	422	0.01	12.2	2421261	2422538	CP084166	2125	0.13380281690140844	0.09004739336492891	1
Cas12f2_1_CAS-V-F	CP084166_2255	450	422	4.1e-30	102.4	2585758	2587107	CP084166	2255	0.5777777777777777	0.5924170616113744	-1
Cas12f2_1_CAS-V-F	CP084166_2270	449	422	6e-29	98.6	2602957	2604303	CP084166	2270	0.5812917594654788	0.5924170616113744	1
Cas12f2_1_CAS-V-F	CP084166_2278	399	422	1.2e-19	67.9	2616245	2617441	CP084166	2278	0.5137844611528822	0.495260663507109	-1
Cas12f2_1_CAS-V-F	CP084166_2431	293	422	7.6e-14	48.8	2794477	2795355	CP084166	2431	0.6450511945392492	0.4597156398104265	-1
Cas12f2_1_CAS-V-F	CP084166_2658	486	422	4.6e-14	49.6	3054788	3056245	CP084166	2658	0.43209876543209874	0.471563981042654	-1
Cas12f2_1_CAS-V-F	CP084166_27	486	422	1.2e-13	48.2	26343	27800	CP084166	27	0.48148148148148145	0.471563981042654	1
Cas12f2_1_CAS-V-F	CP084166_28	156	422	1.8e-09	34.5	28054	28521	CP084166	28	0.5576923076923077	0.2037914691943128	1
Cas12f2_1_CAS-V-F	CP084166_551	483	422	8e-14	48.8	694614	696062	CP084166	551	0.43478260869565216	0.471563981042654	-1
Cas12f2_1_CAS-V-F	CP084166_758	487	422	1.7e-12	44.4	921666	923126	CP084166	758	0.4353182751540041	0.466824644549763	1
Cas12f2_1_CAS-V-F	CP084166_821	296	422	5.9e-12	42.6	997321	998208	CP084166	821	0.6385135135135135	0.45734597156398105	1
Cas12f2_1_CAS-V-F	CP084166_843	486	422	8.8e-16	55.2	1023345	1024802	CP084166	843	0.4732510288065844	0.476303317535545	-1
Cas12f2_1_CAS-V-F	CP084166_929	218	422	8.6e-07	25.6	1119906	1120559	CP084166	929	0.38073394495412843	0.2109004739336493	1
Cas12f2_1_CAS-V-F	CP084166_939	293	422	8.7e-14	48.6	1129850	1130728	CP084166	939	0.6450511945392492	0.4597156398104265	1
Cas12f2_1_CAS-V-F	CP084166_971	485	422	1.6e-14	51.1	1166716	1168170	CP084166	971	0.4556701030927835	0.471563981042654	-1
Cas12f2_2_CAS-V-F	CP084166_1040	330	493	1.4	4.7	1246454	1247443	CP084166	1040	0.10606060606060606	0.07302231237322515	1
Cas12f2_2_CAS-V-F	CP084166_1207	107	493	6.5e-07	25.6	1439384	1439704	CP084166	1207	0.5607476635514018	0.12778904665314403	-1
Cas12f2_2_CAS-V-F	CP084166_1226	156	493	0.0039	13.1	1458063	1458530	CP084166	1226	0.28846153846153844	0.0872210953346856	1
Cas12f2_2_CAS-V-F	CP084166_1349	156	493	5.1e-05	19.3	1589708	1590175	CP084166	1349	0.28205128205128205	0.09330628803245436	-1
Cas12f2_2_CAS-V-F	CP084166_138	156	493	1.6e-05	21.0	184788	185255	CP084166	138	0.27564102564102566	0.09127789046653144	1
Cas12f2_2_CAS-V-F	CP084166_1388	433	493	2e-16	56.9	1630247	1631545	CP084166	1388	0.3741339491916859	0.3286004056795132	-1
Cas12f2_2_CAS-V-F	CP084166_14	87	493	0.91	5.3	11474	11734	CP084166	14	0.367816091954023	0.06490872210953347	1
Cas12f2_2_CAS-V-F	CP084166_158	322	493	0.0075	12.2	206868	207833	CP084166	158	0.12422360248447205	0.08519269776876268	1
Cas12f2_2_CAS-V-F	CP084166_1638	485	493	4e-07	26.3	1858288	1859742	CP084166	1638	0.3319587628865979	0.30628803245436104	-1
Cas12f2_2_CAS-V-F	CP084166_1976	61	493	1.8	4.3	2263543	2263725	CP084166	1976	0.7213114754098361	0.05476673427991886	-1
Cas12f2_2_CAS-V-F	CP084166_206	485	493	8e-07	25.3	257989	259443	CP084166	206	0.33814432989690724	0.30628803245436104	-1
Cas12f2_2_CAS-V-F	CP084166_2255	450	493	2.4e-20	69.9	2585758	2587107	CP084166	2255	0.5555555555555556	0.5010141987829615	-1
Cas12f2_2_CAS-V-F	CP084166_2270	449	493	2.6e-15	53.3	2602957	2604303	CP084166	2270	0.5590200445434298	0.5010141987829615	1
Cas12f2_2_CAS-V-F	CP084166_2278	399	493	2.3e-11	40.3	2616245	2617441	CP084166	2278	0.2631578947368421	0.21906693711967545	-1
Cas12f2_2_CAS-V-F	CP084166_2658	486	493	2.8e-05	20.2	3054788	3056245	CP084166	2658	0.2654320987654321	0.24746450304259635	-1
Cas12f2_2_CAS-V-F	CP084166_27	486	493	4.4e-06	22.8	26343	27800	CP084166	27	0.3004115226337449	0.2718052738336714	1
Cas12f2_2_CAS-V-F	CP084166_28	156	493	3.1e-05	20.0	28054	28521	CP084166	28	0.391025641025641	0.12778904665314403	1
Cas12f2_2_CAS-V-F	CP084166_551	483	493	1.9e-05	20.7	694614	696062	CP084166	551	0.35196687370600416	0.3509127789046653	-1
Cas12f2_2_CAS-V-F	CP084166_758	487	493	8.5e-06	21.9	921666	923126	CP084166	758	0.19301848049281314	0.19675456389452334	1
Cas12f2_2_CAS-V-F	CP084166_843	486	493	3.2e-07	26.6	1023345	1024802	CP084166	843	0.29835390946502055	0.2718052738336714	-1
Cas12f2_2_CAS-V-F	CP084166_971	485	493	1.6e-06	24.3	1166716	1168170	CP084166	971	0.3443298969072165	0.31643002028397565	-1
Cas12f3_0_CAS-V-F	CP084166_1207	107	496	3.9e-06	23.3	1439384	1439704	CP084166	1207	0.5514018691588785	0.09879032258064516	-1
Cas12f3_0_CAS-V-F	CP084166_1657	115	496	0.037	10.2	1881935	1882279	CP084166	1657	0.6173913043478261	0.09274193548387097	-1
Cas12f3_0_CAS-V-F	CP084166_2270	449	496	1.9e-09	34.2	2602957	2604303	CP084166	2270	0.3585746102449889	0.2963709677419355	1
Cas12f3_0_CAS-V-F	CP084166_2278	399	496	1.7e-05	21.2	2616245	2617441	CP084166	2278	0.5037593984962406	0.36693548387096775	-1
Cas12f7_0_CAS-V-F	CP084166_1349	156	566	0.0079	12.3	1589708	1590175	CP084166	1349	0.28205128205128205	0.0812720848056537	-1
Cas12f7_0_CAS-V-F	CP084166_138	156	566	0.00044	16.4	184788	185255	CP084166	138	0.3076923076923077	0.08833922261484099	1
Cas12f7_0_CAS-V-F	CP084166_1638	485	566	0.011	11.8	1858288	1859742	CP084166	1638	0.18556701030927836	0.1625441696113074	-1
Cas12f7_0_CAS-V-F	CP084166_28	156	566	0.0056	12.7	28054	28521	CP084166	28	0.3076923076923077	0.08833922261484099	1
Cas12f7_0_CAS-V-F	CP084166_971	485	566	0.012	11.7	1166716	1168170	CP084166	971	0.18969072164948453	0.16607773851590105	-1
Cas12g_0_CAS-V-G	CP084166_1207	107	771	0.0084	11.5	1439384	1439704	CP084166	1207	0.5794392523364486	0.09208819714656291	-1
Cas12g_0_CAS-V-G	CP084166_1388	433	771	1.7e-08	30.3	1630247	1631545	CP084166	1388	0.4780600461893764	0.27367055771725035	-1
Cas12g_0_CAS-V-G	CP084166_2278	399	771	0.00019	17.0	2616245	2617441	CP084166	2278	0.3508771929824561	0.19584954604409857	-1
Cas12g_0_CAS-V-G	CP084166_2431	293	771	1.3e-05	20.8	2794477	2795355	CP084166	2431	0.40273037542662116	0.15304798962386512	-1
Cas12g_0_CAS-V-G	CP084166_821	296	771	5.2e-06	22.1	997321	998208	CP084166	821	0.34797297297297297	0.13488975356679636	1
Cas12g_0_CAS-V-G	CP084166_939	293	771	1.4e-05	20.7	1129850	1130728	CP084166	939	0.40273037542662116	0.15304798962386512	1
Cas12j_0_V-J	CP084166_1207	107	758	6.7e-05	18.2	1439384	1439704	CP084166	1207	0.4953271028037383	0.07255936675461741	-1
Cas12j_0_V-J	CP084166_1388	433	758	3.6e-13	45.6	1630247	1631545	CP084166	1388	0.3903002309468822	0.20316622691292877	-1
Cas12j_0_V-J	CP084166_2255	450	758	9.6e-12	40.9	2585758	2587107	CP084166	2255	0.17777777777777778	0.10422163588390501	-1
Cas12j_0_V-J	CP084166_2270	449	758	7.2e-10	34.7	2602957	2604303	CP084166	2270	0.16703786191536749	0.09762532981530343	1
Cas12j_0_V-J	CP084166_2278	399	758	5.5e-06	21.8	2616245	2617441	CP084166	2278	0.3308270676691729	0.18337730870712401	-1
Cas12m_0_V-M	CP084166_1040	330	577	0.34	6.5	1246454	1247443	CP084166	1040	0.15151515151515152	0.060658578856152515	1
Cas12m_0_V-M	CP084166_1349	156	577	0.00011	18.1	1589708	1590175	CP084166	1349	0.30128205128205127	0.08665511265164645	-1
Cas12m_0_V-M	CP084166_138	156	577	2e-05	20.5	184788	185255	CP084166	138	0.34615384615384615	0.09878682842287695	1
Cas12m_0_V-M	CP084166_1388	433	577	8.3e-08	28.4	1630247	1631545	CP084166	1388	0.23325635103926096	0.18370883882149047	-1
Cas12m_0_V-M	CP084166_1553	56	577	0.011	11.4	1782824	1782991	CP084166	1553	0.5892857142857143	0.058925476603119586	-1
Cas12m_0_V-M	CP084166_1638	485	577	7.6e-05	18.6	1858288	1859742	CP084166	1638	0.3030927835051546	0.2582322357019064	-1
Cas12m_0_V-M	CP084166_2255	450	577	9.6e-08	28.1	2585758	2587107	CP084166	2255	0.2688888888888889	0.2097053726169844	-1
Cas12m_0_V-M	CP084166_2270	449	577	1.4e-07	27.6	2602957	2604303	CP084166	2270	0.19599109131403117	0.15424610051993068	1
Cas12m_0_V-M	CP084166_2278	399	577	0.0013	14.5	2616245	2617441	CP084166	2278	0.3007518796992481	0.21143847487001732	-1
Cas12m_0_V-M	CP084166_27	486	577	0.0009	15.0	26343	27800	CP084166	27	0.33127572016460904	0.28422876949740034	1
Cas12m_0_V-M	CP084166_28	156	577	0.0001	18.1	28054	28521	CP084166	28	0.3333333333333333	0.09532062391681109	1
Cas12m_0_V-M	CP084166_551	483	577	0.00015	17.6	694614	696062	CP084166	551	0.10559006211180125	0.09358752166377816	-1
Cas12m_0_V-M	CP084166_758	487	577	0.0034	13.1	921666	923126	CP084166	758	0.09650924024640657	0.08665511265164645	1
Cas1_0_CAS-I-II-III-IV-V-VI	CP084166_2563	329	317	4.3e-99	328.8	2958232	2959218	CP084166	2563	0.9544072948328267	0.9968454258675079	-1
Cas1_0_CAS-I-II-III-IV-V-VI	CP084166_777	326	317	1.1999999999999999e-91	304.4	955614	956591	CP084166	777	0.9539877300613497	0.9968454258675079	1
Cas1_0_CAS-III-B	CP084166_777	326	266	0.0072	13.2	955614	956591	CP084166	777	0.20245398773006135	0.24812030075187969	1
Cas1_0_I-II-III	CP084166_2563	329	327	3.1e-95	316.2	2958232	2959218	CP084166	2563	0.9696048632218845	0.9969418960244648	-1
Cas1_0_I-II-III	CP084166_777	326	327	3e-90	299.8	955614	956591	CP084166	777	0.9693251533742331	0.9969418960244648	1
Cas1_0_I-II-III-V	CP084166_2563	329	315	1.2e-86	287.7	2958232	2959218	CP084166	2563	0.9483282674772037	0.9904761904761905	-1
Cas1_0_I-II-III-V	CP084166_777	326	315	4.9e-77	256.1	955614	956591	CP084166	777	0.9478527607361963	0.9904761904761905	1
Cas1_0_IA	CP084166_2563	329	347	1.2e-44	149.9	2958232	2959218	CP084166	2563	0.8875379939209727	0.8645533141210374	-1
Cas1_0_IA	CP084166_777	326	347	3.3999999999999997e-31	105.7	955614	956591	CP084166	777	0.9202453987730062	0.899135446685879	1
Cas1_0_IC	CP084166_2563	329	340	7.9e-50	167.1	2958232	2959218	CP084166	2563	0.9635258358662614	0.9705882352941176	-1
Cas1_0_IC	CP084166_777	326	340	1.1e-42	143.6	955614	956591	CP084166	777	0.9785276073619632	0.9852941176470589	1
Cas1_0_IE	CP084166_2563	329	269	2.9e-06	23.9	2958232	2959218	CP084166	2563	0.5957446808510638	0.7286245353159851	-1
Cas1_0_IE	CP084166_777	326	269	7.8e-17	58.6	955614	956591	CP084166	777	0.7116564417177914	0.862453531598513	1
Cas1_0_IF	CP084166_2127	229	307	0.17	8.4	2423310	2423996	CP084166	2127	0.3624454148471616	0.250814332247557	-1
Cas1_0_IF	CP084166_2563	329	307	5.2e-07	26.5	2958232	2959218	CP084166	2563	0.574468085106383	0.6286644951140065	-1
Cas1_0_IF	CP084166_777	326	307	1.7e-08	31.4	955614	956591	CP084166	777	0.5061349693251533	0.5537459283387622	1
Cas1_0_II	CP084166_2563	329	278	1.9e-10	37.8	2958232	2959218	CP084166	2563	0.7659574468085106	0.8489208633093526	-1
Cas1_0_II	CP084166_777	326	278	4.2e-11	39.9	955614	956591	CP084166	777	0.7668711656441718	0.8489208633093526	1
Cas1_0_V	CP084166_2563	329	317	8e-21	71.7	2958232	2959218	CP084166	2563	0.8115501519756839	0.8012618296529969	-1
Cas1_1_CAS-I-II-III-IV-V-VI	CP084166_1299	229	261	0.015	11.9	1535641	1536327	CP084166	1299	0.2925764192139738	0.2720306513409962	-1
Cas1_1_CAS-I-II-III-IV-V-VI	CP084166_2563	329	261	2.1e-72	240.8	2958232	2959218	CP084166	2563	0.7781155015197568	1.0	-1
Cas1_1_CAS-I-II-III-IV-V-VI	CP084166_777	326	261	9e-73	242.0	955614	956591	CP084166	777	0.7791411042944786	1.0	1
Cas1_2_CAS-I-II-III-IV-V-VI	CP084166_777	326	306	2.2e-08	31.0	955614	956591	CP084166	777	0.5337423312883436	0.5816993464052288	1
Cas1_3_CAS-I-II-III-IV-V-VI	CP084166_2563	329	262	1.7e-06	24.8	2958232	2959218	CP084166	2563	0.5957446808510638	0.7480916030534351	-1
Cas1_3_CAS-I-II-III-IV-V-VI	CP084166_777	326	262	2.9e-17	60.1	955614	956591	CP084166	777	0.7116564417177914	0.8854961832061069	1
Cas1_4_CAS-I-II-III-IV-V-VI	CP084166_2563	329	275	1.4e-11	41.3	2958232	2959218	CP084166	2563	0.7872340425531915	0.8836363636363637	-1
Cas1_4_CAS-I-II-III-IV-V-VI	CP084166_777	326	275	3.4e-12	43.4	955614	956591	CP084166	777	0.7914110429447853	0.8727272727272727	1
Cas1_5_CAS-I-II-III-IV-V-VI	CP084166_2563	329	338	2.2e-49	165.7	2958232	2959218	CP084166	2563	0.9604863221884499	0.9733727810650887	-1
Cas1_5_CAS-I-II-III-IV-V-VI	CP084166_777	326	338	1.7e-42	143.0	955614	956591	CP084166	777	0.9723926380368099	0.985207100591716	1
Cas1_6_CAS-I-II-III-IV-V-VI	CP084166_2563	329	320	1.7000000000000002e-130	432.2	2958232	2959218	CP084166	2563	0.9726443768996961	0.99375	-1
Cas1_6_CAS-I-II-III-IV-V-VI	CP084166_777	326	320	1.3e-121	403.0	955614	956591	CP084166	777	0.9754601226993865	0.996875	1
Cas1_7_CAS-I-II-III-IV-V-VI	CP084166_2563	329	328	1.1e-98	327.7	2958232	2959218	CP084166	2563	0.9908814589665653	0.9908536585365854	-1
Cas1_7_CAS-I-II-III-IV-V-VI	CP084166_777	326	328	5.9e-97	321.9	955614	956591	CP084166	777	0.9938650306748467	0.9939024390243902	1
Cas1_8_CAS-I-II-III-IV-V-VI	CP084166_2563	329	283	4.7999999999999996e-82	272.6	2958232	2959218	CP084166	2563	0.8419452887537994	0.9929328621908127	-1
Cas1_8_CAS-I-II-III-IV-V-VI	CP084166_777	326	283	3.3e-75	250.2	955614	956591	CP084166	777	0.8466257668711656	1.0	1
Cas2_0_CAS-I-II-III-IV-V-VI	CP084166_2562	88	90	2.6e-18	63.5	2957965	2958228	CP084166	2562	0.875	0.8888888888888888	-1
Cas2_0_CAS-I-II-III-IV-V-VI	CP084166_778	92	90	3.9e-17	59.8	956582	956857	CP084166	778	0.8478260869565217	0.9111111111111111	1
Cas2_0_I-II-III	CP084166_2562	88	96	1.2e-16	58.0	2957965	2958228	CP084166	2562	0.9318181818181818	0.90625	-1
Cas2_0_I-II-III	CP084166_778	92	96	4.3e-15	53.0	956582	956857	CP084166	778	0.8804347826086957	0.8958333333333334	1
Cas2_0_I-II-III-V	CP084166_2562	88	83	7.9e-18	61.8	2957965	2958228	CP084166	2562	0.8522727272727273	0.9518072289156626	-1
Cas2_0_I-II-III-V	CP084166_778	92	83	5.9e-20	68.7	956582	956857	CP084166	778	0.8369565217391305	0.9879518072289156	1
Cas2_0_IE	CP084166_268	286	87	0.002	15.5	349213	350070	CP084166	268	0.25524475524475526	0.7471264367816092	1
Cas2_10_CAS-I-II-III-IV-V-VI	CP084166_2562	88	86	0.0018	15.6	2957965	2958228	CP084166	2562	0.8863636363636364	0.8488372093023255	-1
Cas2_11_CAS-I-II-III-IV-V-VI	CP084166_2562	88	71	8.7e-23	77.6	2957965	2958228	CP084166	2562	0.7954545454545454	1.0	-1
Cas2_11_CAS-I-II-III-IV-V-VI	CP084166_778	92	71	2.2e-22	76.4	956582	956857	CP084166	778	0.75	0.9859154929577465	1
Cas2_1_CAS-I-II-III-IV-V-VI	CP084166_268	286	93	0.0022	15.4	349213	350070	CP084166	268	0.25874125874125875	0.7096774193548387	1
Cas2_2_CAS-I-II-III-IV-V-VI	CP084166_2562	88	79	3.6e-26	88.5	2957965	2958228	CP084166	2562	0.875	0.9873417721518988	-1
Cas2_2_CAS-I-II-III-IV-V-VI	CP084166_778	92	79	1.3e-27	93.1	956582	956857	CP084166	778	0.8478260869565217	1.0	1
Cas2_4_CAS-I-II-III-IV-V-VI	CP084166_2562	88	89	1.8e-29	99.2	2957965	2958228	CP084166	2562	0.9772727272727273	0.9887640449438202	-1
Cas2_4_CAS-I-II-III-IV-V-VI	CP084166_778	92	89	2e-27	92.7	956582	956857	CP084166	778	0.9239130434782609	0.9775280898876404	1
Cas2_6_CAS-I-II-III-IV-V-VI	CP084166_2562	88	90	0.00052	17.7	2957965	2958228	CP084166	2562	0.7045454545454546	0.7	-1
Cas2_6_CAS-I-II-III-IV-V-VI	CP084166_778	92	90	0.0012	16.6	956582	956857	CP084166	778	0.7065217391304348	0.7333333333333333	1
Cas2_7_CAS-I-II-III-IV-V-VI	CP084166_2562	88	94	1.4e-12	45.2	2957965	2958228	CP084166	2562	0.8068181818181818	0.776595744680851	-1
Cas2_7_CAS-I-II-III-IV-V-VI	CP084166_778	92	94	2.3e-10	38.1	956582	956857	CP084166	778	0.8478260869565217	0.851063829787234	1
Cas3-Cas2_0_CAS-I-F	CP084166_775	821	1106	2.8e-09	32.6	952528	954990	CP084166	775	0.37393422655298414	0.27486437613019893	1
Cas3-Cas2_0_IF	CP084166_775	821	1110	2.7e-09	32.6	952528	954990	CP084166	775	0.35809987819732036	0.26126126126126126	1
Cas3HD_0_CAS-I	CP084166_1601	179	203	0.0002	18.5	1824646	1825182	CP084166	1601	0.6703910614525139	0.6206896551724138	-1
Cas3HD_0_CAS-I	CP084166_1641	456	203	0.0034	14.5	1860797	1862164	CP084166	1641	0.12719298245614036	0.35467980295566504	-1
Cas3HD_0_CAS-I	CP084166_1763	184	203	0.0058	13.7	1998632	1999183	CP084166	1763	0.43478260869565216	0.37438423645320196	-1
Cas3HD_0_CAS-I	CP084166_2565	935	203	1.4e-18	64.7	2959746	2962550	CP084166	2565	0.31122994652406416	0.9704433497536946	-1
Cas3HD_0_CAS-I	CP084166_775	821	203	2.7e-29	99.7	952528	954990	CP084166	775	0.364190012180268	0.9655172413793104	1
Cas3HD_1_CAS-I	CP084166_2565	935	191	6.8	3.8	2959746	2962550	CP084166	2565	0.31122994652406416	0.9476439790575916	-1
Cas3HD_1_CAS-I	CP084166_775	821	191	7.2e-06	23.3	952528	954990	CP084166	775	0.2289890377588307	0.7120418848167539	1
Cas3HD_2_CAS-I	CP084166_2565	935	231	0.002	15.0	2959746	2962550	CP084166	2565	0.26737967914438504	0.7792207792207793	-1
Cas3_0_CAS-I	CP084166_1443	997	353	0.041	10.2	1686948	1689938	CP084166	1443	0.18355065195586762	0.5524079320113314	1
Cas3_0_CAS-I	CP084166_1565	816	353	3.5e-11	40.0	1792883	1795330	CP084166	1565	0.24387254901960784	0.546742209631728	1
Cas3_0_CAS-I	CP084166_1921	796	353	0.0014	15.1	2200528	2202915	CP084166	1921	0.27386934673366836	0.5892351274787535	1
Cas3_0_CAS-I	CP084166_2078	849	353	1.1e-18	64.7	2370747	2373293	CP084166	2078	0.38515901060070673	0.9546742209631728	1
Cas3_0_CAS-I	CP084166_2197	837	353	0.0078	12.6	2503409	2505919	CP084166	2197	0.2891278375149343	0.8980169971671388	-1
Cas3_0_CAS-I	CP084166_224	704	353	0.018	11.4	283282	285393	CP084166	224	0.15056818181818182	0.26912181303116145	1
Cas3_0_CAS-I	CP084166_2501	745	353	4.2e-10	36.5	2879935	2882169	CP084166	2501	0.2644295302013423	0.6175637393767706	-1
Cas3_0_CAS-I	CP084166_2565	935	353	8.499999999999999e-39	130.9	2959746	2962550	CP084166	2565	0.4160427807486631	0.9376770538243626	-1
Cas3_0_CAS-I	CP084166_775	821	353	4e-43	145.1	952528	954990	CP084166	775	0.4543239951278928	0.9915014164305949	1
Cas3_0_CAS-I-D	CP084166_2078	849	626	1.2e-14	50.7	2370747	2373293	CP084166	2078	0.31919905771495877	0.4233226837060703	1
Cas3_0_CAS-I-D	CP084166_227	601	626	0.0053	12.2	295670	297472	CP084166	227	0.3211314475873544	0.2795527156549521	-1
Cas3_0_CAS-I-D	CP084166_2501	745	626	2.4e-05	20.0	2879935	2882169	CP084166	2501	0.13557046979865772	0.1485623003194888	-1
Cas3_0_CAS-I-D	CP084166_775	821	626	4.5e-05	19.1	952528	954990	CP084166	775	0.11571254567600488	0.14536741214057508	1
Cas3_0_CAS-I-U	CP084166_2078	849	843	0.0028	12.8	2370747	2373293	CP084166	2078	0.12131919905771496	0.13641755634638197	1
Cas3_0_CAS-I-U	CP084166_227	601	843	0.026	9.6	295670	297472	CP084166	227	0.07653910149750416	0.0498220640569395	-1
Cas3_0_CAS-I-U	CP084166_2565	935	843	6.2e-06	21.6	2959746	2962550	CP084166	2565	0.15935828877005348	0.1826809015421115	-1
Cas3_0_CAS-I-U	CP084166_775	821	843	4.1e-15	51.9	952528	954990	CP084166	775	0.4007308160779537	0.37247924080664296	1
Cas3_0_I	CP084166_1565	816	358	6e-12	42.6	1792883	1795330	CP084166	1565	0.29044117647058826	0.6396648044692738	1
Cas3_0_I	CP084166_1921	796	358	0.0013	15.1	2200528	2202915	CP084166	1921	0.25	0.5363128491620112	1
Cas3_0_I	CP084166_2078	849	358	3.3e-17	59.9	2370747	2373293	CP084166	2078	0.37809187279151946	0.9441340782122905	1
Cas3_0_I	CP084166_2197	837	358	0.00031	17.2	2503409	2505919	CP084166	2197	0.1983273596176822	0.4720670391061452	-1
Cas3_0_I	CP084166_224	704	358	0.065	9.6	283282	285393	CP084166	224	0.3125	0.5	1
Cas3_0_I	CP084166_2501	745	358	2.7e-10	37.1	2879935	2882169	CP084166	2501	0.3530201342281879	0.7877094972067039	-1
Cas3_0_I	CP084166_2565	935	358	4.7999999999999997e-39	131.7	2959746	2962550	CP084166	2565	0.5026737967914439	0.9385474860335196	-1
Cas3_0_I	CP084166_775	821	358	6.1e-42	141.2	952528	954990	CP084166	775	0.4543239951278928	0.9916201117318436	1
Cas3_0_ID	CP084166_2078	849	357	4.6e-20	69.2	2370747	2373293	CP084166	2078	0.3027090694935218	0.6918767507002801	1
Cas3_0_ID	CP084166_2155	416	357	4.5e-05	20.0	2453480	2454727	CP084166	2155	0.43990384615384615	0.40336134453781514	1
Cas3_0_ID	CP084166_2598	893	357	0.00028	17.3	2995786	2998464	CP084166	2598	0.24860022396416573	0.5070028011204482	-1
Cas3_0_ID	CP084166_609	469	357	0.001	15.5	756340	757746	CP084166	609	0.2515991471215352	0.32492997198879553	-1
Cas3_0_IU	CP084166_1565	816	864	0.0081	11.4	1792883	1795330	CP084166	1565	0.20098039215686275	0.20023148148148148	1
Cas3_0_IU	CP084166_2078	849	864	9.4e-05	17.8	2370747	2373293	CP084166	2078	0.09305064782096584	0.09027777777777778	1
Cas3_0_IU	CP084166_2155	416	864	0.0053	12.0	2453480	2454727	CP084166	2155	0.30288461538461536	0.16203703703703703	1
Cas3_0_IU	CP084166_227	601	864	0.0038	12.4	295670	297472	CP084166	227	0.07154742096505824	0.04976851851851852	-1
Cas3_0_IU	CP084166_2565	935	864	1.9e-08	30.0	2959746	2962550	CP084166	2565	0.1786096256684492	0.20949074074074073	-1
Cas3_0_IU	CP084166_775	821	864	5.3e-16	55.0	952528	954990	CP084166	775	0.2850182704019488	0.27546296296296297	1
Cas3_1_CAS-I	CP084166_1043	217	745	0.014	11.0	1250351	1251001	CP084166	1043	0.1935483870967742	0.056375838926174496	1
Cas3_1_CAS-I	CP084166_1921	796	745	1e-05	21.3	2200528	2202915	CP084166	1921	0.0942211055276382	0.10738255033557047	1
Cas3_1_CAS-I	CP084166_2078	849	745	1.9e-15	53.5	2370747	2373293	CP084166	2078	0.2862190812720848	0.33557046979865773	1
Cas3_1_CAS-I	CP084166_2501	745	745	1.8e-07	27.2	2879935	2882169	CP084166	2501	0.138255033557047	0.14093959731543623	-1
Cas3_1_CAS-I	CP084166_2565	935	745	4.3e-39	131.7	2959746	2962550	CP084166	2565	0.7561497326203208	0.8711409395973154	-1
Cas3_1_CAS-I	CP084166_775	821	745	1.9e-55	185.7	952528	954990	CP084166	775	0.8501827040194885	0.897986577181208	1
Cas3_1_CAS-I-D	CP084166_2078	849	353	5.7e-19	65.6	2370747	2373293	CP084166	2078	0.303886925795053	0.6997167138810199	1
Cas3_1_CAS-I-D	CP084166_2155	416	353	5.3e-06	23.0	2453480	2454727	CP084166	2155	0.4254807692307692	0.3937677053824363	1
Cas3_1_CAS-I-D	CP084166_2598	893	353	5e-07	26.3	2995786	2998464	CP084166	2598	0.2553191489361702	0.5297450424929179	-1
Cas3_1_CAS-I-D	CP084166_609	469	353	0.00011	18.7	756340	757746	CP084166	609	0.2942430703624733	0.3371104815864023	-1
Cas3_1_I	CP084166_2222	257	178	0.004	14.5	2547040	2547810	CP084166	2222	0.5369649805447471	0.7865168539325843	1
Cas3_1_I	CP084166_2565	935	178	6.5e-17	59.4	2959746	2962550	CP084166	2565	0.2823529411764706	1.0	-1
Cas3_1_I	CP084166_775	821	178	5.5e-21	72.6	952528	954990	CP084166	775	0.2679658952496955	0.9775280898876404	1
Cas3_2_CAS-I	CP084166_1565	816	967	5.1e-07	25.4	1792883	1795330	CP084166	1565	0.18259803921568626	0.15305067218200621	1
Cas3_2_CAS-I	CP084166_2078	849	967	2.2e-18	63.0	2370747	2373293	CP084166	2078	0.37809187279151946	0.3267838676318511	1
Cas3_2_CAS-I	CP084166_2155	416	967	1.2e-12	44.0	2453480	2454727	CP084166	2155	0.4831730769230769	0.20372285418821096	1
Cas3_2_CAS-I	CP084166_2598	893	967	1.2e-08	30.8	2995786	2998464	CP084166	2598	0.2877939529675252	0.25542916235780766	-1
Cas3d_0_CAS-I-D	CP084166_2078	849	639	4.7e-12	42.3	2370747	2373293	CP084166	2078	0.19199057714958775	0.24726134585289514	1
Cas3d_0_CAS-I-D	CP084166_2501	745	639	9.2e-05	18.3	2879935	2882169	CP084166	2501	0.0738255033557047	0.08763693270735524	-1
Cas3d_1_CAS-I-D	CP084166_2078	849	627	2.3e-08	30.0	2370747	2373293	CP084166	2078	0.2143698468786808	0.2822966507177033	1
Cas4_0_CAS-I-II-III-IV-V-VI	CP084166_1783	304	179	4.8e-08	30.7	2019764	2020675	CP084166	1783	0.6151315789473685	0.9162011173184358	-1
Cas4_0_CAS-I-II-III-IV-V-VI	CP084166_1821	210	179	0.0021	15.6	2086702	2087331	CP084166	1821	0.1523809523809524	0.1787709497206704	-1
Cas4_0_CAS-I-II-III-IV-V-VI	CP084166_1921	796	179	0.00019	19.0	2200528	2202915	CP084166	1921	0.18216080402010051	0.7206703910614525	1
Cas4_0_CAS-I-II-III-IV-V-VI	CP084166_2212	1240	179	3.9e-09	34.2	2526500	2530219	CP084166	2212	0.10887096774193548	0.6927374301675978	-1
Cas4_0_CAS-I-II-III-IV-V-VI	CP084166_2564	172	179	1.8e-25	87.4	2959219	2959734	CP084166	2564	0.9244186046511628	1.0	-1
Cas4_0_CAS-I-II-III-IV-V-VI	CP084166_776	177	179	2.6e-18	64.1	955074	955604	CP084166	776	0.8983050847457628	0.994413407821229	1
Cas4_0_I-II	CP084166_1783	304	180	9.5e-11	39.1	2019764	2020675	CP084166	1783	0.6776315789473685	0.9666666666666667	-1
Cas4_0_I-II	CP084166_1821	210	180	0.0012	15.9	2086702	2087331	CP084166	1821	0.20476190476190476	0.24444444444444444	-1
Cas4_0_I-II	CP084166_2212	1240	180	7.8e-09	32.8	2526500	2530219	CP084166	2212	0.11129032258064517	0.7	-1
Cas4_0_I-II	CP084166_2564	172	180	3.4000000000000004e-27	92.6	2959219	2959734	CP084166	2564	0.9244186046511628	0.9944444444444445	-1
Cas4_0_I-II	CP084166_776	177	180	1.9e-21	73.9	955074	955604	CP084166	776	0.8983050847457628	0.9888888888888889	1
Cas4_0_I-II-V	CP084166_1783	304	177	3.3e-06	24.5	2019764	2020675	CP084166	1783	0.48355263157894735	0.7909604519774012	-1
Cas4_0_I-II-V	CP084166_2212	1240	177	4.6e-07	27.3	2526500	2530219	CP084166	2212	0.10967741935483871	0.6949152542372882	-1
Cas4_0_I-II-V	CP084166_2564	172	177	2.6999999999999997e-24	83.4	2959219	2959734	CP084166	2564	0.9244186046511628	1.0	-1
Cas4_0_I-II-V	CP084166_776	177	177	9.9e-18	62.0	955074	955604	CP084166	776	0.8870056497175142	0.9774011299435028	1
Cas4_3_CAS-I-II-III-IV-V-VI	CP084166_2564	172	197	8.4e-39	130.9	2959219	2959734	CP084166	2564	0.9651162790697675	0.9441624365482234	-1
Cas4_3_CAS-I-II-III-IV-V-VI	CP084166_776	177	197	2.5e-28	96.8	955074	955604	CP084166	776	0.9152542372881356	0.9187817258883249	1
Cas4_5_CAS-I-II-III-IV-V-VI	CP084166_1198	67	161	0.0036	14.7	1429918	1430118	CP084166	1198	0.746268656716418	0.3105590062111801	1
Cas4_5_CAS-I-II-III-IV-V-VI	CP084166_2564	172	161	5.1e-51	170.3	2959219	2959734	CP084166	2564	0.9186046511627907	0.9937888198757764	-1
Cas4_5_CAS-I-II-III-IV-V-VI	CP084166_776	177	161	5.6999999999999995e-47	157.1	955074	955604	CP084166	776	0.8983050847457628	0.9937888198757764	1
Cas5_0_CAS-I	CP084166_2566	265	201	2.1e-06	24.9	2962525	2963319	CP084166	2566	0.5962264150943396	0.6716417910447762	-1
Cas5_0_CAS-I	CP084166_774	251	201	6e-13	46.3	951801	952553	CP084166	774	0.7529880478087649	0.9552238805970149	1
Cas5_0_CAS-I-E	CP084166_774	251	182	0.0032	14.6	951801	952553	CP084166	774	0.16733067729083664	0.23076923076923078	1
Cas5_0_I	CP084166_2566	265	43	0.008	13.2	2962525	2963319	CP084166	2566	0.12830188679245283	0.7906976744186046	-1
Cas5_0_I	CP084166_774	251	43	2.1e-13	47.1	951801	952553	CP084166	774	0.17131474103585656	1.0	1
Cas5_0_IB	CP084166_774	251	217	0.0005	17.0	951801	952553	CP084166	774	0.9083665338645418	0.9631336405529954	1
Cas5_10_CAS-I-B	CP084166_2566	265	238	0.011	12.4	2962525	2963319	CP084166	2566	0.17735849056603772	0.20168067226890757	-1
Cas5_10_CAS-I-B	CP084166_774	251	238	1.2999999999999998e-24	84.1	951801	952553	CP084166	774	0.7928286852589641	0.819327731092437	1
Cas5_1_CAS-I	CP084166_774	251	241	0.00028	17.9	951801	952553	CP084166	774	0.5099601593625498	0.5186721991701245	1
Cas5_1_CAS-I-E	CP084166_774	251	180	0.0031	14.6	951801	952553	CP084166	774	0.16733067729083664	0.23333333333333334	1
Cas5_1_IB	CP084166_2566	265	241	3.1999999999999997e-31	106.1	2962525	2963319	CP084166	2566	0.7547169811320755	0.7427385892116183	-1
Cas5_1_IB	CP084166_774	251	241	2.1e-35	119.8	951801	952553	CP084166	774	0.8326693227091634	0.8340248962655602	1
Cas5_2_CAS-I	CP084166_2566	265	213	0.0021	15.3	2962525	2963319	CP084166	2566	0.32075471698113206	0.29577464788732394	-1
Cas5_2_CAS-I	CP084166_774	251	213	8e-11	39.5	951801	952553	CP084166	774	0.2549800796812749	0.3004694835680751	1
Cas5_2_CAS-I-B	CP084166_2566	265	194	4.7e-06	24.0	2962525	2963319	CP084166	2566	0.5056603773584906	0.6443298969072165	-1
Cas5_2_CAS-I-B	CP084166_774	251	194	1.2e-07	29.2	951801	952553	CP084166	774	0.7211155378486056	0.8917525773195877	1
Cas5_4_CAS-I-B	CP084166_2566	265	190	1.4000000000000002e-22	77.5	2962525	2963319	CP084166	2566	0.7283018867924528	0.9105263157894737	-1
Cas5_4_CAS-I-B	CP084166_774	251	190	1.1e-33	113.7	951801	952553	CP084166	774	0.7569721115537849	0.9789473684210527	1
Cas5_6_CAS-I-B	CP084166_389	300	272	0.0077	12.8	502328	503227	CP084166	389	0.21	0.23161764705882354	-1
Cas5_6_CAS-I-B	CP084166_560	99	272	0.011	12.3	705028	705324	CP084166	560	0.5959595959595959	0.22058823529411764	-1
Cas5_7_CAS-I-B	CP084166_2566	265	239	5.399999999999999e-31	105.3	2962525	2963319	CP084166	2566	0.7584905660377359	0.7573221757322176	-1
Cas5_7_CAS-I-B	CP084166_774	251	239	6.6e-36	121.4	951801	952553	CP084166	774	0.8366533864541833	0.8493723849372385	1
Cas5f_2_CAS-I-F	CP084166_1156	556	291	0.072	9.8	1380045	1381712	CP084166	1156	0.11870503597122302	0.2268041237113402	1
Cas5f_2_CAS-I-F	CP084166_903	513	291	0.011	12.4	1092927	1094465	CP084166	903	0.15594541910331383	0.2508591065292096	1
Cas6_0_CAS-I-II-III-IV-V-VI	CP084166_1266	316	194	0.76	7.4	1496770	1497717	CP084166	1266	0.5569620253164557	0.5721649484536082	-1
Cas6_0_CAS-I-II-III-IV-V-VI	CP084166_2569	240	194	3.7999999999999996e-35	119.4	2966422	2967141	CP084166	2569	0.7875	1.0	-1
Cas6_0_CAS-I-II-III-IV-V-VI	CP084166_387	193	194	0.0025	15.5	501112	501690	CP084166	387	0.48186528497409326	0.4845360824742268	-1
Cas6_0_CAS-I-II-III-IV-V-VI	CP084166_771	239	194	2.7000000000000002e-27	93.7	948029	948745	CP084166	771	0.7907949790794979	1.0	1
Cas6_0_I-III	CP084166_2569	240	200	4.0000000000000006e-45	152.0	2966422	2967141	CP084166	2569	0.8125	0.995	-1
Cas6_0_I-III	CP084166_771	239	200	8.600000000000001e-32	108.4	948029	948745	CP084166	771	0.8117154811715481	0.99	1
Cas6_13_CAS-I-II-III-IV-V-VI	CP084166_1266	316	151	0.29	8.7	1496770	1497717	CP084166	1266	0.43354430379746833	0.5298013245033113	-1
Cas6_13_CAS-I-II-III-IV-V-VI	CP084166_2569	240	151	2.3e-38	129.2	2966422	2967141	CP084166	2569	0.7708333333333334	1.0	-1
Cas6_13_CAS-I-II-III-IV-V-VI	CP084166_771	239	151	1e-20	71.9	948029	948745	CP084166	771	0.6150627615062761	0.9668874172185431	1
Cas6_15_CAS-I-II-III-IV-V-VI	CP084166_2569	240	112	0.029	12.3	2966422	2967141	CP084166	2569	0.10416666666666667	0.22321428571428573	-1
Cas6_3_CAS-I-II-III-IV-V-VI	CP084166_2569	240	240	1.1e-68	229.1	2966422	2967141	CP084166	2569	0.9875	1.0	-1
Cas6_3_CAS-I-II-III-IV-V-VI	CP084166_771	239	240	3e-13	47.6	948029	948745	CP084166	771	0.9790794979079498	0.9916666666666667	1
Cas6_5_CAS-I-II-III-IV-V-VI	CP084166_1821	210	219	0.0043	13.9	2086702	2087331	CP084166	1821	0.3333333333333333	0.3013698630136986	-1
Cas6_7_CAS-I-II-III-IV-V-VI	CP084166_2569	240	241	1.9999999999999999e-63	211.8	2966422	2967141	CP084166	2569	0.9958333333333333	0.9875518672199171	-1
Cas6_7_CAS-I-II-III-IV-V-VI	CP084166_771	239	241	7.299999999999999e-47	157.6	948029	948745	CP084166	771	0.99581589958159	0.9875518672199171	1
Cas6_7_IV	CP084166_2569	240	262	1e-47	160.2	2966422	2967141	CP084166	2569	0.9875	0.9122137404580153	-1
Cas6_7_IV	CP084166_771	239	262	5.4e-10	36.6	948029	948745	CP084166	771	0.9790794979079498	0.9045801526717557	1
Cas6_9_CAS-I-II-III-IV-V-VI	CP084166_2569	240	206	4.1e-14	49.9	2966422	2967141	CP084166	2569	0.7791666666666667	0.8398058252427184	-1
Cas7_0_CAS-I	CP084166_2587	188	230	0.024	11.1	2984446	2985009	CP084166	2587	0.2393617021276596	0.19130434782608696	1
Cas7_0_CAS-I-B	CP084166_207	167	306	0.0046	13.5	259582	260082	CP084166	207	0.7544910179640718	0.3790849673202614	-1
Cas7_0_CAS-I-C	CP084166_2567	341	268	3.8e-16	56.7	2963328	2964350	CP084166	2567	0.8064516129032258	0.8992537313432836	-1
Cas7_0_CAS-I-C	CP084166_773	310	268	2e-64	214.9	950856	951785	CP084166	773	0.8870967741935484	0.996268656716418	1
Cas7_0_IC	CP084166_2567	341	284	1.1e-09	35.3	2963328	2964350	CP084166	2567	0.5249266862170088	0.6373239436619719	-1
Cas7_0_IC	CP084166_773	310	284	4.7e-34	115.3	950856	951785	CP084166	773	0.6193548387096774	0.7359154929577465	1
Cas7_1_CAS-I-B	CP084166_2567	341	286	2.2e-15	54.0	2963328	2964350	CP084166	2567	0.7565982404692082	0.8426573426573427	-1
Cas7_1_CAS-I-B	CP084166_773	310	286	1.2e-84	281.4	950856	951785	CP084166	773	0.8935483870967742	0.993006993006993	1
Cas7_1_CAS-I-C	CP084166_2567	341	278	1.2e-09	35.1	2963328	2964350	CP084166	2567	0.5249266862170088	0.6330935251798561	-1
Cas7_1_CAS-I-C	CP084166_773	310	278	6.3e-34	114.8	950856	951785	CP084166	773	0.8129032258064516	0.9568345323741008	1
Cas7_2_CAS-I-C	CP084166_2567	341	283	8.7e-12	42.2	2963328	2964350	CP084166	2567	0.41935483870967744	0.48056537102473496	-1
Cas7_2_CAS-I-C	CP084166_773	310	283	3e-63	211.1	950856	951785	CP084166	773	0.9193548387096774	0.9893992932862191	1
Cas7_2_IB	CP084166_2567	341	286	3.3e-15	53.5	2963328	2964350	CP084166	2567	0.7565982404692082	0.8426573426573427	-1
Cas7_2_IB	CP084166_773	310	286	1.6e-84	281.0	950856	951785	CP084166	773	0.8935483870967742	0.993006993006993	1
Cas7_3_IB	CP084166_2567	341	268	1.1e-15	55.2	2963328	2964350	CP084166	2567	0.8093841642228738	0.9067164179104478	-1
Cas7_3_IB	CP084166_773	310	268	5.2e-64	213.6	950856	951785	CP084166	773	0.9032258064516129	0.996268656716418	1
Cas7b_0_CAS-I-B-I-C	CP084166_2567	341	254	4.2000000000000005e-36	122.1	2963328	2964350	CP084166	2567	0.7624633431085044	0.937007874015748	-1
Cas7b_0_CAS-I-B-I-C	CP084166_773	310	254	4.5999999999999996e-69	230.1	950856	951785	CP084166	773	0.8129032258064516	1.0	1
Cas8a1_0_IB	CP084166_1467	173	308	0.0051	13.5	1711947	1712465	CP084166	1467	0.5028901734104047	0.288961038961039	-1
Cas8a1_1_IB	CP084166_772	671	571	7.2e-42	140.7	948851	950863	CP084166	772	0.8107302533532041	0.8388791593695272	1
Cas8a3_1_CAS-I-A	CP084166_888	281	294	0.011	12.3	1076567	1077409	CP084166	888	0.17793594306049823	0.16326530612244897	1
Cas8b1_13_CAS-I-B	CP084166_772	671	580	1.2e-86	289.0	948851	950863	CP084166	772	0.9746646795827124	0.996551724137931	1
Cas8b1_1_CAS-I-B	CP084166_772	671	563	1.2e-40	137.0	948851	950863	CP084166	772	0.9746646795827124	0.9946714031971581	1
Cas8b1_2_CAS-I-B	CP084166_772	671	385	1.1e-37	127.4	948851	950863	CP084166	772	0.7868852459016393	0.9844155844155844	1
Cas8b1_3_CAS-I-B	CP084166_772	671	594	6.3e-79	263.5	948851	950863	CP084166	772	0.9746646795827124	0.9983164983164983	1
Cas8b1_8_CAS-I-B	CP084166_2568	691	592	9.3e-17	58.2	2964353	2966425	CP084166	2568	0.8827785817655571	0.8851351351351351	-1
Cas8b1_9_CAS-I-B	CP084166_772	671	144	1e-05	22.7	948851	950863	CP084166	772	0.3025335320417288	0.8055555555555556	1
Cas8b1_9_CAS-I-B	CP084166_882	226	144	0.0053	13.9	1071531	1072208	CP084166	882	0.1504424778761062	0.24305555555555555	-1
Cas8b2_1_CAS-I-B	CP084166_1467	173	334	0.00045	16.8	1711947	1712465	CP084166	1467	0.5028901734104047	0.2634730538922156	-1
Cas8b2_4_CAS-I-B	CP084166_350	285	65	0.0071	13.9	446839	447693	CP084166	350	0.1824561403508772	0.6461538461538462	1
Cas8b2_8_CAS-I-B	CP084166_2632	196	70	4.5	4.9	3029205	3029792	CP084166	2632	0.14285714285714285	0.2857142857142857	1
Cas8b5_0_CAS-I-B	CP084166_1357	242	825	0.015	10.5	1594026	1594751	CP084166	1357	0.5950413223140496	0.16727272727272727	-1
Cas8b_0_IB	CP084166_772	671	395	4.5e-36	122.2	948851	950863	CP084166	772	0.7123695976154992	0.9873417721518988	1
Cas8c_0_CAS-I-C	CP084166_1395	979	576	0.0051	12.7	1636694	1639630	CP084166	1395	0.22063329928498468	0.2604166666666667	-1
Cas8e_4_CAS-I-E	CP084166_1582	104	465	0.08	9.1	1808746	1809057	CP084166	1582	0.7980769230769231	0.1913978494623656	-1
Cas9_0_II	CP084166_2200	398	830	6.8e-05	18.7	2508801	2509994	CP084166	2200	0.34673366834170855	0.17710843373493976	1
Cas9_0_II-C2	CP084166_2200	398	967	1.7e-07	27.1	2508801	2509994	CP084166	2200	0.12311557788944724	0.05480868665977249	1
Cas9_0_II-D	CP084166_2200	398	853	2.2e-16	56.7	2508801	2509994	CP084166	2200	0.1884422110552764	0.09730363423212192	1
Cas9_1_II	CP084166_1154	125	1120	0.018	10.3	1377407	1377781	CP084166	1154	0.792	0.08214285714285714	1
CasR_0_CAS-I-II-III-IV-V-VI	CP084166_1275	233	198	1.1e-08	32.2	1505449	1506147	CP084166	1275	0.592274678111588	0.30808080808080807	-1
CasR_0_CAS-I-II-III-IV-V-VI	CP084166_1364	90	198	0.0023	14.8	1599398	1599667	CP084166	1364	0.5666666666666667	0.25757575757575757	-1
CasR_0_CAS-I-II-III-IV-V-VI	CP084166_1407	241	198	3.4e-06	24.1	1652269	1652991	CP084166	1407	0.5020746887966805	0.5959595959595959	1
CasR_0_CAS-I-II-III-IV-V-VI	CP084166_1492	253	198	0.097	9.5	1733515	1734273	CP084166	1492	0.35177865612648224	0.3383838383838384	-1
CasR_0_CAS-I-II-III-IV-V-VI	CP084166_1676	103	198	1.5e-07	28.5	1898155	1898463	CP084166	1676	0.6990291262135923	0.35353535353535354	-1
CasR_0_CAS-I-II-III-IV-V-VI	CP084166_172	449	198	0.00033	17.6	223634	224980	CP084166	172	0.13808463251670378	0.29797979797979796	-1
CasR_0_CAS-I-II-III-IV-V-VI	CP084166_1751	105	198	0.0022	14.9	1986711	1987025	CP084166	1751	0.5238095238095238	0.25757575757575757	1
CasR_0_CAS-I-II-III-IV-V-VI	CP084166_1895	145	198	0.00061	16.7	2169389	2169823	CP084166	1895	0.36551724137931035	0.2727272727272727	1
CasR_0_CAS-I-II-III-IV-V-VI	CP084166_1927	379	198	2.9e-10	37.3	2210329	2211465	CP084166	1927	0.27440633245382584	0.30303030303030304	-1
CasR_0_CAS-I-II-III-IV-V-VI	CP084166_2007	377	198	0.0068	13.3	2291786	2292916	CP084166	2007	0.27055702917771884	0.3434343434343434	1
CasR_0_CAS-I-II-III-IV-V-VI	CP084166_2187	216	198	7.8e-15	52.3	2491463	2492110	CP084166	2187	0.9120370370370371	0.98989898989899	-1
CasR_0_CAS-I-II-III-IV-V-VI	CP084166_2192	180	198	1.6e-05	21.9	2498569	2499108	CP084166	2192	0.45555555555555555	0.37373737373737376	1
CasR_0_CAS-I-II-III-IV-V-VI	CP084166_2234	206	198	0.00026	17.9	2567249	2567866	CP084166	2234	0.32038834951456313	0.3383838383838384	1
CasR_0_CAS-I-II-III-IV-V-VI	CP084166_2242	385	198	8.4e-05	19.5	2573263	2574417	CP084166	2242	0.18181818181818182	0.2676767676767677	1
CasR_0_CAS-I-II-III-IV-V-VI	CP084166_2272	1908	198	2.5e-05	21.2	2606783	2612506	CP084166	2272	0.09696016771488469	0.46464646464646464	-1
CasR_0_CAS-I-II-III-IV-V-VI	CP084166_2350	375	198	5e-09	33.3	2710845	2711969	CP084166	2350	0.27466666666666667	0.29797979797979796	1
CasR_0_CAS-I-II-III-IV-V-VI	CP084166_2492	94	198	1.7e-05	21.8	2870465	2870746	CP084166	2492	0.648936170212766	0.31313131313131315	1
CasR_0_CAS-I-II-III-IV-V-VI	CP084166_2570	213	198	5.2e-21	72.4	2967307	2967945	CP084166	2570	0.9295774647887324	0.9797979797979798	1
CasR_0_CAS-I-II-III-IV-V-VI	CP084166_263	141	198	0.022	11.7	345538	345960	CP084166	263	0.574468085106383	0.3282828282828283	-1
CasR_0_CAS-I-II-III-IV-V-VI	CP084166_2679	236	198	0.0013	15.6	3080965	3081672	CP084166	2679	0.4025423728813559	0.4595959595959596	1
CasR_0_CAS-I-II-III-IV-V-VI	CP084166_297	116	198	0.0049	13.8	384553	384900	CP084166	297	0.5948275862068966	0.36363636363636365	-1
CasR_0_CAS-I-II-III-IV-V-VI	CP084166_303	347	198	0.00015	18.7	390652	391692	CP084166	303	0.18155619596541786	0.30808080808080807	1
CasR_0_CAS-I-II-III-IV-V-VI	CP084166_409	412	198	1.6e-06	25.1	527025	528260	CP084166	409	0.17475728155339806	0.22727272727272727	1
CasR_0_CAS-I-II-III-IV-V-VI	CP084166_496	226	198	0.003	14.5	627494	628171	CP084166	496	0.2610619469026549	0.30303030303030304	1
CasR_0_CAS-I-II-III-IV-V-VI	CP084166_517	257	198	0.018	11.9	660247	661017	CP084166	517	0.4163424124513619	0.4393939393939394	-1
CasR_0_CAS-I-II-III-IV-V-VI	CP084166_583	141	198	0.0067	13.3	725536	725958	CP084166	583	0.2978723404255319	0.21717171717171718	-1
CasR_0_CAS-I-II-III-IV-V-VI	CP084166_675	152	198	0.0023	14.8	820547	821002	CP084166	675	0.7302631578947368	0.6363636363636364	1
CasR_0_CAS-I-II-III-IV-V-VI	CP084166_694	450	198	1.6e-05	21.8	838824	840173	CP084166	694	0.34	0.7878787878787878	-1
CasR_0_CAS-I-II-III-IV-V-VI	CP084166_770	493	198	0.0032	14.4	946047	947525	CP084166	770	0.22920892494929007	0.3383838383838384	-1
CasR_0_CAS-I-II-III-IV-V-VI	CP084166_797	142	198	9.2e-06	22.7	976695	977120	CP084166	797	0.4507042253521127	0.32323232323232326	1
CasR_0_CAS-I-II-III-IV-V-VI	CP084166_816	382	198	0.00013	18.9	993086	994231	CP084166	816	0.2513089005235602	0.30303030303030304	-1
CasR_0_CAS-I-II-III-IV-V-VI	CP084166_875	147	198	0.00011	19.1	1061893	1062333	CP084166	875	0.46258503401360546	0.24242424242424243	1
CasR_0_CAS-I-II-III-IV-V-VI	CP084166_894	163	198	0.00054	16.9	1082448	1082936	CP084166	894	0.27607361963190186	0.22727272727272727	-1
CasR_0_CAS-I-II-III-IV-V-VI	CP084166_909	118	198	0.00065	16.6	1100341	1100694	CP084166	909	0.6440677966101694	0.3838383838383838	1
CasR_0_CAS-I-II-III-IV-V-VI	CP084166_933	152	198	0.012	12.5	1126118	1126573	CP084166	933	0.35526315789473684	0.2777777777777778	1
CasR_0_CAS-I-II-III-IV-V-VI	CP084166_968	315	198	0.00018	18.4	1164352	1165296	CP084166	968	0.14603174603174604	0.22727272727272727	-1
CasR_0_CAS-III-B	CP084166_2671	461	480	0.00023	17.3	3072168	3073550	CP084166	2671	0.2472885032537961	0.20833333333333334	1
CasR_0_CAS-III-B-III-D	CP084166_1580	443	255	9.8	2.8	1806957	1808285	CP084166	1580	0.32505643340857787	0.34509803921568627	-1
CasR_0_CAS-III-B-III-D	CP084166_1836	571	255	2.6	4.8	2104681	2106393	CP084166	1836	0.159369527145359	0.25098039215686274	1
CasR_0_CAS-III-B-III-D	CP084166_2187	216	255	3.9e-08	30.4	2491463	2492110	CP084166	2187	0.4351851851851852	0.4117647058823529	-1
CasR_0_CAS-III-B-III-D	CP084166_2192	180	255	4e-06	23.8	2498569	2499108	CP084166	2192	0.24444444444444444	0.19215686274509805	1
CasR_0_CAS-III-B-III-D	CP084166_2266	227	255	0.34	7.6	2599062	2599742	CP084166	2266	0.5198237885462555	0.27450980392156865	-1
CasR_0_CAS-III-B-III-D	CP084166_2392	120	255	0.23	8.2	2759098	2759457	CP084166	2392	0.7333333333333333	0.22745098039215686	-1
CasR_0_CAS-III-B-III-D	CP084166_386	410	255	1.2e-11	41.9	499770	500999	CP084166	386	0.22439024390243903	0.39215686274509803	-1
CasR_0_CAS-III-B-III-D	CP084166_57	101	255	0.0007	16.4	61503	61805	CP084166	57	0.6831683168316832	0.2823529411764706	-1
CasR_0_CAS-III-B-III-D	CP084166_837	248	255	8.7	3.0	1013379	1014122	CP084166	837	0.4717741935483871	0.2901960784313726	1
CasR_1_CAS-I-II-III-IV-V-VI	CP084166_1275	233	218	2.9e-10	36.9	1505449	1506147	CP084166	1275	0.6008583690987125	0.27522935779816515	-1
CasR_1_CAS-I-II-III-IV-V-VI	CP084166_1364	90	218	0.0052	13.2	1599398	1599667	CP084166	1364	0.5	0.20642201834862386	-1
CasR_1_CAS-I-II-III-IV-V-VI	CP084166_1407	241	218	4e-06	23.4	1652269	1652991	CP084166	1407	0.44398340248962653	0.4908256880733945	1
CasR_1_CAS-I-II-III-IV-V-VI	CP084166_1676	103	218	4.1e-08	29.9	1898155	1898463	CP084166	1676	0.6310679611650486	0.29357798165137616	-1
CasR_1_CAS-I-II-III-IV-V-VI	CP084166_172	449	218	0.00027	17.4	223634	224980	CP084166	172	0.13808463251670378	0.2798165137614679	-1
CasR_1_CAS-I-II-III-IV-V-VI	CP084166_1751	105	218	0.0025	14.3	1986711	1987025	CP084166	1751	0.4857142857142857	0.21559633027522937	1
CasR_1_CAS-I-II-III-IV-V-VI	CP084166_1880	111	218	0.0016	14.9	2156484	2156816	CP084166	1880	0.36036036036036034	0.1834862385321101	-1
CasR_1_CAS-I-II-III-IV-V-VI	CP084166_1895	145	218	0.00033	17.1	2169389	2169823	CP084166	1895	0.31724137931034485	0.21559633027522937	1
CasR_1_CAS-I-II-III-IV-V-VI	CP084166_1927	379	218	1.2e-13	48.0	2210329	2211465	CP084166	1927	0.33509234828496043	0.3761467889908257	-1
CasR_1_CAS-I-II-III-IV-V-VI	CP084166_2007	377	218	1.3e-05	21.8	2291786	2292916	CP084166	2007	0.3076923076923077	0.3761467889908257	1
CasR_1_CAS-I-II-III-IV-V-VI	CP084166_204	91	218	0.0002	17.9	257247	257519	CP084166	204	0.6923076923076923	0.2981651376146789	1
CasR_1_CAS-I-II-III-IV-V-VI	CP084166_2187	216	218	1.5e-15	54.3	2491463	2492110	CP084166	2187	0.9398148148148148	0.9403669724770642	-1
CasR_1_CAS-I-II-III-IV-V-VI	CP084166_2192	180	218	0.003	14.0	2498569	2499108	CP084166	2192	0.22777777777777777	0.19724770642201836	1
CasR_1_CAS-I-II-III-IV-V-VI	CP084166_2234	206	218	4.7e-05	19.9	2567249	2567866	CP084166	2234	0.24757281553398058	0.23394495412844038	1
CasR_1_CAS-I-II-III-IV-V-VI	CP084166_2242	385	218	1.7e-06	24.6	2573263	2574417	CP084166	2242	0.16883116883116883	0.23853211009174313	1
CasR_1_CAS-I-II-III-IV-V-VI	CP084166_2272	1908	218	2.5e-05	20.8	2606783	2612506	CP084166	2272	0.09538784067085954	0.43119266055045874	-1
CasR_1_CAS-I-II-III-IV-V-VI	CP084166_2350	375	218	3.9e-10	36.5	2710845	2711969	CP084166	2350	0.288	0.3073394495412844	1
CasR_1_CAS-I-II-III-IV-V-VI	CP084166_2492	94	218	3.8e-07	26.8	2870465	2870746	CP084166	2492	0.648936170212766	0.2798165137614679	1
CasR_1_CAS-I-II-III-IV-V-VI	CP084166_2570	213	218	2.3e-23	79.8	2967307	2967945	CP084166	2570	0.9342723004694836	0.9174311926605505	1
CasR_1_CAS-I-II-III-IV-V-VI	CP084166_263	141	218	0.0031	14.0	345538	345960	CP084166	263	0.6170212765957447	0.3256880733944954	-1
CasR_1_CAS-I-II-III-IV-V-VI	CP084166_2676	126	218	0.0075	12.7	3077103	3077480	CP084166	2676	0.6111111111111112	0.3486238532110092	1
CasR_1_CAS-I-II-III-IV-V-VI	CP084166_2679	236	218	9.3e-06	22.2	3080965	3081672	CP084166	2679	0.3135593220338983	0.3440366972477064	1
CasR_1_CAS-I-II-III-IV-V-VI	CP084166_297	116	218	0.0001	18.8	384553	384900	CP084166	297	0.5862068965517241	0.3165137614678899	-1
CasR_1_CAS-I-II-III-IV-V-VI	CP084166_303	347	218	0.00046	16.7	390652	391692	CP084166	303	0.2737752161383285	0.42660550458715596	1
CasR_1_CAS-I-II-III-IV-V-VI	CP084166_386	410	218	0.00029	17.3	499770	500999	CP084166	386	0.24146341463414633	0.45871559633027525	-1
CasR_1_CAS-I-II-III-IV-V-VI	CP084166_409	412	218	1.1e-06	25.3	527025	528260	CP084166	409	0.24029126213592233	0.3302752293577982	1
CasR_1_CAS-I-II-III-IV-V-VI	CP084166_496	226	218	0.0017	14.8	627494	628171	CP084166	496	0.12831858407079647	0.13302752293577982	1
CasR_1_CAS-I-II-III-IV-V-VI	CP084166_583	141	218	0.00056	16.4	725536	725958	CP084166	583	0.2978723404255319	0.19724770642201836	-1
CasR_1_CAS-I-II-III-IV-V-VI	CP084166_675	152	218	0.0003	17.3	820547	821002	CP084166	675	0.7894736842105263	0.6238532110091743	1
CasR_1_CAS-I-II-III-IV-V-VI	CP084166_694	450	218	6e-06	22.8	838824	840173	CP084166	694	0.29777777777777775	0.6330275229357798	-1
CasR_1_CAS-I-II-III-IV-V-VI	CP084166_770	493	218	0.00028	17.4	946047	947525	CP084166	770	0.21703853955375255	0.27522935779816515	-1
CasR_1_CAS-I-II-III-IV-V-VI	CP084166_797	142	218	2e-06	24.4	976695	977120	CP084166	797	0.4295774647887324	0.2798165137614679	1
CasR_1_CAS-I-II-III-IV-V-VI	CP084166_816	382	218	1.5e-05	21.5	993086	994231	CP084166	816	0.2486910994764398	0.2706422018348624	-1
CasR_1_CAS-I-II-III-IV-V-VI	CP084166_875	147	218	8.5e-05	19.1	1061893	1062333	CP084166	875	0.5714285714285714	0.22018348623853212	1
CasR_1_CAS-I-II-III-IV-V-VI	CP084166_894	163	218	0.00029	17.4	1082448	1082936	CP084166	894	0.27607361963190186	0.20642201834862386	-1
CasR_1_CAS-I-II-III-IV-V-VI	CP084166_909	118	218	0.00054	16.5	1100341	1100694	CP084166	909	0.6610169491525424	0.3577981651376147	1
CasR_1_CAS-I-II-III-IV-V-VI	CP084166_933	152	218	0.0033	13.9	1126118	1126573	CP084166	933	0.4342105263157895	0.3073394495412844	1
CasR_1_CAS-I-II-III-IV-V-VI	CP084166_968	315	218	0.00049	16.6	1164352	1165296	CP084166	968	0.19047619047619047	0.2798165137614679	-1
Cmr1_0_IIIB	CP084166_392	399	387	9.999999999999999e-27	91.4	506373	507569	CP084166	392	0.8922305764411027	0.8940568475452196	-1
Cmr1_0_IIIC	CP084166_2061	261	348	0.00012	18.7	2344557	2345339	CP084166	2061	0.26053639846743293	0.20114942528735633	1
Cmr1_0_IIIC	CP084166_392	399	348	1.9e-06	24.7	506373	507569	CP084166	392	0.6591478696741855	0.6810344827586207	-1
Cmr1gr7_0_CAS-III-B-III-C	CP084166_392	399	173	4.1000000000000004e-22	76.4	506373	507569	CP084166	392	0.48370927318295737	0.9826589595375722	-1
Cmr1gr7_2_CAS-III-B-III-C	CP084166_392	399	393	1.3e-31	107.3	506373	507569	CP084166	392	0.924812030075188	0.9236641221374046	-1
Cmr1gr7_7_CAS-III-B-III-C	CP084166_392	399	346	1.2e-06	25.5	506373	507569	CP084166	392	0.3358395989974937	0.37572254335260113	-1
Cmr3_0_IIIB	CP084166_390	381	346	1e-33	114.1	503229	504371	CP084166	390	0.9711286089238845	1.0	-1
Cmr3_1_IIIB	CP084166_390	381	357	3e-38	129.4	503229	504371	CP084166	390	0.9606299212598425	1.0	-1
Cmr3gr5_0_CAS-III-B-III-C	CP084166_165	315	373	0.024	10.6	216951	217895	CP084166	165	0.24444444444444444	0.20107238605898123	1
Cmr3gr5_3_CAS-III-B-III-C	CP084166_390	381	329	3.5e-26	89.5	503229	504371	CP084166	390	0.9448818897637795	1.0	-1
Cmr3gr5_4_CAS-III-B-III-C	CP084166_390	381	358	7.3e-48	161.0	503229	504371	CP084166	390	0.9606299212598425	1.0	-1
Cmr3gr5_5_CAS-III-B-III-C	CP084166_390	381	335	5.6e-19	65.6	503229	504371	CP084166	390	0.8713910761154856	0.9462686567164179	-1
Cmr3gr5_7_CAS-III-B-III-C	CP084166_390	381	364	1.6e-51	173.1	503229	504371	CP084166	390	0.9711286089238845	1.0	-1
Cmr4_0_IIIB	CP084166_2316	297	283	0.0025	14.9	2659642	2660532	CP084166	2316	0.4478114478114478	0.46996466431095407	1
Cmr4_0_IIIB	CP084166_387	193	283	1e-09	35.9	501112	501690	CP084166	387	0.43523316062176165	0.2862190812720848	-1
Cmr4_0_IIIB	CP084166_389	300	283	3e-53	178.7	502328	503227	CP084166	389	0.86	0.9787985865724381	-1
Cmr4_1_IIIB	CP084166_387	193	281	5.4e-09	33.3	501112	501690	CP084166	387	0.29533678756476683	0.20284697508896798	-1
Cmr4_1_IIIB	CP084166_389	300	281	4.2e-51	171.5	502328	503227	CP084166	389	0.8566666666666667	0.9750889679715302	-1
Cmr4gr7_0_CAS-III-B-III-C	CP084166_2316	297	282	0.0086	13.0	2659642	2660532	CP084166	2316	0.4444444444444444	0.475177304964539	1
Cmr4gr7_0_CAS-III-B-III-C	CP084166_387	193	282	1.3e-10	38.6	501112	501690	CP084166	387	0.3160621761658031	0.19858156028368795	-1
Cmr4gr7_0_CAS-III-B-III-C	CP084166_389	300	282	1.8e-54	182.6	502328	503227	CP084166	389	0.86	0.9787234042553191	-1
Cmr4gr7_1_CAS-III-B-III-C	CP084166_387	193	309	1.3e-09	35.2	501112	501690	CP084166	387	0.35751295336787564	0.2297734627831715	-1
Cmr4gr7_1_CAS-III-B-III-C	CP084166_389	300	309	1.4999999999999999e-53	179.5	502328	503227	CP084166	389	0.88	0.970873786407767	-1
Cmr5_0_IIIB	CP084166_388	99	143	7.6e-10	36.5	501927	502223	CP084166	388	0.9494949494949495	0.7482517482517482	-1
Cmr5gr11_12_CAS-III-B	CP084166_388	99	141	0.0028	14.8	501927	502223	CP084166	388	0.25252525252525254	0.16312056737588654	-1
Cmr5gr11_14_CAS-III-B	CP084166_388	99	118	5.600000000000001e-23	78.8	501927	502223	CP084166	388	0.9090909090909091	0.7372881355932204	-1
Cmr5gr11_1_CAS-III-B	CP084166_1254	425	137	0.026	11.6	1481562	1482836	CP084166	1254	0.08470588235294117	0.25547445255474455	-1
Cmr5gr11_1_CAS-III-C	CP084166_1373	1043	180	1.7	5.7	1609278	1612406	CP084166	1373	0.18216682646212848	0.6277777777777778	-1
Cmr5gr11_2_CAS-III-B	CP084166_388	99	138	1.3e-12	45.3	501927	502223	CP084166	388	0.9393939393939394	0.7681159420289855	-1
Cmr5gr11_3_CAS-III-B	CP084166_2501	745	119	0.027	12.2	2879935	2882169	CP084166	2501	0.07248322147651007	0.453781512605042	-1
Cmr5gr11_3_CAS-III-B	CP084166_388	99	119	7.3e-19	65.6	501927	502223	CP084166	388	0.9090909090909091	0.7310924369747899	-1
Cmr5gr11_7_CAS-III-B	CP084166_388	99	134	2.9e-08	31.1	501927	502223	CP084166	388	0.9494949494949495	0.7313432835820896	-1
Cmr6_0_IIIB	CP084166_387	193	213	3.4e-41	138.7	501112	501690	CP084166	387	0.9430051813471503	0.8544600938967136	-1
Cmr6_0_IIIB	CP084166_389	300	213	2.4e-06	24.8	502328	503227	CP084166	389	0.2866666666666667	0.431924882629108	-1
Cmr6_0_IIIC	CP084166_387	193	252	1e-13	48.8	501112	501690	CP084166	387	0.7927461139896373	0.7341269841269841	-1
Cmr6_0_IIIC	CP084166_389	300	252	0.00072	16.6	502328	503227	CP084166	389	0.17	0.2222222222222222	-1
Cmr6_1_IIIB	CP084166_387	193	264	2.6e-38	129.4	501112	501690	CP084166	387	0.927461139896373	0.6818181818181818	-1
Cmr6_1_IIIB	CP084166_389	300	264	0.00014	18.9	502328	503227	CP084166	389	0.26	0.3181818181818182	-1
Cmr6gr7_0_CAS-III-B-III-C	CP084166_387	193	544	0.00014	18.1	501112	501690	CP084166	387	0.29015544041450775	0.10294117647058823	-1
Cmr6gr7_1_CAS-III-B-III-C	CP084166_387	193	218	4.6e-42	141.4	501112	501690	CP084166	387	0.9430051813471503	0.8577981651376146	-1
Cmr6gr7_1_CAS-III-B-III-C	CP084166_389	300	218	2.3e-05	21.4	502328	503227	CP084166	389	0.2866666666666667	0.44954128440366975	-1
Cmr6gr7_2_CAS-III-B-III-C	CP084166_1582	104	262	1.8	5.4	1808746	1809057	CP084166	1582	0.7884615384615384	0.3015267175572519	-1
Cmr6gr7_2_CAS-III-B-III-C	CP084166_387	193	262	3.9e-42	141.9	501112	501690	CP084166	387	0.9481865284974094	0.683206106870229	-1
Cmr6gr7_2_CAS-III-B-III-C	CP084166_389	300	262	3.4e-07	27.4	502328	503227	CP084166	389	0.29	0.3435114503816794	-1
Cmr6gr7_3_CAS-III-B-III-C	CP084166_387	193	250	1.7e-13	48.1	501112	501690	CP084166	387	0.7979274611398963	0.748	-1
Cmr6gr7_3_CAS-III-B-III-C	CP084166_389	300	250	0.00014	18.9	502328	503227	CP084166	389	0.15666666666666668	0.208	-1
CorA_0_CAS-III-B-III-D	CP084166_1144	128	551	0.0045	13.0	1366303	1366686	CP084166	1144	0.453125	0.10707803992740472	-1
CorA_0_CAS-III-B-III-D	CP084166_1803	232	551	0.31	7.0	2071013	2071708	CP084166	1803	0.521551724137931	0.1560798548094374	-1
CorA_0_CAS-III-B-III-D	CP084166_921	134	551	0.61	6.0	1112044	1112445	CP084166	921	0.7164179104477612	0.16152450090744103	1
CorA_1_CAS-III-B	CP084166_1524	278	125	0.028	11.6	1757565	1758398	CP084166	1524	0.4460431654676259	0.64	-1
Csa3_1_CAS-I-II-III-IV-V-VI	CP084166_1072	421	118	4.9e-05	21.0	1279105	1280367	CP084166	1072	0.16152019002375298	0.5847457627118644	-1
Csa3_1_CAS-I-II-III-IV-V-VI	CP084166_1205	232	118	0.013	13.1	1436459	1437154	CP084166	1205	0.28879310344827586	0.5932203389830508	1
Csa3_1_CAS-I-II-III-IV-V-VI	CP084166_1275	233	118	5.3e-17	59.5	1505449	1506147	CP084166	1275	0.5879828326180258	0.6779661016949152	-1
Csa3_1_CAS-I-II-III-IV-V-VI	CP084166_1407	241	118	1.5e-08	32.3	1652269	1652991	CP084166	1407	0.5477178423236515	0.8813559322033898	1
Csa3_1_CAS-I-II-III-IV-V-VI	CP084166_1487	87	118	0.00017	19.3	1727884	1728144	CP084166	1487	0.5402298850574713	0.4491525423728814	1
Csa3_1_CAS-I-II-III-IV-V-VI	CP084166_1676	103	118	9e-08	29.8	1898155	1898463	CP084166	1676	0.5533980582524272	0.5169491525423728	-1
Csa3_1_CAS-I-II-III-IV-V-VI	CP084166_172	449	118	0.0074	14.0	223634	224980	CP084166	172	0.0957683741648107	0.3220338983050847	-1
Csa3_1_CAS-I-II-III-IV-V-VI	CP084166_1895	145	118	1.5e-09	35.6	2169389	2169823	CP084166	1895	0.5862068965517241	0.6610169491525424	1
Csa3_1_CAS-I-II-III-IV-V-VI	CP084166_2007	377	118	2.9e-06	24.9	2291786	2292916	CP084166	2007	0.21220159151193635	0.6694915254237288	1
Csa3_1_CAS-I-II-III-IV-V-VI	CP084166_204	91	118	2.6e-08	31.5	257247	257519	CP084166	204	0.7912087912087912	0.635593220338983	1
Csa3_1_CAS-I-II-III-IV-V-VI	CP084166_2075	287	118	0.00036	18.2	2366263	2367123	CP084166	2075	0.20209059233449478	0.5084745762711864	1
Csa3_1_CAS-I-II-III-IV-V-VI	CP084166_2159	609	118	0.0024	15.5	2457156	2458982	CP084166	2159	0.18883415435139572	0.8728813559322034	1
Csa3_1_CAS-I-II-III-IV-V-VI	CP084166_2187	216	118	0.0022	15.7	2491463	2492110	CP084166	2187	0.3333333333333333	0.559322033898305	-1
Csa3_1_CAS-I-II-III-IV-V-VI	CP084166_2492	94	118	1.1e-09	36.0	2870465	2870746	CP084166	2492	0.6808510638297872	0.6016949152542372	1
Csa3_1_CAS-I-II-III-IV-V-VI	CP084166_2573	116	118	5.3e-08	30.5	2970629	2970976	CP084166	2573	0.5689655172413793	0.6101694915254238	-1
Csa3_1_CAS-I-II-III-IV-V-VI	CP084166_263	141	118	1.3e-15	55.1	345538	345960	CP084166	263	0.6950354609929078	0.6779661016949152	-1
Csa3_1_CAS-I-II-III-IV-V-VI	CP084166_2676	126	118	3.6e-16	56.8	3077103	3077480	CP084166	2676	0.5555555555555556	0.652542372881356	1
Csa3_1_CAS-I-II-III-IV-V-VI	CP084166_2679	236	118	1.9e-09	35.2	3080965	3081672	CP084166	2679	0.5635593220338984	0.7033898305084746	1
Csa3_1_CAS-I-II-III-IV-V-VI	CP084166_297	116	118	7.1e-05	20.5	384553	384900	CP084166	297	0.6551724137931034	0.652542372881356	-1
Csa3_1_CAS-I-II-III-IV-V-VI	CP084166_339	274	118	0.00065	17.4	434505	435326	CP084166	339	0.17883211678832117	0.4661016949152542	1
Csa3_1_CAS-I-II-III-IV-V-VI	CP084166_499	159	118	5.6e-05	20.8	632947	633423	CP084166	499	0.44654088050314467	0.6101694915254238	1
Csa3_1_CAS-I-II-III-IV-V-VI	CP084166_572	150	118	1.6e-05	22.6	717854	718303	CP084166	572	0.43333333333333335	0.559322033898305	-1
Csa3_1_CAS-I-II-III-IV-V-VI	CP084166_592	163	118	0.0055	14.4	734115	734603	CP084166	592	0.18404907975460122	0.2542372881355932	1
Csa3_1_CAS-I-II-III-IV-V-VI	CP084166_61	349	118	0.0023	15.6	65346	66392	CP084166	61	0.25787965616045844	0.5169491525423728	1
Csa3_1_CAS-I-II-III-IV-V-VI	CP084166_797	142	118	0.013	13.2	976695	977120	CP084166	797	0.5140845070422535	0.4830508474576271	1
Csa3_1_CAS-I-II-III-IV-V-VI	CP084166_809	127	118	0.00095	16.8	986472	986852	CP084166	809	0.6535433070866141	0.652542372881356	-1
Csa5gr11_0_CAS-I-A	CP084166_1358	103	135	0.00096	16.4	1594824	1595132	CP084166	1358	0.47572815533980584	0.34814814814814815	-1
Csa5gr11_0_CAS-III-B	CP084166_2397	157	135	0.0068	13.7	2761570	2762040	CP084166	2397	0.42038216560509556	0.4666666666666667	1
Csa5gr11_10_CAS-I-A	CP084166_342	321	106	0.11	10.1	437212	438174	CP084166	342	0.32398753894080995	0.46226415094339623	1
Csc1_0_ID	CP084166_665	62	225	0.0026	14.4	809507	809692	CP084166	665	0.7096774193548387	0.19555555555555557	1
Csf2_0_IV	CP084166_387	193	329	0.0012	15.7	501112	501690	CP084166	387	0.20207253886010362	0.11854103343465046	-1
Csf2_0_IV	CP084166_389	300	329	0.0048	13.7	502328	503227	CP084166	389	0.17	0.16109422492401215	-1
Csf2_0_IV	CP084166_392	399	329	0.0034	14.2	506373	507569	CP084166	392	0.15789473684210525	0.2188449848024316	-1
Csf2_1_IVA3	CP084166_1564	617	263	0.07	9.6	1790691	1792541	CP084166	1564	0.2965964343598055	0.4524714828897338	1
Csf4_0_IVA	CP084166_1161	679	666	2.7e-14	49.9	1386825	1388861	CP084166	1161	0.5640648011782032	0.5855855855855856	1
Csf4_0_IVA	CP084166_1921	796	666	7.2e-12	41.9	2200528	2202915	CP084166	1921	0.17336683417085427	0.21021021021021022	1
Csf4_0_IVA	CP084166_2155	416	666	8e-05	18.6	2453480	2454727	CP084166	2155	0.19230769230769232	0.11861861861861862	1
Csf4_0_IVA	CP084166_227	601	666	2.9e-20	69.6	295670	297472	CP084166	227	0.4559068219633943	0.4189189189189189	-1
Csf4_1_IVA1	CP084166_1161	679	802	6.2e-07	25.2	1386825	1388861	CP084166	1161	0.2106038291605302	0.1770573566084788	1
Csf4_1_IVA1	CP084166_1390	487	802	0.019	10.4	1632530	1633990	CP084166	1390	0.13963039014373715	0.04738154613466334	-1
Csf4_1_IVA1	CP084166_1921	796	802	3.6e-09	32.6	2200528	2202915	CP084166	1921	0.24120603015075376	0.2456359102244389	1
Csf4_1_IVA1	CP084166_227	601	802	3.1e-05	19.6	295670	297472	CP084166	227	0.1913477537437604	0.14588528678304238	-1
Csm2gr11_0_CAS-III-A	CP084166_832	295	95	9.5	4.5	1009957	1010841	CP084166	832	0.5966101694915255	0.8210526315789474	1
Csm2gr11_7_CAS-III-A	CP084166_2383	255	110	8.1	4.8	2750433	2751197	CP084166	2383	0.8	0.7	1
Csm2gr11_7_CAS-III-A	CP084166_382	196	110	0.16	10.2	497074	497661	CP084166	382	0.3673469387755102	0.4727272727272727	-1
Csm3_0_IIIA	CP084166_2431	293	203	0.006	13.8	2794477	2795355	CP084166	2431	0.30716723549488056	0.3399014778325123	-1
Csm3_0_IIIA	CP084166_387	193	203	6.1e-07	26.9	501112	501690	CP084166	387	0.5077720207253886	0.5221674876847291	-1
Csm3_0_IIIA	CP084166_389	300	203	8.7e-09	32.9	502328	503227	CP084166	389	0.27666666666666667	0.4729064039408867	-1
Csm3_0_IIIA	CP084166_928	200	203	0.015	12.6	1119299	1119898	CP084166	928	0.34	0.33497536945812806	1
Csm3_0_IIIA	CP084166_939	293	203	0.006	13.8	1129850	1130728	CP084166	939	0.30716723549488056	0.3399014778325123	1
Csm3_0_IIID	CP084166_387	193	178	1.7e-12	45.9	501112	501690	CP084166	387	0.7357512953367875	0.8033707865168539	-1
Csm3_0_IIID	CP084166_389	300	178	7.9e-14	50.2	502328	503227	CP084166	389	0.5266666666666666	0.9044943820224719	-1
Csm3_0_IIID	CP084166_392	399	178	3.9e-06	25.3	506373	507569	CP084166	392	0.41854636591478694	0.8202247191011236	-1
Csm3_1_IIIAD	CP084166_1564	617	189	0.029	11.9	1790691	1792541	CP084166	1564	0.11021069692058347	0.3544973544973545	1
Csm3_1_IIIAD	CP084166_1852	661	189	0.17	9.4	2122816	2124798	CP084166	1852	0.23751891074130105	0.5185185185185185	1
Csm3_1_IIIAD	CP084166_387	193	189	7.4e-12	43.1	501112	501690	CP084166	387	0.917098445595855	0.9841269841269841	-1
Csm3_1_IIIAD	CP084166_389	300	189	2.6e-13	47.9	502328	503227	CP084166	389	0.8533333333333334	0.9682539682539683	-1
Csm3_1_IIIAD	CP084166_392	399	189	4.4e-15	53.7	506373	507569	CP084166	392	0.40601503759398494	0.9894179894179894	-1
Csm3_1_IIID	CP084166_387	193	257	9.6e-07	25.9	501112	501690	CP084166	387	0.44041450777202074	0.38910505836575876	-1
Csm3_1_IIID	CP084166_389	300	257	2.3e-06	24.6	502328	503227	CP084166	389	0.3233333333333333	0.38132295719844356	-1
Csm3gr7_0_CAS-III-A-III-D	CP084166_387	193	210	0.0017	15.2	501112	501690	CP084166	387	0.09326424870466321	0.08571428571428572	-1
Csm3gr7_0_CAS-III-A-III-D	CP084166_389	300	210	0.00074	16.4	502328	503227	CP084166	389	0.2733333333333333	0.3761904761904762	-1
Csm3gr7_11_CAS-III-A-III-D	CP084166_387	193	216	0.0026	14.5	501112	501690	CP084166	387	0.24870466321243523	0.22685185185185186	-1
Csm3gr7_11_CAS-III-A-III-D	CP084166_389	300	216	0.0002	18.1	502328	503227	CP084166	389	0.34	0.4722222222222222	-1
Csm3gr7_12_CAS-III-A-III-D	CP084166_387	193	199	1.2e-14	52.4	501112	501690	CP084166	387	0.9222797927461139	0.9949748743718593	-1
Csm3gr7_12_CAS-III-A-III-D	CP084166_389	300	199	1.3e-20	71.9	502328	503227	CP084166	389	0.8566666666666667	0.9798994974874372	-1
Csm3gr7_12_CAS-III-A-III-D	CP084166_392	399	199	8.5e-11	39.8	506373	507569	CP084166	392	0.40601503759398494	0.9949748743718593	-1
Csm3gr7_1_CAS-III-A-III-D	CP084166_2431	293	215	0.0015	15.7	2794477	2795355	CP084166	2431	0.3242320819112628	0.32558139534883723	-1
Csm3gr7_1_CAS-III-A-III-D	CP084166_387	193	215	7.3e-06	23.2	501112	501690	CP084166	387	0.48704663212435234	0.4744186046511628	-1
Csm3gr7_1_CAS-III-A-III-D	CP084166_389	300	215	2.2e-08	31.4	502328	503227	CP084166	389	0.2733333333333333	0.4418604651162791	-1
Csm3gr7_1_CAS-III-A-III-D	CP084166_821	296	215	0.012	12.7	997321	998208	CP084166	821	0.28040540540540543	0.2558139534883721	1
Csm3gr7_1_CAS-III-A-III-D	CP084166_928	200	215	0.0038	14.3	1119299	1119898	CP084166	928	0.325	0.3023255813953488	1
Csm3gr7_1_CAS-III-A-III-D	CP084166_939	293	215	0.0015	15.6	1129850	1130728	CP084166	939	0.3242320819112628	0.32558139534883723	1
Csm3gr7_2_CAS-III-A-III-D	CP084166_1281	624	180	0.013	13.2	1512688	1514559	CP084166	1281	0.16987179487179488	0.6555555555555556	1
Csm3gr7_2_CAS-III-A-III-D	CP084166_387	193	180	1.2e-17	62.2	501112	501690	CP084166	387	0.8963730569948186	1.0	-1
Csm3gr7_2_CAS-III-A-III-D	CP084166_389	300	180	7.9e-14	49.8	502328	503227	CP084166	389	0.5266666666666666	0.9055555555555556	-1
Csm3gr7_2_CAS-III-A-III-D	CP084166_392	399	180	3.6e-07	28.1	506373	507569	CP084166	392	0.5989974937343359	0.8277777777777777	-1
Csm3gr7_3_CAS-III-A-III-D	CP084166_387	193	182	0.0075	13.4	501112	501690	CP084166	387	0.20207253886010362	0.1978021978021978	-1
Csm3gr7_8_CAS-III-A-III-D	CP084166_387	193	256	7.6e-08	29.4	501112	501690	CP084166	387	0.44041450777202074	0.390625	-1
Csm3gr7_8_CAS-III-A-III-D	CP084166_389	300	256	1.5e-07	28.4	502328	503227	CP084166	389	0.31666666666666665	0.375	-1
Csm4gr5_1_CAS-III-A	CP084166_387	193	315	0.011	12.2	501112	501690	CP084166	387	0.19170984455958548	0.12380952380952381	-1
Csm5_0_IIIA	CP084166_387	193	364	7.5e-05	19.6	501112	501690	CP084166	387	0.16062176165803108	0.08241758241758242	-1
Csm5_1_IIIA	CP084166_387	193	373	3.4e-05	20.8	501112	501690	CP084166	387	0.25906735751295334	0.128686327077748	-1
Csm5gr7_0_CAS-III-A-III-D	CP084166_387	193	365	7.9e-06	22.6	501112	501690	CP084166	387	0.23834196891191708	0.1232876712328767	-1
Csm5gr7_1_CAS-III-A-III-D	CP084166_387	193	369	2.6e-06	24.6	501112	501690	CP084166	387	0.33678756476683935	0.17073170731707318	-1
Csm5gr7_3_CAS-III-A-III-D	CP084166_387	193	391	0.00042	16.7	501112	501690	CP084166	387	0.22279792746113988	0.11253196930946291	-1
Csm6_0_CAS-III	CP084166_2187	216	189	0.00021	18.1	2491463	2492110	CP084166	2187	0.30092592592592593	0.26455026455026454	-1
Csm6_2_CAS-III	CP084166_1475	161	184	0.0063	13.1	1718646	1719128	CP084166	1475	0.2484472049689441	0.23369565217391305	1
Csm6_2_CAS-III	CP084166_2187	216	184	8.5e-08	29.0	2491463	2492110	CP084166	2187	0.4351851851851852	0.45652173913043476	-1
Csm6_2_CAS-III	CP084166_2192	180	184	0.0021	14.7	2498569	2499108	CP084166	2192	0.6055555555555555	0.5869565217391305	1
Csm6_5_CAS-III	CP084166_2187	216	278	5.5e-06	23.0	2491463	2492110	CP084166	2187	0.23148148148148148	0.1906474820143885	-1
Csm6_5_CAS-III	CP084166_2192	180	278	0.0056	13.2	2498569	2499108	CP084166	2192	0.4388888888888889	0.28776978417266186	1
Csm6_6_CAS-III	CP084166_2187	216	136	6.1e-07	26.8	2491463	2492110	CP084166	2187	0.32407407407407407	0.4117647058823529	-1
Csm6_6_CAS-III	CP084166_2192	180	136	0.00015	19.0	2498569	2499108	CP084166	2192	0.6111111111111112	0.7941176470588235	1
Csm6_6_CAS-III	CP084166_235	290	136	0.00096	16.4	307809	308678	CP084166	235	0.2482758620689655	0.4632352941176471	-1
Csn2_0_CAS-II-C	CP084166_1746	149	328	0.00013	18.6	1982282	1982728	CP084166	1746	0.42953020134228187	0.19817073170731708	-1
Csn2_10_CAS-II-A	CP084166_327	1926	321	0.0007	16.1	418656	424433	CP084166	327	0.08047767393561786	0.22741433021806853	-1
Csn2_5_CAS-II-A	CP084166_1473	212	223	0.0089	13.0	1717392	1718027	CP084166	1473	0.5094339622641509	0.3811659192825112	1
Csn2_7_CAS-II-A	CP084166_1043	217	372	0.0019	14.5	1250351	1251001	CP084166	1043	0.23963133640552994	0.13709677419354838	1
Csn2_7_CAS-II-A	CP084166_1460	612	372	0.4	6.9	1704279	1706114	CP084166	1460	0.22549019607843138	0.1989247311827957	1
Csn2_7_CAS-II-A	CP084166_287	574	372	0.0012	15.2	372676	374397	CP084166	287	0.44947735191637633	0.48118279569892475	-1
Csn2_7_CAS-II-A	CP084166_529	249	372	0.0052	13.1	672884	673630	CP084166	529	0.2971887550200803	0.1881720430107527	-1
Csn2_7_CAS-II-A	CP084166_766	264	372	7.8e-07	25.6	934990	935781	CP084166	766	0.3143939393939394	0.22311827956989247	-1
Csx10_0_IIID	CP084166_387	193	402	0.026	10.9	501112	501690	CP084166	387	0.43523316062176165	0.20149253731343283	-1
Csx10gr5_0_CAS-III-D	CP084166_387	193	392	0.016	11.9	501112	501690	CP084166	387	0.45595854922279794	0.21683673469387754	-1
Csx10gr5_1_CAS-III-D	CP084166_387	193	393	0.023	11.1	501112	501690	CP084166	387	0.3316062176165803	0.15521628498727735	-1
Csx16_0_CAS-III-B	CP084166_2289	429	105	0.0046	14.8	2626047	2627333	CP084166	2289	0.18181818181818182	0.7333333333333333	1
Csx1_15_CAS-III	CP084166_382	196	474	1.6e-09	34.5	497074	497661	CP084166	382	0.7653061224489796	0.35654008438818563	-1
Csx1_15_CAS-III	CP084166_386	410	474	1.4e-13	47.8	499770	500999	CP084166	386	0.7268292682926829	0.6518987341772152	-1
Csx1_16_CAS-III	CP084166_2187	216	420	1.1e-06	25.0	2491463	2492110	CP084166	2187	0.3425925925925926	0.18571428571428572	-1
Csx1_18_CAS-III	CP084166_1045	253	376	0.00044	17.2	1251415	1252173	CP084166	1045	0.48616600790513836	0.31648936170212766	-1
Csx1_18_CAS-III	CP084166_1342	555	376	0.09	9.6	1583834	1585498	CP084166	1342	0.22342342342342342	0.19946808510638298	1
Csx1_18_CAS-III	CP084166_1998	262	376	0.027	11.3	2285380	2286165	CP084166	1998	0.3931297709923664	0.18351063829787234	-1
Csx1_18_CAS-III	CP084166_386	410	376	7.8e-05	19.7	499770	500999	CP084166	386	0.7560975609756098	0.7340425531914894	-1
Csx1_19_CAS-III	CP084166_2187	216	211	3.1e-05	21.1	2491463	2492110	CP084166	2187	0.25	0.27014218009478674	-1
Csx1_19_CAS-III	CP084166_2192	180	211	0.00035	17.6	2498569	2499108	CP084166	2192	0.25555555555555554	0.22274881516587677	1
Csx1_1_CAS-III	CP084166_2304	261	214	3.2	5.0	2648991	2649773	CP084166	2304	0.3371647509578544	0.2803738317757009	-1
Csx1_20_CAS-III	CP084166_2187	216	379	1.7e-10	37.5	2491463	2492110	CP084166	2187	0.46296296296296297	0.26649076517150394	-1
Csx1_20_CAS-III	CP084166_2192	180	379	0.00029	17.0	2498569	2499108	CP084166	2192	0.3611111111111111	0.14511873350923482	1
Csx1_20_CAS-III	CP084166_382	196	379	1.7e-38	129.7	497074	497661	CP084166	382	0.8112244897959183	0.41688654353562005	-1
Csx1_20_CAS-III	CP084166_386	410	379	2.7e-83	277.1	499770	500999	CP084166	386	0.8707317073170732	0.9894459102902374	-1
Csx1_4_CAS-III	CP084166_2187	216	380	2.4e-05	20.5	2491463	2492110	CP084166	2187	0.4074074074074074	0.2394736842105263	-1
Csx1_4_CAS-III	CP084166_2192	180	380	0.00076	15.6	2498569	2499108	CP084166	2192	0.2388888888888889	0.11578947368421053	1
Csx1_4_CAS-III	CP084166_382	196	380	6.4e-34	114.6	497074	497661	CP084166	382	0.7346938775510204	0.3763157894736842	-1
Csx1_4_CAS-III	CP084166_386	410	380	1.3000000000000001e-71	238.6	499770	500999	CP084166	386	0.875609756097561	0.9921052631578947	-1
Csx1_5_CAS-III	CP084166_2187	216	132	1.7e-07	28.7	2491463	2492110	CP084166	2187	0.6157407407407407	0.9772727272727273	-1
Csx1_5_CAS-III	CP084166_2192	180	132	1.9e-08	31.7	2498569	2499108	CP084166	2192	0.6722222222222223	0.8863636363636364	1
Csx1_7_CAS-III	CP084166_1582	104	309	5.1	3.8	1808746	1809057	CP084166	1582	0.8173076923076923	0.2686084142394822	-1
Csx1_7_CAS-III	CP084166_1936	210	309	0.32	7.8	2220063	2220692	CP084166	1936	0.7142857142857143	0.2815533980582524	1
Csx1_8_CAS-III	CP084166_2187	216	219	0.00011	19.2	2491463	2492110	CP084166	2187	0.4166666666666667	0.4474885844748858	-1
Csx1_8_CAS-III	CP084166_2192	180	219	0.00066	16.6	2498569	2499108	CP084166	2192	0.24444444444444444	0.2054794520547945	1
Csx1_9_CAS-III	CP084166_2187	216	378	8.2e-12	42.0	2491463	2492110	CP084166	2187	0.4675925925925926	0.2724867724867725	-1
Csx1_9_CAS-III	CP084166_2192	180	378	5.4e-06	22.8	2498569	2499108	CP084166	2192	0.55	0.2275132275132275	1
Csx1_9_CAS-III	CP084166_382	196	378	1.3e-40	136.7	497074	497661	CP084166	382	0.826530612244898	0.42328042328042326	-1
Csx1_9_CAS-III	CP084166_386	410	378	1.3999999999999999e-83	278.2	499770	500999	CP084166	386	0.8731707317073171	0.9894179894179894	-1
Csx1_9_CAS-III	CP084166_393	185	378	0.00069	15.9	507837	508391	CP084166	393	0.5459459459459459	0.2328042328042328	1
Csx20_2_CAS-I-III	CP084166_1741	1724	131	0.0026	15.0	1971605	1976776	CP084166	1741	0.03248259860788863	0.4198473282442748	-1
Csx20_2_CAS-I-III	CP084166_1813	349	131	0.0041	14.4	2078470	2079516	CP084166	1813	0.17765042979942694	0.46564885496183206	1
Csx20_2_CAS-I-III	CP084166_2146	726	131	0.00092	16.5	2442315	2444492	CP084166	2146	0.12121212121212122	0.648854961832061	-1
Csx3_2_CAS-I-III	CP084166_1053	185	277	0.011	12.1	1259155	1259709	CP084166	1053	0.15675675675675677	0.10469314079422383	-1
Csx3_2_CAS-I-III	CP084166_1059	177	277	0.0083	12.5	1265839	1266369	CP084166	1059	0.192090395480226	0.1299638989169675	-1
Csx3_2_CAS-I-III	CP084166_1080	253	277	0.0035	13.8	1289379	1290137	CP084166	1080	0.14624505928853754	0.13357400722021662	1
Csx3_2_CAS-I-III	CP084166_1323	275	277	0.027	10.8	1563413	1564237	CP084166	1323	0.19272727272727272	0.19855595667870035	1
Csx3_2_CAS-I-III	CP084166_1505	186	277	0.0015	14.9	1741267	1741824	CP084166	1505	0.5268817204301075	0.2888086642599278	1
Csx3_2_CAS-I-III	CP084166_1739	211	277	0.0086	12.5	1969608	1970240	CP084166	1739	0.10900473933649289	0.08303249097472924	1
Csx3_2_CAS-I-III	CP084166_2017	189	277	0.015	11.7	2301066	2301632	CP084166	2017	0.15873015873015872	0.10830324909747292	1
Csx3_2_CAS-I-III	CP084166_221	197	277	0.0062	12.9	278935	279525	CP084166	221	0.17258883248730963	0.13357400722021662	1
CysH_0_IVB	CP084166_1313	503	249	2.4e-05	21.4	1550311	1551819	CP084166	1313	0.11928429423459244	0.24899598393574296	1
CysH_0_IVB	CP084166_1743	668	249	1.8999999999999998e-24	84.0	1977781	1979784	CP084166	1743	0.28293413173652693	0.7228915662650602	-1
CysH_0_IVB	CP084166_2031	316	249	0.00058	16.9	2312796	2313743	CP084166	2031	0.14240506329113925	0.18473895582329317	1
CysH_0_IVB	CP084166_268	286	249	3.2e-05	21.0	349213	350070	CP084166	268	0.34615384615384615	0.39759036144578314	1
DEDDh_0_CAS-I-II-III-IV-V-VI	CP084166_1543	1339	160	0.00037	18.0	1772636	1776652	CP084166	1543	0.09036594473487677	0.68125	-1
HEAT_CxxC_PDDEXK_0_CAS-I-C	CP084166_1007	290	288	3e-08	30.4	1212755	1213624	CP084166	1007	0.6103448275862069	0.3993055555555556	-1
HEAT_CxxC_PDDEXK_0_CAS-I-C	CP084166_1892	303	288	0.00016	18.2	2166251	2167159	CP084166	1892	0.4389438943894389	0.3368055555555556	-1
HEAT_CxxC_PDDEXK_0_CAS-I-C	CP084166_2374	671	288	1.7e-18	64.0	2737452	2739464	CP084166	2374	0.5380029806259314	0.2743055555555556	1
HTH_0_CAS-I-D	CP084166_2374	671	65	0.0097	13.1	2737452	2739464	CP084166	2374	0.08196721311475409	0.35384615384615387	1
HTH_0_CAS-III-A	CP084166_1934	419	364	0.03	10.7	2217509	2218765	CP084166	1934	0.2720763723150358	0.1978021978021978	-1
Mem_03_0_CAS-III-D	CP084166_1635	156	286	0.71	6.5	1856274	1856741	CP084166	1635	0.391025641025641	0.21328671328671328	-1
PD_DExK_2_CAS-I-II-III-IV-V-VI	CP084166_2195	259	127	8.799999999999999e-24	80.7	2501173	2501949	CP084166	2195	0.4594594594594595	0.8740157480314961	-1
PEPT_D_0_CAS-III-A	CP084166_872	141	105	4.3e-07	27.4	1059518	1059940	CP084166	872	0.6453900709219859	0.8095238095238095	-1
RecD_0_IVD	CP084166_1401	271	763	0.0011	14.4	1643751	1644563	CP084166	1401	0.1918819188191882	0.06422018348623854	-1
RecD_0_IVD	CP084166_1443	997	763	5e-14	48.6	1686948	1689938	CP084166	1443	0.22066198595787362	0.24115334207077327	1
RecD_0_IVD	CP084166_1569	231	763	0.011	11.1	1799230	1799922	CP084166	1569	0.16883116883116883	0.05111402359108781	1
RecD_0_IVD	CP084166_578	305	763	0.0006	15.3	722563	723477	CP084166	578	0.09180327868852459	0.03669724770642202	-1
SSgr11_1_CAS-III-F	CP084166_1853	604	97	0.0082	13.4	2124795	2126606	CP084166	1853	0.20860927152317882	0.8350515463917526	1
STAND_TPR_0_CAS-I-E	CP084166_764	667	1210	0.1	7.7	929095	931095	CP084166	764	0.1664167916041979	0.09090909090909091	-1
TPR_0_CAS-III-B	CP084166_1000	300	488	5.2e-05	19.4	1206111	1207010	CP084166	1000	0.5766666666666667	0.3975409836065574	1
TPR_0_CAS-III-B	CP084166_1117	696	488	5.8e-16	55.5	1329850	1331937	CP084166	1117	0.4827586206896552	0.5922131147540983	1
TPR_0_CAS-III-B	CP084166_2341	476	488	1.2e-05	21.5	2701383	2702810	CP084166	2341	0.5525210084033614	0.38114754098360654	1
TPR_0_CAS-III-B	CP084166_2359	259	488	0.0042	13.1	2718888	2719664	CP084166	2359	0.752895752895753	0.39549180327868855	-1
TPR_0_CAS-III-B	CP084166_2364	276	488	3.9e-09	33.0	2725802	2726629	CP084166	2364	0.7572463768115942	0.29508196721311475	-1
TPR_0_CAS-III-B	CP084166_396	857	488	1.1e-10	38.1	510971	513541	CP084166	396	0.3663943990665111	0.6086065573770492	1
TPR_0_CAS-III-B	CP084166_424	666	488	2.7e-08	30.2	542709	544706	CP084166	424	0.3048048048048048	0.4385245901639344	1
TPR_0_CAS-III-B	CP084166_500	642	488	1.9e-06	24.1	633494	635419	CP084166	500	0.48130841121495327	0.4077868852459016	-1
TPR_0_CAS-III-B	CP084166_521	498	488	1.7e-20	70.5	664020	665513	CP084166	521	0.5180722891566265	0.4344262295081967	1
TPR_1_CAS-III-A	CP084166_1000	300	462	1e-06	25.0	1206111	1207010	CP084166	1000	0.8666666666666667	0.43722943722943725	1
TPR_1_CAS-III-A	CP084166_1150	530	462	3.7e-05	19.8	1373601	1375190	CP084166	1150	0.5188679245283019	0.7727272727272727	1
TPR_1_CAS-III-A	CP084166_491	188	462	0.00032	16.8	618299	618862	CP084166	491	0.5159574468085106	0.22510822510822512	-1
TPR_1_CAS-III-A	CP084166_919	344	462	2.6e-06	23.7	1110529	1111560	CP084166	919	0.7616279069767442	0.3246753246753247	1
TPR_1_CAS-III-B	CP084166_1117	696	537	4.2e-05	19.7	1329850	1331937	CP084166	1117	0.3117816091954023	0.3128491620111732	1
TPR_1_CAS-III-B	CP084166_1290	843	537	6.4e-06	22.4	1523859	1526387	CP084166	1290	0.41637010676156583	0.4823091247672253	-1
TPR_1_CAS-III-B	CP084166_180	679	537	0.03	10.3	232886	234922	CP084166	180	0.17820324005891017	0.186219739292365	-1
TPR_1_CAS-III-B	CP084166_2341	476	537	8.8e-08	28.6	2701383	2702810	CP084166	2341	0.4264705882352941	0.23649906890130354	1
TPR_1_CAS-III-B	CP084166_491	188	537	2.1e-05	20.7	618299	618862	CP084166	491	0.6914893617021277	0.22346368715083798	-1
TPR_1_CAS-III-B	CP084166_500	642	537	0.0019	14.3	633494	635419	CP084166	500	0.1838006230529595	0.16759776536312848	-1
TPR_1_CAS-III-B	CP084166_521	498	537	0.00016	17.8	664020	665513	CP084166	521	0.26506024096385544	0.24022346368715083	1
TPR_1_CAS-III-B	CP084166_650	531	537	0.019	11.0	797279	798871	CP084166	650	0.3785310734463277	0.260707635009311	1
TniQ_1_I-F	CP084166_13	78	400	0.00066	16.1	11239	11472	CP084166	13	0.8846153846153846	0.175	1
TnpB_0_Competitive	CP084166_1207	107	400	0.0052	13.0	1439384	1439704	CP084166	1207	0.5887850467289719	0.1675	-1
TnpB_1_Competitive	CP084166_1207	107	409	0.0016	14.5	1439384	1439704	CP084166	1207	0.5420560747663551	0.14425427872860636	-1
TnpB_1_Competitive	CP084166_1349	156	409	2.4e-05	20.6	1589708	1590175	CP084166	1349	0.3525641025641026	0.13691931540342298	-1
TnpB_1_Competitive	CP084166_138	156	409	5e-05	19.5	184788	185255	CP084166	138	0.33974358974358976	0.13202933985330073	1
TnpB_1_Competitive	CP084166_1388	433	409	8.3e-16	55.0	1630247	1631545	CP084166	1388	0.5196304849884527	0.508557457212714	-1
TnpB_1_Competitive	CP084166_1638	485	409	0.00032	16.8	1858288	1859742	CP084166	1638	0.36082474226804123	0.38875305623471884	-1
TnpB_1_Competitive	CP084166_2255	450	409	3.2000000000000003e-22	76.1	2585758	2587107	CP084166	2255	0.5466666666666666	0.5354523227383863	-1
TnpB_1_Competitive	CP084166_2270	449	409	1.2e-22	77.5	2602957	2604303	CP084166	2270	0.5478841870824054	0.5330073349633252	1
TnpB_1_Competitive	CP084166_2278	399	409	2.6e-05	20.4	2616245	2617441	CP084166	2278	0.37593984962406013	0.34474327628361856	-1
TnpB_1_Competitive	CP084166_28	156	409	0.00019	17.6	28054	28521	CP084166	28	0.3333333333333333	0.1295843520782396	1
TnpB_1_Competitive	CP084166_758	487	409	0.00035	16.7	921666	923126	CP084166	758	0.3470225872689938	0.4083129584352078	1
Unk_02_0_CAS-III-A-III-B	CP084166_1614	625	261	0.0024	14.5	1833567	1835441	CP084166	1614	0.4112	0.7586206896551724	-1
htpX_0_CAS-III-B	CP084166_2643	599	343	1.6e-10	37.9	3039196	3040992	CP084166	2643	0.2337228714524207	0.446064139941691	1
