Contig	Start	End	Strand	Pos
JAEYSH010000001	3	578	-1	1
JAEYSH010000001	586	1437	-1	2
JAEYSH010000001	1558	2199	-1	3
JAEYSH010000001	2331	2684	-1	4
JAEYSH010000001	2871	3962	-1	5
JAEYSH010000001	3963	4892	-1	6
JAEYSH010000001	5122	5835	-1	7
JAEYSH010000001	5871	6578	-1	8
JAEYSH010000001	6826	7530	-1	9
JAEYSH010000001	7653	8111	-1	10
JAEYSH010000001	8121	9323	-1	11
JAEYSH010000001	9376	9774	-1	12
JAEYSH010000002	117	1142	1	1
JAEYSH010000002	1234	1821	-1	2
JAEYSH010000002	1814	2794	-1	3
JAEYSH010000002	3197	3649	1	4
JAEYSH010000002	3686	4246	-1	5
JAEYSH010000002	4291	5664	-1	6
JAEYSH010000002	5938	7491	1	7
JAEYSH010000002	7488	7874	1	8
JAEYSH010000002	7898	8251	-1	9
JAEYSH010000002	8290	10695	-1	10
JAEYSH010000003	241	516	-1	1
JAEYSH010000003	618	1046	1	2
JAEYSH010000003	1093	1386	-1	3
JAEYSH010000003	1726	2091	1	4
JAEYSH010000003	2193	2696	-1	5
JAEYSH010000003	2969	3889	1	6
JAEYSH010000004	468	875	1	1
JAEYSH010000004	916	1509	1	2
JAEYSH010000004	1516	1764	1	3
JAEYSH010000004	1939	4062	1	4
JAEYSH010000004	4124	4879	-1	5
JAEYSH010000004	5387	5731	-1	6
JAEYSH010000004	5823	6173	-1	7
JAEYSH010000004	6203	6487	-1	8
JAEYSH010000004	6688	7020	1	9
JAEYSH010000004	7017	7808	1	10
JAEYSH010000004	7877	8368	-1	11
JAEYSH010000004	8483	8764	-1	12
JAEYSH010000004	8971	10089	1	13
JAEYSH010000004	10090	10395	-1	14
JAEYSH010000005	2	1123	-1	1
JAEYSH010000005	1210	2085	-1	2
JAEYSH010000005	2650	3078	1	3
JAEYSH010000005	3259	3900	1	4
JAEYSH010000005	3909	4565	-1	5
JAEYSH010000005	4793	4948	1	6
JAEYSH010000005	4963	6993	-1	7
JAEYSH010000005	7053	7727	-1	8
JAEYSH010000005	7762	8025	-1	9
JAEYSH010000005	8441	8827	1	10
JAEYSH010000005	8978	9736	-1	11
JAEYSH010000005	9778	10545	-1	12
JAEYSH010000005	10520	11254	-1	13
JAEYSH010000005	11649	12266	1	14
JAEYSH010000005	12312	13571	-1	15
JAEYSH010000005	13671	14297	-1	16
JAEYSH010000005	14354	14590	-1	17
JAEYSH010000005	14611	15063	-1	18
JAEYSH010000005	15144	16166	-1	19
JAEYSH010000005	16687	17037	1	20
JAEYSH010000006	86	1318	1	1
JAEYSH010000006	1612	2424	1	2
JAEYSH010000006	2504	3055	1	3
JAEYSH010000006	3099	3653	-1	4
JAEYSH010000006	3754	4179	1	5
JAEYSH010000006	4191	4919	-1	6
JAEYSH010000006	4999	5199	-1	7
JAEYSH010000006	5372	5971	1	8
JAEYSH010000006	6013	6771	1	9
JAEYSH010000006	6934	7827	1	10
JAEYSH010000006	7852	8463	-1	11
JAEYSH010000006	8559	9515	1	12
JAEYSH010000006	9698	9781	1	13
JAEYSH010000007	1	81	-1	1
JAEYSH010000007	258	1274	-1	2
JAEYSH010000007	1271	1807	-1	3
JAEYSH010000007	2026	2955	-1	4
JAEYSH010000007	3105	4163	-1	5
JAEYSH010000007	4153	5754	-1	6
JAEYSH010000007	5809	6375	-1	7
JAEYSH010000007	6424	7200	-1	8
JAEYSH010000008	91	285	-1	1
JAEYSH010000008	3006	3743	1	2
JAEYSH010000008	4079	5806	-1	3
JAEYSH010000008	5821	6315	-1	4
JAEYSH010000008	6334	6720	-1	5
JAEYSH010000008	6937	7098	1	6
JAEYSH010000008	7105	8910	1	7
JAEYSH010000009	3	644	1	1
JAEYSH010000009	859	1383	1	2
JAEYSH010000009	1442	2431	1	3
JAEYSH010000009	2435	2890	1	4
JAEYSH010000009	3155	3667	-1	5
JAEYSH010000009	3901	4866	-1	6
JAEYSH010000009	5080	5751	1	7
JAEYSH010000009	5796	7376	-1	8
JAEYSH010000009	7946	9100	-1	9
JAEYSH010000009	9372	9644	-1	10
JAEYSH010000009	9802	10155	1	11
JAEYSH010000009	10148	10597	-1	12
JAEYSH010000009	10677	11861	-1	13
JAEYSH010000009	11866	12897	-1	14
JAEYSH010000009	12938	13474	-1	15
JAEYSH010000009	14024	14242	1	16
JAEYSH010000010	2	493	1	1
JAEYSH010000010	726	1154	1	2
JAEYSH010000010	1246	1623	1	3
JAEYSH010000010	1610	3727	1	4
JAEYSH010000011	88	612	1	1
JAEYSH010000011	651	3701	1	2
JAEYSH010000011	3784	5874	1	3
JAEYSH010000011	5894	6478	1	4
JAEYSH010000011	6497	7018	1	5
JAEYSH010000011	7216	7662	-1	6
JAEYSH010000011	7730	8185	-1	7
JAEYSH010000011	8226	8828	-1	8
JAEYSH010000011	8839	9585	-1	9
JAEYSH010000011	9595	10254	-1	10
JAEYSH010000011	10263	11057	-1	11
JAEYSH010000012	314	514	1	1
JAEYSH010000012	520	1254	-1	2
JAEYSH010000012	1262	1936	-1	3
JAEYSH010000012	2003	2758	-1	4
JAEYSH010000012	2928	4202	-1	5
JAEYSH010000012	4328	4987	-1	6
JAEYSH010000012	5086	5709	-1	7
JAEYSH010000012	5819	6310	-1	8
JAEYSH010000012	6329	7315	-1	9
JAEYSH010000012	7405	8928	-1	10
JAEYSH010000012	8999	9547	1	11
JAEYSH010000012	9589	10089	-1	12
JAEYSH010000012	10198	10437	1	13
JAEYSH010000012	10452	11141	-1	14
JAEYSH010000012	11236	11910	-1	15
JAEYSH010000012	12024	13040	-1	16
JAEYSH010000012	13106	14104	-1	17
JAEYSH010000013	2	211	-1	1
JAEYSH010000013	234	419	-1	2
JAEYSH010000013	429	707	-1	3
JAEYSH010000013	910	1755	-1	4
JAEYSH010000013	1824	2558	-1	5
JAEYSH010000013	2620	3138	-1	6
JAEYSH010000013	3167	3481	-1	7
JAEYSH010000013	3660	4079	-1	8
JAEYSH010000013	4100	4696	-1	9
JAEYSH010000013	4720	4983	-1	10
JAEYSH010000013	5137	7785	-1	11
JAEYSH010000013	7920	8489	-1	12
JAEYSH010000013	8692	9675	-1	13
JAEYSH010000013	9697	10263	-1	14
JAEYSH010000013	10451	11782	1	15
JAEYSH010000013	11857	13080	1	16
JAEYSH010000013	13519	13812	1	17
JAEYSH010000013	13818	14147	1	18
JAEYSH010000013	14338	14916	1	19
JAEYSH010000013	14974	15804	1	20
JAEYSH010000013	15838	16149	1	21
JAEYSH010000013	16162	16458	1	22
JAEYSH010000013	16502	16759	1	23
JAEYSH010000014	368	856	1	1
JAEYSH010000014	961	1338	-1	2
JAEYSH010000014	1367	2797	-1	3
JAEYSH010000014	3407	4513	1	4
JAEYSH010000014	4541	5014	1	5
JAEYSH010000014	5060	5368	1	6
JAEYSH010000014	5385	5687	-1	7
JAEYSH010000014	5784	5849	1	8
JAEYSH010000015	2	790	-1	1
JAEYSH010000015	808	1092	-1	2
JAEYSH010000015	1204	1440	1	3
JAEYSH010000015	1471	1869	1	4
JAEYSH010000015	2541	5960	-1	5
JAEYSH010000016	2	244	1	1
JAEYSH010000016	528	2201	-1	2
JAEYSH010000017	1	444	1	1
JAEYSH010000017	441	1613	1	2
JAEYSH010000017	1610	2419	1	3
JAEYSH010000017	2429	3502	1	4
JAEYSH010000017	3969	4529	-1	5
JAEYSH010000017	4534	4827	-1	6
JAEYSH010000017	5030	5308	-1	7
JAEYSH010000018	3	113	1	1
JAEYSH010000018	386	1156	-1	2
JAEYSH010000018	1190	2458	-1	3
JAEYSH010000018	2588	3019	1	4
JAEYSH010000018	3171	3308	1	5
JAEYSH010000018	3438	4601	1	6
JAEYSH010000018	4795	5154	1	7
JAEYSH010000018	5186	5446	1	8
JAEYSH010000018	5394	5588	1	9
JAEYSH010000018	5758	6822	-1	10
JAEYSH010000018	6963	7820	1	11
JAEYSH010000018	8321	8632	1	12
JAEYSH010000018	8767	9537	1	13
JAEYSH010000018	9844	10419	1	14
JAEYSH010000019	3	419	1	1
JAEYSH010000019	438	698	1	2
JAEYSH010000019	760	1485	1	3
JAEYSH010000019	1541	1951	1	4
JAEYSH010000019	1964	2425	1	5
JAEYSH010000019	2432	3319	1	6
JAEYSH010000019	3348	3554	1	7
JAEYSH010000019	3560	3865	1	8
JAEYSH010000019	3948	4232	1	9
JAEYSH010000019	4237	4557	1	10
JAEYSH010000019	4560	4958	1	11
JAEYSH010000019	4979	5332	1	12
JAEYSH010000019	5334	6062	1	13
JAEYSH010000019	6063	6569	1	14
JAEYSH010000019	6781	7170	1	15
JAEYSH010000019	7185	7718	1	16
JAEYSH010000019	7731	8066	1	17
JAEYSH010000019	8189	8635	1	18
JAEYSH010000019	8652	9230	1	19
JAEYSH010000019	9233	9871	1	20
JAEYSH010000019	9881	10339	1	21
JAEYSH010000019	10363	10800	1	22
JAEYSH010000019	10827	12167	1	23
JAEYSH010000019	12179	12736	1	24
JAEYSH010000019	12764	13330	1	25
JAEYSH010000019	13533	13802	1	26
JAEYSH010000019	13799	14332	1	27
JAEYSH010000020	2	70	1	1
JAEYSH010000020	67	156	1	2
JAEYSH010000020	247	498	1	3
JAEYSH010000020	602	1165	1	4
JAEYSH010000020	1158	1292	1	5
JAEYSH010000020	1582	1848	1	6
JAEYSH010000020	2238	4304	-1	7
JAEYSH010000020	4536	4772	-1	8
JAEYSH010000020	4923	6212	1	9
JAEYSH010000020	6272	6634	1	10
JAEYSH010000020	6661	7701	-1	11
JAEYSH010000020	8125	8280	1	12
JAEYSH010000020	8281	9186	-1	13
JAEYSH010000020	9237	9896	-1	14
JAEYSH010000020	10015	11076	-1	15
JAEYSH010000021	3	353	1	1
JAEYSH010000021	573	1301	1	2
JAEYSH010000021	1597	2574	-1	3
JAEYSH010000021	2858	3514	-1	4
JAEYSH010000022	2	766	1	1
JAEYSH010000022	899	1825	1	2
JAEYSH010000022	2367	2534	1	3
JAEYSH010000022	2759	3274	1	4
JAEYSH010000022	3757	5556	1	5
JAEYSH010000023	2	70	-1	1
JAEYSH010000023	338	658	-1	2
JAEYSH010000023	648	2984	-1	3
JAEYSH010000024	3	992	-1	1
JAEYSH010000024	1218	1724	1	2
JAEYSH010000024	1868	2347	1	3
JAEYSH010000024	2486	3508	-1	4
JAEYSH010000024	3754	6000	1	5
JAEYSH010000024	6054	7229	-1	6
JAEYSH010000024	7263	8858	-1	7
JAEYSH010000024	8894	9649	-1	8
JAEYSH010000024	9807	10286	-1	9
JAEYSH010000024	10403	11098	-1	10
JAEYSH010000024	11168	11662	-1	11
JAEYSH010000024	11708	12229	-1	12
JAEYSH010000024	12385	13086	1	13
JAEYSH010000024	13117	13281	1	14
JAEYSH010000024	13295	14059	-1	15
JAEYSH010000024	14077	15615	-1	16
JAEYSH010000024	15768	16166	1	17
JAEYSH010000024	16233	16559	1	18
JAEYSH010000024	16589	17884	1	19
JAEYSH010000024	17992	18150	-1	20
JAEYSH010000024	18310	18579	1	21
JAEYSH010000024	18627	19043	1	22
JAEYSH010000024	19046	19594	1	23
JAEYSH010000024	19614	20429	-1	24
JAEYSH010000024	20589	21224	1	25
JAEYSH010000024	21432	21608	1	26
JAEYSH010000024	21975	22406	-1	27
JAEYSH010000024	22418	22912	-1	28
JAEYSH010000024	22925	23791	-1	29
JAEYSH010000024	23793	24944	-1	30
JAEYSH010000024	24945	25187	-1	31
JAEYSH010000024	25192	25725	-1	32
JAEYSH010000024	25985	27553	1	33
JAEYSH010000024	27571	28497	1	34
JAEYSH010000024	28494	28703	1	35
JAEYSH010000024	28783	29868	1	36
JAEYSH010000024	29890	30750	1	37
JAEYSH010000024	31125	34304	1	38
JAEYSH010000025	111	1052	1	1
JAEYSH010000025	1129	1779	-1	2
JAEYSH010000025	1891	2910	1	3
JAEYSH010000025	3101	3355	1	4
JAEYSH010000025	3473	4060	-1	5
JAEYSH010000025	4099	4800	-1	6
JAEYSH010000026	226	516	1	1
JAEYSH010000026	567	1232	1	2
JAEYSH010000026	1303	2370	1	3
JAEYSH010000026	2566	2841	1	4
JAEYSH010000026	2838	3773	1	5
JAEYSH010000026	3894	4709	1	6
JAEYSH010000027	161	2893	1	1
JAEYSH010000027	2914	3342	1	2
JAEYSH010000027	3354	4235	-1	3
JAEYSH010000027	4347	5582	-1	4
JAEYSH010000027	5584	7734	-1	5
JAEYSH010000027	8204	9151	1	6
JAEYSH010000027	9609	10883	-1	7
JAEYSH010000027	10960	11232	-1	8
JAEYSH010000027	11362	11766	1	9
JAEYSH010000027	11781	12164	-1	10
JAEYSH010000027	12258	12875	-1	11
JAEYSH010000027	13990	14775	-1	12
JAEYSH010000027	14777	15523	-1	13
JAEYSH010000027	15555	16151	-1	14
JAEYSH010000027	16239	16310	-1	15
JAEYSH010000028	344	1003	-1	1
JAEYSH010000028	1005	1376	-1	2
JAEYSH010000028	1573	2430	1	3
JAEYSH010000028	2461	5091	1	4
JAEYSH010000028	5150	5965	-1	5
JAEYSH010000028	6126	6479	1	6
JAEYSH010000028	6601	8187	-1	7
JAEYSH010000028	8339	10234	-1	8
JAEYSH010000028	10673	10837	-1	9
JAEYSH010000028	11148	12674	1	10
JAEYSH010000028	12719	13174	-1	11
JAEYSH010000028	13179	14195	-1	12
JAEYSH010000028	14574	15620	1	13
JAEYSH010000028	15735	16775	1	14
JAEYSH010000029	2	202	-1	1
JAEYSH010000029	413	637	-1	2
JAEYSH010000029	926	1093	1	3
JAEYSH010000029	1289	1567	1	4
JAEYSH010000029	1768	2274	1	5
JAEYSH010000029	2411	2656	-1	6
JAEYSH010000029	2808	3509	-1	7
JAEYSH010000029	3612	4388	-1	8
JAEYSH010000029	4400	4609	-1	9
JAEYSH010000029	4638	6137	-1	10
JAEYSH010000029	6445	7830	-1	11
JAEYSH010000029	7912	8706	1	12
JAEYSH010000029	9159	9833	1	13
JAEYSH010000029	9830	10129	1	14
JAEYSH010000029	10205	11005	1	15
JAEYSH010000029	11177	11596	1	16
JAEYSH010000029	11753	11890	-1	17
JAEYSH010000029	11972	12211	-1	18
JAEYSH010000029	12371	13120	1	19
JAEYSH010000029	13198	13548	-1	20
JAEYSH010000029	13753	13974	-1	21
JAEYSH010000029	14368	14580	-1	22
JAEYSH010000029	14797	15285	1	23
JAEYSH010000029	15439	15717	-1	24
JAEYSH010000029	15821	16246	-1	25
JAEYSH010000029	16555	18696	1	26
JAEYSH010000029	18874	19506	1	27
JAEYSH010000029	19519	19935	-1	28
JAEYSH010000029	20242	20835	1	29
JAEYSH010000029	20938	21645	1	30
JAEYSH010000029	21650	22114	1	31
JAEYSH010000029	22141	22833	1	32
JAEYSH010000029	22850	23185	1	33
JAEYSH010000029	23210	23893	-1	34
JAEYSH010000029	24096	24293	1	35
JAEYSH010000029	24342	25403	1	36
JAEYSH010000029	25416	25676	1	37
JAEYSH010000029	25696	26529	1	38
JAEYSH010000029	26546	26824	-1	39
JAEYSH010000029	26885	28126	-1	40
JAEYSH010000029	28179	28739	-1	41
JAEYSH010000029	29093	29587	1	42
JAEYSH010000029	29716	30420	1	43
JAEYSH010000029	30590	30853	1	44
JAEYSH010000029	31093	31554	1	45
JAEYSH010000029	31604	31930	-1	46
JAEYSH010000029	31946	32770	-1	47
JAEYSH010000029	32773	33453	-1	48
JAEYSH010000029	33646	35292	1	49
JAEYSH010000029	35377	35838	1	50
JAEYSH010000029	36439	37590	1	51
JAEYSH010000030	2	172	1	1
JAEYSH010000030	204	1286	-1	2
JAEYSH010000030	1308	1733	-1	3
JAEYSH010000030	1790	2149	-1	4
JAEYSH010000030	2445	5117	1	5
JAEYSH010000030	5126	6403	1	6
JAEYSH010000030	6435	6920	1	7
JAEYSH010000030	6952	7902	1	8
JAEYSH010000030	7862	8494	1	9
JAEYSH010000030	8600	9064	1	10
JAEYSH010000030	9160	9342	-1	11
JAEYSH010000031	2	1639	1	1
JAEYSH010000031	1636	1950	1	2
JAEYSH010000031	1965	2318	1	3
JAEYSH010000031	2302	3549	1	4
JAEYSH010000031	3728	5758	1	5
JAEYSH010000031	5829	5921	-1	6
JAEYSH010000031	6118	6855	1	7
JAEYSH010000031	6869	7528	-1	8
JAEYSH010000031	7652	8581	1	9
JAEYSH010000031	8593	9474	-1	10
JAEYSH010000031	9615	10223	1	11
JAEYSH010000031	10251	10436	-1	12
JAEYSH010000032	153	2105	1	1
JAEYSH010000032	2185	2562	1	2
JAEYSH010000032	2715	3554	-1	3
JAEYSH010000032	3681	4151	-1	4
JAEYSH010000032	4464	4721	1	5
JAEYSH010000032	5231	5479	1	6
JAEYSH010000033	1	459	-1	1
JAEYSH010000033	688	1017	1	2
JAEYSH010000033	1014	1787	1	3
JAEYSH010000033	1889	2617	1	4
JAEYSH010000033	2681	3109	1	5
JAEYSH010000033	3353	3847	1	6
JAEYSH010000034	1	357	-1	1
JAEYSH010000034	639	1649	1	2
JAEYSH010000034	1653	2501	-1	3
JAEYSH010000034	2843	3640	1	4
JAEYSH010000035	3	95	-1	1
JAEYSH010000035	221	511	1	2
JAEYSH010000035	554	646	-1	3
JAEYSH010000035	683	1882	-1	4
JAEYSH010000035	1918	2352	-1	5
JAEYSH010000035	2362	2586	-1	6
JAEYSH010000035	2583	3257	-1	7
JAEYSH010000035	3268	3513	-1	8
JAEYSH010000035	3715	4314	-1	9
JAEYSH010000035	4311	4646	-1	10
JAEYSH010000035	4678	5115	-1	11
JAEYSH010000035	5121	5384	-1	12
JAEYSH010000035	5347	5718	-1	13
JAEYSH010000035	6396	6938	-1	14
JAEYSH010000035	6941	7732	-1	15
JAEYSH010000035	7782	8876	-1	16
JAEYSH010000035	9187	9567	1	17
JAEYSH010000035	9645	12071	-1	18
JAEYSH010000035	12619	12885	1	19
JAEYSH010000035	12903	13085	-1	20
JAEYSH010000035	13266	15398	-1	21
JAEYSH010000035	15791	16318	1	22
JAEYSH010000035	16340	16945	1	23
JAEYSH010000035	17058	17288	1	24
JAEYSH010000035	17307	17738	-1	25
JAEYSH010000035	17895	19898	1	26
JAEYSH010000035	20025	20432	1	27
JAEYSH010000035	20474	21223	1	28
JAEYSH010000036	1	177	-1	1
JAEYSH010000036	482	1042	1	2
JAEYSH010000036	1096	1878	1	3
JAEYSH010000036	2013	3092	1	4
JAEYSH010000036	3122	4345	1	5
JAEYSH010000036	4350	4868	1	6
JAEYSH010000036	4982	5215	1	7
JAEYSH010000036	5259	5672	1	8
JAEYSH010000036	5714	6709	-1	9
JAEYSH010000036	6928	8256	-1	10
JAEYSH010000036	8713	8940	-1	11
JAEYSH010000037	2	1753	1	1
JAEYSH010000037	1801	1989	1	2
JAEYSH010000037	2057	3208	1	3
JAEYSH010000037	3237	3683	1	4
JAEYSH010000037	3785	4231	1	5
JAEYSH010000037	4286	5122	1	6
JAEYSH010000037	5124	5546	1	7
JAEYSH010000037	5547	6602	-1	8
JAEYSH010000037	6626	7270	-1	9
JAEYSH010000037	7378	7860	-1	10
JAEYSH010000037	7941	8489	-1	11
JAEYSH010000037	8766	9605	-1	12
JAEYSH010000037	9712	10392	1	13
JAEYSH010000037	10398	11258	-1	14
JAEYSH010000037	11367	12140	-1	15
JAEYSH010000037	12299	12862	1	16
JAEYSH010000037	13084	13512	1	17
JAEYSH010000038	2	310	-1	1
JAEYSH010000038	404	964	-1	2
JAEYSH010000038	1048	1683	-1	3
JAEYSH010000038	1862	3292	-1	4
JAEYSH010000038	3479	4240	-1	5
JAEYSH010000038	4709	5008	-1	6
JAEYSH010000038	5100	5582	1	7
JAEYSH010000038	5618	6634	1	8
JAEYSH010000038	6739	7632	1	9
JAEYSH010000038	7891	8619	1	10
JAEYSH010000038	8622	8801	-1	11
JAEYSH010000038	8825	10747	-1	12
JAEYSH010000038	10844	12313	1	13
JAEYSH010000038	12306	12569	-1	14
JAEYSH010000038	12675	13856	-1	15
JAEYSH010000038	13952	14674	1	16
JAEYSH010000038	14725	15402	1	17
JAEYSH010000038	15673	15987	1	18
JAEYSH010000038	16010	16270	1	19
JAEYSH010000038	16272	16544	1	20
JAEYSH010000038	16541	16777	1	21
JAEYSH010000038	16806	17210	1	22
JAEYSH010000038	17207	18700	1	23
JAEYSH010000038	18734	19072	1	24
JAEYSH010000038	19065	19349	1	25
JAEYSH010000038	19346	19816	1	26
JAEYSH010000038	19813	20061	1	27
JAEYSH010000038	20192	21553	1	28
JAEYSH010000038	21550	22044	1	29
JAEYSH010000038	22079	22525	1	30
JAEYSH010000038	22583	23743	1	31
JAEYSH010000038	23807	24811	1	32
JAEYSH010000038	24936	25196	1	33
JAEYSH010000038	25225	25872	-1	34
JAEYSH010000038	25933	26703	-1	35
JAEYSH010000038	26714	27265	-1	36
JAEYSH010000038	27409	27978	-1	37
JAEYSH010000038	28027	28164	-1	38
JAEYSH010000038	28303	28584	1	39
JAEYSH010000038	28610	28762	-1	40
JAEYSH010000038	28817	30106	-1	41
JAEYSH010000038	30103	30708	-1	42
JAEYSH010000038	30705	33482	-1	43
JAEYSH010000038	33482	34711	-1	44
JAEYSH010000038	34811	35692	-1	45
JAEYSH010000038	35694	36311	-1	46
JAEYSH010000038	36434	36820	-1	47
JAEYSH010000038	36950	37411	1	48
JAEYSH010000038	37422	38018	1	49
JAEYSH010000038	38030	38842	1	50
JAEYSH010000038	38907	39563	1	51
JAEYSH010000038	39572	39856	-1	52
JAEYSH010000038	40050	40370	-1	53
JAEYSH010000038	40395	40697	-1	54
JAEYSH010000038	40736	41035	-1	55
JAEYSH010000038	41307	42620	1	56
JAEYSH010000038	42709	42903	1	57
JAEYSH010000038	42913	43128	1	58
JAEYSH010000038	43142	43462	1	59
JAEYSH010000038	43471	44301	-1	60
JAEYSH010000038	44519	44797	-1	61
JAEYSH010000038	44939	46228	-1	62
JAEYSH010000038	46438	47469	-1	63
JAEYSH010000038	47553	47933	1	64
JAEYSH010000038	47944	48516	1	65
JAEYSH010000038	48575	49057	1	66
JAEYSH010000038	49076	49777	1	67
JAEYSH010000038	49789	50355	1	68
JAEYSH010000038	50352	51164	1	69
JAEYSH010000038	51245	52186	1	70
JAEYSH010000038	52203	53045	1	71
JAEYSH010000038	53079	53903	1	72
JAEYSH010000038	53942	55156	1	73
JAEYSH010000038	55269	56105	1	74
JAEYSH010000038	56098	56784	1	75
JAEYSH010000038	56970	57518	1	76
JAEYSH010000038	57631	58200	1	77
JAEYSH010000038	58297	58977	1	78
JAEYSH010000038	59358	59855	1	79
JAEYSH010000038	59876	61024	1	80
JAEYSH010000038	61039	61179	-1	81
JAEYSH010000038	61190	61855	-1	82
JAEYSH010000038	61888	62232	-1	83
JAEYSH010000038	62244	63455	-1	84
JAEYSH010000038	63506	64408	1	85
JAEYSH010000038	64423	65217	1	86
JAEYSH010000038	65230	66549	-1	87
JAEYSH010000038	66720	67796	1	88
JAEYSH010000038	67850	68287	-1	89
JAEYSH010000038	68447	68854	-1	90
JAEYSH010000038	69032	69340	-1	91
JAEYSH010000038	70311	71306	1	92
JAEYSH010000039	79	957	1	1
JAEYSH010000039	1058	1342	1	2
JAEYSH010000039	1448	1876	1	3
JAEYSH010000039	1976	2542	1	4
JAEYSH010000039	2536	2856	1	5
JAEYSH010000040	2	1114	-1	1
JAEYSH010000040	1357	2001	1	2
JAEYSH010000040	2026	2817	-1	3
JAEYSH010000041	3	368	1	1
JAEYSH010000041	399	1142	-1	2
JAEYSH010000041	1169	2356	-1	3
JAEYSH010000041	2356	4428	-1	4
JAEYSH010000041	4471	5172	-1	5
JAEYSH010000041	5461	7260	1	6
JAEYSH010000041	7262	7840	-1	7
JAEYSH010000041	7871	8218	-1	8
JAEYSH010000041	8601	9212	-1	9
JAEYSH010000041	9375	10199	1	10
JAEYSH010000041	10234	10725	1	11
JAEYSH010000041	11341	12768	1	12
JAEYSH010000041	12794	12949	-1	13
JAEYSH010000041	13086	13691	1	14
JAEYSH010000041	13800	14489	1	15
JAEYSH010000041	14621	15202	1	16
JAEYSH010000041	15290	15508	1	17
JAEYSH010000041	15610	16536	1	18
JAEYSH010000041	16540	16734	-1	19
JAEYSH010000041	16842	17822	1	20
JAEYSH010000041	17831	18241	-1	21
JAEYSH010000041	18243	19628	-1	22
JAEYSH010000041	19673	20011	-1	23
JAEYSH010000041	20121	20774	1	24
JAEYSH010000041	20783	21400	-1	25
JAEYSH010000041	21566	22150	1	26
JAEYSH010000041	22219	23871	-1	27
JAEYSH010000041	24006	24431	-1	28
JAEYSH010000041	24606	25781	1	29
JAEYSH010000041	25841	26002	1	30
JAEYSH010000041	26400	27689	1	31
JAEYSH010000041	27716	28585	1	32
JAEYSH010000041	28606	29250	-1	33
JAEYSH010000041	29454	29801	-1	34
JAEYSH010000041	30042	31106	-1	35
JAEYSH010000041	31167	31685	-1	36
JAEYSH010000041	31999	33123	1	37
JAEYSH010000042	352	1266	-1	1
JAEYSH010000042	1787	2533	1	2
JAEYSH010000042	2696	3376	1	3
JAEYSH010000042	3388	4617	1	4
JAEYSH010000042	5126	5512	1	5
JAEYSH010000042	5451	5684	1	6
JAEYSH010000042	5732	7225	1	7
JAEYSH010000042	7238	9052	1	8
JAEYSH010000042	9094	11199	1	9
JAEYSH010000043	1	600	-1	1
JAEYSH010000043	825	1250	1	2
JAEYSH010000043	1258	3180	-1	3
JAEYSH010000043	3492	4238	-1	4
JAEYSH010000043	4242	4967	-1	5
JAEYSH010000043	5264	5581	1	6
JAEYSH010000043	5773	6219	-1	7
JAEYSH010000043	6330	7358	-1	8
JAEYSH010000043	7478	7948	-1	9
JAEYSH010000043	7977	8438	-1	10
JAEYSH010000043	8463	8756	-1	11
JAEYSH010000043	8905	9693	-1	12
JAEYSH010000043	10216	11139	-1	13
JAEYSH010000043	11493	12281	-1	14
JAEYSH010000043	12567	13343	1	15
JAEYSH010000043	13373	13672	1	16
JAEYSH010000043	13676	14668	-1	17
JAEYSH010000043	14721	15707	-1	18
JAEYSH010000043	15859	16380	-1	19
JAEYSH010000043	16361	18091	-1	20
JAEYSH010000043	18274	19584	1	21
JAEYSH010000043	19766	20668	1	22
JAEYSH010000043	20941	21486	1	23
JAEYSH010000043	21884	22405	1	24
JAEYSH010000043	22424	24382	-1	25
JAEYSH010000043	24547	24963	-1	26
JAEYSH010000043	25017	26672	-1	27
JAEYSH010000043	26993	28234	1	28
JAEYSH010000043	28406	30238	1	29
JAEYSH010000043	30274	30513	-1	30
JAEYSH010000043	30898	31668	1	31
JAEYSH010000043	31670	32026	1	32
JAEYSH010000043	32322	33437	-1	33
JAEYSH010000043	33800	34174	1	34
JAEYSH010000044	2	424	1	1
JAEYSH010000044	459	2096	1	2
JAEYSH010000044	2192	3319	1	3
JAEYSH010000044	3399	3752	1	4
JAEYSH010000044	3776	4615	1	5
JAEYSH010000045	3	500	-1	1
JAEYSH010000045	519	755	-1	2
JAEYSH010000045	774	1547	-1	3
JAEYSH010000045	1684	2163	1	4
JAEYSH010000045	2319	4283	1	5
JAEYSH010000046	3	1133	1	1
JAEYSH010000046	1203	1721	-1	2
JAEYSH010000046	3805	4527	-1	3
JAEYSH010000046	5139	5681	1	4
JAEYSH010000046	5804	7039	1	5
JAEYSH010000046	7166	10036	1	6
JAEYSH010000047	2	145	1	1
JAEYSH010000047	171	587	1	2
JAEYSH010000047	604	1062	1	3
JAEYSH010000047	1083	1916	1	4
JAEYSH010000047	2001	2906	-1	5
JAEYSH010000047	2999	3373	1	6
JAEYSH010000047	3469	3612	1	7
JAEYSH010000047	3654	4589	-1	8
JAEYSH010000047	4658	7033	-1	9
JAEYSH010000047	7253	8512	1	10
JAEYSH010000047	8521	9021	1	11
JAEYSH010000047	9085	10074	1	12
JAEYSH010000047	10100	11305	1	13
JAEYSH010000047	11619	12029	1	14
JAEYSH010000047	12112	13044	1	15
JAEYSH010000047	13089	14816	-1	16
JAEYSH010000047	14933	15958	1	17
JAEYSH010000047	16034	17404	1	18
JAEYSH010000047	17420	18319	-1	19
JAEYSH010000047	18510	19517	-1	20
JAEYSH010000047	19799	20824	-1	21
JAEYSH010000047	20861	21310	-1	22
JAEYSH010000047	21279	21680	-1	23
JAEYSH010000047	21902	24766	-1	24
JAEYSH010000047	24812	25123	-1	25
JAEYSH010000047	25135	25824	-1	26
JAEYSH010000048	53	868	-1	1
JAEYSH010000048	991	1506	-1	2
JAEYSH010000048	1880	2449	-1	3
JAEYSH010000048	2529	3353	-1	4
JAEYSH010000048	3541	4113	-1	5
JAEYSH010000048	4576	5490	-1	6
JAEYSH010000048	5536	6156	-1	7
JAEYSH010000048	6204	7112	-1	8
JAEYSH010000048	7199	7711	-1	9
JAEYSH010000048	8319	8486	-1	10
JAEYSH010000048	8525	8998	-1	11
JAEYSH010000048	9361	10404	-1	12
JAEYSH010000048	10466	11626	-1	13
JAEYSH010000048	11676	12497	-1	14
JAEYSH010000048	12556	13449	-1	15
JAEYSH010000048	13446	14669	-1	16
JAEYSH010000048	14689	14880	-1	17
JAEYSH010000048	14873	15178	-1	18
JAEYSH010000048	15212	16078	-1	19
JAEYSH010000048	16313	17209	-1	20
JAEYSH010000049	2	625	1	1
JAEYSH010000049	642	1109	1	2
JAEYSH010000049	1132	1659	-1	3
JAEYSH010000049	1677	3017	-1	4
JAEYSH010000049	3073	4221	-1	5
JAEYSH010000049	4218	4391	-1	6
JAEYSH010000049	5128	5934	1	7
JAEYSH010000049	6335	6928	1	8
JAEYSH010000049	6938	7852	1	9
JAEYSH010000049	7877	8149	-1	10
JAEYSH010000049	8377	9207	1	11
JAEYSH010000049	9345	10154	1	12
JAEYSH010000049	10218	11090	1	13
JAEYSH010000049	11090	11944	1	14
JAEYSH010000049	11946	12701	1	15
JAEYSH010000049	12760	13416	1	16
JAEYSH010000049	13656	14027	1	17
JAEYSH010000049	14061	14900	-1	18
JAEYSH010000049	14953	16083	-1	19
JAEYSH010000049	16154	16681	-1	20
JAEYSH010000050	108	242	-1	1
JAEYSH010000050	593	1414	-1	2
JAEYSH010000050	2071	4194	-1	3
JAEYSH010000050	4227	4667	-1	4
JAEYSH010000050	4670	4984	-1	5
JAEYSH010000050	5111	5671	1	6
JAEYSH010000050	5734	7002	-1	7
JAEYSH010000050	7235	9613	-1	8
JAEYSH010000050	9737	10081	-1	9
JAEYSH010000050	10272	11036	1	10
JAEYSH010000050	11124	12146	-1	11
JAEYSH010000050	12334	13662	-1	12
JAEYSH010000050	13803	15158	-1	13
JAEYSH010000050	15245	15958	-1	14
JAEYSH010000051	2	739	-1	1
JAEYSH010000051	749	1351	-1	2
JAEYSH010000051	1386	1784	-1	3
JAEYSH010000051	1801	2640	-1	4
JAEYSH010000051	2720	3331	-1	5
JAEYSH010000051	3460	4533	-1	6
JAEYSH010000051	4535	5164	-1	7
JAEYSH010000051	5639	6307	1	8
JAEYSH010000051	6553	7263	1	9
JAEYSH010000051	7253	7639	1	10
JAEYSH010000052	207	602	-1	1
JAEYSH010000052	945	1391	1	2
JAEYSH010000052	1452	2285	1	3
JAEYSH010000052	2305	2745	1	4
JAEYSH010000052	2732	3112	-1	5
JAEYSH010000052	3322	4131	1	6
JAEYSH010000053	1	771	-1	1
JAEYSH010000053	1019	3325	-1	2
JAEYSH010000053	3541	6828	-1	3
JAEYSH010000053	7249	8415	1	4
JAEYSH010000053	8585	8743	1	5
JAEYSH010000053	8859	10208	1	6
JAEYSH010000053	10379	10537	1	7
JAEYSH010000053	10852	11784	1	8
JAEYSH010000053	12138	12482	1	9
JAEYSH010000053	12604	13017	1	10
JAEYSH010000053	13070	13486	-1	11
JAEYSH010000053	13588	13974	-1	12
JAEYSH010000053	14061	14435	-1	13
JAEYSH010000053	14643	14981	-1	14
JAEYSH010000053	15149	15505	-1	15
JAEYSH010000053	15658	16779	-1	16
JAEYSH010000053	16822	17634	-1	17
JAEYSH010000053	18003	19694	1	18
JAEYSH010000053	19758	21032	1	19
JAEYSH010000053	21176	21916	1	20
JAEYSH010000054	2	976	-1	1
JAEYSH010000054	992	1159	-1	2
JAEYSH010000054	1518	1685	-1	3
JAEYSH010000054	2008	2247	-1	4
JAEYSH010000054	2622	2729	1	5
JAEYSH010000055	1	90	-1	1
JAEYSH010000055	71	1606	-1	2
JAEYSH010000055	1887	2879	-1	3
JAEYSH010000055	2888	3985	-1	4
JAEYSH010000055	4056	4562	-1	5
JAEYSH010000055	5134	5493	1	6
JAEYSH010000055	5888	6469	1	7
JAEYSH010000055	6490	7020	-1	8
JAEYSH010000055	7286	7552	-1	9
JAEYSH010000055	7863	8048	1	10
JAEYSH010000055	8096	8581	1	11
JAEYSH010000055	8667	9410	1	12
JAEYSH010000055	9474	9920	1	13
JAEYSH010000056	1	264	1	1
JAEYSH010000056	471	626	1	2
JAEYSH010000056	693	2078	1	3
JAEYSH010000056	2109	2843	1	4
JAEYSH010000056	2892	4871	1	5
JAEYSH010000056	4882	6711	1	6
JAEYSH010000056	7207	7602	1	7
JAEYSH010000056	7616	7810	1	8
JAEYSH010000057	3	1100	1	1
JAEYSH010000057	1167	1757	1	2
JAEYSH010000057	2318	2686	-1	3
JAEYSH010000058	3	557	1	1
JAEYSH010000058	562	2043	1	2
JAEYSH010000058	2125	2766	1	3
JAEYSH010000058	2761	4233	-1	4
JAEYSH010000058	4283	4981	-1	5
JAEYSH010000058	4978	5943	-1	6
JAEYSH010000058	5937	6293	-1	7
JAEYSH010000059	1	579	-1	1
JAEYSH010000059	607	1782	-1	2
JAEYSH010000059	2167	2718	-1	3
JAEYSH010000059	2884	3264	-1	4
JAEYSH010000059	3517	4062	1	5
JAEYSH010000059	4096	5580	1	6
JAEYSH010000059	5684	5908	-1	7
JAEYSH010000060	1	81	-1	1
JAEYSH010000060	91	1194	-1	2
JAEYSH010000060	1227	2000	-1	3
JAEYSH010000060	2129	2638	1	4
JAEYSH010000060	2643	3740	1	5
JAEYSH010000060	3727	4932	1	6
JAEYSH010000060	4958	6202	1	7
JAEYSH010000060	6352	6624	-1	8
JAEYSH010000060	6979	7743	-1	9
JAEYSH010000060	7778	8521	-1	10
JAEYSH010000060	8609	10126	-1	11
JAEYSH010000060	10340	11131	-1	12
JAEYSH010000060	11261	11704	-1	13
JAEYSH010000060	11762	12409	-1	14
JAEYSH010000060	12440	13477	-1	15
JAEYSH010000060	13618	14913	1	16
JAEYSH010000060	15076	16296	1	17
JAEYSH010000060	16409	16783	1	18
JAEYSH010000060	16883	17470	1	19
JAEYSH010000060	18080	19654	1	20
JAEYSH010000060	19726	20355	1	21
JAEYSH010000060	20360	20803	-1	22
JAEYSH010000060	20938	21447	1	23
JAEYSH010000060	21463	22683	-1	24
JAEYSH010000060	22939	23346	-1	25
JAEYSH010000061	3	368	1	1
JAEYSH010000061	722	1888	1	2
JAEYSH010000061	1955	2989	1	3
JAEYSH010000061	3017	4519	1	4
JAEYSH010000061	4606	5172	1	5
JAEYSH010000061	5169	5672	1	6
JAEYSH010000061	5696	6667	-1	7
JAEYSH010000061	6700	7080	-1	8
JAEYSH010000061	7229	8188	1	9
JAEYSH010000061	8273	9592	1	10
JAEYSH010000061	9617	10111	1	11
JAEYSH010000061	10108	11277	-1	12
JAEYSH010000061	11416	12315	1	13
JAEYSH010000061	12336	12977	1	14
JAEYSH010000061	12987	13115	1	15
JAEYSH010000061	13112	13561	1	16
JAEYSH010000061	13576	14385	1	17
JAEYSH010000061	14407	15054	-1	18
JAEYSH010000061	15063	15692	-1	19
JAEYSH010000061	15704	16492	-1	20
JAEYSH010000061	16519	17085	-1	21
JAEYSH010000061	17284	17820	-1	22
JAEYSH010000061	17871	18431	1	23
JAEYSH010000061	18491	19336	1	24
JAEYSH010000061	19353	19916	-1	25
JAEYSH010000061	19970	20449	-1	26
JAEYSH010000061	20468	20914	-1	27
JAEYSH010000061	20956	21951	-1	28
JAEYSH010000061	22251	22457	1	29
JAEYSH010000061	22757	24160	1	30
JAEYSH010000061	24525	24956	1	31
JAEYSH010000061	25025	26635	1	32
JAEYSH010000061	26676	28274	1	33
JAEYSH010000061	28284	28853	-1	34
JAEYSH010000061	29349	29498	1	35
JAEYSH010000062	386	676	-1	1
JAEYSH010000062	698	1213	-1	2
JAEYSH010000062	1249	3525	-1	3
JAEYSH010000063	2	1570	1	1
JAEYSH010000063	1584	2468	1	2
JAEYSH010000063	2625	3851	1	3
JAEYSH010000063	3852	4379	-1	4
JAEYSH010000064	2	307	-1	1
JAEYSH010000064	853	2010	1	2
JAEYSH010000064	2028	2927	-1	3
JAEYSH010000064	2957	3823	-1	4
JAEYSH010000064	3823	5544	-1	5
JAEYSH010000064	5727	7154	-1	6
JAEYSH010000064	7156	8262	-1	7
JAEYSH010000064	8264	8515	-1	8
JAEYSH010000064	8598	10268	-1	9
JAEYSH010000064	10288	10875	-1	10
JAEYSH010000064	12044	13417	-1	11
JAEYSH010000065	2	871	1	1
JAEYSH010000065	1109	1441	1	2
JAEYSH010000065	1438	1941	1	3
JAEYSH010000065	2006	2254	1	4
JAEYSH010000065	2271	2558	1	5
JAEYSH010000065	2551	2811	1	6
JAEYSH010000065	2808	3323	1	7
JAEYSH010000065	3320	4006	1	8
JAEYSH010000065	4044	4712	1	9
JAEYSH010000065	4742	4957	1	10
JAEYSH010000065	4981	5844	1	11
JAEYSH010000065	5880	6137	1	12
JAEYSH010000065	6134	6472	1	13
JAEYSH010000065	6469	6870	1	14
JAEYSH010000065	6875	7324	1	15
JAEYSH010000065	7321	7965	1	16
JAEYSH010000066	3	524	1	1
JAEYSH010000066	634	1113	-1	2
JAEYSH010000066	1186	1332	1	3
JAEYSH010000066	1376	1915	1	4
JAEYSH010000066	2073	3341	1	5
JAEYSH010000066	3463	4152	1	6
JAEYSH010000066	4171	4764	1	7
JAEYSH010000066	4821	5216	1	8
JAEYSH010000066	5259	5627	-1	9
JAEYSH010000066	5848	7083	1	10
JAEYSH010000066	7835	10978	1	11
JAEYSH010000066	11009	13189	1	12
JAEYSH010000066	13214	13774	1	13
JAEYSH010000066	13861	14688	1	14
JAEYSH010000067	3	1061	1	1
JAEYSH010000067	1279	1584	-1	2
JAEYSH010000067	1793	2773	-1	3
JAEYSH010000067	2858	3010	-1	4
JAEYSH010000068	2	298	1	1
JAEYSH010000068	601	1413	1	2
JAEYSH010000068	1415	1645	1	3
JAEYSH010000068	1650	1922	1	4
JAEYSH010000068	2354	2869	1	5
JAEYSH010000068	3044	4732	1	6
JAEYSH010000069	3	251	-1	1
JAEYSH010000069	487	1059	-1	2
JAEYSH010000069	1113	2063	-1	3
JAEYSH010000069	2188	2535	-1	4
JAEYSH010000069	2663	3721	1	5
JAEYSH010000069	3770	4123	1	6
JAEYSH010000069	4230	5414	1	7
JAEYSH010000069	5425	6207	1	8
JAEYSH010000069	6221	7009	1	9
JAEYSH010000069	7117	7998	1	10
JAEYSH010000069	8007	8762	-1	11
JAEYSH010000069	9134	9961	1	12
JAEYSH010000069	9995	10588	1	13
JAEYSH010000069	10660	10857	1	14
JAEYSH010000069	10943	11764	1	15
JAEYSH010000070	1	1122	1	1
JAEYSH010000070	1119	2501	1	2
JAEYSH010000070	2568	3926	1	3
JAEYSH010000070	3928	5319	1	4
JAEYSH010000070	5320	5640	1	5
JAEYSH010000070	5603	5854	1	6
JAEYSH010000070	5901	6089	1	7
JAEYSH010000070	6158	8107	1	8
JAEYSH010000070	8120	9214	-1	9
JAEYSH010000070	9473	9910	-1	10
JAEYSH010000070	10009	10305	-1	11
JAEYSH010000070	10333	11280	-1	12
JAEYSH010000070	11378	11866	-1	13
JAEYSH010000070	12080	12625	1	14
JAEYSH010000070	12755	13306	1	15
JAEYSH010000070	13314	13772	1	16
JAEYSH010000070	13777	14415	1	17
JAEYSH010000070	14424	14804	1	18
JAEYSH010000070	14821	15825	1	19
JAEYSH010000070	15830	16096	1	20
JAEYSH010000071	43	834	-1	1
JAEYSH010000071	831	1427	-1	2
JAEYSH010000071	1430	2809	-1	3
JAEYSH010000071	3394	4185	1	4
JAEYSH010000071	4438	4779	1	5
JAEYSH010000072	2	832	1	1
JAEYSH010000072	1005	2087	1	2
JAEYSH010000072	2084	2902	-1	3
JAEYSH010000072	3159	3578	1	4
JAEYSH010000072	3670	4299	1	5
JAEYSH010000072	4324	5256	-1	6
JAEYSH010000073	1	66	1	1
JAEYSH010000073	84	1244	1	2
JAEYSH010000073	1262	2749	-1	3
JAEYSH010000073	2915	3124	-1	4
JAEYSH010000073	3387	3530	-1	5
JAEYSH010000073	3506	4189	-1	6
JAEYSH010000073	4265	4501	1	7
JAEYSH010000073	4505	4615	-1	8
JAEYSH010000074	167	856	1	1
JAEYSH010000074	1055	1645	1	2
JAEYSH010000074	1979	2515	1	3
JAEYSH010000075	2	439	-1	1
JAEYSH010000075	451	1359	-1	2
JAEYSH010000075	1559	1942	1	3
JAEYSH010000075	2144	3505	-1	4
JAEYSH010000075	4036	5268	-1	5
JAEYSH010000075	5290	6063	-1	6
JAEYSH010000075	6098	7000	-1	7
JAEYSH010000075	7123	7419	-1	8
JAEYSH010000076	109	396	-1	1
JAEYSH010000076	415	1215	-1	2
JAEYSH010000076	1252	1479	-1	3
JAEYSH010000076	1591	2946	-1	4
JAEYSH010000077	2	553	-1	1
JAEYSH010000077	683	1648	-1	2
JAEYSH010000077	2024	3343	1	3
JAEYSH010000077	3412	4020	-1	4
JAEYSH010000077	4077	4742	-1	5
JAEYSH010000077	4755	4991	-1	6
JAEYSH010000077	5336	7165	-1	7
JAEYSH010000078	2	2008	1	1
JAEYSH010000078	2005	2358	1	2
JAEYSH010000078	2359	3114	1	3
JAEYSH010000078	3111	3494	1	4
JAEYSH010000079	1	834	1	1
JAEYSH010000079	1137	1304	1	2
JAEYSH010000079	1341	1430	1	3
JAEYSH010000079	1464	1766	-1	4
JAEYSH010000079	2104	2232	1	5
JAEYSH010000079	2272	2730	-1	6
JAEYSH010000079	2785	5223	-1	7
JAEYSH010000079	5220	5807	-1	8
JAEYSH010000079	5804	6379	-1	9
JAEYSH010000080	3	707	-1	1
JAEYSH010000080	848	1915	1	2
JAEYSH010000080	2177	2794	1	3
JAEYSH010000080	2853	3065	1	4
JAEYSH010000080	3072	3908	-1	5
JAEYSH010000080	4055	4315	-1	6
JAEYSH010000080	4970	5146	-1	7
JAEYSH010000080	5230	5883	-1	8
JAEYSH010000080	6189	8315	-1	9
JAEYSH010000080	8320	8520	-1	10
JAEYSH010000080	8517	10400	-1	11
JAEYSH010000080	10397	11188	-1	12
JAEYSH010000080	11191	11688	-1	13
JAEYSH010000081	82	861	1	1
JAEYSH010000081	1065	1904	1	2
JAEYSH010000081	1928	2386	1	3
JAEYSH010000081	2427	3560	-1	4
JAEYSH010000082	2	742	1	1
JAEYSH010000082	744	1544	-1	2
JAEYSH010000082	1737	3659	1	3
JAEYSH010000082	3692	4684	1	4
JAEYSH010000082	4688	5515	-1	5
JAEYSH010000082	5533	6144	-1	6
JAEYSH010000082	6163	6588	-1	7
JAEYSH010000082	7055	11167	1	8
JAEYSH010000082	11272	12432	-1	9
JAEYSH010000082	12531	12626	-1	10
JAEYSH010000083	389	2365	1	1
JAEYSH010000083	2372	3979	-1	2
JAEYSH010000083	3991	4431	-1	3
JAEYSH010000083	4452	5525	-1	4
JAEYSH010000083	5757	6059	-1	5
JAEYSH010000083	6043	6411	-1	6
JAEYSH010000083	6444	7064	-1	7
JAEYSH010000083	7069	7767	-1	8
JAEYSH010000083	7790	9088	-1	9
JAEYSH010000083	9355	10518	-1	10
JAEYSH010000084	3	614	1	1
JAEYSH010000084	771	1751	1	2
JAEYSH010000084	1779	2237	1	3
JAEYSH010000084	2305	3444	-1	4
JAEYSH010000084	3485	4399	-1	5
JAEYSH010000084	4478	5797	-1	6
JAEYSH010000085	1	1062	1	1
JAEYSH010000085	1098	2510	1	2
JAEYSH010000085	2543	2728	1	3
JAEYSH010000085	2988	3518	1	4
JAEYSH010000085	3603	3935	-1	5
JAEYSH010000085	4313	4516	1	6
JAEYSH010000085	4556	5563	-1	7
JAEYSH010000085	5581	6144	-1	8
JAEYSH010000085	6158	7054	-1	9
JAEYSH010000085	7245	7679	1	10
JAEYSH010000085	7791	8291	1	11
JAEYSH010000085	8301	9098	-1	12
JAEYSH010000085	9100	9573	-1	13
JAEYSH010000085	9746	10201	1	14
JAEYSH010000085	10206	10364	1	15
JAEYSH010000086	2	727	-1	1
JAEYSH010000086	776	1747	-1	2
JAEYSH010000086	1952	2896	1	3
JAEYSH010000086	2900	3814	-1	4
JAEYSH010000086	3856	4014	1	5
JAEYSH010000087	65	517	1	1
JAEYSH010000087	653	847	1	2
JAEYSH010000087	1012	3519	-1	3
JAEYSH010000088	3	1298	1	1
JAEYSH010000088	1398	4652	1	2
JAEYSH010000088	5107	5673	1	3
JAEYSH010000088	6019	6210	-1	4
JAEYSH010000089	2	304	-1	1
JAEYSH010000089	449	940	1	2
JAEYSH010000089	992	1684	-1	3
JAEYSH010000089	1705	1965	-1	4
JAEYSH010000089	1988	3637	-1	5
JAEYSH010000089	3766	4182	-1	6
JAEYSH010000090	2	562	-1	1
JAEYSH010000090	812	1108	-1	2
JAEYSH010000090	1148	1450	-1	3
JAEYSH010000090	1592	2239	-1	4
JAEYSH010000090	2495	2758	1	5
JAEYSH010000091	2	1471	1	1
JAEYSH010000091	1468	3039	-1	2
JAEYSH010000091	3093	3782	-1	3
JAEYSH010000091	3800	4276	-1	4
JAEYSH010000091	4790	5032	1	5
JAEYSH010000091	5140	5298	1	6
JAEYSH010000091	5304	6173	1	7
JAEYSH010000091	6244	7653	1	8
JAEYSH010000091	7703	8899	1	9
JAEYSH010000091	8900	9103	-1	10
JAEYSH010000092	3	794	-1	1
JAEYSH010000092	1108	1326	-1	2
JAEYSH010000092	1558	2061	1	3
JAEYSH010000092	2400	2939	-1	4
JAEYSH010000092	3065	4267	-1	5
JAEYSH010000092	4679	5944	-1	6
JAEYSH010000093	3	395	1	1
JAEYSH010000093	409	2454	-1	2
JAEYSH010000093	2619	3080	-1	3
JAEYSH010000093	3207	4442	1	4
JAEYSH010000093	4494	5249	-1	5
JAEYSH010000093	5341	5439	-1	6
JAEYSH010000094	2	286	-1	1
JAEYSH010000094	355	753	-1	2
JAEYSH010000094	972	3725	1	3
JAEYSH010000094	3774	5765	-1	4
JAEYSH010000094	5768	6502	-1	5
JAEYSH010000094	6636	7514	1	6
JAEYSH010000094	7608	7754	1	7
JAEYSH010000094	8010	8483	1	8
JAEYSH010000094	8492	9685	1	9
JAEYSH010000094	9814	10029	-1	10
JAEYSH010000094	10040	10516	-1	11
JAEYSH010000094	11011	13146	-1	12
JAEYSH010000094	13407	14249	1	13
JAEYSH010000094	14246	15469	1	14
JAEYSH010000094	15594	15986	1	15
JAEYSH010000094	16035	16427	-1	16
JAEYSH010000094	16856	17437	-1	17
JAEYSH010000094	17463	19367	-1	18
JAEYSH010000094	19542	20054	-1	19
JAEYSH010000094	20187	21815	-1	20
JAEYSH010000094	22012	22383	-1	21
JAEYSH010000094	22697	24361	1	22
JAEYSH010000094	24371	24793	-1	23
JAEYSH010000094	24880	25662	1	24
JAEYSH010000094	25676	26764	-1	25
JAEYSH010000094	26783	27247	-1	26
JAEYSH010000094	27518	27703	-1	27
JAEYSH010000095	1	189	-1	1
JAEYSH010000095	705	1670	1	2
JAEYSH010000095	1724	2926	1	3
JAEYSH010000095	2976	4658	-1	4
JAEYSH010000095	4985	6493	-1	5
JAEYSH010000095	6883	8322	-1	6
JAEYSH010000095	8333	8797	-1	7
JAEYSH010000095	8994	9311	-1	8
JAEYSH010000095	9497	10054	1	9
JAEYSH010000096	3	623	-1	1
JAEYSH010000096	818	3331	-1	2
JAEYSH010000097	1	2511	-1	1
JAEYSH010000097	3336	3881	-1	2
JAEYSH010000097	4060	5370	1	3
JAEYSH010000097	5965	7620	1	4
JAEYSH010000097	7983	10139	-1	5
JAEYSH010000097	10985	11188	-1	6
JAEYSH010000097	11584	12153	1	7
JAEYSH010000097	12128	12493	1	8
JAEYSH010000097	12651	13163	1	9
JAEYSH010000097	13240	14550	-1	10
JAEYSH010000097	14555	16099	-1	11
JAEYSH010000097	16115	18814	-1	12
JAEYSH010000097	20540	20827	1	13
JAEYSH010000097	20824	22263	1	14
JAEYSH010000097	22529	22735	1	15
JAEYSH010000097	22742	23035	1	16
JAEYSH010000097	23232	24431	-1	17
JAEYSH010000097	24600	25058	-1	18
JAEYSH010000097	25143	25982	1	19
JAEYSH010000097	26005	26097	-1	20
JAEYSH010000097	26131	27774	-1	21
JAEYSH010000097	27744	28334	-1	22
JAEYSH010000097	28383	28688	-1	23
JAEYSH010000097	28636	28836	-1	24
JAEYSH010000097	29086	30441	1	25
JAEYSH010000097	30524	31438	-1	26
JAEYSH010000097	31679	33085	1	27
JAEYSH010000097	33082	34014	-1	28
JAEYSH010000097	34071	34937	-1	29
JAEYSH010000097	35059	35673	1	30
JAEYSH010000097	35784	36509	1	31
JAEYSH010000097	36536	37294	-1	32
JAEYSH010000097	37422	37766	-1	33
JAEYSH010000097	37944	38195	-1	34
JAEYSH010000097	38504	38968	1	35
JAEYSH010000097	38982	40880	1	36
JAEYSH010000097	40908	42287	-1	37
JAEYSH010000097	42336	43031	-1	38
JAEYSH010000097	43261	45936	1	39
JAEYSH010000097	45950	47167	-1	40
JAEYSH010000097	47307	47894	1	41
JAEYSH010000097	47899	48939	1	42
JAEYSH010000097	48952	49182	1	43
JAEYSH010000097	49192	49722	1	44
JAEYSH010000097	49735	51093	1	45
JAEYSH010000097	51104	51316	1	46
JAEYSH010000098	1	162	1	1
JAEYSH010000098	165	605	-1	2
JAEYSH010000098	636	1358	-1	3
JAEYSH010000098	1374	1607	-1	4
JAEYSH010000098	1662	2150	-1	5
JAEYSH010000098	2248	2382	-1	6
JAEYSH010000098	2549	2833	1	7
JAEYSH010000098	2890	3150	1	8
JAEYSH010000098	3147	4343	-1	9
JAEYSH010000098	4433	5632	1	10
JAEYSH010000099	3	296	-1	1
JAEYSH010000099	384	1526	-1	2
JAEYSH010000099	1784	3661	-1	3
JAEYSH010000099	3737	4252	-1	4
JAEYSH010000099	4515	4988	1	5
JAEYSH010000099	4985	7300	-1	6
JAEYSH010000099	7412	8176	1	7
JAEYSH010000099	8198	9151	1	8
JAEYSH010000099	9229	9975	1	9
JAEYSH010000099	9997	10746	1	10
JAEYSH010000099	10793	11311	1	11
JAEYSH010000099	11312	12019	-1	12
JAEYSH010000099	12024	12512	-1	13
JAEYSH010000099	12520	13197	-1	14
JAEYSH010000099	13203	13889	-1	15
JAEYSH010000099	13921	14889	-1	16
JAEYSH010000099	14911	15240	-1	17
JAEYSH010000100	2	1234	-1	1
JAEYSH010000100	1892	2380	1	2
JAEYSH010000100	2539	2877	1	3
JAEYSH010000100	2894	3457	-1	4
JAEYSH010000100	3605	3802	1	5
JAEYSH010000100	4002	5351	-1	6
JAEYSH010000100	5516	5905	-1	7
JAEYSH010000100	6048	7724	-1	8
JAEYSH010000100	7864	8655	1	9
JAEYSH010000100	9018	9506	1	10
JAEYSH010000100	9513	10058	1	11
JAEYSH010000100	10059	10799	-1	12
JAEYSH010000100	10796	11095	-1	13
JAEYSH010000100	11295	11657	-1	14
JAEYSH010000100	11706	11987	-1	15
JAEYSH010000100	12037	12318	-1	16
JAEYSH010000100	12563	12844	-1	17
JAEYSH010000100	13003	14697	-1	18
JAEYSH010000100	14761	15708	-1	19
JAEYSH010000100	15833	16342	-1	20
JAEYSH010000100	16339	16617	-1	21
JAEYSH010000100	16738	16911	-1	22
JAEYSH010000100	17011	18285	-1	23
JAEYSH010000100	18495	18872	1	24
JAEYSH010000100	18883	19722	-1	25
JAEYSH010000100	19888	21201	1	26
JAEYSH010000100	21225	22232	1	27
JAEYSH010000101	2	517	1	1
JAEYSH010000101	771	953	1	2
JAEYSH010000101	1087	2454	1	3
JAEYSH010000101	2636	4213	1	4
JAEYSH010000101	4357	5688	1	5
JAEYSH010000101	5818	6264	1	6
JAEYSH010000102	1	411	1	1
JAEYSH010000102	471	1235	-1	2
JAEYSH010000102	1279	1503	1	3
JAEYSH010000102	1532	2332	-1	4
JAEYSH010000102	2521	2670	1	5
JAEYSH010000102	2691	3326	-1	6
JAEYSH010000102	3368	3535	-1	7
JAEYSH010000102	3613	4605	-1	8
JAEYSH010000102	4949	5719	1	9
JAEYSH010000102	5859	7223	1	10
JAEYSH010000102	7278	8774	1	11
JAEYSH010000102	8785	9462	-1	12
JAEYSH010000102	9726	14471	-1	13
JAEYSH010000102	16165	18012	1	14
JAEYSH010000102	18034	18150	-1	15
JAEYSH010000102	18255	18635	-1	16
JAEYSH010000102	18667	19299	-1	17
JAEYSH010000102	19304	20899	-1	18
JAEYSH010000102	21052	22701	1	19
JAEYSH010000102	22724	23260	1	20
JAEYSH010000102	23269	24165	-1	21
JAEYSH010000102	24830	26458	-1	22
JAEYSH010000102	26483	27310	-1	23
JAEYSH010000102	27320	28720	-1	24
JAEYSH010000103	1	648	-1	1
JAEYSH010000103	688	1119	-1	2
JAEYSH010000103	1221	2264	-1	3
JAEYSH010000103	2527	3933	1	4
JAEYSH010000103	3953	4618	1	5
JAEYSH010000103	4688	5368	1	6
JAEYSH010000103	5365	6111	1	7
JAEYSH010000103	6181	6933	1	8
JAEYSH010000103	6942	7373	-1	9
JAEYSH010000103	7389	8693	-1	10
JAEYSH010000103	8847	9464	-1	11
JAEYSH010000103	9533	10282	-1	12
JAEYSH010000103	10474	10986	-1	13
JAEYSH010000103	10998	12179	-1	14
JAEYSH010000103	12180	12341	-1	15
JAEYSH010000103	12380	12538	-1	16
JAEYSH010000103	12644	12811	-1	17
JAEYSH010000103	12957	13388	-1	18
JAEYSH010000103	13474	13680	-1	19
JAEYSH010000103	13761	14156	-1	20
JAEYSH010000103	14185	14736	-1	21
JAEYSH010000103	14786	16492	-1	22
JAEYSH010000103	16913	17107	1	23
JAEYSH010000103	17383	17904	1	24
JAEYSH010000103	17915	18355	1	25
JAEYSH010000103	18396	19580	1	26
JAEYSH010000103	19684	20244	1	27
JAEYSH010000103	20268	20843	1	28
JAEYSH010000103	20848	21621	1	29
JAEYSH010000104	2	322	1	1
JAEYSH010000104	401	1306	1	2
JAEYSH010000104	1303	2058	1	3
JAEYSH010000104	2117	2869	1	4
JAEYSH010000104	2935	4530	1	5
JAEYSH010000104	4883	5359	1	6
JAEYSH010000104	5382	6002	1	7
JAEYSH010000104	6036	7238	1	8
JAEYSH010000104	7501	8325	1	9
JAEYSH010000104	8331	9005	-1	10
JAEYSH010000104	9164	10492	1	11
JAEYSH010000104	10514	11530	1	12
JAEYSH010000104	11805	12395	1	13
JAEYSH010000104	12392	13345	1	14
JAEYSH010000104	13348	15072	1	15
JAEYSH010000104	15115	15291	1	16
JAEYSH010000105	1	336	1	1
JAEYSH010000105	406	1203	-1	2
JAEYSH010000105	1337	2083	-1	3
JAEYSH010000105	2268	4028	1	4
JAEYSH010000105	4097	4324	1	5
JAEYSH010000106	3	155	-1	1
JAEYSH010000106	161	1786	-1	2
JAEYSH010000106	1801	2460	-1	3
JAEYSH010000106	2461	2910	-1	4
JAEYSH010000106	3164	4537	-1	5
JAEYSH010000106	4669	6207	-1	6
JAEYSH010000107	3	1307	-1	1
JAEYSH010000107	1579	2007	1	2
JAEYSH010000107	2060	4243	-1	3
JAEYSH010000107	4529	5914	-1	4
JAEYSH010000107	6008	6328	-1	5
JAEYSH010000108	109	573	1	1
JAEYSH010000108	620	1429	-1	2
JAEYSH010000108	1502	2482	1	3
JAEYSH010000108	2727	2906	1	4
JAEYSH010000109	2	361	1	1
JAEYSH010000109	401	826	1	2
JAEYSH010000109	823	1269	1	3
JAEYSH010000109	1262	2491	1	4
JAEYSH010000109	2506	3057	1	5
JAEYSH010000109	3088	3945	1	6
JAEYSH010000109	3993	4922	1	7
JAEYSH010000109	4925	5386	-1	8
JAEYSH010000109	5411	5953	-1	9
JAEYSH010000109	5916	6704	-1	10
JAEYSH010000109	6833	7855	-1	11
JAEYSH010000110	36	491	1	1
JAEYSH010000110	578	2356	1	2
JAEYSH010000110	2431	2817	1	3
JAEYSH010000110	2865	4091	1	4
JAEYSH010000110	4119	4478	1	5
JAEYSH010000110	4553	5071	1	6
JAEYSH010000110	5102	5671	1	7
JAEYSH010000110	5671	5853	1	8
JAEYSH010000110	5879	6385	1	9
JAEYSH010000110	6438	6743	1	10
JAEYSH010000110	6747	6902	1	11
JAEYSH010000110	6927	8330	1	12
JAEYSH010000110	8460	8600	1	13
JAEYSH010000110	8646	9668	-1	14
JAEYSH010000110	9860	10315	-1	15
JAEYSH010000111	2	154	1	1
JAEYSH010000111	154	1353	1	2
JAEYSH010000111	1368	1916	-1	3
JAEYSH010000111	1929	2423	-1	4
JAEYSH010000111	2529	4178	-1	5
JAEYSH010000111	4279	5310	-1	6
JAEYSH010000111	5319	6356	-1	7
JAEYSH010000111	6525	8429	-1	8
JAEYSH010000111	8536	9156	-1	9
JAEYSH010000111	9587	10678	-1	10
JAEYSH010000111	10814	11539	1	11
JAEYSH010000111	11565	12344	1	12
JAEYSH010000111	12442	12963	1	13
JAEYSH010000112	1	186	1	1
JAEYSH010000112	190	1116	1	2
JAEYSH010000112	1158	2468	1	3
JAEYSH010000112	2509	2820	1	4
JAEYSH010000113	177	665	1	1
JAEYSH010000114	3	848	1	1
JAEYSH010000114	1110	2045	1	2
JAEYSH010000114	2059	2250	1	3
JAEYSH010000114	2292	3704	1	4
JAEYSH010000114	3721	4284	1	5
JAEYSH010000114	4314	4424	-1	6
JAEYSH010000115	486	2261	1	1
JAEYSH010000115	2339	2737	1	2
JAEYSH010000116	2	1285	-1	1
JAEYSH010000116	1353	2267	-1	2
JAEYSH010000116	2656	3105	1	3
JAEYSH010000116	3124	3720	1	4
JAEYSH010000116	3720	4097	1	5
JAEYSH010000116	4109	4588	-1	6
JAEYSH010000116	4764	5447	-1	7
JAEYSH010000116	5941	6636	1	8
JAEYSH010000116	6658	7815	-1	9
JAEYSH010000116	7918	8910	1	10
JAEYSH010000116	8928	9473	1	11
JAEYSH010000116	9504	11993	-1	12
JAEYSH010000116	12764	13876	1	13
JAEYSH010000116	14038	14907	1	14
JAEYSH010000116	15104	15403	-1	15
JAEYSH010000116	15616	16476	1	16
JAEYSH010000116	16506	17162	-1	17
JAEYSH010000116	17479	18135	-1	18
JAEYSH010000116	18474	20063	-1	19
JAEYSH010000116	20120	20332	-1	20
JAEYSH010000116	20458	21618	-1	21
JAEYSH010000116	21727	22392	-1	22
JAEYSH010000116	22443	22652	-1	23
JAEYSH010000116	22856	23122	1	24
JAEYSH010000116	23188	23454	-1	25
JAEYSH010000116	23674	24198	1	26
JAEYSH010000116	24183	25094	1	27
JAEYSH010000116	25198	26289	1	28
JAEYSH010000116	26331	27578	-1	29
JAEYSH010000116	27632	27754	-1	30
JAEYSH010000116	27927	28277	1	31
JAEYSH010000116	28381	28971	1	32
JAEYSH010000116	28981	29376	1	33
JAEYSH010000116	29373	29774	1	34
JAEYSH010000116	29804	29995	1	35
JAEYSH010000116	30593	31765	1	36
JAEYSH010000117	90	1106	-1	1
JAEYSH010000117	1296	2495	1	2
JAEYSH010000117	2547	3254	-1	3
JAEYSH010000118	2	199	-1	1
JAEYSH010000118	773	2566	1	2
JAEYSH010000118	3574	3915	1	3
JAEYSH010000118	4132	4671	1	4
JAEYSH010000118	4754	5239	-1	5
JAEYSH010000118	5299	5874	-1	6
JAEYSH010000118	6151	6231	1	7
JAEYSH010000119	3	248	1	1
JAEYSH010000119	249	356	1	2
JAEYSH010000119	357	476	1	3
JAEYSH010000119	473	595	1	4
JAEYSH010000119	627	782	1	5
JAEYSH010000119	772	966	1	6
JAEYSH010000119	986	1213	1	7
JAEYSH010000119	1214	1525	1	8
JAEYSH010000119	1574	1930	1	9
JAEYSH010000119	1984	2127	1	10
JAEYSH010000119	2136	2240	1	11
JAEYSH010000119	2243	2416	1	12
JAEYSH010000119	2425	2673	1	13
JAEYSH010000119	2642	3085	1	14
JAEYSH010000120	3	983	-1	1
JAEYSH010000120	1217	2701	1	2
JAEYSH010000120	2762	3118	1	3
JAEYSH010000120	3447	3815	1	4
JAEYSH010000120	4044	4799	-1	5
JAEYSH010000120	4993	5379	1	6
JAEYSH010000120	5398	5892	1	7
JAEYSH010000120	5898	7625	1	8
JAEYSH010000120	7727	8119	1	9
JAEYSH010000120	8405	9124	-1	10
JAEYSH010000120	9349	10950	-1	11
JAEYSH010000121	2	433	1	1
JAEYSH010000121	499	990	1	2
JAEYSH010000121	994	1452	-1	3
JAEYSH010000121	1538	3106	-1	4
JAEYSH010000121	3145	5130	-1	5
JAEYSH010000121	5410	5709	-1	6
JAEYSH010000122	1	168	-1	1
JAEYSH010000122	455	1903	-1	2
JAEYSH010000122	1900	2823	-1	3
JAEYSH010000122	2823	3371	-1	4
JAEYSH010000122	3381	3632	-1	5
JAEYSH010000122	4094	4345	-1	6
JAEYSH010000122	4559	5170	-1	7
JAEYSH010000122	5227	6018	-1	8
JAEYSH010000122	6134	7039	-1	9
JAEYSH010000122	7116	7949	1	10
JAEYSH010000122	8200	8625	1	11
JAEYSH010000122	8803	10584	-1	12
JAEYSH010000123	3	125	1	1
JAEYSH010000123	127	930	1	2
JAEYSH010000123	927	1286	1	3
JAEYSH010000123	1302	1730	1	4
JAEYSH010000123	1739	2140	1	5
JAEYSH010000123	2252	2425	1	6
JAEYSH010000123	2773	2943	1	7
JAEYSH010000123	2972	4210	1	8
JAEYSH010000123	4230	4421	1	9
JAEYSH010000123	4507	5103	1	10
JAEYSH010000123	5180	6019	1	11
JAEYSH010000123	6090	7064	1	12
JAEYSH010000123	7065	7553	1	13
JAEYSH010000124	2	721	1	1
JAEYSH010000124	900	2150	1	2
JAEYSH010000124	2182	2793	1	3
JAEYSH010000124	2800	2943	-1	4
JAEYSH010000124	3220	3474	-1	5
JAEYSH010000124	3719	4144	-1	6
JAEYSH010000124	4541	4747	-1	7
JAEYSH010000124	4898	6091	-1	8
JAEYSH010000124	6139	7044	-1	9
JAEYSH010000124	7131	7955	-1	10
JAEYSH010000124	8204	8395	1	11
JAEYSH010000125	3	386	-1	1
JAEYSH010000125	570	1490	1	2
JAEYSH010000125	1510	2436	1	3
JAEYSH010000125	2741	3007	1	4
JAEYSH010000125	3004	3531	1	5
JAEYSH010000125	3593	4261	1	6
JAEYSH010000125	4470	5396	1	7
JAEYSH010000125	5359	5751	1	8
JAEYSH010000125	5782	6774	-1	9
JAEYSH010000125	7890	8573	1	10
JAEYSH010000125	8691	9215	1	11
JAEYSH010000125	9463	10641	-1	12
JAEYSH010000125	10687	11208	-1	13
JAEYSH010000125	11248	11568	-1	14
JAEYSH010000125	11644	12543	-1	15
JAEYSH010000125	12660	14318	-1	16
JAEYSH010000125	14338	14628	-1	17
JAEYSH010000126	1	120	-1	1
JAEYSH010000126	430	612	1	2
JAEYSH010000126	578	826	-1	3
JAEYSH010000126	1283	1966	-1	4
JAEYSH010000126	1969	2421	-1	5
JAEYSH010000126	2467	2769	-1	6
JAEYSH010000127	482	832	-1	1
JAEYSH010000127	1280	2449	1	2
JAEYSH010000127	2682	2903	1	3
JAEYSH010000127	2945	3280	-1	4
JAEYSH010000127	3365	3703	-1	5
JAEYSH010000127	3805	3939	-1	6
JAEYSH010000127	4110	5264	1	7
JAEYSH010000127	5268	5510	-1	8
JAEYSH010000128	3	245	1	1
JAEYSH010000128	377	2107	-1	2
JAEYSH010000128	2182	2799	-1	3
JAEYSH010000128	2801	3937	-1	4
JAEYSH010000128	3957	4655	-1	5
JAEYSH010000128	4687	6177	-1	6
JAEYSH010000128	6362	7747	-1	7
JAEYSH010000128	7762	7953	-1	8
JAEYSH010000128	8148	8876	1	9
JAEYSH010000128	8938	9219	-1	10
JAEYSH010000128	9295	9867	-1	11
JAEYSH010000128	10010	11857	1	12
JAEYSH010000128	11871	12461	1	13
JAEYSH010000128	12676	13086	1	14
JAEYSH010000128	13134	13565	-1	15
JAEYSH010000128	13577	14881	-1	16
JAEYSH010000128	15319	16917	1	17
JAEYSH010000128	17011	17868	1	18
JAEYSH010000129	291	494	1	1
JAEYSH010000129	515	1645	1	2
JAEYSH010000129	1679	2551	1	3
JAEYSH010000129	2576	3130	1	4
JAEYSH010000129	3134	3451	1	5
JAEYSH010000130	3	911	1	1
JAEYSH010000130	1309	1932	1	2
JAEYSH010000130	2070	3668	-1	3
JAEYSH010000130	3955	5337	1	4
JAEYSH010000130	5514	7013	1	5
JAEYSH010000130	7154	7507	1	6
JAEYSH010000130	7521	8270	1	7
JAEYSH010000130	8305	9267	-1	8
JAEYSH010000130	9426	10373	-1	9
JAEYSH010000130	10430	10990	1	10
JAEYSH010000131	3	1184	-1	1
JAEYSH010000131	1296	1976	-1	2
JAEYSH010000131	2116	2769	-1	3
JAEYSH010000132	406	624	-1	1
JAEYSH010000132	678	989	-1	2
JAEYSH010000132	1123	1536	-1	3
JAEYSH010000132	1957	2400	1	4
JAEYSH010000132	2858	3004	-1	5
JAEYSH010000133	2	1531	1	1
JAEYSH010000133	1500	2696	1	2
JAEYSH010000134	92	3037	-1	1
JAEYSH010000134	3330	4982	1	2
JAEYSH010000135	43	888	1	1
JAEYSH010000135	890	2359	-1	2
JAEYSH010000135	2523	2963	1	3
JAEYSH010000135	2991	3371	1	4
JAEYSH010000135	3352	3573	1	5
JAEYSH010000135	3590	4270	1	6
JAEYSH010000135	4273	4980	-1	7
JAEYSH010000135	5058	5543	-1	8
JAEYSH010000135	5501	5656	-1	9
JAEYSH010000135	5853	8027	1	10
JAEYSH010000135	8139	8645	1	11
JAEYSH010000135	8702	8848	1	12
JAEYSH010000135	8937	9674	1	13
JAEYSH010000136	1	300	-1	1
JAEYSH010000136	593	1270	-1	2
JAEYSH010000136	1296	1883	-1	3
JAEYSH010000136	2243	2575	-1	4
JAEYSH010000136	2619	3356	-1	5
JAEYSH010000136	3405	3974	-1	6
JAEYSH010000136	4132	4380	-1	7
JAEYSH010000136	4387	4905	-1	8
JAEYSH010000136	4906	5202	-1	9
JAEYSH010000136	5681	5923	1	10
JAEYSH010000136	5948	6229	1	11
JAEYSH010000136	6258	6395	-1	12
JAEYSH010000137	3	212	1	1
JAEYSH010000137	471	1256	-1	2
JAEYSH010000137	1268	2677	-1	3
JAEYSH010000137	2751	3023	-1	4
JAEYSH010000137	3033	3812	-1	5
JAEYSH010000137	3948	4661	-1	6
JAEYSH010000137	4761	5417	-1	7
JAEYSH010000137	5435	5689	-1	8
JAEYSH010000137	5821	6540	-1	9
JAEYSH010000138	3	623	1	1
JAEYSH010000138	660	1412	1	2
JAEYSH010000138	1575	2246	1	3
JAEYSH010000138	2447	3034	1	4
JAEYSH010000138	3079	3582	1	5
JAEYSH010000138	3710	4816	1	6
JAEYSH010000138	4810	5466	1	7
JAEYSH010000138	5551	6747	1	8
JAEYSH010000138	6985	7188	1	9
JAEYSH010000138	7707	8078	1	10
JAEYSH010000138	8138	8344	1	11
JAEYSH010000138	8361	8420	1	12
JAEYSH010000139	3	83	1	1
JAEYSH010000139	83	361	1	2
JAEYSH010000139	497	1606	1	3
JAEYSH010000139	1619	2677	-1	4
JAEYSH010000139	2818	3783	-1	5
JAEYSH010000140	1	219	1	1
JAEYSH010000140	311	679	-1	2
JAEYSH010000140	712	1272	-1	3
JAEYSH010000140	1384	2892	-1	4
JAEYSH010000140	2995	3384	1	5
JAEYSH010000140	3457	4038	1	6
JAEYSH010000140	4154	4294	1	7
JAEYSH010000140	4303	4875	-1	8
JAEYSH010000140	4993	5454	1	9
JAEYSH010000141	140	517	-1	1
JAEYSH010000141	526	1203	-1	2
JAEYSH010000141	1206	1628	-1	3
JAEYSH010000141	1669	2214	-1	4
JAEYSH010000141	2598	2777	1	5
JAEYSH010000142	286	1356	-1	1
JAEYSH010000142	1383	2729	-1	2
JAEYSH010000142	2885	3061	-1	3
JAEYSH010000143	1	369	1	1
JAEYSH010000143	387	1403	-1	2
JAEYSH010000143	1483	1779	1	3
JAEYSH010000143	1805	2599	1	4
JAEYSH010000144	167	1402	-1	1
JAEYSH010000144	1604	2470	-1	2
JAEYSH010000144	2525	2914	-1	3
JAEYSH010000144	3212	3655	1	4
JAEYSH010000144	3660	4499	1	5
JAEYSH010000144	4499	5341	1	6
JAEYSH010000144	5392	5931	1	7
JAEYSH010000145	3	770	1	1
JAEYSH010000145	784	1719	1	2
JAEYSH010000145	1735	1962	-1	3
JAEYSH010000145	2141	2653	1	4
JAEYSH010000145	2770	3711	1	5
JAEYSH010000145	3716	4915	1	6
JAEYSH010000145	4941	5792	-1	7
JAEYSH010000145	5811	6644	-1	8
JAEYSH010000145	6676	7143	-1	9
JAEYSH010000146	3	404	-1	1
JAEYSH010000146	562	1782	1	2
JAEYSH010000146	1816	2232	1	3
JAEYSH010000146	2579	3352	-1	4
JAEYSH010000146	3612	4973	1	5
JAEYSH010000146	5120	5767	1	6
JAEYSH010000146	5895	6509	1	7
JAEYSH010000146	6635	7993	-1	8
JAEYSH010000146	8176	8934	1	9
JAEYSH010000146	8999	9343	1	10
JAEYSH010000146	9353	9724	1	11
JAEYSH010000146	9737	10162	1	12
JAEYSH010000146	10178	10840	1	13
JAEYSH010000146	10945	11316	1	14
JAEYSH010000146	11332	11682	1	15
JAEYSH010000146	11703	12317	1	16
JAEYSH010000146	12342	12665	1	17
JAEYSH010000146	12674	12850	1	18
JAEYSH010000146	12861	14036	-1	19
JAEYSH010000146	14105	15319	-1	20
JAEYSH010000146	16164	16688	1	21
JAEYSH010000146	16940	17332	1	22
JAEYSH010000146	17618	18112	-1	23
JAEYSH010000146	18330	19226	1	24
JAEYSH010000146	19240	20436	1	25
JAEYSH010000146	20510	21679	1	26
JAEYSH010000146	21706	22053	1	27
JAEYSH010000146	22059	22199	-1	28
JAEYSH010000147	1	132	1	1
JAEYSH010000147	155	349	1	2
JAEYSH010000147	396	1001	-1	3
JAEYSH010000147	1215	1745	1	4
JAEYSH010000147	1785	2441	-1	5
JAEYSH010000147	2575	2877	-1	6
JAEYSH010000148	3	455	-1	1
JAEYSH010000148	468	1385	-1	2
JAEYSH010000148	1373	1951	-1	3
JAEYSH010000148	2275	2544	1	4
JAEYSH010000148	2589	3551	-1	5
JAEYSH010000148	3742	4302	-1	6
JAEYSH010000148	4582	5574	-1	7
JAEYSH010000148	5747	6736	1	8
JAEYSH010000148	7098	8195	1	9
JAEYSH010000148	8225	9001	-1	10
JAEYSH010000148	9020	9580	-1	11
JAEYSH010000148	9871	11706	1	12
JAEYSH010000149	3	374	1	1
JAEYSH010000149	389	1324	1	2
JAEYSH010000149	1328	2002	1	3
JAEYSH010000149	2177	2431	1	4
JAEYSH010000149	2788	3285	-1	5
JAEYSH010000149	3647	4222	1	6
JAEYSH010000149	4495	4911	-1	7
JAEYSH010000149	5463	6275	1	8
JAEYSH010000149	6538	6750	-1	9
JAEYSH010000149	6937	7383	1	10
JAEYSH010000149	7851	8048	-1	11
JAEYSH010000149	8437	8676	1	12
JAEYSH010000149	9145	9348	1	13
JAEYSH010000149	9366	9680	1	14
JAEYSH010000149	9757	9936	-1	15
JAEYSH010000149	10133	10867	1	16
JAEYSH010000149	10933	12612	-1	17
JAEYSH010000149	12813	14789	1	18
JAEYSH010000149	14799	16664	-1	19
JAEYSH010000149	16670	17332	-1	20
JAEYSH010000149	17481	18029	1	21
JAEYSH010000149	18061	18312	-1	22
JAEYSH010000149	18630	19052	1	23
JAEYSH010000149	19109	19381	-1	24
JAEYSH010000149	19745	20803	1	25
JAEYSH010000149	21045	21542	1	26
JAEYSH010000149	21593	22138	1	27
JAEYSH010000149	22155	22727	1	28
JAEYSH010000149	22878	23168	1	29
JAEYSH010000149	23346	24101	1	30
JAEYSH010000149	24115	24495	-1	31
JAEYSH010000149	24670	24873	-1	32
JAEYSH010000149	25524	25811	-1	33
JAEYSH010000150	2	358	-1	1
JAEYSH010000150	568	1143	-1	2
JAEYSH010000150	1350	3962	1	3
JAEYSH010000150	4033	4440	1	4
JAEYSH010000150	4544	4789	-1	5
JAEYSH010000150	5060	6382	1	6
JAEYSH010000150	6478	6924	1	7
JAEYSH010000150	6974	8407	-1	8
JAEYSH010000150	8694	9512	1	9
JAEYSH010000150	9515	10324	-1	10
JAEYSH010000150	10656	12545	1	11
JAEYSH010000150	12556	13080	1	12
JAEYSH010000150	13181	13555	1	13
JAEYSH010000150	13798	14310	1	14
JAEYSH010000150	14347	14997	-1	15
JAEYSH010000150	14994	15686	-1	16
JAEYSH010000150	15688	16350	-1	17
JAEYSH010000150	16597	17076	1	18
JAEYSH010000151	2	1540	1	1
JAEYSH010000151	1552	2361	1	2
JAEYSH010000151	2473	2772	1	3
JAEYSH010000151	2843	3151	1	4
JAEYSH010000151	3169	4263	-1	5
JAEYSH010000151	4303	5088	-1	6
JAEYSH010000151	5162	5977	-1	7
JAEYSH010000151	6206	6418	-1	8
JAEYSH010000151	6485	7063	-1	9
JAEYSH010000151	7386	7766	1	10
JAEYSH010000151	7838	8455	-1	11
JAEYSH010000151	8723	8809	1	12
JAEYSH010000152	52	1239	-1	1
JAEYSH010000152	1449	2807	-1	2
JAEYSH010000152	2773	3174	-1	3
JAEYSH010000152	3225	3788	-1	4
JAEYSH010000152	3879	4277	-1	5
JAEYSH010000152	4543	5298	1	6
JAEYSH010000152	5360	6409	-1	7
JAEYSH010000153	3	1145	-1	1
JAEYSH010000153	1324	2277	-1	2
JAEYSH010000153	2295	2543	-1	3
JAEYSH010000153	2556	2753	-1	4
JAEYSH010000153	2766	3482	-1	5
JAEYSH010000153	3495	3803	-1	6
JAEYSH010000153	3816	4625	-1	7
JAEYSH010000153	4627	5340	-1	8
JAEYSH010000153	5353	6240	-1	9
JAEYSH010000153	6292	6603	-1	10
JAEYSH010000153	6646	7944	-1	11
JAEYSH010000153	7962	8711	-1	12
JAEYSH010000153	8714	9268	-1	13
JAEYSH010000154	3	440	1	1
JAEYSH010000154	474	1307	1	2
JAEYSH010000154	1319	2170	-1	3
JAEYSH010000154	2388	3509	1	4
JAEYSH010000154	3715	4482	1	5
JAEYSH010000154	4835	5986	1	6
JAEYSH010000154	6105	6923	1	7
JAEYSH010000154	6985	7422	1	8
JAEYSH010000154	7435	7845	-1	9
JAEYSH010000154	7876	9054	-1	10
JAEYSH010000154	9213	10682	-1	11
JAEYSH010000154	10752	12056	-1	12
JAEYSH010000154	12626	14005	1	13
JAEYSH010000154	14008	14403	-1	14
JAEYSH010000154	14651	15364	-1	15
JAEYSH010000154	15410	16396	-1	16
JAEYSH010000154	16593	16934	-1	17
JAEYSH010000154	17049	17294	1	18
JAEYSH010000154	17342	18046	-1	19
JAEYSH010000154	18134	18532	-1	20
JAEYSH010000154	18743	19018	1	21
JAEYSH010000154	19202	19984	1	22
JAEYSH010000154	19993	20307	-1	23
JAEYSH010000155	1	2286	1	1
JAEYSH010000155	2521	2829	-1	2
JAEYSH010000155	2875	4116	-1	3
JAEYSH010000155	4369	6561	-1	4
JAEYSH010000155	6778	7338	-1	5
JAEYSH010000155	7383	7808	-1	6
JAEYSH010000155	7944	8384	-1	7
JAEYSH010000156	1	228	-1	1
JAEYSH010000156	459	1064	1	2
JAEYSH010000156	1375	1812	1	3
JAEYSH010000156	1941	3272	1	4
JAEYSH010000156	3330	4319	-1	5
JAEYSH010000156	4605	5105	-1	6
JAEYSH010000156	5287	6243	-1	7
JAEYSH010000156	6240	7202	-1	8
JAEYSH010000156	7393	8169	-1	9
JAEYSH010000156	8257	8556	-1	10
JAEYSH010000156	8660	9349	-1	11
JAEYSH010000156	9342	10481	-1	12
JAEYSH010000156	10651	10950	-1	13
JAEYSH010000156	10962	11249	-1	14
JAEYSH010000156	11404	11775	-1	15
JAEYSH010000156	12566	14323	1	16
JAEYSH010000156	14449	15906	1	17
JAEYSH010000156	16659	17462	1	18
JAEYSH010000156	17585	18016	-1	19
JAEYSH010000156	18053	18334	-1	20
JAEYSH010000156	18385	19245	-1	21
JAEYSH010000156	19472	20764	1	22
JAEYSH010000156	20775	21452	1	23
JAEYSH010000156	21449	22735	-1	24
JAEYSH010000156	22872	24362	-1	25
JAEYSH010000156	24622	26055	1	26
JAEYSH010000156	26194	27534	1	27
JAEYSH010000156	27653	28918	1	28
JAEYSH010000156	29131	29331	1	29
JAEYSH010000156	29467	29607	-1	30
JAEYSH010000156	29683	29802	-1	31
JAEYSH010000156	29802	29978	-1	32
JAEYSH010000156	30351	31028	1	33
JAEYSH010000156	31033	31179	-1	34
JAEYSH010000156	31493	33928	-1	35
JAEYSH010000156	34214	35473	-1	36
JAEYSH010000157	3	434	-1	1
JAEYSH010000157	526	1569	1	2
JAEYSH010000157	1566	2711	1	3
JAEYSH010000157	2726	3154	1	4
JAEYSH010000157	3157	3645	1	5
JAEYSH010000158	3	362	1	1
JAEYSH010000158	374	601	-1	2
JAEYSH010000158	800	958	1	3
JAEYSH010000158	1467	2783	1	4
JAEYSH010000158	3058	3921	-1	5
JAEYSH010000158	4014	4622	1	6
JAEYSH010000158	4623	4895	1	7
JAEYSH010000158	4955	5452	-1	8
JAEYSH010000158	5565	6797	-1	9
JAEYSH010000158	6779	7549	-1	10
JAEYSH010000158	8178	8618	1	11
JAEYSH010000158	8621	9550	1	12
JAEYSH010000158	9551	10969	1	13
JAEYSH010000158	10991	12190	1	14
JAEYSH010000158	12499	12681	-1	15
JAEYSH010000158	12714	14000	-1	16
JAEYSH010000158	14165	15265	1	17
JAEYSH010000158	15256	15987	1	18
JAEYSH010000158	15990	16133	-1	19
JAEYSH010000158	16240	16338	1	20
JAEYSH010000158	16444	17445	1	21
JAEYSH010000158	17450	17881	1	22
JAEYSH010000158	18020	18481	1	23
JAEYSH010000158	18603	18785	1	24
JAEYSH010000158	19124	19987	1	25
JAEYSH010000158	20498	21673	-1	26
JAEYSH010000159	3	500	-1	1
JAEYSH010000159	531	1169	-1	2
JAEYSH010000159	1180	2871	-1	3
JAEYSH010000159	2873	3436	-1	4
JAEYSH010000160	1	1233	-1	1
JAEYSH010000160	1251	2612	-1	2
JAEYSH010000160	2993	4255	1	3
JAEYSH010000160	4273	4614	-1	4
JAEYSH010000160	4658	5638	-1	5
JAEYSH010000160	5696	7498	1	6
JAEYSH010000160	7519	8607	1	7
JAEYSH010000160	8896	11259	1	8
JAEYSH010000160	11270	11779	1	9
JAEYSH010000160	11825	13213	1	10
JAEYSH010000160	13228	13983	1	11
JAEYSH010000160	14021	14122	1	12
JAEYSH010000161	61	519	1	1
JAEYSH010000161	1357	3450	1	2
JAEYSH010000161	3682	4080	1	3
JAEYSH010000161	4205	4852	1	4
JAEYSH010000161	4949	5539	-1	5
JAEYSH010000161	5620	6546	-1	6
JAEYSH010000161	6606	7094	-1	7
JAEYSH010000162	1	1734	1	1
JAEYSH010000162	1764	2558	-1	2
JAEYSH010000162	2808	3107	1	3
JAEYSH010000162	3298	4335	1	4
JAEYSH010000163	1	1602	-1	1
JAEYSH010000163	1581	2096	-1	2
JAEYSH010000163	2116	3546	-1	3
JAEYSH010000163	3632	4831	-1	4
JAEYSH010000163	4836	5129	-1	5
JAEYSH010000163	5104	6216	-1	6
JAEYSH010000163	6256	6396	-1	7
JAEYSH010000164	3	125	1	1
JAEYSH010000164	144	368	-1	2
JAEYSH010000164	477	1178	-1	3
JAEYSH010000164	1575	2246	1	4
JAEYSH010000164	2256	2753	-1	5
JAEYSH010000164	2808	4523	-1	6
JAEYSH010000165	91	645	-1	1
JAEYSH010000165	1299	3014	1	2
JAEYSH010000166	3	851	-1	1
JAEYSH010000166	1266	2093	1	2
JAEYSH010000166	2128	2445	1	3
JAEYSH010000166	2454	2819	1	4
JAEYSH010000167	1	366	1	1
JAEYSH010000167	437	1486	1	2
JAEYSH010000167	1643	2992	1	3
JAEYSH010000167	2992	3978	1	4
JAEYSH010000167	4021	5844	1	5
JAEYSH010000167	5865	6389	1	6
JAEYSH010000168	372	1520	1	1
JAEYSH010000168	1639	2553	-1	2
JAEYSH010000168	2678	3406	-1	3
JAEYSH010000168	3580	5847	-1	4
JAEYSH010000168	5963	6544	1	5
JAEYSH010000168	6600	7040	1	6
JAEYSH010000169	2	631	1	1
JAEYSH010000169	688	957	-1	2
JAEYSH010000169	1003	1164	-1	3
JAEYSH010000169	1210	1860	-1	4
JAEYSH010000169	1884	2222	-1	5
JAEYSH010000169	2366	2926	-1	6
JAEYSH010000169	3169	3489	1	7
JAEYSH010000169	3489	3929	1	8
JAEYSH010000169	4034	4888	-1	9
JAEYSH010000169	5557	6504	-1	10
JAEYSH010000169	6479	7690	-1	11
JAEYSH010000169	7730	8326	-1	12
JAEYSH010000169	8447	9565	-1	13
JAEYSH010000169	9596	10507	-1	14
JAEYSH010000170	3	158	-1	1
JAEYSH010000170	245	1129	-1	2
JAEYSH010000170	1617	2579	1	3
JAEYSH010000170	2611	3600	1	4
JAEYSH010000170	3604	3804	-1	5
JAEYSH010000170	3848	4483	-1	6
JAEYSH010000170	4480	5154	-1	7
JAEYSH010000170	5343	6080	1	8
JAEYSH010000170	6077	6937	1	9
JAEYSH010000170	7105	8316	1	10
JAEYSH010000170	8345	8923	1	11
JAEYSH010000170	8946	9791	-1	12
JAEYSH010000170	9803	10663	-1	13
JAEYSH010000170	10836	11498	1	14
JAEYSH010000170	11676	12971	1	15
JAEYSH010000170	12972	13367	1	16
JAEYSH010000170	13411	14736	1	17
JAEYSH010000171	3	455	1	1
JAEYSH010000171	528	821	1	2
JAEYSH010000171	848	1063	1	3
JAEYSH010000171	1119	1922	-1	4
JAEYSH010000171	2000	2674	-1	5
JAEYSH010000171	2699	3541	-1	6
JAEYSH010000171	3565	4245	-1	7
JAEYSH010000171	4354	5022	-1	8
JAEYSH010000171	5329	5847	1	9
JAEYSH010000171	5844	6599	-1	10
JAEYSH010000171	6618	7016	-1	11
JAEYSH010000171	7013	7642	-1	12
JAEYSH010000171	7741	8022	-1	13
JAEYSH010000171	8050	8337	-1	14
JAEYSH010000171	8359	8769	-1	15
JAEYSH010000171	8788	9192	-1	16
JAEYSH010000171	9224	9553	-1	17
JAEYSH010000171	9550	9831	-1	18
JAEYSH010000171	9923	10663	-1	19
JAEYSH010000171	10663	11571	-1	20
JAEYSH010000171	11931	12683	1	21
JAEYSH010000171	12684	13157	-1	22
JAEYSH010000171	13191	13595	-1	23
JAEYSH010000171	13617	14081	-1	24
JAEYSH010000171	14186	15043	-1	25
JAEYSH010000171	15071	15436	-1	26
JAEYSH010000171	15452	16429	-1	27
JAEYSH010000171	16501	16968	-1	28
JAEYSH010000171	17289	18170	-1	29
JAEYSH010000171	18546	18878	-1	30
JAEYSH010000171	18899	19192	-1	31
JAEYSH010000171	19391	20209	-1	32
JAEYSH010000171	20241	20795	-1	33
JAEYSH010000171	20792	21529	-1	34
JAEYSH010000171	21572	22096	-1	35
JAEYSH010000171	22156	22692	-1	36
JAEYSH010000171	22693	23016	-1	37
JAEYSH010000171	23131	28416	-1	38
JAEYSH010000171	28637	29014	-1	39
JAEYSH010000171	29104	29610	1	40
JAEYSH010000171	29615	30406	-1	41
JAEYSH010000171	30519	32426	-1	42
JAEYSH010000171	32627	33430	-1	43
JAEYSH010000171	33540	33884	1	44
JAEYSH010000172	3	464	-1	1
JAEYSH010000172	682	1008	-1	2
JAEYSH010000172	1087	2187	-1	3
JAEYSH010000172	2205	2687	-1	4
JAEYSH010000172	2719	3696	-1	5
JAEYSH010000172	3757	3975	-1	6
JAEYSH010000173	2	1306	-1	1
JAEYSH010000173	1481	1786	-1	2
JAEYSH010000173	1983	2588	1	3
JAEYSH010000173	2766	3080	1	4
JAEYSH010000173	3092	3697	1	5
JAEYSH010000173	3712	4002	1	6
JAEYSH010000173	4437	5543	1	7
JAEYSH010000173	5536	6270	1	8
JAEYSH010000173	6345	7397	1	9
JAEYSH010000173	7390	8058	1	10
JAEYSH010000173	8242	8703	-1	11
JAEYSH010000173	8832	9269	-1	12
JAEYSH010000173	9266	9364	-1	13
JAEYSH010000173	9361	10143	-1	14
JAEYSH010000173	10208	10627	-1	15
JAEYSH010000173	10705	11385	-1	16
JAEYSH010000173	11438	12595	-1	17
JAEYSH010000173	13175	14026	1	18
JAEYSH010000173	14139	14699	1	19
JAEYSH010000173	14713	15216	-1	20
JAEYSH010000173	15293	16048	-1	21
JAEYSH010000173	16061	16513	-1	22
JAEYSH010000173	16585	16884	-1	23
JAEYSH010000173	17140	18240	1	24
JAEYSH010000173	18258	18872	-1	25
JAEYSH010000173	19032	20105	1	26
JAEYSH010000174	468	1268	-1	1
JAEYSH010000174	1878	2609	-1	2
JAEYSH010000174	2692	2940	-1	3
JAEYSH010000174	3200	3439	-1	4
JAEYSH010000175	260	1588	-1	1
JAEYSH010000175	1749	3074	-1	2
JAEYSH010000175	3490	4242	-1	3
JAEYSH010000175	4288	5337	-1	4
JAEYSH010000175	5513	6337	-1	5
JAEYSH010000175	6483	7106	-1	6
JAEYSH010000175	7200	7589	-1	7
JAEYSH010000176	3	425	1	1
JAEYSH010000176	548	760	1	2
JAEYSH010000176	1191	1928	-1	3
JAEYSH010000176	1933	2526	-1	4
JAEYSH010000176	2526	3170	-1	5
JAEYSH010000176	3950	4048	-1	6
JAEYSH010000177	2	2608	-1	1
JAEYSH010000177	2671	4083	-1	2
JAEYSH010000177	4169	6985	-1	3
JAEYSH010000177	7906	12219	-1	4
JAEYSH010000177	13225	13710	-1	5
JAEYSH010000177	13713	14189	-1	6
JAEYSH010000178	3	419	1	1
JAEYSH010000178	500	817	1	2
JAEYSH010000178	829	1170	1	3
JAEYSH010000178	1428	1610	1	4
JAEYSH010000178	1619	2758	1	5
JAEYSH010000178	2780	3193	-1	6
JAEYSH010000178	3357	3797	1	7
JAEYSH010000178	3831	4595	-1	8
JAEYSH010000178	4596	5537	-1	9
JAEYSH010000178	5940	7304	1	10
JAEYSH010000178	7316	8140	-1	11
JAEYSH010000178	8188	9660	-1	12
JAEYSH010000178	9703	10428	-1	13
JAEYSH010000178	10487	11173	-1	14
JAEYSH010000178	11219	11863	-1	15
JAEYSH010000178	12097	12456	1	16
JAEYSH010000179	198	659	-1	1
JAEYSH010000179	834	2429	-1	2
JAEYSH010000179	2448	2657	-1	3
JAEYSH010000180	3	137	1	1
JAEYSH010000180	369	824	1	2
JAEYSH010000180	1097	2419	1	3
JAEYSH010000180	2780	3313	-1	4
JAEYSH010000180	3555	4088	1	5
JAEYSH010000181	1	183	1	1
JAEYSH010000181	229	609	-1	2
JAEYSH010000181	837	1562	1	3
JAEYSH010000181	1595	2257	1	4
JAEYSH010000181	2266	3144	-1	5
JAEYSH010000181	3149	5833	-1	6
JAEYSH010000181	6050	6706	-1	7
JAEYSH010000181	6699	7802	-1	8
JAEYSH010000181	8096	9004	1	9
JAEYSH010000181	9055	9474	-1	10
JAEYSH010000181	9656	10225	-1	11
JAEYSH010000181	10227	10814	-1	12
JAEYSH010000181	10833	11504	-1	13
JAEYSH010000181	11849	12190	1	14
JAEYSH010000182	1	66	1	1
JAEYSH010000182	76	546	1	2
JAEYSH010000182	550	1392	1	3
JAEYSH010000182	1404	2288	1	4
JAEYSH010000182	2384	2707	1	5
JAEYSH010000182	2824	3621	1	6
JAEYSH010000182	3693	4598	-1	7
JAEYSH010000182	5350	5781	1	8
JAEYSH010000182	5785	6309	1	9
JAEYSH010000183	166	813	1	1
JAEYSH010000183	918	1235	1	2
JAEYSH010000183	1240	1581	1	3
JAEYSH010000183	1881	2585	1	4
JAEYSH010000183	2822	3187	1	5
JAEYSH010000183	3216	3509	1	6
JAEYSH010000183	3540	4244	1	7
JAEYSH010000183	4241	4729	-1	8
JAEYSH010000183	4818	4946	-1	9
JAEYSH010000183	5322	6518	1	10
JAEYSH010000183	6536	7672	-1	11
JAEYSH010000183	7881	8318	1	12
JAEYSH010000183	8775	9215	1	13
JAEYSH010000183	9299	9553	-1	14
JAEYSH010000183	9566	11842	-1	15
JAEYSH010000183	12030	12803	-1	16
JAEYSH010000183	13069	13980	1	17
JAEYSH010000183	14099	14293	1	18
JAEYSH010000183	14328	15206	-1	19
JAEYSH010000183	15236	15919	-1	20
JAEYSH010000183	16317	16571	-1	21
JAEYSH010000183	16581	16931	-1	22
JAEYSH010000183	16949	17209	-1	23
JAEYSH010000183	17206	17673	-1	24
JAEYSH010000183	17701	17832	-1	25
JAEYSH010000183	17883	18152	-1	26
JAEYSH010000183	18310	19101	-1	27
JAEYSH010000183	19094	19813	-1	28
JAEYSH010000183	19810	20556	-1	29
JAEYSH010000183	20704	21396	-1	30
JAEYSH010000183	21399	22151	-1	31
JAEYSH010000184	2	601	1	1
JAEYSH010000184	598	1200	1	2
JAEYSH010000184	1278	2660	1	3
JAEYSH010000184	2993	3598	1	4
JAEYSH010000184	3623	5917	1	5
JAEYSH010000184	6372	7529	1	6
JAEYSH010000184	7585	7740	-1	7
JAEYSH010000184	7811	8266	-1	8
JAEYSH010000184	8362	8748	-1	9
JAEYSH010000184	8741	9388	-1	10
JAEYSH010000184	9419	10810	-1	11
JAEYSH010000184	10813	12564	-1	12
JAEYSH010000184	12561	12875	-1	13
JAEYSH010000184	12872	14029	-1	14
JAEYSH010000184	14041	14664	-1	15
JAEYSH010000184	14678	15163	-1	16
JAEYSH010000184	15164	17155	-1	17
JAEYSH010000184	17210	17524	-1	18
JAEYSH010000184	17637	18446	-1	19
JAEYSH010000184	18453	19313	-1	20
JAEYSH010000184	19343	19777	-1	21
JAEYSH010000184	19740	20240	-1	22
JAEYSH010000184	20241	21557	-1	23
JAEYSH010000184	22056	22502	1	24
JAEYSH010000184	22521	23351	-1	25
JAEYSH010000185	3	1811	1	1
JAEYSH010000185	1823	3532	-1	2
JAEYSH010000185	3753	3890	1	3
JAEYSH010000186	316	1068	1	1
JAEYSH010000186	1065	1211	1	2
JAEYSH010000186	1219	1833	1	3
JAEYSH010000186	2082	2312	-1	4
JAEYSH010000186	2331	2645	-1	5
JAEYSH010000187	2	889	-1	1
JAEYSH010000187	900	1991	-1	2
JAEYSH010000187	2003	2917	-1	3
JAEYSH010000187	2919	3653	-1	4
JAEYSH010000187	3665	4099	-1	5
JAEYSH010000187	4104	6584	-1	6
JAEYSH010000187	6906	7193	1	7
JAEYSH010000187	7211	7513	-1	8
JAEYSH010000187	7605	7766	1	9
JAEYSH010000187	7736	8407	1	10
JAEYSH010000187	8404	9129	1	11
JAEYSH010000187	9149	11104	-1	12
JAEYSH010000188	2	301	-1	1
JAEYSH010000188	602	820	-1	2
JAEYSH010000188	1099	1512	1	3
JAEYSH010000188	1582	2421	1	4
JAEYSH010000188	2829	3980	1	5
JAEYSH010000188	4046	5113	1	6
JAEYSH010000189	2	373	-1	1
JAEYSH010000189	583	1026	-1	2
JAEYSH010000189	1099	2217	-1	3
JAEYSH010000189	2423	4429	1	4
JAEYSH010000189	4795	5334	1	5
JAEYSH010000189	5768	7294	1	6
JAEYSH010000189	7775	8623	1	7
JAEYSH010000189	8633	9544	-1	8
JAEYSH010000190	323	1978	-1	1
JAEYSH010000190	2256	3350	1	2
JAEYSH010000191	177	497	-1	1
JAEYSH010000191	525	905	-1	2
JAEYSH010000191	953	1684	-1	3
JAEYSH010000191	1731	2666	-1	4
JAEYSH010000191	2725	3687	-1	5
JAEYSH010000192	3	980	-1	1
JAEYSH010000192	1228	1977	-1	2
JAEYSH010000192	2089	3747	1	3
JAEYSH010000192	3768	4118	1	4
JAEYSH010000192	4218	4658	1	5
JAEYSH010000192	4995	5306	1	6
JAEYSH010000192	5433	6008	1	7
JAEYSH010000192	6046	6777	-1	8
JAEYSH010000192	6869	7036	-1	9
JAEYSH010000193	1	639	-1	1
JAEYSH010000193	693	2180	-1	2
JAEYSH010000193	2300	3013	-1	3
JAEYSH010000193	3164	4375	-1	4
JAEYSH010000193	4375	5073	-1	5
JAEYSH010000193	5237	6130	-1	6
JAEYSH010000193	7051	7257	-1	7
JAEYSH010000193	7490	8488	1	8
JAEYSH010000193	8538	9590	1	9
JAEYSH010000193	9593	10594	-1	10
JAEYSH010000193	10587	11522	-1	11
JAEYSH010000194	3	149	1	1
JAEYSH010000194	484	1341	1	2
JAEYSH010000194	1373	1792	-1	3
JAEYSH010000194	2096	2503	-1	4
JAEYSH010000194	2500	2931	-1	5
JAEYSH010000194	2931	4385	-1	6
JAEYSH010000194	4385	5869	-1	7
JAEYSH010000194	5866	8598	-1	8
JAEYSH010000194	8611	8736	-1	9
JAEYSH010000195	1	1176	1	1
JAEYSH010000195	1242	1685	-1	2
JAEYSH010000195	1813	2250	1	3
JAEYSH010000195	2262	3101	-1	4
JAEYSH010000195	3109	3387	-1	5
JAEYSH010000195	3462	4424	-1	6
JAEYSH010000195	4480	5343	-1	7
JAEYSH010000195	6010	6213	1	8
JAEYSH010000195	6258	6548	1	9
JAEYSH010000195	6553	7215	-1	10
JAEYSH010000195	7281	7574	-1	11
JAEYSH010000195	8006	8314	1	12
JAEYSH010000195	8351	10942	-1	13
JAEYSH010000195	10964	11737	-1	14
JAEYSH010000195	11899	12459	1	15
JAEYSH010000195	12465	13160	-1	16
JAEYSH010000195	13270	13737	1	17
JAEYSH010000195	13764	14588	-1	18
JAEYSH010000195	14729	15010	1	19
JAEYSH010000195	15035	15286	-1	20
JAEYSH010000195	15418	16368	-1	21
JAEYSH010000195	16374	16574	-1	22
JAEYSH010000195	16763	17236	-1	23
JAEYSH010000195	17390	18187	1	24
JAEYSH010000195	18433	19380	1	25
JAEYSH010000195	19485	20423	1	26
JAEYSH010000195	20431	20943	-1	27
JAEYSH010000195	20998	21642	-1	28
JAEYSH010000195	21787	22428	1	29
JAEYSH010000195	22463	22648	1	30
JAEYSH010000195	22670	23251	-1	31
JAEYSH010000195	23286	23960	-1	32
JAEYSH010000195	24313	26361	-1	33
JAEYSH010000195	26507	29413	-1	34
JAEYSH010000195	29413	31368	-1	35
JAEYSH010000195	31589	32380	1	36
JAEYSH010000195	32473	34251	1	37
JAEYSH010000195	34325	35569	1	38
JAEYSH010000195	35618	36331	1	39
JAEYSH010000195	36368	37399	-1	40
JAEYSH010000195	37451	37699	-1	41
JAEYSH010000196	3	404	1	1
JAEYSH010000196	414	800	1	2
JAEYSH010000196	963	1457	1	3
JAEYSH010000196	1632	3815	1	4
JAEYSH010000196	3884	4309	-1	5
JAEYSH010000196	4573	5022	1	6
JAEYSH010000196	5028	6329	-1	7
JAEYSH010000196	7328	7654	1	8
JAEYSH010000196	7692	8012	1	9
JAEYSH010000196	8009	8932	-1	10
JAEYSH010000197	3	218	1	1
JAEYSH010000197	693	2381	1	2
JAEYSH010000197	2492	3652	-1	3
JAEYSH010000197	3825	4523	-1	4
JAEYSH010000197	4787	5398	-1	5
JAEYSH010000197	5500	6072	1	6
JAEYSH010000197	6094	6339	1	7
JAEYSH010000197	6369	7025	1	8
JAEYSH010000197	7047	7721	1	9
JAEYSH010000197	7891	8235	1	10
JAEYSH010000197	8493	9020	1	11
JAEYSH010000197	9010	10179	1	12
JAEYSH010000197	10215	11315	1	13
JAEYSH010000197	11363	12349	-1	14
JAEYSH010000197	12388	13869	-1	15
JAEYSH010000197	14027	14668	1	16
JAEYSH010000197	14870	15685	1	17
JAEYSH010000197	15730	16740	1	18
JAEYSH010000197	16779	17162	1	19
JAEYSH010000198	2	118	1	1
JAEYSH010000198	338	601	1	2
JAEYSH010000198	608	1075	-1	3
JAEYSH010000198	1640	2659	1	4
JAEYSH010000198	2725	3399	1	5
JAEYSH010000198	3590	4555	1	6
JAEYSH010000198	4578	5015	1	7
JAEYSH010000198	5050	6126	1	8
JAEYSH010000198	6139	6537	-1	9
JAEYSH010000198	6898	7362	1	10
JAEYSH010000198	7374	8102	1	11
JAEYSH010000198	8083	8790	1	12
JAEYSH010000198	8798	8965	1	13
JAEYSH010000198	8983	9591	1	14
JAEYSH010000198	9625	9882	-1	15
JAEYSH010000198	10483	11103	1	16
JAEYSH010000198	11131	12072	-1	17
JAEYSH010000198	12073	12246	-1	18
JAEYSH010000199	278	2542	-1	1
JAEYSH010000199	2547	3881	-1	2
JAEYSH010000199	3883	5385	-1	3
JAEYSH010000199	5521	5733	-1	4
JAEYSH010000200	3	440	-1	1
JAEYSH010000200	473	1171	-1	2
JAEYSH010000200	1205	2347	-1	3
JAEYSH010000200	2310	2783	-1	4
JAEYSH010000200	2830	4104	-1	5
JAEYSH010000200	4101	5456	-1	6
JAEYSH010000200	5478	6503	-1	7
JAEYSH010000201	1	330	1	1
JAEYSH010000201	546	704	1	2
JAEYSH010000201	733	1122	1	3
JAEYSH010000201	1179	2369	-1	4
JAEYSH010000202	1	657	-1	1
JAEYSH010000202	1136	1333	1	2
JAEYSH010000202	1650	3341	1	3
JAEYSH010000202	3758	4489	1	4
JAEYSH010000202	4530	4826	1	5
JAEYSH010000202	5122	6120	-1	6
JAEYSH010000202	6263	6343	1	7
JAEYSH010000203	1	327	1	1
JAEYSH010000203	405	1484	1	2
JAEYSH010000203	1497	2912	1	3
JAEYSH010000203	2992	3447	1	4
JAEYSH010000203	3454	4731	1	5
JAEYSH010000203	4793	5143	1	6
JAEYSH010000203	5176	5634	-1	7
JAEYSH010000204	1	324	-1	1
JAEYSH010000204	383	1615	-1	2
JAEYSH010000204	1628	2392	-1	3
JAEYSH010000204	2562	3518	1	4
JAEYSH010000205	145	1422	-1	1
JAEYSH010000205	1368	2210	-1	2
JAEYSH010000205	2219	2713	-1	3
JAEYSH010000205	2842	3852	-1	4
JAEYSH010000205	3955	4836	-1	5
JAEYSH010000205	4989	6182	-1	6
JAEYSH010000205	6233	6535	-1	7
JAEYSH010000205	6792	7997	-1	8
JAEYSH010000205	8032	8904	-1	9
JAEYSH010000206	3	806	1	1
JAEYSH010000206	920	1789	1	2
JAEYSH010000206	1786	2739	1	3
JAEYSH010000206	3050	3649	1	4
JAEYSH010000206	3738	4967	-1	5
JAEYSH010000206	5211	5900	1	6
JAEYSH010000206	6096	6293	1	7
JAEYSH010000207	2	487	-1	1
JAEYSH010000207	908	2221	1	2
JAEYSH010000207	2239	3210	1	3
JAEYSH010000207	3221	4606	-1	4
JAEYSH010000207	4640	5191	-1	5
JAEYSH010000207	5195	6136	-1	6
JAEYSH010000207	6190	7314	-1	7
JAEYSH010000207	8170	8487	-1	8
JAEYSH010000207	8477	9250	-1	9
JAEYSH010000207	9485	9886	-1	10
JAEYSH010000207	10021	10818	-1	11
JAEYSH010000207	10994	11521	-1	12
JAEYSH010000207	11594	12841	-1	13
JAEYSH010000207	12919	14238	-1	14
JAEYSH010000207	14258	15535	-1	15
JAEYSH010000207	15800	16138	1	16
JAEYSH010000207	16213	17604	1	17
JAEYSH010000208	1	420	1	1
JAEYSH010000208	519	863	1	2
JAEYSH010000208	879	1232	1	3
JAEYSH010000208	1237	2538	-1	4
JAEYSH010000208	2586	5522	-1	5
JAEYSH010000208	5849	6175	1	6
JAEYSH010000209	3	389	1	1
JAEYSH010000209	386	751	1	2
JAEYSH010000209	783	896	1	3
JAEYSH010000209	897	1277	1	4
JAEYSH010000209	1280	1402	1	5
JAEYSH010000209	1503	3485	1	6
JAEYSH010000209	3482	3760	1	7
JAEYSH010000210	3	287	-1	1
JAEYSH010000210	340	918	-1	2
JAEYSH010000210	954	2081	-1	3
JAEYSH010000210	2116	3519	1	4
JAEYSH010000210	3532	4830	-1	5
JAEYSH010000210	5208	6758	-1	6
JAEYSH010000210	6891	8468	1	7
JAEYSH010000210	8489	8938	1	8
JAEYSH010000210	8956	9516	1	9
JAEYSH010000210	9548	11311	1	10
JAEYSH010000211	2	1705	-1	1
JAEYSH010000211	1784	2866	-1	2
JAEYSH010000211	2991	3431	-1	3
JAEYSH010000211	3451	3846	1	4
JAEYSH010000211	3890	6421	1	5
JAEYSH010000211	6442	7224	1	6
JAEYSH010000211	7304	7852	1	7
JAEYSH010000212	1	888	-1	1
JAEYSH010000212	1282	2169	1	2
JAEYSH010000212	2187	2348	-1	3
JAEYSH010000212	2460	2636	-1	4
JAEYSH010000212	2707	3372	1	5
JAEYSH010000213	2	1054	-1	1
JAEYSH010000213	1334	2869	1	2
JAEYSH010000214	3	611	1	1
JAEYSH010000214	730	1797	1	2
JAEYSH010000214	2008	2595	1	3
JAEYSH010000214	2608	2958	-1	4
JAEYSH010000214	3002	3664	-1	5
JAEYSH010000214	3887	4045	1	6
JAEYSH010000214	4286	5434	1	7
JAEYSH010000215	455	742	1	1
JAEYSH010000215	1038	1883	1	2
JAEYSH010000215	2025	3149	1	3
JAEYSH010000215	3250	4386	1	4
JAEYSH010000215	4383	5432	1	5
JAEYSH010000215	5595	7724	1	6
JAEYSH010000215	7717	8853	1	7
JAEYSH010000215	8894	10030	1	8
JAEYSH010000215	10044	11138	-1	9
JAEYSH010000215	11176	12369	-1	10
JAEYSH010000215	12387	13817	-1	11
JAEYSH010000215	13935	15029	1	12
JAEYSH010000215	15026	16165	1	13
JAEYSH010000215	16162	16710	1	14
JAEYSH010000215	16732	17934	1	15
JAEYSH010000215	17940	18869	-1	16
JAEYSH010000215	18901	19326	-1	17
JAEYSH010000215	19549	20910	1	18
JAEYSH010000216	518	1315	1	1
JAEYSH010000216	1389	1736	1	2
JAEYSH010000216	2080	3330	1	3
JAEYSH010000217	1	255	-1	1
JAEYSH010000217	353	658	-1	2
JAEYSH010000217	715	1719	-1	3
JAEYSH010000217	1719	2357	-1	4
JAEYSH010000217	2442	2921	-1	5
JAEYSH010000217	2921	3364	-1	6
JAEYSH010000217	3410	3601	-1	7
JAEYSH010000217	3797	4513	-1	8
JAEYSH010000218	1	582	1	1
JAEYSH010000218	572	940	1	2
JAEYSH010000218	953	1573	-1	3
JAEYSH010000218	1870	3681	1	4
JAEYSH010000218	3822	5012	1	5
JAEYSH010000218	5033	5401	-1	6
JAEYSH010000218	5526	5975	1	7
JAEYSH010000218	5981	6463	-1	8
JAEYSH010000218	6801	9563	1	9
JAEYSH010000218	9694	10050	1	10
JAEYSH010000218	10087	11106	1	11
JAEYSH010000218	11108	11818	-1	12
JAEYSH010000218	11829	12566	-1	13
JAEYSH010000218	12856	13926	1	14
JAEYSH010000218	14037	15095	1	15
JAEYSH010000218	15129	15722	1	16
JAEYSH010000218	15853	17214	1	17
JAEYSH010000218	17382	18548	1	18
JAEYSH010000218	18559	18993	1	19
JAEYSH010000218	19132	19749	1	20
JAEYSH010000218	19843	20907	1	21
JAEYSH010000218	20922	21485	-1	22
JAEYSH010000219	3	1307	-1	1
JAEYSH010000219	1335	2576	-1	2
JAEYSH010000220	2	886	1	1
JAEYSH010000220	893	1387	1	2
JAEYSH010000220	1428	4223	-1	3
JAEYSH010000220	4610	5155	-1	4
JAEYSH010000220	5177	5998	-1	5
JAEYSH010000220	6014	7048	-1	6
JAEYSH010000220	7237	7566	1	7
JAEYSH010000220	8106	8594	1	8
JAEYSH010000220	8685	9131	-1	9
JAEYSH010000220	9558	10760	1	10
JAEYSH010000220	10857	11477	1	11
JAEYSH010000220	11521	12192	1	12
JAEYSH010000220	12197	12886	-1	13
JAEYSH010000220	12959	13951	-1	14
JAEYSH010000221	3	332	-1	1
JAEYSH010000221	534	962	-1	2
JAEYSH010000221	1133	1507	1	3
JAEYSH010000221	1517	2164	-1	4
JAEYSH010000221	2251	2604	1	5
JAEYSH010000221	2606	3277	-1	6
JAEYSH010000222	2	481	1	1
JAEYSH010000222	695	1870	1	2
JAEYSH010000222	1870	2721	1	3
JAEYSH010000222	2755	3912	-1	4
JAEYSH010000222	4100	4858	1	5
JAEYSH010000222	4868	5143	-1	6
JAEYSH010000222	5301	5633	1	7
JAEYSH010000222	5648	5905	-1	8
JAEYSH010000222	6464	7588	1	9
JAEYSH010000222	7585	7761	-1	10
JAEYSH010000222	7935	10220	1	11
JAEYSH010000222	10301	10738	1	12
JAEYSH010000222	10849	11586	1	13
JAEYSH010000222	12021	12896	1	14
JAEYSH010000222	13219	14667	1	15
JAEYSH010000222	15186	16856	-1	16
JAEYSH010000222	17228	17998	1	17
JAEYSH010000222	18225	19142	1	18
JAEYSH010000222	19188	19589	-1	19
JAEYSH010000222	19825	20958	1	20
JAEYSH010000222	21991	22686	1	21
JAEYSH010000222	22811	23470	1	22
JAEYSH010000222	23714	24703	1	23
JAEYSH010000222	24774	25199	-1	24
JAEYSH010000222	25260	25547	-1	25
JAEYSH010000222	25779	29465	-1	26
JAEYSH010000222	29924	31903	1	27
JAEYSH010000222	31936	32703	1	28
JAEYSH010000222	32760	33092	-1	29
JAEYSH010000222	33139	33783	-1	30
JAEYSH010000222	34001	35365	-1	31
JAEYSH010000222	35377	36327	-1	32
JAEYSH010000222	36377	36865	-1	33
JAEYSH010000222	36980	37279	-1	34
JAEYSH010000222	37342	38334	-1	35
JAEYSH010000222	38508	39224	-1	36
JAEYSH010000223	148	3882	1	1
JAEYSH010000223	4066	4410	1	2
JAEYSH010000223	4773	6800	1	3
JAEYSH010000223	6856	7776	-1	4
JAEYSH010000224	46	336	1	1
JAEYSH010000224	368	694	1	2
JAEYSH010000224	884	1453	1	3
JAEYSH010000224	1512	2114	1	4
JAEYSH010000224	2419	2535	1	5
JAEYSH010000225	53	2005	-1	1
JAEYSH010000225	2431	3312	1	2
JAEYSH010000225	3389	3730	-1	3
JAEYSH010000225	3902	4810	-1	4
JAEYSH010000225	4856	5323	-1	5
JAEYSH010000225	5483	6166	-1	6
JAEYSH010000225	6328	6666	-1	7
JAEYSH010000225	6684	7853	-1	8
JAEYSH010000226	3	1061	1	1
JAEYSH010000226	1276	2736	1	2
JAEYSH010000227	2	148	1	1
JAEYSH010000227	150	830	-1	2
JAEYSH010000227	845	1645	-1	3
JAEYSH010000227	1666	2109	-1	4
JAEYSH010000227	2178	2561	-1	5
JAEYSH010000228	1	1140	1	1
JAEYSH010000228	1375	2340	1	2
JAEYSH010000228	2378	3799	1	3
JAEYSH010000228	3815	4186	-1	4
JAEYSH010000228	4463	4669	1	5
JAEYSH010000228	4673	6280	1	6
JAEYSH010000228	6368	6778	-1	7
JAEYSH010000228	7115	7237	-1	8
JAEYSH010000229	3	500	1	1
JAEYSH010000229	539	1576	1	2
JAEYSH010000229	1668	2927	1	3
JAEYSH010000229	2962	3987	1	4
JAEYSH010000229	3992	4867	1	5
JAEYSH010000229	4877	5779	1	6
JAEYSH010000229	5809	6567	1	7
JAEYSH010000229	6557	7192	1	8
JAEYSH010000229	7456	7911	1	9
JAEYSH010000229	7922	9364	-1	10
JAEYSH010000229	9557	10924	-1	11
JAEYSH010000229	11085	12347	-1	12
JAEYSH010000229	12776	14230	1	13
JAEYSH010000229	14232	14444	1	14
JAEYSH010000229	14471	14959	1	15
JAEYSH010000229	14983	15993	1	16
JAEYSH010000229	16033	17244	1	17
JAEYSH010000229	17542	19038	1	18
JAEYSH010000229	19060	20220	1	19
JAEYSH010000229	20343	20762	1	20
JAEYSH010000229	20783	21664	1	21
JAEYSH010000229	21708	22118	-1	22
JAEYSH010000229	22342	23235	1	23
JAEYSH010000229	23236	25401	1	24
JAEYSH010000229	25411	25944	1	25
JAEYSH010000230	3	209	1	1
JAEYSH010000230	450	833	1	2
JAEYSH010000230	858	1367	1	3
JAEYSH010000230	1377	1823	1	4
JAEYSH010000230	1969	3063	1	5
JAEYSH010000230	3079	5937	-1	6
JAEYSH010000230	6141	6926	-1	7
JAEYSH010000230	6981	7910	-1	8
JAEYSH010000230	8301	10412	1	9
JAEYSH010000230	10414	11106	1	10
JAEYSH010000230	11212	11442	1	11
JAEYSH010000230	11848	12888	1	12
JAEYSH010000230	12933	14090	1	13
JAEYSH010000230	14244	14588	-1	14
JAEYSH010000231	359	1033	-1	1
JAEYSH010000231	1060	2760	-1	2
JAEYSH010000231	2786	4690	-1	3
JAEYSH010000231	4812	5633	-1	4
JAEYSH010000231	5948	6244	-1	5
JAEYSH010000232	2	214	-1	1
JAEYSH010000232	546	980	1	2
JAEYSH010000232	981	1706	1	3
JAEYSH010000232	2210	2872	-1	4
JAEYSH010000232	3293	3559	-1	5
JAEYSH010000232	3579	4217	-1	6
JAEYSH010000233	3	464	1	1
JAEYSH010000233	478	924	-1	2
JAEYSH010000233	1017	2057	-1	3
JAEYSH010000233	2142	2435	1	4
JAEYSH010000233	2440	2802	1	5
JAEYSH010000233	2863	4167	-1	6
JAEYSH010000233	4196	4867	-1	7
JAEYSH010000233	4939	5988	-1	8
JAEYSH010000233	6616	9414	1	9
JAEYSH010000233	9438	10955	1	10
JAEYSH010000233	10987	12108	1	11
JAEYSH010000233	12168	12830	1	12
JAEYSH010000233	12866	13081	-1	13
JAEYSH010000233	13131	13832	-1	14
JAEYSH010000233	14001	14780	1	15
JAEYSH010000234	2	691	1	1
JAEYSH010000234	684	917	1	2
JAEYSH010000234	922	1188	1	3
JAEYSH010000234	1310	1486	-1	4
JAEYSH010000234	1787	2707	1	5
JAEYSH010000234	2720	2824	1	6
JAEYSH010000235	2	265	1	1
JAEYSH010000235	301	1488	-1	2
JAEYSH010000235	1910	3244	1	3
JAEYSH010000236	48	251	-1	1
JAEYSH010000236	317	1672	1	2
JAEYSH010000236	1912	3045	1	3
JAEYSH010000236	3042	3869	-1	4
JAEYSH010000236	3879	5819	-1	5
JAEYSH010000236	5819	5941	-1	6
JAEYSH010000236	5934	6584	-1	7
JAEYSH010000236	6623	7378	-1	8
JAEYSH010000236	7371	8228	-1	9
JAEYSH010000236	8533	8958	1	10
JAEYSH010000236	9763	11697	-1	11
JAEYSH010000237	63	401	-1	1
JAEYSH010000237	461	1702	-1	2
JAEYSH010000237	1976	3475	-1	3
JAEYSH010000237	3476	4531	-1	4
JAEYSH010000237	4574	4792	-1	5
JAEYSH010000238	2	364	1	1
JAEYSH010000238	409	741	1	2
JAEYSH010000238	1707	2324	1	3
JAEYSH010000238	2720	3406	1	4
JAEYSH010000238	3629	3889	-1	5
JAEYSH010000238	3928	4161	-1	6
JAEYSH010000238	4192	4422	-1	7
JAEYSH010000238	4437	5777	-1	8
JAEYSH010000238	5859	5993	-1	9
JAEYSH010000239	3	311	1	1
JAEYSH010000239	825	998	-1	2
JAEYSH010000239	1155	1496	1	3
JAEYSH010000239	1555	1836	1	4
JAEYSH010000239	1799	3709	-1	5
JAEYSH010000239	3887	4819	1	6
JAEYSH010000239	4833	5987	1	7
JAEYSH010000239	6189	6704	-1	8
JAEYSH010000239	7758	7874	-1	9
JAEYSH010000239	8713	9453	-1	10
JAEYSH010000239	10323	11648	-1	11
JAEYSH010000239	11729	12361	-1	12
JAEYSH010000239	12652	12888	1	13
JAEYSH010000239	12930	13340	-1	14
JAEYSH010000239	13733	13915	-1	15
JAEYSH010000239	14107	14376	1	16
JAEYSH010000239	14656	14961	1	17
JAEYSH010000240	3	227	-1	1
JAEYSH010000240	402	1559	1	2
JAEYSH010000240	1574	1774	1	3
JAEYSH010000240	2426	2734	-1	4
JAEYSH010000241	139	2601	1	1
JAEYSH010000241	2792	5545	1	2
JAEYSH010000241	5929	6378	1	3
JAEYSH010000241	6495	7196	-1	4
JAEYSH010000242	356	688	-1	1
JAEYSH010000242	861	1619	-1	2
JAEYSH010000242	1865	2572	1	3
JAEYSH010000242	2613	4016	-1	4
JAEYSH010000243	3	1784	1	1
JAEYSH010000243	1774	3192	1	2
JAEYSH010000243	3246	4901	1	3
JAEYSH010000244	3	314	-1	1
JAEYSH010000244	311	1120	-1	2
JAEYSH010000244	1330	1914	-1	3
JAEYSH010000244	2060	3184	1	4
JAEYSH010000245	2	1003	-1	1
JAEYSH010000245	1580	2284	-1	2
JAEYSH010000245	2738	4387	-1	3
JAEYSH010000245	4389	5183	-1	4
JAEYSH010000245	5186	5674	-1	5
JAEYSH010000245	5698	7029	-1	6
JAEYSH010000245	7667	8569	1	7
JAEYSH010000245	8684	8944	1	8
JAEYSH010000245	8949	10073	1	9
JAEYSH010000245	10168	10635	1	10
JAEYSH010000246	52	711	-1	1
JAEYSH010000246	729	1226	-1	2
JAEYSH010000246	1500	1877	-1	3
JAEYSH010000246	2045	2401	-1	4
JAEYSH010000246	2875	3048	-1	5
JAEYSH010000246	3078	3239	-1	6
JAEYSH010000246	3265	3633	1	7
JAEYSH010000246	3529	3894	-1	8
JAEYSH010000246	3907	4245	-1	9
JAEYSH010000246	4262	4672	-1	10
JAEYSH010000246	4757	4981	-1	11
JAEYSH010000246	5162	5941	1	12
JAEYSH010000246	6094	7086	-1	13
JAEYSH010000246	7628	11674	1	14
JAEYSH010000246	12133	12432	-1	15
JAEYSH010000246	12429	13103	-1	16
JAEYSH010000246	13672	13896	1	17
