Hmm	ORF	tlen	qlen	Eval	score	start	end	Acc	Pos	Cov_seq	Cov_hmm	strand
AbiEii_0_CAS-III	JAEYSH010000001_6	310	284	2.1e-05	21.5	3963	4892	JAEYSH010000001	6	0.25483870967741934	0.27816901408450706	-1
AbiEii_0_CAS-III	JAEYSH010000006_1	411	284	0.0074	13.2	86	1318	JAEYSH010000006	1	0.06326034063260341	0.0880281690140845	1
AbiEii_0_CAS-III	JAEYSH010000009_14	344	284	1.9e-07	28.3	11866	12897	JAEYSH010000009	14	0.5290697674418605	0.5915492957746479	-1
AbiEii_0_CAS-III	JAEYSH010000049_15	252	284	0.0016	15.3	11946	12701	JAEYSH010000049	15	0.2698412698412698	0.22535211267605634	1
AbiEii_0_CAS-III	JAEYSH010000056_4	245	284	0.0013	15.7	2109	2843	JAEYSH010000056	4	0.5428571428571428	0.44014084507042256	1
AbiEii_0_CAS-III	JAEYSH010000056_6	610	284	6.5e-05	19.9	4882	6711	JAEYSH010000056	6	0.30491803278688523	0.6443661971830986	1
AbiEii_0_CAS-III	JAEYSH010000060_5	366	284	3e-06	24.3	2643	3740	JAEYSH010000060	5	0.4180327868852459	0.4154929577464789	1
AbiEii_0_CAS-III	JAEYSH010000075_1	146	284	9.8e-05	19.4	2	439	JAEYSH010000075	1	0.21232876712328766	0.11267605633802817	-1
AbiEii_0_CAS-III	JAEYSH010000081_2	280	284	3.8e-09	33.8	1065	1904	JAEYSH010000081	2	0.5142857142857142	0.5105633802816901	1
AbiEii_0_CAS-III	JAEYSH010000097_21	548	284	0.047	10.6	26131	27774	JAEYSH010000097	21	0.18613138686131386	0.2992957746478873	-1
AbiEii_0_CAS-III	JAEYSH010000099_10	250	284	0.00022	18.2	9997	10746	JAEYSH010000099	10	0.436	0.3591549295774648	1
AbiEii_0_CAS-III	JAEYSH010000103_22	569	284	0.0014	15.6	14786	16492	JAEYSH010000103	22	0.14411247803163443	0.14788732394366197	-1
AbiEii_0_CAS-III	JAEYSH010000107_3	728	284	0.0031	14.4	2060	4243	JAEYSH010000107	3	0.0521978021978022	0.06690140845070422	-1
AbiEii_0_CAS-III	JAEYSH010000145_5	314	284	9.2e-07	26.0	2770	3711	JAEYSH010000145	5	0.37898089171974525	0.352112676056338	1
AbiEii_0_CAS-III	JAEYSH010000146_24	299	284	7.1e-07	26.4	18330	19226	JAEYSH010000146	24	0.4782608695652174	0.44014084507042256	1
AbiEii_0_CAS-III	JAEYSH010000150_11	630	284	0.032	11.1	10656	12545	JAEYSH010000150	11	0.3142857142857143	0.545774647887324	1
AbiEii_0_CAS-III	JAEYSH010000150_15	217	284	0.012	12.6	14347	14997	JAEYSH010000150	15	0.20276497695852536	0.15140845070422534	-1
AbiEii_0_CAS-III	JAEYSH010000156_11	230	284	0.00011	19.3	8660	9349	JAEYSH010000156	11	0.5	0.38028169014084506	-1
AbiEii_0_CAS-III	JAEYSH010000158_10	257	284	4.6e-05	20.4	6779	7549	JAEYSH010000158	10	0.31906614785992216	0.3028169014084507	-1
AbiEii_0_CAS-III	JAEYSH010000171_20	303	284	0.00018	18.5	10663	11571	JAEYSH010000171	20	0.31683168316831684	0.3274647887323944	-1
AbiEii_0_CAS-III	JAEYSH010000173_10	223	284	0.0074	13.2	7390	8058	JAEYSH010000173	10	0.4170403587443946	0.31338028169014087	1
AbiEii_0_CAS-III	JAEYSH010000173_8	245	284	2.9e-06	24.4	5536	6270	JAEYSH010000173	8	0.4163265306122449	0.34507042253521125	1
AbiEii_0_CAS-III	JAEYSH010000178_9	314	284	1.4e-07	28.6	4596	5537	JAEYSH010000178	9	0.42038216560509556	0.45422535211267606	-1
AbiEii_0_CAS-III	JAEYSH010000181_7	219	284	2.1e-05	21.5	6050	6706	JAEYSH010000181	7	0.4977168949771689	0.3626760563380282	-1
AbiEii_0_CAS-III	JAEYSH010000197_2	563	284	9.2e-08	29.3	693	2381	JAEYSH010000197	2	0.2202486678507993	0.2676056338028169	1
AbiEii_0_CAS-III	JAEYSH010000197_4	233	284	0.0089	12.9	3825	4523	JAEYSH010000197	4	0.21888412017167383	0.18661971830985916	-1
AbiEii_0_CAS-III	JAEYSH010000236_5	647	284	0.0013	15.6	3879	5819	JAEYSH010000236	5	0.4559505409582689	0.602112676056338	-1
AbiEii_1_CAS-III-A	JAEYSH010000006_1	411	335	0.028	10.9	86	1318	JAEYSH010000006	1	0.25790754257907544	0.31044776119402984	1
AbiEii_1_CAS-III-A	JAEYSH010000043_3	641	335	0.0016	15.0	1258	3180	JAEYSH010000043	3	0.22620904836193448	0.43283582089552236	-1
AbiEii_1_CAS-III-A	JAEYSH010000049_15	252	335	0.0035	13.9	11946	12701	JAEYSH010000049	15	0.32142857142857145	0.24776119402985075	1
AbiEii_1_CAS-III-A	JAEYSH010000057_1	366	335	5.4	3.4	3	1100	JAEYSH010000057	1	0.4426229508196721	0.3164179104477612	1
AbiEii_1_CAS-III-A	JAEYSH010000075_1	146	335	0.02	11.4	2	439	JAEYSH010000075	1	0.273972602739726	0.11343283582089553	-1
AbiEii_1_CAS-III-A	JAEYSH010000081_2	280	335	0.014	11.9	1065	1904	JAEYSH010000081	2	0.24642857142857144	0.21492537313432836	1
AbiEii_1_CAS-III-A	JAEYSH010000103_22	569	335	0.019	11.4	14786	16492	JAEYSH010000103	22	0.20913884007029876	0.35522388059701493	-1
AbiEii_1_CAS-III-A	JAEYSH010000151_5	365	335	0.0043	13.5	3169	4263	JAEYSH010000151	5	0.2219178082191781	0.24776119402985075	-1
AbiEii_1_CAS-III-A	JAEYSH010000158_10	257	335	0.021	11.3	6779	7549	JAEYSH010000158	10	0.17898832684824903	0.13134328358208955	-1
AbiEii_2_CAS-III-C	JAEYSH010000001_6	310	440	0.0059	13.2	3963	4892	JAEYSH010000001	6	0.35161290322580646	0.24772727272727274	-1
Cas10_0_CAS-III	JAEYSH010000187_6	827	511	9.3e-12	41.8	4104	6584	JAEYSH010000187	6	0.09310761789600967	0.162426614481409	-1
Cas10_0_III	JAEYSH010000187_6	827	414	8.9e-12	42.0	4104	6584	JAEYSH010000187	6	0.19226118500604594	0.39855072463768115	-1
Cas10_0_IIIA	JAEYSH010000187_6	827	650	1.3e-125	418.0	4104	6584	JAEYSH010000187	6	0.8367593712212817	0.9969230769230769	-1
Cas10_0_IIIB	JAEYSH010000187_6	827	510	3.9e-10	36.4	4104	6584	JAEYSH010000187	6	0.19709794437726724	0.28823529411764703	-1
Cas10_1_CAS-III	JAEYSH010000037_10	161	654	0.002	14.0	7378	7860	JAEYSH010000037	10	0.4906832298136646	0.11926605504587157	-1
Cas10_1_CAS-III	JAEYSH010000187_6	827	654	7.499999999999999e-147	488.0	4104	6584	JAEYSH010000187	6	0.8391777509068924	1.0	-1
Cas10_4_CAS-III	JAEYSH010000187_6	827	772	7.3e-10	34.8	4104	6584	JAEYSH010000187	6	0.08101571946795647	0.09196891191709844	-1
Cas10_5_CAS-III	JAEYSH010000187_6	827	838	5.4999999999999996e-129	429.1	4104	6584	JAEYSH010000187	6	0.9939540507859734	0.986873508353222	-1
Cas10_7_CAS-III	JAEYSH010000187_6	827	410	1.1e-11	41.7	4104	6584	JAEYSH010000187	6	0.1946795646916566	0.40487804878048783	-1
Cas10d_0_CAS-I-D	JAEYSH010000103_6	227	807	0.00043	15.8	4688	5368	JAEYSH010000103	6	0.3832599118942731	0.11152416356877323	1
Cas11b_0_CAS-I-B	JAEYSH010000073_4	70	170	0.014	12.6	2915	3124	JAEYSH010000073	4	0.7142857142857143	0.2823529411764706	-1
Cas12a_1_CAS-V-A	JAEYSH010000054_3	56	1086	0.013	10.7	1518	1685	JAEYSH010000054	3	0.7678571428571429	0.037753222836095765	-1
Cas12f1_2_CAS-V-F	JAEYSH010000038_57	65	429	0.024	10.9	42709	42903	JAEYSH010000038	57	0.5230769230769231	0.07925407925407925	1
Cas12f1_2_CAS-V-F	JAEYSH010000246_5	58	429	0.039	10.3	2875	3048	JAEYSH010000246	5	0.39655172413793105	0.053613053613053616	-1
Cas12f2_1_CAS-V-F	JAEYSH010000038_81	47	422	0.0064	12.9	61039	61179	JAEYSH010000038	81	0.6595744680851063	0.06872037914691943	-1
Cas12f2_1_CAS-V-F	JAEYSH010000184_25	277	422	0.02	11.3	22521	23351	JAEYSH010000184	25	0.1299638989169675	0.08767772511848342	-1
Cas12f2_2_CAS-V-F	JAEYSH010000038_57	65	493	0.0049	12.8	42709	42903	JAEYSH010000038	57	0.8153846153846154	0.10344827586206896	1
Cas13a_0_VIA	JAEYSH010000184_4	202	167	0.15	9.7	2993	3598	JAEYSH010000184	4	0.5495049504950495	0.49101796407185627	1
Cas1_0_CAS-I-II-III-IV-V-VI	JAEYSH010000183_22	117	317	0.56	6.5	16581	16931	JAEYSH010000183	22	0.6581196581196581	0.22397476340694006	-1
Cas1_0_I-II-III	JAEYSH010000183_22	117	327	0.65	6.3	16581	16931	JAEYSH010000183	22	0.6324786324786325	0.21406727828746178	-1
Cas1_1_CAS-I-II-III-IV-V-VI	JAEYSH010000183_22	117	261	0.32	7.5	16581	16931	JAEYSH010000183	22	0.6153846153846154	0.25287356321839083	-1
Cas1_8_CAS-I-II-III-IV-V-VI	JAEYSH010000183_22	117	283	0.018	11.5	16581	16931	JAEYSH010000183	22	0.5726495726495726	0.23674911660777384	-1
Cas2_0_I-II-III	JAEYSH010000125_12	393	96	0.0014	16.2	9463	10641	JAEYSH010000125	12	0.2595419847328244	0.75	-1
Cas2_11_CAS-I-II-III-IV-V-VI	JAEYSH010000011_5	174	71	0.0056	14.2	6497	7018	JAEYSH010000011	5	0.40804597701149425	0.5070422535211268	1
Cas3HD_0_CAS-I	JAEYSH010000003_6	307	203	0.00024	18.3	2969	3889	JAEYSH010000003	6	0.38762214983713356	0.6502463054187192	1
Cas3HD_0_CAS-I	JAEYSH010000037_10	161	203	0.00095	16.4	7378	7860	JAEYSH010000037	10	0.22981366459627328	0.21674876847290642	-1
Cas3HD_0_CAS-I	JAEYSH010000103_26	395	203	0.00015	19.0	18396	19580	JAEYSH010000103	26	0.11392405063291139	0.24630541871921183	1
Cas3HD_0_CAS-I	JAEYSH010000187_6	827	203	0.1	9.8	4104	6584	JAEYSH010000187	6	0.10761789600967352	0.4975369458128079	-1
Cas3HD_2_CAS-I	JAEYSH010000128_4	379	231	0.0098	12.8	2801	3937	JAEYSH010000128	4	0.15567282321899736	0.2554112554112554	-1
Cas3_0_CAS-I	JAEYSH010000011_3	697	353	2.4e-05	20.9	3784	5874	JAEYSH010000011	3	0.24820659971305595	0.47592067988668557	1
Cas3_0_CAS-I	JAEYSH010000028_7	529	353	1.1e-11	41.8	6601	8187	JAEYSH010000028	7	0.5860113421550095	0.9150141643059491	-1
Cas3_0_CAS-I	JAEYSH010000091_1	490	353	5.8e-07	26.2	2	1471	JAEYSH010000091	1	0.35918367346938773	0.49575070821529743	1
Cas3_0_CAS-I	JAEYSH010000168_4	756	353	1.2e-14	51.5	3580	5847	JAEYSH010000168	4	0.3306878306878307	0.6827195467422096	-1
Cas3_0_CAS-I	JAEYSH010000183_15	759	353	1.3e-06	25.1	9566	11842	JAEYSH010000183	15	0.4150197628458498	0.8895184135977338	-1
Cas3_0_CAS-I	JAEYSH010000195_13	864	353	3.1e-18	63.3	8351	10942	JAEYSH010000195	13	0.39467592592592593	0.9206798866855525	-1
Cas3_0_CAS-I	JAEYSH010000204_1	108	353	3.8e-06	23.6	1	324	JAEYSH010000204	1	0.6296296296296297	0.18980169971671387	-1
Cas3_0_CAS-I-D	JAEYSH010000162_4	346	626	0.0022	13.5	3298	4335	JAEYSH010000162	4	0.23121387283236994	0.11980830670926518	1
Cas3_0_CAS-I-D	JAEYSH010000183_15	759	626	8.4e-08	28.2	9566	11842	JAEYSH010000183	15	0.31488801054018445	0.3753993610223642	-1
Cas3_0_CAS-I-D	JAEYSH010000204_1	108	626	3.2e-05	19.6	1	324	JAEYSH010000204	1	0.5925925925925926	0.09105431309904154	-1
Cas3_0_I	JAEYSH010000011_3	697	358	6.8e-06	22.7	3784	5874	JAEYSH010000011	3	0.26255380200860834	0.5	1
Cas3_0_I	JAEYSH010000028_7	529	358	2.4e-11	40.7	6601	8187	JAEYSH010000028	7	0.4007561436672968	0.5921787709497207	-1
Cas3_0_I	JAEYSH010000091_1	490	358	1.2e-07	28.4	2	1471	JAEYSH010000091	1	0.35918367346938773	0.4972067039106145	1
Cas3_0_I	JAEYSH010000168_4	756	358	3.1e-14	50.1	3580	5847	JAEYSH010000168	4	0.3412698412698413	0.7178770949720671	-1
Cas3_0_I	JAEYSH010000183_15	759	358	4.4e-05	20.0	9566	11842	JAEYSH010000183	15	0.4137022397891963	0.8854748603351955	-1
Cas3_0_I	JAEYSH010000195_13	864	358	2.2e-18	63.8	8351	10942	JAEYSH010000195	13	0.39467592592592593	0.9245810055865922	-1
Cas3_0_I	JAEYSH010000204_1	108	358	2.3e-06	24.2	1	324	JAEYSH010000204	1	0.5092592592592593	0.14804469273743018	-1
Cas3_0_ID	JAEYSH010000091_1	490	357	5.8e-06	22.9	2	1471	JAEYSH010000091	1	0.33877551020408164	0.37254901960784315	1
Cas3_0_ID	JAEYSH010000183_15	759	357	1.3e-07	28.4	9566	11842	JAEYSH010000183	15	0.19235836627140976	0.4117647058823529	-1
Cas3_0_ID	JAEYSH010000195_13	864	357	4.4e-05	20.0	8351	10942	JAEYSH010000195	13	0.17476851851851852	0.38095238095238093	-1
Cas3_0_ID	JAEYSH010000204_1	108	357	0.00077	15.9	1	324	JAEYSH010000204	1	0.5833333333333334	0.1568627450980392	-1
Cas3_0_IU	JAEYSH010000185_1	603	864	0.028	9.6	3	1811	JAEYSH010000185	1	0.09286898839137644	0.06481481481481481	1
Cas3_1_CAS-I	JAEYSH010000011_3	697	745	0.00019	17.2	3784	5874	JAEYSH010000011	3	0.3400286944045911	0.28187919463087246	1
Cas3_1_CAS-I	JAEYSH010000183_15	759	745	0.00035	16.3	9566	11842	JAEYSH010000183	15	0.14492753623188406	0.1651006711409396	-1
Cas3_1_CAS-I	JAEYSH010000204_1	108	745	2.9e-06	23.2	1	324	JAEYSH010000204	1	0.6481481481481481	0.09395973154362416	-1
Cas3_1_CAS-I-D	JAEYSH010000091_1	490	353	1.9e-05	21.2	2	1471	JAEYSH010000091	1	0.4020408163265306	0.37393767705382436	1
Cas3_1_CAS-I-D	JAEYSH010000183_15	759	353	5e-08	29.7	9566	11842	JAEYSH010000183	15	0.10540184453227931	0.21813031161473087	-1
Cas3_1_CAS-I-D	JAEYSH010000195_13	864	353	2.5e-05	20.8	8351	10942	JAEYSH010000195	13	0.12384259259259259	0.26062322946175637	-1
Cas3_1_CAS-I-D	JAEYSH010000204_1	108	353	0.00037	17.0	1	324	JAEYSH010000204	1	0.6018518518518519	0.1643059490084986	-1
Cas3_1_I	JAEYSH010000003_6	307	178	0.092	10.1	2969	3889	JAEYSH010000003	6	0.11400651465798045	0.23595505617977527	1
Cas3_1_I	JAEYSH010000037_10	161	178	0.0019	15.6	7378	7860	JAEYSH010000037	10	0.22981366459627328	0.24157303370786518	-1
Cas3_1_I	JAEYSH010000103_26	395	178	0.0043	14.4	18396	19580	JAEYSH010000103	26	0.1468354430379747	0.34269662921348315	1
Cas3_1_I	JAEYSH010000187_6	827	178	2e-05	22.1	4104	6584	JAEYSH010000187	6	0.16203143893591293	0.5955056179775281	-1
Cas3_2_CAS-I	JAEYSH010000168_4	756	967	2.4e-08	29.8	3580	5847	JAEYSH010000168	4	0.24338624338624337	0.1892450879007239	-1
Cas3_2_CAS-I	JAEYSH010000183_15	759	967	6.9e-18	61.4	9566	11842	JAEYSH010000183	15	0.380764163372859	0.296794208893485	-1
Cas3_2_CAS-I	JAEYSH010000185_1	603	967	3.8e-07	25.9	3	1811	JAEYSH010000185	1	0.14925373134328357	0.08996897621509824	1
Cas3_2_CAS-I	JAEYSH010000204_1	108	967	1.6e-05	20.5	1	324	JAEYSH010000204	1	0.7870370370370371	0.08583247156153051	-1
Cas3d_0_CAS-I-D	JAEYSH010000183_15	759	639	1.2e-12	44.4	9566	11842	JAEYSH010000183	15	0.26745718050065875	0.3161189358372457	-1
Cas3d_0_CAS-I-D	JAEYSH010000204_1	108	639	0.00017	17.4	1	324	JAEYSH010000204	1	0.48148148148148145	0.0782472613458529	-1
Cas3d_1_CAS-I-D	JAEYSH010000185_1	603	627	4.6e-06	22.5	3	1811	JAEYSH010000185	1	0.24875621890547264	0.23444976076555024	1
Cas4_0_CAS-I-II-III-IV-V-VI	JAEYSH010000030_8	317	179	1.3e-06	26.1	6952	7902	JAEYSH010000030	8	0.6971608832807571	0.8324022346368715	1
Cas4_0_CAS-I-II-III-IV-V-VI	JAEYSH010000038_60	277	179	7.800000000000001e-28	95.2	43471	44301	JAEYSH010000038	60	0.7292418772563177	0.994413407821229	-1
Cas4_0_CAS-I-II-III-IV-V-VI	JAEYSH010000187_10	224	179	0.00015	19.3	7736	8407	JAEYSH010000187	10	0.36160714285714285	0.46368715083798884	1
Cas4_0_I-II	JAEYSH010000027_1	911	180	0.00034	17.8	161	2893	JAEYSH010000027	1	0.2711306256860593	0.9833333333333333	1
Cas4_0_I-II	JAEYSH010000030_8	317	180	8e-08	29.6	6952	7902	JAEYSH010000030	8	0.6435331230283912	0.9333333333333333	1
Cas4_0_I-II	JAEYSH010000038_60	277	180	8.9e-28	94.6	43471	44301	JAEYSH010000038	60	0.7364620938628159	0.9888888888888889	-1
Cas4_0_I-II-V	JAEYSH010000030_8	317	177	8.2e-06	23.3	6952	7902	JAEYSH010000030	8	0.5078864353312302	0.8531073446327684	1
Cas4_0_I-II-V	JAEYSH010000038_60	277	177	1.2e-23	81.4	43471	44301	JAEYSH010000038	60	0.7075812274368231	0.9887005649717514	-1
Cas4_0_I-II-V	JAEYSH010000187_10	224	177	6.5e-05	20.4	7736	8407	JAEYSH010000187	10	0.39732142857142855	0.519774011299435	1
Cas4_0_V	JAEYSH010000038_60	277	178	0.0022	15.3	43471	44301	JAEYSH010000038	60	0.51985559566787	0.7696629213483146	-1
Cas4_3_CAS-I-II-III-IV-V-VI	JAEYSH010000030_8	317	197	0.031	11.6	6952	7902	JAEYSH010000030	8	0.34069400630914826	0.4467005076142132	1
Cas4_3_CAS-I-II-III-IV-V-VI	JAEYSH010000038_60	277	197	1.9e-21	74.3	43471	44301	JAEYSH010000038	60	0.9602888086642599	0.9137055837563451	-1
Cas4_5_CAS-I-II-III-IV-V-VI	JAEYSH010000038_60	277	161	1.1e-19	68.5	43471	44301	JAEYSH010000038	60	0.6498194945848376	0.9813664596273292	-1
Cas4_5_CAS-I-II-III-IV-V-VI	JAEYSH010000055_12	248	161	0.00061	17.3	8667	9410	JAEYSH010000055	12	0.43951612903225806	0.6024844720496895	1
Cas4_5_CAS-I-II-III-IV-V-VI	JAEYSH010000187_10	224	161	0.0003	18.3	7736	8407	JAEYSH010000187	10	0.2544642857142857	0.33540372670807456	1
Cas4_6_CAS-I-II-III-IV-V-VI	JAEYSH010000038_60	277	292	1.6e-06	25.1	43471	44301	JAEYSH010000038	60	0.9386281588447654	0.8356164383561644	-1
Cas5_1_CAS-I	JAEYSH010000011_2	1017	241	0.022	11.7	651	3701	JAEYSH010000011	2	0.09636184857423795	0.3983402489626556	1
Cas5_1_CAS-I	JAEYSH010000073_4	70	241	0.0069	13.4	2915	3124	JAEYSH010000073	4	0.8714285714285714	0.2572614107883817	-1
Cas5_2_CAS-I	JAEYSH010000026_5	312	213	0.0056	13.9	2838	3773	JAEYSH010000026	5	0.2532051282051282	0.30985915492957744	1
Cas5u_0_CAS-I-U	JAEYSH010000196_2	129	418	0.026	10.8	414	800	JAEYSH010000196	2	0.37209302325581395	0.11483253588516747	1
Cas6_7_CAS-I-II-III-IV-V-VI	JAEYSH010000215_13	380	241	0.0034	14.7	15026	16165	JAEYSH010000215	13	0.21578947368421053	0.3153526970954357	1
Cas7_0_IE	JAEYSH010000135_10	725	325	2.2	5.4	5853	8027	JAEYSH010000135	10	0.2579310344827586	0.3476923076923077	1
Cas7_2_IB	JAEYSH010000137_9	240	286	0.0076	13.0	5821	6540	JAEYSH010000137	9	0.225	0.18181818181818182	-1
Cas7_3_CAS-I-B	JAEYSH010000035_5	145	351	0.0051	13.4	1918	2352	JAEYSH010000035	5	0.3586206896551724	0.1452991452991453	-1
Cas8a1_0_IA	JAEYSH010000027_11	206	152	0.01	13.5	12258	12875	JAEYSH010000027	11	0.5533980582524272	0.40789473684210525	-1
Cas8a1_3_CAS-I-A	JAEYSH010000061_8	127	400	0.00094	15.6	6700	7080	JAEYSH010000061	8	0.7086614173228346	0.2375	-1
Cas8b1_13_CAS-I-B	JAEYSH010000099_6	772	580	0.0033	13.5	4985	7300	JAEYSH010000099	6	0.16321243523316062	0.20689655172413793	-1
Cas8b2_4_CAS-I-B	JAEYSH010000053_20	247	65	0.025	12.3	21176	21916	JAEYSH010000053	20	0.09716599190283401	0.35384615384615387	1
Cas9_0_II-C2	JAEYSH010000028_10	509	967	0.036	9.5	11148	12674	JAEYSH010000028	10	0.06483300589390963	0.03412616339193381	1
Cas9_0_II-D	JAEYSH010000053_20	247	853	0.027	10.2	21176	21916	JAEYSH010000053	20	0.10931174089068826	0.029308323563892145	1
CasR_0_CAS-I-II-III-IV-V-VI	JAEYSH010000004_8	95	198	0.00085	16.3	6203	6487	JAEYSH010000004	8	0.35789473684210527	0.1717171717171717	-1
CasR_0_CAS-I-II-III-IV-V-VI	JAEYSH010000010_3	126	198	0.00015	18.7	1246	1623	JAEYSH010000010	3	0.4523809523809524	0.2878787878787879	1
CasR_0_CAS-I-II-III-IV-V-VI	JAEYSH010000018_4	144	198	1.7e-05	21.8	2588	3019	JAEYSH010000018	4	0.3402777777777778	0.24242424242424243	1
CasR_0_CAS-I-II-III-IV-V-VI	JAEYSH010000029_25	142	198	5.8e-05	20.1	15821	16246	JAEYSH010000029	25	0.36619718309859156	0.26262626262626265	-1
CasR_0_CAS-I-II-III-IV-V-VI	JAEYSH010000038_39	94	198	0.0063	13.5	28303	28584	JAEYSH010000038	39	0.5425531914893617	0.23232323232323232	1
CasR_0_CAS-I-II-III-IV-V-VI	JAEYSH010000041_16	194	198	0.00025	18.1	14621	15202	JAEYSH010000041	16	0.8195876288659794	0.797979797979798	1
CasR_0_CAS-I-II-III-IV-V-VI	JAEYSH010000061_21	189	198	0.023	11.6	16519	17085	JAEYSH010000061	21	0.1693121693121693	0.16161616161616163	-1
CasR_0_CAS-I-II-III-IV-V-VI	JAEYSH010000061_26	160	198	0.0063	13.5	19970	20449	JAEYSH010000061	26	0.48125	0.3888888888888889	-1
CasR_0_CAS-I-II-III-IV-V-VI	JAEYSH010000069_13	198	198	9.9e-05	19.4	9995	10588	JAEYSH010000069	13	0.25757575757575757	0.26262626262626265	1
CasR_0_CAS-I-II-III-IV-V-VI	JAEYSH010000069_15	274	198	4.3e-05	20.5	10943	11764	JAEYSH010000069	15	0.18613138686131386	0.26262626262626265	1
CasR_0_CAS-I-II-III-IV-V-VI	JAEYSH010000074_2	197	198	0.016	12.2	1055	1645	JAEYSH010000074	2	0.39086294416243655	0.3484848484848485	1
CasR_0_CAS-I-II-III-IV-V-VI	JAEYSH010000079_6	153	198	0.04	10.8	2272	2730	JAEYSH010000079	6	0.33986928104575165	0.15656565656565657	-1
CasR_0_CAS-I-II-III-IV-V-VI	JAEYSH010000094_5	245	198	0.0027	14.7	5768	6502	JAEYSH010000094	5	0.2	0.24242424242424243	-1
CasR_0_CAS-I-II-III-IV-V-VI	JAEYSH010000116_6	160	198	2.9e-09	34.1	4109	4588	JAEYSH010000116	6	0.325	0.26262626262626265	-1
CasR_0_CAS-I-II-III-IV-V-VI	JAEYSH010000137_2	262	198	0.00084	16.3	471	1256	JAEYSH010000137	2	0.21374045801526717	0.2828282828282828	-1
CasR_0_CAS-I-II-III-IV-V-VI	JAEYSH010000146_1	134	198	3.4e-07	27.4	3	404	JAEYSH010000146	1	0.43283582089552236	0.2777777777777778	-1
CasR_0_CAS-I-II-III-IV-V-VI	JAEYSH010000146_10	115	198	4.5e-05	20.5	8999	9343	JAEYSH010000146	10	0.5565217391304348	0.3282828282828283	1
CasR_0_CAS-I-II-III-IV-V-VI	JAEYSH010000146_4	258	198	9e-06	22.8	2579	3352	JAEYSH010000146	4	0.19767441860465115	0.26262626262626265	-1
CasR_0_CAS-I-II-III-IV-V-VI	JAEYSH010000149_21	183	198	1.8e-09	34.8	17481	18029	JAEYSH010000149	21	0.7103825136612022	0.702020202020202	1
CasR_0_CAS-I-II-III-IV-V-VI	JAEYSH010000156_14	96	198	7.5e-05	19.7	10962	11249	JAEYSH010000156	14	0.53125	0.25757575757575757	-1
CasR_0_CAS-I-II-III-IV-V-VI	JAEYSH010000156_20	94	198	0.0001	19.3	18053	18334	JAEYSH010000156	20	0.39361702127659576	0.18181818181818182	-1
CasR_0_CAS-I-II-III-IV-V-VI	JAEYSH010000156_3	146	198	0.0024	14.9	1375	1812	JAEYSH010000156	3	0.6917808219178082	0.5151515151515151	1
CasR_0_CAS-I-II-III-IV-V-VI	JAEYSH010000162_2	265	198	0.0023	14.9	1764	2558	JAEYSH010000162	2	0.41132075471698115	0.5757575757575758	-1
CasR_0_CAS-I-II-III-IV-V-VI	JAEYSH010000171_18	94	198	3.9e-05	20.7	9550	9831	JAEYSH010000171	18	0.5531914893617021	0.26262626262626265	-1
CasR_0_CAS-I-II-III-IV-V-VI	JAEYSH010000171_31	98	198	0.0032	14.4	18899	19192	JAEYSH010000171	31	0.3469387755102041	0.1717171717171717	-1
CasR_0_CAS-I-II-III-IV-V-VI	JAEYSH010000171_43	268	198	0.0046	13.9	32627	33430	JAEYSH010000171	43	0.19029850746268656	0.25757575757575757	-1
CasR_0_CAS-I-II-III-IV-V-VI	JAEYSH010000173_15	140	198	2e-05	21.6	10208	10627	JAEYSH010000173	15	0.42857142857142855	0.30303030303030304	-1
CasR_0_CAS-I-II-III-IV-V-VI	JAEYSH010000173_23	100	198	7.1e-05	19.8	16585	16884	JAEYSH010000173	23	0.38	0.19696969696969696	-1
CasR_0_CAS-I-II-III-IV-V-VI	JAEYSH010000173_4	105	198	2.3e-07	28.0	2766	3080	JAEYSH010000173	4	0.5238095238095238	0.26262626262626265	1
CasR_0_CAS-I-II-III-IV-V-VI	JAEYSH010000173_6	97	198	2.8e-05	21.2	3712	4002	JAEYSH010000173	6	0.4639175257731959	0.23232323232323232	1
CasR_0_CAS-I-II-III-IV-V-VI	JAEYSH010000178_2	106	198	0.0018	15.2	500	817	JAEYSH010000178	2	0.32075471698113206	0.1717171717171717	1
CasR_0_CAS-I-II-III-IV-V-VI	JAEYSH010000187_1	296	198	0.00066	16.7	2	889	JAEYSH010000187	1	0.2905405405405405	0.42424242424242425	-1
CasR_0_CAS-I-II-III-IV-V-VI	JAEYSH010000189_1	124	198	0.0018	15.2	2	373	JAEYSH010000189	1	0.25	0.15656565656565657	-1
CasR_0_CAS-I-II-III-IV-V-VI	JAEYSH010000224_1	97	198	5.1e-05	20.3	46	336	JAEYSH010000224	1	0.41237113402061853	0.19696969696969696	1
CasR_0_CAS-I-II-III-IV-V-VI	JAEYSH010000235_2	396	198	0.0032	14.4	301	1488	JAEYSH010000235	2	0.3181818181818182	0.6212121212121212	-1
CasR_0_CAS-I-II-III-IV-V-VI	JAEYSH010000246_4	119	198	0.00041	17.3	2045	2401	JAEYSH010000246	4	0.4789915966386555	0.29292929292929293	-1
CasR_0_CAS-III-B	JAEYSH010000028_8	632	480	0.00015	17.9	8339	10234	JAEYSH010000028	8	0.10284810126582279	0.12708333333333333	-1
CasR_0_CAS-III-B-III-D	JAEYSH010000009_4	152	255	5.4	3.8	2435	2890	JAEYSH010000009	4	0.5131578947368421	0.24705882352941178	1
CasR_0_CAS-III-B-III-D	JAEYSH010000012_2	245	255	9.4	3.0	520	1254	JAEYSH010000012	2	0.2979591836734694	0.2196078431372549	-1
CasR_0_CAS-III-B-III-D	JAEYSH010000169_10	316	255	3.7	4.3	5557	6504	JAEYSH010000169	10	0.3449367088607595	0.2823529411764706	-1
CasR_0_CAS-III-B-III-D	JAEYSH010000183_2	106	255	0.031	11.1	918	1235	JAEYSH010000183	2	0.6698113207547169	0.27450980392156865	1
CasR_0_CAS-III-B-III-D	JAEYSH010000187_1	296	255	4.6e-10	36.8	2	889	JAEYSH010000187	1	0.4222972972972973	0.4196078431372549	-1
CasR_0_CAS-III-B-III-D	JAEYSH010000214_6	53	255	0.0032	14.3	3887	4045	JAEYSH010000214	6	0.5849056603773585	0.12156862745098039	1
CasR_1_CAS-I-II-III-IV-V-VI	JAEYSH010000004_8	95	218	6.2e-05	19.6	6203	6487	JAEYSH010000004	8	0.45263157894736844	0.2018348623853211	-1
CasR_1_CAS-I-II-III-IV-V-VI	JAEYSH010000010_3	126	218	7.9e-06	22.5	1246	1623	JAEYSH010000010	3	0.4523809523809524	0.26146788990825687	1
CasR_1_CAS-I-II-III-IV-V-VI	JAEYSH010000018_4	144	218	1.1e-05	22.1	2588	3019	JAEYSH010000018	4	0.6111111111111112	0.39908256880733944	1
CasR_1_CAS-I-II-III-IV-V-VI	JAEYSH010000029_25	142	218	2.1e-05	21.1	15821	16246	JAEYSH010000029	25	0.3732394366197183	0.24311926605504589	-1
CasR_1_CAS-I-II-III-IV-V-VI	JAEYSH010000031_7	246	218	0.027	11.0	6118	6855	JAEYSH010000031	7	0.2601626016260163	0.29357798165137616	1
CasR_1_CAS-I-II-III-IV-V-VI	JAEYSH010000038_39	94	218	0.002	14.7	28303	28584	JAEYSH010000038	39	0.6170212765957447	0.25229357798165136	1
CasR_1_CAS-I-II-III-IV-V-VI	JAEYSH010000038_82	222	218	0.017	11.6	61190	61855	JAEYSH010000038	82	0.3153153153153153	0.3256880733944954	-1
CasR_1_CAS-I-II-III-IV-V-VI	JAEYSH010000039_4	189	218	0.0016	15.0	1976	2542	JAEYSH010000039	4	0.291005291005291	0.24770642201834864	1
CasR_1_CAS-I-II-III-IV-V-VI	JAEYSH010000041_16	194	218	0.00016	18.2	14621	15202	JAEYSH010000041	16	0.5670103092783505	0.5045871559633027	1
CasR_1_CAS-I-II-III-IV-V-VI	JAEYSH010000041_33	215	218	0.0048	13.4	28606	29250	JAEYSH010000041	33	0.2837209302325581	0.29357798165137616	-1
CasR_1_CAS-I-II-III-IV-V-VI	JAEYSH010000050_9	115	218	0.0013	15.3	9737	10081	JAEYSH010000050	9	0.3739130434782609	0.2018348623853211	-1
CasR_1_CAS-I-II-III-IV-V-VI	JAEYSH010000061_21	189	218	0.0073	12.8	16519	17085	JAEYSH010000061	21	0.164021164021164	0.14220183486238533	-1
CasR_1_CAS-I-II-III-IV-V-VI	JAEYSH010000061_26	160	218	0.0015	15.1	19970	20449	JAEYSH010000061	26	0.33125	0.24311926605504589	-1
CasR_1_CAS-I-II-III-IV-V-VI	JAEYSH010000061_8	127	218	0.00016	18.2	6700	7080	JAEYSH010000061	8	0.48031496062992124	0.29357798165137616	-1
CasR_1_CAS-I-II-III-IV-V-VI	JAEYSH010000069_12	276	218	0.0019	14.7	9134	9961	JAEYSH010000069	12	0.322463768115942	0.42660550458715596	1
CasR_1_CAS-I-II-III-IV-V-VI	JAEYSH010000069_13	198	218	4.5e-06	23.3	9995	10588	JAEYSH010000069	13	0.3181818181818182	0.3073394495412844	1
CasR_1_CAS-I-II-III-IV-V-VI	JAEYSH010000069_15	274	218	4.2e-06	23.4	10943	11764	JAEYSH010000069	15	0.33941605839416056	0.44495412844036697	1
CasR_1_CAS-I-II-III-IV-V-VI	JAEYSH010000074_2	197	218	0.0045	13.5	1055	1645	JAEYSH010000074	2	0.39086294416243655	0.3165137614678899	1
CasR_1_CAS-I-II-III-IV-V-VI	JAEYSH010000079_6	153	218	0.0027	14.2	2272	2730	JAEYSH010000079	6	0.5228758169934641	0.3669724770642202	-1
CasR_1_CAS-I-II-III-IV-V-VI	JAEYSH010000094_5	245	218	0.0024	14.4	5768	6502	JAEYSH010000094	5	0.23265306122448978	0.26605504587155965	-1
CasR_1_CAS-I-II-III-IV-V-VI	JAEYSH010000099_5	158	218	0.00043	16.8	4515	4988	JAEYSH010000099	5	0.2974683544303797	0.22018348623853212	1
CasR_1_CAS-I-II-III-IV-V-VI	JAEYSH010000116_6	160	218	1.4e-09	34.8	4109	4588	JAEYSH010000116	6	0.325	0.23853211009174313	-1
CasR_1_CAS-I-II-III-IV-V-VI	JAEYSH010000124_10	275	218	0.00049	16.6	7131	7955	JAEYSH010000124	10	0.20727272727272728	0.26146788990825687	-1
CasR_1_CAS-I-II-III-IV-V-VI	JAEYSH010000137_2	262	218	0.00017	18.1	471	1256	JAEYSH010000137	2	0.32061068702290074	0.38990825688073394	-1
CasR_1_CAS-I-II-III-IV-V-VI	JAEYSH010000146_1	134	218	1.8e-07	27.9	3	404	JAEYSH010000146	1	0.3656716417910448	0.22935779816513763	-1
CasR_1_CAS-I-II-III-IV-V-VI	JAEYSH010000146_10	115	218	1.3e-05	21.8	8999	9343	JAEYSH010000146	10	0.4260869565217391	0.23853211009174313	1
CasR_1_CAS-I-II-III-IV-V-VI	JAEYSH010000146_4	258	218	3.7e-06	23.6	2579	3352	JAEYSH010000146	4	0.17829457364341086	0.21559633027522937	-1
CasR_1_CAS-I-II-III-IV-V-VI	JAEYSH010000149_21	183	218	2.6e-11	40.4	17481	18029	JAEYSH010000149	21	0.7704918032786885	0.6880733944954128	1
CasR_1_CAS-I-II-III-IV-V-VI	JAEYSH010000156_14	96	218	1.3e-05	21.8	10962	11249	JAEYSH010000156	14	0.5104166666666666	0.22935779816513763	-1
CasR_1_CAS-I-II-III-IV-V-VI	JAEYSH010000156_20	94	218	1.3e-05	21.7	18053	18334	JAEYSH010000156	20	0.5	0.22018348623853212	-1
CasR_1_CAS-I-II-III-IV-V-VI	JAEYSH010000156_3	146	218	0.00073	16.1	1375	1812	JAEYSH010000156	3	0.6438356164383562	0.43577981651376146	1
CasR_1_CAS-I-II-III-IV-V-VI	JAEYSH010000171_18	94	218	2.7e-06	24.0	9550	9831	JAEYSH010000171	18	0.5106382978723404	0.22477064220183487	-1
CasR_1_CAS-I-II-III-IV-V-VI	JAEYSH010000171_31	98	218	0.00071	16.1	18899	19192	JAEYSH010000171	31	0.46938775510204084	0.21559633027522937	-1
CasR_1_CAS-I-II-III-IV-V-VI	JAEYSH010000171_43	268	218	0.00087	15.8	32627	33430	JAEYSH010000171	43	0.22014925373134328	0.2706422018348624	-1
CasR_1_CAS-I-II-III-IV-V-VI	JAEYSH010000173_15	140	218	9.2e-07	25.6	10208	10627	JAEYSH010000173	15	0.5	0.3165137614678899	-1
CasR_1_CAS-I-II-III-IV-V-VI	JAEYSH010000173_23	100	218	2.8e-05	20.7	16585	16884	JAEYSH010000173	23	0.38	0.17889908256880735	-1
CasR_1_CAS-I-II-III-IV-V-VI	JAEYSH010000173_4	105	218	1.3e-06	25.0	2766	3080	JAEYSH010000173	4	0.5238095238095238	0.23853211009174313	1
CasR_1_CAS-I-II-III-IV-V-VI	JAEYSH010000173_6	97	218	1.4e-06	24.9	3712	4002	JAEYSH010000173	6	0.5051546391752577	0.22935779816513763	1
CasR_1_CAS-I-II-III-IV-V-VI	JAEYSH010000178_2	106	218	0.00034	17.2	500	817	JAEYSH010000178	2	0.4339622641509434	0.21559633027522937	1
CasR_1_CAS-I-II-III-IV-V-VI	JAEYSH010000187_1	296	218	1.8e-05	21.3	2	889	JAEYSH010000187	1	0.2939189189189189	0.3944954128440367	-1
CasR_1_CAS-I-II-III-IV-V-VI	JAEYSH010000189_1	124	218	0.0005	16.6	2	373	JAEYSH010000189	1	0.29838709677419356	0.16055045871559634	-1
CasR_1_CAS-I-II-III-IV-V-VI	JAEYSH010000197_14	329	218	0.0022	14.5	11363	12349	JAEYSH010000197	14	0.1702127659574468	0.25229357798165136	-1
CasR_1_CAS-I-II-III-IV-V-VI	JAEYSH010000224_1	97	218	1.4e-05	21.7	46	336	JAEYSH010000224	1	0.4536082474226804	0.20642201834862386	1
CasR_1_CAS-I-II-III-IV-V-VI	JAEYSH010000235_2	396	218	0.0003	17.3	301	1488	JAEYSH010000235	2	0.18181818181818182	0.3302752293577982	-1
CasR_1_CAS-I-II-III-IV-V-VI	JAEYSH010000246_4	119	218	0.00019	18.0	2045	2401	JAEYSH010000246	4	0.5126050420168067	0.2889908256880734	-1
CasR_2_CAS-III-B	JAEYSH010000024_6	392	331	0.012	11.9	6054	7229	JAEYSH010000024	6	0.1913265306122449	0.22356495468277945	-1
Cmr1gr7_0_CAS-III-B-III-C	JAEYSH010000141_3	141	173	0.0067	13.9	1206	1628	JAEYSH010000141	3	0.46808510638297873	0.34104046242774566	-1
Cmr1gr7_0_CAS-III-B-III-C	JAEYSH010000184_2	201	173	0.02	12.3	598	1200	JAEYSH010000184	2	0.23880597014925373	0.2254335260115607	1
Cmr1gr7_2_CAS-III-B-III-C	JAEYSH010000184_2	201	393	0.00072	16.0	598	1200	JAEYSH010000184	2	0.2736318407960199	0.14249363867684478	1
Cmr4_0_IIIB	JAEYSH010000187_2	364	283	0.0087	13.2	900	1991	JAEYSH010000187	2	0.10714285714285714	0.1413427561837456	-1
Cmr4_0_IIIB	JAEYSH010000187_4	245	283	6.6e-12	43.1	2919	3653	JAEYSH010000187	4	0.4775510204081633	0.4275618374558304	-1
Cmr4_1_IIIB	JAEYSH010000187_2	364	281	0.0075	13.2	900	1991	JAEYSH010000187	2	0.12087912087912088	0.1494661921708185	-1
Cmr4_1_IIIB	JAEYSH010000187_4	245	281	8.9e-11	39.2	2919	3653	JAEYSH010000187	4	0.5020408163265306	0.45907473309608543	-1
Cmr4gr7_0_CAS-III-B-III-C	JAEYSH010000171_9	173	282	0.0029	14.6	5329	5847	JAEYSH010000171	9	0.6647398843930635	0.39361702127659576	1
Cmr4gr7_0_CAS-III-B-III-C	JAEYSH010000187_2	364	282	0.00071	16.6	900	1991	JAEYSH010000187	2	0.13186813186813187	0.14893617021276595	-1
Cmr4gr7_0_CAS-III-B-III-C	JAEYSH010000187_4	245	282	7.5e-12	42.8	2919	3653	JAEYSH010000187	4	0.4775510204081633	0.41843971631205673	-1
Cmr4gr7_1_CAS-III-B-III-C	JAEYSH010000187_2	364	309	4.4e-05	20.4	900	1991	JAEYSH010000187	2	0.1043956043956044	0.12297734627831715	-1
Cmr4gr7_1_CAS-III-B-III-C	JAEYSH010000187_4	245	309	3.2e-10	37.3	2919	3653	JAEYSH010000187	4	0.5591836734693878	0.43042071197411	-1
Cmr5_0_IIIB	JAEYSH010000024_33	523	143	0.084	10.5	25985	27553	JAEYSH010000024	33	0.19120458891013384	0.5594405594405595	1
Cmr5_1_IIIB	JAEYSH010000184_15	208	133	0.0097	13.7	14041	14664	JAEYSH010000184	15	0.38461538461538464	0.6390977443609023	-1
Cmr5_1_IIIC	JAEYSH010000149_4	85	178	0.034	11.3	2177	2431	JAEYSH010000149	4	0.788235294117647	0.37640449438202245	1
Cmr5gr11_1_CAS-III-B	JAEYSH010000143_1	123	137	0.024	11.8	1	369	JAEYSH010000143	1	0.23577235772357724	0.2116788321167883	1
Cmr5gr11_2_CAS-III-B	JAEYSH010000024_33	523	138	0.035	11.6	25985	27553	JAEYSH010000024	33	0.18929254302103252	0.5797101449275363	1
Cmr6_0_IIIB	JAEYSH010000187_2	364	213	0.00025	18.3	900	1991	JAEYSH010000187	2	0.1565934065934066	0.26291079812206575	-1
Cmr6_0_IIIB	JAEYSH010000187_4	245	213	4.4e-08	30.5	2919	3653	JAEYSH010000187	4	0.6816326530612244	0.7230046948356808	-1
Cmr6_0_IIIC	JAEYSH010000187_4	245	252	1.4e-06	25.5	2919	3653	JAEYSH010000187	4	0.6530612244897959	0.5079365079365079	-1
Cmr6_1_IIIB	JAEYSH010000060_25	136	264	0.077	9.9	22939	23346	JAEYSH010000060	25	0.5220588235294118	0.2765151515151515	-1
Cmr6_1_IIIB	JAEYSH010000187_2	364	264	0.0014	15.6	900	1991	JAEYSH010000187	2	0.06043956043956044	0.08333333333333333	-1
Cmr6_1_IIIB	JAEYSH010000187_4	245	264	5.5e-07	26.8	2919	3653	JAEYSH010000187	4	0.6857142857142857	0.5909090909090909	-1
Cmr6gr7_0_CAS-III-B-III-C	JAEYSH010000187_2	364	544	0.0032	13.7	900	1991	JAEYSH010000187	2	0.19505494505494506	0.13051470588235295	-1
Cmr6gr7_0_CAS-III-B-III-C	JAEYSH010000187_4	245	544	0.0065	12.7	2919	3653	JAEYSH010000187	4	0.3510204081632653	0.15625	-1
Cmr6gr7_1_CAS-III-B-III-C	JAEYSH010000187_2	364	218	0.00016	18.8	900	1991	JAEYSH010000187	2	0.1620879120879121	0.26605504587155965	-1
Cmr6gr7_1_CAS-III-B-III-C	JAEYSH010000187_4	245	218	1.2e-10	38.7	2919	3653	JAEYSH010000187	4	0.6857142857142857	0.7339449541284404	-1
Cmr6gr7_2_CAS-III-B-III-C	JAEYSH010000187_2	364	262	0.0014	15.7	900	1991	JAEYSH010000187	2	0.12362637362637363	0.1717557251908397	-1
Cmr6gr7_2_CAS-III-B-III-C	JAEYSH010000187_4	245	262	4.1e-08	30.5	2919	3653	JAEYSH010000187	4	0.689795918367347	0.5801526717557252	-1
Cmr6gr7_3_CAS-III-B-III-C	JAEYSH010000187_4	245	250	4.6e-05	20.5	2919	3653	JAEYSH010000187	4	0.4489795918367347	0.3	-1
CorA_0_CAS-III-B	JAEYSH010000024_26	59	528	3.2	3.6	21432	21608	JAEYSH010000024	26	0.711864406779661	0.07954545454545454	1
CorA_0_CAS-III-B	JAEYSH010000228_6	536	528	0.36	6.7	4673	6280	JAEYSH010000228	6	0.2462686567164179	0.10227272727272728	1
CorA_0_CAS-III-B-III-D	JAEYSH010000028_13	349	551	2.1e-06	24.1	14574	15620	JAEYSH010000028	13	0.20916905444126074	0.15063520871143377	1
CorA_0_CAS-III-B-III-D	JAEYSH010000028_14	347	551	3.9e-06	23.2	15735	16775	JAEYSH010000028	14	0.1786743515850144	0.11433756805807622	1
CorA_0_CAS-III-B-III-D	JAEYSH010000124_6	142	551	1.3	4.9	3719	4144	JAEYSH010000124	6	0.5492957746478874	0.11796733212341198	-1
CorA_1_CAS-III-B	JAEYSH010000099_4	172	125	2.6	5.3	3737	4252	JAEYSH010000099	4	0.5406976744186046	0.448	-1
Csa3_1_CAS-I-II-III-IV-V-VI	JAEYSH010000004_8	95	118	5.8e-05	20.8	6203	6487	JAEYSH010000004	8	0.45263157894736844	0.423728813559322	-1
Csa3_1_CAS-I-II-III-IV-V-VI	JAEYSH010000010_3	126	118	7.5e-21	72.0	1246	1623	JAEYSH010000010	3	0.7142857142857143	0.8389830508474576	1
Csa3_1_CAS-I-II-III-IV-V-VI	JAEYSH010000029_19	250	118	5.8e-05	20.8	12371	13120	JAEYSH010000029	19	0.26	0.6016949152542372	1
Csa3_1_CAS-I-II-III-IV-V-VI	JAEYSH010000031_7	246	118	0.00031	18.5	6118	6855	JAEYSH010000031	7	0.26422764227642276	0.6016949152542372	1
Csa3_1_CAS-I-II-III-IV-V-VI	JAEYSH010000037_11	183	118	0.0023	15.6	7941	8489	JAEYSH010000037	11	0.44808743169398907	0.6016949152542372	-1
Csa3_1_CAS-I-II-III-IV-V-VI	JAEYSH010000039_4	189	118	0.00016	19.4	1976	2542	JAEYSH010000039	4	0.3968253968253968	0.4576271186440678	1
Csa3_1_CAS-I-II-III-IV-V-VI	JAEYSH010000050_9	115	118	1.3e-11	42.2	9737	10081	JAEYSH010000050	9	0.6260869565217392	0.6440677966101694	-1
Csa3_1_CAS-I-II-III-IV-V-VI	JAEYSH010000061_8	127	118	1.5e-08	32.4	6700	7080	JAEYSH010000061	8	0.6220472440944882	0.6779661016949152	-1
Csa3_1_CAS-I-II-III-IV-V-VI	JAEYSH010000094_5	245	118	0.0071	14.1	5768	6502	JAEYSH010000094	5	0.39183673469387753	0.7372881355932204	-1
Csa3_1_CAS-I-II-III-IV-V-VI	JAEYSH010000099_5	158	118	4.2e-06	24.5	4515	4988	JAEYSH010000099	5	0.7151898734177216	0.6864406779661016	1
Csa3_1_CAS-I-II-III-IV-V-VI	JAEYSH010000116_6	160	118	0.0027	15.4	4109	4588	JAEYSH010000116	6	0.31875	0.4661016949152542	-1
Csa3_1_CAS-I-II-III-IV-V-VI	JAEYSH010000137_2	262	118	0.0017	16.1	471	1256	JAEYSH010000137	2	0.20610687022900764	0.4067796610169492	-1
Csa3_1_CAS-I-II-III-IV-V-VI	JAEYSH010000140_5	130	118	0.008	13.9	2995	3384	JAEYSH010000140	5	0.6692307692307692	0.5932203389830508	1
Csa3_1_CAS-I-II-III-IV-V-VI	JAEYSH010000146_1	134	118	9.2e-09	33.0	3	404	JAEYSH010000146	1	0.41044776119402987	0.4830508474576271	-1
Csa3_1_CAS-I-II-III-IV-V-VI	JAEYSH010000146_10	115	118	1.2e-20	71.4	8999	9343	JAEYSH010000146	10	0.6695652173913044	0.7033898305084746	1
Csa3_1_CAS-I-II-III-IV-V-VI	JAEYSH010000146_4	258	118	3.4e-11	40.9	2579	3352	JAEYSH010000146	4	0.3449612403100775	0.7542372881355932	-1
Csa3_1_CAS-I-II-III-IV-V-VI	JAEYSH010000149_21	183	118	1.8e-05	22.5	17481	18029	JAEYSH010000149	21	0.30601092896174864	0.5169491525423728	1
Csa3_1_CAS-I-II-III-IV-V-VI	JAEYSH010000156_14	96	118	9.9e-08	29.7	10962	11249	JAEYSH010000156	14	0.6354166666666666	0.5508474576271186	-1
Csa3_1_CAS-I-II-III-IV-V-VI	JAEYSH010000156_20	94	118	9e-10	36.3	18053	18334	JAEYSH010000156	20	0.7446808510638298	0.5932203389830508	-1
Csa3_1_CAS-I-II-III-IV-V-VI	JAEYSH010000156_3	146	118	0.0036	15.0	1375	1812	JAEYSH010000156	3	0.2671232876712329	0.3813559322033898	1
Csa3_1_CAS-I-II-III-IV-V-VI	JAEYSH010000164_6	572	118	0.00032	18.4	2808	4523	JAEYSH010000164	6	0.17307692307692307	0.6779661016949152	-1
Csa3_1_CAS-I-II-III-IV-V-VI	JAEYSH010000171_18	94	118	4.1e-10	37.4	9550	9831	JAEYSH010000171	18	0.648936170212766	0.576271186440678	-1
Csa3_1_CAS-I-II-III-IV-V-VI	JAEYSH010000171_31	98	118	8.1e-06	23.6	18899	19192	JAEYSH010000171	31	0.7142857142857143	0.6101694915254238	-1
Csa3_1_CAS-I-II-III-IV-V-VI	JAEYSH010000173_15	140	118	0.0017	16.1	10208	10627	JAEYSH010000173	15	0.42142857142857143	0.4491525423728814	-1
Csa3_1_CAS-I-II-III-IV-V-VI	JAEYSH010000173_23	100	118	8.3e-13	46.1	16585	16884	JAEYSH010000173	23	0.96	0.788135593220339	-1
Csa3_1_CAS-I-II-III-IV-V-VI	JAEYSH010000173_4	105	118	1.2e-05	23.0	2766	3080	JAEYSH010000173	4	0.6952380952380952	0.5932203389830508	1
Csa3_1_CAS-I-II-III-IV-V-VI	JAEYSH010000173_6	97	118	1.1e-09	36.0	3712	4002	JAEYSH010000173	6	0.7731958762886598	0.652542372881356	1
Csa3_1_CAS-I-II-III-IV-V-VI	JAEYSH010000178_2	106	118	7.5e-08	30.1	500	817	JAEYSH010000178	2	0.5849056603773585	0.5423728813559322	1
Csa3_1_CAS-I-II-III-IV-V-VI	JAEYSH010000224_1	97	118	3.2e-08	31.3	46	336	JAEYSH010000224	1	0.7835051546391752	0.6610169491525424	1
Csa3_1_CAS-I-II-III-IV-V-VI	JAEYSH010000246_4	119	118	1.5e-21	74.2	2045	2401	JAEYSH010000246	4	0.7394957983193278	0.8220338983050848	-1
Csa5_0_IA	JAEYSH010000206_5	410	107	0.16	9.6	3738	4967	JAEYSH010000206	5	0.09024390243902439	0.32710280373831774	-1
Csa5gr11_10_CAS-I-A	JAEYSH010000151_7	272	106	0.013	13.1	5162	5977	JAEYSH010000151	7	0.27941176470588236	0.4339622641509434	-1
Csa5gr11_10_CAS-I-A	JAEYSH010000242_3	236	106	0.022	12.4	1865	2572	JAEYSH010000242	3	0.4067796610169492	0.5094339622641509	1
Csa5gr11_2_CAS-I-A	JAEYSH010000097_10	437	101	0.025	12.3	13240	14550	JAEYSH010000097	10	0.23569794050343248	0.4752475247524752	-1
Csa5gr11_3_CAS-I-A	JAEYSH010000019_8	102	162	0.019	12.5	3560	3865	JAEYSH010000019	8	0.6372549019607843	0.3950617283950617	1
Csa5gr11_7_CAS-I-A	JAEYSH010000069_11	252	125	0.017	12.8	8007	8762	JAEYSH010000069	11	0.25396825396825395	0.48	-1
Csf1_0_IV	JAEYSH010000160_8	788	227	0.065	10.1	8896	11259	JAEYSH010000160	8	0.10786802030456853	0.27312775330396477	1
Csf2_0_IV	JAEYSH010000187_2	364	329	0.0008	16.3	900	1991	JAEYSH010000187	2	0.12087912087912088	0.1337386018237082	-1
Csf2_0_IV	JAEYSH010000187_4	245	329	5.6e-08	30.0	2919	3653	JAEYSH010000187	4	0.363265306122449	0.2796352583586626	-1
Csf4_0_IVA	JAEYSH010000028_7	529	666	0.001	15.0	6601	8187	JAEYSH010000028	7	0.13988657844990549	0.1111111111111111	-1
Csf4_0_IVA	JAEYSH010000041_6	600	666	1.4e-09	34.4	5461	7260	JAEYSH010000041	6	0.37666666666666665	0.3888888888888889	1
Csf4_1_IVA1	JAEYSH010000028_7	529	802	0.0026	13.3	6601	8187	JAEYSH010000028	7	0.20415879017013233	0.13092269326683292	-1
Csf4_1_IVA1	JAEYSH010000041_6	600	802	0.00029	16.4	5461	7260	JAEYSH010000041	6	0.1	0.07231920199501247	1
Csf4_1_IVA1	JAEYSH010000216_3	417	802	0.00046	15.8	2080	3330	JAEYSH010000216	3	0.20623501199040767	0.11097256857855362	1
Csf4_2_IVA1	JAEYSH010000041_6	600	526	0.0018	14.3	5461	7260	JAEYSH010000041	6	0.17666666666666667	0.19771863117870722	1
Csf4_3_IVE	JAEYSH010000041_6	600	648	0.00055	16.0	5461	7260	JAEYSH010000041	6	0.30833333333333335	0.27314814814814814	1
Csm2_0_IIIA	JAEYSH010000012_3	225	96	0.023	12.9	1262	1936	JAEYSH010000012	3	0.3377777777777778	0.6041666666666666	-1
Csm2_0_IIIA	JAEYSH010000187_5	145	96	1.7999999999999997e-24	83.8	3665	4099	JAEYSH010000187	5	0.7379310344827587	0.9895833333333334	-1
Csm2_1_IIIA	JAEYSH010000187_5	145	139	3.1e-25	86.4	3665	4099	JAEYSH010000187	5	0.8206896551724138	0.841726618705036	-1
Csm2gr11_0_CAS-III-A	JAEYSH010000012_3	225	95	0.012	13.9	1262	1936	JAEYSH010000012	3	0.38666666666666666	0.7052631578947368	-1
Csm2gr11_0_CAS-III-A	JAEYSH010000187_5	145	95	2.6e-23	80.1	3665	4099	JAEYSH010000187	5	0.696551724137931	1.0	-1
Csm2gr11_0_CAS-III-D	JAEYSH010000038_83	115	181	0.0013	15.8	61888	62232	JAEYSH010000038	83	0.7391304347826086	0.4696132596685083	-1
Csm2gr11_0_CAS-III-D	JAEYSH010000237_1	113	181	0.0017	15.3	63	401	JAEYSH010000237	1	0.2831858407079646	0.17679558011049723	-1
Csm2gr11_2_CAS-III-A	JAEYSH010000187_5	145	142	4e-27	92.7	3665	4099	JAEYSH010000187	5	0.8137931034482758	0.8380281690140845	-1
Csm2gr11_5_CAS-III-D	JAEYSH010000128_9	243	121	0.0068	13.8	8148	8876	JAEYSH010000128	9	0.3497942386831276	0.9173553719008265	1
Csm2gr11_6_CAS-III-A	JAEYSH010000187_5	145	139	8.8e-23	78.2	3665	4099	JAEYSH010000187	5	0.8758620689655172	0.920863309352518	-1
Csm2gr11_7_CAS-III-A	JAEYSH010000012_3	225	110	0.038	12.4	1262	1936	JAEYSH010000012	3	0.32	0.509090909090909	-1
Csm2gr11_7_CAS-III-A	JAEYSH010000187_5	145	110	4.899999999999999e-24	82.8	3665	4099	JAEYSH010000187	5	0.8758620689655172	0.9454545454545454	-1
Csm3_0_IIIA	JAEYSH010000187_2	364	203	3.2e-05	21.3	900	1991	JAEYSH010000187	2	0.07417582417582418	0.12315270935960591	-1
Csm3_0_IIIA	JAEYSH010000187_4	245	203	5.8000000000000006e-71	235.9	2919	3653	JAEYSH010000187	4	0.8326530612244898	0.9950738916256158	-1
Csm3_0_IIIAD	JAEYSH010000187_2	364	650	0.00014	18.1	900	1991	JAEYSH010000187	2	0.3598901098901099	0.09230769230769231	-1
Csm3_0_IIIAD	JAEYSH010000187_4	245	650	8.3e-05	18.9	2919	3653	JAEYSH010000187	4	0.3183673469387755	0.12	-1
Csm3_0_IIID	JAEYSH010000187_2	364	178	3.7e-07	28.6	900	1991	JAEYSH010000187	2	0.4258241758241758	0.7696629213483146	-1
Csm3_0_IIID	JAEYSH010000187_4	245	178	1.3e-12	46.3	2919	3653	JAEYSH010000187	4	0.7673469387755102	0.9887640449438202	-1
Csm3_1_IIIAD	JAEYSH010000187_2	364	189	2.1e-10	38.5	900	1991	JAEYSH010000187	2	0.771978021978022	0.8359788359788359	-1
Csm3_1_IIIAD	JAEYSH010000187_4	245	189	3.5e-14	50.8	2919	3653	JAEYSH010000187	4	0.7959183673469388	0.9894179894179894	-1
Csm3_1_IIID	JAEYSH010000187_2	364	257	1.6e-05	21.9	900	1991	JAEYSH010000187	2	0.054945054945054944	0.07782101167315175	-1
Csm3_1_IIID	JAEYSH010000187_4	245	257	4.7e-66	220.3	2919	3653	JAEYSH010000187	4	0.9510204081632653	0.9377431906614786	-1
Csm3gr7_0_CAS-III-A-III-D	JAEYSH010000187_1	296	210	0.0052	13.7	2	889	JAEYSH010000187	1	0.41216216216216217	0.4095238095238095	-1
Csm3gr7_0_CAS-III-A-III-D	JAEYSH010000187_2	364	210	0.00015	18.7	900	1991	JAEYSH010000187	2	0.08516483516483517	0.14285714285714285	-1
Csm3gr7_0_CAS-III-A-III-D	JAEYSH010000187_4	245	210	2.5e-12	44.1	2919	3653	JAEYSH010000187	4	0.7918367346938775	0.819047619047619	-1
Csm3gr7_10_CAS-III-A-III-D	JAEYSH010000187_2	364	228	0.0048	13.7	900	1991	JAEYSH010000187	2	0.09615384615384616	0.15350877192982457	-1
Csm3gr7_12_CAS-III-A-III-D	JAEYSH010000085_11	167	199	0.011	13.4	7791	8291	JAEYSH010000085	11	0.7544910179640718	0.44221105527638194	1
Csm3gr7_12_CAS-III-A-III-D	JAEYSH010000187_2	364	199	3.8e-19	67.1	900	1991	JAEYSH010000187	2	0.8351648351648352	0.9798994974874372	-1
Csm3gr7_12_CAS-III-A-III-D	JAEYSH010000187_4	245	199	4.3e-19	67.0	2919	3653	JAEYSH010000187	4	0.7959183673469388	0.9949748743718593	-1
Csm3gr7_1_CAS-III-A-III-D	JAEYSH010000187_2	364	215	4.8e-05	20.6	900	1991	JAEYSH010000187	2	0.07142857142857142	0.11162790697674418	-1
Csm3gr7_1_CAS-III-A-III-D	JAEYSH010000187_4	245	215	4.4e-74	246.2	2919	3653	JAEYSH010000187	4	0.8857142857142857	0.9906976744186047	-1
Csm3gr7_2_CAS-III-A-III-D	JAEYSH010000038_7	161	180	0.0014	16.4	5100	5582	JAEYSH010000038	7	0.5341614906832298	0.4388888888888889	1
Csm3gr7_2_CAS-III-A-III-D	JAEYSH010000187_2	364	180	1.7e-13	48.7	900	1991	JAEYSH010000187	2	0.44505494505494503	0.7944444444444444	-1
Csm3gr7_2_CAS-III-A-III-D	JAEYSH010000187_4	245	180	3e-22	77.3	2919	3653	JAEYSH010000187	4	0.7714285714285715	0.9944444444444445	-1
Csm3gr7_4_CAS-III-A-III-D	JAEYSH010000187_2	364	640	2.1e-07	27.6	900	1991	JAEYSH010000187	2	0.1401098901098901	0.0796875	-1
Csm3gr7_4_CAS-III-A-III-D	JAEYSH010000187_4	245	640	1.7e-05	21.2	2919	3653	JAEYSH010000187	4	0.3346938775510204	0.1328125	-1
Csm3gr7_8_CAS-III-A-III-D	JAEYSH010000187_2	364	256	5.6e-06	23.3	900	1991	JAEYSH010000187	2	0.0989010989010989	0.140625	-1
Csm3gr7_8_CAS-III-A-III-D	JAEYSH010000187_4	245	256	2.6e-68	227.6	2919	3653	JAEYSH010000187	4	0.963265306122449	0.94921875	-1
Csm4_0_IIIA	JAEYSH010000187_3	305	302	1.3e-63	212.4	2003	2917	JAEYSH010000187	3	0.980327868852459	0.9933774834437086	-1
Csm4_0_IIIA	JAEYSH010000187_4	245	302	0.00068	16.3	2919	3653	JAEYSH010000187	4	0.2857142857142857	0.22185430463576158	-1
Csm4_1_IIIA	JAEYSH010000187_3	305	319	2e-53	178.9	2003	2917	JAEYSH010000187	3	0.9836065573770492	0.9341692789968652	-1
Csm4_1_IIIA	JAEYSH010000187_4	245	319	0.0016	14.9	2919	3653	JAEYSH010000187	4	0.16326530612244897	0.12852664576802508	-1
Csm4gr5_0_CAS-III-A	JAEYSH010000187_3	305	301	4.500000000000001e-65	217.2	2003	2917	JAEYSH010000187	3	0.980327868852459	0.9933554817275747	-1
Csm4gr5_0_CAS-III-A	JAEYSH010000187_4	245	301	0.00077	16.2	2919	3653	JAEYSH010000187	4	0.2857142857142857	0.22259136212624583	-1
Csm4gr5_0_CAS-III-A-III-D	JAEYSH010000187_3	305	317	3.9999999999999996e-26	89.3	2003	2917	JAEYSH010000187	3	0.9475409836065574	0.9116719242902208	-1
Csm4gr5_1_CAS-III-A	JAEYSH010000187_3	305	315	3.2e-58	194.8	2003	2917	JAEYSH010000187	3	0.9868852459016394	0.9365079365079365	-1
Csm4gr5_1_CAS-III-A	JAEYSH010000187_4	245	315	0.00023	17.8	2919	3653	JAEYSH010000187	4	0.2	0.15873015873015872	-1
Csm5_0_IIIA	JAEYSH010000187_2	364	364	3e-35	119.6	900	1991	JAEYSH010000187	2	0.9807692307692307	1.0	-1
Csm5_0_IIIA	JAEYSH010000187_4	245	364	5e-05	20.2	2919	3653	JAEYSH010000187	4	0.21224489795918366	0.1510989010989011	-1
Csm5_1_IIIA	JAEYSH010000187_2	364	373	1.9e-40	136.9	900	1991	JAEYSH010000187	2	0.9945054945054945	0.9973190348525469	-1
Csm5_1_IIIA	JAEYSH010000187_4	245	373	0.0016	15.4	2919	3653	JAEYSH010000187	4	0.08979591836734693	0.05361930294906166	-1
Csm5gr7_0_CAS-III-A-III-D	JAEYSH010000187_2	364	365	3.3e-39	132.5	900	1991	JAEYSH010000187	2	0.9807692307692307	1.0	-1
Csm5gr7_0_CAS-III-A-III-D	JAEYSH010000187_4	245	365	3.9e-05	20.4	2919	3653	JAEYSH010000187	4	0.24081632653061225	0.3863013698630137	-1
Csm5gr7_1_CAS-III-A-III-D	JAEYSH010000187_2	364	369	7.6e-48	161.4	900	1991	JAEYSH010000187	2	0.9945054945054945	0.997289972899729	-1
Csm5gr7_1_CAS-III-A-III-D	JAEYSH010000187_4	245	369	8.6e-05	19.7	2919	3653	JAEYSH010000187	4	0.10204081632653061	0.06233062330623306	-1
Csm5gr7_3_CAS-III-A-III-D	JAEYSH010000187_2	364	391	1.7000000000000003e-28	97.1	900	1991	JAEYSH010000187	2	0.9972527472527473	0.9769820971867008	-1
Csn2_3_CAS-II-A	JAEYSH010000040_3	264	219	0.00038	17.5	2026	2817	JAEYSH010000040	3	0.32954545454545453	0.3972602739726027	-1
Csn2_7_CAS-II-A	JAEYSH010000056_4	245	372	7.1e-05	19.2	2109	2843	JAEYSH010000056	4	0.4775510204081633	0.32526881720430106	1
Csn2_7_CAS-II-A	JAEYSH010000081_2	280	372	4.5e-05	19.9	1065	1904	JAEYSH010000081	2	0.475	0.3629032258064516	1
Csn2_7_CAS-II-A	JAEYSH010000083_7	207	372	0.016	11.5	6444	7064	JAEYSH010000083	7	0.13043478260869565	0.07258064516129033	-1
Csn2_7_CAS-II-A	JAEYSH010000103_22	569	372	9.6e-06	22.1	14786	16492	JAEYSH010000103	22	0.37785588752196836	0.5026881720430108	-1
Csx10_0_IIID	JAEYSH010000187_4	245	402	0.016	11.6	2919	3653	JAEYSH010000187	4	0.24897959183673468	0.13930348258706468	-1
Csx10gr5_0_CAS-III-D	JAEYSH010000187_4	245	392	0.013	12.3	2919	3653	JAEYSH010000187	4	0.2163265306122449	0.1326530612244898	-1
Csx10gr5_1_CAS-III-D	JAEYSH010000187_4	245	393	0.014	11.9	2919	3653	JAEYSH010000187	4	0.24897959183673468	0.14249363867684478	-1
Csx18_0_CAS-I-III	JAEYSH010000103_19	69	96	0.022	12.1	13474	13680	JAEYSH010000103	19	0.37681159420289856	0.2708333333333333	-1
Csx19_0_CAS-III-D	JAEYSH010000125_16	553	143	0.0011	16.3	12660	14318	JAEYSH010000125	16	0.10307414104882459	0.3986013986013986	-1
Csx19_10_CAS-III-D	JAEYSH010000002_8	129	121	0.0054	14.3	7488	7874	JAEYSH010000002	8	0.4418604651162791	0.4793388429752066	1
Csx1_20_CAS-III	JAEYSH010000187_1	296	379	7.3e-62	206.6	2	889	JAEYSH010000187	1	0.9222972972972973	0.7572559366754618	-1
Csx1_4_CAS-III	JAEYSH010000187_1	296	380	1.4e-62	209.0	2	889	JAEYSH010000187	1	0.9358108108108109	0.7736842105263158	-1
Csx1_9_CAS-III	JAEYSH010000187_1	296	378	1.6e-60	202.3	2	889	JAEYSH010000187	1	0.9290540540540541	0.7619047619047619	-1
Csx3_2_CAS-I-III	JAEYSH010000001_2	284	277	0.00071	16.1	586	1437	JAEYSH010000001	2	0.27816901408450706	0.2779783393501805	-1
Csx3_2_CAS-I-III	JAEYSH010000002_3	327	277	0.0042	13.6	1814	2794	JAEYSH010000002	3	0.09174311926605505	0.09025270758122744	-1
Csx3_2_CAS-I-III	JAEYSH010000030_7	162	277	0.016	11.7	6435	6920	JAEYSH010000030	7	0.15432098765432098	0.09025270758122744	1
Csx3_2_CAS-I-III	JAEYSH010000035_16	365	277	0.0055	13.2	7782	8876	JAEYSH010000035	16	0.08493150684931507	0.11913357400722022	-1
Csx3_2_CAS-I-III	JAEYSH010000045_3	258	277	0.0083	12.6	774	1547	JAEYSH010000045	3	0.3333333333333333	0.19855595667870035	-1
Csx3_2_CAS-I-III	JAEYSH010000050_8	793	277	0.0032	13.9	7235	9613	JAEYSH010000050	8	0.044136191677175286	0.12274368231046931	-1
Csx3_2_CAS-I-III	JAEYSH010000107_3	728	277	0.0068	12.9	2060	4243	JAEYSH010000107	3	0.08653846153846154	0.1263537906137184	-1
Csx3_2_CAS-I-III	JAEYSH010000168_6	147	277	0.0034	13.9	6600	7040	JAEYSH010000168	6	0.19047619047619047	0.10108303249097472	1
Csx3_2_CAS-I-III	JAEYSH010000170_17	442	277	0.016	11.6	13411	14736	JAEYSH010000170	17	0.18552036199095023	0.2779783393501805	1
Csx3_2_CAS-I-III	JAEYSH010000222_11	762	277	0.022	11.2	7935	10220	JAEYSH010000222	11	0.05511811023622047	0.07942238267148015	1
CysH_0_IVB	JAEYSH010000024_34	309	249	0.0002	18.5	27571	28497	JAEYSH010000024	34	0.19741100323624594	0.24899598393574296	1
CysH_0_IVB	JAEYSH010000037_8	352	249	2.2e-05	21.6	5547	6602	JAEYSH010000037	8	0.29545454545454547	0.42168674698795183	-1
CysH_0_IVB	JAEYSH010000061_28	332	249	6.7e-05	20.0	20956	21951	JAEYSH010000061	28	0.3463855421686747	0.3333333333333333	-1
CysH_0_IVB	JAEYSH010000116_16	287	249	1.8e-05	21.9	15616	16476	JAEYSH010000116	16	0.3623693379790941	0.3092369477911647	1
CysH_0_IVB	JAEYSH010000154_6	384	249	0.00033	17.7	4835	5986	JAEYSH010000154	6	0.3255208333333333	0.3654618473895582	1
CysH_0_IVB	JAEYSH010000236_3	378	249	4.3e-21	73.1	1912	3045	JAEYSH010000236	3	0.42063492063492064	0.6506024096385542	1
DEDDh_0_CAS-I-II-III-IV-V-VI	JAEYSH010000195_25	316	160	9.6e-09	32.9	18433	19380	JAEYSH010000195	25	0.4430379746835443	0.75	1
HEAT_CxxC_PDDEXK_0_CAS-I-C	JAEYSH010000049_4	447	288	9.3e-11	38.7	1677	3017	JAEYSH010000049	4	0.41387024608501116	0.2743055555555556	-1
HEAT_CxxC_PDDEXK_0_CAS-I-C	JAEYSH010000066_8	132	288	0.00068	16.2	4821	5216	JAEYSH010000066	8	0.5984848484848485	0.2951388888888889	1
HEAT_CxxC_PDDEXK_0_CAS-I-C	JAEYSH010000117_3	236	288	3.6e-09	33.5	2547	3254	JAEYSH010000117	3	0.75	0.3888888888888889	-1
HEAT_CxxC_PDDEXK_0_CAS-I-C	JAEYSH010000148_6	187	288	2.5e-05	20.9	3742	4302	JAEYSH010000148	6	0.7593582887700535	0.2673611111111111	-1
HEAT_CxxC_PDDEXK_0_CAS-I-C	JAEYSH010000187_12	652	288	0.00025	17.6	9149	11104	JAEYSH010000187	12	0.10889570552147239	0.2604166666666667	-1
HEAT_CxxC_PDDEXK_0_CAS-I-C	JAEYSH010000195_15	187	288	2.1e-08	30.9	11899	12459	JAEYSH010000195	15	0.8449197860962567	0.3576388888888889	1
HEAT_CxxC_PDDEXK_0_CAS-I-C	JAEYSH010000242_3	236	288	1.4e-11	41.4	1865	2572	JAEYSH010000242	3	0.7669491525423728	0.4027777777777778	1
HTH_0_CAS-I-D	JAEYSH010000049_4	447	65	0.015	12.5	1677	3017	JAEYSH010000049	4	0.17225950782997762	0.35384615384615387	-1
HTH_0_CAS-I-D	JAEYSH010000117_3	236	65	0.027	11.7	2547	3254	JAEYSH010000117	3	0.2838983050847458	0.38461538461538464	-1
HTH_0_CAS-I-D	JAEYSH010000242_3	236	65	0.00039	17.6	1865	2572	JAEYSH010000242	3	0.21610169491525424	0.35384615384615387	1
NYN_0_CAS-III-B	JAEYSH010000029_42	165	320	0.0022	14.6	29093	29587	JAEYSH010000029	42	0.42424242424242425	0.209375	1
NYN_0_CAS-III-B	JAEYSH010000197_11	176	320	4.9e-05	20.0	8493	9020	JAEYSH010000197	11	0.39204545454545453	0.20625	1
RecD_0_IVD	JAEYSH010000185_2	570	763	0.00052	15.5	1823	3532	JAEYSH010000185	2	0.13333333333333333	0.09567496723460026	-1
SSgr11_1_CAS-III-F	JAEYSH010000141_3	141	97	0.0017	15.6	1206	1628	JAEYSH010000141	3	0.624113475177305	0.7422680412371134	-1
STAND_TPR_0_CAS-I-E	JAEYSH010000049_4	447	1210	0.0092	11.2	1677	3017	JAEYSH010000049	4	0.3131991051454139	0.05206611570247934	-1
TPR_0_CAS-III-B	JAEYSH010000077_3	440	488	5.2e-14	49.2	2024	3343	JAEYSH010000077	3	0.3704545454545455	0.3401639344262295	1
TPR_0_CAS-III-B	JAEYSH010000148_7	331	488	2.6e-05	20.5	4582	5574	JAEYSH010000148	7	0.8187311178247734	0.4139344262295082	-1
TPR_0_CAS-III-B	JAEYSH010000182_5	108	488	1e-05	21.8	2384	2707	JAEYSH010000182	5	0.6203703703703703	0.1413934426229508	1
TPR_0_CAS-III-B	JAEYSH010000241_4	234	488	9.3e-07	25.2	6495	7196	JAEYSH010000241	4	0.6666666666666666	0.36885245901639346	-1
TPR_1_CAS-III-A	JAEYSH010000009_6	322	462	2.2e-07	27.2	3901	4866	JAEYSH010000009	6	0.5745341614906833	0.28354978354978355	-1
TPR_1_CAS-III-A	JAEYSH010000221_4	216	462	1.5e-07	27.8	1517	2164	JAEYSH010000221	4	0.6111111111111112	0.09740259740259741	-1
TPR_1_CAS-III-A	JAEYSH010000241_4	234	462	2.7e-06	23.7	6495	7196	JAEYSH010000241	4	0.7393162393162394	0.14502164502164502	-1
TPR_1_CAS-III-B	JAEYSH010000009_6	322	537	1.1e-05	21.7	3901	4866	JAEYSH010000009	6	0.6832298136645962	0.3929236499068901	-1
TPR_1_CAS-III-B	JAEYSH010000077_3	440	537	0.01	11.9	2024	3343	JAEYSH010000077	3	0.2681818181818182	0.21415270018621974	1
TPR_1_CAS-III-B	JAEYSH010000182_5	108	537	0.014	11.5	2384	2707	JAEYSH010000182	5	0.5925925925925926	0.11731843575418995	1
TPR_1_CAS-III-B	JAEYSH010000221_4	216	537	6.5e-05	19.2	1517	2164	JAEYSH010000221	4	0.7685185185185185	0.2346368715083799	-1
TPR_1_CAS-III-B	JAEYSH010000241_4	234	537	2e-07	27.4	6495	7196	JAEYSH010000241	4	0.8162393162393162	0.36685288640595903	-1
TniQ_1_I-F	JAEYSH010000083_5	101	400	0.039	10.3	5757	6059	JAEYSH010000083	5	0.42574257425742573	0.105	-1
TnpB_0_Competitive	JAEYSH010000079_5	43	400	0.0065	12.8	2104	2232	JAEYSH010000079	5	0.813953488372093	0.0775	1
TnpB_1_Competitive	JAEYSH010000183_26	90	409	0.0022	14.2	17883	18152	JAEYSH010000183	26	0.5	0.10757946210268948	-1
WYL_3_CAS-I-II-III-IV-V-VI	JAEYSH010000067_2	102	172	0.0057	14.1	1279	1584	JAEYSH010000067	2	0.7254901960784313	0.4127906976744186	-1
WYL_3_CAS-I-II-III-IV-V-VI	JAEYSH010000222_34	100	172	0.022	12.2	36980	37279	JAEYSH010000222	34	0.77	0.42441860465116277	-1
htpX_0_CAS-III-B	JAEYSH010000158_5	288	343	1.2e-16	58.1	3058	3921	JAEYSH010000158	5	0.8333333333333334	0.6822157434402333	-1
htpX_0_CAS-III-B	JAEYSH010000163_3	477	343	1.1e-06	25.4	2116	3546	JAEYSH010000163	3	0.259958071278826	0.3556851311953353	-1
htpX_0_CAS-III-B	JAEYSH010000170_3	321	343	4.4e-11	39.8	1617	2579	JAEYSH010000170	3	0.5109034267912772	0.478134110787172	1
