Contig	Start	End	Strand	Pos
SYJR01000001	3	578	1	1
SYJR01000001	603	1118	1	2
SYJR01000001	1155	2090	-1	3
SYJR01000001	2199	3092	1	4
SYJR01000001	3102	3842	1	5
SYJR01000001	3835	4650	1	6
SYJR01000001	4643	4951	1	7
SYJR01000002	3	194	1	1
SYJR01000002	348	941	1	2
SYJR01000002	938	1462	1	3
SYJR01000002	1454	2227	-1	4
SYJR01000002	2270	2620	-1	5
SYJR01000002	2651	3406	-1	6
SYJR01000002	3503	3724	1	7
SYJR01000002	3836	4261	-1	8
SYJR01000002	4336	6087	1	9
SYJR01000002	6250	6417	1	10
SYJR01000002	6420	7004	-1	11
SYJR01000002	7089	7370	1	12
SYJR01000002	7374	7589	-1	13
SYJR01000002	7651	7833	1	14
SYJR01000002	8166	9464	1	15
SYJR01000002	9448	10398	1	16
SYJR01000003	1	249	-1	1
SYJR01000003	343	996	1	2
SYJR01000003	987	2258	1	3
SYJR01000003	2290	3270	1	4
SYJR01000003	3267	3578	1	5
SYJR01000003	3575	4195	-1	6
SYJR01000003	4196	4813	-1	7
SYJR01000003	5310	5678	1	8
SYJR01000003	5974	6684	-1	9
SYJR01000003	6820	7047	1	10
SYJR01000004	3	119	-1	1
SYJR01000004	157	1008	1	2
SYJR01000004	1054	2484	1	3
SYJR01000004	2856	4217	1	4
SYJR01000004	4359	4829	1	5
SYJR01000004	4826	5641	-1	6
SYJR01000004	5646	6197	-1	7
SYJR01000004	6285	7364	1	8
SYJR01000004	7367	7966	1	9
SYJR01000004	7967	8962	-1	10
SYJR01000004	9045	10373	1	11
SYJR01000004	10530	11627	1	12
SYJR01000004	11629	12885	1	13
SYJR01000004	12909	13901	1	14
SYJR01000004	13901	15169	1	15
SYJR01000004	15169	16239	1	16
SYJR01000004	16236	17204	1	17
SYJR01000004	17229	17816	1	18
SYJR01000004	17816	18424	1	19
SYJR01000004	18421	19128	1	20
SYJR01000004	19125	19928	1	21
SYJR01000004	19952	20278	1	22
SYJR01000004	20283	20780	-1	23
SYJR01000004	20944	22158	1	24
SYJR01000004	22160	23482	1	25
SYJR01000004	23692	24084	1	26
SYJR01000005	153	383	1	1
SYJR01000005	398	1321	1	2
SYJR01000005	1353	2195	-1	3
SYJR01000005	2341	2496	-1	4
SYJR01000005	2557	3183	1	5
SYJR01000005	3178	4245	-1	6
SYJR01000006	1	735	-1	1
SYJR01000006	1190	1411	-1	2
SYJR01000006	2426	2782	-1	3
SYJR01000007	2	139	1	1
SYJR01000007	211	1017	1	2
SYJR01000007	1090	1887	-1	3
SYJR01000007	1887	3110	-1	4
SYJR01000007	3200	4114	1	5
SYJR01000008	2	256	1	1
SYJR01000008	358	657	1	2
SYJR01000008	749	1171	-1	3
SYJR01000008	1298	1801	-1	4
SYJR01000008	2155	2979	-1	5
SYJR01000008	3042	3320	-1	6
SYJR01000008	3362	4804	-1	7
SYJR01000008	4797	6962	-1	8
SYJR01000008	6959	7639	-1	9
SYJR01000008	7694	7882	1	10
SYJR01000008	7885	8145	-1	11
SYJR01000008	8297	8767	1	12
SYJR01000008	8823	9614	1	13
SYJR01000008	9642	9830	1	14
SYJR01000008	9845	10333	-1	15
SYJR01000008	10281	10838	-1	16
SYJR01000008	11442	12533	1	17
SYJR01000008	12550	13098	-1	18
SYJR01000008	13586	13846	1	19
SYJR01000008	13912	14067	1	20
SYJR01000008	14090	14338	-1	21
SYJR01000008	14508	14720	-1	22
SYJR01000008	14773	15198	-1	23
SYJR01000008	15339	17153	1	24
SYJR01000008	17203	18018	1	25
SYJR01000008	18097	18261	-1	26
SYJR01000008	18480	19046	1	27
SYJR01000008	19043	19315	-1	28
SYJR01000008	19426	19722	1	29
SYJR01000008	19706	19912	1	30
SYJR01000008	19909	20262	-1	31
SYJR01000008	20294	20674	-1	32
SYJR01000008	20769	20990	1	33
SYJR01000008	21176	21739	1	34
SYJR01000008	21743	22168	1	35
SYJR01000008	22171	22401	-1	36
SYJR01000008	22430	22657	-1	37
SYJR01000008	22698	23276	-1	38
SYJR01000008	23345	23491	-1	39
SYJR01000008	23569	23700	-1	40
SYJR01000009	1	837	-1	1
SYJR01000009	886	1662	-1	2
SYJR01000009	1688	2506	-1	3
SYJR01000009	2677	4485	1	4
SYJR01000009	4473	5279	1	5
SYJR01000009	5281	6405	-1	6
SYJR01000009	6536	7990	1	7
SYJR01000010	3	242	-1	1
SYJR01000010	239	1906	-1	2
SYJR01000010	1982	2359	1	3
SYJR01000010	2397	3872	1	4
SYJR01000010	3875	4003	-1	5
SYJR01000010	4270	6057	1	6
SYJR01000010	6063	6890	1	7
SYJR01000010	6883	7113	-1	8
SYJR01000010	7153	7899	-1	9
SYJR01000010	7896	8393	-1	10
SYJR01000010	8468	9574	1	11
SYJR01000010	9566	10648	-1	12
SYJR01000010	10699	11304	1	13
SYJR01000010	11533	12165	-1	14
SYJR01000010	12366	13217	1	15
SYJR01000010	13207	14691	-1	16
SYJR01000010	14705	16777	-1	17
SYJR01000010	16781	18334	-1	18
SYJR01000010	18334	18639	-1	19
SYJR01000010	18620	19132	-1	20
SYJR01000010	19125	19625	-1	21
SYJR01000010	19622	20920	-1	22
SYJR01000010	20921	22057	-1	23
SYJR01000010	22060	22641	-1	24
SYJR01000010	22641	23177	-1	25
SYJR01000010	23206	23538	-1	26
SYJR01000010	23694	24158	1	27
SYJR01000010	24169	24684	-1	28
SYJR01000010	24689	26176	-1	29
SYJR01000010	26183	27730	-1	30
SYJR01000010	27830	28141	-1	31
SYJR01000010	28138	29295	-1	32
SYJR01000010	29304	30425	-1	33
SYJR01000010	30509	31306	1	34
SYJR01000010	31386	32228	1	35
SYJR01000010	32304	32468	1	36
SYJR01000010	32473	33549	-1	37
SYJR01000010	33565	34281	-1	38
SYJR01000011	2	784	1	1
SYJR01000011	804	1250	1	2
SYJR01000011	1264	1665	1	3
SYJR01000011	1668	2468	-1	4
SYJR01000011	2506	3519	-1	5
SYJR01000011	3718	4476	1	6
SYJR01000011	4476	5402	1	7
SYJR01000011	5412	6086	1	8
SYJR01000011	6092	6337	-1	9
SYJR01000011	6379	6936	-1	10
SYJR01000011	7001	7714	-1	11
SYJR01000011	7759	7953	-1	12
SYJR01000011	7985	8821	-1	13
SYJR01000011	8818	9828	-1	14
SYJR01000011	9831	10118	-1	15
SYJR01000011	10350	10814	1	16
SYJR01000011	10818	11459	-1	17
SYJR01000011	11574	12017	1	18
SYJR01000011	12268	13011	1	19
SYJR01000011	13052	13261	1	20
SYJR01000011	13273	14088	1	21
SYJR01000011	14080	14595	-1	22
SYJR01000011	14633	15175	-1	23
SYJR01000011	15213	15512	-1	24
SYJR01000011	15584	15814	-1	25
SYJR01000011	15981	16172	1	26
SYJR01000011	16190	16282	-1	27
SYJR01000011	16320	16844	-1	28
SYJR01000011	16844	18877	-1	29
SYJR01000011	18900	20612	-1	30
SYJR01000011	20609	20977	-1	31
SYJR01000011	20979	21284	-1	32
SYJR01000011	21370	21843	1	33
SYJR01000011	21833	22534	1	34
SYJR01000011	22552	23208	1	35
SYJR01000011	23212	24135	1	36
SYJR01000011	24137	24355	-1	37
SYJR01000011	24431	24925	-1	38
SYJR01000011	25042	25692	1	39
SYJR01000011	25762	27120	1	40
SYJR01000011	27128	28648	-1	41
SYJR01000011	28721	29212	1	42
SYJR01000011	29215	29931	1	43
SYJR01000011	29941	30477	-1	44
SYJR01000011	30554	30853	1	45
SYJR01000012	2	2350	1	1
SYJR01000012	2388	2945	1	2
SYJR01000012	3159	3623	1	3
SYJR01000012	3888	5612	-1	4
SYJR01000012	5850	6530	1	5
SYJR01000012	6527	6661	-1	6
SYJR01000012	6761	7078	1	7
SYJR01000012	7075	7323	-1	8
SYJR01000012	7376	8434	1	9
SYJR01000012	8440	9807	1	10
SYJR01000012	9808	10128	-1	11
SYJR01000012	10129	10476	-1	12
SYJR01000012	10537	10935	-1	13
SYJR01000012	10967	12256	-1	14
SYJR01000012	12334	12795	1	15
SYJR01000012	12849	13160	1	16
SYJR01000012	13168	13389	-1	17
SYJR01000012	13608	13784	-1	18
SYJR01000012	13826	14035	-1	19
SYJR01000012	14087	14317	-1	20
SYJR01000012	14368	15018	-1	21
SYJR01000012	15076	15261	-1	22
SYJR01000012	15426	15689	-1	23
SYJR01000012	15806	16828	1	24
SYJR01000012	16871	17398	1	25
SYJR01000012	17399	19297	-1	26
SYJR01000012	19352	20224	-1	27
SYJR01000012	20358	20651	1	28
SYJR01000012	20683	22302	1	29
SYJR01000012	22339	22737	1	30
SYJR01000013	30	503	-1	1
SYJR01000013	576	731	-1	2
SYJR01000013	824	1033	1	3
SYJR01000013	1028	1957	-1	4
SYJR01000013	1960	2427	-1	5
SYJR01000013	2499	3041	-1	6
SYJR01000014	2	442	1	1
SYJR01000014	501	644	1	2
SYJR01000014	682	1659	1	3
SYJR01000014	1777	2121	1	4
SYJR01000014	2135	2869	1	5
SYJR01000014	2921	3943	1	6
SYJR01000014	4017	5264	1	7
SYJR01000014	5294	6880	1	8
SYJR01000014	6890	8479	1	9
SYJR01000014	8482	8676	1	10
SYJR01000014	8720	9478	1	11
SYJR01000014	9972	10127	1	12
SYJR01000014	10149	10448	1	13
SYJR01000014	10483	10656	1	14
SYJR01000014	10672	11040	-1	15
SYJR01000014	11120	11677	-1	16
SYJR01000014	11730	12155	1	17
SYJR01000014	12156	12554	-1	18
SYJR01000014	12771	13484	-1	19
SYJR01000014	13556	14065	1	20
SYJR01000014	14080	14538	-1	21
SYJR01000015	1	717	-1	1
SYJR01000015	839	1102	1	2
SYJR01000015	1124	1381	1	3
SYJR01000015	1566	2027	1	4
SYJR01000015	2064	3836	-1	5
SYJR01000015	3922	4449	-1	6
SYJR01000015	4601	4738	-1	7
SYJR01000015	4830	5369	-1	8
SYJR01000015	5449	5793	-1	9
SYJR01000016	1	342	1	1
SYJR01000016	378	950	1	2
SYJR01000016	955	2478	1	3
SYJR01000016	2488	2847	1	4
SYJR01000016	2850	3050	1	5
SYJR01000017	2	643	-1	1
SYJR01000017	644	1120	-1	2
SYJR01000017	1345	1575	1	3
SYJR01000017	1659	1889	1	4
SYJR01000017	2304	2831	-1	5
SYJR01000017	3006	3710	-1	6
SYJR01000017	3874	4362	-1	7
SYJR01000017	4444	4941	1	8
SYJR01000017	4921	5946	-1	9
SYJR01000017	6008	6502	1	10
SYJR01000017	6557	7699	1	11
SYJR01000017	7746	8477	1	12
SYJR01000017	8479	9522	-1	13
SYJR01000017	9619	10251	1	14
SYJR01000017	10259	12199	1	15
SYJR01000017	12191	12469	-1	16
SYJR01000017	13142	13297	-1	17
SYJR01000017	13596	14450	1	18
SYJR01000018	13	1209	-1	1
SYJR01000018	1253	1564	1	2
SYJR01000018	1561	2604	-1	3
SYJR01000018	2637	3053	-1	4
SYJR01000018	3224	3643	1	5
SYJR01000018	3648	3812	-1	6
SYJR01000018	3854	4303	-1	7
SYJR01000018	4306	5112	-1	8
SYJR01000018	5169	6854	1	9
SYJR01000018	6906	8777	1	10
SYJR01000019	2	211	1	1
SYJR01000019	273	632	1	2
SYJR01000019	638	1114	-1	3
SYJR01000019	1241	1879	1	4
SYJR01000019	1883	2212	-1	5
SYJR01000019	2300	2752	1	6
SYJR01000019	3011	3964	1	7
SYJR01000019	3961	4746	1	8
SYJR01000019	4925	5224	-1	9
SYJR01000019	5265	5678	1	10
SYJR01000019	5678	6361	1	11
SYJR01000019	6386	7663	1	12
SYJR01000019	7660	8595	1	13
SYJR01000019	8592	9332	1	14
SYJR01000019	9332	9895	1	15
SYJR01000020	1	1014	1	1
SYJR01000020	992	1381	-1	2
SYJR01000020	1378	2532	-1	3
SYJR01000020	2586	3236	1	4
SYJR01000020	3220	3882	-1	5
SYJR01000020	3913	5055	-1	6
SYJR01000020	5066	5821	-1	7
SYJR01000020	5828	6598	1	8
SYJR01000021	3	224	1	1
SYJR01000021	213	881	-1	2
SYJR01000021	1023	2234	1	3
SYJR01000021	2224	2571	-1	4
SYJR01000021	2573	3016	-1	5
SYJR01000021	3013	4257	-1	6
SYJR01000021	4261	4569	-1	7
SYJR01000021	4575	5975	-1	8
SYJR01000021	6002	7411	-1	9
SYJR01000021	7749	8324	1	10
SYJR01000021	8326	8529	-1	11
SYJR01000022	2	922	-1	1
SYJR01000022	1039	1926	1	2
SYJR01000022	1936	2232	-1	3
SYJR01000022	2235	4376	-1	4
SYJR01000022	4427	4693	-1	5
SYJR01000022	4697	4882	-1	6
SYJR01000022	4937	6073	-1	7
SYJR01000022	6119	6493	1	8
SYJR01000022	6537	8162	1	9
SYJR01000022	8162	9355	1	10
SYJR01000022	9359	9565	-1	11
SYJR01000022	9669	10355	1	12
SYJR01000022	10405	10743	1	13
SYJR01000022	10760	10903	-1	14
SYJR01000023	1	384	-1	1
SYJR01000023	459	710	-1	2
SYJR01000023	711	1970	-1	3
SYJR01000023	1967	3136	-1	4
SYJR01000023	3183	4370	-1	5
SYJR01000023	4436	5644	-1	6
SYJR01000023	5647	6063	-1	7
SYJR01000023	6235	6432	1	8
SYJR01000023	6470	6799	1	9
SYJR01000023	6829	6969	-1	10
SYJR01000024	3	416	-1	1
SYJR01000024	967	1401	-1	2
SYJR01000024	1543	1770	-1	3
SYJR01000024	1775	2023	-1	4
SYJR01000024	2352	2642	-1	5
SYJR01000024	2659	3216	-1	6
SYJR01000024	3206	3598	-1	7
SYJR01000024	3604	3783	-1	8
SYJR01000024	3783	4304	-1	9
SYJR01000024	4309	5025	-1	10
SYJR01000024	5025	5465	-1	11
SYJR01000024	5467	5889	-1	12
SYJR01000024	5891	6220	-1	13
SYJR01000024	6217	6483	-1	14
SYJR01000024	6480	6686	-1	15
SYJR01000024	6683	7474	-1	16
SYJR01000024	7477	7935	-1	17
SYJR01000024	7941	8336	-1	18
SYJR01000024	8381	8647	-1	19
SYJR01000024	8644	9456	-1	20
SYJR01000024	9456	10451	-1	21
SYJR01000024	10547	10654	-1	22
SYJR01000024	10657	11469	-1	23
SYJR01000024	11502	12239	-1	24
SYJR01000024	12292	12708	1	25
SYJR01000024	12750	12869	1	26
SYJR01000024	13051	13419	-1	27
SYJR01000024	13560	13649	-1	28
SYJR01000024	13680	13868	-1	29
SYJR01000024	13994	14335	1	30
SYJR01000024	14328	14978	-1	31
SYJR01000024	15072	16145	-1	32
SYJR01000024	16142	16873	-1	33
SYJR01000024	16969	17091	1	34
SYJR01000024	17092	18216	-1	35
SYJR01000024	18206	19183	-1	36
SYJR01000024	19255	20571	-1	37
SYJR01000024	20751	21434	1	38
SYJR01000024	21443	21991	-1	39
SYJR01000025	3	725	-1	1
SYJR01000025	786	1163	-1	2
SYJR01000025	1237	1359	1	3
SYJR01000025	1361	1534	-1	4
SYJR01000025	1661	2653	-1	5
SYJR01000025	2654	3196	-1	6
SYJR01000025	3197	6058	-1	7
SYJR01000025	6100	7224	-1	8
SYJR01000025	7224	8252	-1	9
SYJR01000025	8339	9178	1	10
SYJR01000025	9210	10667	1	11
SYJR01000025	10752	11405	-1	12
SYJR01000025	11491	12276	1	13
SYJR01000025	12269	13033	-1	14
SYJR01000025	13026	13748	-1	15
SYJR01000025	13785	14243	-1	16
SYJR01000026	1	543	-1	1
SYJR01000026	620	910	-1	2
SYJR01000026	971	1480	-1	3
SYJR01000026	1560	2513	1	4
SYJR01000027	1	1479	-1	1
SYJR01000027	1489	2199	-1	2
SYJR01000027	2251	3180	-1	3
SYJR01000027	3222	3683	1	4
SYJR01000027	3713	4015	-1	5
SYJR01000027	4073	4204	-1	6
SYJR01000027	4204	4836	-1	7
SYJR01000027	4841	6226	-1	8
SYJR01000027	6223	8001	-1	9
SYJR01000027	8003	8602	-1	10
SYJR01000027	8694	10793	1	11
SYJR01000027	10826	11608	-1	12
SYJR01000027	11728	13290	-1	13
SYJR01000027	13420	14088	1	14
SYJR01000027	14148	15185	1	15
SYJR01000027	15196	15432	1	16
SYJR01000027	15466	16122	1	17
SYJR01000027	16167	16262	-1	18
SYJR01000027	16378	16953	-1	19
SYJR01000027	17020	17370	1	20
SYJR01000027	17371	18057	-1	21
SYJR01000027	18054	19289	-1	22
SYJR01000027	19286	19888	-1	23
SYJR01000027	19927	20103	1	24
SYJR01000027	20159	20539	1	25
SYJR01000027	20541	22085	-1	26
SYJR01000027	22090	22473	-1	27
SYJR01000027	22813	23151	-1	28
SYJR01000027	23153	24505	-1	29
SYJR01000027	24505	25149	-1	30
SYJR01000027	25202	26377	-1	31
SYJR01000027	26457	26825	1	32
SYJR01000028	1	846	1	1
SYJR01000028	843	1463	-1	2
SYJR01000028	1525	2661	1	3
SYJR01000028	2663	3256	-1	4
SYJR01000028	3253	3999	-1	5
SYJR01000028	4052	4513	-1	6
SYJR01000028	4618	6708	1	7
SYJR01000028	6711	7679	1	8
SYJR01000029	1	513	1	1
SYJR01000029	530	811	-1	2
SYJR01000029	808	1920	-1	3
SYJR01000029	1972	3360	1	4
SYJR01000029	3351	4994	1	5
SYJR01000029	5279	5698	1	6
SYJR01000029	5741	5980	1	7
SYJR01000029	6000	6566	1	8
SYJR01000029	6579	7211	-1	9
SYJR01000029	7367	9634	1	10
SYJR01000029	9806	10339	1	11
SYJR01000029	10370	11338	1	12
SYJR01000029	11335	11952	1	13
SYJR01000029	12048	12416	1	14
SYJR01000029	12468	13031	-1	15
SYJR01000029	13108	15426	-1	16
SYJR01000029	15430	16245	-1	17
SYJR01000029	16310	16588	-1	18
SYJR01000029	16629	17126	-1	19
SYJR01000029	17236	17991	1	20
SYJR01000029	17984	19348	-1	21
SYJR01000029	19455	19610	-1	22
SYJR01000029	19700	21148	1	23
SYJR01000029	21145	21555	1	24
SYJR01000029	21552	21863	1	25
SYJR01000029	21860	22336	-1	26
SYJR01000029	22453	22773	1	27
SYJR01000029	22774	22875	-1	28
SYJR01000030	2	178	-1	1
SYJR01000030	219	1088	-1	2
SYJR01000030	1351	1641	1	3
SYJR01000030	1644	2216	-1	4
SYJR01000030	2380	3231	-1	5
SYJR01000030	3388	4266	-1	6
SYJR01000030	4266	6134	-1	7
SYJR01000030	6203	6805	-1	8
SYJR01000030	6852	7169	-1	9
SYJR01000031	3	77	-1	1
SYJR01000031	120	1844	-1	2
SYJR01000031	1896	2723	-1	3
SYJR01000031	2692	3603	-1	4
SYJR01000031	3689	5032	1	5
SYJR01000032	1	366	-1	1
SYJR01000032	464	1066	1	2
SYJR01000032	1237	1794	-1	3
SYJR01000032	1838	1999	-1	4
SYJR01000032	2039	2953	-1	5
SYJR01000032	3049	3255	1	6
SYJR01000032	3399	4814	-1	7
SYJR01000032	4845	5876	-1	8
SYJR01000032	6110	7090	1	9
SYJR01000032	7105	7611	-1	10
SYJR01000032	7692	7943	1	11
SYJR01000032	8193	9074	-1	12
SYJR01000032	9418	9570	1	13
SYJR01000033	181	1509	1	1
SYJR01000033	1502	1930	1	2
SYJR01000033	2073	2336	1	3
SYJR01000033	2328	2837	-1	4
SYJR01000034	1	828	1	1
SYJR01000034	821	1546	1	2
SYJR01000034	1543	2127	1	3
SYJR01000034	2110	2307	-1	4
SYJR01000034	2304	2585	-1	5
SYJR01000034	2655	4418	1	6
SYJR01000034	4463	6079	1	7
SYJR01000034	6122	6988	1	8
SYJR01000034	6989	7195	-1	9
SYJR01000035	1	603	1	1
SYJR01000035	707	901	1	2
SYJR01000035	1150	1347	1	3
SYJR01000035	1671	3320	1	4
SYJR01000036	3	791	-1	1
SYJR01000036	810	1076	-1	2
SYJR01000036	1164	1817	1	3
SYJR01000036	1814	3217	-1	4
SYJR01000036	3427	4365	1	5
SYJR01000036	4349	5110	1	6
SYJR01000036	5120	5857	-1	7
SYJR01000036	6070	7098	-1	8
SYJR01000036	7160	8299	1	9
SYJR01000036	8335	8919	1	10
SYJR01000036	8916	10754	1	11
SYJR01000036	10803	11852	1	12
SYJR01000036	11862	12023	1	13
SYJR01000037	1	150	-1	1
SYJR01000037	147	467	-1	2
SYJR01000037	1218	1598	1	3
SYJR01000037	1777	1962	-1	4
SYJR01000037	2082	2312	-1	5
SYJR01000037	2398	2592	-1	6
SYJR01000037	2706	4016	1	7
SYJR01000037	4195	4362	-1	8
SYJR01000037	4582	4845	-1	9
SYJR01000037	4920	5123	-1	10
SYJR01000037	5392	6864	1	11
SYJR01000037	6916	8535	-1	12
SYJR01000037	8587	8799	1	13
SYJR01000037	9105	9632	1	14
SYJR01000037	10024	10287	1	15
SYJR01000037	10287	11735	1	16
SYJR01000037	11732	13138	1	17
SYJR01000037	13135	13398	1	18
SYJR01000037	13410	14636	-1	19
SYJR01000037	14719	15336	-1	20
SYJR01000037	15395	15742	-1	21
SYJR01000037	15816	16109	1	22
SYJR01000037	16112	16336	-1	23
SYJR01000037	16342	16878	-1	24
SYJR01000037	16962	17498	1	25
SYJR01000037	17865	18032	1	26
SYJR01000037	18044	18331	-1	27
SYJR01000037	18523	18747	1	28
SYJR01000037	18814	19134	1	29
SYJR01000037	19262	19408	1	30
SYJR01000037	19402	19620	1	31
SYJR01000037	19688	20101	1	32
SYJR01000037	20098	20484	-1	33
SYJR01000037	20542	20907	-1	34
SYJR01000037	21060	21206	1	35
SYJR01000037	21228	22004	-1	36
SYJR01000037	22258	23097	1	37
SYJR01000037	23169	24377	1	38
SYJR01000037	24392	24619	1	39
SYJR01000037	24763	25905	1	40
SYJR01000037	25939	26310	1	41
SYJR01000037	26324	26470	1	42
SYJR01000037	26451	26699	1	43
SYJR01000037	26738	27406	1	44
SYJR01000037	27418	27573	-1	45
SYJR01000038	2	616	1	1
SYJR01000038	616	1725	1	2
SYJR01000038	1722	2030	1	3
SYJR01000038	2023	2850	-1	4
SYJR01000038	2884	3666	-1	5
SYJR01000038	3667	3951	-1	6
SYJR01000038	4096	4659	1	7
SYJR01000038	4711	5160	1	8
SYJR01000038	5231	5608	1	9
SYJR01000038	5898	6272	-1	10
SYJR01000038	6378	7589	1	11
SYJR01000039	1	72	1	1
SYJR01000039	104	433	1	2
SYJR01000039	422	2449	-1	3
SYJR01000039	2493	2726	-1	4
SYJR01000039	2830	3870	1	5
SYJR01000039	3892	4044	1	6
SYJR01000039	4067	4219	-1	7
SYJR01000039	4312	4545	1	8
SYJR01000039	4535	5035	-1	9
SYJR01000039	5155	5403	1	10
SYJR01000040	228	440	1	1
SYJR01000040	443	610	-1	2
SYJR01000040	647	1558	-1	3
SYJR01000040	1555	2661	-1	4
SYJR01000040	2702	3031	-1	5
SYJR01000040	3143	3727	-1	6
SYJR01000040	3773	6970	-1	7
SYJR01000040	7057	8331	1	8
SYJR01000040	8316	8879	-1	9
SYJR01000040	8866	9732	-1	10
SYJR01000040	9825	10109	1	11
SYJR01000040	10099	10431	1	12
SYJR01000040	10428	11045	-1	13
SYJR01000040	11104	12084	1	14
SYJR01000040	12198	12434	-1	15
SYJR01000040	12545	12724	-1	16
SYJR01000040	13000	13239	-1	17
SYJR01000040	13397	13834	1	18
SYJR01000040	13896	14195	1	19
SYJR01000040	14332	15609	-1	20
SYJR01000040	15610	16605	1	21
SYJR01000040	16700	17809	1	22
SYJR01000040	17860	18087	1	23
SYJR01000040	18084	18503	-1	24
SYJR01000040	18710	18967	-1	25
SYJR01000040	19023	19655	1	26
SYJR01000040	19711	21660	1	27
SYJR01000040	21650	24475	1	28
SYJR01000040	24465	26051	1	29
SYJR01000040	26071	26598	-1	30
SYJR01000040	27331	27537	1	31
SYJR01000040	27541	28479	-1	32
SYJR01000041	64	246	-1	1
SYJR01000041	386	1735	1	2
SYJR01000041	1732	2322	1	3
SYJR01000041	2319	3365	1	4
SYJR01000041	3358	4134	1	5
SYJR01000041	4131	5327	1	6
SYJR01000041	5451	5852	1	7
SYJR01000041	6059	6205	-1	8
SYJR01000041	6308	6901	-1	9
SYJR01000041	6939	7145	-1	10
SYJR01000041	7720	7962	1	11
SYJR01000042	1	117	1	1
SYJR01000042	171	1607	-1	2
SYJR01000042	1720	2115	1	3
SYJR01000042	2117	3118	-1	4
SYJR01000042	3155	3697	-1	5
SYJR01000042	3741	4649	-1	6
SYJR01000042	4744	5157	1	7
SYJR01000042	5121	5522	1	8
SYJR01000042	5607	6194	1	9
SYJR01000042	6224	7381	-1	10
SYJR01000042	7483	8406	1	11
SYJR01000042	8544	8822	-1	12
SYJR01000042	8912	10300	-1	13
SYJR01000042	10301	11092	-1	14
SYJR01000042	11167	11469	-1	15
SYJR01000042	11545	12786	1	16
SYJR01000042	13253	13507	1	17
SYJR01000042	13551	13952	-1	18
SYJR01000042	13993	14253	-1	19
SYJR01000042	14270	14455	-1	20
SYJR01000042	14673	14867	1	21
SYJR01000042	14879	15262	-1	22
SYJR01000042	15427	16722	1	23
SYJR01000042	16713	17519	1	24
SYJR01000042	17528	18382	1	25
SYJR01000042	18512	20167	1	26
SYJR01000042	20170	20922	1	27
SYJR01000042	21316	22236	1	28
SYJR01000042	22273	22392	1	29
SYJR01000042	22449	23447	1	30
SYJR01000042	23460	23882	-1	31
SYJR01000042	24064	24348	1	32
SYJR01000042	24359	25288	1	33
SYJR01000042	25355	27856	1	34
SYJR01000042	27849	28256	1	35
SYJR01000042	28298	29218	1	36
SYJR01000042	29223	30824	1	37
SYJR01000042	30825	31220	1	38
SYJR01000042	31245	31859	-1	39
SYJR01000042	31908	32528	1	40
SYJR01000042	32570	32821	1	41
SYJR01000042	32805	33068	1	42
SYJR01000042	33124	34440	-1	43
SYJR01000042	34564	34968	1	44
SYJR01000042	34965	35519	-1	45
SYJR01000043	3	338	-1	1
SYJR01000043	1466	1618	1	2
SYJR01000043	1694	1882	-1	3
SYJR01000043	1966	2541	-1	4
SYJR01000043	2624	3706	1	5
SYJR01000043	3703	4185	1	6
SYJR01000043	4231	4587	-1	7
SYJR01000043	4624	5517	-1	8
SYJR01000043	5535	5972	-1	9
SYJR01000043	6106	6582	1	10
SYJR01000043	6579	6770	-1	11
SYJR01000043	6819	6974	1	12
SYJR01000043	6976	7086	-1	13
SYJR01000044	2	1336	-1	1
SYJR01000044	1458	1625	1	2
SYJR01000044	1657	1800	-1	3
SYJR01000044	1850	2734	-1	4
SYJR01000044	2975	3631	1	5
SYJR01000044	3628	4038	-1	6
SYJR01000045	1	105	-1	1
SYJR01000045	202	576	1	2
SYJR01000045	639	2081	1	3
SYJR01000045	2076	3194	-1	4
SYJR01000045	3340	4122	1	5
SYJR01000045	4115	5176	1	6
SYJR01000045	5178	5849	1	7
SYJR01000045	5892	6713	1	8
SYJR01000045	6713	7567	1	9
SYJR01000045	7557	8825	1	10
SYJR01000045	8974	10068	1	11
SYJR01000045	10073	11440	1	12
SYJR01000045	11440	12291	1	13
SYJR01000045	12297	12701	1	14
SYJR01000045	12684	13070	-1	15
SYJR01000046	2	163	-1	1
SYJR01000046	213	1214	-1	2
SYJR01000046	1295	1756	1	3
SYJR01000046	1753	2046	-1	4
SYJR01000046	2112	2327	1	5
SYJR01000046	2388	3035	1	6
SYJR01000047	138	608	-1	1
SYJR01000047	711	1556	1	2
SYJR01000047	1626	2006	1	3
SYJR01000047	2058	2510	1	4
SYJR01000047	2516	2956	-1	5
SYJR01000047	3078	3869	1	6
SYJR01000047	3906	4331	1	7
SYJR01000047	4328	4753	1	8
SYJR01000047	4776	4964	-1	9
SYJR01000048	1	132	1	1
SYJR01000048	536	1027	1	2
SYJR01000048	1447	1662	-1	3
SYJR01000048	1731	2081	1	4
SYJR01000048	2124	2540	-1	5
SYJR01000048	2961	3155	-1	6
SYJR01000048	3269	3877	1	7
SYJR01000049	1	180	-1	1
SYJR01000049	322	534	-1	2
SYJR01000049	647	1912	1	3
SYJR01000049	1914	2756	1	4
SYJR01000049	2904	3254	1	5
SYJR01000049	3251	3712	-1	6
SYJR01000049	3765	5363	-1	7
SYJR01000049	5347	5973	-1	8
SYJR01000049	6136	7104	-1	9
SYJR01000049	7219	9972	-1	10
SYJR01000050	2	682	1	1
SYJR01000050	742	1533	1	2
SYJR01000050	1530	1949	1	3
SYJR01000050	1929	2669	-1	4
SYJR01000050	2650	3315	-1	5
SYJR01000051	3	842	-1	1
SYJR01000051	839	1921	-1	2
SYJR01000051	2004	2528	1	3
SYJR01000052	1	654	-1	1
SYJR01000052	651	1169	-1	2
SYJR01000052	1244	1759	1	3
SYJR01000052	1797	2630	1	4
SYJR01000052	2627	3205	1	5
SYJR01000052	3282	4160	-1	6
SYJR01000052	4189	5682	-1	7
SYJR01000052	5761	6606	-1	8
SYJR01000052	6826	7530	1	9
SYJR01000052	7527	8756	1	10
SYJR01000052	8753	9298	1	11
SYJR01000052	9317	10054	1	12
SYJR01000052	10060	11082	-1	13
SYJR01000052	11137	12012	-1	14
SYJR01000052	12073	12570	-1	15
SYJR01000052	12563	13156	-1	16
SYJR01000052	13167	14180	-1	17
SYJR01000052	14365	15156	1	18
SYJR01000052	15171	16043	1	19
SYJR01000052	16117	17019	1	20
SYJR01000052	17050	17931	1	21
SYJR01000052	17975	18754	1	22
SYJR01000052	18756	19646	1	23
SYJR01000052	19760	20923	-1	24
SYJR01000052	20988	21842	1	25
SYJR01000052	21848	22537	1	26
SYJR01000052	22556	23560	1	27
SYJR01000052	23601	24389	1	28
SYJR01000052	24399	25118	1	29
SYJR01000052	25160	25939	-1	30
SYJR01000052	26133	27647	1	31
SYJR01000052	27813	28217	1	32
SYJR01000052	28204	28593	1	33
SYJR01000052	28684	29343	1	34
SYJR01000053	1	273	-1	1
SYJR01000053	270	2399	-1	2
SYJR01000053	2396	4480	-1	3
SYJR01000053	4473	4991	-1	4
SYJR01000053	5186	6136	1	5
SYJR01000053	6295	6840	-1	6
SYJR01000053	6934	7443	-1	7
SYJR01000053	7579	8244	1	8
SYJR01000053	8225	9505	-1	9
SYJR01000053	9709	10236	-1	10
SYJR01000053	10354	11499	-1	11
SYJR01000053	11627	12043	1	12
SYJR01000053	12163	12318	1	13
SYJR01000053	12363	12764	1	14
SYJR01000053	12761	14542	-1	15
SYJR01000053	14549	14950	-1	16
SYJR01000053	14953	15153	-1	17
SYJR01000053	15160	15372	-1	18
SYJR01000053	15369	15755	-1	19
SYJR01000053	15790	17139	-1	20
SYJR01000053	17298	18167	1	21
SYJR01000053	18173	18895	1	22
SYJR01000053	18952	19188	1	23
SYJR01000053	19367	20326	1	24
SYJR01000053	20327	21001	1	25
SYJR01000053	20994	22391	-1	26
SYJR01000053	22466	22663	1	27
SYJR01000053	22829	23188	1	28
SYJR01000053	23207	23746	-1	29
SYJR01000053	23817	24143	-1	30
SYJR01000053	24260	24985	1	31
SYJR01000053	25027	25683	1	32
SYJR01000053	25698	27227	-1	33
SYJR01000053	27298	29394	-1	34
SYJR01000053	29549	29893	-1	35
SYJR01000054	78	2039	1	1
SYJR01000054	2092	2565	1	2
SYJR01000054	2550	5015	-1	3
SYJR01000054	5114	5749	1	4
SYJR01000054	5733	7481	-1	5
SYJR01000054	7489	7650	-1	6
SYJR01000054	7689	8009	-1	7
SYJR01000054	8109	8417	1	8
SYJR01000054	8425	9405	1	9
SYJR01000054	9397	10029	-1	10
SYJR01000054	10031	10951	-1	11
SYJR01000054	11087	12391	1	12
SYJR01000054	12754	13383	-1	13
SYJR01000054	13521	13859	-1	14
SYJR01000055	3	497	-1	1
SYJR01000055	614	1033	-1	2
SYJR01000055	1026	2201	-1	3
SYJR01000055	2194	2997	-1	4
SYJR01000055	3000	4046	-1	5
SYJR01000055	4200	4574	1	6
SYJR01000055	4567	4896	1	7
SYJR01000055	4913	5770	-1	8
SYJR01000055	5770	5937	-1	9
SYJR01000055	5934	7133	-1	10
SYJR01000055	7266	8291	1	11
SYJR01000055	8292	9056	1	12
SYJR01000055	9062	9820	1	13
SYJR01000055	9826	10926	-1	14
SYJR01000055	11037	11999	1	15
SYJR01000055	12031	14529	1	16
SYJR01000055	14530	15264	-1	17
SYJR01000055	15338	15886	1	18
SYJR01000055	15924	16082	1	19
SYJR01000055	16083	16562	1	20
SYJR01000056	2	766	1	1
SYJR01000056	763	1515	1	2
SYJR01000056	1505	2146	1	3
SYJR01000056	2135	3490	-1	4
SYJR01000056	3575	4108	1	5
SYJR01000056	4149	4940	1	6
SYJR01000056	4942	5097	1	7
SYJR01000056	5108	5536	-1	8
SYJR01000056	5571	5939	-1	9
SYJR01000056	5932	6567	-1	10
SYJR01000057	2	451	1	1
SYJR01000057	448	1248	-1	2
SYJR01000057	1353	2756	-1	3
SYJR01000057	2792	3538	-1	4
SYJR01000057	3573	3890	-1	5
SYJR01000057	3897	4169	-1	6
SYJR01000057	4217	4753	1	7
SYJR01000057	4784	4936	1	8
SYJR01000057	4947	5093	1	9
SYJR01000057	5094	5588	-1	10
SYJR01000057	5716	5985	1	11
SYJR01000057	5986	7137	-1	12
SYJR01000057	7167	7748	1	13
SYJR01000057	7857	8036	1	14
SYJR01000058	1	153	1	1
SYJR01000058	202	1038	1	2
SYJR01000058	1052	1702	-1	3
SYJR01000058	1782	4565	1	4
SYJR01000059	3	581	1	1
SYJR01000059	574	990	-1	2
SYJR01000059	1070	1468	-1	3
SYJR01000059	1465	2016	-1	4
SYJR01000059	2100	3449	1	5
SYJR01000059	3424	4185	1	6
SYJR01000059	4316	4528	1	7
SYJR01000059	4532	5272	-1	8
SYJR01000059	5309	5509	1	9
SYJR01000059	5487	6479	-1	10
SYJR01000059	6487	7116	-1	11
SYJR01000059	7316	7465	1	12
SYJR01000059	7778	7996	1	13
SYJR01000059	8002	8286	-1	14
SYJR01000059	8318	8875	-1	15
SYJR01000059	8929	10389	1	16
SYJR01000059	10386	10664	-1	17
SYJR01000060	275	1948	1	1
SYJR01000060	1995	2099	1	2
SYJR01000060	2107	2253	1	3
SYJR01000060	2271	3671	-1	4
SYJR01000060	4050	4367	1	5
SYJR01000060	4442	4573	1	6
SYJR01000060	4629	4925	1	7
SYJR01000060	4948	5367	-1	8
SYJR01000061	2	805	-1	1
SYJR01000061	943	2523	1	2
SYJR01000061	2518	2658	-1	3
SYJR01000062	3	317	1	1
SYJR01000062	574	1434	-1	2
SYJR01000062	1564	2214	-1	3
SYJR01000062	2320	2682	-1	4
SYJR01000062	2803	3366	-1	5
SYJR01000062	3623	4192	1	6
SYJR01000062	4284	4598	1	7
SYJR01000062	4637	5164	1	8
SYJR01000062	5267	5536	-1	9
SYJR01000062	5645	5977	-1	10
SYJR01000062	6101	6550	1	11
SYJR01000062	6550	7971	1	12
SYJR01000062	7934	8176	1	13
SYJR01000062	8176	9444	1	14
SYJR01000062	9482	10096	1	15
SYJR01000062	10123	10554	1	16
SYJR01000062	10730	12193	1	17
SYJR01000062	12234	13028	1	18
SYJR01000062	13029	14591	1	19
SYJR01000062	14636	16201	1	20
SYJR01000062	16230	16679	1	21
SYJR01000062	16690	16911	1	22
SYJR01000062	16983	17558	1	23
SYJR01000062	17559	18239	-1	24
SYJR01000062	18346	18522	-1	25
SYJR01000062	18731	19693	-1	26
SYJR01000062	19767	21914	-1	27
SYJR01000062	22032	23063	1	28
SYJR01000062	23041	23589	-1	29
SYJR01000062	23573	24193	-1	30
SYJR01000062	24231	24557	1	31
SYJR01000062	24551	25534	-1	32
SYJR01000062	25536	26723	-1	33
SYJR01000062	26796	27344	1	34
SYJR01000062	27376	28887	1	35
SYJR01000062	28940	29185	-1	36
SYJR01000063	1	1056	-1	1
SYJR01000063	1130	1918	1	2
SYJR01000063	1953	2504	1	3
SYJR01000063	2527	2850	-1	4
SYJR01000063	2946	3488	1	5
SYJR01000063	3500	4462	-1	6
SYJR01000063	4452	6359	-1	7
SYJR01000063	6413	6556	-1	8
SYJR01000063	6609	7577	1	9
SYJR01000063	7773	8147	-1	10
SYJR01000063	8172	8447	-1	11
SYJR01000063	8534	9844	1	12
SYJR01000063	10016	10522	-1	13
SYJR01000063	10489	11490	-1	14
SYJR01000063	11487	12047	-1	15
SYJR01000063	12044	12676	-1	16
SYJR01000063	12680	13258	-1	17
SYJR01000063	13245	14678	-1	18
SYJR01000063	14689	15135	-1	19
SYJR01000063	15137	15613	-1	20
SYJR01000063	15610	16323	-1	21
SYJR01000063	16326	16808	-1	22
SYJR01000063	16845	17759	-1	23
SYJR01000063	17756	19003	-1	24
SYJR01000063	19007	19432	-1	25
SYJR01000063	19522	20142	-1	26
SYJR01000063	20221	20883	1	27
SYJR01000064	3	302	-1	1
SYJR01000064	327	1601	-1	2
SYJR01000064	1740	2462	1	3
SYJR01000064	2513	3205	1	4
SYJR01000064	3202	4356	1	5
SYJR01000064	4434	4778	1	6
SYJR01000064	4782	5558	-1	7
SYJR01000064	5744	6571	1	8
SYJR01000064	6644	8317	1	9
SYJR01000064	8574	9017	-1	10
SYJR01000064	9124	9987	1	11
SYJR01000064	10006	10308	-1	12
SYJR01000064	10426	11622	1	13
SYJR01000064	11626	12444	1	14
SYJR01000064	12441	12611	-1	15
SYJR01000064	12684	12845	-1	16
SYJR01000064	13062	14096	1	17
SYJR01000064	14097	14618	-1	18
SYJR01000064	14608	15312	-1	19
SYJR01000064	15309	15875	-1	20
SYJR01000064	15896	16222	-1	21
SYJR01000064	16225	16524	-1	22
SYJR01000064	16559	17635	-1	23
SYJR01000064	17726	18835	-1	24
SYJR01000064	18914	19096	-1	25
SYJR01000065	1	297	1	1
SYJR01000065	287	730	-1	2
SYJR01000065	733	1689	-1	3
SYJR01000065	1702	3228	-1	4
SYJR01000065	3278	3709	-1	5
SYJR01000065	3712	3972	-1	6
SYJR01000065	4029	4652	-1	7
SYJR01000065	4704	5375	1	8
SYJR01000065	5394	5627	1	9
SYJR01000065	5611	6012	1	10
SYJR01000065	6009	7181	-1	11
SYJR01000065	7342	7833	1	12
SYJR01000065	7797	8390	-1	13
SYJR01000065	8509	8748	1	14
SYJR01000065	8795	9178	1	15
SYJR01000065	9175	9858	1	16
SYJR01000065	9868	10281	-1	17
SYJR01000065	10332	10820	-1	18
SYJR01000065	10876	12207	-1	19
SYJR01000065	12200	12541	-1	20
SYJR01000065	12573	13091	-1	21
SYJR01000065	13860	14174	-1	22
SYJR01000066	2	1540	-1	1
SYJR01000066	1663	2502	-1	2
SYJR01000066	2602	3138	-1	3
SYJR01000067	1	138	-1	1
SYJR01000067	339	1154	1	2
SYJR01000067	1144	1620	1	3
SYJR01000067	1808	2488	-1	4
SYJR01000067	2542	2937	-1	5
SYJR01000067	2960	3205	-1	6
SYJR01000067	3189	3401	-1	7
SYJR01000067	3403	4221	-1	8
SYJR01000067	4224	4802	-1	9
SYJR01000068	2	142	1	1
SYJR01000068	195	2264	-1	2
SYJR01000068	2264	3403	-1	3
SYJR01000068	3403	4935	-1	4
SYJR01000068	4932	5783	-1	5
SYJR01000068	5843	6796	-1	6
SYJR01000068	6862	7680	1	7
SYJR01000068	7769	8728	1	8
SYJR01000068	8741	9133	1	9
SYJR01000068	9130	9945	-1	10
SYJR01000068	9991	10179	-1	11
SYJR01000068	10181	10765	-1	12
SYJR01000068	10836	12041	1	13
SYJR01000068	12052	12546	1	14
SYJR01000068	12699	13076	1	15
SYJR01000068	13113	15152	1	16
SYJR01000068	15269	15526	-1	17
SYJR01000068	15594	16046	-1	18
SYJR01000068	16001	16141	-1	19
SYJR01000069	2	70	-1	1
SYJR01000069	81	1508	-1	2
SYJR01000069	1505	1765	-1	3
SYJR01000069	1800	2150	1	4
SYJR01000069	2207	3142	1	5
SYJR01000069	3258	3617	-1	6
SYJR01000070	3	449	-1	1
SYJR01000070	475	744	-1	2
SYJR01000070	780	1088	-1	3
SYJR01000070	1128	1484	1	4
SYJR01000070	1505	1693	-1	5
SYJR01000070	1899	2768	-1	6
SYJR01000070	2775	4484	-1	7
SYJR01000070	4505	5485	-1	8
SYJR01000070	5472	6161	-1	9
SYJR01000070	6115	6867	-1	10
SYJR01000070	6891	7832	-1	11
SYJR01000070	7851	8513	-1	12
SYJR01000070	8482	9720	-1	13
SYJR01000070	9722	9958	-1	14
SYJR01000070	10108	10722	-1	15
SYJR01000070	10797	11444	1	16
SYJR01000070	11441	12049	1	17
SYJR01000070	12058	13122	1	18
SYJR01000070	13109	14866	-1	19
SYJR01000070	14910	15485	-1	20
SYJR01000070	15495	16046	-1	21
SYJR01000070	16411	16722	1	22
SYJR01000070	16714	17205	-1	23
SYJR01000070	17349	18404	1	24
SYJR01000070	18394	19569	1	25
SYJR01000070	19566	20924	-1	26
SYJR01000070	21105	21914	1	27
SYJR01000071	1	1407	-1	1
SYJR01000071	1409	2104	-1	2
SYJR01000071	2274	2831	1	3
SYJR01000071	2824	3903	-1	4
SYJR01000071	3929	4510	-1	5
SYJR01000071	4663	5778	1	6
SYJR01000071	6026	6199	1	7
SYJR01000072	322	519	1	1
SYJR01000072	717	1313	-1	2
SYJR01000072	1392	1796	1	3
SYJR01000072	1789	3069	-1	4
SYJR01000072	3227	4477	1	5
SYJR01000072	4563	5207	-1	6
SYJR01000072	5370	5585	1	7
SYJR01000072	5662	6366	1	8
SYJR01000072	6441	6770	1	9
SYJR01000072	6778	7119	1	10
SYJR01000072	7134	8159	-1	11
SYJR01000072	8397	9089	-1	12
SYJR01000073	157	1002	1	1
SYJR01000073	1049	1651	1	2
SYJR01000073	1686	2603	1	3
SYJR01000073	2604	3539	1	4
SYJR01000073	3536	3805	1	5
SYJR01000073	3809	4285	1	6
SYJR01000073	4282	4512	-1	7
SYJR01000073	4509	5096	-1	8
SYJR01000074	1	951	1	1
SYJR01000074	1003	3069	1	2
SYJR01000074	3066	4445	-1	3
SYJR01000074	4507	4614	-1	4
SYJR01000075	1	1737	-1	1
SYJR01000075	1734	3317	-1	2
SYJR01000076	2	160	-1	1
SYJR01000076	233	574	-1	2
SYJR01000076	571	1044	-1	3
SYJR01000076	1134	2180	1	4
SYJR01000076	2190	3320	1	5
SYJR01000076	3301	3834	1	6
SYJR01000076	3861	4376	1	7
SYJR01000076	4416	4685	-1	8
SYJR01000076	4688	5245	-1	9
SYJR01000076	5337	5579	-1	10
SYJR01000076	5615	6271	-1	11
SYJR01000076	6258	7451	-1	12
SYJR01000076	7448	8194	-1	13
SYJR01000076	8194	8607	-1	14
SYJR01000076	8610	8915	-1	15
SYJR01000077	1	162	1	1
SYJR01000077	234	656	1	2
SYJR01000077	656	952	1	3
SYJR01000077	1028	1813	1	4
SYJR01000077	1803	2375	1	5
SYJR01000077	2362	4236	1	6
SYJR01000077	4223	5347	1	7
SYJR01000077	5348	5809	-1	8
SYJR01000077	5866	6099	1	9
SYJR01000077	6146	6499	1	10
SYJR01000077	6528	6920	1	11
SYJR01000077	6929	7213	1	12
SYJR01000077	7210	8001	-1	13
SYJR01000077	8001	8513	-1	14
SYJR01000077	8554	9888	-1	15
SYJR01000078	16	180	-1	1
SYJR01000078	347	2254	-1	2
SYJR01000078	2267	3556	-1	3
SYJR01000078	3589	5790	-1	4
SYJR01000078	5880	6629	1	5
SYJR01000078	6680	6958	1	6
SYJR01000078	6955	7287	-1	7
SYJR01000078	7664	8584	-1	8
SYJR01000079	2	418	-1	1
SYJR01000079	527	1642	1	2
SYJR01000079	1639	1821	1	3
SYJR01000079	1889	2446	1	4
SYJR01000079	2551	3450	-1	5
SYJR01000079	3747	3992	1	6
SYJR01000080	2	211	-1	1
SYJR01000080	326	1219	1	2
SYJR01000080	1335	1889	-1	3
SYJR01000080	2119	2220	1	4
SYJR01000080	2348	3445	1	5
SYJR01000080	3479	3952	1	6
SYJR01000080	4008	4337	1	7
SYJR01000080	4410	4643	1	8
SYJR01000081	2	541	-1	1
SYJR01000081	544	999	-1	2
SYJR01000081	1216	1935	1	3
SYJR01000081	2071	2571	-1	4
SYJR01000082	2	652	-1	1
SYJR01000082	692	865	1	2
SYJR01000082	868	1326	1	3
SYJR01000082	1362	1841	1	4
SYJR01000082	1842	2297	-1	5
SYJR01000082	2463	3125	1	6
SYJR01000082	3118	3825	1	7
SYJR01000083	1	300	1	1
SYJR01000083	287	520	1	2
SYJR01000083	543	1016	1	3
SYJR01000083	1022	1258	-1	4
SYJR01000083	1362	2087	-1	5
SYJR01000083	2122	2766	-1	6
SYJR01000083	2913	3203	1	7
SYJR01000083	3265	4707	1	8
SYJR01000083	4756	6066	1	9
SYJR01000083	6063	7085	-1	10
SYJR01000083	7179	8144	1	11
SYJR01000083	8141	11665	-1	12
SYJR01000083	11840	12934	-1	13
SYJR01000083	13019	13735	1	14
SYJR01000083	13771	14391	1	15
SYJR01000083	14440	14970	-1	16
SYJR01000083	15010	15258	-1	17
SYJR01000083	15385	16257	1	18
SYJR01000083	16382	17473	1	19
SYJR01000083	17484	18416	-1	20
SYJR01000083	18501	18608	-1	21
SYJR01000083	18658	19137	-1	22
SYJR01000083	19138	19803	-1	23
SYJR01000083	19835	20032	-1	24
SYJR01000083	20087	20458	-1	25
SYJR01000083	20542	20928	1	26
SYJR01000083	20956	21834	1	27
SYJR01000083	22047	22256	1	28
SYJR01000083	22309	23520	1	29
SYJR01000083	23643	25634	1	30
SYJR01000084	1	162	-1	1
SYJR01000084	382	594	-1	2
SYJR01000084	779	1084	1	3
SYJR01000084	1066	1452	-1	4
SYJR01000084	1499	2059	1	5
SYJR01000084	2120	2410	1	6
SYJR01000084	2407	2823	-1	7
SYJR01000084	2930	3874	1	8
SYJR01000084	4069	5169	-1	9
SYJR01000084	5204	6088	-1	10
SYJR01000084	6172	6372	1	11
SYJR01000084	6369	6770	-1	12
SYJR01000084	6829	6975	-1	13
SYJR01000084	7070	7363	1	14
SYJR01000084	7481	8401	1	15
SYJR01000084	8415	8831	1	16
SYJR01000085	2	811	1	1
SYJR01000085	834	1001	1	2
SYJR01000085	998	1840	1	3
SYJR01000085	1842	2969	1	4
SYJR01000085	2969	4006	1	5
SYJR01000085	4027	4668	1	6
SYJR01000085	4665	5348	-1	7
SYJR01000085	5357	6499	-1	8
SYJR01000085	6627	6977	-1	9
SYJR01000085	7083	7844	-1	10
SYJR01000085	7881	10001	-1	11
SYJR01000085	10044	10565	-1	12
SYJR01000086	3	140	1	1
SYJR01000086	177	383	1	2
SYJR01000086	385	1956	1	3
SYJR01000086	2250	3485	1	4
SYJR01000086	3542	4312	1	5
SYJR01000086	4353	4529	1	6
SYJR01000086	4641	5504	1	7
SYJR01000086	5494	5961	-1	8
SYJR01000086	6010	7173	1	9
SYJR01000086	7175	7540	1	10
SYJR01000086	7610	7771	1	11
SYJR01000086	7876	10032	1	12
SYJR01000086	10286	12937	1	13
SYJR01000086	12984	14096	1	14
SYJR01000086	14098	14766	1	15
SYJR01000086	14914	15213	1	16
SYJR01000086	15257	16747	1	17
SYJR01000087	1	357	1	1
SYJR01000087	354	845	1	2
SYJR01000087	847	2262	1	3
SYJR01000087	2237	2848	1	4
SYJR01000087	2826	3542	-1	5
SYJR01000087	3546	3992	-1	6
SYJR01000087	3994	4503	-1	7
SYJR01000087	4496	4843	-1	8
SYJR01000087	4889	5515	-1	9
SYJR01000087	5576	6262	1	10
SYJR01000087	6262	6921	1	11
SYJR01000088	3	242	-1	1
SYJR01000088	307	1077	-1	2
SYJR01000088	1103	1918	-1	3
SYJR01000088	1951	2949	-1	4
SYJR01000088	3135	3227	1	5
SYJR01000089	156	1613	-1	1
SYJR01000089	1662	2006	1	2
SYJR01000089	2003	2770	-1	3
SYJR01000089	2774	3118	-1	4
SYJR01000089	3120	3551	-1	5
SYJR01000089	3552	5264	-1	6
SYJR01000089	5358	5867	1	7
SYJR01000089	5931	6797	1	8
SYJR01000089	6823	7104	-1	9
SYJR01000089	7217	7771	1	10
SYJR01000090	2	874	1	1
SYJR01000090	871	1536	1	2
SYJR01000090	1584	1841	-1	3
SYJR01000090	2107	3129	-1	4
SYJR01000090	3383	3745	-1	5
SYJR01000090	3771	4202	-1	6
SYJR01000091	3	140	1	1
SYJR01000091	149	313	-1	2
SYJR01000091	375	827	1	3
SYJR01000091	834	1118	1	4
SYJR01000091	1160	2239	1	5
SYJR01000091	2247	3101	1	6
SYJR01000091	3106	3810	1	7
SYJR01000091	3868	4458	1	8
SYJR01000091	4531	4866	1	9
SYJR01000092	2	595	-1	1
SYJR01000092	790	1845	1	2
SYJR01000092	1934	2893	1	3
SYJR01000093	3	713	-1	1
SYJR01000093	1177	1383	-1	2
SYJR01000093	1468	2766	1	3
SYJR01000093	2815	3531	1	4
SYJR01000093	3524	3961	1	5
SYJR01000093	3958	4398	-1	6
SYJR01000093	4440	5456	-1	7
SYJR01000093	5641	6939	1	8
SYJR01000093	6911	7471	-1	9
SYJR01000093	7527	7889	1	10
SYJR01000093	7889	8083	1	11
SYJR01000093	8109	8819	-1	12
SYJR01000093	8855	8956	-1	13
SYJR01000093	8992	10137	-1	14
SYJR01000093	10160	11485	-1	15
SYJR01000093	11478	12167	-1	16
SYJR01000093	12370	12783	-1	17
SYJR01000093	12815	13426	-1	18
SYJR01000093	13734	13925	-1	19
SYJR01000093	13975	14286	-1	20
SYJR01000093	14408	15460	-1	21
SYJR01000093	15556	16236	1	22
SYJR01000093	16281	16871	1	23
SYJR01000093	16926	17309	1	24
SYJR01000093	17311	17610	1	25
SYJR01000093	17706	17954	1	26
SYJR01000093	17951	18904	1	27
SYJR01000093	18998	19768	1	28
SYJR01000093	19784	20458	1	29
SYJR01000093	20537	21535	1	30
SYJR01000093	21543	21881	1	31
SYJR01000093	21878	22789	-1	32
SYJR01000094	1	540	-1	1
SYJR01000094	620	1552	-1	2
SYJR01000094	1623	3044	-1	3
SYJR01000094	3170	4564	1	4
SYJR01000094	4568	5836	1	5
SYJR01000094	5909	6856	1	6
SYJR01000094	6896	7123	-1	7
SYJR01000094	7552	7716	-1	8
SYJR01000095	7	447	-1	1
SYJR01000095	450	2222	-1	2
SYJR01000095	2304	2552	1	3
SYJR01000095	2555	2932	1	4
SYJR01000095	2929	3465	-1	5
SYJR01000095	3558	4226	-1	6
SYJR01000095	4275	6044	-1	7
SYJR01000095	6082	6492	-1	8
SYJR01000095	6558	7694	-1	9
SYJR01000095	7826	9124	1	10
SYJR01000095	9134	9442	1	11
SYJR01000095	9482	9676	1	12
SYJR01000095	9677	9874	-1	13
SYJR01000095	9877	10287	-1	14
SYJR01000095	10406	10528	-1	15
SYJR01000095	10603	11112	1	16
SYJR01000095	11102	12241	-1	17
SYJR01000095	12297	12464	1	18
SYJR01000095	12439	12744	1	19
SYJR01000095	12782	13189	1	20
SYJR01000095	13186	13854	-1	21
SYJR01000095	13906	14268	-1	22
SYJR01000095	14274	14729	-1	23
SYJR01000095	14791	15612	-1	24
SYJR01000095	15709	16065	1	25
SYJR01000095	16076	17365	-1	26
SYJR01000096	3	620	-1	1
SYJR01000096	623	1495	-1	2
SYJR01000096	1860	2987	1	3
SYJR01000096	3096	3338	-1	4
SYJR01000097	2	370	1	1
SYJR01000097	373	1089	-1	2
SYJR01000097	1114	1941	-1	3
SYJR01000097	2043	3098	-1	4
SYJR01000097	3203	4222	1	5
SYJR01000097	4291	5196	1	6
SYJR01000097	5255	5977	-1	7
SYJR01000097	6183	6974	1	8
SYJR01000097	6961	8043	1	9
SYJR01000097	8050	9486	1	10
SYJR01000097	9483	10241	1	11
SYJR01000097	10290	11054	1	12
SYJR01000097	11064	11738	-1	13
SYJR01000097	11773	13077	1	14
SYJR01000097	13108	13842	-1	15
SYJR01000097	13903	14322	1	16
SYJR01000097	14329	15336	-1	17
SYJR01000097	15389	17269	-1	18
SYJR01000097	17321	17686	-1	19
SYJR01000098	1	123	1	1
SYJR01000098	163	714	-1	2
SYJR01000098	782	2128	-1	3
SYJR01000098	2150	2704	-1	4
SYJR01000098	2816	3223	1	5
SYJR01000098	3299	3700	1	6
SYJR01000098	3746	3901	1	7
SYJR01000098	3904	4209	-1	8
SYJR01000098	4409	4921	-1	9
SYJR01000098	4973	5101	-1	10
SYJR01000098	5190	5510	-1	11
SYJR01000098	5580	6326	1	12
SYJR01000098	6542	6778	1	13
SYJR01000098	6915	7769	1	14
SYJR01000098	7831	8694	1	15
SYJR01000098	8700	10052	1	16
SYJR01000098	10049	10468	-1	17
SYJR01000098	10630	11100	1	18
SYJR01000099	2	1288	1	1
SYJR01000099	1307	1537	-1	2
SYJR01000099	1606	1800	-1	3
SYJR01000099	1880	2083	1	4
SYJR01000099	2175	3569	-1	5
SYJR01000099	3672	4373	-1	6
SYJR01000100	1	429	1	1
SYJR01000100	430	981	-1	2
SYJR01000100	1037	1276	-1	3
SYJR01000100	1527	2330	1	4
SYJR01000100	2433	3698	1	5
SYJR01000101	3	1607	-1	1
SYJR01000101	1709	3031	1	2
SYJR01000101	3034	6411	-1	3
SYJR01000101	6424	7173	-1	4
SYJR01000101	7238	7600	1	5
SYJR01000101	7740	8342	1	6
SYJR01000101	8467	8628	1	7
SYJR01000101	8629	9021	-1	8
SYJR01000102	2	220	-1	1
SYJR01000102	313	528	1	2
SYJR01000102	575	1666	1	3
SYJR01000102	1680	2135	-1	4
SYJR01000102	2162	3322	-1	5
SYJR01000102	3480	4043	1	6
SYJR01000102	4046	4543	1	7
SYJR01000102	4540	5733	1	8
SYJR01000102	5954	6982	1	9
SYJR01000102	6969	10211	1	10
SYJR01000102	10296	10598	1	11
SYJR01000102	10647	10898	1	12
SYJR01000102	10903	11199	-1	13
SYJR01000102	11288	11581	1	14
SYJR01000102	11672	12700	1	15
SYJR01000102	12746	13669	1	16
SYJR01000102	13680	14084	-1	17
SYJR01000102	14254	14529	1	18
SYJR01000102	14526	15185	-1	19
SYJR01000102	15265	16119	1	20
SYJR01000102	16304	17992	1	21
SYJR01000102	17998	18483	1	22
SYJR01000102	18480	19994	1	23
SYJR01000102	20017	21030	1	24
SYJR01000102	21072	21203	1	25
SYJR01000102	21245	21490	-1	26
SYJR01000102	22088	22390	-1	27
SYJR01000102	22482	22715	1	28
SYJR01000102	22745	24031	-1	29
SYJR01000102	24327	25265	1	30
SYJR01000102	25488	25868	-1	31
SYJR01000102	25947	26447	-1	32
SYJR01000102	26535	27188	1	33
SYJR01000102	27226	27819	-1	34
SYJR01000102	27821	29236	-1	35
SYJR01000102	29534	31357	1	36
SYJR01000102	31363	31836	-1	37
SYJR01000102	31969	32322	1	38
SYJR01000102	32361	32855	1	39
SYJR01000102	32897	33526	1	40
SYJR01000102	33567	34340	1	41
SYJR01000102	34464	34646	-1	42
SYJR01000103	3	428	-1	1
SYJR01000103	460	1533	-1	2
SYJR01000103	1642	2511	1	3
SYJR01000103	2488	2907	-1	4
SYJR01000104	1	1860	1	1
SYJR01000104	1867	4737	1	2
SYJR01000104	5014	5442	-1	3
SYJR01000104	5792	6790	1	4
SYJR01000104	6787	7491	-1	5
SYJR01000104	7518	7847	1	6
SYJR01000104	8007	8606	-1	7
SYJR01000104	8609	9046	-1	8
SYJR01000104	9050	9514	-1	9
SYJR01000104	9579	9902	-1	10
SYJR01000104	10029	11207	-1	11
SYJR01000104	11259	11483	-1	12
SYJR01000104	11493	15290	-1	13
SYJR01000104	15292	18258	-1	14
SYJR01000105	1	591	-1	1
SYJR01000105	715	2904	-1	2
SYJR01000105	3055	3921	1	3
SYJR01000105	3949	4257	1	4
SYJR01000105	4277	4594	-1	5
SYJR01000105	4742	5095	-1	6
SYJR01000105	5092	5517	-1	7
SYJR01000105	5604	5867	1	8
SYJR01000105	5984	6316	1	9
SYJR01000105	6476	6757	1	10
SYJR01000105	7028	7333	1	11
SYJR01000105	7330	8445	-1	12
SYJR01000105	8501	8674	1	13
SYJR01000105	8661	9125	-1	14
SYJR01000106	1	243	1	1
SYJR01000106	340	705	1	2
SYJR01000106	742	1140	-1	3
SYJR01000106	1137	1415	-1	4
SYJR01000106	1487	1888	1	5
SYJR01000106	2051	2419	1	6
SYJR01000106	2465	2575	1	7
SYJR01000107	3	461	-1	1
SYJR01000107	489	1145	-1	2
SYJR01000107	1189	1473	-1	3
SYJR01000107	1478	4033	-1	4
SYJR01000107	4042	4590	-1	5
SYJR01000107	4637	4852	-1	6
SYJR01000107	4888	5049	1	7
SYJR01000107	5053	5247	-1	8
SYJR01000107	5290	5526	-1	9
SYJR01000107	5626	5736	1	10
SYJR01000107	5990	7495	1	11
SYJR01000107	7492	7767	-1	12
SYJR01000107	7780	8055	-1	13
SYJR01000107	8177	8314	-1	14
SYJR01000107	8311	8733	-1	15
SYJR01000107	8861	9544	1	16
SYJR01000107	9566	9751	-1	17
SYJR01000107	9744	10655	-1	18
SYJR01000107	10814	11188	1	19
SYJR01000107	11181	11621	1	20
SYJR01000107	11676	13037	1	21
SYJR01000107	13030	13884	-1	22
SYJR01000107	14018	14206	1	23
SYJR01000107	14213	14584	1	24
SYJR01000107	14587	16014	1	25
SYJR01000107	16058	16651	-1	26
SYJR01000107	16756	17001	1	27
