Contig	Start	End	Strand	Pos
JAEXHX010000001	2	214	-1	1
JAEXHX010000001	388	954	1	2
JAEXHX010000001	976	1998	-1	3
JAEXHX010000001	2001	3098	-1	4
JAEXHX010000001	3082	4404	-1	5
JAEXHX010000001	4499	4747	1	6
JAEXHX010000002	61	1227	1	1
JAEXHX010000002	1675	2151	1	2
JAEXHX010000002	2326	3261	1	3
JAEXHX010000002	3266	3706	1	4
JAEXHX010000002	3710	4792	1	5
JAEXHX010000002	4779	5516	-1	6
JAEXHX010000002	5724	6338	1	7
JAEXHX010000002	6468	8378	1	8
JAEXHX010000002	8469	9488	1	9
JAEXHX010000002	9516	10544	1	10
JAEXHX010000002	10558	12345	-1	11
JAEXHX010000002	12349	13395	-1	12
JAEXHX010000002	13411	14217	-1	13
JAEXHX010000002	14221	15132	-1	14
JAEXHX010000002	15192	15749	-1	15
JAEXHX010000002	15884	17047	1	16
JAEXHX010000002	17051	17692	1	17
JAEXHX010000002	18025	18639	-1	18
JAEXHX010000002	18673	19179	-1	19
JAEXHX010000002	19209	19778	-1	20
JAEXHX010000002	19800	20471	-1	21
JAEXHX010000002	20533	21339	-1	22
JAEXHX010000002	21432	22250	-1	23
JAEXHX010000002	22333	23271	-1	24
JAEXHX010000002	23354	24052	-1	25
JAEXHX010000002	24055	24576	-1	26
JAEXHX010000002	24589	25182	-1	27
JAEXHX010000002	25334	26407	1	28
JAEXHX010000002	26547	26834	1	29
JAEXHX010000003	1	2043	1	1
JAEXHX010000003	2265	3533	1	2
JAEXHX010000003	3539	4240	1	3
JAEXHX010000003	4237	4590	-1	4
JAEXHX010000003	4751	5956	1	5
JAEXHX010000003	6119	9391	1	6
JAEXHX010000003	9401	11551	1	7
JAEXHX010000003	11564	12781	1	8
JAEXHX010000003	12798	13943	1	9
JAEXHX010000003	14329	14448	1	10
JAEXHX010000003	14467	14880	-1	11
JAEXHX010000003	14929	16155	-1	12
JAEXHX010000003	16382	17143	1	13
JAEXHX010000003	17146	17850	-1	14
JAEXHX010000003	17943	19781	1	15
JAEXHX010000003	19884	20903	-1	16
JAEXHX010000003	20915	21229	-1	17
JAEXHX010000003	21326	21748	-1	18
JAEXHX010000003	21785	22072	-1	19
JAEXHX010000003	22087	22659	-1	20
JAEXHX010000003	22728	23717	-1	21
JAEXHX010000003	23734	24303	-1	22
JAEXHX010000003	24407	25750	1	23
JAEXHX010000003	25747	26961	1	24
JAEXHX010000003	26972	27439	1	25
JAEXHX010000003	27509	27670	1	26
JAEXHX010000003	27736	28560	1	27
JAEXHX010000003	28557	29492	1	28
JAEXHX010000003	29497	29853	1	29
JAEXHX010000003	29864	30298	-1	30
JAEXHX010000003	30373	31539	1	31
JAEXHX010000003	31536	31970	-1	32
JAEXHX010000003	32103	33179	1	33
JAEXHX010000004	3	317	-1	1
JAEXHX010000004	534	743	1	2
JAEXHX010000004	785	2092	1	3
JAEXHX010000004	2095	3744	-1	4
JAEXHX010000004	3875	4027	-1	5
JAEXHX010000004	4477	4791	-1	6
JAEXHX010000004	5483	5800	1	7
JAEXHX010000004	6024	6398	1	8
JAEXHX010000004	6624	6734	1	9
JAEXHX010000005	155	481	1	1
JAEXHX010000005	465	1046	1	2
JAEXHX010000005	1128	1370	1	3
JAEXHX010000005	1365	1496	-1	4
JAEXHX010000005	1587	2114	-1	5
JAEXHX010000005	2172	3716	-1	6
JAEXHX010000005	3942	5033	1	7
JAEXHX010000005	5258	5875	-1	8
JAEXHX010000005	5909	6712	-1	9
JAEXHX010000006	2	988	1	1
JAEXHX010000006	991	2292	-1	2
JAEXHX010000006	2386	2661	1	3
JAEXHX010000006	2655	3158	-1	4
JAEXHX010000006	3439	3723	-1	5
JAEXHX010000006	3928	4842	-1	6
JAEXHX010000006	4845	5339	-1	7
JAEXHX010000006	5346	5867	-1	8
JAEXHX010000006	5953	6810	-1	9
JAEXHX010000006	6875	7444	1	10
JAEXHX010000006	7519	8460	-1	11
JAEXHX010000006	9283	10122	1	12
JAEXHX010000007	3	269	1	1
JAEXHX010000007	279	1355	1	2
JAEXHX010000007	1367	1969	1	3
JAEXHX010000007	2023	3276	1	4
JAEXHX010000007	3273	4139	-1	5
JAEXHX010000007	4139	5080	-1	6
JAEXHX010000007	5347	6552	1	7
JAEXHX010000007	6671	7069	1	8
JAEXHX010000007	7041	7967	1	9
JAEXHX010000007	8009	8509	1	10
JAEXHX010000007	8613	10211	1	11
JAEXHX010000007	10489	12174	1	12
JAEXHX010000007	12330	13367	1	13
JAEXHX010000007	13444	14364	1	14
JAEXHX010000007	14354	15355	1	15
JAEXHX010000007	15345	16607	-1	16
JAEXHX010000007	16610	17866	-1	17
JAEXHX010000007	17876	18895	-1	18
JAEXHX010000007	19046	19474	-1	19
JAEXHX010000007	19589	20899	-1	20
JAEXHX010000007	21432	22358	1	21
JAEXHX010000007	22487	24634	-1	22
JAEXHX010000007	24799	24951	1	23
JAEXHX010000007	24972	25136	1	24
JAEXHX010000007	25269	25784	1	25
JAEXHX010000007	25845	27551	1	26
JAEXHX010000007	27569	28507	-1	27
JAEXHX010000007	28516	28932	-1	28
JAEXHX010000007	28948	29040	-1	29
JAEXHX010000007	29087	31420	-1	30
JAEXHX010000007	31429	32439	-1	31
JAEXHX010000007	32411	32893	-1	32
JAEXHX010000007	32898	34145	-1	33
JAEXHX010000007	34371	35648	1	34
JAEXHX010000007	35974	37149	1	35
JAEXHX010000007	37139	38377	-1	36
JAEXHX010000007	38474	39316	1	37
JAEXHX010000007	39339	40175	-1	38
JAEXHX010000008	3	5573	-1	1
JAEXHX010000008	5786	6310	1	2
JAEXHX010000008	6319	7665	-1	3
JAEXHX010000008	7826	8209	-1	4
JAEXHX010000008	8219	8932	-1	5
JAEXHX010000008	9022	9969	-1	6
JAEXHX010000008	10118	10744	-1	7
JAEXHX010000008	10754	12070	-1	8
JAEXHX010000008	12190	12855	-1	9
JAEXHX010000008	13012	15528	-1	10
JAEXHX010000009	1	279	1	1
JAEXHX010000009	280	1509	-1	2
JAEXHX010000009	1558	2226	-1	3
JAEXHX010000009	2347	2694	1	4
JAEXHX010000009	2696	3442	-1	5
JAEXHX010000009	3587	4501	1	6
JAEXHX010000009	4476	5138	-1	7
JAEXHX010000009	5135	6250	-1	8
JAEXHX010000009	6263	6805	-1	9
JAEXHX010000009	6819	7691	-1	10
JAEXHX010000009	7692	8819	-1	11
JAEXHX010000009	8831	9040	-1	12
JAEXHX010000009	9284	9775	1	13
JAEXHX010000009	9784	10515	-1	14
JAEXHX010000009	10680	11774	1	15
JAEXHX010000009	11767	13236	-1	16
JAEXHX010000009	13245	14741	-1	17
JAEXHX010000009	14772	14879	-1	18
JAEXHX010000009	14948	15490	-1	19
JAEXHX010000009	15497	16270	-1	20
JAEXHX010000009	16278	17378	-1	21
JAEXHX010000009	17481	18662	1	22
JAEXHX010000009	18652	19335	1	23
JAEXHX010000009	19328	19819	1	24
JAEXHX010000009	19816	20151	-1	25
JAEXHX010000009	20272	21981	-1	26
JAEXHX010000009	22110	23204	-1	27
JAEXHX010000009	23299	24150	1	28
JAEXHX010000009	24176	25753	1	29
JAEXHX010000009	25846	27366	1	30
JAEXHX010000009	27423	29090	-1	31
JAEXHX010000009	29174	30220	1	32
JAEXHX010000009	30222	30926	1	33
JAEXHX010000009	30938	32248	1	34
JAEXHX010000009	32245	32499	-1	35
JAEXHX010000009	32508	32969	-1	36
JAEXHX010000009	32998	34227	-1	37
JAEXHX010000009	34302	34646	1	38
JAEXHX010000009	34685	34972	1	39
JAEXHX010000010	244	1041	-1	1
JAEXHX010000010	1042	1554	-1	2
JAEXHX010000010	1561	2799	-1	3
JAEXHX010000010	2806	4227	-1	4
JAEXHX010000010	4299	5177	-1	5
JAEXHX010000010	5187	5984	-1	6
JAEXHX010000011	1	807	1	1
JAEXHX010000011	819	1751	-1	2
JAEXHX010000011	1799	2086	-1	3
JAEXHX010000011	2216	2953	-1	4
JAEXHX010000011	3404	4663	1	5
JAEXHX010000011	4676	5584	1	6
JAEXHX010000011	5677	6282	1	7
JAEXHX010000011	6324	6713	1	8
JAEXHX010000011	6888	8063	1	9
JAEXHX010000011	8043	8195	-1	10
JAEXHX010000011	8345	9040	-1	11
JAEXHX010000011	9066	10454	-1	12
JAEXHX010000011	10457	12211	-1	13
JAEXHX010000011	12208	12525	-1	14
JAEXHX010000011	12522	13676	-1	15
JAEXHX010000011	13688	14314	-1	16
JAEXHX010000011	14328	14813	-1	17
JAEXHX010000011	14867	16870	-1	18
JAEXHX010000011	16881	17195	-1	19
JAEXHX010000011	17471	17818	-1	20
JAEXHX010000011	17888	18223	1	21
JAEXHX010000011	18226	18564	-1	22
JAEXHX010000011	18571	19077	-1	23
JAEXHX010000011	19083	19889	-1	24
JAEXHX010000011	19936	20808	-1	25
JAEXHX010000011	20813	21715	-1	26
JAEXHX010000011	21721	23118	-1	27
JAEXHX010000011	23183	23674	-1	28
JAEXHX010000011	23674	24585	-1	29
JAEXHX010000011	24794	25852	-1	30
JAEXHX010000012	3	6989	-1	1
JAEXHX010000012	7180	8550	-1	2
JAEXHX010000012	8555	9112	-1	3
JAEXHX010000012	9122	10252	-1	4
JAEXHX010000012	10262	11056	-1	5
JAEXHX010000012	11198	14182	-1	6
JAEXHX010000012	14219	14758	-1	7
JAEXHX010000012	14745	15599	-1	8
JAEXHX010000012	15626	15703	-1	9
JAEXHX010000013	1	462	1	1
JAEXHX010000013	449	763	1	2
JAEXHX010000013	766	960	1	3
JAEXHX010000013	1229	1492	1	4
JAEXHX010000013	1732	2109	1	5
JAEXHX010000013	2229	2414	1	6
JAEXHX010000013	2411	2671	1	7
JAEXHX010000013	2832	3158	-1	8
JAEXHX010000013	3203	3577	-1	9
JAEXHX010000013	3878	4684	1	10
JAEXHX010000013	5144	5455	1	11
JAEXHX010000013	5464	6039	-1	12
JAEXHX010000013	6250	7068	1	13
JAEXHX010000013	7257	7622	1	14
JAEXHX010000013	7662	8204	1	15
JAEXHX010000013	8292	8723	1	16
JAEXHX010000013	9475	10554	-1	17
JAEXHX010000013	10931	11884	1	18
JAEXHX010000013	11872	12513	1	19
JAEXHX010000013	12530	12730	1	20
JAEXHX010000013	13041	14252	1	21
JAEXHX010000013	14473	14646	-1	22
JAEXHX010000013	14667	15590	-1	23
JAEXHX010000013	15601	15951	-1	24
JAEXHX010000013	15953	17365	-1	25
JAEXHX010000013	17584	18468	-1	26
JAEXHX010000013	18853	19155	1	27
JAEXHX010000014	2	418	-1	1
JAEXHX010000014	761	1789	1	2
JAEXHX010000014	1854	2774	1	3
JAEXHX010000014	2783	2968	1	4
JAEXHX010000014	2961	3524	-1	5
JAEXHX010000014	3514	4098	-1	6
JAEXHX010000014	4169	5581	1	7
JAEXHX010000014	5583	6305	-1	8
JAEXHX010000014	6508	6915	1	9
JAEXHX010000014	6995	7759	1	10
JAEXHX010000014	7763	8482	1	11
JAEXHX010000014	8493	9203	1	12
JAEXHX010000014	9286	9630	-1	13
JAEXHX010000014	10193	11263	-1	14
JAEXHX010000015	3	1352	1	1
JAEXHX010000015	1349	2857	1	2
JAEXHX010000015	2847	3893	1	3
JAEXHX010000015	3895	4929	1	4
JAEXHX010000015	5104	5889	1	5
JAEXHX010000015	5904	7664	1	6
JAEXHX010000015	7667	8761	1	7
JAEXHX010000015	8754	9716	1	8
JAEXHX010000015	9722	10687	1	9
JAEXHX010000015	10703	11560	1	10
JAEXHX010000015	11610	13013	1	11
JAEXHX010000016	1	297	1	1
JAEXHX010000016	306	737	-1	2
JAEXHX010000016	744	1040	-1	3
JAEXHX010000016	1052	2263	-1	4
JAEXHX010000016	2272	4956	-1	5
JAEXHX010000016	4983	5354	-1	6
JAEXHX010000017	1	1359	1	1
JAEXHX010000017	1412	1999	1	2
JAEXHX010000017	1991	2161	-1	3
JAEXHX010000017	2300	2548	1	4
JAEXHX010000017	2554	3573	-1	5
JAEXHX010000017	3570	4613	-1	6
JAEXHX010000017	4676	5161	1	7
JAEXHX010000017	6101	7252	1	8
JAEXHX010000017	7240	8190	-1	9
JAEXHX010000017	8197	8688	-1	10
JAEXHX010000017	8685	9467	-1	11
JAEXHX010000018	21	1421	-1	1
JAEXHX010000018	1975	2262	1	2
JAEXHX010000018	2273	2812	-1	3
JAEXHX010000018	3000	3614	-1	4
JAEXHX010000018	4047	6410	1	5
JAEXHX010000018	6415	6858	1	6
JAEXHX010000018	6882	7604	1	7
JAEXHX010000018	7641	8597	1	8
JAEXHX010000018	8597	9700	1	9
JAEXHX010000018	9711	11084	1	10
JAEXHX010000018	11095	11763	1	11
JAEXHX010000018	11776	12054	1	12
JAEXHX010000018	12066	13073	1	13
JAEXHX010000019	2	241	1	1
JAEXHX010000019	260	2383	-1	2
JAEXHX010000019	2394	2654	-1	3
JAEXHX010000019	2828	3658	1	4
JAEXHX010000019	3661	3987	-1	5
JAEXHX010000019	4304	5335	1	6
JAEXHX010000019	5707	6267	1	7
JAEXHX010000019	6268	9207	1	8
JAEXHX010000019	9254	10915	1	9
JAEXHX010000019	11078	11971	1	10
JAEXHX010000019	11978	12640	1	11
JAEXHX010000019	12683	14194	1	12
JAEXHX010000019	14903	15328	-1	13
JAEXHX010000019	15359	15913	-1	14
JAEXHX010000019	16126	16524	1	15
JAEXHX010000019	16804	18423	1	16
JAEXHX010000019	18481	19476	1	17
JAEXHX010000019	19466	20314	1	18
JAEXHX010000019	20326	21258	1	19
JAEXHX010000019	21260	21328	1	20
JAEXHX010000020	1	651	1	1
JAEXHX010000020	721	1326	-1	2
JAEXHX010000020	1336	2292	-1	3
JAEXHX010000020	2307	3176	-1	4
JAEXHX010000021	2	124	1	1
JAEXHX010000021	325	3597	1	2
JAEXHX010000021	3607	4008	1	3
JAEXHX010000022	2	79	-1	1
JAEXHX010000022	190	744	-1	2
JAEXHX010000022	1212	1448	1	3
JAEXHX010000022	1579	3444	-1	4
JAEXHX010000022	3457	4767	-1	5
JAEXHX010000022	4783	6243	-1	6
JAEXHX010000022	6256	7368	-1	7
JAEXHX010000022	7361	7600	-1	8
JAEXHX010000022	7609	9279	-1	9
JAEXHX010000022	9299	9850	-1	10
JAEXHX010000022	10084	10458	1	11
JAEXHX010000022	10470	11399	-1	12
JAEXHX010000022	11504	11881	1	13
JAEXHX010000022	11881	12378	1	14
JAEXHX010000022	12383	12634	1	15
JAEXHX010000022	12644	12913	1	16
JAEXHX010000022	12906	13166	1	17
JAEXHX010000022	13163	13756	1	18
JAEXHX010000022	13756	14451	1	19
JAEXHX010000022	14458	15129	1	20
JAEXHX010000022	15137	15352	1	21
JAEXHX010000022	15369	16220	1	22
JAEXHX010000022	16231	16485	1	23
JAEXHX010000022	16496	16795	1	24
JAEXHX010000022	16806	17198	1	25
JAEXHX010000022	17237	17686	1	26
JAEXHX010000022	17683	18738	1	27
JAEXHX010000023	2	76	1	1
JAEXHX010000023	293	871	1	2
JAEXHX010000023	884	1219	1	3
JAEXHX010000023	1216	2166	-1	4
JAEXHX010000023	2535	3599	1	5
JAEXHX010000023	3701	4255	1	6
JAEXHX010000023	4410	5069	1	7
JAEXHX010000023	5375	5977	-1	8
JAEXHX010000023	6111	7748	1	9
JAEXHX010000023	7963	8544	1	10
JAEXHX010000023	8568	10214	1	11
JAEXHX010000023	10733	11017	1	12
JAEXHX010000023	11014	11238	1	13
JAEXHX010000023	11340	12017	1	14
JAEXHX010000024	96	1874	-1	1
JAEXHX010000024	2128	5052	1	2
JAEXHX010000025	1	579	-1	1
JAEXHX010000025	582	1031	-1	2
JAEXHX010000025	1431	2480	1	3
JAEXHX010000025	2485	3414	1	4
JAEXHX010000025	3492	4697	-1	5
JAEXHX010000025	4704	6761	-1	6
JAEXHX010000025	6848	7636	-1	7
JAEXHX010000025	8202	8501	-1	8
JAEXHX010000025	8507	9148	-1	9
JAEXHX010000025	9160	9819	-1	10
JAEXHX010000025	9925	11871	-1	11
JAEXHX010000025	12271	14574	1	12
JAEXHX010000025	14792	18604	1	13
JAEXHX010000025	18676	19251	-1	14
JAEXHX010000025	19264	20067	-1	15
JAEXHX010000025	20058	21071	-1	16
JAEXHX010000025	21081	22181	-1	17
JAEXHX010000025	22315	23064	1	18
JAEXHX010000025	23073	23663	-1	19
JAEXHX010000025	23738	24607	1	20
JAEXHX010000025	24755	25669	1	21
JAEXHX010000025	25856	27154	1	22
JAEXHX010000025	27459	29042	1	23
JAEXHX010000025	29039	29515	-1	24
JAEXHX010000025	29540	30421	-1	25
JAEXHX010000025	30494	31141	1	26
JAEXHX010000026	618	1655	-1	1
JAEXHX010000026	1685	2734	-1	2
JAEXHX010000026	2863	4116	-1	3
JAEXHX010000026	4321	4803	1	4
JAEXHX010000026	4804	5238	-1	5
JAEXHX010000026	5280	6503	-1	6
JAEXHX010000026	6558	6998	-1	7
JAEXHX010000026	7082	8518	-1	8
JAEXHX010000026	8549	9631	-1	9
JAEXHX010000026	9701	10804	-1	10
JAEXHX010000026	10801	11226	-1	11
JAEXHX010000026	11283	12050	-1	12
JAEXHX010000026	12065	12508	-1	13
JAEXHX010000026	12606	13073	-1	14
JAEXHX010000027	1	519	-1	1
JAEXHX010000027	521	913	-1	2
JAEXHX010000027	926	1336	-1	3
JAEXHX010000027	1582	1770	-1	4
JAEXHX010000027	1829	2059	-1	5
JAEXHX010000027	2586	3068	1	6
JAEXHX010000027	3083	3775	1	7
JAEXHX010000027	3789	4157	-1	8
JAEXHX010000027	4231	4833	1	9
JAEXHX010000027	4845	4964	-1	10
JAEXHX010000027	5012	5170	-1	11
JAEXHX010000027	5282	5896	-1	12
JAEXHX010000027	6006	7037	1	13
JAEXHX010000027	7058	7279	1	14
JAEXHX010000027	7276	8694	-1	15
JAEXHX010000027	8751	8906	-1	16
JAEXHX010000027	8917	9225	-1	17
JAEXHX010000027	9239	9748	-1	18
JAEXHX010000027	9760	9936	-1	19
JAEXHX010000027	9933	10499	-1	20
JAEXHX010000027	10510	11037	-1	21
JAEXHX010000027	11085	11477	-1	22
JAEXHX010000027	11487	12701	-1	23
JAEXHX010000027	12768	13154	-1	24
JAEXHX010000027	13196	14986	-1	25
JAEXHX010000027	15004	15456	-1	26
JAEXHX010000027	15453	15614	-1	27
JAEXHX010000027	15629	15835	-1	28
JAEXHX010000027	15868	16239	-1	29
JAEXHX010000027	16805	16867	1	30
JAEXHX010000028	2	1405	1	1
JAEXHX010000028	1637	3451	1	2
JAEXHX010000029	3	992	-1	1
JAEXHX010000029	1012	1686	-1	2
JAEXHX010000029	1699	2616	-1	3
JAEXHX010000029	2604	3191	-1	4
JAEXHX010000029	3444	3908	-1	5
JAEXHX010000029	4014	5015	1	6
JAEXHX010000029	5016	6494	1	7
JAEXHX010000029	6527	7405	-1	8
JAEXHX010000029	7567	7668	-1	9
JAEXHX010000029	7668	8687	-1	10
JAEXHX010000029	8680	9390	-1	11
JAEXHX010000029	9397	9999	-1	12
JAEXHX010000029	10123	10227	-1	13
JAEXHX010000029	10383	11603	-1	14
JAEXHX010000029	11627	11896	-1	15
JAEXHX010000029	11948	13150	-1	16
JAEXHX010000029	13143	14168	-1	17
JAEXHX010000029	14243	14986	-1	18
JAEXHX010000029	14996	15346	-1	19
JAEXHX010000029	15504	16928	1	20
JAEXHX010000029	17458	17568	-1	21
JAEXHX010000029	17568	19181	-1	22
JAEXHX010000029	19299	20600	1	23
JAEXHX010000029	20611	21042	1	24
JAEXHX010000029	21061	21384	-1	25
JAEXHX010000029	21411	21689	-1	26
JAEXHX010000029	21747	22331	-1	27
JAEXHX010000029	22334	24232	-1	28
JAEXHX010000029	24348	25829	1	29
JAEXHX010000029	25841	26746	1	30
JAEXHX010000029	26743	27564	1	31
JAEXHX010000029	27789	29135	1	32
JAEXHX010000029	29128	29754	1	33
JAEXHX010000029	29821	30609	-1	34
JAEXHX010000029	30631	31986	-1	35
JAEXHX010000029	32152	32736	1	36
JAEXHX010000029	32752	34446	1	37
JAEXHX010000029	34458	35228	-1	38
JAEXHX010000029	35445	36200	1	39
JAEXHX010000029	36209	36658	-1	40
JAEXHX010000029	36664	37713	-1	41
JAEXHX010000029	37923	38867	1	42
JAEXHX010000029	38860	39441	1	43
JAEXHX010000029	39453	39896	-1	44
JAEXHX010000029	40159	44403	-1	45
JAEXHX010000029	44893	45981	1	46
JAEXHX010000029	46144	46623	1	47
JAEXHX010000029	46616	48001	1	48
JAEXHX010000029	48169	48585	-1	49
JAEXHX010000029	48616	48984	-1	50
JAEXHX010000030	1	1428	1	1
JAEXHX010000030	1507	6729	1	2
JAEXHX010000030	7299	8090	1	3
JAEXHX010000030	8106	9236	1	4
JAEXHX010000030	9508	11124	1	5
JAEXHX010000030	11209	12078	1	6
JAEXHX010000030	12080	12508	1	7
JAEXHX010000030	12537	13286	1	8
JAEXHX010000030	13403	14209	1	9
JAEXHX010000030	14216	14896	1	10
JAEXHX010000030	14899	15441	-1	11
JAEXHX010000030	15457	16191	-1	12
JAEXHX010000030	16204	16587	-1	13
JAEXHX010000030	16936	17991	1	14
JAEXHX010000030	18068	19591	1	15
JAEXHX010000030	19616	20392	-1	16
JAEXHX010000030	20640	21290	1	17
JAEXHX010000031	219	743	-1	1
JAEXHX010000031	753	1154	-1	2
JAEXHX010000031	1244	2164	1	3
JAEXHX010000031	2192	3049	-1	4
JAEXHX010000031	3062	3892	-1	5
JAEXHX010000031	3892	4365	-1	6
JAEXHX010000031	4385	5602	-1	7
JAEXHX010000031	5870	6388	1	8
JAEXHX010000032	1	321	-1	1
JAEXHX010000032	330	581	-1	2
JAEXHX010000032	594	839	-1	3
JAEXHX010000032	841	1227	-1	4
JAEXHX010000032	1361	1684	-1	5
JAEXHX010000032	1949	2818	-1	6
JAEXHX010000033	2	1567	-1	1
JAEXHX010000033	1580	3124	-1	2
JAEXHX010000033	3363	3596	-1	3
JAEXHX010000033	4532	4717	1	4
JAEXHX010000034	190	387	-1	1
JAEXHX010000034	532	822	-1	2
JAEXHX010000034	828	968	-1	3
JAEXHX010000034	973	1146	-1	4
JAEXHX010000034	1245	1382	-1	5
JAEXHX010000034	1387	1896	-1	6
JAEXHX010000034	2401	2598	1	7
JAEXHX010000034	2582	3160	1	8
JAEXHX010000034	3439	4890	1	9
JAEXHX010000034	4994	6646	-1	10
JAEXHX010000034	6685	8610	-1	11
JAEXHX010000034	8692	11067	-1	12
JAEXHX010000034	11054	11878	-1	13
JAEXHX010000035	1	909	1	1
JAEXHX010000035	911	1054	-1	2
JAEXHX010000035	1108	1596	1	3
JAEXHX010000035	1935	2507	1	4
JAEXHX010000035	2500	2766	1	5
JAEXHX010000035	2773	3711	1	6
JAEXHX010000035	3798	4973	1	7
JAEXHX010000035	4981	5955	1	8
JAEXHX010000035	5939	6427	-1	9
JAEXHX010000035	6437	7909	-1	10
JAEXHX010000036	1	216	-1	1
JAEXHX010000036	225	530	-1	2
JAEXHX010000036	535	987	-1	3
JAEXHX010000036	1002	2096	-1	4
JAEXHX010000036	2269	3300	-1	5
JAEXHX010000036	3311	3964	-1	6
JAEXHX010000036	3981	4358	-1	7
JAEXHX010000036	4509	4718	-1	8
JAEXHX010000036	4866	6143	-1	9
JAEXHX010000036	6121	7464	-1	10
JAEXHX010000036	7621	10080	1	11
JAEXHX010000036	10098	11324	1	12
JAEXHX010000036	11349	11651	1	13
JAEXHX010000037	1	198	1	1
JAEXHX010000037	380	598	-1	2
JAEXHX010000037	726	1247	1	3
JAEXHX010000037	1249	1500	1	4
JAEXHX010000037	1625	2002	-1	5
JAEXHX010000037	1983	2105	-1	6
JAEXHX010000037	2433	3455	-1	7
JAEXHX010000037	4697	4888	-1	8
JAEXHX010000037	5339	6139	1	9
JAEXHX010000037	6140	6358	1	10
JAEXHX010000037	6361	6663	1	11
JAEXHX010000038	1	759	1	1
JAEXHX010000038	828	2003	-1	2
JAEXHX010000038	2316	3035	1	3
JAEXHX010000038	3178	3897	1	4
JAEXHX010000038	4101	6077	-1	5
JAEXHX010000038	6143	6895	1	6
JAEXHX010000038	7022	7738	1	7
JAEXHX010000038	7770	8717	-1	8
JAEXHX010000038	9048	9362	1	9
JAEXHX010000038	9403	9666	1	10
JAEXHX010000038	9666	10097	1	11
JAEXHX010000038	10099	10332	1	12
JAEXHX010000038	10332	10718	1	13
JAEXHX010000038	10711	12168	1	14
JAEXHX010000038	12165	12500	1	15
JAEXHX010000038	12493	12771	1	16
JAEXHX010000038	12768	13241	1	17
JAEXHX010000038	13251	13499	1	18
JAEXHX010000038	13510	14925	1	19
JAEXHX010000038	14926	15405	1	20
JAEXHX010000039	3	137	1	1
JAEXHX010000039	354	1304	-1	2
JAEXHX010000039	1471	2493	-1	3
JAEXHX010000039	2877	4763	1	4
JAEXHX010000039	4775	6625	1	5
JAEXHX010000039	6641	7051	1	6
JAEXHX010000039	7063	8799	1	7
JAEXHX010000039	8834	9448	1	8
JAEXHX010000039	9547	10938	1	9
JAEXHX010000039	11048	12430	1	10
JAEXHX010000039	12487	13071	-1	11
JAEXHX010000039	13082	13666	-1	12
JAEXHX010000039	13671	14285	-1	13
JAEXHX010000040	3	443	1	1
JAEXHX010000040	511	1542	1	2
JAEXHX010000040	1576	1995	1	3
JAEXHX010000040	1996	2481	-1	4
JAEXHX010000040	2615	2824	-1	5
JAEXHX010000040	3174	3611	-1	6
JAEXHX010000040	3615	4154	-1	7
JAEXHX010000040	4160	4876	-1	8
JAEXHX010000040	5007	5681	1	9
JAEXHX010000040	5682	6197	1	10
JAEXHX010000040	6482	6628	1	11
JAEXHX010000040	6826	7578	1	12
JAEXHX010000040	7640	8698	1	13
JAEXHX010000040	8717	10228	1	14
JAEXHX010000040	10359	11582	1	15
JAEXHX010000040	11579	14332	1	16
JAEXHX010000040	14371	14772	-1	17
JAEXHX010000040	14865	16145	1	18
JAEXHX010000041	3	617	-1	1
JAEXHX010000041	1293	1601	-1	2
JAEXHX010000041	1607	3388	-1	3
JAEXHX010000041	3398	4108	-1	4
JAEXHX010000041	4118	4762	-1	5
JAEXHX010000041	4775	5041	-1	6
JAEXHX010000041	5055	5786	-1	7
JAEXHX010000041	5849	6298	-1	8
JAEXHX010000041	6325	7368	-1	9
JAEXHX010000041	7499	8080	1	10
JAEXHX010000041	8081	8332	1	11
JAEXHX010000041	8320	9615	-1	12
JAEXHX010000041	9619	10314	-1	13
JAEXHX010000041	11642	12607	-1	14
JAEXHX010000041	12653	13702	-1	15
JAEXHX010000041	13706	15103	-1	16
JAEXHX010000041	15100	15930	-1	17
JAEXHX010000041	15935	17086	-1	18
JAEXHX010000041	17087	18082	-1	19
JAEXHX010000041	18314	19687	-1	20
JAEXHX010000042	13	1200	-1	1
JAEXHX010000042	1234	2532	-1	2
JAEXHX010000042	2849	3547	-1	3
JAEXHX010000043	3	716	1	1
JAEXHX010000043	720	1472	-1	2
JAEXHX010000043	1590	1982	1	3
JAEXHX010000043	1979	2473	1	4
JAEXHX010000043	2499	2867	1	5
JAEXHX010000043	2864	3625	-1	6
JAEXHX010000043	3631	4395	-1	7
JAEXHX010000043	4452	5168	-1	8
JAEXHX010000043	5261	5851	1	9
JAEXHX010000043	5865	7130	1	10
JAEXHX010000043	7378	8754	-1	11
JAEXHX010000043	8851	9138	-1	12
JAEXHX010000043	9276	10055	-1	13
JAEXHX010000043	10061	10777	-1	14
JAEXHX010000043	10897	11580	1	15
JAEXHX010000044	52	756	-1	1
JAEXHX010000044	820	1248	1	2
JAEXHX010000044	1945	2433	1	3
JAEXHX010000044	2883	3326	1	4
JAEXHX010000044	3328	3600	1	5
JAEXHX010000044	3595	3870	-1	6
JAEXHX010000044	3881	4060	-1	7
JAEXHX010000044	4143	4928	1	8
JAEXHX010000044	4909	6063	-1	9
JAEXHX010000044	6265	7137	-1	10
JAEXHX010000044	7217	8551	-1	11
JAEXHX010000044	8673	9299	1	12
JAEXHX010000044	9345	10025	-1	13
JAEXHX010000044	10047	10595	-1	14
JAEXHX010000044	10669	13659	-1	15
JAEXHX010000044	13892	14590	-1	16
JAEXHX010000045	3	989	-1	1
JAEXHX010000045	1349	2998	1	2
JAEXHX010000045	3004	4278	1	3
JAEXHX010000045	4367	5467	1	4
JAEXHX010000045	5450	6187	-1	5
JAEXHX010000045	6188	6964	-1	6
JAEXHX010000045	7600	8901	-1	7
JAEXHX010000045	8992	10026	1	8
JAEXHX010000045	10028	10687	1	9
JAEXHX010000045	10710	10988	-1	10
JAEXHX010000045	11061	12437	-1	11
JAEXHX010000046	175	1041	-1	1
JAEXHX010000046	1106	3373	-1	2
JAEXHX010000046	3378	4082	-1	3
JAEXHX010000046	4263	5000	1	4
JAEXHX010000046	5008	5469	1	5
JAEXHX010000046	5484	6503	1	6
JAEXHX010000046	6555	7049	1	7
JAEXHX010000046	7053	7532	1	8
JAEXHX010000046	7668	8069	1	9
JAEXHX010000046	8072	8449	-1	10
JAEXHX010000046	8500	9699	-1	11
JAEXHX010000046	9879	11249	1	12
JAEXHX010000046	11268	11825	1	13
JAEXHX010000047	102	2252	1	1
JAEXHX010000047	2459	5227	1	2
JAEXHX010000047	5285	6379	1	3
JAEXHX010000047	6391	6936	1	4
JAEXHX010000047	7225	7635	-1	5
JAEXHX010000047	7917	8282	1	6
JAEXHX010000047	8251	8508	1	7
JAEXHX010000047	8614	9051	1	8
JAEXHX010000047	9075	9431	1	9
JAEXHX010000047	9437	10021	1	10
JAEXHX010000047	10043	10198	1	11
JAEXHX010000047	10211	10456	1	12
JAEXHX010000047	10493	11164	1	13
JAEXHX010000047	11186	11410	1	14
JAEXHX010000047	11421	11861	1	15
JAEXHX010000047	11978	13390	1	16
JAEXHX010000047	13380	13619	1	17
JAEXHX010000048	121	2721	1	1
JAEXHX010000048	2733	3200	1	2
JAEXHX010000048	3206	3574	1	3
JAEXHX010000048	3587	3994	1	4
JAEXHX010000048	3997	5088	-1	5
JAEXHX010000048	5295	5825	1	6
JAEXHX010000048	5829	6461	1	7
JAEXHX010000048	6458	6880	-1	8
JAEXHX010000048	7018	8589	1	9
JAEXHX010000049	317	1246	1	1
JAEXHX010000049	1247	2062	1	2
JAEXHX010000049	2046	3053	-1	3
JAEXHX010000049	3127	3939	1	4
JAEXHX010000049	4224	4379	1	5
JAEXHX010000049	4564	5487	1	6
JAEXHX010000049	5491	5916	1	7
JAEXHX010000049	5908	6660	-1	8
JAEXHX010000049	6849	7874	1	9
JAEXHX010000049	7897	8793	1	10
JAEXHX010000049	9061	9174	1	11
JAEXHX010000050	2	2197	-1	1
JAEXHX010000050	2197	3135	-1	2
JAEXHX010000050	3119	3727	-1	3
JAEXHX010000050	3742	4989	-1	4
JAEXHX010000050	5022	5219	-1	5
JAEXHX010000051	104	781	1	1
JAEXHX010000051	794	1585	1	2
JAEXHX010000051	1601	1792	1	3
JAEXHX010000051	1802	2125	1	4
JAEXHX010000051	2127	2981	1	5
JAEXHX010000051	2978	3790	-1	6
JAEXHX010000051	3959	4927	1	7
JAEXHX010000051	4964	6691	1	8
JAEXHX010000052	3	1094	-1	1
JAEXHX010000052	1569	2003	-1	2
JAEXHX010000052	2047	2475	-1	3
JAEXHX010000052	2621	2998	1	4
JAEXHX010000052	3139	4596	-1	5
JAEXHX010000052	4580	5557	-1	6
JAEXHX010000053	3	422	1	1
JAEXHX010000053	528	935	1	2
JAEXHX010000053	966	2009	1	3
JAEXHX010000053	2015	2974	1	4
JAEXHX010000053	2978	3187	1	5
JAEXHX010000053	3481	4866	1	6
JAEXHX010000053	4885	5712	1	7
JAEXHX010000053	5719	7323	1	8
JAEXHX010000053	7332	7430	1	9
JAEXHX010000054	1165	1881	1	1
JAEXHX010000054	2162	3106	1	2
JAEXHX010000054	3116	3838	1	3
JAEXHX010000054	3863	4585	1	4
JAEXHX010000054	4594	5511	-1	5
JAEXHX010000054	5519	6985	-1	6
JAEXHX010000054	7098	8051	1	7
JAEXHX010000054	8048	9301	-1	8
JAEXHX010000054	9417	9506	-1	9
JAEXHX010000055	123	1115	1	1
JAEXHX010000055	1180	2184	1	2
JAEXHX010000055	2185	2382	-1	3
JAEXHX010000055	2493	2636	1	4
JAEXHX010000055	2638	2727	-1	5
JAEXHX010000056	2	124	1	1
JAEXHX010000056	138	365	1	2
JAEXHX010000056	418	1056	1	3
JAEXHX010000056	1063	2262	1	4
JAEXHX010000056	2269	2922	1	5
JAEXHX010000056	2919	3929	1	6
JAEXHX010000056	3932	4396	-1	7
JAEXHX010000056	4408	5247	-1	8
JAEXHX010000056	5303	5728	-1	9
JAEXHX010000056	5771	6928	-1	10
JAEXHX010000056	6971	7729	1	11
JAEXHX010000056	7732	9687	-1	12
JAEXHX010000057	3	350	-1	1
JAEXHX010000057	1080	1487	1	2
JAEXHX010000057	1748	2356	1	3
JAEXHX010000057	2358	3008	-1	4
JAEXHX010000057	3065	4501	-1	5
JAEXHX010000057	4584	5636	1	6
JAEXHX010000057	5721	6611	1	7
JAEXHX010000057	7059	8576	1	8
JAEXHX010000057	8578	9306	1	9
JAEXHX010000057	9423	10145	-1	10
JAEXHX010000057	10266	11765	1	11
JAEXHX010000057	11780	11917	1	12
JAEXHX010000058	3	920	1	1
JAEXHX010000058	925	1323	1	2
JAEXHX010000058	1320	2069	-1	3
JAEXHX010000058	2130	2471	-1	4
JAEXHX010000058	2614	3123	1	5
JAEXHX010000059	3	233	1	1
JAEXHX010000059	279	2159	1	2
JAEXHX010000059	2305	3453	1	3
JAEXHX010000059	3661	3786	-1	4
JAEXHX010000060	1	612	1	1
JAEXHX010000060	602	1501	-1	2
JAEXHX010000060	1639	2259	1	3
JAEXHX010000060	2559	4259	1	4
JAEXHX010000060	4273	5373	1	5
JAEXHX010000060	5867	6430	1	6
JAEXHX010000061	22	504	1	1
JAEXHX010000061	697	2979	1	2
JAEXHX010000061	3031	4188	1	3
JAEXHX010000061	4277	5227	1	4
JAEXHX010000061	5273	5641	-1	5
JAEXHX010000061	5645	6367	-1	6
JAEXHX010000061	6406	7578	-1	7
JAEXHX010000061	7623	8321	-1	8
JAEXHX010000061	8656	9291	1	9
JAEXHX010000061	9294	10367	1	10
JAEXHX010000061	10418	11041	1	11
JAEXHX010000061	11115	11954	1	12
JAEXHX010000061	11963	12379	1	13
JAEXHX010000061	12392	13018	1	14
JAEXHX010000061	13050	13814	1	15
JAEXHX010000061	13833	14738	1	16
JAEXHX010000061	14756	15520	1	17
JAEXHX010000061	15551	16261	1	18
JAEXHX010000061	16353	17948	1	19
JAEXHX010000061	18137	18451	1	20
JAEXHX010000061	18551	19033	1	21
JAEXHX010000061	19035	19646	1	22
JAEXHX010000061	19651	20850	1	23
JAEXHX010000061	20864	21988	-1	24
JAEXHX010000061	22204	23160	-1	25
JAEXHX010000061	23282	24352	1	26
JAEXHX010000061	24354	25190	-1	27
JAEXHX010000061	25218	26234	-1	28
JAEXHX010000062	1	282	1	1
JAEXHX010000062	665	1390	1	2
JAEXHX010000062	1406	2266	1	3
JAEXHX010000062	2267	2989	1	4
JAEXHX010000063	3	311	-1	1
JAEXHX010000063	448	2067	1	2
JAEXHX010000063	2122	3144	1	3
JAEXHX010000063	3178	3642	1	4
JAEXHX010000063	3734	5725	1	5
JAEXHX010000064	3	284	-1	1
JAEXHX010000064	342	1577	-1	2
JAEXHX010000064	1590	2807	-1	3
JAEXHX010000064	2794	3852	-1	4
JAEXHX010000064	3836	4264	-1	5
JAEXHX010000064	4375	5094	1	6
JAEXHX010000064	5075	5869	-1	7
JAEXHX010000064	6298	7668	1	8
JAEXHX010000064	8087	9607	1	9
JAEXHX010000064	9608	10033	1	10
JAEXHX010000064	10034	10681	-1	11
JAEXHX010000065	115	888	1	1
JAEXHX010000065	878	1981	1	2
JAEXHX010000065	1988	3082	1	3
JAEXHX010000065	3100	3369	1	4
JAEXHX010000065	3366	4601	1	5
JAEXHX010000066	1	600	1	1
JAEXHX010000066	796	2082	1	2
JAEXHX010000066	2431	3927	1	3
JAEXHX010000066	3905	5452	1	4
JAEXHX010000066	6185	10903	1	5
JAEXHX010000067	38	814	-1	1
JAEXHX010000067	937	1845	1	2
JAEXHX010000067	1826	2923	-1	3
JAEXHX010000067	2929	4284	-1	4
JAEXHX010000067	4386	6212	1	5
JAEXHX010000067	6740	7966	1	6
JAEXHX010000067	8016	8294	1	7
JAEXHX010000067	8291	9076	-1	8
JAEXHX010000067	9116	10660	-1	9
JAEXHX010000067	10739	11326	1	10
JAEXHX010000067	11417	12973	1	11
JAEXHX010000067	13305	13997	1	12
JAEXHX010000067	14260	14838	1	13
JAEXHX010000067	14839	15474	1	14
JAEXHX010000067	15549	16376	-1	15
JAEXHX010000067	16693	17835	-1	16
JAEXHX010000067	17991	18116	1	17
JAEXHX010000068	1	819	1	1
JAEXHX010000068	829	2307	1	2
JAEXHX010000068	2293	2976	-1	3
JAEXHX010000068	2986	3831	-1	4
JAEXHX010000068	3887	4693	1	5
JAEXHX010000068	4812	6107	1	6
JAEXHX010000068	6111	6509	1	7
JAEXHX010000068	6496	8361	1	8
JAEXHX010000068	8371	9117	1	9
JAEXHX010000068	9100	9609	-1	10
JAEXHX010000068	9742	10875	1	11
JAEXHX010000068	10899	13217	-1	12
JAEXHX010000068	13357	16476	-1	13
JAEXHX010000069	1	339	1	1
JAEXHX010000069	557	1006	-1	2
JAEXHX010000069	1082	3178	-1	3
JAEXHX010000069	3547	4467	1	4
JAEXHX010000069	4483	5403	1	5
JAEXHX010000069	5404	6498	-1	6
JAEXHX010000069	6572	7282	1	7
JAEXHX010000069	7329	8330	1	8
JAEXHX010000069	8340	9224	1	9
JAEXHX010000069	9381	10925	1	10
JAEXHX010000069	10926	11699	1	11
JAEXHX010000069	11694	12392	-1	12
JAEXHX010000069	12434	13117	-1	13
JAEXHX010000069	13340	13687	1	14
JAEXHX010000069	13860	14798	1	15
JAEXHX010000069	14805	15959	1	16
JAEXHX010000069	15978	16364	1	17
JAEXHX010000069	16582	16959	1	18
JAEXHX010000069	17090	17587	-1	19
JAEXHX010000069	17580	18200	-1	20
JAEXHX010000069	18653	21496	1	21
JAEXHX010000069	21568	22053	1	22
JAEXHX010000069	22294	23313	1	23
JAEXHX010000069	23326	23730	1	24
JAEXHX010000069	23764	24147	1	25
JAEXHX010000070	3	899	-1	1
JAEXHX010000070	1214	2149	-1	2
JAEXHX010000070	2180	4561	-1	3
JAEXHX010000071	1	117	-1	1
JAEXHX010000071	124	1086	-1	2
JAEXHX010000071	1192	2253	-1	3
JAEXHX010000071	2300	3610	1	4
JAEXHX010000071	3992	6184	1	5
JAEXHX010000071	6263	7141	-1	6
JAEXHX010000071	7776	8609	1	7
JAEXHX010000071	8631	9704	1	8
JAEXHX010000072	57	671	1	1
JAEXHX010000072	684	1319	-1	2
JAEXHX010000072	1332	2156	-1	3
JAEXHX010000072	2224	3183	-1	4
JAEXHX010000072	3193	4083	-1	5
JAEXHX010000072	4106	5152	-1	6
JAEXHX010000072	5157	6527	-1	7
JAEXHX010000072	6524	7567	-1	8
JAEXHX010000072	7569	8504	-1	9
JAEXHX010000073	3	437	1	1
JAEXHX010000073	445	1296	-1	2
JAEXHX010000073	1501	2550	-1	3
JAEXHX010000073	2560	3381	-1	4
JAEXHX010000073	3395	4288	-1	5
JAEXHX010000073	4285	5505	-1	6
JAEXHX010000073	5698	5895	-1	7
JAEXHX010000073	5888	6223	-1	8
JAEXHX010000073	6342	7211	-1	9
JAEXHX010000073	7211	8290	-1	10
JAEXHX010000073	8287	9372	-1	11
JAEXHX010000073	9403	9663	-1	12
JAEXHX010000073	9804	11885	1	13
JAEXHX010000074	2	469	1	1
JAEXHX010000074	697	1461	1	2
JAEXHX010000074	1619	2434	1	3
JAEXHX010000074	2464	3213	-1	4
JAEXHX010000074	3279	3635	-1	5
JAEXHX010000074	3757	4296	-1	6
JAEXHX010000074	4289	5209	-1	7
JAEXHX010000074	5297	6049	-1	8
JAEXHX010000074	6129	6902	-1	9
JAEXHX010000074	7089	8060	-1	10
JAEXHX010000074	8107	8604	-1	11
JAEXHX010000074	8607	10169	-1	12
JAEXHX010000074	10211	10525	-1	13
JAEXHX010000074	10694	11032	-1	14
JAEXHX010000074	11037	11681	-1	15
JAEXHX010000074	11701	12411	-1	16
JAEXHX010000074	12528	15563	-1	17
JAEXHX010000074	15910	20925	1	18
JAEXHX010000074	21115	22416	1	19
JAEXHX010000074	22427	22729	1	20
JAEXHX010000075	3	452	-1	1
JAEXHX010000075	568	945	1	2
JAEXHX010000075	1001	1960	1	3
JAEXHX010000075	1976	2701	1	4
JAEXHX010000075	3355	6210	-1	5
JAEXHX010000075	6210	7010	-1	6
JAEXHX010000075	7156	8163	1	7
JAEXHX010000075	8209	8427	-1	8
JAEXHX010000075	8439	11606	-1	9
JAEXHX010000075	11735	12373	-1	10
JAEXHX010000075	12375	14516	-1	11
JAEXHX010000075	14523	15410	-1	12
JAEXHX010000075	15495	16685	1	13
JAEXHX010000075	16694	16870	-1	14
JAEXHX010000075	16954	17352	-1	15
JAEXHX010000075	17410	18357	-1	16
JAEXHX010000075	18490	19557	1	17
JAEXHX010000075	19562	20158	1	18
JAEXHX010000075	20174	21538	1	19
JAEXHX010000075	21590	22021	1	20
JAEXHX010000076	1091	3106	1	1
JAEXHX010000076	3340	3570	1	2
JAEXHX010000076	3606	3806	1	3
JAEXHX010000076	3796	4641	-1	4
JAEXHX010000076	4657	5487	-1	5
JAEXHX010000076	5551	5856	-1	6
JAEXHX010000076	5857	6498	-1	7
JAEXHX010000076	6735	7778	-1	8
JAEXHX010000076	7815	9101	-1	9
JAEXHX010000076	9114	9902	-1	10
JAEXHX010000076	9921	10097	-1	11
JAEXHX010000076	10507	11067	-1	12
JAEXHX010000076	11060	11698	-1	13
JAEXHX010000076	11747	12442	-1	14
JAEXHX010000076	12443	13228	-1	15
JAEXHX010000076	13233	13712	-1	16
JAEXHX010000076	13722	14720	-1	17
JAEXHX010000076	14871	15884	-1	18
JAEXHX010000076	16394	17896	1	19
JAEXHX010000076	17994	18797	1	20
JAEXHX010000076	18803	19684	1	21
JAEXHX010000076	19848	20657	1	22
JAEXHX010000076	20673	21548	1	23
JAEXHX010000076	21545	22393	1	24
JAEXHX010000076	22397	23146	1	25
JAEXHX010000076	23156	23848	1	26
JAEXHX010000076	23880	24710	-1	27
JAEXHX010000076	24815	25060	-1	28
JAEXHX010000076	25074	25277	-1	29
JAEXHX010000077	1	321	1	1
JAEXHX010000077	721	849	-1	2
JAEXHX010000077	1109	1585	-1	3
JAEXHX010000077	1585	3162	-1	4
JAEXHX010000077	3187	5169	-1	5
JAEXHX010000077	5434	6990	-1	6
JAEXHX010000077	7120	8445	1	7
JAEXHX010000077	8442	8960	-1	8
JAEXHX010000077	9062	10036	1	9
JAEXHX010000077	10042	10299	1	10
JAEXHX010000077	10294	10854	-1	11
JAEXHX010000077	10859	11521	-1	12
JAEXHX010000077	11546	12697	-1	13
JAEXHX010000077	12862	13353	1	14
JAEXHX010000077	13358	13894	1	15
JAEXHX010000078	151	1158	1	1
JAEXHX010000078	1227	1817	1	2
JAEXHX010000078	1849	2856	-1	3
JAEXHX010000078	2971	3597	1	4
JAEXHX010000078	3594	5291	-1	5
JAEXHX010000078	5310	6533	-1	6
JAEXHX010000078	6705	7580	-1	7
JAEXHX010000078	7608	7997	-1	8
JAEXHX010000078	8171	8632	1	9
JAEXHX010000078	8636	10474	1	10
JAEXHX010000078	10474	11889	1	11
JAEXHX010000078	12033	12104	1	12
JAEXHX010000079	3	620	1	1
JAEXHX010000079	633	839	1	2
JAEXHX010000079	852	1097	1	3
JAEXHX010000079	1110	2048	1	4
JAEXHX010000079	2210	3679	1	5
JAEXHX010000079	3701	4318	1	6
JAEXHX010000079	4380	4646	1	7
JAEXHX010000079	4814	5572	1	8
JAEXHX010000079	5553	6788	1	9
JAEXHX010000079	7108	7533	1	10
JAEXHX010000079	7549	8475	1	11
JAEXHX010000079	8477	9901	1	12
JAEXHX010000079	9918	11159	1	13
JAEXHX010000079	11206	12450	-1	14
JAEXHX010000079	12620	14314	1	15
JAEXHX010000080	3	128	1	1
JAEXHX010000080	197	1135	1	2
JAEXHX010000080	1129	1314	-1	3
JAEXHX010000080	1665	2429	-1	4
JAEXHX010000080	2455	2613	-1	5
JAEXHX010000080	2661	3137	-1	6
JAEXHX010000080	3167	3718	-1	7
JAEXHX010000080	3733	4827	-1	8
JAEXHX010000080	4879	5805	-1	9
JAEXHX010000080	5818	6363	-1	10
JAEXHX010000080	6561	6830	1	11
JAEXHX010000080	6825	7814	-1	12
JAEXHX010000080	7828	8772	-1	13
JAEXHX010000080	8777	8920	-1	14
JAEXHX010000080	9095	9472	-1	15
JAEXHX010000080	9480	10277	-1	16
JAEXHX010000080	10396	12231	1	17
JAEXHX010000080	12208	12540	-1	18
JAEXHX010000080	12537	12869	-1	19
JAEXHX010000080	12919	13371	-1	20
JAEXHX010000080	13479	13586	-1	21
JAEXHX010000080	13666	14445	-1	22
JAEXHX010000080	14627	15520	1	23
JAEXHX010000080	15581	15820	-1	24
JAEXHX010000080	15824	16993	-1	25
JAEXHX010000080	16996	19557	-1	26
JAEXHX010000081	574	933	1	1
JAEXHX010000081	959	2620	1	2
JAEXHX010000081	2730	2912	-1	3
JAEXHX010000081	2915	3328	-1	4
JAEXHX010000081	3450	3668	-1	5
JAEXHX010000082	254	778	1	1
JAEXHX010000082	792	1079	1	2
JAEXHX010000082	1112	1291	1	3
JAEXHX010000082	1426	1776	1	4
JAEXHX010000082	2001	2915	-1	5
JAEXHX010000082	3270	3467	-1	6
JAEXHX010000082	3726	4922	-1	7
JAEXHX010000082	4967	5626	-1	8
JAEXHX010000082	5626	6714	-1	9
JAEXHX010000082	6823	7338	-1	10
JAEXHX010000082	7430	8140	-1	11
JAEXHX010000082	8269	12774	-1	12
JAEXHX010000082	13189	14841	-1	13
JAEXHX010000082	15033	15521	1	14
JAEXHX010000083	1	1254	1	1
JAEXHX010000083	2049	2894	1	2
JAEXHX010000084	3	767	1	1
JAEXHX010000084	902	1081	1	2
JAEXHX010000084	1315	1785	1	3
JAEXHX010000084	1785	2267	1	4
JAEXHX010000084	2454	3092	1	5
JAEXHX010000084	3092	4099	1	6
JAEXHX010000084	4168	4473	1	7
JAEXHX010000084	4651	7344	1	8
JAEXHX010000084	7462	8649	1	9
JAEXHX010000084	8651	9796	1	10
JAEXHX010000084	10076	11161	1	11
JAEXHX010000085	1	549	-1	1
JAEXHX010000085	552	878	-1	2
JAEXHX010000085	1747	2196	1	3
JAEXHX010000085	2305	2721	1	4
JAEXHX010000085	2732	3118	1	5
JAEXHX010000085	3135	3854	-1	6
JAEXHX010000085	4035	5075	1	7
JAEXHX010000085	5133	6209	1	8
JAEXHX010000085	6209	7525	1	9
JAEXHX010000085	7531	8394	-1	10
JAEXHX010000085	8409	9371	-1	11
JAEXHX010000085	10095	10283	1	12
JAEXHX010000086	1	762	1	1
JAEXHX010000086	983	3835	1	2
JAEXHX010000086	3924	5006	1	3
JAEXHX010000086	4995	6332	-1	4
JAEXHX010000087	473	1438	1	1
JAEXHX010000087	1467	2258	-1	2
JAEXHX010000087	2450	3532	1	3
JAEXHX010000087	3569	4861	-1	4
JAEXHX010000087	5000	5482	1	5
JAEXHX010000087	5507	6787	1	6
JAEXHX010000087	6777	7511	-1	7
JAEXHX010000087	7508	8119	-1	8
JAEXHX010000087	8129	8590	-1	9
JAEXHX010000087	8599	9465	-1	10
JAEXHX010000087	9466	9669	-1	11
JAEXHX010000087	9674	10591	-1	12
JAEXHX010000087	10600	11757	-1	13
JAEXHX010000087	11771	12628	-1	14
JAEXHX010000087	12702	14306	-1	15
JAEXHX010000087	14522	15046	1	16
JAEXHX010000087	15072	15314	1	17
JAEXHX010000087	15326	16471	1	18
JAEXHX010000087	16474	17340	1	19
JAEXHX010000087	17354	17779	1	20
JAEXHX010000088	39	1157	1	1
JAEXHX010000088	1161	1424	-1	2
JAEXHX010000088	1529	1708	-1	3
JAEXHX010000088	1802	2224	1	4
JAEXHX010000088	2261	2581	1	5
JAEXHX010000088	2820	4268	1	6
JAEXHX010000088	4275	5033	1	7
JAEXHX010000088	5092	5661	1	8
JAEXHX010000088	5663	5986	1	9
JAEXHX010000088	6114	6467	1	10
JAEXHX010000088	6560	6922	1	11
JAEXHX010000088	7374	7955	1	12
JAEXHX010000088	8025	8657	-1	13
JAEXHX010000088	8751	9449	1	14
JAEXHX010000088	9486	9674	1	15
JAEXHX010000088	9746	10984	1	16
JAEXHX010000088	10998	12335	1	17
JAEXHX010000088	12461	13750	1	18
JAEXHX010000088	13762	14238	1	19
JAEXHX010000088	14248	15348	1	20
JAEXHX010000088	15348	16052	1	21
JAEXHX010000088	16073	17209	1	22
JAEXHX010000088	17350	17973	1	23
JAEXHX010000088	17966	18838	1	24
JAEXHX010000088	18845	20209	-1	25
JAEXHX010000088	20354	20749	-1	26
JAEXHX010000088	20852	21490	1	27
JAEXHX010000088	21484	23139	-1	28
JAEXHX010000088	23140	23655	-1	29
JAEXHX010000089	91	642	-1	1
JAEXHX010000089	1013	2926	1	2
JAEXHX010000090	81	755	1	1
JAEXHX010000090	741	1400	-1	2
JAEXHX010000090	1445	2629	-1	3
JAEXHX010000090	2715	2936	-1	4
JAEXHX010000091	2	616	-1	1
JAEXHX010000091	926	1567	1	2
JAEXHX010000091	1578	2075	-1	3
JAEXHX010000091	2146	2553	-1	4
JAEXHX010000092	2	190	-1	1
JAEXHX010000092	191	520	-1	2
JAEXHX010000092	537	1349	-1	3
JAEXHX010000092	1351	2052	-1	4
JAEXHX010000092	2066	2944	-1	5
JAEXHX010000092	3197	4852	-1	6
JAEXHX010000092	4855	5616	-1	7
JAEXHX010000092	5619	6218	-1	8
JAEXHX010000092	6220	6672	-1	9
JAEXHX010000092	6716	8047	-1	10
JAEXHX010000092	8636	9883	1	11
JAEXHX010000092	9898	10818	-1	12
JAEXHX010000092	10867	11382	-1	13
JAEXHX010000092	11442	12134	1	14
JAEXHX010000092	12184	13362	1	15
JAEXHX010000092	13432	13644	1	16
JAEXHX010000092	13676	15013	1	17
JAEXHX010000092	15010	15951	1	18
JAEXHX010000092	15919	16278	-1	19
JAEXHX010000093	1	516	1	1
JAEXHX010000093	533	1021	-1	2
JAEXHX010000093	1223	3748	1	3
JAEXHX010000093	3970	4275	1	4
JAEXHX010000093	4354	5205	1	5
JAEXHX010000093	5334	5534	1	6
JAEXHX010000093	5786	6916	-1	7
JAEXHX010000093	6918	7127	-1	8
JAEXHX010000093	7152	8366	-1	9
JAEXHX010000093	8681	9484	1	10
JAEXHX010000093	9533	10207	1	11
JAEXHX010000093	10223	11260	1	12
JAEXHX010000093	11505	12653	1	13
JAEXHX010000094	2	208	1	1
JAEXHX010000094	167	379	-1	2
JAEXHX010000094	457	2283	-1	3
JAEXHX010000094	2340	2600	-1	4
JAEXHX010000094	2744	3169	-1	5
JAEXHX010000094	3208	4245	-1	6
JAEXHX010000095	37	939	-1	1
JAEXHX010000095	1124	3151	-1	2
JAEXHX010000095	3348	3533	-1	3
JAEXHX010000096	1	726	1	1
JAEXHX010000096	1517	1906	-1	2
JAEXHX010000096	1869	2801	-1	3
JAEXHX010000096	2925	3614	-1	4
JAEXHX010000096	3628	4152	-1	5
JAEXHX010000096	4149	4424	-1	6
JAEXHX010000097	2	700	-1	1
JAEXHX010000097	785	2149	1	2
JAEXHX010000097	2170	2391	-1	3
JAEXHX010000097	2484	2831	-1	4
JAEXHX010000097	2934	3251	-1	5
JAEXHX010000097	3270	3731	-1	6
JAEXHX010000097	4081	5451	1	7
JAEXHX010000097	5441	5887	1	8
JAEXHX010000097	5903	7630	-1	9
JAEXHX010000097	7646	8068	-1	10
JAEXHX010000097	8206	9477	-1	11
JAEXHX010000097	9487	10116	-1	12
JAEXHX010000097	10178	11386	-1	13
JAEXHX010000097	11399	12142	-1	14
JAEXHX010000098	1	876	1	1
JAEXHX010000098	889	1722	1	2
JAEXHX010000098	1726	2793	-1	3
JAEXHX010000098	2790	3251	-1	4
JAEXHX010000098	3405	5012	1	5
JAEXHX010000098	5317	6591	-1	6
JAEXHX010000098	7369	7917	1	7
JAEXHX010000098	7974	8372	1	8
JAEXHX010000098	8362	9696	1	9
JAEXHX010000098	9689	10885	1	10
JAEXHX010000098	11120	12502	1	11
JAEXHX010000098	12495	14030	1	12
JAEXHX010000098	14427	17201	1	13
JAEXHX010000099	869	1396	-1	1
JAEXHX010000099	1393	1884	-1	2
JAEXHX010000099	1894	3585	-1	3
JAEXHX010000099	3697	4602	-1	4
JAEXHX010000099	4828	5565	-1	5
JAEXHX010000100	3	809	-1	1
JAEXHX010000100	815	1129	-1	2
JAEXHX010000100	1432	2649	1	3
JAEXHX010000100	2661	2999	1	4
JAEXHX010000100	3031	3645	-1	5
JAEXHX010000100	3655	4329	-1	6
JAEXHX010000100	4411	4683	-1	7
JAEXHX010000101	127	1389	1	1
JAEXHX010000101	1566	1955	1	2
JAEXHX010000101	1970	3193	1	3
JAEXHX010000101	3316	5763	1	4
JAEXHX010000101	5769	6620	-1	5
JAEXHX010000101	6654	8006	-1	6
JAEXHX010000101	8180	8383	1	7
JAEXHX010000101	8387	9115	1	8
JAEXHX010000101	9153	9899	1	9
JAEXHX010000101	9910	10344	1	10
JAEXHX010000101	10431	11939	1	11
JAEXHX010000101	11936	12517	1	12
JAEXHX010000101	12518	13525	1	13
JAEXHX010000101	13530	14306	1	14
JAEXHX010000101	14299	15216	1	15
JAEXHX010000101	15271	16080	1	16
JAEXHX010000101	16073	16846	1	17
JAEXHX010000101	17332	18135	-1	18
JAEXHX010000101	18128	23773	-1	19
JAEXHX010000101	24430	25779	1	20
JAEXHX010000101	25776	26507	1	21
JAEXHX010000101	26635	27369	1	22
JAEXHX010000101	27429	28274	1	23
JAEXHX010000101	28505	28783	1	24
JAEXHX010000101	28794	28973	1	25
JAEXHX010000101	29052	29849	1	26
JAEXHX010000101	29856	30032	1	27
JAEXHX010000101	30033	30803	1	28
JAEXHX010000101	30868	31467	1	29
JAEXHX010000101	31484	32671	1	30
JAEXHX010000101	32685	33113	-1	31
JAEXHX010000101	33273	35318	-1	32
JAEXHX010000101	35302	35658	-1	33
JAEXHX010000102	1	405	1	1
JAEXHX010000102	626	4987	-1	2
JAEXHX010000102	5300	5998	1	3
JAEXHX010000102	6078	6623	-1	4
JAEXHX010000102	6755	6994	1	5
JAEXHX010000103	117	1013	1	1
JAEXHX010000103	1016	1315	1	2
JAEXHX010000103	1322	3289	1	3
JAEXHX010000103	3365	4042	-1	4
JAEXHX010000103	4558	7449	1	5
JAEXHX010000103	7590	8408	1	6
JAEXHX010000103	8462	11053	1	7
JAEXHX010000103	11027	11431	-1	8
JAEXHX010000103	11574	15350	1	9
JAEXHX010000103	15347	18496	1	10
JAEXHX010000104	61	1263	1	1
JAEXHX010000104	1265	1465	1	2
JAEXHX010000104	1462	2103	-1	3
JAEXHX010000104	2110	2562	-1	4
JAEXHX010000104	2606	2761	-1	5
JAEXHX010000104	2968	4191	1	6
JAEXHX010000104	4276	5286	-1	7
JAEXHX010000105	1	114	1	1
JAEXHX010000105	131	499	1	2
JAEXHX010000105	696	1088	1	3
JAEXHX010000105	1320	1817	1	4
JAEXHX010000105	1847	4105	1	5
JAEXHX010000105	4107	4199	1	6
JAEXHX010000106	391	663	-1	1
JAEXHX010000106	853	963	-1	2
JAEXHX010000106	908	1558	-1	3
JAEXHX010000106	1652	1978	-1	4
JAEXHX010000106	2025	2771	-1	5
JAEXHX010000106	2793	7748	-1	6
JAEXHX010000106	8242	9105	1	7
JAEXHX010000106	9102	9305	1	8
JAEXHX010000107	231	1205	1	1
JAEXHX010000107	1424	3217	1	2
JAEXHX010000107	3217	4962	1	3
JAEXHX010000107	5013	5594	1	4
JAEXHX010000107	5604	6323	1	5
JAEXHX010000107	6316	7761	1	6
JAEXHX010000107	7949	8470	1	7
JAEXHX010000107	8561	8887	1	8
JAEXHX010000107	8888	10042	1	9
JAEXHX010000107	10032	10949	-1	10
JAEXHX010000107	10966	12459	-1	11
JAEXHX010000107	12530	13144	1	12
JAEXHX010000107	13363	14190	1	13
JAEXHX010000107	14528	15538	1	14
JAEXHX010000107	15541	16305	1	15
JAEXHX010000107	16330	16590	1	16
JAEXHX010000107	16603	17328	1	17
JAEXHX010000107	17344	17754	1	18
JAEXHX010000107	17767	18231	1	19
JAEXHX010000107	18231	18983	1	20
JAEXHX010000107	19022	19228	1	21
JAEXHX010000107	19229	19570	1	22
JAEXHX010000107	19644	19922	1	23
JAEXHX010000107	19936	20253	1	24
JAEXHX010000107	20259	20657	1	25
JAEXHX010000107	20666	21019	1	26
JAEXHX010000107	21021	21749	1	27
JAEXHX010000107	21746	22258	1	28
JAEXHX010000107	22431	22823	1	29
JAEXHX010000107	22832	23368	1	30
JAEXHX010000107	23384	23713	1	31
JAEXHX010000107	23840	24286	1	32
JAEXHX010000107	24298	24879	1	33
JAEXHX010000107	24882	25523	1	34
JAEXHX010000107	25537	25995	1	35
JAEXHX010000107	26005	26442	1	36
JAEXHX010000107	26480	27844	1	37
JAEXHX010000107	27885	28445	1	38
JAEXHX010000107	28455	29030	1	39
JAEXHX010000107	29148	29414	1	40
JAEXHX010000107	29414	29932	1	41
JAEXHX010000107	29932	30153	1	42
JAEXHX010000107	30233	31195	1	43
JAEXHX010000107	31350	33746	1	44
JAEXHX010000108	1	876	1	1
JAEXHX010000108	861	2084	-1	2
JAEXHX010000108	2296	3354	1	3
JAEXHX010000108	3457	5436	1	4
JAEXHX010000108	5452	6114	1	5
JAEXHX010000108	6167	7597	1	6
JAEXHX010000108	7647	9074	1	7
JAEXHX010000108	9434	10471	1	8
JAEXHX010000108	10480	11640	1	9
JAEXHX010000108	11715	11981	1	10
JAEXHX010000108	12041	12772	1	11
JAEXHX010000108	12747	14327	-1	12
JAEXHX010000108	14461	20382	1	13
JAEXHX010000109	156	839	-1	1
JAEXHX010000109	851	1501	-1	2
JAEXHX010000109	1518	2339	-1	3
JAEXHX010000109	2518	3384	-1	4
JAEXHX010000109	3447	4007	-1	5
JAEXHX010000109	4023	5027	-1	6
JAEXHX010000110	3	239	1	1
JAEXHX010000110	502	1371	1	2
JAEXHX010000110	1373	1930	1	3
JAEXHX010000110	1941	2945	1	4
JAEXHX010000110	2955	4094	1	5
JAEXHX010000110	4091	5506	1	6
JAEXHX010000110	5513	7051	1	7
JAEXHX010000110	7056	9626	1	8
JAEXHX010000110	9741	11282	1	9
JAEXHX010000110	11287	12396	-1	10
JAEXHX010000110	12434	13972	1	11
JAEXHX010000110	14513	14779	1	12
JAEXHX010000110	14798	15076	1	13
JAEXHX010000110	15225	16265	1	14
JAEXHX010000110	16258	16515	1	15
JAEXHX010000111	2	247	1	1
JAEXHX010000111	253	603	-1	2
JAEXHX010000111	785	1456	1	3
JAEXHX010000111	1466	2941	1	4
JAEXHX010000111	2959	4245	-1	5
JAEXHX010000111	4681	7170	1	6
JAEXHX010000112	2	232	1	1
JAEXHX010000112	250	465	1	2
JAEXHX010000112	477	962	1	3
JAEXHX010000112	970	1989	1	4
JAEXHX010000112	2017	3249	1	5
JAEXHX010000113	3	1379	1	1
JAEXHX010000113	1395	2195	1	2
JAEXHX010000113	2196	2486	1	3
JAEXHX010000113	2489	3058	-1	4
JAEXHX010000113	3060	3821	-1	5
JAEXHX010000113	3874	6123	1	6
JAEXHX010000113	6163	6747	-1	7
JAEXHX010000114	3	2675	-1	1
JAEXHX010000114	3210	4754	1	2
JAEXHX010000114	4813	5925	1	3
JAEXHX010000114	5929	6783	1	4
JAEXHX010000115	3	362	-1	1
JAEXHX010000115	365	808	-1	2
JAEXHX010000115	813	1289	-1	3
JAEXHX010000115	1267	2808	-1	4
JAEXHX010000115	2866	3870	-1	5
JAEXHX010000115	3875	5008	-1	6
JAEXHX010000115	5021	5521	-1	7
JAEXHX010000115	5853	6641	1	8
JAEXHX010000115	6647	7456	1	9
JAEXHX010000115	7453	7743	1	10
JAEXHX010000115	7761	8267	1	11
JAEXHX010000115	8312	8836	-1	12
JAEXHX010000115	8852	9085	-1	13
JAEXHX010000115	9154	9855	-1	14
JAEXHX010000116	3	209	1	1
JAEXHX010000116	220	657	1	2
JAEXHX010000116	680	1195	-1	3
JAEXHX010000116	1315	2595	1	4
JAEXHX010000116	2607	3884	-1	5
JAEXHX010000116	4164	6236	-1	6
JAEXHX010000117	2	757	-1	1
JAEXHX010000117	1079	2293	1	2
JAEXHX010000117	2470	3612	-1	3
JAEXHX010000117	3725	4399	1	4
JAEXHX010000117	4409	5062	1	5
JAEXHX010000117	5171	5740	1	6
JAEXHX010000117	5788	6507	1	7
JAEXHX010000117	6536	6622	1	8
JAEXHX010000118	1	207	-1	1
JAEXHX010000118	237	1184	-1	2
JAEXHX010000118	1424	1945	1	3
JAEXHX010000118	1956	3200	1	4
JAEXHX010000118	3271	3924	1	5
JAEXHX010000118	4144	5583	1	6
JAEXHX010000118	5621	5761	-1	7
JAEXHX010000118	6003	6470	-1	8
JAEXHX010000119	1	426	1	1
JAEXHX010000119	434	730	1	2
JAEXHX010000119	738	2102	1	3
JAEXHX010000119	2290	2823	1	4
JAEXHX010000119	2900	3508	1	5
JAEXHX010000119	3518	4237	1	6
JAEXHX010000119	4459	4734	1	7
JAEXHX010000119	4850	5554	1	8
JAEXHX010000119	5544	5906	1	9
JAEXHX010000120	3	953	1	1
JAEXHX010000120	1078	1536	1	2
JAEXHX010000120	1654	1845	1	3
JAEXHX010000120	1854	2861	1	4
JAEXHX010000120	2887	3060	-1	5
JAEXHX010000120	3062	3271	-1	6
JAEXHX010000120	3455	4582	1	7
JAEXHX010000120	4594	5313	1	8
JAEXHX010000120	5310	7316	-1	9
JAEXHX010000120	7405	7677	1	10
JAEXHX010000120	7672	8418	-1	11
JAEXHX010000121	197	346	-1	1
JAEXHX010000121	402	1991	-1	2
JAEXHX010000121	2004	2549	-1	3
JAEXHX010000121	2744	3283	1	4
JAEXHX010000121	3339	4511	1	5
JAEXHX010000121	4521	5774	1	6
JAEXHX010000121	5782	6345	1	7
JAEXHX010000121	6358	7341	1	8
JAEXHX010000121	7507	7932	1	9
JAEXHX010000121	8292	9041	-1	10
JAEXHX010000121	8983	10233	-1	11
JAEXHX010000121	10773	11939	1	12
JAEXHX010000121	11949	12704	1	13
JAEXHX010000121	12963	14321	1	14
JAEXHX010000121	14410	16089	1	15
JAEXHX010000121	16095	16385	-1	16
JAEXHX010000121	16495	16800	-1	17
JAEXHX010000121	16982	17848	-1	18
JAEXHX010000121	17863	19572	-1	19
JAEXHX010000121	19582	20958	-1	20
JAEXHX010000121	20948	21517	-1	21
JAEXHX010000121	21529	21759	-1	22
JAEXHX010000121	21768	22544	-1	23
JAEXHX010000122	14	1573	1	1
JAEXHX010000122	1615	1725	-1	2
JAEXHX010000122	1934	3361	1	3
JAEXHX010000122	3760	4470	1	4
JAEXHX010000123	110	1393	1	1
JAEXHX010000123	1402	2262	1	2
JAEXHX010000123	2281	2862	-1	3
JAEXHX010000123	2869	3789	-1	4
JAEXHX010000123	3790	4446	-1	5
JAEXHX010000123	4696	5040	-1	6
JAEXHX010000123	5051	5347	-1	7
JAEXHX010000123	5542	5838	-1	8
JAEXHX010000123	5888	6958	-1	9
JAEXHX010000123	7145	7756	-1	10
JAEXHX010000123	7915	10233	-1	11
JAEXHX010000123	10416	13280	-1	12
JAEXHX010000124	3	1001	1	1
JAEXHX010000124	1011	1559	1	2
JAEXHX010000124	1560	2123	1	3
JAEXHX010000124	2147	2902	1	4
JAEXHX010000124	2914	3528	1	5
JAEXHX010000124	3525	4313	-1	6
JAEXHX010000124	4315	5019	-1	7
JAEXHX010000124	5044	5940	-1	8
JAEXHX010000124	5971	6672	-1	9
JAEXHX010000124	6700	7452	-1	10
JAEXHX010000125	3	3929	1	1
JAEXHX010000125	3926	5710	-1	2
JAEXHX010000125	5725	6288	-1	3
JAEXHX010000125	6517	7422	1	4
JAEXHX010000125	7422	9563	1	5
JAEXHX010000125	10068	10511	1	6
JAEXHX010000125	10604	11140	1	7
JAEXHX010000125	11152	11544	1	8
JAEXHX010000125	11557	12381	1	9
JAEXHX010000125	12381	12746	1	10
JAEXHX010000125	12765	13187	1	11
JAEXHX010000125	13206	13607	1	12
JAEXHX010000125	13659	13829	1	13
JAEXHX010000125	13914	14096	1	14
JAEXHX010000125	14236	15480	1	15
JAEXHX010000125	15504	15698	1	16
JAEXHX010000125	15751	16347	1	17
JAEXHX010000125	16357	17205	1	18
JAEXHX010000125	17217	18179	1	19
JAEXHX010000125	18176	18982	1	20
JAEXHX010000125	18990	20036	1	21
JAEXHX010000125	20043	21407	1	22
JAEXHX010000125	21409	22401	1	23
JAEXHX010000125	22667	24184	1	24
JAEXHX010000125	24162	24947	-1	25
JAEXHX010000125	25063	26358	1	26
JAEXHX010000125	26360	26689	1	27
JAEXHX010000125	26768	27586	-1	28
JAEXHX010000125	27614	28693	-1	29
JAEXHX010000125	28709	29737	-1	30
JAEXHX010000125	29747	30751	-1	31
JAEXHX010000125	30882	32549	1	32
JAEXHX010000125	32559	33017	1	33
JAEXHX010000125	33044	34759	-1	34
JAEXHX010000126	3	113	1	1
JAEXHX010000126	123	413	1	2
JAEXHX010000126	455	1153	1	3
JAEXHX010000126	1153	1989	1	4
JAEXHX010000126	2038	2496	1	5
JAEXHX010000126	2510	3232	1	6
JAEXHX010000126	3247	3594	1	7
JAEXHX010000126	3713	4372	1	8
JAEXHX010000126	4372	5565	1	9
JAEXHX010000126	5562	6473	-1	10
JAEXHX010000126	6616	7329	1	11
JAEXHX010000126	7348	8829	1	12
JAEXHX010000126	9037	9306	1	13
JAEXHX010000126	9493	9975	1	14
JAEXHX010000126	9972	10238	1	15
JAEXHX010000126	10301	10651	1	16
JAEXHX010000126	10685	10969	1	17
JAEXHX010000126	11620	12309	1	18
JAEXHX010000126	12328	12723	1	19
JAEXHX010000126	12776	12958	-1	20
JAEXHX010000126	13056	13904	1	21
JAEXHX010000126	13972	14853	1	22
JAEXHX010000126	14877	15722	1	23
JAEXHX010000126	15885	16142	1	24
JAEXHX010000127	3	317	1	1
JAEXHX010000127	314	781	1	2
JAEXHX010000127	806	1477	-1	3
JAEXHX010000127	1483	2499	-1	4
JAEXHX010000127	2777	3412	1	5
JAEXHX010000128	295	1395	1	1
JAEXHX010000128	1772	2557	1	2
JAEXHX010000128	2577	3671	1	3
JAEXHX010000129	1	126	-1	1
JAEXHX010000129	136	1317	-1	2
JAEXHX010000129	1330	1497	-1	3
JAEXHX010000129	1591	2016	-1	4
JAEXHX010000129	2017	3723	-1	5
JAEXHX010000129	3811	4110	1	6
JAEXHX010000129	4107	4700	-1	7
JAEXHX010000129	4758	6509	-1	8
JAEXHX010000129	6519	12743	-1	9
JAEXHX010000130	3	239	1	1
JAEXHX010000130	413	1507	1	2
JAEXHX010000130	1645	1890	-1	3
JAEXHX010000130	1887	2453	-1	4
JAEXHX010000130	2513	3094	1	5
JAEXHX010000130	3134	3838	1	6
JAEXHX010000130	3904	5091	1	7
JAEXHX010000130	5094	5849	1	8
JAEXHX010000130	5854	6231	1	9
JAEXHX010000130	6228	8006	-1	10
JAEXHX010000130	8155	8517	-1	11
JAEXHX010000130	8655	8981	1	12
JAEXHX010000130	9133	9705	1	13
JAEXHX010000130	9706	9867	1	14
JAEXHX010000130	9892	10161	1	15
JAEXHX010000130	10319	10723	1	16
JAEXHX010000131	1	132	1	1
JAEXHX010000131	143	589	1	2
JAEXHX010000131	608	1735	1	3
JAEXHX010000131	1740	2738	1	4
JAEXHX010000131	2775	3002	1	5
JAEXHX010000131	3004	3663	1	6
JAEXHX010000131	3660	4454	-1	7
JAEXHX010000132	1	2136	-1	1
JAEXHX010000132	2176	3258	-1	2
JAEXHX010000132	3332	3994	-1	3
JAEXHX010000132	3998	4828	-1	4
JAEXHX010000132	4895	5797	1	5
JAEXHX010000132	5799	6542	1	6
JAEXHX010000132	6511	7464	1	7
JAEXHX010000132	7497	7775	-1	8
JAEXHX010000132	7780	8769	-1	9
JAEXHX010000132	8824	9606	1	10
JAEXHX010000132	9603	10082	-1	11
JAEXHX010000132	10180	10878	1	12
JAEXHX010000133	81	377	-1	1
JAEXHX010000133	408	686	-1	2
JAEXHX010000133	802	2466	1	3
JAEXHX010000133	2543	3265	1	4
JAEXHX010000133	3662	3862	-1	5
JAEXHX010000133	4062	5342	-1	6
JAEXHX010000133	5348	5974	-1	7
JAEXHX010000133	6000	6485	-1	8
JAEXHX010000133	6495	7484	-1	9
JAEXHX010000133	7497	8906	-1	10
JAEXHX010000134	2	124	1	1
JAEXHX010000134	251	661	1	2
JAEXHX010000134	704	1258	1	3
JAEXHX010000134	1248	1538	1	4
JAEXHX010000134	1531	3069	-1	5
JAEXHX010000134	3072	3527	-1	6
JAEXHX010000134	3595	3783	1	7
JAEXHX010000134	3844	6717	-1	8
JAEXHX010000134	6723	7109	-1	9
JAEXHX010000134	7193	9037	-1	10
JAEXHX010000134	9050	9727	-1	11
JAEXHX010000135	2	106	-1	1
JAEXHX010000135	296	1045	-1	2
JAEXHX010000135	1055	2599	-1	3
JAEXHX010000135	2803	2895	1	4
JAEXHX010000135	2867	3100	1	5
JAEXHX010000135	3256	3390	1	6
JAEXHX010000136	1	126	1	1
JAEXHX010000136	194	472	-1	2
JAEXHX010000136	1089	3068	1	3
JAEXHX010000136	3190	4617	1	4
JAEXHX010000136	4607	5089	-1	5
JAEXHX010000136	5079	6050	-1	6
JAEXHX010000136	6072	6593	1	7
JAEXHX010000136	6598	7128	1	8
JAEXHX010000136	7135	7503	1	9
JAEXHX010000136	7555	8046	-1	10
JAEXHX010000137	2	346	1	1
JAEXHX010000137	466	1125	1	2
JAEXHX010000137	1237	1650	1	3
JAEXHX010000137	1654	1854	1	4
JAEXHX010000137	2085	2498	1	5
JAEXHX010000137	2485	3564	-1	6
JAEXHX010000137	3575	4354	-1	7
JAEXHX010000137	4436	8017	1	8
JAEXHX010000137	8037	9077	1	9
JAEXHX010000137	9124	9228	1	10
JAEXHX010000137	9415	10014	1	11
JAEXHX010000137	10355	10960	1	12
JAEXHX010000137	10975	11397	1	13
JAEXHX010000138	488	967	-1	1
JAEXHX010000138	1391	1810	-1	2
JAEXHX010000138	2075	3409	-1	3
JAEXHX010000138	3886	4173	1	4
JAEXHX010000138	4208	4747	1	5
JAEXHX010000138	4896	6134	-1	6
JAEXHX010000138	6248	6775	1	7
JAEXHX010000138	6765	7202	-1	8
JAEXHX010000138	7279	7665	1	9
JAEXHX010000138	7677	10133	1	10
JAEXHX010000138	10130	10924	1	11
JAEXHX010000138	11057	11365	-1	12
JAEXHX010000138	11436	12677	-1	13
JAEXHX010000138	12829	15003	-1	14
JAEXHX010000138	15046	15606	-1	15
JAEXHX010000138	15620	15934	-1	16
JAEXHX010000139	1	4392	-1	1
JAEXHX010000139	4794	5234	-1	2
JAEXHX010000140	2	481	-1	1
JAEXHX010000140	589	1923	1	2
JAEXHX010000140	1981	3270	1	3
JAEXHX010000140	3271	4074	-1	4
JAEXHX010000140	4132	4734	-1	5
JAEXHX010000141	2	343	1	1
JAEXHX010000141	397	615	-1	2
JAEXHX010000141	626	1291	-1	3
JAEXHX010000141	1312	1749	-1	4
JAEXHX010000141	1746	2792	-1	5
JAEXHX010000141	2944	4353	1	6
JAEXHX010000141	4364	5038	1	7
JAEXHX010000141	5039	5779	1	8
JAEXHX010000141	5783	6541	-1	9
