Hmm	ORF	tlen	qlen	Eval	score	start	end	Acc	Pos	Cov_seq	Cov_hmm	strand
AbiEii_0_CAS-III	JAEXHX010000019_19	311	284	1.8e-06	24.4	20326	21258	JAEXHX010000019	19	0.5144694533762058	0.5633802816901409	1
AbiEii_0_CAS-III	JAEXHX010000025_15	268	284	2.1e-07	27.5	19264	20067	JAEXHX010000025	15	0.34701492537313433	0.31690140845070425	-1
AbiEii_0_CAS-III	JAEXHX010000026_3	418	284	0.005	13.1	2863	4116	JAEXHX010000026	3	0.050239234449760764	0.07394366197183098	-1
AbiEii_0_CAS-III	JAEXHX010000034_11	642	284	0.0026	14.0	6685	8610	JAEXHX010000034	11	0.17757009345794392	0.3626760563380282	-1
AbiEii_0_CAS-III	JAEXHX010000034_8	193	284	6.2e-07	25.9	2582	3160	JAEXHX010000034	8	0.5751295336787565	0.39436619718309857	1
AbiEii_0_CAS-III	JAEXHX010000040_16	918	284	1.2e-07	28.3	11579	14332	JAEXHX010000040	16	0.10457516339869281	0.35563380281690143	1
AbiEii_0_CAS-III	JAEXHX010000046_3	235	284	3.5e-07	26.7	3378	4082	JAEXHX010000046	3	0.502127659574468	0.39436619718309857	-1
AbiEii_0_CAS-III	JAEXHX010000054_2	315	284	0.00042	16.6	2162	3106	JAEXHX010000054	2	0.2698412698412698	0.2535211267605634	1
AbiEii_0_CAS-III	JAEXHX010000064_4	353	284	2.4e-06	24.0	2794	3852	JAEXHX010000064	4	0.3031161473087819	0.35563380281690143	-1
AbiEii_0_CAS-III	JAEXHX010000069_15	313	284	3.3e-06	23.5	13860	14798	JAEXHX010000069	15	0.28115015974440893	0.29577464788732394	1
AbiEii_0_CAS-III	JAEXHX010000076_25	250	284	0.00035	16.9	22397	23146	JAEXHX010000076	25	0.264	0.21830985915492956	1
AbiEii_0_CAS-III	JAEXHX010000076_4	282	284	5.2e-09	32.7	3796	4641	JAEXHX010000076	4	0.3262411347517731	0.2992957746478873	-1
AbiEii_0_CAS-III	JAEXHX010000079_8	253	284	0.00014	18.2	4814	5572	JAEXHX010000079	8	0.12648221343873517	0.10211267605633803	1
AbiEii_0_CAS-III	JAEXHX010000107_2	598	284	0.0016	14.8	1424	3217	JAEXHX010000107	2	0.14381270903010032	0.3028169014084507	1
AbiEii_0_CAS-III	JAEXHX010000107_3	582	284	0.0097	12.2	3217	4962	JAEXHX010000107	3	0.14948453608247422	0.29577464788732394	1
AbiEii_0_CAS-III	JAEXHX010000107_6	482	284	3.7e-07	26.7	6316	7761	JAEXHX010000107	6	0.3651452282157676	0.4471830985915493	1
AbiEii_0_CAS-III	JAEXHX010000109_1	228	284	9.2e-07	25.4	156	839	JAEXHX010000109	1	0.5307017543859649	0.3908450704225352	-1
AbiEii_0_CAS-III	JAEXHX010000126_4	279	284	0.00011	18.6	1153	1989	JAEXHX010000126	4	0.43010752688172044	0.39436619718309857	1
AbiEii_0_CAS-III	JAEXHX010000129_5	569	284	6.1e-06	22.7	2017	3723	JAEXHX010000129	5	0.31282952548330406	0.5176056338028169	-1
AbiEii_0_CAS-III	JAEXHX010000130_10	593	284	0.00059	16.1	6228	8006	JAEXHX010000130	10	0.06913996627318718	0.07746478873239436	-1
AbiEii_0_CAS-III	JAEXHX010000141_9	253	284	5.4e-06	22.8	5783	6541	JAEXHX010000141	9	0.43478260869565216	0.38028169014084506	-1
AbiEii_1_CAS-III-A	JAEXHX010000025_15	268	335	0.022	10.6	19264	20067	JAEXHX010000025	15	0.3208955223880597	0.25970149253731345	-1
AbiEii_1_CAS-III-A	JAEXHX010000076_25	250	335	0.00091	15.1	22397	23146	JAEXHX010000076	25	0.32	0.24477611940298508	1
AbiEii_1_CAS-III-A	JAEXHX010000076_4	282	335	0.0015	14.4	3796	4641	JAEXHX010000076	4	0.16666666666666666	0.14029850746268657	-1
AbiEii_1_CAS-III-A	JAEXHX010000109_1	228	335	3.6e-06	23.0	156	839	JAEXHX010000109	1	0.39035087719298245	0.26865671641791045	-1
AbiEii_1_CAS-III-A	JAEXHX010000129_5	569	335	0.0039	13.0	2017	3723	JAEXHX010000129	5	0.2460456942003515	0.42388059701492536	-1
Can2_Card1_17_CAS-III	JAEXHX010000082_5	305	380	1.4e-05	20.6	2001	2915	JAEXHX010000082	5	0.3016393442622951	0.18157894736842106	-1
Cas10_0_CAS-III	JAEXHX010000018_5	788	511	7.6e-12	41.5	4047	6410	JAEXHX010000018	5	0.45050761421319796	0.5538160469667319	1
Cas10_0_III	JAEXHX010000018_5	788	414	1e-12	44.4	4047	6410	JAEXHX010000018	5	0.26776649746192893	0.5120772946859904	1
Cas10_0_IIIA	JAEXHX010000018_5	788	650	6.6e-109	362.1	4047	6410	JAEXHX010000018	5	0.8261421319796954	0.9046153846153846	1
Cas10_0_IIIA	JAEXHX010000135_6	45	650	0.91	4.8	3256	3390	JAEXHX010000135	6	0.8	0.052307692307692305	1
Cas10_0_IIIB	JAEXHX010000018_5	788	510	6.8e-10	35.0	4047	6410	JAEXHX010000018	5	0.33375634517766495	0.396078431372549	1
Cas10_1_CAS-III	JAEXHX010000006_7	165	654	9.6e-05	17.8	4845	5339	JAEXHX010000006	7	0.5696969696969697	0.14067278287461774	-1
Cas10_1_CAS-III	JAEXHX010000018_5	788	654	1.2e-131	437.1	4047	6410	JAEXHX010000018	5	0.8261421319796954	0.9097859327217125	1
Cas10_1_CAS-III	JAEXHX010000080_21	36	654	0.032	9.4	13479	13586	JAEXHX010000080	21	0.75	0.047400611620795105	-1
Cas10_1_CAS-III	JAEXHX010000080_6	159	654	0.17	7.0	2661	3137	JAEXHX010000080	6	0.3710691823899371	0.09174311926605505	-1
Cas10_1_CAS-III	JAEXHX010000085_5	129	654	0.018	10.3	2732	3118	JAEXHX010000085	5	0.32558139534883723	0.0581039755351682	1
Cas10_4_CAS-III	JAEXHX010000018_5	788	772	1.6e-11	39.7	4047	6410	JAEXHX010000018	5	0.16370558375634517	0.172279792746114	1
Cas10_5_CAS-III	JAEXHX010000018_5	788	838	6.9e-104	345.4	4047	6410	JAEXHX010000018	5	0.9961928934010152	0.9116945107398569	1
Cas10_7_CAS-III	JAEXHX010000018_5	788	410	1.9e-13	46.9	4047	6410	JAEXHX010000018	5	0.20431472081218274	0.40487804878048783	1
Cas12a_1_CAS-V-A	JAEXHX010000080_6	159	1086	6.0	1.3	2661	3137	JAEXHX010000080	6	0.42138364779874216	0.05156537753222836	-1
Cas12a_1_CAS-V-A	JAEXHX010000082_1	175	1086	0.018	9.6	254	778	JAEXHX010000082	1	0.21142857142857144	0.034990791896869246	1
Cas12f2_0_CAS-V-F	JAEXHX010000082_1	175	517	1.4	4.1	254	778	JAEXHX010000082	1	0.38857142857142857	0.07156673114119923	1
Cas12f2_1_CAS-V-F	JAEXHX010000003_17	105	422	0.015	11.0	20915	21229	JAEXHX010000003	17	0.6190476190476191	0.07819905213270142	-1
Cas12f2_1_CAS-V-F	JAEXHX010000027_10	40	422	0.014	11.1	4845	4964	JAEXHX010000027	10	0.8	0.07109004739336493	-1
Cas12f2_1_CAS-V-F	JAEXHX010000080_15	126	422	0.11	8.2	9095	9472	JAEXHX010000080	15	0.46825396825396826	0.08530805687203792	-1
Cas12f2_1_CAS-V-F	JAEXHX010000080_16	266	422	5.6	2.6	9480	10277	JAEXHX010000080	16	0.18421052631578946	0.07819905213270142	-1
Cas12f2_1_CAS-V-F	JAEXHX010000080_6	159	422	0.33	6.6	2661	3137	JAEXHX010000080	6	0.24528301886792453	0.07109004739336493	-1
Cas12f2_1_CAS-V-F	JAEXHX010000080_9	309	422	3.9	3.1	4879	5805	JAEXHX010000080	9	0.14563106796116504	0.09004739336492891	-1
Cas12f2_1_CAS-V-F	JAEXHX010000082_1	175	422	9.1	1.9	254	778	JAEXHX010000082	1	0.3142857142857143	0.07345971563981042	1
Cas12f2_2_CAS-V-F	JAEXHX010000013_22	58	493	0.13	7.5	14473	14646	JAEXHX010000013	22	0.6206896551724138	0.07302231237322515	-1
Cas12f2_2_CAS-V-F	JAEXHX010000080_6	159	493	0.32	6.2	2661	3137	JAEXHX010000080	6	0.16981132075471697	0.056795131845841784	-1
Cas12f2_2_CAS-V-F	JAEXHX010000080_9	309	493	0.00043	15.7	4879	5805	JAEXHX010000080	9	0.23300970873786409	0.15010141987829614	-1
Cas12f2_2_CAS-V-F	JAEXHX010000082_1	175	493	3.6	2.7	254	778	JAEXHX010000082	1	0.4	0.07910750507099391	1
Cas1_0_CAS-I-II-III-IV-V-VI	JAEXHX010000018_13	336	317	3.3999999999999998e-84	279.3	12066	13073	JAEXHX010000018	13	0.9613095238095238	1.0	1
Cas1_0_CAS-I-II-III-IV-V-VI	JAEXHX010000023_13	75	317	1.1e-12	44.3	11014	11238	JAEXHX010000023	13	0.9333333333333333	0.22082018927444794	1
Cas1_0_CAS-I-II-III-IV-V-VI	JAEXHX010000023_14	226	317	5.9999999999999996e-55	183.2	11340	12017	JAEXHX010000023	14	0.9380530973451328	0.6466876971608833	1
Cas1_0_I-II-III	JAEXHX010000018_13	336	327	3.6000000000000003e-81	269.4	12066	13073	JAEXHX010000018	13	0.9672619047619048	0.9908256880733946	1
Cas1_0_I-II-III	JAEXHX010000023_13	75	327	7.7e-11	38.3	11014	11238	JAEXHX010000023	13	0.9066666666666666	0.20795107033639143	1
Cas1_0_I-II-III	JAEXHX010000023_14	226	327	2e-52	174.9	11340	12017	JAEXHX010000023	14	0.9690265486725663	0.6605504587155964	1
Cas1_0_I-II-III-V	JAEXHX010000018_13	336	315	5.1e-72	239.0	12066	13073	JAEXHX010000018	13	0.9523809523809523	0.9904761904761905	1
Cas1_0_I-II-III-V	JAEXHX010000023_13	75	315	7.6e-11	38.1	11014	11238	JAEXHX010000023	13	0.9333333333333333	0.21904761904761905	1
Cas1_0_I-II-III-V	JAEXHX010000023_14	226	315	1.8e-45	151.8	11340	12017	JAEXHX010000023	14	0.9380530973451328	0.6476190476190476	1
Cas1_0_IA	JAEXHX010000018_13	336	347	2.3e-35	118.8	12066	13073	JAEXHX010000018	13	0.9494047619047619	0.9250720461095101	1
Cas1_0_IA	JAEXHX010000023_13	75	347	8.1e-06	21.6	11014	11238	JAEXHX010000023	13	0.6933333333333334	0.14985590778097982	1
Cas1_0_IA	JAEXHX010000023_14	226	347	6.5e-22	74.6	11340	12017	JAEXHX010000023	14	0.6106194690265486	0.40634005763688763	1
Cas1_0_IC	JAEXHX010000018_13	336	340	8.700000000000001e-60	199.3	12066	13073	JAEXHX010000018	13	0.9642857142857143	0.9647058823529412	1
Cas1_0_IC	JAEXHX010000023_13	75	340	0.0018	14.1	11014	11238	JAEXHX010000023	13	0.8266666666666667	0.18235294117647058	1
Cas1_0_IC	JAEXHX010000023_14	226	340	5.5e-33	111.2	11340	12017	JAEXHX010000023	14	0.9247787610619469	0.6235294117647059	1
Cas1_0_IE	JAEXHX010000018_13	336	269	5.7e-11	38.8	12066	13073	JAEXHX010000018	13	0.5773809523809523	0.7063197026022305	1
Cas1_0_IE	JAEXHX010000023_13	75	269	0.00029	16.8	11014	11238	JAEXHX010000023	13	0.7333333333333333	0.20446096654275092	1
Cas1_0_IE	JAEXHX010000023_14	226	269	7.3e-09	31.9	11340	12017	JAEXHX010000023	14	0.5575221238938053	0.4684014869888476	1
Cas1_0_IF	JAEXHX010000023_14	226	307	3e-06	23.5	11340	12017	JAEXHX010000023	14	0.6415929203539823	0.46905537459283386	1
Cas1_0_II	JAEXHX010000018_13	336	278	4.6e-25	85.1	12066	13073	JAEXHX010000018	13	0.7559523809523809	0.8237410071942446	1
Cas1_0_II	JAEXHX010000023_14	226	278	2.1e-21	73.1	11340	12017	JAEXHX010000023	14	0.7566371681415929	0.6079136690647482	1
Cas1_0_V	JAEXHX010000018_13	336	317	1.2e-32	109.9	12066	13073	JAEXHX010000018	13	0.7529761904761905	0.7476340694006309	1
Cas1_0_V	JAEXHX010000023_14	226	317	1.4e-21	73.5	11340	12017	JAEXHX010000023	14	0.7566371681415929	0.4889589905362776	1
Cas1_1_CAS-I-II-III-IV-V-VI	JAEXHX010000018_13	336	261	3.7999999999999996e-68	226.3	12066	13073	JAEXHX010000018	13	0.7916666666666666	1.0	1
Cas1_1_CAS-I-II-III-IV-V-VI	JAEXHX010000023_13	75	261	1.5e-10	37.5	11014	11238	JAEXHX010000023	13	0.9066666666666666	0.26053639846743293	1
Cas1_1_CAS-I-II-III-IV-V-VI	JAEXHX010000023_14	226	261	1.3000000000000002e-44	149.1	11340	12017	JAEXHX010000023	14	0.6991150442477876	0.5708812260536399	1
Cas1_2_CAS-I-II-III-IV-V-VI	JAEXHX010000023_14	226	306	5.1e-06	22.7	11340	12017	JAEXHX010000023	14	0.6061946902654868	0.4477124183006536	1
Cas1_3_CAS-I-II-III-IV-V-VI	JAEXHX010000018_13	336	262	1.8e-10	37.2	12066	13073	JAEXHX010000018	13	0.5744047619047619	0.7213740458015268	1
Cas1_3_CAS-I-II-III-IV-V-VI	JAEXHX010000023_13	75	262	0.00023	17.2	11014	11238	JAEXHX010000023	13	0.7333333333333333	0.2099236641221374	1
Cas1_3_CAS-I-II-III-IV-V-VI	JAEXHX010000023_14	226	262	5.6e-09	32.3	11340	12017	JAEXHX010000023	14	0.5619469026548672	0.4847328244274809	1
Cas1_4_CAS-I-II-III-IV-V-VI	JAEXHX010000018_13	336	275	1.5999999999999998e-25	86.5	12066	13073	JAEXHX010000018	13	0.7678571428571429	0.8218181818181818	1
Cas1_4_CAS-I-II-III-IV-V-VI	JAEXHX010000023_13	75	275	0.0023	13.9	11014	11238	JAEXHX010000023	13	0.76	0.20727272727272728	1
Cas1_4_CAS-I-II-III-IV-V-VI	JAEXHX010000023_14	226	275	4.7e-21	71.9	11340	12017	JAEXHX010000023	14	0.7566371681415929	0.6072727272727273	1
Cas1_5_CAS-I-II-III-IV-V-VI	JAEXHX010000018_13	336	338	3.2000000000000003e-59	197.4	12066	13073	JAEXHX010000018	13	0.9613095238095238	0.9674556213017751	1
Cas1_5_CAS-I-II-III-IV-V-VI	JAEXHX010000023_13	75	338	0.0018	14.2	11014	11238	JAEXHX010000023	13	0.8266666666666667	0.1834319526627219	1
Cas1_5_CAS-I-II-III-IV-V-VI	JAEXHX010000023_14	226	338	6.1e-33	111.0	11340	12017	JAEXHX010000023	14	0.9070796460176991	0.6153846153846154	1
Cas1_6_CAS-I-II-III-IV-V-VI	JAEXHX010000018_13	336	320	9.2e-43	143.3	12066	13073	JAEXHX010000018	13	0.9434523809523809	0.959375	1
Cas1_6_CAS-I-II-III-IV-V-VI	JAEXHX010000023_13	75	320	2e-05	20.7	11014	11238	JAEXHX010000023	13	0.7866666666666666	0.18125	1
Cas1_6_CAS-I-II-III-IV-V-VI	JAEXHX010000023_14	226	320	2.7000000000000002e-30	102.4	11340	12017	JAEXHX010000023	14	0.9292035398230089	0.653125	1
Cas1_7_CAS-I-II-III-IV-V-VI	JAEXHX010000018_13	336	328	7.300000000000001e-74	245.4	12066	13073	JAEXHX010000018	13	0.9791666666666666	0.9786585365853658	1
Cas1_7_CAS-I-II-III-IV-V-VI	JAEXHX010000023_13	75	328	8.4e-10	34.9	11014	11238	JAEXHX010000023	13	0.8933333333333333	0.20426829268292682	1
Cas1_7_CAS-I-II-III-IV-V-VI	JAEXHX010000023_14	226	328	5.2e-51	170.3	11340	12017	JAEXHX010000023	14	0.9690265486725663	0.6371951219512195	1
Cas1_8_CAS-I-II-III-IV-V-VI	JAEXHX010000018_13	336	283	1.7e-86	286.6	12066	13073	JAEXHX010000018	13	0.8541666666666666	0.9929328621908127	1
Cas1_8_CAS-I-II-III-IV-V-VI	JAEXHX010000023_13	75	283	7.7e-13	44.9	11014	11238	JAEXHX010000023	13	0.92	0.24381625441696114	1
Cas1_8_CAS-I-II-III-IV-V-VI	JAEXHX010000023_14	226	283	1.9e-51	171.6	11340	12017	JAEXHX010000023	14	0.7787610619469026	0.5971731448763251	1
Cas2_0_CAS-I-II-III-IV-V-VI	JAEXHX010000018_12	93	90	1.8e-14	50.6	11776	12054	JAEXHX010000018	12	0.8602150537634409	0.9111111111111111	1
Cas2_0_CAS-I-II-III-IV-V-VI	JAEXHX010000023_12	95	90	4.6e-07	26.9	10733	11017	JAEXHX010000023	12	0.8842105263157894	0.9666666666666667	1
Cas2_0_I-II-III	JAEXHX010000018_12	93	96	9.2e-14	48.2	11776	12054	JAEXHX010000018	12	0.9032258064516129	0.9166666666666666	1
Cas2_0_I-II-III	JAEXHX010000023_12	95	96	2.9e-07	27.4	10733	11017	JAEXHX010000023	12	0.9157894736842105	0.9583333333333334	1
Cas2_0_I-II-III-V	JAEXHX010000018_12	93	83	1.4e-15	54.1	11776	12054	JAEXHX010000018	12	0.8172043010752689	0.9397590361445783	1
Cas2_0_I-II-III-V	JAEXHX010000023_12	95	83	0.0026	14.7	10733	11017	JAEXHX010000023	12	0.5368421052631579	0.5542168674698795	1
Cas2_11_CAS-I-II-III-IV-V-VI	JAEXHX010000018_12	93	71	3e-17	59.3	11776	12054	JAEXHX010000018	12	0.7634408602150538	0.9859154929577465	1
Cas2_11_CAS-I-II-III-IV-V-VI	JAEXHX010000023_12	95	71	1.5e-09	34.7	10733	11017	JAEXHX010000023	12	0.7263157894736842	0.971830985915493	1
Cas2_2_CAS-I-II-III-IV-V-VI	JAEXHX010000018_12	93	79	6.6e-16	55.0	11776	12054	JAEXHX010000018	12	0.7741935483870968	0.8987341772151899	1
Cas2_2_CAS-I-II-III-IV-V-VI	JAEXHX010000023_12	95	79	0.00039	17.3	10733	11017	JAEXHX010000023	12	0.5684210526315789	0.6962025316455697	1
Cas2_4_CAS-I-II-III-IV-V-VI	JAEXHX010000018_12	93	89	4e-17	59.1	11776	12054	JAEXHX010000018	12	0.8064516129032258	0.8426966292134831	1
Cas2_4_CAS-I-II-III-IV-V-VI	JAEXHX010000023_12	95	89	3e-06	24.2	10733	11017	JAEXHX010000023	12	0.6947368421052632	0.7528089887640449	1
Cas2_6_CAS-I-II-III-IV-V-VI	JAEXHX010000018_12	93	90	0.014	12.5	11776	12054	JAEXHX010000018	12	0.40860215053763443	0.4111111111111111	1
Cas2_7_CAS-I-II-III-IV-V-VI	JAEXHX010000018_12	93	94	7.8e-20	67.9	11776	12054	JAEXHX010000018	12	0.8709677419354839	0.8617021276595744	1
Cas2_7_CAS-I-II-III-IV-V-VI	JAEXHX010000023_12	95	94	8.5e-08	29.3	10733	11017	JAEXHX010000023	12	0.9263157894736842	0.9361702127659575	1
Cas3HD_0_CAS-I	JAEXHX010000006_7	165	203	8.7e-05	19.1	4845	5339	JAEXHX010000006	7	0.40606060606060607	0.4088669950738916	-1
Cas3HD_0_CAS-I	JAEXHX010000009_24	164	203	0.00074	16.1	19328	19819	JAEXHX010000009	24	0.7804878048780488	0.7536945812807881	1
Cas3HD_0_CAS-I	JAEXHX010000100_1	269	203	0.00039	17.0	3	809	JAEXHX010000100	1	0.275092936802974	0.4187192118226601	-1
Cas3_0_CAS-I	JAEXHX010000003_15	613	353	0.0066	12.3	17943	19781	JAEXHX010000003	15	0.31158238172920066	0.3371104815864023	1
Cas3_0_CAS-I	JAEXHX010000036_10	448	353	1.1e-07	28.0	6121	7464	JAEXHX010000036	10	0.7544642857142857	0.9348441926345609	-1
Cas3_0_CAS-I	JAEXHX010000048_1	867	353	2.2e-15	53.3	121	2721	JAEXHX010000048	1	0.39100346020761245	0.9178470254957507	1
Cas3_0_CAS-I	JAEXHX010000068_12	773	353	2.1e-10	36.9	10899	13217	JAEXHX010000068	12	0.2652005174644243	0.5637393767705382	-1
Cas3_0_CAS-I	JAEXHX010000140_3	430	353	1.5e-12	43.9	1981	3270	JAEXHX010000140	3	0.5790697674418605	0.6883852691218131	1
Cas3_0_CAS-I-D	JAEXHX010000036_10	448	626	3.2e-10	35.5	6121	7464	JAEXHX010000036	10	0.5982142857142857	0.4185303514376997	-1
Cas3_0_I	JAEXHX010000003_15	613	358	0.0069	12.2	17943	19781	JAEXHX010000003	15	0.28548123980424145	0.31843575418994413	1
Cas3_0_I	JAEXHX010000036_10	448	358	3.2e-08	29.7	6121	7464	JAEXHX010000036	10	0.7388392857142857	0.9217877094972067	-1
Cas3_0_I	JAEXHX010000048_1	867	358	3.4e-16	56.0	121	2721	JAEXHX010000048	1	0.37831603229527105	0.8854748603351955	1
Cas3_0_I	JAEXHX010000068_12	773	358	5e-10	35.6	10899	13217	JAEXHX010000068	12	0.2975420439844761	0.6312849162011173	-1
Cas3_0_I	JAEXHX010000140_3	430	358	4.5e-12	42.4	1981	3270	JAEXHX010000140	3	0.5232558139534884	0.6284916201117319	1
Cas3_0_ID	JAEXHX010000036_10	448	357	1.4e-09	34.2	6121	7464	JAEXHX010000036	10	0.5982142857142857	0.6862745098039216	-1
Cas3_0_ID	JAEXHX010000048_1	867	357	4.3e-06	22.7	121	2721	JAEXHX010000048	1	0.2560553633217993	0.5238095238095238	1
Cas3_0_ID	JAEXHX010000103_7	864	357	8.4e-09	31.6	8462	11053	JAEXHX010000103	7	0.29976851851851855	0.7535014005602241	1
Cas3_0_ID	JAEXHX010000140_3	430	357	8.8e-05	18.4	1981	3270	JAEXHX010000140	3	0.20930232558139536	0.22969187675070027	1
Cas3_1_CAS-I	JAEXHX010000073_13	694	745	1.1e-06	24.0	9804	11885	JAEXHX010000073	13	0.2478386167146974	0.2442953020134228	1
Cas3_1_CAS-I-D	JAEXHX010000036_10	448	353	1.6e-10	37.3	6121	7464	JAEXHX010000036	10	0.6026785714285714	0.6798866855524079	-1
Cas3_1_CAS-I-D	JAEXHX010000048_1	867	353	5.7e-06	22.3	121	2721	JAEXHX010000048	1	0.2502883506343714	0.5042492917847026	1
Cas3_1_CAS-I-D	JAEXHX010000103_7	864	353	4.4e-11	39.1	8462	11053	JAEXHX010000103	7	0.3472222222222222	0.7903682719546742	1
Cas3_1_CAS-I-D	JAEXHX010000140_3	430	353	4.1e-05	19.5	1981	3270	JAEXHX010000140	3	0.20232558139534884	0.2237960339943343	1
Cas3_1_I	JAEXHX010000006_7	165	178	0.0017	15.1	4845	5339	JAEXHX010000006	7	0.6303030303030303	0.5786516853932584	-1
Cas3_1_I	JAEXHX010000100_1	269	178	0.0012	15.6	3	809	JAEXHX010000100	1	0.3048327137546468	0.4101123595505618	-1
Cas3_2_CAS-I	JAEXHX010000036_10	448	967	4.4e-20	68.0	6121	7464	JAEXHX010000036	10	0.5200892857142857	0.24095139607032057	-1
Cas3_2_CAS-I	JAEXHX010000068_12	773	967	1.3e-07	26.8	10899	13217	JAEXHX010000068	12	0.21345407503234154	0.17166494312306102	-1
Cas3_2_CAS-I	JAEXHX010000140_3	430	967	1.1e-05	20.3	1981	3270	JAEXHX010000140	3	0.39069767441860465	0.16752843846949328	1
Cas3d_0_CAS-I-D	JAEXHX010000036_10	448	639	6.7e-14	47.9	6121	7464	JAEXHX010000036	10	0.43973214285714285	0.297339593114241	-1
Cas3d_0_CAS-I-D	JAEXHX010000048_1	867	639	1.2e-05	20.6	121	2721	JAEXHX010000048	1	0.14994232987312572	0.19092331768388107	1
Cas3d_1_CAS-I-D	JAEXHX010000036_10	448	627	7.9e-09	31.0	6121	7464	JAEXHX010000036	10	0.4174107142857143	0.2982456140350877	-1
Cas4_0_CAS-I-II-III-IV-V-VI	JAEXHX010000012_6	995	179	2.3e-14	50.7	11198	14182	JAEXHX010000012	6	0.19597989949748743	0.9776536312849162	-1
Cas4_0_CAS-I-II-III-IV-V-VI	JAEXHX010000036_12	409	179	2.1e-05	21.5	10098	11324	JAEXHX010000036	12	0.2713936430317848	0.5810055865921788	1
Cas4_0_CAS-I-II-III-IV-V-VI	JAEXHX010000131_7	265	179	1.8e-19	67.3	3660	4454	JAEXHX010000131	7	0.5962264150943396	0.8715083798882681	-1
Cas4_0_CAS-I-II-III-IV-V-VI	JAEXHX010000140_1	160	179	2.7e-10	37.4	2	481	JAEXHX010000140	1	0.775	0.6312849162011173	-1
Cas4_0_I-II	JAEXHX010000002_29	96	180	0.0076	12.7	26547	26834	JAEXHX010000002	29	0.6145833333333334	0.2722222222222222	1
Cas4_0_I-II	JAEXHX010000012_6	995	180	1.2e-11	41.4	11198	14182	JAEXHX010000012	6	0.19497487437185929	0.9666666666666667	-1
Cas4_0_I-II	JAEXHX010000036_12	409	180	8.7e-06	22.3	10098	11324	JAEXHX010000036	12	0.3276283618581907	0.6888888888888889	1
Cas4_0_I-II	JAEXHX010000131_7	265	180	7.4e-21	71.4	3660	4454	JAEXHX010000131	7	0.5849056603773585	0.8444444444444444	-1
Cas4_0_I-II	JAEXHX010000140_1	160	180	3e-10	36.9	2	481	JAEXHX010000140	1	0.775	0.6222222222222222	-1
Cas4_0_I-II-V	JAEXHX010000012_6	995	177	8.6e-12	42.1	11198	14182	JAEXHX010000012	6	0.19497487437185929	0.9774011299435028	-1
Cas4_0_I-II-V	JAEXHX010000036_12	409	177	1.6e-05	21.7	10098	11324	JAEXHX010000036	12	0.17359413202933985	0.3559322033898305	1
Cas4_0_I-II-V	JAEXHX010000131_7	265	177	1.3e-16	57.8	3660	4454	JAEXHX010000131	7	0.6830188679245283	0.8531073446327684	-1
Cas4_0_I-II-V	JAEXHX010000140_1	160	177	9.3e-06	22.5	2	481	JAEXHX010000140	1	0.75625	0.615819209039548	-1
Cas4_0_IA	JAEXHX010000012_6	995	273	0.013	11.8	11198	14182	JAEXHX010000012	6	0.09547738693467336	0.3516483516483517	-1
Cas4_0_IA	JAEXHX010000140_1	160	273	0.014	11.7	2	481	JAEXHX010000140	1	0.4125	0.2454212454212454	-1
Cas4_0_V	JAEXHX010000131_7	265	178	0.079	9.6	3660	4454	JAEXHX010000131	7	0.3622641509433962	0.5449438202247191	-1
Cas4_3_CAS-I-II-III-IV-V-VI	JAEXHX010000002_29	96	197	0.0028	14.4	26547	26834	JAEXHX010000002	29	0.65625	0.3147208121827411	1
Cas4_3_CAS-I-II-III-IV-V-VI	JAEXHX010000036_12	409	197	0.016	11.9	10098	11324	JAEXHX010000036	12	0.2713936430317848	0.49238578680203043	1
Cas4_3_CAS-I-II-III-IV-V-VI	JAEXHX010000131_7	265	197	3.6e-20	69.5	3660	4454	JAEXHX010000131	7	0.9849056603773585	0.9086294416243654	-1
Cas4_4_CAS-I-II-III-IV-V-VI	JAEXHX010000140_1	160	284	0.017	11.3	2	481	JAEXHX010000140	1	0.28125	0.16549295774647887	-1
Cas4_5_CAS-I-II-III-IV-V-VI	JAEXHX010000012_6	995	161	3.7e-07	27.1	11198	14182	JAEXHX010000012	6	0.18090452261306533	0.8881987577639752	-1
Cas4_5_CAS-I-II-III-IV-V-VI	JAEXHX010000036_12	409	161	0.011	12.6	10098	11324	JAEXHX010000036	12	0.2200488997555012	0.5403726708074534	1
Cas4_5_CAS-I-II-III-IV-V-VI	JAEXHX010000131_7	265	161	4.6e-13	46.3	3660	4454	JAEXHX010000131	7	0.5358490566037736	0.8322981366459627	-1
Cas4_5_CAS-I-II-III-IV-V-VI	JAEXHX010000140_1	160	161	0.013	12.3	2	481	JAEXHX010000140	1	0.7375	0.5652173913043478	-1
Cas4_6_CAS-I-II-III-IV-V-VI	JAEXHX010000012_6	995	292	0.01	12.0	11198	14182	JAEXHX010000012	6	0.09547738693467336	0.3287671232876712	-1
Cas4_6_CAS-I-II-III-IV-V-VI	JAEXHX010000140_1	160	292	0.0037	13.4	2	481	JAEXHX010000140	1	0.4	0.22602739726027396	-1
Cas5_4_CAS-I-B	JAEXHX010000087_15	535	190	0.0013	15.1	12702	14306	JAEXHX010000087	15	0.21682242990654205	0.49473684210526314	-1
Cas6_0_CAS-I-II-III-IV-V-VI	JAEXHX010000018_11	223	194	5.4e-08	30.2	11095	11763	JAEXHX010000018	11	0.57847533632287	0.711340206185567	1
Cas6_0_CAS-I-II-III-IV-V-VI	JAEXHX010000122_2	37	194	7.5e-10	36.2	1615	1725	JAEXHX010000122	2	0.7567567567567568	0.14948453608247422	-1
Cas6_0_I-III	JAEXHX010000018_11	223	200	2.4e-05	21.5	11095	11763	JAEXHX010000018	11	0.6143497757847534	0.73	1
Cas6_0_I-III	JAEXHX010000122_2	37	200	2.5e-11	41.1	1615	1725	JAEXHX010000122	2	0.8648648648648649	0.17	-1
Cas6_13_CAS-I-II-III-IV-V-VI	JAEXHX010000110_8	857	151	0.069	10.2	7056	9626	JAEXHX010000110	8	0.14819136522753792	0.5496688741721855	1
Cas6_13_CAS-I-II-III-IV-V-VI	JAEXHX010000122_2	37	151	3.6e-13	46.8	1615	1725	JAEXHX010000122	2	0.8918918918918919	0.2185430463576159	-1
Cas6_15_CAS-I-II-III-IV-V-VI	JAEXHX010000122_2	37	112	0.0097	13.2	1615	1725	JAEXHX010000122	2	0.5405405405405406	0.17857142857142858	-1
Cas6_3_CAS-I-II-III-IV-V-VI	JAEXHX010000122_2	37	240	4e-15	53.2	1615	1725	JAEXHX010000122	2	0.918918918918919	0.14166666666666666	-1
Cas6_5_CAS-I-II-III-IV-V-VI	JAEXHX010000018_11	223	219	2.2e-80	266.0	11095	11763	JAEXHX010000018	11	0.9775784753363229	0.9908675799086758	1
Cas6_7_CAS-I-II-III-IV-V-VI	JAEXHX010000122_2	37	241	1.1e-12	45.1	1615	1725	JAEXHX010000122	2	0.8378378378378378	0.12863070539419086	-1
Cas6_7_IV	JAEXHX010000122_2	37	262	9.4e-11	38.5	1615	1725	JAEXHX010000122	2	0.8108108108108109	0.11450381679389313	-1
Cas6_8_CAS-I-II-III-IV-V-VI	JAEXHX010000122_2	37	275	0.00036	16.7	1615	1725	JAEXHX010000122	2	0.6486486486486487	0.08727272727272728	-1
Cas6_9_CAS-I-II-III-IV-V-VI	JAEXHX010000007_5	289	206	0.00028	17.2	3273	4139	JAEXHX010000007	5	0.4602076124567474	0.5194174757281553	-1
Cas7_0_CAS-I-F	JAEXHX010000107_25	133	315	0.012	11.5	20259	20657	JAEXHX010000107	25	0.3082706766917293	0.13015873015873017	1
Cas7_1_CAS-I-E	JAEXHX010000068_2	493	359	1.7	4.7	829	2307	JAEXHX010000068	2	0.24543610547667344	0.2590529247910863	1
Cas7_1_CAS-I-U	JAEXHX010000077_5	661	168	0.037	10.8	3187	5169	JAEXHX010000077	5	0.1951588502269289	0.42857142857142855	-1
Cas8a1_2_IB	JAEXHX010000047_7	86	441	0.00059	15.6	8251	8508	JAEXHX010000047	7	0.5813953488372093	0.11564625850340136	1
Cas8b10_0_CAS-I-B	JAEXHX010000045_3	425	618	0.0073	11.7	3004	4278	JAEXHX010000045	3	0.1952941176470588	0.13106796116504854	1
Cas8b2_2_CAS-I-B	JAEXHX010000047_7	86	441	0.0006	15.6	8251	8508	JAEXHX010000047	7	0.5813953488372093	0.11564625850340136	1
Cas8b2_3_CAS-I-B	JAEXHX010000011_8	130	441	0.00013	17.7	6324	6713	JAEXHX010000011	8	0.7384615384615385	0.21541950113378686	1
Cas8b2_3_CAS-I-B	JAEXHX010000047_7	86	441	0.00056	15.6	8251	8508	JAEXHX010000047	7	0.5813953488372093	0.11564625850340136	1
Cas8b2_4_CAS-I-B	JAEXHX010000080_7	184	65	4.7	4.3	3167	3718	JAEXHX010000080	7	0.358695652173913	0.47692307692307695	-1
Cas8b2_4_CAS-I-B	JAEXHX010000121_1	50	65	0.042	10.9	197	346	JAEXHX010000121	1	0.7	0.5384615384615384	-1
Cas8b2_8_CAS-I-B	JAEXHX010000012_6	995	70	0.014	12.4	11198	14182	JAEXHX010000012	6	0.027135678391959798	0.38571428571428573	-1
Cas8b2_8_CAS-I-B	JAEXHX010000121_1	50	70	0.053	10.5	197	346	JAEXHX010000121	1	0.56	0.4	-1
CasR_0_CAS-I-II-III-IV-V-VI	JAEXHX010000002_2	159	198	0.00024	17.5	1675	2151	JAEXHX010000002	2	0.32075471698113206	0.25757575757575757	1
CasR_0_CAS-I-II-III-IV-V-VI	JAEXHX010000003_13	254	198	2.8e-06	23.8	16382	17143	JAEXHX010000003	13	0.20078740157480315	0.26262626262626265	1
CasR_0_CAS-I-II-III-IV-V-VI	JAEXHX010000006_8	174	198	0.0032	13.8	5346	5867	JAEXHX010000006	8	0.5574712643678161	0.3383838383838384	-1
CasR_0_CAS-I-II-III-IV-V-VI	JAEXHX010000018_2	96	198	5.2e-05	19.6	1975	2262	JAEXHX010000018	2	0.6666666666666666	0.31313131313131315	1
CasR_0_CAS-I-II-III-IV-V-VI	JAEXHX010000025_2	150	198	0.014	11.7	582	1031	JAEXHX010000025	2	0.18	0.1414141414141414	-1
CasR_0_CAS-I-II-III-IV-V-VI	JAEXHX010000034_9	484	198	0.0018	14.6	3439	4890	JAEXHX010000034	9	0.11363636363636363	0.2676767676767677	1
CasR_0_CAS-I-II-III-IV-V-VI	JAEXHX010000053_1	140	198	0.0054	13.0	3	422	JAEXHX010000053	1	0.7214285714285714	0.5202020202020202	1
CasR_0_CAS-I-II-III-IV-V-VI	JAEXHX010000080_11	90	198	1.7e-08	31.0	6561	6830	JAEXHX010000080	11	0.8	0.35353535353535354	1
CasR_0_CAS-I-II-III-IV-V-VI	JAEXHX010000095_1	301	198	0.0029	13.9	37	939	JAEXHX010000095	1	0.22591362126245848	0.3181818181818182	-1
CasR_0_CAS-I-II-III-IV-V-VI	JAEXHX010000097_8	149	198	1.2e-07	28.2	5441	5887	JAEXHX010000097	8	0.5100671140939598	0.3686868686868687	1
CasR_0_CAS-I-II-III-IV-V-VI	JAEXHX010000101_33	119	198	0.00027	17.3	35302	35658	JAEXHX010000101	33	0.5966386554621849	0.35858585858585856	-1
CasR_0_CAS-I-II-III-IV-V-VI	JAEXHX010000113_7	195	198	0.0023	14.3	6163	6747	JAEXHX010000113	7	0.2564102564102564	0.25757575757575757	-1
CasR_0_CAS-I-II-III-IV-V-VI	JAEXHX010000115_10	97	198	5.5e-05	19.5	7453	7743	JAEXHX010000115	10	0.5773195876288659	0.2777777777777778	1
CasR_0_CAS-I-II-III-IV-V-VI	JAEXHX010000115_8	263	198	0.0029	13.9	5853	6641	JAEXHX010000115	8	0.23193916349809887	0.31313131313131315	1
CasR_0_CAS-I-II-III-IV-V-VI	JAEXHX010000118_6	480	198	8.6e-05	18.9	4144	5583	JAEXHX010000118	6	0.1125	0.26262626262626265	1
CasR_0_CAS-I-II-III-IV-V-VI	JAEXHX010000119_1	142	198	0.0023	14.2	1	426	JAEXHX010000119	1	0.24647887323943662	0.17676767676767677	1
CasR_0_CAS-I-II-III-IV-V-VI	JAEXHX010000136_2	93	198	3.8e-06	23.3	194	472	JAEXHX010000136	2	0.7204301075268817	0.32323232323232326	-1
CasR_0_CAS-III-B	JAEXHX010000136_3	660	480	0.00016	17.2	1089	3068	JAEXHX010000136	3	0.11515151515151516	0.14583333333333334	1
CasR_0_CAS-III-B-III-D	JAEXHX010000018_10	458	255	7.8e-10	35.4	9711	11084	JAEXHX010000018	10	0.30131004366812225	0.3607843137254902	1
CasR_0_CAS-III-B-III-D	JAEXHX010000076_20	268	255	0.44	6.7	17994	18797	JAEXHX010000076	20	0.40298507462686567	0.27058823529411763	1
CasR_1_CAS-I-II-III-IV-V-VI	JAEXHX010000002_2	159	218	1.7e-05	20.8	1675	2151	JAEXHX010000002	2	0.3270440251572327	0.23853211009174313	1
CasR_1_CAS-I-II-III-IV-V-VI	JAEXHX010000003_13	254	218	1.4e-06	24.3	16382	17143	JAEXHX010000003	13	0.18110236220472442	0.21559633027522937	1
CasR_1_CAS-I-II-III-IV-V-VI	JAEXHX010000006_8	174	218	0.0024	13.7	5346	5867	JAEXHX010000006	8	0.45977011494252873	0.23394495412844038	-1
CasR_1_CAS-I-II-III-IV-V-VI	JAEXHX010000018_2	96	218	2.3e-06	23.6	1975	2262	JAEXHX010000018	2	0.78125	0.3348623853211009	1
CasR_1_CAS-I-II-III-IV-V-VI	JAEXHX010000025_2	150	218	0.013	11.3	582	1031	JAEXHX010000025	2	0.17333333333333334	0.12385321100917432	-1
CasR_1_CAS-I-II-III-IV-V-VI	JAEXHX010000029_38	257	218	0.00066	15.6	34458	35228	JAEXHX010000029	38	0.4357976653696498	0.5412844036697247	-1
CasR_1_CAS-I-II-III-IV-V-VI	JAEXHX010000069_10	515	218	0.00019	17.3	9381	10925	JAEXHX010000069	10	0.17475728155339806	0.27522935779816515	1
CasR_1_CAS-I-II-III-IV-V-VI	JAEXHX010000075_6	267	218	0.0018	14.2	6210	7010	JAEXHX010000075	6	0.40823970037453183	0.47706422018348627	-1
CasR_1_CAS-I-II-III-IV-V-VI	JAEXHX010000080_11	90	218	6.2e-10	35.3	6561	6830	JAEXHX010000080	11	0.8555555555555555	0.3440366972477064	1
CasR_1_CAS-I-II-III-IV-V-VI	JAEXHX010000097_8	149	218	2.2e-07	26.9	5441	5887	JAEXHX010000097	8	0.5167785234899329	0.3532110091743119	1
CasR_1_CAS-I-II-III-IV-V-VI	JAEXHX010000101_33	119	218	0.00038	16.4	35302	35658	JAEXHX010000101	33	0.5294117647058824	0.29357798165137616	-1
CasR_1_CAS-I-II-III-IV-V-VI	JAEXHX010000113_7	195	218	0.00011	18.1	6163	6747	JAEXHX010000113	7	0.441025641025641	0.3532110091743119	-1
CasR_1_CAS-I-II-III-IV-V-VI	JAEXHX010000115_10	97	218	0.00014	17.8	7453	7743	JAEXHX010000115	10	0.6804123711340206	0.30275229357798167	1
CasR_1_CAS-I-II-III-IV-V-VI	JAEXHX010000115_8	263	218	7.5e-05	18.7	5853	6641	JAEXHX010000115	8	0.2509505703422053	0.3211009174311927	1
CasR_1_CAS-I-II-III-IV-V-VI	JAEXHX010000118_6	480	218	0.00039	16.3	4144	5583	JAEXHX010000118	6	0.11875	0.25229357798165136	1
CasR_1_CAS-I-II-III-IV-V-VI	JAEXHX010000119_1	142	218	0.00099	15.0	1	426	JAEXHX010000119	1	0.34507042253521125	0.22477064220183487	1
CasR_1_CAS-I-II-III-IV-V-VI	JAEXHX010000130_16	135	218	0.0081	12.0	10319	10723	JAEXHX010000130	16	0.7185185185185186	0.28440366972477066	1
CasR_1_CAS-I-II-III-IV-V-VI	JAEXHX010000136_2	93	218	1.3e-07	27.7	194	472	JAEXHX010000136	2	0.8064516129032258	0.3302752293577982	-1
CasR_1_CAS-I-II-III-IV-V-VI	JAEXHX010000140_4	268	218	0.0029	13.5	3271	4074	JAEXHX010000140	4	0.20149253731343283	0.24770642201834864	-1
Cmr1gr7_6_CAS-III-B-III-C	JAEXHX010000060_2	300	81	0.024	11.8	602	1501	JAEXHX010000060	2	0.18333333333333332	0.4567901234567901	-1
Cmr1gr7_7_CAS-III-B-III-C	JAEXHX010000018_7	241	346	0.00041	16.6	6882	7604	JAEXHX010000018	7	0.3112033195020747	0.22254335260115607	1
Cmr1gr7_7_CAS-III-B-III-C	JAEXHX010000122_2	37	346	0.0048	13.0	1615	1725	JAEXHX010000122	2	0.6756756756756757	0.07514450867052024	-1
Cmr3_0_IIIC	JAEXHX010000018_7	241	287	0.012	11.6	6882	7604	JAEXHX010000018	7	0.24481327800829875	0.1951219512195122	1
Cmr3_0_IIIC	JAEXHX010000018_9	368	287	0.00021	17.4	8597	9700	JAEXHX010000018	9	0.3016304347826087	0.39372822299651566	1
Cmr3gr5_6_CAS-III-B-III-C	JAEXHX010000018_9	368	285	0.0002	17.4	8597	9700	JAEXHX010000018	9	0.3233695652173913	0.37894736842105264	1
Cmr4_0_IIIB	JAEXHX010000018_7	241	283	4.9e-12	42.9	6882	7604	JAEXHX010000018	7	0.5352697095435685	0.47703180212014135	1
Cmr4_1_IIIB	JAEXHX010000018_7	241	281	2.1e-11	40.7	6882	7604	JAEXHX010000018	7	0.5394190871369294	0.4804270462633452	1
Cmr4_1_IIIB	JAEXHX010000018_9	368	281	0.0052	13.1	8597	9700	JAEXHX010000018	9	0.21195652173913043	0.298932384341637	1
Cmr4_1_IIIB	JAEXHX010000072_6	349	281	0.0074	12.6	4106	5152	JAEXHX010000072	6	0.3008595988538682	0.3736654804270463	-1
Cmr4gr7_0_CAS-III-B-III-C	JAEXHX010000018_7	241	282	2.6e-12	43.7	6882	7604	JAEXHX010000018	7	0.5394190871369294	0.4716312056737589	1
Cmr4gr7_0_CAS-III-B-III-C	JAEXHX010000018_9	368	282	0.0027	14.0	8597	9700	JAEXHX010000018	9	0.16847826086956522	0.2198581560283688	1
Cmr4gr7_0_CAS-III-B-III-C	JAEXHX010000072_6	349	282	0.012	11.9	4106	5152	JAEXHX010000072	6	0.29512893982808025	0.28368794326241137	-1
Cmr4gr7_0_CAS-III-B-III-C	JAEXHX010000076_12	187	282	0.0062	12.9	10507	11067	JAEXHX010000076	12	0.25668449197860965	0.1773049645390071	-1
Cmr4gr7_1_CAS-III-B-III-C	JAEXHX010000018_7	241	309	8.9e-12	41.7	6882	7604	JAEXHX010000018	7	0.6348547717842323	0.48220064724919093	1
Cmr4gr7_1_CAS-III-B-III-C	JAEXHX010000018_9	368	309	1.6e-05	21.2	8597	9700	JAEXHX010000018	9	0.25271739130434784	0.3074433656957929	1
Cmr6_0_IIIB	JAEXHX010000018_7	241	213	2.6e-07	27.4	6882	7604	JAEXHX010000018	7	0.6846473029045643	0.7276995305164319	1
Cmr6_0_IIIB	JAEXHX010000018_9	368	213	2.4e-05	21.0	8597	9700	JAEXHX010000018	9	0.21467391304347827	0.3568075117370892	1
Cmr6_0_IIIC	JAEXHX010000018_7	241	252	1.8e-08	31.1	6882	7604	JAEXHX010000018	7	0.5477178423236515	0.40476190476190477	1
Cmr6_1_IIIB	JAEXHX010000018_7	241	264	0.00015	18.1	6882	7604	JAEXHX010000018	7	0.34439834024896265	0.2727272727272727	1
Cmr6_1_IIIB	JAEXHX010000018_9	368	264	9.8e-06	22.1	8597	9700	JAEXHX010000018	9	0.12771739130434784	0.13257575757575757	1
Cmr6gr7_0_CAS-III-B-III-C	JAEXHX010000018_7	241	544	0.0012	14.5	6882	7604	JAEXHX010000018	7	0.13692946058091288	0.06433823529411764	1
Cmr6gr7_1_CAS-III-B-III-C	JAEXHX010000018_7	241	218	3.7e-11	39.8	6882	7604	JAEXHX010000018	7	0.7966804979253111	0.8394495412844036	1
Cmr6gr7_1_CAS-III-B-III-C	JAEXHX010000018_9	368	218	0.00016	18.1	8597	9700	JAEXHX010000018	9	0.10597826086956522	0.1743119266055046	1
Cmr6gr7_2_CAS-III-B-III-C	JAEXHX010000018_7	241	262	2.4e-06	24.0	6882	7604	JAEXHX010000018	7	0.7095435684647303	0.5992366412213741	1
Cmr6gr7_2_CAS-III-B-III-C	JAEXHX010000018_9	368	262	0.0021	14.4	8597	9700	JAEXHX010000018	9	0.26358695652173914	0.3244274809160305	1
Cmr6gr7_3_CAS-III-B-III-C	JAEXHX010000018_7	241	250	2e-07	27.6	6882	7604	JAEXHX010000018	7	0.5269709543568465	0.42	1
CorA_0_CAS-III-B-III-D	JAEXHX010000022_23	85	551	1.9	3.8	16231	16485	JAEXHX010000022	23	0.8	0.12522686025408347	1
CorA_1_CAS-III-B	JAEXHX010000031_1	175	125	0.034	10.8	219	743	JAEXHX010000031	1	0.5257142857142857	0.68	-1
Csa3_1_CAS-I-II-III-IV-V-VI	JAEXHX010000003_13	254	118	5.2e-10	36.4	16382	17143	JAEXHX010000003	13	0.3188976377952756	0.6440677966101694	1
Csa3_1_CAS-I-II-III-IV-V-VI	JAEXHX010000018_2	96	118	0.0014	15.7	1975	2262	JAEXHX010000018	2	0.6458333333333334	0.5677966101694916	1
Csa3_1_CAS-I-II-III-IV-V-VI	JAEXHX010000080_11	90	118	2.3e-06	24.7	6561	6830	JAEXHX010000080	11	0.7555555555555555	0.6440677966101694	1
Csa3_1_CAS-I-II-III-IV-V-VI	JAEXHX010000101_33	119	118	1.3e-15	54.5	35302	35658	JAEXHX010000101	33	0.7058823529411765	0.788135593220339	-1
Csa3_1_CAS-I-II-III-IV-V-VI	JAEXHX010000113_7	195	118	8.3e-07	26.1	6163	6747	JAEXHX010000113	7	0.40512820512820513	0.6864406779661016	-1
Csa3_1_CAS-I-II-III-IV-V-VI	JAEXHX010000115_10	97	118	0.0039	14.3	7453	7743	JAEXHX010000115	10	0.6185567010309279	0.5338983050847458	1
Csa3_1_CAS-I-II-III-IV-V-VI	JAEXHX010000121_15	560	118	0.0097	13.0	14410	16089	JAEXHX010000121	15	0.11607142857142858	0.5508474576271186	1
Csa5gr11_4_CAS-I-A	JAEXHX010000126_16	117	136	0.11	9.2	10301	10651	JAEXHX010000126	16	0.4444444444444444	0.3014705882352941	1
Csa5gr11_5_CAS-I-A	JAEXHX010000068_6	432	127	0.0093	12.9	4812	6107	JAEXHX010000068	6	0.20601851851851852	0.5590551181102362	1
Csf2_0_IV	JAEXHX010000018_7	241	329	4e-11	39.6	6882	7604	JAEXHX010000018	7	0.6141078838174274	0.47416413373860183	1
Csf4_0_IVA	JAEXHX010000003_15	613	666	9.8e-14	47.5	17943	19781	JAEXHX010000003	15	0.4796084828711256	0.4744744744744745	1
Csf4_0_IVA	JAEXHX010000140_3	430	666	1.2e-06	24.1	1981	3270	JAEXHX010000140	3	0.4418604651162791	0.2807807807807808	1
Csf4_1_IVA1	JAEXHX010000003_15	613	802	3.6e-06	22.1	17943	19781	JAEXHX010000003	15	0.3034257748776509	0.23566084788029926	1
Csf4_1_IVA1	JAEXHX010000073_13	694	802	0.025	9.4	9804	11885	JAEXHX010000073	13	0.26512968299711814	0.24189526184538654	1
Csf4_2_IVA1	JAEXHX010000003_15	613	526	9.8e-05	17.8	17943	19781	JAEXHX010000003	15	0.2234910277324633	0.25665399239543724	1
Csf4_3_IVE	JAEXHX010000003_15	613	648	0.00043	15.7	17943	19781	JAEXHX010000003	15	0.1859706362153344	0.17746913580246915	1
Csm2_0_IIIA	JAEXHX010000018_6	148	96	6e-23	78.3	6415	6858	JAEXHX010000018	6	0.6554054054054054	0.9791666666666666	1
Csm2_1_IIIA	JAEXHX010000018_6	148	139	4.7e-24	81.9	6415	6858	JAEXHX010000018	6	0.8783783783783784	0.920863309352518	1
Csm2gr11_0_CAS-III-A	JAEXHX010000018_6	148	95	5.300000000000001e-22	75.3	6415	6858	JAEXHX010000018	6	0.7027027027027027	0.9894736842105263	1
Csm2gr11_2_CAS-III-A	JAEXHX010000018_6	148	142	8.5e-27	91.0	6415	6858	JAEXHX010000018	6	0.8783783783783784	0.9225352112676056	1
Csm2gr11_6_CAS-III-A	JAEXHX010000018_6	148	139	1.6000000000000002e-22	76.7	6415	6858	JAEXHX010000018	6	0.9256756756756757	0.9640287769784173	1
Csm2gr11_7_CAS-III-A	JAEXHX010000018_6	148	110	7.5e-25	84.8	6415	6858	JAEXHX010000018	6	0.7702702702702703	0.9363636363636364	1
Csm3_0_IIIA	JAEXHX010000018_7	241	203	8.1e-70	231.6	6882	7604	JAEXHX010000018	7	0.8340248962655602	0.9950738916256158	1
Csm3_0_IIIA	JAEXHX010000018_9	368	203	0.0019	14.9	8597	9700	JAEXHX010000018	9	0.059782608695652176	0.10837438423645321	1
Csm3_0_IIIAD	JAEXHX010000018_7	241	650	0.00012	17.7	6882	7604	JAEXHX010000018	7	0.3029045643153527	0.11538461538461539	1
Csm3_0_IIID	JAEXHX010000018_7	241	178	3.3e-14	50.9	6882	7604	JAEXHX010000018	7	0.7676348547717843	0.9887640449438202	1
Csm3_0_IIID	JAEXHX010000018_9	368	178	5.2e-07	27.5	8597	9700	JAEXHX010000018	9	0.5135869565217391	0.8539325842696629	1
Csm3_1_IIIAD	JAEXHX010000018_7	241	189	2.8e-12	43.9	6882	7604	JAEXHX010000018	7	0.7966804979253111	0.9894179894179894	1
Csm3_1_IIIAD	JAEXHX010000018_9	368	189	1e-10	38.8	8597	9700	JAEXHX010000018	9	0.6603260869565217	0.5291005291005291	1
Csm3_1_IIID	JAEXHX010000018_7	241	257	6.1e-64	212.7	6882	7604	JAEXHX010000018	7	0.9294605809128631	0.9105058365758755	1
Csm3_1_IIID	JAEXHX010000018_9	368	257	1.4e-05	21.5	8597	9700	JAEXHX010000018	9	0.11684782608695653	0.16731517509727625	1
Csm3gr7_0_CAS-III-A-III-D	JAEXHX010000018_7	241	210	1.2e-16	57.6	6882	7604	JAEXHX010000018	7	0.5020746887966805	0.5666666666666667	1
Csm3gr7_0_CAS-III-A-III-D	JAEXHX010000018_9	368	210	0.0023	14.2	8597	9700	JAEXHX010000018	9	0.11956521739130435	0.21428571428571427	1
Csm3gr7_0_CAS-III-A-III-D	JAEXHX010000122_2	37	210	0.01	12.0	1615	1725	JAEXHX010000122	2	0.4594594594594595	0.08095238095238096	-1
Csm3gr7_12_CAS-III-A-III-D	JAEXHX010000018_7	241	199	6.7e-15	52.6	6882	7604	JAEXHX010000018	7	0.7966804979253111	0.9949748743718593	1
Csm3gr7_12_CAS-III-A-III-D	JAEXHX010000018_9	368	199	2.4e-13	47.6	8597	9700	JAEXHX010000018	9	0.8152173913043478	0.9396984924623115	1
Csm3gr7_1_CAS-III-A-III-D	JAEXHX010000018_7	241	215	2.5e-74	246.4	6882	7604	JAEXHX010000018	7	0.8879668049792531	0.9906976744186047	1
Csm3gr7_1_CAS-III-A-III-D	JAEXHX010000018_9	368	215	0.0019	14.7	8597	9700	JAEXHX010000018	9	0.05434782608695652	0.09302325581395349	1
Csm3gr7_2_CAS-III-A-III-D	JAEXHX010000018_7	241	180	1.9e-21	74.0	6882	7604	JAEXHX010000018	7	0.7717842323651453	0.9944444444444445	1
Csm3gr7_2_CAS-III-A-III-D	JAEXHX010000018_9	368	180	3.4e-11	40.6	8597	9700	JAEXHX010000018	9	0.453804347826087	0.8555555555555555	1
Csm3gr7_2_CAS-III-A-III-D	JAEXHX010000094_3	609	180	0.0029	14.8	457	2283	JAEXHX010000094	3	0.11001642036124795	0.4111111111111111	-1
Csm3gr7_2_CAS-III-A-III-D	JAEXHX010000125_33	153	180	0.0011	16.1	32559	33017	JAEXHX010000125	33	0.48366013071895425	0.4666666666666667	1
Csm3gr7_4_CAS-III-A-III-D	JAEXHX010000018_7	241	640	1.4e-05	20.9	6882	7604	JAEXHX010000018	7	0.45643153526970953	0.1765625	1
Csm3gr7_8_CAS-III-A-III-D	JAEXHX010000018_7	241	256	5e-65	216.2	6882	7604	JAEXHX010000018	7	0.946058091286307	0.92578125	1
Csm3gr7_8_CAS-III-A-III-D	JAEXHX010000018_9	368	256	3.2e-06	23.5	8597	9700	JAEXHX010000018	9	0.10326086956521739	0.1484375	1
Csm4_0_IIIA	JAEXHX010000018_7	241	302	5e-06	22.7	6882	7604	JAEXHX010000018	7	0.2987551867219917	0.22847682119205298	1
Csm4_0_IIIA	JAEXHX010000018_8	319	302	7.6e-55	183.0	7641	8597	JAEXHX010000018	8	0.9623824451410659	0.9900662251655629	1
Csm4_1_IIIA	JAEXHX010000018_7	241	319	3.8e-05	19.6	6882	7604	JAEXHX010000018	7	0.31950207468879666	0.2413793103448276	1
Csm4_1_IIIA	JAEXHX010000018_8	319	319	7.100000000000001e-45	150.1	7641	8597	JAEXHX010000018	8	0.9811912225705329	0.9467084639498433	1
Csm4gr5_0_CAS-III-A	JAEXHX010000018_7	241	301	7e-06	22.2	6882	7604	JAEXHX010000018	7	0.2987551867219917	0.2292358803986711	1
Csm4gr5_0_CAS-III-A	JAEXHX010000018_8	319	301	1.3e-55	185.5	7641	8597	JAEXHX010000018	8	0.9623824451410659	0.9900332225913622	1
Csm4gr5_0_CAS-III-A-III-D	JAEXHX010000018_8	319	317	3.9999999999999996e-26	88.7	7641	8597	JAEXHX010000018	8	0.9780564263322884	0.9684542586750788	1
Csm4gr5_1_CAS-III-A	JAEXHX010000018_7	241	315	8.5e-07	25.2	6882	7604	JAEXHX010000018	7	0.3278008298755187	0.24761904761904763	1
Csm4gr5_1_CAS-III-A	JAEXHX010000018_8	319	315	8.8e-52	173.0	7641	8597	JAEXHX010000018	8	0.9686520376175548	0.9301587301587302	1
Csm5_0_IIIA	JAEXHX010000018_7	241	364	0.00026	17.2	6882	7604	JAEXHX010000018	7	0.11618257261410789	0.08241758241758242	1
Csm5_0_IIIA	JAEXHX010000018_9	368	364	6.8e-30	101.4	8597	9700	JAEXHX010000018	9	0.967391304347826	0.9972527472527473	1
Csm5_1_IIIA	JAEXHX010000018_9	368	373	6.699999999999999e-35	118.0	8597	9700	JAEXHX010000018	9	0.970108695652174	0.9839142091152815	1
Csm5gr7_0_CAS-III-A-III-D	JAEXHX010000018_7	241	365	0.00016	17.7	6882	7604	JAEXHX010000018	7	0.29045643153526973	0.19452054794520549	1
Csm5gr7_0_CAS-III-A-III-D	JAEXHX010000018_9	368	365	2e-31	106.2	8597	9700	JAEXHX010000018	9	0.967391304347826	0.9972602739726028	1
Csm5gr7_1_CAS-III-A-III-D	JAEXHX010000018_7	241	369	0.00013	18.5	6882	7604	JAEXHX010000018	7	0.3112033195020747	0.21138211382113822	1
Csm5gr7_1_CAS-III-A-III-D	JAEXHX010000018_9	368	369	1.2e-40	137.1	8597	9700	JAEXHX010000018	9	0.9755434782608695	0.989159891598916	1
Csm5gr7_3_CAS-III-A-III-D	JAEXHX010000018_9	368	391	1.5999999999999999e-24	83.3	8597	9700	JAEXHX010000018	9	0.9918478260869565	0.9820971867007673	1
Csn2_0_CAS-II-C	JAEXHX010000073_1	145	328	0.00051	16.0	3	437	JAEXHX010000073	1	0.5241379310344828	0.2530487804878049	1
Csn2_3_CAS-II-A	JAEXHX010000064_4	353	219	0.00053	16.4	2794	3852	JAEXHX010000064	4	0.22096317280453256	0.3424657534246575	-1
Csn2_7_CAS-II-A	JAEXHX010000025_15	268	372	1.1e-05	21.3	19264	20067	JAEXHX010000025	15	0.4925373134328358	0.3629032258064516	-1
Csn2_7_CAS-II-A	JAEXHX010000046_3	235	372	0.0012	14.6	3378	4082	JAEXHX010000046	3	0.46808510638297873	0.30376344086021506	-1
Csn2_7_CAS-II-A	JAEXHX010000061_19	532	372	0.0039	12.9	16353	17948	JAEXHX010000061	19	0.15789473684210525	0.22311827956989247	1
Csx10_0_IIID	JAEXHX010000018_7	241	402	0.0059	12.4	6882	7604	JAEXHX010000018	7	0.34439834024896265	0.1865671641791045	1
Csx10gr5_1_CAS-III-D	JAEXHX010000018_7	241	393	0.013	11.4	6882	7604	JAEXHX010000018	7	0.2697095435684647	0.16030534351145037	1
Csx19_0_CAS-III-D	JAEXHX010000023_11	549	143	0.0043	13.7	8568	10214	JAEXHX010000023	11	0.14389799635701275	0.5524475524475524	1
Csx19_13_CAS-III-D	JAEXHX010000141_8	247	136	0.011	12.5	5039	5779	JAEXHX010000141	8	0.21052631578947367	0.36764705882352944	1
Csx19_9_CAS-III-D	JAEXHX010000044_16	233	136	0.0055	13.3	13892	14590	JAEXHX010000044	16	0.41630901287553645	0.375	-1
Csx1_15_CAS-III	JAEXHX010000018_10	458	474	0.00074	15.2	9711	11084	JAEXHX010000018	10	0.48253275109170307	0.46624472573839665	1
Csx1_16_CAS-III	JAEXHX010000082_5	305	420	3e-06	22.9	2001	2915	JAEXHX010000082	5	0.2262295081967213	0.14523809523809525	-1
Csx1_20_CAS-III	JAEXHX010000018_10	458	379	2e-69	230.9	9711	11084	JAEXHX010000018	10	0.9213973799126638	0.9947229551451188	1
Csx1_4_CAS-III	JAEXHX010000018_10	458	380	4.4e-55	183.6	9711	11084	JAEXHX010000018	10	0.9213973799126638	0.9921052631578947	1
Csx1_5_CAS-III	JAEXHX010000078_6	408	132	0.0015	15.3	5310	6533	JAEXHX010000078	6	0.16911764705882354	0.5303030303030303	-1
Csx1_9_CAS-III	JAEXHX010000018_10	458	378	7.1e-69	229.2	9711	11084	JAEXHX010000018	10	0.9235807860262009	0.9947089947089947	1
Csx21_0_CAS-III-A	JAEXHX010000003_20	191	210	0.01	12.0	22087	22659	JAEXHX010000003	20	0.3089005235602094	0.18571428571428572	-1
Csx21_0_CAS-III-A-III-D	JAEXHX010000003_20	191	210	0.0066	12.6	22087	22659	JAEXHX010000003	20	0.2879581151832461	0.16666666666666666	-1
Csx3_2_CAS-I-III	JAEXHX010000047_3	365	277	0.0012	14.8	5285	6379	JAEXHX010000047	3	0.08493150684931507	0.11913357400722022	1
Csx3_2_CAS-I-III	JAEXHX010000078_1	336	277	0.0012	14.7	151	1158	JAEXHX010000078	1	0.10119047619047619	0.1299638989169675	1
Csx3_2_CAS-I-III	JAEXHX010000136_3	660	277	0.0034	13.2	1089	3068	JAEXHX010000136	3	0.10303030303030303	0.20938628158844766	1
CysH_0_IVB	JAEXHX010000030_10	227	249	0.014	11.7	14216	14896	JAEXHX010000030	10	0.23788546255506607	0.21686746987951808	1
CysH_0_IVB	JAEXHX010000035_6	313	249	1.1e-06	25.2	2773	3711	JAEXHX010000035	6	0.48242811501597443	0.4578313253012048	1
CysH_0_IVB	JAEXHX010000056_6	337	249	0.00017	18.1	2919	3929	JAEXHX010000056	6	0.486646884272997	0.46987951807228917	1
CysH_0_IVB	JAEXHX010000084_10	382	249	0.0015	15.0	8651	9796	JAEXHX010000084	10	0.1649214659685864	0.24096385542168675	1
CysH_0_IVB	JAEXHX010000087_12	306	249	2.4e-05	20.8	9674	10591	JAEXHX010000087	12	0.2222222222222222	0.26506024096385544	-1
HEAT_CxxC_PDDEXK_0_CAS-I-C	JAEXHX010000029_5	155	288	6.9e-05	18.8	3444	3908	JAEXHX010000029	5	0.6387096774193548	0.2708333333333333	-1
HTH_0_CAS-III-A	JAEXHX010000029_42	315	364	5.6e-05	19.1	37923	38867	JAEXHX010000029	42	0.23492063492063492	0.20054945054945056	1
Mem_03_0_CAS-III-D	JAEXHX010000003_23	448	286	2.0	4.4	24407	25750	JAEXHX010000003	23	0.3325892857142857	0.4090909090909091	1
RecD_0_IVD	JAEXHX010000047_16	471	763	0.00023	16.0	11978	13390	JAEXHX010000047	16	0.25477707006369427	0.14941022280471822	1
TPR_0_CAS-III-A	JAEXHX010000080_25	390	435	1.1e-84	281.6	15824	16993	JAEXHX010000080	25	0.9794871794871794	0.9195402298850575	-1
TPR_1_CAS-III-A	JAEXHX010000009_5	249	462	0.013	10.9	2696	3442	JAEXHX010000009	5	0.3413654618473896	0.12554112554112554	-1
TPR_1_CAS-III-A	JAEXHX010000088_22	379	462	0.00068	15.1	16073	17209	JAEXHX010000088	22	0.24538258575197888	0.08658008658008658	1
TPR_1_CAS-III-B	JAEXHX010000009_5	249	537	0.0036	12.7	2696	3442	JAEXHX010000009	5	0.2971887550200803	0.13966480446927373	-1
TPR_1_CAS-III-B	JAEXHX010000088_22	379	537	5.7e-05	18.7	16073	17209	JAEXHX010000088	22	0.5408970976253298	0.32774674115456237	1
TPR_1_CAS-III-B	JAEXHX010000125_31	335	537	0.022	10.2	29747	30751	JAEXHX010000125	31	0.41194029850746267	0.297951582867784	-1
TniQ_1_I-F	JAEXHX010000027_23	405	400	0.013	11.2	11487	12701	JAEXHX010000027	23	0.12839506172839507	0.1275	-1
TniQ_1_I-F	JAEXHX010000080_6	159	400	0.25	7.0	2661	3137	JAEXHX010000080	6	0.18238993710691823	0.07	-1
TnpB_0_Competitive	JAEXHX010000082_1	175	400	0.11	8.1	254	778	JAEXHX010000082	1	0.5771428571428572	0.2475	1
TnpB_1_Competitive	JAEXHX010000080_6	159	409	0.12	7.7	2661	3137	JAEXHX010000080	6	0.15723270440251572	0.061124694376528114	-1
TnpB_1_Competitive	JAEXHX010000080_9	309	409	0.0015	14.0	4879	5805	JAEXHX010000080	9	0.19741100323624594	0.15158924205378974	-1
TnpB_1_Competitive	JAEXHX010000082_1	175	409	1.0	4.7	254	778	JAEXHX010000082	1	0.2914285714285714	0.08801955990220049	1
htpX_0_CAS-III-B	JAEXHX010000075_3	320	343	2.8e-10	36.5	1001	1960	JAEXHX010000075	3	0.403125	0.37900874635568516	1
