Contig	Start	End	Strand	Pos
JALVPN010000001	3	509	-1	1
JALVPN010000001	772	1746	1	2
JALVPN010000001	1903	2592	-1	3
JALVPN010000002	2	859	1	1
JALVPN010000002	843	1931	-1	2
JALVPN010000002	2150	2584	1	3
JALVPN010000003	1	1083	-1	1
JALVPN010000003	1058	2392	-1	2
JALVPN010000003	2402	4168	-1	3
JALVPN010000003	4178	5500	-1	4
JALVPN010000003	6016	6711	1	5
JALVPN010000003	6807	8573	1	6
JALVPN010000003	8633	8998	-1	7
JALVPN010000003	9093	10208	-1	8
JALVPN010000003	10210	11016	-1	9
JALVPN010000003	11054	12166	-1	10
JALVPN010000003	12176	14278	-1	11
JALVPN010000003	15167	15523	1	12
JALVPN010000003	15674	16030	1	13
JALVPN010000003	16269	16793	1	14
JALVPN010000003	17128	18321	1	15
JALVPN010000003	18318	18932	-1	16
JALVPN010000003	18932	19375	-1	17
JALVPN010000003	19417	19956	-1	18
JALVPN010000003	20544	21071	-1	19
JALVPN010000003	21197	21646	1	20
JALVPN010000004	1	318	1	1
JALVPN010000004	447	878	1	2
JALVPN010000004	1267	1995	1	3
JALVPN010000004	2010	2564	1	4
JALVPN010000005	1	492	-1	1
JALVPN010000005	502	1680	-1	2
JALVPN010000005	1680	1955	-1	3
JALVPN010000005	2150	2341	-1	4
JALVPN010000006	147	602	1	1
JALVPN010000006	1058	1942	-1	2
JALVPN010000006	1954	2391	-1	3
JALVPN010000006	2391	3083	-1	4
JALVPN010000006	3149	3388	-1	5
JALVPN010000006	3400	6105	-1	6
JALVPN010000006	6384	7400	-1	7
JALVPN010000006	7400	9448	-1	8
JALVPN010000006	9442	10548	-1	9
JALVPN010000006	11139	12872	1	10
JALVPN010000006	12829	13290	1	11
JALVPN010000006	14089	14268	-1	12
JALVPN010000006	14345	15460	-1	13
JALVPN010000006	15442	16362	-1	14
JALVPN010000006	16359	17411	-1	15
JALVPN010000006	18149	20242	1	16
JALVPN010000006	20420	21499	1	17
JALVPN010000007	1	765	-1	1
JALVPN010000007	925	1137	1	2
JALVPN010000007	1066	1602	-1	3
JALVPN010000007	1948	2961	-1	4
JALVPN010000007	3123	4151	-1	5
JALVPN010000007	4148	4822	-1	6
JALVPN010000007	4842	5798	-1	7
JALVPN010000007	5822	6910	-1	8
JALVPN010000007	7165	8013	-1	9
JALVPN010000007	8047	8547	-1	10
JALVPN010000007	8567	9691	-1	11
JALVPN010000007	9810	10217	-1	12
JALVPN010000007	10252	12069	-1	13
JALVPN010000007	12211	13809	1	14
JALVPN010000007	13983	15452	-1	15
JALVPN010000007	15853	18600	1	16
JALVPN010000007	18917	19870	1	17
JALVPN010000007	20285	21286	-1	18
JALVPN010000008	113	571	-1	1
JALVPN010000008	691	1281	-1	2
JALVPN010000008	1622	2356	1	3
JALVPN010000008	2403	3335	-1	4
JALVPN010000008	3464	3676	1	5
JALVPN010000008	3634	4155	-1	6
JALVPN010000008	4246	4533	-1	7
JALVPN010000008	4530	5336	-1	8
JALVPN010000008	5801	7246	-1	9
JALVPN010000008	7300	7698	-1	10
JALVPN010000009	115	1095	1	1
JALVPN010000009	1101	1583	1	2
JALVPN010000009	1731	1949	1	3
JALVPN010000009	2018	2923	1	4
JALVPN010000009	3030	4934	-1	5
JALVPN010000009	4952	5356	-1	6
JALVPN010000009	5559	5954	1	7
JALVPN010000009	6188	7405	-1	8
JALVPN010000009	7433	7615	1	9
JALVPN010000010	181	882	1	1
JALVPN010000010	879	1937	-1	2
JALVPN010000010	2136	2477	-1	3
JALVPN010000011	76	624	1	1
JALVPN010000011	815	1324	1	2
JALVPN010000011	1459	2817	1	3
JALVPN010000011	2866	3225	-1	4
JALVPN010000011	3200	3715	-1	5
JALVPN010000011	3852	4481	-1	6
JALVPN010000011	4484	5506	-1	7
JALVPN010000011	5605	6396	1	8
JALVPN010000011	6597	7205	1	9
JALVPN010000011	7274	7612	-1	10
JALVPN010000012	1	306	1	1
JALVPN010000012	303	881	1	2
JALVPN010000012	878	2026	1	3
JALVPN010000012	1974	2687	-1	4
JALVPN010000012	2756	3160	1	5
JALVPN010000012	3162	3593	1	6
JALVPN010000012	3590	5092	1	7
JALVPN010000012	5105	7306	1	8
JALVPN010000012	7308	8852	1	9
JALVPN010000012	8857	10359	1	10
JALVPN010000012	10385	10672	-1	11
JALVPN010000012	10884	12029	1	12
JALVPN010000012	12332	14710	-1	13
JALVPN010000012	14918	15715	1	14
JALVPN010000012	15581	16915	-1	15
JALVPN010000012	16875	18938	-1	16
JALVPN010000012	19311	20408	1	17
JALVPN010000012	20405	20794	1	18
JALVPN010000012	20848	21102	-1	19
JALVPN010000013	1	69	-1	1
JALVPN010000013	376	744	1	2
JALVPN010000013	754	2667	-1	3
JALVPN010000013	3163	4191	1	4
JALVPN010000013	4407	4541	1	5
JALVPN010000013	4792	6822	1	6
JALVPN010000013	6864	7583	1	7
JALVPN010000014	94	528	-1	1
JALVPN010000014	545	1264	-1	2
JALVPN010000014	1372	2412	-1	3
JALVPN010000014	2498	3070	1	4
JALVPN010000014	3246	5594	-1	5
JALVPN010000014	5712	6287	1	6
JALVPN010000014	6284	6634	-1	7
JALVPN010000014	7188	7583	1	8
JALVPN010000015	3	1079	-1	1
JALVPN010000015	1102	1731	-1	2
JALVPN010000015	1875	2237	-1	3
JALVPN010000015	2278	2778	1	4
JALVPN010000015	2742	4679	-1	5
JALVPN010000015	5193	5975	-1	6
JALVPN010000015	7038	7571	1	7
JALVPN010000016	2	346	-1	1
JALVPN010000016	336	2462	-1	2
JALVPN010000017	1	345	1	1
JALVPN010000017	342	2903	1	2
JALVPN010000017	3160	5031	-1	3
JALVPN010000017	5006	6910	-1	4
JALVPN010000017	7285	7545	-1	5
JALVPN010000018	3	359	-1	1
JALVPN010000018	893	1531	1	2
JALVPN010000018	1534	2430	1	3
JALVPN010000019	10	303	-1	1
JALVPN010000019	305	1348	-1	2
JALVPN010000019	1539	2402	1	3
JALVPN010000020	29	2386	-1	1
JALVPN010000021	8	1876	1	1
JALVPN010000021	1940	2362	1	2
JALVPN010000021	2469	3446	-1	3
JALVPN010000021	4019	5926	1	4
JALVPN010000021	6268	6561	-1	5
JALVPN010000021	6567	7331	-1	6
JALVPN010000022	1	1470	1	1
JALVPN010000022	1661	2110	1	2
JALVPN010000022	2188	3402	1	3
JALVPN010000022	3392	3850	-1	4
JALVPN010000022	3878	5872	-1	5
JALVPN010000022	6210	6704	-1	6
JALVPN010000022	6733	7293	1	7
JALVPN010000023	2	994	-1	1
JALVPN010000023	2085	2264	-1	2
JALVPN010000024	1	675	-1	1
JALVPN010000024	900	1424	1	2
JALVPN010000024	1727	2827	1	3
JALVPN010000024	2809	3654	-1	4
JALVPN010000024	4217	4483	-1	5
JALVPN010000024	4858	5580	-1	6
JALVPN010000024	6074	7156	1	7
JALVPN010000025	1	495	-1	1
JALVPN010000025	896	1966	-1	2
JALVPN010000025	1906	2487	-1	3
JALVPN010000025	2862	4259	-1	4
JALVPN010000025	4444	6249	-1	5
JALVPN010000025	6484	6975	1	6
JALVPN010000025	6972	8921	1	7
JALVPN010000025	8932	10050	1	8
JALVPN010000025	10190	11461	-1	9
JALVPN010000025	11507	12394	-1	10
JALVPN010000025	12487	12768	1	11
JALVPN010000025	12805	14193	1	12
JALVPN010000025	14348	15994	-1	13
JALVPN010000025	15991	17175	-1	14
JALVPN010000025	17626	18117	1	15
JALVPN010000025	18114	19793	1	16
JALVPN010000026	2	202	1	1
JALVPN010000026	202	603	1	2
JALVPN010000026	666	2003	-1	3
JALVPN010000026	2019	2279	-1	4
JALVPN010000026	2390	2917	1	5
JALVPN010000026	2917	3159	1	6
JALVPN010000026	3494	4495	-1	7
JALVPN010000026	4529	4807	-1	8
JALVPN010000026	4928	5467	-1	9
JALVPN010000026	5629	5889	-1	10
JALVPN010000026	5999	6547	-1	11
JALVPN010000026	6555	6995	-1	12
JALVPN010000027	1	1230	-1	1
JALVPN010000027	1321	2238	1	2
JALVPN010000027	2359	3222	1	3
JALVPN010000027	3234	4826	-1	4
JALVPN010000027	5098	6777	-1	5
JALVPN010000027	7267	8151	1	6
JALVPN010000027	8231	9544	1	7
JALVPN010000027	9586	10539	1	8
JALVPN010000027	10732	11493	1	9
JALVPN010000027	11577	11741	1	10
JALVPN010000027	12118	12687	1	11
JALVPN010000027	12773	14587	-1	12
JALVPN010000027	14629	14946	-1	13
JALVPN010000027	15126	17111	1	14
JALVPN010000027	17125	17895	1	15
JALVPN010000027	17890	18621	-1	16
JALVPN010000027	18639	18959	-1	17
JALVPN010000027	19169	19450	1	18
JALVPN010000028	1	663	1	1
JALVPN010000028	1068	3560	1	2
JALVPN010000028	3710	4363	1	3
JALVPN010000028	4579	5901	-1	4
JALVPN010000028	6067	7317	-1	5
JALVPN010000028	7541	8548	-1	6
JALVPN010000028	8567	9217	1	7
JALVPN010000028	9253	10254	1	8
JALVPN010000028	10544	12208	1	9
JALVPN010000028	12344	13225	1	10
JALVPN010000028	13225	14196	1	11
JALVPN010000028	14432	15793	-1	12
JALVPN010000028	16001	16924	-1	13
JALVPN010000028	17199	19415	-1	14
JALVPN010000029	1	249	-1	1
JALVPN010000029	236	1087	-1	2
JALVPN010000029	1092	2099	-1	3
JALVPN010000029	2099	2407	-1	4
JALVPN010000029	2404	2766	-1	5
JALVPN010000029	3012	3653	-1	6
JALVPN010000029	3749	4102	-1	7
JALVPN010000029	4083	4508	-1	8
JALVPN010000029	4732	6084	1	9
JALVPN010000029	6071	6709	1	10
JALVPN010000029	6685	6828	1	11
JALVPN010000030	1	1995	1	1
JALVPN010000030	2119	2184	-1	2
JALVPN010000031	2	361	1	1
JALVPN010000031	378	1502	1	2
JALVPN010000031	1800	2612	1	3
JALVPN010000031	2952	4127	1	4
JALVPN010000031	4121	4552	1	5
JALVPN010000031	4776	5114	-1	6
JALVPN010000031	5331	5666	-1	7
JALVPN010000031	5716	5946	1	8
JALVPN010000031	5901	6686	1	9
JALVPN010000031	6732	7667	-1	10
JALVPN010000031	7802	8023	1	11
JALVPN010000031	8316	8477	1	12
JALVPN010000031	8852	9775	1	13
JALVPN010000031	9881	10852	1	14
JALVPN010000031	10945	11445	-1	15
JALVPN010000031	11545	12723	-1	16
JALVPN010000031	12840	13703	-1	17
JALVPN010000031	13758	15719	-1	18
JALVPN010000031	15868	16317	-1	19
JALVPN010000031	16537	16896	1	20
JALVPN010000031	16936	17343	1	21
JALVPN010000031	17340	17834	1	22
JALVPN010000031	17935	21831	-1	23
JALVPN010000031	21892	22698	-1	24
JALVPN010000031	22958	24070	-1	25
JALVPN010000031	24210	25028	-1	26
JALVPN010000031	25031	26281	-1	27
JALVPN010000031	26533	27234	1	28
JALVPN010000031	27591	28022	-1	29
JALVPN010000031	28134	28622	-1	30
JALVPN010000031	28703	29368	1	31
JALVPN010000031	29775	30518	1	32
JALVPN010000031	30515	31345	-1	33
JALVPN010000031	31652	32770	1	34
JALVPN010000031	32775	33461	1	35
JALVPN010000031	33451	34440	-1	36
JALVPN010000031	34492	35226	-1	37
JALVPN010000031	35223	36158	-1	38
JALVPN010000031	36192	36353	1	39
JALVPN010000031	36297	37136	-1	40
JALVPN010000031	37545	38588	1	41
JALVPN010000031	38585	38818	1	42
JALVPN010000031	38891	39253	-1	43
JALVPN010000031	39525	39851	1	44
JALVPN010000031	40072	43908	-1	45
JALVPN010000031	43997	44866	-1	46
JALVPN010000031	45302	46009	-1	47
JALVPN010000031	46302	47249	-1	48
JALVPN010000031	47540	48985	1	49
JALVPN010000031	48956	49042	-1	50
JALVPN010000032	2	154	1	1
JALVPN010000032	183	1526	-1	2
JALVPN010000032	1519	2376	-1	3
JALVPN010000032	2373	2879	-1	4
JALVPN010000032	2996	3925	1	5
JALVPN010000032	3950	4765	-1	6
JALVPN010000032	4909	5550	-1	7
JALVPN010000032	5611	6051	-1	8
JALVPN010000032	6174	6548	1	9
JALVPN010000032	6581	6781	1	10
JALVPN010000033	1	96	1	1
JALVPN010000033	667	765	1	2
JALVPN010000033	943	2169	-1	3
JALVPN010000034	2	751	-1	1
JALVPN010000034	873	1319	-1	2
JALVPN010000034	1475	1783	-1	3
JALVPN010000034	1889	2167	-1	4
JALVPN010000035	1	741	1	1
JALVPN010000035	826	1209	-1	2
JALVPN010000035	1334	2185	1	3
JALVPN010000035	2291	2968	-1	4
JALVPN010000035	3027	4211	-1	5
JALVPN010000035	4202	4501	-1	6
JALVPN010000035	4517	4867	-1	7
JALVPN010000035	4887	5258	-1	8
JALVPN010000035	5906	6751	1	9
JALVPN010000036	87	674	-1	1
JALVPN010000036	867	1499	-1	2
JALVPN010000036	1496	1774	-1	3
JALVPN010000036	1866	2159	-1	4
JALVPN010000037	2	850	-1	1
JALVPN010000037	1121	2143	-1	2
JALVPN010000038	2	916	-1	1
JALVPN010000038	1030	1443	1	2
JALVPN010000038	1567	2637	1	3
JALVPN010000038	2776	3126	-1	4
JALVPN010000038	3234	3485	-1	5
JALVPN010000038	3491	4504	-1	6
JALVPN010000038	4545	4733	-1	7
JALVPN010000038	5008	5625	-1	8
JALVPN010000038	5753	6070	-1	9
JALVPN010000038	6174	6638	-1	10
JALVPN010000039	3	551	1	1
JALVPN010000039	712	1449	1	2
JALVPN010000039	1440	1769	1	3
JALVPN010000039	2048	3442	-1	4
JALVPN010000039	3455	4882	-1	5
JALVPN010000039	5073	6083	1	6
JALVPN010000039	6542	7054	1	7
JALVPN010000039	7432	7839	1	8
JALVPN010000039	8115	8354	-1	9
JALVPN010000039	8529	8927	1	10
JALVPN010000039	8943	9305	1	11
JALVPN010000039	9599	17440	-1	12
JALVPN010000039	17437	18036	-1	13
JALVPN010000039	18249	18653	-1	14
JALVPN010000040	3	686	1	1
JALVPN010000040	797	1312	1	2
JALVPN010000040	1291	2400	1	3
JALVPN010000040	2443	3504	1	4
JALVPN010000040	3491	3928	-1	5
JALVPN010000040	3978	4649	1	6
JALVPN010000040	4646	5326	-1	7
JALVPN010000040	5323	5976	-1	8
JALVPN010000040	5995	6960	-1	9
JALVPN010000040	7092	8348	-1	10
JALVPN010000040	8369	8962	-1	11
JALVPN010000040	9414	10487	1	12
JALVPN010000040	10449	11549	-1	13
JALVPN010000040	11625	12146	1	14
JALVPN010000040	12361	13845	1	15
JALVPN010000040	14003	14266	1	16
JALVPN010000040	14336	14974	1	17
JALVPN010000040	15021	17207	1	18
JALVPN010000040	17218	17793	1	19
JALVPN010000040	17931	18128	1	20
JALVPN010000040	18230	18511	1	21
JALVPN010000040	18524	18724	1	22
JALVPN010000040	18795	19592	1	23
JALVPN010000040	20019	22772	-1	24
JALVPN010000040	22970	23368	-1	25
JALVPN010000040	23421	24569	-1	26
JALVPN010000040	24660	25883	1	27
JALVPN010000040	25886	26605	1	28
JALVPN010000040	26662	27090	-1	29
JALVPN010000040	27315	29426	1	30
JALVPN010000040	29423	29683	1	31
JALVPN010000040	29625	29972	-1	32
JALVPN010000040	30078	32033	1	33
JALVPN010000040	32001	32762	-1	34
JALVPN010000040	32815	33513	1	35
JALVPN010000040	33551	34138	1	36
JALVPN010000040	34132	34473	1	37
JALVPN010000040	34597	35445	1	38
JALVPN010000040	35686	36990	1	39
JALVPN010000040	37130	37603	1	40
JALVPN010000040	38209	40005	-1	41
JALVPN010000040	40159	40821	1	42
JALVPN010000040	40870	41067	-1	43
JALVPN010000040	41070	41300	-1	44
JALVPN010000040	41319	41690	-1	45
JALVPN010000040	41890	42888	-1	46
JALVPN010000040	43035	43532	1	47
JALVPN010000040	44041	44841	1	48
JALVPN010000040	44852	45214	1	49
JALVPN010000040	45225	45677	1	50
JALVPN010000040	45679	46077	1	51
JALVPN010000040	46085	46300	1	52
JALVPN010000040	46303	46938	1	53
JALVPN010000040	47017	47409	-1	54
JALVPN010000040	47406	48605	-1	55
JALVPN010000040	48595	49902	-1	56
JALVPN010000040	49917	50858	-1	57
JALVPN010000040	51051	52013	1	58
JALVPN010000040	52010	52480	1	59
JALVPN010000040	52916	53119	1	60
JALVPN010000040	53150	53641	-1	61
JALVPN010000040	53655	54050	1	62
JALVPN010000040	54293	55414	1	63
JALVPN010000040	55422	56042	-1	64
JALVPN010000040	56014	58848	-1	65
JALVPN010000040	58872	59228	1	66
JALVPN010000040	59421	59516	1	67
JALVPN010000040	59750	60004	-1	68
JALVPN010000040	60245	60478	1	69
JALVPN010000040	60485	61717	1	70
JALVPN010000040	61745	63514	-1	71
JALVPN010000040	63826	67419	1	72
JALVPN010000040	67537	67686	-1	73
JALVPN010000040	67893	68546	-1	74
JALVPN010000040	68556	68999	-1	75
JALVPN010000040	69304	69531	1	76
JALVPN010000040	69563	71581	-1	77
JALVPN010000040	72035	72256	1	78
JALVPN010000040	72351	72977	-1	79
JALVPN010000040	73354	74670	-1	80
JALVPN010000040	74667	75410	-1	81
JALVPN010000040	75725	76495	1	82
JALVPN010000040	76678	77538	1	83
JALVPN010000040	77578	77991	-1	84
JALVPN010000040	77954	78625	-1	85
JALVPN010000040	78762	79322	1	86
JALVPN010000040	79890	80834	1	87
JALVPN010000040	80831	81751	1	88
JALVPN010000040	81753	82343	1	89
JALVPN010000040	82628	84310	1	90
JALVPN010000040	84397	85527	1	91
JALVPN010000040	85524	87044	1	92
JALVPN010000040	87230	87916	-1	93
JALVPN010000040	88177	89181	1	94
JALVPN010000040	89218	89340	1	95
JALVPN010000040	89726	93091	1	96
JALVPN010000040	93094	95751	1	97
JALVPN010000040	95766	96971	1	98
JALVPN010000040	97086	97379	1	99
JALVPN010000040	97390	97824	1	100
JALVPN010000040	98201	99193	1	101
JALVPN010000040	99193	99825	1	102
JALVPN010000040	100010	100471	1	103
JALVPN010000040	100529	100894	-1	104
JALVPN010000040	101051	101317	1	105
JALVPN010000040	101402	102907	1	106
JALVPN010000040	103068	104417	1	107
JALVPN010000040	104402	104662	1	108
JALVPN010000040	106030	106314	1	109
JALVPN010000040	106348	107097	1	110
JALVPN010000040	107103	108122	-1	111
JALVPN010000040	108168	108695	-1	112
JALVPN010000040	109974	110267	-1	113
JALVPN010000040	110269	111480	-1	114
JALVPN010000040	111841	113766	-1	115
JALVPN010000040	113768	115330	-1	116
JALVPN010000040	115340	115903	-1	117
JALVPN010000040	116352	117041	-1	118
JALVPN010000040	117013	117795	-1	119
JALVPN010000040	117881	118408	-1	120
JALVPN010000040	118612	119196	-1	121
JALVPN010000040	119336	120538	1	122
JALVPN010000040	120583	121407	1	123
JALVPN010000040	121652	122026	1	124
JALVPN010000040	122030	122659	-1	125
JALVPN010000040	122722	123000	-1	126
JALVPN010000040	123428	124402	1	127
JALVPN010000040	124405	124713	1	128
JALVPN010000040	124930	126327	-1	129
JALVPN010000040	127599	128318	-1	130
JALVPN010000040	128297	128800	-1	131
JALVPN010000040	129020	131368	1	132
JALVPN010000040	131401	132012	-1	133
JALVPN010000040	132013	133905	-1	134
JALVPN010000040	134226	134525	-1	135
JALVPN010000040	134776	136089	1	136
JALVPN010000040	136090	137421	1	137
JALVPN010000040	137669	138292	-1	138
JALVPN010000040	138889	140109	-1	139
JALVPN010000040	140196	141164	1	140
JALVPN010000040	141181	141429	-1	141
JALVPN010000040	141679	141990	1	142
JALVPN010000040	142243	144003	1	143
JALVPN010000040	143990	145672	-1	144
JALVPN010000040	146185	147237	-1	145
JALVPN010000040	147704	151516	-1	146
JALVPN010000040	151712	153757	1	147
JALVPN010000040	153783	154097	1	148
JALVPN010000040	153969	154769	-1	149
JALVPN010000040	154966	155112	1	150
JALVPN010000040	155172	155756	-1	151
JALVPN010000040	155799	158483	1	152
JALVPN010000040	159907	161106	1	153
JALVPN010000040	161112	161393	1	154
JALVPN010000040	161414	162226	1	155
JALVPN010000040	162239	163429	-1	156
JALVPN010000040	163426	164379	-1	157
JALVPN010000040	164514	165068	1	158
JALVPN010000040	165117	166175	1	159
JALVPN010000040	166188	168425	-1	160
JALVPN010000040	168466	170538	-1	161
JALVPN010000040	170648	171730	-1	162
JALVPN010000040	171714	172229	-1	163
JALVPN010000040	172519	173130	1	164
JALVPN010000040	173132	174415	1	165
JALVPN010000040	175729	176388	1	166
JALVPN010000040	176395	177447	-1	167
JALVPN010000040	177393	177782	-1	168
JALVPN010000040	177794	178783	-1	169
JALVPN010000040	179211	179309	-1	170
JALVPN010000041	2	490	1	1
JALVPN010000041	497	1150	1	2
JALVPN010000041	1147	1836	-1	3
JALVPN010000041	2031	2396	1	4
JALVPN010000041	2471	3652	-1	5
JALVPN010000041	4100	4543	-1	6
JALVPN010000041	4639	5352	1	7
JALVPN010000041	5374	5658	1	8
JALVPN010000041	5721	6497	1	9
JALVPN010000041	6494	7285	1	10
JALVPN010000041	7519	7983	-1	11
JALVPN010000041	8122	8520	-1	12
JALVPN010000041	8658	9527	1	13
JALVPN010000041	9537	10058	1	14
JALVPN010000041	10190	10441	1	15
JALVPN010000041	10461	10880	-1	16
JALVPN010000041	10941	12764	-1	17
JALVPN010000041	12941	14065	1	18
JALVPN010000041	14129	15505	1	19
JALVPN010000041	15514	15984	-1	20
JALVPN010000041	16218	16775	1	21
JALVPN010000041	16956	17885	-1	22
JALVPN010000041	18169	19335	1	23
JALVPN010000041	19350	20654	-1	24
JALVPN010000041	20760	21185	-1	25
JALVPN010000041	21241	22083	1	26
JALVPN010000041	22689	23132	1	27
JALVPN010000041	23537	23758	1	28
JALVPN010000041	23954	24187	1	29
JALVPN010000041	24117	24353	-1	30
JALVPN010000041	24454	24633	1	31
JALVPN010000041	24688	24957	1	32
JALVPN010000041	25137	25637	1	33
JALVPN010000041	25638	26360	-1	34
JALVPN010000041	26517	27485	1	35
JALVPN010000041	27525	27998	1	36
JALVPN010000041	28121	28675	1	37
JALVPN010000041	28709	29497	1	38
JALVPN010000041	29579	30325	1	39
JALVPN010000041	30318	32168	1	40
JALVPN010000041	32221	33885	1	41
JALVPN010000041	34041	34727	1	42
JALVPN010000041	34787	35143	-1	43
JALVPN010000041	35140	35727	-1	44
JALVPN010000041	35813	36097	-1	45
JALVPN010000041	36262	37338	-1	46
JALVPN010000041	37377	38897	-1	47
JALVPN010000041	38966	39457	1	48
JALVPN010000041	39475	40494	1	49
JALVPN010000041	40553	41140	1	50
JALVPN010000041	41227	41445	-1	51
JALVPN010000041	42192	42851	-1	52
JALVPN010000041	43235	43348	1	53
JALVPN010000041	43827	44333	-1	54
JALVPN010000041	44789	45778	-1	55
JALVPN010000041	45870	46370	-1	56
JALVPN010000041	46483	47127	1	57
JALVPN010000042	1	888	1	1
JALVPN010000042	1974	2561	-1	2
JALVPN010000042	2561	3064	-1	3
JALVPN010000042	3116	3706	-1	4
JALVPN010000042	4036	4722	-1	5
JALVPN010000042	4719	5594	-1	6
JALVPN010000042	5893	6351	-1	7
JALVPN010000043	2	448	1	1
JALVPN010000043	441	707	-1	2
JALVPN010000043	1199	2011	1	3
JALVPN010000044	3	605	-1	1
JALVPN010000044	743	1762	1	2
JALVPN010000044	1950	2201	-1	3
JALVPN010000044	2240	2656	-1	4
JALVPN010000044	2773	4392	-1	5
JALVPN010000044	4537	5421	-1	6
JALVPN010000044	5584	6306	-1	7
JALVPN010000045	3	956	1	1
JALVPN010000045	949	1581	-1	2
JALVPN010000045	1773	2720	-1	3
JALVPN010000045	2839	4998	-1	4
JALVPN010000045	5112	5507	-1	5
JALVPN010000045	5661	6269	1	6
JALVPN010000046	2	2434	-1	1
JALVPN010000046	2741	4750	-1	2
JALVPN010000046	4891	6318	-1	3
JALVPN010000046	6549	7109	-1	4
JALVPN010000046	7379	8191	-1	5
JALVPN010000046	8188	8376	-1	6
JALVPN010000046	8524	8670	1	7
JALVPN010000046	8674	9189	1	8
JALVPN010000046	9018	9368	-1	9
JALVPN010000046	9440	11512	-1	10
JALVPN010000046	12008	13093	1	11
JALVPN010000046	13062	13493	1	12
JALVPN010000046	13497	15068	-1	13
JALVPN010000046	15070	16611	-1	14
JALVPN010000046	16782	17459	-1	15
JALVPN010000047	3	122	1	1
JALVPN010000047	453	1496	1	2
JALVPN010000047	1503	2684	1	3
JALVPN010000047	2692	3117	1	4
JALVPN010000047	3443	4132	-1	5
JALVPN010000047	4222	5223	1	6
JALVPN010000047	5198	6727	-1	7
JALVPN010000047	7005	7466	1	8
JALVPN010000047	7504	9345	1	9
JALVPN010000047	9346	11640	1	10
JALVPN010000047	11643	12518	1	11
JALVPN010000047	12515	13966	1	12
JALVPN010000047	14111	15079	-1	13
JALVPN010000047	15251	17056	-1	14
JALVPN010000047	17086	17649	-1	15
JALVPN010000048	3	113	-1	1
JALVPN010000048	199	492	-1	2
JALVPN010000048	489	1115	-1	3
JALVPN010000048	1317	1865	1	4
JALVPN010000048	2152	4770	1	5
JALVPN010000049	1	288	1	1
JALVPN010000049	437	1714	1	2
JALVPN010000049	2026	3027	-1	3
JALVPN010000049	3230	4651	-1	4
JALVPN010000049	4875	5987	-1	5
JALVPN010000049	6070	6561	-1	6
JALVPN010000049	6951	8189	1	7
JALVPN010000049	8605	9570	-1	8
JALVPN010000049	9582	10004	-1	9
JALVPN010000049	10282	11592	-1	10
JALVPN010000049	11676	12182	1	11
JALVPN010000049	12214	13182	-1	12
JALVPN010000049	13217	14245	-1	13
JALVPN010000049	14540	14941	-1	14
JALVPN010000049	15062	15481	-1	15
JALVPN010000049	15517	15732	1	16
JALVPN010000049	15830	17146	1	17
JALVPN010000049	17149	17547	1	18
JALVPN010000050	2	1102	1	1
JALVPN010000050	1163	3907	1	2
JALVPN010000050	4374	4739	-1	3
JALVPN010000050	5280	6245	1	4
JALVPN010000050	6377	7381	1	5
JALVPN010000050	7378	8583	1	6
JALVPN010000050	8763	11384	-1	7
JALVPN010000050	11734	13626	1	8
JALVPN010000050	13746	14441	1	9
JALVPN010000050	14685	17492	-1	10
JALVPN010000051	2	1417	1	1
JALVPN010000051	1430	2437	1	2
JALVPN010000051	2773	3813	-1	3
JALVPN010000051	4032	6005	-1	4
JALVPN010000052	3	152	1	1
JALVPN010000052	225	530	1	2
JALVPN010000052	499	852	-1	3
JALVPN010000052	862	1557	-1	4
JALVPN010000052	1824	2441	1	5
JALVPN010000052	2514	2696	1	6
JALVPN010000052	2820	3623	-1	7
JALVPN010000052	3733	3978	1	8
JALVPN010000052	4300	4686	1	9
JALVPN010000052	4810	5097	1	10
JALVPN010000052	5138	6253	1	11
JALVPN010000052	6564	7061	1	12
JALVPN010000052	7494	9224	1	13
JALVPN010000052	9358	10605	1	14
JALVPN010000052	10589	11530	-1	15
JALVPN010000052	11666	12064	1	16
JALVPN010000052	12061	12957	-1	17
JALVPN010000052	13024	13785	1	18
JALVPN010000052	13840	14637	1	19
JALVPN010000052	14683	14874	-1	20
JALVPN010000052	14910	15317	-1	21
JALVPN010000052	15965	16732	1	22
JALVPN010000052	16744	16995	1	23
JALVPN010000052	16997	17269	1	24
JALVPN010000052	17273	17428	1	25
JALVPN010000053	1	786	-1	1
JALVPN010000053	1220	1573	-1	2
JALVPN010000053	1644	1796	1	3
JALVPN010000053	2287	2691	-1	4
JALVPN010000053	2730	3503	-1	5
JALVPN010000053	3723	3836	1	6
JALVPN010000053	4072	4194	1	7
JALVPN010000053	4267	6123	1	8
JALVPN010000054	1	480	1	1
JALVPN010000054	755	1420	-1	2
JALVPN010000054	1722	1916	-1	3
JALVPN010000055	2	670	1	1
JALVPN010000055	672	1274	1	2
JALVPN010000055	1271	3574	-1	3
JALVPN010000055	4044	4823	1	4
JALVPN010000055	4851	5708	-1	5
JALVPN010000055	5839	6864	-1	6
JALVPN010000055	6977	7351	1	7
JALVPN010000055	7728	8969	1	8
JALVPN010000055	9126	9707	1	9
JALVPN010000055	9704	10000	1	10
JALVPN010000055	10005	11210	1	11
JALVPN010000055	11210	12151	1	12
JALVPN010000055	12440	13276	1	13
JALVPN010000055	13424	13558	1	14
JALVPN010000055	13774	14040	1	15
JALVPN010000055	14163	14996	1	16
JALVPN010000055	15133	15927	-1	17
JALVPN010000055	16095	16772	1	18
JALVPN010000055	16784	17155	-1	19
JALVPN010000056	4	774	-1	1
JALVPN010000056	905	2635	-1	2
JALVPN010000056	2765	3247	-1	3
JALVPN010000056	3320	4555	1	4
JALVPN010000056	4647	5264	1	5
JALVPN010000056	5534	5968	1	6
JALVPN010000057	2	868	1	1
JALVPN010000057	900	2105	-1	2
JALVPN010000057	2269	3318	1	3
JALVPN010000057	3813	4724	1	4
JALVPN010000057	4721	5332	1	5
JALVPN010000057	5355	5945	1	6
JALVPN010000058	1	405	-1	1
JALVPN010000058	814	1257	1	2
JALVPN010000058	1284	1808	1	3
JALVPN010000059	2	499	1	1
JALVPN010000059	572	1621	1	2
JALVPN010000059	1640	2209	-1	3
JALVPN010000059	2234	2710	-1	4
JALVPN010000059	2679	3062	-1	5
JALVPN010000059	3137	4642	-1	6
JALVPN010000059	4717	5817	1	7
JALVPN010000059	5931	6545	1	8
JALVPN010000059	6625	8898	1	9
JALVPN010000059	8931	9446	1	10
JALVPN010000059	9534	10370	-1	11
JALVPN010000059	10518	11366	-1	12
JALVPN010000059	11563	12444	-1	13
JALVPN010000059	13101	13823	1	14
JALVPN010000059	13868	14623	-1	15
JALVPN010000059	14943	16769	1	16
JALVPN010000060	3	833	1	1
JALVPN010000060	996	2480	-1	2
JALVPN010000060	2636	3724	-1	3
JALVPN010000060	3732	5120	-1	4
JALVPN010000060	5649	8357	-1	5
JALVPN010000060	8309	8482	-1	6
JALVPN010000060	8575	10479	1	7
JALVPN010000060	10500	11135	-1	8
JALVPN010000060	11339	14149	1	9
JALVPN010000060	14229	15182	1	10
JALVPN010000060	15234	15842	1	11
JALVPN010000060	15884	16723	1	12
JALVPN010000061	241	2217	1	1
JALVPN010000061	2510	2854	1	2
JALVPN010000061	2900	3019	-1	3
JALVPN010000061	3109	3735	-1	4
JALVPN010000061	4097	4804	1	5
JALVPN010000061	4860	7556	1	6
JALVPN010000061	7556	10360	1	7
JALVPN010000061	10367	11266	1	8
JALVPN010000061	11281	11556	1	9
JALVPN010000061	11845	13122	1	10
JALVPN010000061	13242	14105	-1	11
JALVPN010000061	14402	16009	1	12
JALVPN010000061	16126	16629	1	13
JALVPN010000062	2	307	1	1
JALVPN010000062	735	1301	1	2
JALVPN010000062	1500	2117	-1	3
JALVPN010000062	2605	2970	1	4
JALVPN010000062	2967	3758	-1	5
JALVPN010000062	3774	4676	-1	6
JALVPN010000062	5051	5326	1	7
JALVPN010000062	5549	6409	-1	8
JALVPN010000062	6590	7264	-1	9
JALVPN010000062	7339	8181	-1	10
JALVPN010000062	8367	9521	1	11
JALVPN010000062	9525	10013	1	12
JALVPN010000062	10179	10643	1	13
JALVPN010000062	10789	12285	-1	14
JALVPN010000062	12362	12688	-1	15
JALVPN010000062	12987	15899	-1	16
JALVPN010000062	15868	16560	-1	17
JALVPN010000063	2	751	1	1
JALVPN010000063	792	2504	-1	2
JALVPN010000063	2488	3195	-1	3
JALVPN010000063	3511	4398	1	4
JALVPN010000063	5057	5299	1	5
JALVPN010000064	1	3042	-1	1
JALVPN010000064	3556	4020	1	2
JALVPN010000064	4058	5260	1	3
JALVPN010000065	14	1318	-1	1
JALVPN010000065	1384	2460	-1	2
JALVPN010000065	2627	3391	-1	3
JALVPN010000065	3369	4790	-1	4
JALVPN010000065	5047	5301	-1	5
JALVPN010000065	5496	5684	-1	6
JALVPN010000066	3	533	-1	1
JALVPN010000066	852	1508	1	2
JALVPN010000066	1555	2583	-1	3
JALVPN010000066	2713	3771	-1	4
JALVPN010000066	3772	4731	-1	5
JALVPN010000066	5021	9064	-1	6
JALVPN010000066	9148	9336	-1	7
JALVPN010000066	9508	10095	-1	8
JALVPN010000066	10544	11110	-1	9
JALVPN010000066	11297	11923	-1	10
JALVPN010000066	12127	14268	1	11
JALVPN010000066	14504	15328	1	12
JALVPN010000066	15438	16160	1	13
JALVPN010000067	2	1609	1	1
JALVPN010000067	1750	2619	-1	2
JALVPN010000067	2663	4498	-1	3
JALVPN010000067	4511	5683	-1	4
JALVPN010000067	5762	6859	-1	5
JALVPN010000067	6930	14390	-1	6
JALVPN010000067	14947	15753	1	7
JALVPN010000067	15949	16374	-1	8
JALVPN010000067	16705	17406	-1	9
JALVPN010000067	17698	18603	1	10
JALVPN010000067	18670	19575	1	11
JALVPN010000067	19579	20208	1	12
JALVPN010000067	20208	20975	1	13
JALVPN010000067	21098	22243	-1	14
JALVPN010000067	22592	23860	-1	15
JALVPN010000067	24198	30986	-1	16
JALVPN010000067	31055	32053	-1	17
JALVPN010000067	32050	36000	-1	18
JALVPN010000067	36279	36494	1	19
JALVPN010000067	36446	38122	-1	20
JALVPN010000067	38136	39320	-1	21
JALVPN010000067	39493	41082	1	22
JALVPN010000068	1	195	1	1
JALVPN010000068	158	472	1	2
JALVPN010000068	474	980	-1	3
JALVPN010000068	1006	1161	-1	4
JALVPN010000068	1167	1766	-1	5
JALVPN010000069	385	1995	1	1
JALVPN010000069	2109	2852	-1	2
JALVPN010000069	2849	3973	-1	3
JALVPN010000069	3970	4572	-1	4
JALVPN010000069	4572	7097	-1	5
JALVPN010000069	7087	7407	-1	6
JALVPN010000069	7404	9302	-1	7
JALVPN010000069	9314	9997	-1	8
JALVPN010000069	10058	10594	-1	9
JALVPN010000069	11634	12326	1	10
JALVPN010000069	12523	13725	-1	11
JALVPN010000069	13725	14504	-1	12
JALVPN010000069	14511	15284	-1	13
JALVPN010000069	15503	16051	-1	14
JALVPN010000070	1	1035	-1	1
JALVPN010000070	1704	2558	1	2
JALVPN010000070	2656	2847	1	3
JALVPN010000070	3303	3524	1	4
JALVPN010000070	3663	4055	1	5
JALVPN010000070	4481	4996	-1	6
JALVPN010000070	5011	5610	-1	7
JALVPN010000071	3	851	-1	1
JALVPN010000071	1095	1580	-1	2
JALVPN010000071	1646	2119	-1	3
JALVPN010000071	2179	2652	-1	4
JALVPN010000071	2819	3148	-1	5
JALVPN010000071	3176	3721	-1	6
JALVPN010000071	4036	5427	1	7
JALVPN010000072	58	1308	-1	1
JALVPN010000073	1	357	1	1
JALVPN010000073	406	1416	1	2
JALVPN010000073	1524	1796	-1	3
JALVPN010000073	1973	2989	1	4
JALVPN010000073	2973	3512	1	5
JALVPN010000073	3922	8748	-1	6
JALVPN010000073	9019	12204	-1	7
JALVPN010000073	12348	13388	-1	8
JALVPN010000073	13627	13917	-1	9
JALVPN010000073	14164	15885	1	10
JALVPN010000074	1	1725	1	1
JALVPN010000075	3	572	1	1
JALVPN010000075	685	2031	-1	2
JALVPN010000075	2228	2863	1	3
JALVPN010000075	2853	3629	-1	4
JALVPN010000075	3769	3996	-1	5
JALVPN010000075	4211	4330	-1	6
JALVPN010000075	4927	5481	1	7
JALVPN010000076	1	399	-1	1
JALVPN010000076	733	1035	-1	2
JALVPN010000076	1250	1879	1	3
JALVPN010000076	2096	3310	1	4
JALVPN010000076	3410	5461	-1	5
JALVPN010000077	56	2575	-1	1
JALVPN010000077	2771	3811	-1	2
JALVPN010000077	4254	5738	1	3
JALVPN010000077	5759	7831	1	4
JALVPN010000077	7841	8998	1	5
JALVPN010000077	8976	10994	-1	6
JALVPN010000077	11273	12571	1	7
JALVPN010000077	12647	13312	1	8
JALVPN010000077	13541	14293	1	9
JALVPN010000077	14298	15215	1	10
JALVPN010000077	15239	15931	1	11
JALVPN010000077	15938	16873	1	12
JALVPN010000077	16889	18298	1	13
JALVPN010000077	18365	19138	1	14
JALVPN010000077	19254	20594	1	15
JALVPN010000077	20609	22852	-1	16
JALVPN010000077	22849	23178	-1	17
JALVPN010000077	23406	24044	1	18
JALVPN010000077	24151	25353	-1	19
JALVPN010000077	25612	26742	1	20
JALVPN010000077	26759	27286	-1	21
JALVPN010000077	27570	27950	1	22
JALVPN010000077	28223	28546	1	23
JALVPN010000077	28543	29286	1	24
JALVPN010000077	29317	30024	1	25
JALVPN010000077	30188	32488	1	26
JALVPN010000077	32478	34568	-1	27
JALVPN010000077	34574	35164	-1	28
JALVPN010000077	35200	35805	-1	29
JALVPN010000077	35882	36505	-1	30
JALVPN010000077	37027	37302	1	31
JALVPN010000077	37309	39456	1	32
JALVPN010000077	39261	39653	-1	33
JALVPN010000077	39806	40189	-1	34
JALVPN010000078	3	524	1	1
JALVPN010000078	580	1521	-1	2
JALVPN010000078	1933	2247	-1	3
JALVPN010000078	2667	3596	1	4
JALVPN010000078	3699	4985	1	5
JALVPN010000078	4907	5248	-1	6
JALVPN010000078	5245	5430	-1	7
JALVPN010000079	1	939	1	1
JALVPN010000079	1403	1654	1	2
JALVPN010000080	1	936	-1	1
JALVPN010000080	981	1616	-1	2
JALVPN010000080	1600	2250	-1	3
JALVPN010000080	2437	3288	-1	4
JALVPN010000080	3327	4565	-1	5
JALVPN010000080	4878	6944	-1	6
JALVPN010000080	7109	10039	1	7
JALVPN010000080	10047	12026	1	8
JALVPN010000080	12205	13056	1	9
JALVPN010000080	13053	13271	-1	10
JALVPN010000080	13276	13428	-1	11
JALVPN010000080	13425	14573	-1	12
JALVPN010000080	15108	15233	1	13
JALVPN010000081	1	291	-1	1
JALVPN010000081	585	1265	-1	2
JALVPN010000081	1275	1934	-1	3
JALVPN010000081	2151	2660	1	4
JALVPN010000081	2867	3688	-1	5
JALVPN010000081	3820	4926	-1	6
JALVPN010000081	5275	5886	1	7
JALVPN010000081	5976	7586	-1	8
JALVPN010000081	7902	8594	1	9
JALVPN010000081	8964	9701	1	10
JALVPN010000081	9993	11567	1	11
JALVPN010000081	11760	12947	1	12
JALVPN010000081	13285	13521	1	13
JALVPN010000081	13709	14833	-1	14
JALVPN010000082	2	1108	1	1
JALVPN010000082	1124	1618	-1	2
JALVPN010000083	1	2067	1	1
JALVPN010000083	2516	2635	1	2
JALVPN010000083	2619	3095	-1	3
JALVPN010000083	3535	4008	1	4
JALVPN010000083	4567	4878	-1	5
JALVPN010000083	4892	5206	-1	6
JALVPN010000084	1	714	1	1
JALVPN010000084	1802	2065	-1	2
JALVPN010000084	2469	2843	1	3
JALVPN010000084	2840	3523	1	4
JALVPN010000084	3804	4223	1	5
JALVPN010000084	4310	5170	-1	6
JALVPN010000084	5359	5979	1	7
JALVPN010000084	6085	7866	1	8
JALVPN010000084	8343	11099	1	9
JALVPN010000084	11563	13941	1	10
JALVPN010000084	13749	14546	-1	11
JALVPN010000085	632	2185	1	1
JALVPN010000085	2803	3888	1	2
JALVPN010000085	3872	4552	1	3
JALVPN010000085	4640	4936	-1	4
JALVPN010000086	2	2524	-1	1
JALVPN010000086	2774	3112	-1	2
JALVPN010000086	3457	4830	1	3
JALVPN010000086	4878	5729	1	4
JALVPN010000086	5753	6505	-1	5
JALVPN010000086	6505	8184	-1	6
JALVPN010000086	8417	9166	-1	7
JALVPN010000086	9486	10862	-1	8
JALVPN010000086	10864	11952	-1	9
JALVPN010000086	12316	12900	-1	10
JALVPN010000086	13092	14276	-1	11
JALVPN010000086	14497	14817	-1	12
JALVPN010000087	3	6251	-1	1
JALVPN010000087	6414	8678	-1	2
JALVPN010000087	9316	9846	1	3
JALVPN010000087	9975	10643	1	4
JALVPN010000087	10682	11344	1	5
JALVPN010000087	11388	11663	1	6
JALVPN010000087	11689	14796	1	7
JALVPN010000088	1	300	1	1
JALVPN010000088	322	852	1	2
JALVPN010000088	993	1307	1	3
JALVPN010000088	1473	1769	1	4
JALVPN010000088	2011	2124	-1	5
JALVPN010000088	2259	3083	-1	6
JALVPN010000088	3372	5075	-1	7
JALVPN010000089	3	401	-1	1
JALVPN010000089	452	1108	-1	2
JALVPN010000089	1089	2123	-1	3
JALVPN010000089	2312	2998	1	4
JALVPN010000089	3008	3550	1	5
JALVPN010000089	3558	4133	-1	6
JALVPN010000089	4166	4792	-1	7
JALVPN010000089	4906	6174	1	8
JALVPN010000089	6212	7747	-1	9
JALVPN010000089	7911	8579	1	10
JALVPN010000089	8583	10175	-1	11
JALVPN010000089	10417	13236	1	12
JALVPN010000089	13312	14082	-1	13
JALVPN010000089	14084	14665	-1	14
JALVPN010000090	1	150	1	1
JALVPN010000090	1653	3524	1	2
JALVPN010000090	3551	3904	1	3
JALVPN010000090	3941	4444	1	4
JALVPN010000090	4434	5024	1	5
JALVPN010000091	125	1432	1	1
JALVPN010000091	1608	2273	-1	2
JALVPN010000091	2375	3676	-1	3
JALVPN010000091	3809	4825	1	4
JALVPN010000091	4868	5281	-1	5
JALVPN010000091	5317	6987	-1	6
JALVPN010000091	6984	7955	-1	7
JALVPN010000091	7981	8382	-1	8
JALVPN010000091	8500	8985	-1	9
JALVPN010000091	9139	9882	-1	10
JALVPN010000091	9901	10674	-1	11
JALVPN010000091	10688	11548	-1	12
JALVPN010000091	12082	12453	-1	13
JALVPN010000091	12592	13809	1	14
JALVPN010000091	14108	14947	-1	15
JALVPN010000091	15170	15952	1	16
JALVPN010000091	15949	17238	-1	17
JALVPN010000091	17253	17546	-1	18
JALVPN010000091	17498	18034	-1	19
JALVPN010000091	18035	18889	-1	20
JALVPN010000091	18891	19970	-1	21
JALVPN010000091	20184	20735	1	22
JALVPN010000091	20799	21290	1	23
JALVPN010000091	21531	23078	1	24
JALVPN010000091	23278	23949	1	25
JALVPN010000091	24087	24371	1	26
JALVPN010000091	24648	25574	1	27
JALVPN010000091	25558	26247	1	28
JALVPN010000091	26247	26774	1	29
JALVPN010000091	26790	27953	1	30
JALVPN010000091	28146	29312	1	31
JALVPN010000091	29314	36240	1	32
JALVPN010000091	36246	36542	1	33
JALVPN010000091	36539	37420	1	34
JALVPN010000091	37425	37691	1	35
JALVPN010000092	3	944	-1	1
JALVPN010000092	1007	1900	-1	2
JALVPN010000092	1939	3327	1	3
JALVPN010000092	3324	3896	1	4
JALVPN010000092	4248	5003	1	5
JALVPN010000093	192	941	1	1
JALVPN010000093	941	1489	1	2
JALVPN010000094	1	273	1	1
JALVPN010000094	279	716	-1	2
JALVPN010000094	833	1417	-1	3
JALVPN010000094	1731	3395	-1	4
JALVPN010000094	3406	4926	-1	5
JALVPN010000094	5310	5873	1	6
JALVPN010000094	6178	7395	-1	7
JALVPN010000094	7729	8808	1	8
JALVPN010000094	8834	9223	-1	9
JALVPN010000094	9327	9959	-1	10
JALVPN010000094	9984	10250	-1	11
JALVPN010000094	10622	11047	1	12
JALVPN010000094	11409	12140	1	13
JALVPN010000094	12229	12627	1	14
JALVPN010000094	12905	14125	-1	15
JALVPN010000095	2	523	1	1
JALVPN010000095	1320	2099	-1	2
JALVPN010000095	2133	3605	-1	3
JALVPN010000095	4377	4847	-1	4
JALVPN010000096	917	1207	1	1
JALVPN010000096	1165	1485	-1	2
JALVPN010000096	2018	2659	-1	3
JALVPN010000096	2665	3804	-1	4
JALVPN010000096	4494	4808	1	5
JALVPN010000097	111	1115	-1	1
JALVPN010000097	1346	1888	1	2
JALVPN010000097	1923	2630	-1	3
JALVPN010000097	2631	3425	-1	4
JALVPN010000097	3810	4949	1	5
JALVPN010000097	5275	6711	1	6
JALVPN010000097	6730	7326	-1	7
JALVPN010000097	7485	8735	1	8
JALVPN010000097	8738	9862	1	9
JALVPN010000097	9859	10143	-1	10
JALVPN010000097	10233	10793	-1	11
JALVPN010000097	10823	11239	-1	12
JALVPN010000097	11374	12210	-1	13
JALVPN010000097	12216	13736	-1	14
JALVPN010000097	13802	13960	-1	15
JALVPN010000098	279	443	-1	1
JALVPN010000098	719	1078	1	2
JALVPN010000098	1443	1886	1	3
JALVPN010000098	2842	3255	1	4
JALVPN010000098	3242	3667	1	5
JALVPN010000098	4003	4515	-1	6
JALVPN010000099	3	818	1	1
JALVPN010000099	931	1074	1	2
JALVPN010000099	1166	1264	-1	3
JALVPN010000099	1261	2466	-1	4
JALVPN010000099	2578	3156	1	5
JALVPN010000099	3158	3958	-1	6
JALVPN010000099	4043	4705	1	7
JALVPN010000100	3	149	-1	1
JALVPN010000100	336	779	1	2
JALVPN010000100	1064	2407	-1	3
JALVPN010000100	2632	3768	-1	4
JALVPN010000100	4203	4427	-1	5
JALVPN010000100	4414	4776	-1	6
JALVPN010000101	3	362	1	1
JALVPN010000101	352	654	1	2
JALVPN010000101	660	1499	1	3
JALVPN010000101	1515	1904	1	4
JALVPN010000101	1906	2322	1	5
JALVPN010000101	2440	2706	1	6
JALVPN010000101	2790	3359	1	7
JALVPN010000101	3567	4067	1	8
JALVPN010000101	4321	4755	-1	9
JALVPN010000102	1	486	1	1
JALVPN010000102	600	3365	1	2
JALVPN010000102	3411	3902	1	3
JALVPN010000102	4205	5299	-1	4
JALVPN010000102	5313	6641	-1	5
JALVPN010000102	6926	7831	1	6
JALVPN010000102	7960	8223	1	7
JALVPN010000102	8344	9234	1	8
JALVPN010000102	9264	9746	1	9
JALVPN010000102	9821	10288	1	10
JALVPN010000102	10455	12158	1	11
JALVPN010000102	12151	13803	-1	12
JALVPN010000103	2693	3442	-1	1
JALVPN010000103	3772	4791	1	2
JALVPN010000103	5064	5750	1	3
JALVPN010000103	5925	6809	-1	4
JALVPN010000103	6875	7993	-1	5
JALVPN010000103	7944	9236	-1	6
JALVPN010000103	9271	9912	-1	7
JALVPN010000103	9946	10710	-1	8
JALVPN010000103	10870	12333	-1	9
JALVPN010000103	12378	13274	-1	10
JALVPN010000104	1	1398	-1	1
JALVPN010000104	1541	2779	1	2
JALVPN010000104	2754	4523	1	3
JALVPN010000105	2	727	1	1
JALVPN010000105	815	2056	-1	2
JALVPN010000105	2057	3358	-1	3
JALVPN010000105	3448	4593	-1	4
JALVPN010000105	4850	7846	1	5
JALVPN010000105	8050	8337	1	6
JALVPN010000105	8334	8609	1	7
JALVPN010000105	8615	8944	1	8
JALVPN010000105	8946	10961	1	9
JALVPN010000105	10974	12506	1	10
JALVPN010000105	12512	14089	1	11
JALVPN010000105	14157	14612	-1	12
JALVPN010000105	14635	14928	1	13
JALVPN010000105	14925	17693	-1	14
JALVPN010000105	17706	18500	-1	15
JALVPN010000105	18761	20284	1	16
JALVPN010000105	20281	21567	-1	17
JALVPN010000105	21691	22032	1	18
JALVPN010000105	22063	22644	-1	19
JALVPN010000105	22871	23932	1	20
JALVPN010000105	23957	24403	1	21
JALVPN010000105	24314	24583	-1	22
JALVPN010000105	24963	25574	-1	23
JALVPN010000105	25580	25894	-1	24
JALVPN010000105	26119	28332	1	25
JALVPN010000105	28397	30739	-1	26
JALVPN010000105	30825	32570	-1	27
JALVPN010000105	32567	33844	-1	28
JALVPN010000105	33850	34254	-1	29
JALVPN010000105	34518	35399	1	30
JALVPN010000106	114	566	-1	1
JALVPN010000106	954	2072	1	2
JALVPN010000106	2533	3657	1	3
JALVPN010000106	3688	5139	1	4
JALVPN010000106	5506	6375	-1	5
JALVPN010000106	6372	8087	-1	6
JALVPN010000106	8330	8734	-1	7
JALVPN010000106	9239	9427	1	8
JALVPN010000106	9456	9965	1	9
JALVPN010000106	10727	11689	-1	10
JALVPN010000106	12012	13070	1	11
JALVPN010000106	13291	13401	1	12
JALVPN010000107	114	431	-1	1
JALVPN010000107	449	685	-1	2
JALVPN010000107	1031	1495	1	3
JALVPN010000107	1497	2408	1	4
JALVPN010000107	2405	3718	1	5
JALVPN010000107	3861	6767	-1	6
JALVPN010000107	7170	8108	1	7
JALVPN010000107	8112	8567	1	8
JALVPN010000107	8807	9751	1	9
JALVPN010000107	9839	10618	1	10
JALVPN010000107	10611	10814	1	11
JALVPN010000107	10801	11457	-1	12
JALVPN010000107	11487	12797	-1	13
JALVPN010000107	12787	13392	-1	14
JALVPN010000108	2	217	-1	1
JALVPN010000108	652	1425	1	2
JALVPN010000108	1434	2318	-1	3
JALVPN010000108	2465	2947	1	4
JALVPN010000108	3116	4585	-1	5
JALVPN010000109	2	523	1	1
JALVPN010000109	543	1526	1	2
JALVPN010000109	1552	1812	-1	3
JALVPN010000109	1770	1904	-1	4
JALVPN010000109	1901	2293	-1	5
JALVPN010000109	2494	2808	1	6
JALVPN010000109	2890	3123	1	7
JALVPN010000109	3333	3695	-1	8
JALVPN010000109	3834	4730	-1	9
JALVPN010000109	5242	6321	1	10
JALVPN010000109	6709	8910	-1	11
JALVPN010000109	9410	12166	1	12
JALVPN010000109	12168	12668	1	13
JALVPN010000109	12665	13294	1	14
JALVPN010000110	526	1041	1	1
JALVPN010000110	862	2631	-1	2
JALVPN010000110	2815	4593	-1	3
JALVPN010000110	4606	5427	-1	4
JALVPN010000110	5520	5855	-1	5
JALVPN010000110	6173	8497	1	6
JALVPN010000110	8547	9221	-1	7
JALVPN010000110	9397	9642	-1	8
JALVPN010000110	9833	11116	1	9
JALVPN010000110	11113	12681	1	10
JALVPN010000110	12751	13083	1	11
JALVPN010000110	13111	13224	-1	12
JALVPN010000110	13239	14639	-1	13
JALVPN010000110	14718	15110	-1	14
JALVPN010000110	15235	15384	-1	15
JALVPN010000110	15412	16236	1	16
JALVPN010000110	16386	16715	1	17
JALVPN010000110	16902	17711	1	18
JALVPN010000110	17716	18282	1	19
JALVPN010000110	18313	19869	1	20
JALVPN010000110	19859	20920	1	21
JALVPN010000110	20930	21940	-1	22
JALVPN010000110	22177	25161	1	23
JALVPN010000110	25409	26299	1	24
JALVPN010000110	26407	26748	-1	25
JALVPN010000110	27083	28483	1	26
JALVPN010000110	28487	30052	1	27
JALVPN010000110	30060	30473	1	28
JALVPN010000110	30421	30780	1	29
JALVPN010000110	30791	32110	1	30
JALVPN010000110	32079	33113	-1	31
JALVPN010000110	34213	34590	1	32
JALVPN010000110	34779	35948	1	33
JALVPN010000110	36331	36738	1	34
JALVPN010000110	36613	37395	-1	35
JALVPN010000110	37558	37872	-1	36
JALVPN010000110	37903	38928	-1	37
JALVPN010000110	38934	39596	-1	38
JALVPN010000110	39597	40100	-1	39
JALVPN010000110	40348	40998	-1	40
JALVPN010000110	41055	41237	-1	41
JALVPN010000110	41394	42524	-1	42
JALVPN010000110	42599	43567	-1	43
JALVPN010000110	43579	44625	-1	44
JALVPN010000110	44667	45578	-1	45
JALVPN010000110	45584	46018	-1	46
JALVPN010000110	46018	46260	-1	47
JALVPN010000110	46285	46950	-1	48
JALVPN010000110	46957	47376	-1	49
JALVPN010000110	47577	47906	-1	50
JALVPN010000110	47929	48396	-1	51
JALVPN010000110	48596	48730	-1	52
JALVPN010000110	49149	50159	1	53
JALVPN010000110	50101	51279	1	54
JALVPN010000110	51896	52183	-1	55
JALVPN010000110	52212	52532	-1	56
JALVPN010000110	52780	53514	1	57
JALVPN010000110	53806	55827	1	58
JALVPN010000110	55834	56247	-1	59
JALVPN010000110	56516	57661	1	60
JALVPN010000110	57656	58570	-1	61
JALVPN010000110	58626	59333	1	62
JALVPN010000110	59385	59840	1	63
JALVPN010000110	60048	60437	1	64
JALVPN010000110	60544	61065	1	65
JALVPN010000110	61448	61693	1	66
JALVPN010000110	61690	61899	1	67
JALVPN010000110	62349	63560	-1	68
JALVPN010000110	63630	64067	-1	69
JALVPN010000110	64615	65133	-1	70
JALVPN010000110	65214	65834	-1	71
JALVPN010000110	66087	66275	-1	72
JALVPN010000110	66282	66539	-1	73
JALVPN010000110	66688	67200	1	74
JALVPN010000110	67164	69884	-1	75
JALVPN010000110	70005	70415	1	76
JALVPN010000110	70542	72452	-1	77
JALVPN010000110	72571	73206	-1	78
JALVPN010000110	73370	74200	-1	79
JALVPN010000110	74247	74831	-1	80
JALVPN010000110	74874	75734	-1	81
JALVPN010000110	75731	76330	-1	82
JALVPN010000110	76453	76803	-1	83
JALVPN010000110	76808	77104	-1	84
JALVPN010000110	77261	77350	1	85
JALVPN010000110	77394	78095	1	86
JALVPN010000110	78282	79640	-1	87
JALVPN010000110	79712	80926	-1	88
JALVPN010000110	81005	81373	1	89
JALVPN010000110	81384	82721	1	90
JALVPN010000110	82723	83313	-1	91
JALVPN010000110	83390	83698	-1	92
JALVPN010000110	83918	85186	1	93
JALVPN010000110	85211	85423	-1	94
JALVPN010000110	85567	85722	-1	95
JALVPN010000110	86071	86940	-1	96
JALVPN010000110	86942	88096	-1	97
JALVPN010000110	88157	90385	-1	98
JALVPN010000110	90595	91335	1	99
JALVPN010000110	91455	91997	-1	100
JALVPN010000110	92002	92973	-1	101
JALVPN010000110	93027	94289	-1	102
JALVPN010000110	94400	94984	1	103
JALVPN010000110	94955	95587	-1	104
JALVPN010000110	95689	102822	1	105
JALVPN010000110	102842	103285	1	106
JALVPN010000110	103299	104690	1	107
JALVPN010000110	104749	105687	1	108
JALVPN010000110	105714	105995	1	109
JALVPN010000110	105947	107050	1	110
JALVPN010000110	107047	108426	1	111
JALVPN010000110	108440	109432	1	112
JALVPN010000110	109584	109850	-1	113
JALVPN010000110	110125	110490	1	114
JALVPN010000110	110576	110953	1	115
JALVPN010000110	111206	111439	1	116
JALVPN010000110	111461	112018	-1	117
JALVPN010000111	2	643	1	1
JALVPN010000111	775	1647	-1	2
JALVPN010000111	1913	2359	1	3
JALVPN010000111	2420	3175	-1	4
JALVPN010000111	3212	4327	1	5
JALVPN010000111	4324	4701	-1	6
JALVPN010000111	4817	5176	-1	7
JALVPN010000111	5422	6900	1	8
JALVPN010000111	7306	7866	-1	9
JALVPN010000111	8253	9446	-1	10
JALVPN010000111	9449	10072	1	11
JALVPN010000111	10165	10821	1	12
JALVPN010000111	10996	12597	-1	13
JALVPN010000111	12609	13196	-1	14
JALVPN010000112	2	1837	1	1
JALVPN010000112	1903	2463	1	2
JALVPN010000112	2519	4522	-1	3
JALVPN010000113	212	1063	1	1
JALVPN010000113	1153	2016	-1	2
JALVPN010000113	2187	3263	-1	3
JALVPN010000113	3601	4101	1	4
JALVPN010000113	4144	4521	1	5
JALVPN010000114	2	586	1	1
JALVPN010000114	583	1473	-1	2
JALVPN010000114	1421	1813	-1	3
JALVPN010000114	1917	2942	-1	4
JALVPN010000114	2970	3641	-1	5
JALVPN010000114	3802	4521	-1	6
JALVPN010000115	3	209	1	1
JALVPN010000115	212	1960	1	2
JALVPN010000115	1960	2403	1	3
JALVPN010000115	2404	2637	1	4
JALVPN010000115	2639	3574	1	5
JALVPN010000115	3571	4887	1	6
JALVPN010000115	5347	6228	-1	7
JALVPN010000115	6436	7194	1	8
JALVPN010000115	7267	8604	-1	9
JALVPN010000115	9253	10698	1	10
JALVPN010000115	10729	12366	1	11
JALVPN010000115	12562	13134	-1	12
JALVPN010000115	13146	15677	1	13
JALVPN010000115	15997	16341	-1	14
JALVPN010000115	16920	17561	1	15
JALVPN010000115	17870	18376	1	16
JALVPN010000115	18554	18982	1	17
JALVPN010000115	19100	20668	-1	18
JALVPN010000115	20743	21093	1	19
JALVPN010000115	21391	21693	-1	20
JALVPN010000115	21819	22508	-1	21
JALVPN010000115	22664	23326	1	22
JALVPN010000115	23571	27209	-1	23
JALVPN010000115	27467	27700	-1	24
JALVPN010000115	27697	27879	-1	25
JALVPN010000115	28267	29247	-1	26
JALVPN010000115	29328	30893	-1	27
JALVPN010000115	30939	31058	-1	28
JALVPN010000115	31196	33211	1	29
JALVPN010000115	33233	33751	1	30
JALVPN010000115	33903	34598	-1	31
JALVPN010000116	8	349	-1	1
JALVPN010000116	870	2591	1	2
JALVPN010000116	2588	3619	1	3
JALVPN010000116	3706	4503	1	4
JALVPN010000116	4597	4974	-1	5
JALVPN010000116	5106	6098	-1	6
JALVPN010000116	6228	7184	-1	7
JALVPN010000116	7210	8262	-1	8
JALVPN010000116	8499	9860	1	9
JALVPN010000116	9872	10066	-1	10
JALVPN010000116	10199	12181	-1	11
JALVPN010000116	12358	13119	1	12
JALVPN010000117	3	2216	-1	1
JALVPN010000117	2462	3241	-1	2
JALVPN010000117	3349	3498	-1	3
JALVPN010000117	3711	5069	1	4
JALVPN010000117	5177	5914	1	5
JALVPN010000117	6099	6812	-1	6
JALVPN010000117	6816	8030	-1	7
JALVPN010000117	8296	8904	1	8
JALVPN010000117	9068	10789	-1	9
JALVPN010000117	11089	12474	1	10
JALVPN010000117	12663	13052	1	11
JALVPN010000118	87	641	1	1
JALVPN010000118	854	1801	1	2
JALVPN010000118	1798	2175	1	3
JALVPN010000118	2172	3830	1	4
JALVPN010000118	4289	7231	-1	5
JALVPN010000118	7228	11886	-1	6
JALVPN010000118	11883	12908	-1	7
JALVPN010000119	2	220	1	1
JALVPN010000119	557	1537	-1	2
JALVPN010000119	1891	2829	-1	3
JALVPN010000119	2897	3292	-1	4
JALVPN010000119	3386	4162	-1	5
JALVPN010000119	4261	4392	1	6
JALVPN010000120	3	1043	1	1
JALVPN010000120	1045	3057	-1	2
JALVPN010000120	3273	4514	-1	3
JALVPN010000120	4550	5107	-1	4
JALVPN010000120	5280	5882	1	5
JALVPN010000120	5970	6350	-1	6
JALVPN010000120	6433	7932	-1	7
JALVPN010000120	8029	8619	1	8
JALVPN010000120	8765	10045	1	9
JALVPN010000120	10237	10668	1	10
JALVPN010000120	10847	11620	1	11
JALVPN010000120	11634	12815	1	12
JALVPN010000121	1	501	-1	1
JALVPN010000121	730	1323	1	2
JALVPN010000121	1363	1881	1	3
JALVPN010000121	1878	3209	-1	4
JALVPN010000121	3439	4386	1	5
JALVPN010000122	1	504	-1	1
JALVPN010000122	740	1327	-1	2
JALVPN010000122	1555	2505	1	3
JALVPN010000122	3076	3441	1	4
JALVPN010000122	3562	4170	1	5
JALVPN010000122	4318	4995	1	6
JALVPN010000122	5204	5698	-1	7
JALVPN010000122	5779	6399	-1	8
JALVPN010000122	6445	7353	-1	9
JALVPN010000122	7648	8586	-1	10
JALVPN010000122	8803	10059	-1	11
JALVPN010000122	10213	10533	1	12
JALVPN010000122	10374	11171	-1	13
JALVPN010000122	11829	12770	-1	14
JALVPN010000123	2	325	-1	1
JALVPN010000123	663	1559	-1	2
JALVPN010000123	1828	3315	-1	3
JALVPN010000123	3688	4368	1	4
JALVPN010000124	19	537	-1	1
JALVPN010000124	534	1466	-1	2
JALVPN010000124	1557	2402	-1	3
JALVPN010000124	2386	2796	-1	4
JALVPN010000124	3056	4204	-1	5
JALVPN010000124	4411	5256	1	6
JALVPN010000124	5267	7084	-1	7
JALVPN010000124	7272	7436	1	8
JALVPN010000124	7433	7624	1	9
JALVPN010000124	7793	8074	1	10
JALVPN010000124	8071	8217	1	11
JALVPN010000124	8214	8483	-1	12
JALVPN010000124	8626	8958	1	13
JALVPN010000124	9076	9780	1	14
JALVPN010000124	9945	10631	1	15
JALVPN010000124	10671	11573	1	16
JALVPN010000124	11560	12390	-1	17
JALVPN010000125	3	1298	1	1
JALVPN010000125	1448	1921	-1	2
JALVPN010000125	1905	2084	-1	3
JALVPN010000125	2186	2659	-1	4
JALVPN010000125	2652	4010	-1	5
JALVPN010000125	4007	4324	-1	6
JALVPN010000126	381	1664	1	1
JALVPN010000126	1668	1865	1	2
JALVPN010000126	1867	3153	1	3
JALVPN010000126	3405	5288	1	4
JALVPN010000126	5381	6691	1	5
JALVPN010000126	6699	8117	-1	6
JALVPN010000126	8437	8622	-1	7
JALVPN010000126	8576	9097	-1	8
JALVPN010000126	9428	9730	-1	9
JALVPN010000126	9778	10791	1	10
JALVPN010000126	11251	12594	1	11
JALVPN010000127	76	657	1	1
JALVPN010000127	661	1893	1	2
JALVPN010000127	1896	2981	1	3
JALVPN010000127	2984	3355	1	4
JALVPN010000127	3358	3918	-1	5
JALVPN010000127	3924	4766	-1	6
JALVPN010000127	4763	5899	-1	7
JALVPN010000127	5900	6253	-1	8
JALVPN010000127	6488	6952	1	9
JALVPN010000127	7015	7986	1	10
JALVPN010000127	8133	9029	-1	11
JALVPN010000127	9033	9578	-1	12
JALVPN010000127	9789	10877	-1	13
JALVPN010000127	10981	11574	1	14
JALVPN010000127	11576	12493	1	15
JALVPN010000128	71	1339	1	1
JALVPN010000128	1453	3174	-1	2
JALVPN010000128	3188	4351	-1	3
JALVPN010000128	4506	5177	1	4
JALVPN010000128	5330	5683	-1	5
JALVPN010000128	5805	7436	-1	6
JALVPN010000128	7449	8162	1	7
JALVPN010000128	8371	8922	1	8
JALVPN010000128	9017	9601	1	9
JALVPN010000128	9710	10840	1	10
JALVPN010000128	10989	11720	1	11
JALVPN010000128	11825	12514	-1	12
JALVPN010000129	486	1103	1	1
JALVPN010000129	1311	2225	-1	2
JALVPN010000129	2712	3158	-1	3
JALVPN010000129	3403	4203	-1	4
JALVPN010000129	4217	4456	-1	5
JALVPN010000129	4675	6318	-1	6
JALVPN010000129	6462	6770	-1	7
JALVPN010000129	6774	7415	-1	8
JALVPN010000129	7748	10948	1	9
JALVPN010000129	10956	12359	-1	10
JALVPN010000130	3	341	1	1
JALVPN010000130	447	1283	-1	2
JALVPN010000130	1382	2068	-1	3
JALVPN010000130	2076	2606	-1	4
JALVPN010000130	2783	2950	-1	5
JALVPN010000130	3285	3821	1	6
JALVPN010000130	4074	5216	1	7
JALVPN010000130	5397	6494	-1	8
JALVPN010000130	6586	7449	-1	9
JALVPN010000130	7460	8098	-1	10
JALVPN010000130	8136	8735	-1	11
JALVPN010000130	8746	9522	-1	12
JALVPN010000130	9519	10031	-1	13
JALVPN010000130	10331	10972	1	14
JALVPN010000130	11116	11520	1	15
JALVPN010000130	11738	12418	1	16
JALVPN010000131	538	1125	1	1
JALVPN010000131	1802	2020	1	2
JALVPN010000131	3420	4247	1	3
JALVPN010000132	2	970	-1	1
JALVPN010000132	1043	1201	1	2
JALVPN010000132	1145	1567	-1	3
JALVPN010000132	1611	1949	1	4
JALVPN010000132	1827	3407	-1	5
JALVPN010000132	3634	4236	-1	6
JALVPN010000133	2	5515	1	1
JALVPN010000133	5390	5632	-1	2
JALVPN010000133	5659	5979	1	3
JALVPN010000133	6274	7032	1	4
JALVPN010000133	7029	7988	-1	5
JALVPN010000133	8097	8486	-1	6
JALVPN010000133	8483	9655	-1	7
JALVPN010000133	10209	10601	1	8
JALVPN010000133	11018	12367	-1	9
JALVPN010000134	1	2415	-1	1
JALVPN010000134	2530	3051	-1	2
JALVPN010000134	3048	4055	-1	3
JALVPN010000134	4057	4179	1	4
JALVPN010000135	3	1238	-1	1
JALVPN010000135	1515	2030	-1	2
JALVPN010000135	2103	2432	-1	3
JALVPN010000135	2422	3687	-1	4
JALVPN010000135	3900	4253	1	5
JALVPN010000135	4381	6093	-1	6
JALVPN010000135	6262	6828	-1	7
JALVPN010000135	6830	7468	-1	8
JALVPN010000135	7672	8427	-1	9
JALVPN010000135	8936	9361	1	10
JALVPN010000135	9502	9876	-1	11
JALVPN010000135	9879	10253	-1	12
JALVPN010000135	10363	10473	1	13
JALVPN010000135	10425	11207	-1	14
JALVPN010000135	11222	11377	1	15
JALVPN010000135	11370	11714	1	16
JALVPN010000135	11834	12115	-1	17
JALVPN010000136	181	1170	1	1
JALVPN010000136	1170	2063	1	2
JALVPN010000136	2095	2976	1	3
JALVPN010000136	3017	3727	-1	4
JALVPN010000136	3865	5364	1	5
JALVPN010000136	5416	6744	-1	6
JALVPN010000136	7022	8452	1	7
JALVPN010000136	8452	9831	1	8
JALVPN010000136	9897	10565	-1	9
JALVPN010000136	10628	10789	-1	10
JALVPN010000136	11184	12074	-1	11
JALVPN010000137	3	218	-1	1
JALVPN010000137	253	4104	-1	2
JALVPN010000138	1	165	1	1
JALVPN010000138	588	2261	-1	2
JALVPN010000138	2619	2750	1	3
JALVPN010000138	2743	3933	-1	4
JALVPN010000138	3969	4100	-1	5
JALVPN010000139	2	88	1	1
JALVPN010000139	140	250	1	2
JALVPN010000139	267	899	1	3
JALVPN010000139	906	1196	1	4
JALVPN010000139	1171	1809	1	5
JALVPN010000139	1825	2085	1	6
JALVPN010000139	2157	4823	1	7
JALVPN010000139	4820	5437	1	8
JALVPN010000139	5442	6389	1	9
JALVPN010000139	6402	7160	1	10
JALVPN010000139	7173	9269	1	11
JALVPN010000139	9287	10126	1	12
JALVPN010000139	10110	11054	1	13
JALVPN010000139	11388	12071	1	14
JALVPN010000139	12043	13665	1	15
JALVPN010000139	13954	14637	-1	16
JALVPN010000139	15279	15545	-1	17
JALVPN010000139	15598	16596	-1	18
JALVPN010000139	16602	17138	-1	19
JALVPN010000139	17128	19407	-1	20
JALVPN010000139	19463	20131	-1	21
JALVPN010000139	20147	21166	-1	22
JALVPN010000139	21195	22577	-1	23
JALVPN010000139	22574	23320	-1	24
JALVPN010000139	24294	24746	1	25
JALVPN010000139	24743	25903	1	26
JALVPN010000139	25900	27819	1	27
JALVPN010000139	27816	29012	1	28
JALVPN010000139	29017	29928	1	29
JALVPN010000139	29928	30326	1	30
JALVPN010000139	30323	31084	1	31
JALVPN010000139	31255	31839	1	32
JALVPN010000140	18	122	-1	1
JALVPN010000140	127	495	-1	2
JALVPN010000140	512	2053	-1	3
JALVPN010000140	3894	4094	1	4
JALVPN010000141	2	1150	1	1
JALVPN010000141	1193	1804	-1	2
JALVPN010000141	1762	2421	-1	3
JALVPN010000141	2586	2822	-1	4
JALVPN010000141	2843	3883	-1	5
JALVPN010000141	3873	5129	-1	6
JALVPN010000141	5122	5520	-1	7
JALVPN010000141	5517	7613	-1	8
JALVPN010000141	7582	8478	-1	9
JALVPN010000141	8482	9015	-1	10
JALVPN010000141	9053	9478	-1	11
JALVPN010000141	9548	10063	1	12
JALVPN010000141	10153	11328	1	13
JALVPN010000141	11524	11838	-1	14
JALVPN010000142	2	577	-1	1
JALVPN010000142	1528	4092	-1	2
JALVPN010000143	2	298	-1	1
JALVPN010000143	282	1085	-1	2
JALVPN010000143	1092	1484	-1	3
JALVPN010000143	1621	2682	1	4
JALVPN010000143	2712	3059	-1	5
JALVPN010000143	3095	6292	1	6
JALVPN010000143	6299	6907	1	7
JALVPN010000143	6846	7904	1	8
JALVPN010000143	7909	8784	-1	9
JALVPN010000143	8785	9309	-1	10
JALVPN010000143	9309	12764	-1	11
JALVPN010000143	13154	13927	1	12
JALVPN010000143	13973	14416	1	13
JALVPN010000143	14413	14907	1	14
JALVPN010000143	15080	17536	-1	15
JALVPN010000143	17686	18498	-1	16
JALVPN010000143	18753	19454	1	17
JALVPN010000143	19432	19758	1	18
JALVPN010000143	19906	23175	1	19
JALVPN010000143	23563	23658	-1	20
JALVPN010000143	23897	25609	-1	21
JALVPN010000143	25606	26634	-1	22
JALVPN010000143	26864	27088	1	23
JALVPN010000143	27187	27639	1	24
JALVPN010000143	27847	30156	1	25
JALVPN010000143	30536	31126	1	26
JALVPN010000143	31354	31485	-1	27
JALVPN010000144	158	1960	1	1
JALVPN010000144	2147	2836	1	2
JALVPN010000144	3048	3665	1	3
JALVPN010000144	3688	4149	1	4
JALVPN010000144	4170	4601	1	5
JALVPN010000144	4642	5004	1	6
JALVPN010000144	5416	8064	1	7
JALVPN010000144	8100	8573	1	8
JALVPN010000144	8748	10289	1	9
JALVPN010000144	10326	11102	-1	10
JALVPN010000144	11218	11937	-1	11
JALVPN010000144	12451	12756	1	12
JALVPN010000144	12774	13202	1	13
JALVPN010000144	13312	13479	1	14
JALVPN010000144	13594	14139	1	15
JALVPN010000144	14151	14426	1	16
JALVPN010000144	14484	14813	1	17
JALVPN010000144	14824	15321	1	18
JALVPN010000144	15318	16649	1	19
JALVPN010000144	16717	17487	1	20
JALVPN010000144	17617	19389	-1	21
JALVPN010000144	19469	19960	-1	22
JALVPN010000144	20388	20687	1	23
JALVPN010000144	20684	22324	-1	24
JALVPN010000144	22485	23387	1	25
JALVPN010000144	23739	25070	1	26
JALVPN010000144	25075	26409	-1	27
JALVPN010000144	26410	27345	1	28
JALVPN010000144	27547	28893	1	29
JALVPN010000144	29024	29482	-1	30
JALVPN010000144	29506	29766	-1	31
JALVPN010000144	29792	31903	-1	32
JALVPN010000144	32224	32490	-1	33
JALVPN010000144	32906	33931	1	34
JALVPN010000144	34094	34807	1	35
JALVPN010000144	34889	35302	1	36
JALVPN010000144	35360	35671	1	37
JALVPN010000144	35681	36154	-1	38
JALVPN010000144	36165	36683	-1	39
JALVPN010000144	36717	37373	-1	40
JALVPN010000144	37390	39198	-1	41
JALVPN010000144	39223	39546	-1	42
JALVPN010000144	39620	40093	-1	43
JALVPN010000144	40251	41297	1	44
JALVPN010000144	41350	41673	1	45
JALVPN010000144	41677	42282	1	46
JALVPN010000144	42435	43613	1	47
JALVPN010000144	43637	44371	1	48
JALVPN010000144	44368	44910	-1	49
JALVPN010000144	45211	46128	-1	50
JALVPN010000144	46450	47031	1	51
JALVPN010000144	47093	47377	1	52
JALVPN010000144	47578	48126	1	53
JALVPN010000144	48111	49121	-1	54
JALVPN010000144	49235	50677	1	55
JALVPN010000144	50722	51453	1	56
JALVPN010000144	51443	52630	-1	57
JALVPN010000144	52779	53546	-1	58
JALVPN010000144	53773	54144	-1	59
JALVPN010000144	54156	54728	-1	60
JALVPN010000144	54730	55137	-1	61
JALVPN010000144	55134	55604	-1	62
JALVPN010000144	55619	56089	-1	63
JALVPN010000144	56076	57728	-1	64
JALVPN010000144	58095	58460	1	65
JALVPN010000144	58668	62258	1	66
JALVPN010000144	62255	62968	1	67
JALVPN010000144	62987	63514	1	68
JALVPN010000144	63511	64527	-1	69
JALVPN010000144	64801	65178	1	70
JALVPN010000144	65175	65615	-1	71
JALVPN010000144	65853	66251	1	72
JALVPN010000144	66268	67269	-1	73
JALVPN010000144	67513	68811	-1	74
JALVPN010000144	69037	70245	1	75
JALVPN010000144	70512	72083	-1	76
JALVPN010000144	72097	73794	-1	77
JALVPN010000144	74001	74123	1	78
JALVPN010000144	74208	74813	-1	79
JALVPN010000144	74815	75645	-1	80
JALVPN010000144	75857	76504	1	81
JALVPN010000144	76499	77233	-1	82
JALVPN010000144	77214	77687	-1	83
JALVPN010000144	77867	78283	-1	84
JALVPN010000144	78323	80326	1	85
JALVPN010000144	80526	81095	1	86
JALVPN010000144	81128	81943	1	87
JALVPN010000144	81987	83315	1	88
JALVPN010000144	83354	83983	1	89
JALVPN010000144	83996	84856	1	90
JALVPN010000144	85171	85515	-1	91
JALVPN010000144	85738	86496	-1	92
JALVPN010000144	86885	88207	1	93
JALVPN010000144	88242	88538	1	94
JALVPN010000144	89195	90061	1	95
JALVPN010000145	2	67	-1	1
JALVPN010000145	228	368	1	2
JALVPN010000145	432	683	-1	3
JALVPN010000145	783	1661	1	4
JALVPN010000145	1741	2379	1	5
JALVPN010000145	2376	2834	1	6
JALVPN010000145	3112	3864	1	7
JALVPN010000145	4007	4303	-1	8
JALVPN010000145	4377	5108	1	9
JALVPN010000145	5105	5968	-1	10
JALVPN010000145	6280	7719	1	11
JALVPN010000145	7705	8160	-1	12
JALVPN010000145	8460	9512	1	13
JALVPN010000145	9529	10413	1	14
JALVPN010000145	10547	11506	1	15
JALVPN010000145	11510	11881	1	16
JALVPN010000146	50	418	-1	1
JALVPN010000146	665	1111	1	2
JALVPN010000146	1155	4427	-1	3
JALVPN010000146	4518	6392	-1	4
JALVPN010000146	6538	7110	-1	5
JALVPN010000146	7122	8972	-1	6
JALVPN010000146	8969	10837	-1	7
JALVPN010000146	11188	12267	1	8
JALVPN010000146	12549	14588	1	9
JALVPN010000146	14800	25254	1	10
JALVPN010000146	25405	25632	-1	11
JALVPN010000146	26022	27593	-1	12
JALVPN010000146	27808	28881	1	13
JALVPN010000146	28885	30192	1	14
JALVPN010000146	30676	31413	-1	15
JALVPN010000147	2	166	-1	1
JALVPN010000147	176	592	-1	2
JALVPN010000147	589	1032	-1	3
JALVPN010000147	1626	1883	1	4
JALVPN010000147	2027	4000	-1	5
JALVPN010000148	2	865	-1	1
JALVPN010000148	1000	2127	1	2
JALVPN010000148	2206	3303	1	3
JALVPN010000148	3379	3999	1	4
JALVPN010000149	2	730	1	1
JALVPN010000149	830	1480	1	2
JALVPN010000149	1498	2328	1	3
JALVPN010000149	2373	3170	1	4
JALVPN010000149	3470	3985	-1	5
JALVPN010000150	874	1980	1	1
JALVPN010000150	2682	3029	1	2
JALVPN010000150	3052	3246	1	3
JALVPN010000150	3318	3866	-1	4
JALVPN010000151	1	135	-1	1
JALVPN010000151	307	1794	1	2
JALVPN010000151	1801	2643	1	3
JALVPN010000151	2650	4395	-1	4
JALVPN010000151	4656	5036	-1	5
JALVPN010000151	5107	6078	-1	6
JALVPN010000151	6485	8005	1	7
JALVPN010000151	8021	8758	-1	8
JALVPN010000151	9002	9418	-1	9
JALVPN010000151	9559	10029	1	10
JALVPN010000151	10316	11410	1	11
JALVPN010000151	11634	12341	1	12
JALVPN010000151	12436	13587	1	13
JALVPN010000151	13541	14467	1	14
JALVPN010000151	14487	16067	1	15
JALVPN010000151	16051	17991	-1	16
JALVPN010000151	17975	18313	-1	17
JALVPN010000151	18495	20246	1	18
JALVPN010000151	20579	23242	-1	19
JALVPN010000151	23396	23824	1	20
JALVPN010000151	24087	24644	1	21
JALVPN010000151	24701	25456	1	22
JALVPN010000151	25425	26357	-1	23
JALVPN010000151	26601	27182	1	24
JALVPN010000151	27222	27908	1	25
JALVPN010000151	27992	28693	-1	26
JALVPN010000151	28958	29989	1	27
JALVPN010000151	29993	30874	1	28
JALVPN010000152	1	1272	-1	1
JALVPN010000152	1589	2032	1	2
JALVPN010000152	2421	3494	1	3
JALVPN010000152	3707	4684	1	4
JALVPN010000152	4687	5385	1	5
JALVPN010000152	5395	7563	1	6
JALVPN010000152	7576	9021	1	7
JALVPN010000152	9018	10343	1	8
JALVPN010000152	10467	11462	1	9
JALVPN010000153	3	239	1	1
JALVPN010000153	582	1343	-1	2
JALVPN010000153	1349	2137	-1	3
JALVPN010000153	2138	2815	-1	4
JALVPN010000153	2850	3653	-1	5
JALVPN010000154	1	288	-1	1
JALVPN010000154	416	1459	1	2
JALVPN010000154	1477	1905	1	3
JALVPN010000154	1913	2932	-1	4
JALVPN010000154	3007	5904	-1	5
JALVPN010000154	5916	7319	-1	6
JALVPN010000154	7259	8797	-1	7
JALVPN010000154	8802	9578	-1	8
JALVPN010000154	9870	10361	1	9
JALVPN010000154	10439	11395	1	10
JALVPN010000155	1	240	1	1
JALVPN010000155	538	2358	1	2
JALVPN010000155	2958	3845	-1	3
JALVPN010000156	2	1144	1	1
JALVPN010000156	1545	3803	1	2
JALVPN010000157	3	2036	-1	1
JALVPN010000157	2278	3717	-1	2
JALVPN010000157	3954	4319	1	3
JALVPN010000157	4365	5012	-1	4
JALVPN010000157	5135	5572	1	5
JALVPN010000157	5707	5994	1	6
JALVPN010000157	6230	8014	1	7
JALVPN010000157	8271	10040	1	8
JALVPN010000157	10390	10764	1	9
JALVPN010000157	10761	11234	1	10
JALVPN010000158	1	1713	-1	1
JALVPN010000158	1688	2644	-1	2
JALVPN010000158	3381	3578	-1	3
JALVPN010000158	3592	3786	-1	4
JALVPN010000159	3	206	1	1
JALVPN010000159	338	1030	-1	2
JALVPN010000159	1611	3185	1	3
JALVPN010000159	3533	3742	1	4
JALVPN010000160	2	700	1	1
JALVPN010000160	904	3456	1	2
JALVPN010000161	2	625	-1	1
JALVPN010000161	807	1823	1	2
JALVPN010000161	1954	2190	-1	3
JALVPN010000161	2254	2814	-1	4
JALVPN010000161	3155	4609	-1	5
JALVPN010000161	4873	7680	1	6
JALVPN010000161	7888	8337	-1	7
JALVPN010000161	8507	10894	1	8
JALVPN010000161	10891	11007	1	9
JALVPN010000162	1	402	-1	1
JALVPN010000162	709	1209	1	2
JALVPN010000162	1819	3699	-1	3
JALVPN010000163	2	1075	1	1
JALVPN010000163	1386	1841	1	2
JALVPN010000163	1915	3696	1	3
JALVPN010000164	2	745	-1	1
JALVPN010000164	746	1309	-1	2
JALVPN010000164	1412	3169	-1	3
JALVPN010000164	3363	3617	1	4
JALVPN010000164	3740	4843	1	5
JALVPN010000164	5154	7073	1	6
JALVPN010000164	6884	7351	-1	7
JALVPN010000164	7379	7831	1	8
JALVPN010000164	7828	8445	1	9
JALVPN010000164	8457	9032	-1	10
JALVPN010000164	9164	9958	1	11
JALVPN010000164	10041	10523	1	12
JALVPN010000164	10536	10952	1	13
JALVPN010000165	3	200	-1	1
JALVPN010000165	433	522	1	2
JALVPN010000165	720	1400	-1	3
JALVPN010000165	1665	2720	-1	4
JALVPN010000165	2893	3174	-1	5
JALVPN010000165	3310	3498	1	6
JALVPN010000165	3676	4875	-1	7
JALVPN010000165	4879	5649	-1	8
JALVPN010000165	5752	6969	-1	9
JALVPN010000165	7068	7859	1	10
JALVPN010000165	8094	8621	1	11
JALVPN010000165	8645	9256	1	12
JALVPN010000165	9441	9806	1	13
JALVPN010000165	10042	10602	1	14
JALVPN010000165	10919	11308	1	15
JALVPN010000165	11570	12502	-1	16
JALVPN010000165	12942	13397	-1	17
JALVPN010000165	13470	13952	1	18
JALVPN010000165	14031	14225	1	19
JALVPN010000165	14251	14706	1	20
JALVPN010000165	14718	15122	1	21
JALVPN010000165	15100	16317	1	22
JALVPN010000165	16322	17008	1	23
JALVPN010000165	17019	17999	-1	24
JALVPN010000165	18064	19110	1	25
JALVPN010000165	19075	19506	-1	26
JALVPN010000165	19637	20740	1	27
JALVPN010000165	20770	21483	-1	28
JALVPN010000165	21920	22549	1	29
JALVPN010000165	22562	24181	-1	30
JALVPN010000165	24336	26279	-1	31
JALVPN010000165	26468	26962	-1	32
JALVPN010000165	27099	28427	-1	33
JALVPN010000165	28596	28943	1	34
JALVPN010000165	28930	29979	1	35
JALVPN010000165	30071	30808	-1	36
JALVPN010000165	30835	31278	1	37
JALVPN010000165	31316	33241	1	38
JALVPN010000165	33238	35034	1	39
JALVPN010000165	35172	35966	-1	40
JALVPN010000165	35963	36682	-1	41
JALVPN010000165	36739	37152	-1	42
JALVPN010000165	37334	37864	1	43
JALVPN010000165	37923	38174	1	44
JALVPN010000165	38161	38901	1	45
JALVPN010000165	38954	40210	-1	46
JALVPN010000165	40212	40946	1	47
JALVPN010000165	40951	41757	1	48
JALVPN010000165	41862	42203	1	49
JALVPN010000165	42304	42798	-1	50
JALVPN010000165	43107	43865	1	51
JALVPN010000165	44226	44978	-1	52
JALVPN010000165	44950	45537	-1	53
JALVPN010000165	45813	46583	1	54
JALVPN010000165	46590	48266	1	55
JALVPN010000165	48455	49189	-1	56
JALVPN010000165	49419	50660	1	57
JALVPN010000165	51379	52986	1	58
JALVPN010000165	53496	55250	-1	59
JALVPN010000165	55250	56122	-1	60
JALVPN010000165	56268	57629	1	61
JALVPN010000165	58314	58628	-1	62
JALVPN010000165	58625	58828	-1	63
JALVPN010000165	58852	58950	-1	64
JALVPN010000165	59615	60592	-1	65
JALVPN010000165	60605	61009	-1	66
JALVPN010000165	61102	62091	-1	67
JALVPN010000165	62104	63489	-1	68
JALVPN010000165	63919	64269	1	69
JALVPN010000165	64382	64693	-1	70
JALVPN010000165	64668	65570	-1	71
JALVPN010000165	65583	65891	-1	72
JALVPN010000165	65888	65983	-1	73
JALVPN010000165	66206	67144	-1	74
JALVPN010000165	67385	68413	1	75
JALVPN010000165	68515	68721	-1	76
JALVPN010000165	68742	68993	-1	77
JALVPN010000165	69150	69614	-1	78
JALVPN010000165	69713	70711	1	79
JALVPN010000165	70799	71764	-1	80
JALVPN010000165	72144	73190	-1	81
JALVPN010000165	73452	74030	-1	82
JALVPN010000165	74027	74863	-1	83
JALVPN010000165	74847	75809	-1	84
JALVPN010000165	75992	77164	-1	85
JALVPN010000165	77247	77585	-1	86
JALVPN010000165	77659	77949	-1	87
JALVPN010000165	77954	78157	-1	88
JALVPN010000165	78196	78879	-1	89
JALVPN010000165	78851	79390	-1	90
JALVPN010000165	79686	80807	1	91
JALVPN010000165	80878	81747	-1	92
JALVPN010000165	81757	83757	-1	93
JALVPN010000165	83754	84923	-1	94
JALVPN010000166	2	331	-1	1
JALVPN010000166	628	1431	-1	2
JALVPN010000166	1906	2184	1	3
JALVPN010000166	2424	5984	1	4
JALVPN010000166	5999	9610	1	5
JALVPN010000166	10137	10646	-1	6
JALVPN010000167	1	816	-1	1
JALVPN010000167	1060	2052	-1	2
JALVPN010000167	2382	2867	-1	3
JALVPN010000167	3179	4381	-1	4
JALVPN010000167	4642	5862	1	5
JALVPN010000167	6058	6609	-1	6
JALVPN010000167	7158	7430	1	7
JALVPN010000167	7971	8240	-1	8
JALVPN010000167	8862	10064	-1	9
JALVPN010000168	3	830	-1	1
JALVPN010000168	1050	2225	1	2
JALVPN010000168	2280	2834	-1	3
JALVPN010000168	2905	3576	-1	4
JALVPN010000169	3	128	1	1
JALVPN010000169	726	1709	-1	2
JALVPN010000169	1824	3218	-1	3
JALVPN010000170	2	958	1	1
JALVPN010000170	1096	2238	1	2
JALVPN010000170	2253	2960	-1	3
JALVPN010000170	3174	3596	1	4
JALVPN010000170	3994	4278	1	5
JALVPN010000170	4387	6093	1	6
JALVPN010000170	6251	7228	-1	7
JALVPN010000170	7289	7576	1	8
JALVPN010000170	7682	8836	-1	9
JALVPN010000170	8860	10200	-1	10
JALVPN010000170	10197	10550	-1	11
JALVPN010000171	3	176	-1	1
JALVPN010000171	424	2682	-1	2
JALVPN010000171	2920	4191	1	3
JALVPN010000171	4458	5204	1	4
JALVPN010000171	5198	6445	-1	5
JALVPN010000171	6531	7748	1	6
JALVPN010000171	8576	9712	1	7
JALVPN010000171	10047	10250	1	8
JALVPN010000172	75	959	-1	1
JALVPN010000172	1010	1315	-1	2
JALVPN010000172	1350	2252	-1	3
JALVPN010000172	2517	2849	1	4
JALVPN010000172	3011	3247	1	5
JALVPN010000172	3373	4602	1	6
JALVPN010000172	4604	5554	1	7
JALVPN010000172	5733	7673	1	8
JALVPN010000172	7957	8427	1	9
JALVPN010000172	8648	9136	-1	10
JALVPN010000172	9366	9794	1	11
JALVPN010000172	9794	10447	1	12
JALVPN010000173	2	829	1	1
JALVPN010000173	1462	3096	1	2
JALVPN010000173	3110	3514	1	3
JALVPN010000174	214	606	1	1
JALVPN010000174	610	1053	1	2
JALVPN010000174	1046	1210	1	3
JALVPN010000174	1217	1378	1	4
JALVPN010000174	2033	3196	-1	5
JALVPN010000174	3198	4604	-1	6
JALVPN010000174	4640	4966	-1	7
JALVPN010000174	4997	5671	1	8
JALVPN010000174	5761	6960	1	9
JALVPN010000174	7218	7985	1	10
JALVPN010000174	8023	8532	1	11
JALVPN010000174	8706	8807	-1	12
JALVPN010000174	8890	9513	-1	13
JALVPN010000174	9789	9902	-1	14
JALVPN010000174	10432	11586	1	15
JALVPN010000174	11629	12090	-1	16
JALVPN010000174	12203	13132	1	17
JALVPN010000174	13328	14488	1	18
JALVPN010000174	14704	14910	1	19
JALVPN010000174	15100	15996	-1	20
JALVPN010000174	16400	18400	1	21
JALVPN010000174	18461	18844	-1	22
JALVPN010000174	19042	19668	-1	23
JALVPN010000174	19800	20954	-1	24
JALVPN010000174	21365	23461	1	25
JALVPN010000174	23590	24414	1	26
JALVPN010000174	24421	25128	-1	27
JALVPN010000174	25524	27356	1	28
JALVPN010000174	27386	27772	-1	29
JALVPN010000174	27800	28255	1	30
JALVPN010000175	424	741	1	1
JALVPN010000175	789	1328	-1	2
JALVPN010000175	1325	1855	-1	3
JALVPN010000175	2164	2718	1	4
JALVPN010000175	3131	3484	1	5
JALVPN010000175	3497	4021	1	6
JALVPN010000175	4185	4505	1	7
JALVPN010000175	4534	4968	1	8
JALVPN010000175	5104	5859	-1	9
JALVPN010000175	6195	6800	1	10
JALVPN010000175	6868	8016	-1	11
JALVPN010000175	8597	9610	1	12
JALVPN010000175	9731	10354	1	13
JALVPN010000176	195	596	1	1
JALVPN010000176	672	2294	1	2
JALVPN010000176	2662	3672	1	3
JALVPN010000176	3688	4947	1	4
JALVPN010000176	4953	5963	1	5
JALVPN010000176	5967	6944	1	6
JALVPN010000176	7100	8155	-1	7
JALVPN010000176	8136	9806	-1	8
JALVPN010000176	10005	11027	-1	9
JALVPN010000176	11011	12144	-1	10
JALVPN010000176	12362	14971	1	11
JALVPN010000176	15113	15787	1	12
JALVPN010000176	15846	16502	1	13
JALVPN010000176	16591	18165	1	14
JALVPN010000176	18172	19995	1	15
JALVPN010000176	20182	20634	1	16
JALVPN010000176	20860	26808	-1	17
JALVPN010000176	27218	28126	-1	18
JALVPN010000177	2	1306	1	1
JALVPN010000177	1329	1730	1	2
JALVPN010000177	1748	2422	1	3
JALVPN010000177	2625	3293	-1	4
JALVPN010000178	3	1100	1	1
JALVPN010000178	1087	1539	1	2
JALVPN010000178	1685	2677	1	3
JALVPN010000178	2969	3670	1	4
JALVPN010000178	3865	4290	1	5
JALVPN010000178	4410	4946	1	6
JALVPN010000178	5383	6246	1	7
JALVPN010000178	6429	8096	-1	8
JALVPN010000178	8326	8526	-1	9
JALVPN010000178	8846	9097	-1	10
JALVPN010000178	9094	9897	-1	11
JALVPN010000179	180	1658	-1	1
JALVPN010000179	1663	3063	-1	2
JALVPN010000179	3375	3683	1	3
JALVPN010000179	3704	6154	-1	4
JALVPN010000179	6159	8753	-1	5
JALVPN010000179	8841	9950	-1	6
JALVPN010000180	3	143	1	1
JALVPN010000180	363	1025	-1	2
JALVPN010000180	1487	1795	1	3
JALVPN010000180	1852	2007	-1	4
JALVPN010000180	2372	3340	1	5
JALVPN010000181	57	1271	-1	1
JALVPN010000181	1278	1829	-1	2
JALVPN010000181	1848	2231	1	3
JALVPN010000181	2121	3752	-1	4
JALVPN010000181	3771	4316	-1	5
JALVPN010000181	4684	5076	1	6
JALVPN010000181	5078	5680	1	7
JALVPN010000181	5799	6185	1	8
JALVPN010000181	6237	6653	-1	9
JALVPN010000181	6817	7776	-1	10
JALVPN010000181	7773	9332	-1	11
JALVPN010000181	9329	10909	-1	12
JALVPN010000181	11301	12344	-1	13
JALVPN010000181	12575	13378	1	14
JALVPN010000181	13451	14932	-1	15
JALVPN010000181	15066	16697	1	16
JALVPN010000181	17277	17858	-1	17
JALVPN010000181	18068	18583	-1	18
JALVPN010000181	18820	23130	1	19
JALVPN010000181	23366	25315	1	20
JALVPN010000181	25819	26280	1	21
JALVPN010000181	26243	26587	1	22
JALVPN010000181	26915	27064	-1	23
JALVPN010000182	2	322	1	1
JALVPN010000182	655	1611	1	2
JALVPN010000182	1613	2635	1	3
JALVPN010000182	2800	3330	1	4
JALVPN010000183	303	1046	-1	1
JALVPN010000183	1701	2468	1	2
JALVPN010000183	2835	3326	1	3
JALVPN010000184	3	287	-1	1
JALVPN010000184	288	653	-1	2
JALVPN010000184	657	992	-1	3
JALVPN010000184	1576	1776	1	4
JALVPN010000184	2003	2461	-1	5
JALVPN010000184	2830	6243	1	6
JALVPN010000184	6284	6427	-1	7
JALVPN010000184	6510	8987	1	8
JALVPN010000184	9027	9635	-1	9
JALVPN010000185	1	582	1	1
JALVPN010000185	579	1559	1	2
JALVPN010000185	1561	2322	1	3
JALVPN010000185	2336	3025	1	4
JALVPN010000185	3141	3260	-1	5
JALVPN010000186	187	2757	1	1
JALVPN010000186	3120	3998	1	2
JALVPN010000186	4122	4397	1	3
JALVPN010000186	4483	4707	1	4
JALVPN010000186	4763	5122	1	5
JALVPN010000186	5238	7013	1	6
JALVPN010000186	7204	8403	-1	7
JALVPN010000186	8546	8935	-1	8
JALVPN010000186	9221	9742	-1	9
JALVPN010000187	1	537	-1	1
JALVPN010000187	537	2183	-1	2
JALVPN010000187	2194	3444	-1	3
JALVPN010000187	3448	4395	1	4
JALVPN010000187	4588	5505	1	5
JALVPN010000187	5534	7996	-1	6
JALVPN010000187	8276	9541	-1	7
JALVPN010000188	1	825	1	1
JALVPN010000188	1121	3484	-1	2
JALVPN010000188	3493	4209	-1	3
JALVPN010000188	4504	5106	-1	4
JALVPN010000188	5435	6532	1	5
JALVPN010000188	6849	8579	1	6
JALVPN010000188	8654	9010	-1	7
JALVPN010000188	9315	9704	1	8
JALVPN010000189	89	1522	1	1
JALVPN010000189	1519	2670	1	2
JALVPN010000189	2820	3281	-1	3
JALVPN010000189	3379	3633	-1	4
JALVPN010000189	3810	4334	1	5
JALVPN010000189	4513	6396	1	6
JALVPN010000189	6396	7121	1	7
JALVPN010000189	7383	8525	1	8
JALVPN010000189	8730	9683	1	9
JALVPN010000190	1	1410	1	1
JALVPN010000190	1413	2663	-1	2
JALVPN010000190	2884	3468	1	3
JALVPN010000190	3461	4219	1	4
JALVPN010000190	4223	4519	1	5
JALVPN010000190	4550	4984	1	6
JALVPN010000190	5051	5380	1	7
JALVPN010000190	5526	5822	1	8
JALVPN010000190	6011	6778	1	9
JALVPN010000190	6871	8256	1	10
JALVPN010000190	8249	8878	1	11
JALVPN010000190	8880	9176	1	12
JALVPN010000190	9212	9409	1	13
JALVPN010000190	9529	10071	1	14
JALVPN010000190	10073	10939	1	15
JALVPN010000190	10951	12201	1	16
JALVPN010000190	12206	14362	1	17
JALVPN010000190	14359	16656	1	18
JALVPN010000190	16693	16995	1	19
JALVPN010000190	16956	18434	1	20
JALVPN010000190	18739	19149	1	21
JALVPN010000190	19205	20083	1	22
JALVPN010000190	20189	20626	1	23
JALVPN010000190	20640	21056	1	24
JALVPN010000190	21047	21364	-1	25
JALVPN010000190	21361	22059	-1	26
JALVPN010000190	22063	22521	-1	27
JALVPN010000190	22560	23141	-1	28
JALVPN010000190	23327	24241	-1	29
JALVPN010000190	24355	25572	-1	30
JALVPN010000190	25704	26060	1	31
JALVPN010000191	2	2656	-1	1
JALVPN010000191	2788	3201	1	2
JALVPN010000191	3314	3757	-1	3
JALVPN010000191	3825	5156	1	4
JALVPN010000191	5044	6711	-1	5
JALVPN010000191	6718	8421	-1	6
JALVPN010000191	8480	9070	-1	7
JALVPN010000191	9037	9513	-1	8
JALVPN010000192	330	1004	-1	1
JALVPN010000192	1174	2607	-1	2
JALVPN010000192	2741	3376	-1	3
JALVPN010000192	3537	4727	1	4
JALVPN010000192	4849	5613	1	5
JALVPN010000192	5679	7739	-1	6
JALVPN010000192	7739	9505	-1	7
JALVPN010000193	1	957	-1	1
JALVPN010000193	1466	2818	1	2
JALVPN010000193	3088	3168	-1	3
JALVPN010000194	3	2561	-1	1
JALVPN010000194	3058	5118	1	2
JALVPN010000194	5223	6398	-1	3
JALVPN010000194	6437	7120	-1	4
JALVPN010000194	7288	9411	-1	5
JALVPN010000195	65	856	-1	1
JALVPN010000195	1082	1417	-1	2
JALVPN010000195	1627	2598	-1	3
JALVPN010000195	2807	3136	-1	4
JALVPN010000196	355	2400	1	1
JALVPN010000196	2660	3085	1	2
JALVPN010000196	3281	3829	-1	3
JALVPN010000196	4170	4457	1	4
JALVPN010000196	4674	5411	-1	5
JALVPN010000196	5546	7075	-1	6
JALVPN010000196	7129	8379	-1	7
JALVPN010000196	8666	9313	1	8
JALVPN010000196	9472	9762	1	9
JALVPN010000196	9915	10229	-1	10
JALVPN010000196	10226	11506	-1	11
JALVPN010000196	11517	12506	-1	12
JALVPN010000196	12781	13866	1	13
JALVPN010000196	13863	14777	1	14
JALVPN010000196	14981	16075	1	15
JALVPN010000196	16086	16628	1	16
JALVPN010000196	17042	17287	1	17
JALVPN010000196	17267	17545	-1	18
JALVPN010000196	17744	18061	1	19
JALVPN010000196	18111	20735	-1	20
JALVPN010000196	20799	21569	-1	21
JALVPN010000196	21562	22749	-1	22
JALVPN010000196	23060	23311	-1	23
JALVPN010000196	23392	25260	-1	24
JALVPN010000197	1	1716	-1	1
JALVPN010000197	2784	2951	-1	2
JALVPN010000198	2	187	1	1
JALVPN010000198	574	3510	-1	2
JALVPN010000198	3904	4659	1	3
JALVPN010000198	4750	7392	-1	4
JALVPN010000198	7477	7638	1	5
JALVPN010000198	7578	9311	-1	6
JALVPN010000199	3	164	1	1
JALVPN010000199	224	898	1	2
JALVPN010000199	845	1756	-1	3
JALVPN010000199	1808	2677	1	4
JALVPN010000199	2619	3569	1	5
JALVPN010000199	3711	4070	-1	6
JALVPN010000199	4083	4298	-1	7
JALVPN010000199	4359	5411	-1	8
JALVPN010000199	5413	6552	-1	9
JALVPN010000199	6555	7865	-1	10
JALVPN010000199	7883	8926	-1	11
JALVPN010000199	9485	9754	1	12
JALVPN010000199	9777	9962	1	13
JALVPN010000199	9885	10916	-1	14
JALVPN010000199	11180	11419	-1	15
JALVPN010000199	11835	12881	-1	16
JALVPN010000199	13144	16194	1	17
JALVPN010000199	16216	17190	-1	18
JALVPN010000199	17196	17912	-1	19
JALVPN010000199	17893	18849	-1	20
JALVPN010000199	18846	19637	-1	21
JALVPN010000199	19624	21351	-1	22
JALVPN010000199	21351	23546	-1	23
JALVPN010000199	23543	25363	-1	24
JALVPN010000200	2	547	1	1
JALVPN010000200	872	1441	1	2
JALVPN010000200	1516	3288	-1	3
JALVPN010000200	3521	4057	-1	4
JALVPN010000200	4057	5313	-1	5
JALVPN010000200	5333	6490	-1	6
JALVPN010000200	6500	6841	-1	7
JALVPN010000200	6897	7835	1	8
JALVPN010000200	7813	9186	-1	9
JALVPN010000201	2	445	1	1
JALVPN010000201	832	1995	1	2
JALVPN010000201	2062	3321	1	3
JALVPN010000201	3346	3591	1	4
JALVPN010000201	3869	4813	1	5
JALVPN010000201	4813	5571	1	6
JALVPN010000201	5825	6349	-1	7
JALVPN010000201	6499	6900	1	8
JALVPN010000201	6890	7207	-1	9
JALVPN010000201	7271	8341	1	10
JALVPN010000201	8371	9075	-1	11
JALVPN010000202	3	503	1	1
JALVPN010000202	528	2102	1	2
JALVPN010000202	2200	2778	1	3
JALVPN010000202	2814	2978	1	4
JALVPN010000203	2	703	1	1
JALVPN010000203	826	1722	-1	2
JALVPN010000203	1884	2957	1	3
JALVPN010000204	1	840	1	1
JALVPN010000204	842	1714	1	2
JALVPN010000204	1824	3143	-1	3
JALVPN010000204	3288	4118	-1	4
JALVPN010000204	4118	4813	-1	5
JALVPN010000204	4997	5821	1	6
JALVPN010000204	5828	6457	-1	7
JALVPN010000204	6559	7740	-1	8
JALVPN010000204	8126	8887	1	9
JALVPN010000205	44	1003	-1	1
JALVPN010000205	1000	2397	-1	2
JALVPN010000205	2415	2930	-1	3
JALVPN010000206	3	767	-1	1
JALVPN010000206	864	1169	-1	2
JALVPN010000206	1530	2924	-1	3
JALVPN010000207	2	1570	1	1
JALVPN010000207	1672	3813	-1	2
JALVPN010000207	3815	4897	-1	3
JALVPN010000207	5101	6066	1	4
JALVPN010000207	6146	6802	-1	5
JALVPN010000207	6874	7416	-1	6
JALVPN010000207	7541	8128	1	7
JALVPN010000207	8448	8819	1	8
JALVPN010000208	3	221	-1	1
JALVPN010000208	358	900	-1	2
JALVPN010000208	1024	1311	-1	3
JALVPN010000208	1319	1702	-1	4
JALVPN010000208	1657	4278	-1	5
JALVPN010000208	4544	5518	-1	6
JALVPN010000208	5771	6205	1	7
JALVPN010000208	6309	7304	1	8
JALVPN010000208	7315	7977	1	9
JALVPN010000208	7968	9083	1	10
JALVPN010000208	9070	10113	1	11
JALVPN010000208	10106	10516	1	12
JALVPN010000208	10513	10959	1	13
JALVPN010000208	10965	11471	1	14
JALVPN010000208	11477	12688	1	15
JALVPN010000208	12763	13032	1	16
JALVPN010000208	13291	14652	1	17
JALVPN010000208	14905	15183	1	18
JALVPN010000208	15188	15565	1	19
JALVPN010000208	15583	16962	1	20
JALVPN010000208	16983	17525	1	21
JALVPN010000208	17600	18676	-1	22
JALVPN010000208	18993	24080	1	23
JALVPN010000209	2	124	1	1
JALVPN010000209	146	1621	1	2
JALVPN010000209	1885	2859	1	3
JALVPN010000210	3	173	-1	1
JALVPN010000210	394	837	-1	2
JALVPN010000210	929	1471	1	3
JALVPN010000210	1812	3635	1	4
JALVPN010000210	3638	5329	-1	5
JALVPN010000210	5322	5447	-1	6
JALVPN010000210	5557	5763	1	7
JALVPN010000210	5979	6242	-1	8
JALVPN010000210	6328	8475	1	9
JALVPN010000210	8406	8606	-1	10
JALVPN010000211	3	350	1	1
JALVPN010000211	857	964	1	2
JALVPN010000211	970	1557	1	3
JALVPN010000211	1744	2739	1	4
JALVPN010000211	3425	4288	1	5
JALVPN010000211	4426	4704	1	6
JALVPN010000211	4843	5154	1	7
JALVPN010000211	5262	5486	1	8
JALVPN010000211	5507	7177	1	9
JALVPN010000211	7194	7454	-1	10
JALVPN010000211	7634	8332	1	11
JALVPN010000211	8401	9180	-1	12
JALVPN010000211	9208	10482	1	13
JALVPN010000211	10557	11339	1	14
JALVPN010000211	11326	12336	-1	15
JALVPN010000211	12585	14063	-1	16
JALVPN010000211	14060	15250	-1	17
JALVPN010000211	15323	16486	1	18
JALVPN010000211	16671	17825	1	19
JALVPN010000211	17770	18447	-1	20
JALVPN010000211	18502	19155	-1	21
JALVPN010000211	19227	19841	-1	22
JALVPN010000211	19952	20761	1	23
JALVPN010000211	20864	21688	1	24
JALVPN010000211	21894	22289	-1	25
JALVPN010000211	22948	23328	-1	26
JALVPN010000211	23599	24285	-1	27
JALVPN010000211	24362	25009	-1	28
JALVPN010000211	25009	25506	-1	29
JALVPN010000211	25705	26253	-1	30
JALVPN010000211	26313	27191	-1	31
JALVPN010000211	27375	29297	-1	32
JALVPN010000211	29820	31364	-1	33
JALVPN010000211	32284	34269	-1	34
JALVPN010000211	34628	35677	-1	35
JALVPN010000211	36022	37629	-1	36
JALVPN010000211	38153	38467	-1	37
JALVPN010000211	39058	40146	1	38
JALVPN010000211	40875	41864	1	39
JALVPN010000211	41879	42940	1	40
JALVPN010000211	43042	43482	1	41
JALVPN010000211	43773	44693	1	42
JALVPN010000211	45030	45854	1	43
JALVPN010000211	45959	46315	-1	44
JALVPN010000211	46472	46990	1	45
JALVPN010000211	47220	48050	1	46
JALVPN010000211	48083	48808	1	47
JALVPN010000211	48979	51603	-1	48
JALVPN010000211	51746	53047	-1	49
JALVPN010000211	53155	54147	1	50
JALVPN010000211	54190	54564	1	51
JALVPN010000211	54602	55159	-1	52
JALVPN010000211	55421	56755	1	53
JALVPN010000211	56835	57827	-1	54
JALVPN010000211	57993	58949	-1	55
JALVPN010000211	59048	60640	-1	56
JALVPN010000211	60827	60991	1	57
JALVPN010000212	1	1236	-1	1
JALVPN010000212	1822	3201	1	2
JALVPN010000212	3513	6977	-1	3
JALVPN010000212	7069	8229	-1	4
JALVPN010000212	8422	9399	-1	5
JALVPN010000212	9765	12089	1	6
JALVPN010000212	12192	13925	-1	7
JALVPN010000212	14433	19505	1	8
JALVPN010000212	19786	19932	1	9
JALVPN010000212	20346	20795	1	10
JALVPN010000212	21045	22130	-1	11
JALVPN010000212	22366	23451	-1	12
JALVPN010000213	2	859	-1	1
JALVPN010000213	1176	1463	1	2
JALVPN010000213	1811	2092	1	3
JALVPN010000213	2143	2949	-1	4
JALVPN010000213	3003	4895	-1	5
JALVPN010000213	4864	6330	-1	6
JALVPN010000213	6345	9182	-1	7
JALVPN010000213	9253	10593	-1	8
JALVPN010000213	10735	11838	1	9
JALVPN010000213	12101	13480	1	10
JALVPN010000213	13499	13771	-1	11
JALVPN010000213	13978	14262	1	12
JALVPN010000213	14358	15071	1	13
JALVPN010000213	15247	15990	1	14
JALVPN010000213	16022	16279	1	15
JALVPN010000213	16276	16962	-1	16
JALVPN010000213	17184	17417	-1	17
JALVPN010000213	17780	18448	1	18
JALVPN010000213	18494	18838	1	19
JALVPN010000213	18929	20275	-1	20
JALVPN010000213	20377	20766	-1	21
JALVPN010000213	20870	21832	1	22
JALVPN010000213	21826	22860	-1	23
JALVPN010000213	22969	23223	-1	24
JALVPN010000214	2	97	-1	1
JALVPN010000214	123	611	1	2
JALVPN010000214	842	2173	1	3
JALVPN010000214	2252	2749	-1	4
JALVPN010000215	137	1642	-1	1
JALVPN010000215	1887	2342	-1	2
JALVPN010000215	2391	2942	-1	3
JALVPN010000215	2956	3441	-1	4
JALVPN010000215	3438	4112	-1	5
JALVPN010000215	4129	4902	-1	6
JALVPN010000215	4902	5354	-1	7
JALVPN010000215	5356	6243	-1	8
JALVPN010000215	6257	6820	-1	9
JALVPN010000215	6832	7224	-1	10
JALVPN010000215	7241	7462	-1	11
JALVPN010000215	7428	8006	-1	12
JALVPN010000215	8009	8755	-1	13
JALVPN010000215	8760	9146	-1	14
JALVPN010000215	9162	9584	-1	15
JALVPN010000215	9588	9950	-1	16
JALVPN010000215	9957	10241	-1	17
JALVPN010000215	10238	10453	-1	18
JALVPN010000215	10456	11274	-1	19
JALVPN010000215	11274	11738	-1	20
JALVPN010000215	12118	12507	-1	21
JALVPN010000215	12718	13482	-1	22
JALVPN010000215	13732	13950	1	23
JALVPN010000215	14065	14655	1	24
JALVPN010000215	14765	15376	1	25
JALVPN010000215	15716	16012	-1	26
JALVPN010000215	16455	16712	1	27
JALVPN010000215	16752	17840	1	28
JALVPN010000215	17892	18524	-1	29
JALVPN010000215	18561	20525	-1	30
JALVPN010000215	20674	21603	-1	31
JALVPN010000215	21600	22103	-1	32
JALVPN010000215	22100	23113	-1	33
JALVPN010000216	1	2901	-1	1
JALVPN010000216	2871	3482	-1	2
JALVPN010000216	3451	3687	-1	3
JALVPN010000216	3807	5012	-1	4
JALVPN010000216	5110	7134	1	5
JALVPN010000216	7131	8705	1	6
JALVPN010000216	8817	9620	-1	7
JALVPN010000216	9726	11462	-1	8
JALVPN010000216	11680	12033	1	9
JALVPN010000216	12196	12987	-1	10
JALVPN010000216	13410	14522	1	11
JALVPN010000216	14519	15376	1	12
JALVPN010000216	15588	16178	1	13
JALVPN010000216	16632	17498	-1	14
JALVPN010000216	17661	18950	-1	15
JALVPN010000216	19018	19752	-1	16
JALVPN010000216	19802	20329	-1	17
JALVPN010000216	20451	21272	1	18
JALVPN010000216	21282	22430	-1	19
JALVPN010000216	22779	22967	-1	20
JALVPN010000217	2	490	-1	1
JALVPN010000217	490	825	-1	2
JALVPN010000217	1076	3070	1	3
JALVPN010000217	3046	3564	-1	4
JALVPN010000217	4147	5334	-1	5
JALVPN010000217	5431	5901	-1	6
JALVPN010000217	6194	8185	-1	7
JALVPN010000217	8426	8995	-1	8
JALVPN010000217	9025	9276	1	9
JALVPN010000217	9384	10280	-1	10
JALVPN010000217	10307	10813	-1	11
JALVPN010000217	10932	12134	1	12
JALVPN010000217	12141	12737	1	13
JALVPN010000217	12780	13121	-1	14
JALVPN010000217	13253	13447	-1	15
JALVPN010000217	13518	13865	-1	16
JALVPN010000217	14180	14698	1	17
JALVPN010000217	14743	15657	1	18
JALVPN010000217	15644	16393	-1	19
JALVPN010000217	16490	16711	1	20
JALVPN010000217	16862	17023	1	21
JALVPN010000217	17068	17889	-1	22
JALVPN010000217	17889	18767	-1	23
JALVPN010000217	18809	20122	1	24
JALVPN010000217	20119	20817	1	25
JALVPN010000217	20814	21284	1	26
JALVPN010000217	21320	22297	1	27
JALVPN010000217	22294	22980	-1	28
JALVPN010000217	23346	23552	1	29
JALVPN010000217	23498	24325	1	30
JALVPN010000217	24692	25816	1	31
JALVPN010000217	25818	26192	1	32
JALVPN010000217	26189	27076	-1	33
JALVPN010000217	27194	27331	1	34
JALVPN010000217	27344	28354	1	35
JALVPN010000217	28372	29160	1	36
JALVPN010000217	29174	29437	1	37
JALVPN010000217	29448	30167	1	38
JALVPN010000217	30392	30553	1	39
JALVPN010000217	30572	31843	1	40
JALVPN010000217	31947	32381	-1	41
JALVPN010000217	32527	33354	1	42
JALVPN010000217	33360	33887	1	43
JALVPN010000217	33884	34159	-1	44
JALVPN010000217	34297	35331	-1	45
JALVPN010000217	35328	36179	-1	46
JALVPN010000217	36292	37212	1	47
JALVPN010000217	37540	37776	-1	48
JALVPN010000217	37983	39578	1	49
JALVPN010000217	39787	40248	1	50
JALVPN010000217	40268	41125	1	51
JALVPN010000217	41076	42095	1	52
JALVPN010000217	42218	42892	1	53
JALVPN010000217	43654	44979	1	54
JALVPN010000217	45134	46570	1	55
JALVPN010000217	46596	47684	1	56
JALVPN010000217	47693	48811	-1	57
JALVPN010000217	48814	49518	-1	58
JALVPN010000217	49519	50448	-1	59
JALVPN010000217	50506	51675	-1	60
JALVPN010000217	51914	52297	1	61
JALVPN010000217	52368	53609	1	62
JALVPN010000217	53652	54047	1	63
JALVPN010000217	54315	54884	1	64
JALVPN010000217	54899	55111	1	65
JALVPN010000217	55471	55764	1	66
JALVPN010000217	55761	55928	1	67
JALVPN010000217	55971	56231	-1	68
JALVPN010000217	56811	57131	-1	69
JALVPN010000217	57300	57548	1	70
JALVPN010000217	57596	58459	-1	71
JALVPN010000217	58462	59307	-1	72
JALVPN010000217	59308	59718	-1	73
JALVPN010000218	2	76	1	1
JALVPN010000218	77	1051	1	2
JALVPN010000218	1283	2509	1	3
JALVPN010000218	2814	3632	1	4
JALVPN010000218	3644	3991	1	5
JALVPN010000218	3981	4292	-1	6
JALVPN010000218	4336	5382	-1	7
JALVPN010000218	5487	5966	-1	8
JALVPN010000218	6145	6513	-1	9
JALVPN010000218	6785	7144	1	10
JALVPN010000218	7305	8828	-1	11
JALVPN010000218	9131	9949	1	12
JALVPN010000218	10038	10940	1	13
JALVPN010000218	10948	11409	1	14
JALVPN010000218	11421	11657	-1	15
JALVPN010000218	11667	13496	-1	16
JALVPN010000218	13493	13939	-1	17
JALVPN010000218	13997	15454	-1	18
JALVPN010000218	15483	15881	-1	19
JALVPN010000218	16015	17244	1	20
JALVPN010000218	17820	18857	1	21
JALVPN010000218	18854	19780	1	22
JALVPN010000218	19770	20717	1	23
JALVPN010000218	20714	21811	-1	24
JALVPN010000218	21830	22906	1	25
JALVPN010000219	1	1197	1	1
JALVPN010000219	1187	2470	-1	2
JALVPN010000219	2467	5658	-1	3
JALVPN010000219	6093	8111	1	4
JALVPN010000219	8191	8328	1	5
JALVPN010000220	23	262	-1	1
JALVPN010000220	647	1948	1	2
JALVPN010000220	2183	4783	-1	3
JALVPN010000220	5354	6091	1	4
JALVPN010000220	6383	7885	-1	5
JALVPN010000220	7982	8323	-1	6
JALVPN010000221	3	476	-1	1
JALVPN010000221	473	748	-1	2
JALVPN010000221	741	1328	-1	3
JALVPN010000221	1325	3370	-1	4
JALVPN010000221	3377	3988	-1	5
JALVPN010000221	3993	4445	-1	6
JALVPN010000221	4442	5509	-1	7
JALVPN010000221	5626	6396	-1	8
JALVPN010000221	6684	7337	-1	9
JALVPN010000221	7334	8257	-1	10
JALVPN010000221	8702	10489	-1	11
JALVPN010000221	10494	11027	1	12
JALVPN010000221	11263	11685	-1	13
JALVPN010000221	11685	12125	-1	14
JALVPN010000221	12272	12523	-1	15
JALVPN010000221	12477	12953	-1	16
JALVPN010000221	12988	13203	-1	17
JALVPN010000221	13240	13878	-1	18
JALVPN010000221	13871	14881	-1	19
JALVPN010000221	15199	15858	-1	20
JALVPN010000221	15871	16998	-1	21
JALVPN010000221	17106	17576	-1	22
JALVPN010000221	17552	17695	-1	23
JALVPN010000221	17808	18278	-1	24
JALVPN010000221	18747	19325	-1	25
JALVPN010000221	19325	20281	-1	26
JALVPN010000221	20537	21241	-1	27
JALVPN010000221	21238	22221	-1	28
JALVPN010000221	22205	22471	-1	29
JALVPN010000221	22511	22699	-1	30
JALVPN010000222	2	1609	-1	1
JALVPN010000222	1867	3198	-1	2
JALVPN010000222	3253	3726	-1	3
JALVPN010000222	3863	5836	-1	4
JALVPN010000222	5844	6485	-1	5
JALVPN010000222	6600	7142	1	6
JALVPN010000222	7371	8945	1	7
JALVPN010000222	8958	10496	1	8
JALVPN010000222	10729	11052	-1	9
JALVPN010000222	11110	11832	-1	10
JALVPN010000222	12034	13068	-1	11
JALVPN010000222	13034	13390	-1	12
JALVPN010000222	13592	13927	-1	13
JALVPN010000222	13946	14311	-1	14
JALVPN010000222	14316	14684	-1	15
JALVPN010000222	14746	14976	-1	16
JALVPN010000222	15170	16078	-1	17
JALVPN010000222	16293	18248	1	18
JALVPN010000222	18491	19423	1	19
JALVPN010000222	19936	20163	1	20
JALVPN010000222	20160	20531	-1	21
JALVPN010000222	20786	21481	1	22
JALVPN010000222	21505	22215	1	23
JALVPN010000223	3	992	-1	1
JALVPN010000223	1342	2691	-1	2
JALVPN010000223	2869	3978	-1	3
JALVPN010000223	4147	5541	-1	4
JALVPN010000223	5771	7321	1	5
JALVPN010000223	7464	9485	1	6
JALVPN010000223	9495	10688	-1	7
JALVPN010000223	10792	12033	1	8
JALVPN010000223	12158	14092	1	9
JALVPN010000223	14150	15274	-1	10
JALVPN010000223	15562	17937	1	11
JALVPN010000223	17992	18651	-1	12
JALVPN010000223	18802	19047	-1	13
JALVPN010000223	19154	20257	-1	14
JALVPN010000223	20427	21392	-1	15
JALVPN010000223	21476	22312	1	16
JALVPN010000224	1	1761	-1	1
JALVPN010000224	1991	2533	1	2
JALVPN010000224	2669	4264	1	3
JALVPN010000224	4291	5223	1	4
JALVPN010000224	5554	7071	1	5
JALVPN010000224	7211	8068	1	6
JALVPN010000224	8065	8166	1	7
JALVPN010000225	2	1390	1	1
JALVPN010000225	1772	2659	1	2
JALVPN010000226	3	668	1	1
JALVPN010000226	928	2334	1	2
JALVPN010000226	2449	3141	1	3
JALVPN010000226	3582	10166	1	4
JALVPN010000226	10170	14048	1	5
JALVPN010000226	13990	18099	1	6
JALVPN010000226	18986	19081	1	7
JALVPN010000226	19121	21361	1	8
JALVPN010000226	21478	22251	-1	9
JALVPN010000227	3	659	-1	1
JALVPN010000227	887	1744	-1	2
JALVPN010000227	1918	2643	-1	3
JALVPN010000228	2	187	-1	1
JALVPN010000228	703	1473	1	2
JALVPN010000228	1669	2628	1	3
JALVPN010000229	1	1632	1	1
JALVPN010000229	1928	2623	1	2
