Contig	Start	End	Strand	Pos
JAENYE010000001	311	1117	1	1
JAENYE010000001	1074	2714	-1	2
JAENYE010000001	2716	4161	-1	3
JAENYE010000001	4164	5420	-1	4
JAENYE010000001	5431	6441	-1	5
JAENYE010000001	6606	7790	1	6
JAENYE010000001	7830	10559	-1	7
JAENYE010000001	10872	11720	-1	8
JAENYE010000001	11746	12714	-1	9
JAENYE010000001	12692	13513	-1	10
JAENYE010000001	13510	13980	-1	11
JAENYE010000001	13980	15191	-1	12
JAENYE010000001	15188	16318	-1	13
JAENYE010000001	16290	17546	-1	14
JAENYE010000001	17543	18514	-1	15
JAENYE010000001	18496	19389	-1	16
JAENYE010000001	19373	20329	-1	17
JAENYE010000001	20918	21826	-1	18
JAENYE010000001	22606	22878	1	19
JAENYE010000001	22894	24063	1	20
JAENYE010000001	24074	24655	1	21
JAENYE010000001	24660	25562	1	22
JAENYE010000001	25574	27595	1	23
JAENYE010000001	27596	28021	1	24
JAENYE010000001	28046	28447	1	25
JAENYE010000001	28444	29757	1	26
JAENYE010000001	29761	31464	1	27
JAENYE010000001	31477	32283	1	28
JAENYE010000001	32646	33950	1	29
JAENYE010000001	33967	34443	1	30
JAENYE010000001	34445	35068	1	31
JAENYE010000001	35082	35843	1	32
JAENYE010000001	35851	37557	1	33
JAENYE010000001	37752	38648	1	34
JAENYE010000001	38645	39496	1	35
JAENYE010000001	39497	40348	1	36
JAENYE010000001	40349	40633	1	37
JAENYE010000001	40644	41366	1	38
JAENYE010000001	41411	41584	1	39
JAENYE010000001	41586	42323	1	40
JAENYE010000001	42339	43376	1	41
JAENYE010000001	43580	44545	-1	42
JAENYE010000001	44713	45663	1	43
JAENYE010000001	45660	46916	1	44
JAENYE010000001	47074	48111	1	45
JAENYE010000001	48270	48674	-1	46
JAENYE010000001	48681	49454	-1	47
JAENYE010000001	49397	50929	-1	48
JAENYE010000001	50919	51485	-1	49
JAENYE010000001	51708	52283	-1	50
JAENYE010000001	52276	53325	-1	51
JAENYE010000001	53357	54535	1	52
JAENYE010000001	54546	55190	1	53
JAENYE010000001	55187	55729	-1	54
JAENYE010000001	55729	56349	-1	55
JAENYE010000001	56356	57024	-1	56
JAENYE010000001	57276	58709	-1	57
JAENYE010000001	58730	59155	-1	58
JAENYE010000001	59161	59622	-1	59
JAENYE010000001	59622	60239	-1	60
JAENYE010000001	60241	60768	-1	61
JAENYE010000001	60768	61220	-1	62
JAENYE010000001	61213	61647	-1	63
JAENYE010000001	61653	62177	-1	64
JAENYE010000001	62192	62584	-1	65
JAENYE010000001	62596	62775	-1	66
JAENYE010000001	62779	63282	-1	67
JAENYE010000001	63279	64013	-1	68
JAENYE010000001	64013	64378	-1	69
JAENYE010000001	64392	64790	-1	70
JAENYE010000001	64787	65113	-1	71
JAENYE010000001	65127	65399	-1	72
JAENYE010000001	65396	65599	-1	73
JAENYE010000001	65600	66307	-1	74
JAENYE010000001	66307	66774	-1	75
JAENYE010000001	66774	67187	-1	76
JAENYE010000001	67198	67917	-1	77
JAENYE010000001	67929	68177	-1	78
JAENYE010000001	68174	68923	-1	79
JAENYE010000001	68930	69943	-1	80
JAENYE010000001	69951	70538	-1	81
JAENYE010000001	70755	71159	-1	82
JAENYE010000001	71351	72142	1	83
JAENYE010000001	72239	73660	-1	84
JAENYE010000001	73687	74616	-1	85
JAENYE010000001	74803	75810	-1	86
JAENYE010000001	76155	78071	1	87
JAENYE010000001	78055	79023	-1	88
JAENYE010000001	79020	79508	-1	89
JAENYE010000001	79698	82745	-1	90
JAENYE010000001	83077	86001	-1	91
JAENYE010000001	86281	87675	-1	92
JAENYE010000001	87715	89238	-1	93
JAENYE010000001	89475	89861	1	94
JAENYE010000001	89858	90292	1	95
JAENYE010000001	90539	92806	-1	96
JAENYE010000001	93303	94076	1	97
JAENYE010000001	94254	95072	1	98
JAENYE010000001	95343	95768	-1	99
JAENYE010000001	95963	96697	-1	100
JAENYE010000001	96733	97332	-1	101
JAENYE010000001	97329	98189	-1	102
JAENYE010000001	98271	99194	1	103
JAENYE010000001	99187	100461	-1	104
JAENYE010000001	100488	101183	1	105
JAENYE010000001	101188	102099	1	106
JAENYE010000001	102429	103085	1	107
JAENYE010000001	103353	104483	-1	108
JAENYE010000001	104548	105759	-1	109
JAENYE010000001	105854	106702	-1	110
JAENYE010000001	106793	107152	1	111
JAENYE010000001	107133	107330	1	112
JAENYE010000001	107490	108080	1	113
JAENYE010000001	108127	109458	-1	114
JAENYE010000001	109591	110283	1	115
JAENYE010000001	110280	110579	1	116
JAENYE010000001	110613	111389	1	117
JAENYE010000001	111386	112591	1	118
JAENYE010000001	112705	114204	1	119
JAENYE010000001	114257	115342	1	120
JAENYE010000001	115369	116079	-1	121
JAENYE010000001	116153	116701	-1	122
JAENYE010000001	116821	118074	1	123
JAENYE010000001	118049	118315	-1	124
JAENYE010000001	118428	119144	1	125
JAENYE010000001	119239	120078	1	126
JAENYE010000001	120138	121781	-1	127
JAENYE010000001	122020	123099	1	128
JAENYE010000001	123216	124142	1	129
JAENYE010000001	124232	124558	1	130
JAENYE010000001	125106	125678	-1	131
JAENYE010000001	125675	126688	-1	132
JAENYE010000001	126669	127349	-1	133
JAENYE010000001	127297	128091	-1	134
JAENYE010000001	128060	128932	-1	135
JAENYE010000001	128929	129645	-1	136
JAENYE010000001	129638	130255	-1	137
JAENYE010000001	130246	130776	-1	138
JAENYE010000001	130956	131144	1	139
JAENYE010000001	131134	132330	1	140
JAENYE010000001	132322	132987	-1	141
JAENYE010000001	133011	133670	1	142
JAENYE010000001	133711	135042	1	143
JAENYE010000001	135287	136390	-1	144
JAENYE010000001	136392	136850	-1	145
JAENYE010000001	136897	137508	-1	146
JAENYE010000001	137545	138519	-1	147
JAENYE010000001	138516	138746	-1	148
JAENYE010000001	138814	139992	-1	149
JAENYE010000001	140313	140588	-1	150
JAENYE010000001	140663	141856	-1	151
JAENYE010000001	141876	143078	-1	152
JAENYE010000001	143075	143743	-1	153
JAENYE010000001	143749	144921	-1	154
JAENYE010000001	145121	145804	1	155
JAENYE010000001	145911	146585	-1	156
JAENYE010000001	146582	147718	-1	157
JAENYE010000001	147848	149470	1	158
JAENYE010000001	149668	150990	-1	159
JAENYE010000001	150998	151963	-1	160
JAENYE010000001	152145	152891	1	161
JAENYE010000001	152885	153676	-1	162
JAENYE010000001	153741	155024	1	163
JAENYE010000001	155024	155746	1	164
JAENYE010000001	156093	156986	-1	165
JAENYE010000001	157036	157893	1	166
JAENYE010000001	157890	159839	1	167
JAENYE010000001	159832	160698	1	168
JAENYE010000001	160695	161480	-1	169
JAENYE010000001	161548	162654	1	170
JAENYE010000001	162626	163096	-1	171
JAENYE010000001	163233	164402	1	172
JAENYE010000001	164739	165752	-1	173
JAENYE010000001	166091	166735	-1	174
JAENYE010000001	166740	167012	-1	175
JAENYE010000001	167068	167715	1	176
JAENYE010000001	167820	168197	1	177
JAENYE010000001	168080	168523	-1	178
JAENYE010000001	168520	169959	-1	179
JAENYE010000001	170049	170471	1	180
JAENYE010000001	170468	170935	1	181
JAENYE010000001	171101	172099	1	182
JAENYE010000001	172177	172575	-1	183
JAENYE010000001	172692	174473	-1	184
JAENYE010000001	174913	175224	1	185
JAENYE010000001	176085	177428	1	186
JAENYE010000001	177833	179137	1	187
JAENYE010000001	179164	179919	-1	188
JAENYE010000001	179989	180702	-1	189
JAENYE010000001	180761	181180	1	190
JAENYE010000001	181177	183435	1	191
JAENYE010000001	183552	184250	1	192
JAENYE010000001	184269	185063	-1	193
JAENYE010000001	185167	185736	-1	194
JAENYE010000001	186085	186270	1	195
JAENYE010000001	186256	187104	-1	196
JAENYE010000001	187159	190293	-1	197
JAENYE010000001	190561	191826	-1	198
JAENYE010000001	191979	192269	1	199
JAENYE010000001	192524	193075	1	200
JAENYE010000001	193318	193734	1	201
JAENYE010000001	193945	194310	1	202
JAENYE010000001	194586	194951	1	203
JAENYE010000001	195189	196487	1	204
JAENYE010000001	197048	198694	1	205
JAENYE010000001	198789	201317	1	206
JAENYE010000001	201349	201885	1	207
JAENYE010000001	202215	202775	1	208
JAENYE010000001	203008	203208	1	209
JAENYE010000001	203536	203727	-1	210
JAENYE010000001	203905	204456	1	211
JAENYE010000001	204450	205430	1	212
JAENYE010000001	205430	206365	1	213
JAENYE010000001	206362	207003	1	214
JAENYE010000001	207015	207701	1	215
JAENYE010000001	207836	208708	-1	216
JAENYE010000001	209251	209556	-1	217
JAENYE010000001	209697	210359	1	218
JAENYE010000001	210618	211547	-1	219
JAENYE010000001	211551	212126	-1	220
JAENYE010000001	212128	212805	-1	221
JAENYE010000001	212907	213965	-1	222
JAENYE010000001	214212	215390	1	223
JAENYE010000001	215260	215880	-1	224
JAENYE010000001	215877	218171	-1	225
JAENYE010000001	218392	218850	1	226
JAENYE010000001	218857	220074	1	227
JAENYE010000001	220071	220295	1	228
JAENYE010000001	220379	220972	1	229
JAENYE010000001	221107	221574	1	230
JAENYE010000001	221602	222837	1	231
JAENYE010000001	222854	223702	1	232
JAENYE010000001	223699	224532	1	233
JAENYE010000001	224649	225842	1	234
JAENYE010000001	226147	227223	1	235
JAENYE010000001	227616	229625	-1	236
JAENYE010000001	229622	230431	-1	237
JAENYE010000001	230415	230927	-1	238
JAENYE010000001	230985	233198	1	239
JAENYE010000001	233633	235279	-1	240
JAENYE010000001	235756	236073	-1	241
JAENYE010000001	236105	237130	-1	242
JAENYE010000001	237130	237771	-1	243
JAENYE010000001	237823	238299	-1	244
JAENYE010000001	238497	238979	-1	245
JAENYE010000001	238976	239185	-1	246
JAENYE010000001	239192	240289	-1	247
JAENYE010000001	240286	241623	-1	248
JAENYE010000001	241693	241875	1	249
JAENYE010000001	241872	243074	1	250
JAENYE010000001	243068	244978	1	251
JAENYE010000001	244905	245387	-1	252
JAENYE010000001	245753	248932	1	253
JAENYE010000001	248915	249649	-1	254
JAENYE010000001	249691	249954	-1	255
JAENYE010000001	250007	251143	1	256
JAENYE010000001	251775	253424	-1	257
JAENYE010000001	253597	254220	-1	258
JAENYE010000001	254217	255719	-1	259
JAENYE010000001	256226	256495	-1	260
JAENYE010000001	256545	257249	-1	261
JAENYE010000001	257572	260097	1	262
JAENYE010000001	260151	261038	-1	263
JAENYE010000001	261119	262924	1	264
JAENYE010000001	262921	264003	1	265
JAENYE010000001	264122	264799	1	266
JAENYE010000001	264854	266161	1	267
JAENYE010000001	266313	267053	1	268
JAENYE010000001	267258	268058	1	269
JAENYE010000001	268097	269179	-1	270
JAENYE010000001	269314	270525	1	271
JAENYE010000001	270736	272316	1	272
JAENYE010000001	272229	273083	-1	273
JAENYE010000001	273245	274075	-1	274
JAENYE010000001	274170	274706	-1	275
JAENYE010000001	274703	275131	-1	276
JAENYE010000001	275289	276122	-1	277
JAENYE010000001	276216	277301	-1	278
JAENYE010000001	278098	279804	-1	279
JAENYE010000001	279810	280574	-1	280
JAENYE010000001	280665	281135	-1	281
JAENYE010000001	281152	282456	-1	282
JAENYE010000001	283619	284032	1	283
JAENYE010000001	284032	285408	1	284
JAENYE010000001	285405	287111	1	285
JAENYE010000001	287125	287925	1	286
JAENYE010000001	287989	289254	1	287
JAENYE010000001	289268	290017	-1	288
JAENYE010000001	290143	290919	1	289
JAENYE010000001	290921	292102	1	290
JAENYE010000001	292442	292807	1	291
JAENYE010000001	292963	294867	1	292
JAENYE010000001	294864	295727	1	293
JAENYE010000001	295724	296209	1	294
JAENYE010000001	296206	296586	1	295
JAENYE010000001	296571	297650	1	296
JAENYE010000001	297658	298056	1	297
JAENYE010000001	298222	299592	-1	298
JAENYE010000001	299706	301493	-1	299
JAENYE010000001	301590	302195	-1	300
JAENYE010000001	302390	303151	-1	301
JAENYE010000001	303291	304223	1	302
JAENYE010000001	304585	306498	1	303
JAENYE010000001	306483	309212	-1	304
JAENYE010000001	309445	309780	-1	305
JAENYE010000001	309883	311001	1	306
JAENYE010000001	310998	311234	1	307
JAENYE010000001	311239	312687	-1	308
JAENYE010000001	313058	313633	-1	309
JAENYE010000001	313638	313901	-1	310
JAENYE010000001	314023	314475	1	311
JAENYE010000001	314526	314981	-1	312
JAENYE010000001	315042	315509	-1	313
JAENYE010000001	315563	316054	-1	314
JAENYE010000001	316182	316301	-1	315
JAENYE010000001	316320	317024	-1	316
JAENYE010000001	317165	317590	1	317
JAENYE010000001	317595	318032	1	318
JAENYE010000001	318039	319838	-1	319
JAENYE010000001	319993	320376	1	320
JAENYE010000001	320516	321418	1	321
JAENYE010000001	321420	321740	1	322
JAENYE010000001	322391	323719	-1	323
JAENYE010000001	323868	324899	1	324
JAENYE010000001	324896	326407	1	325
JAENYE010000001	326413	327150	1	326
JAENYE010000001	327156	328175	1	327
JAENYE010000001	328321	329649	-1	328
JAENYE010000001	329890	330501	1	329
JAENYE010000001	330541	330798	1	330
JAENYE010000001	330815	331834	1	331
JAENYE010000001	331837	332586	1	332
JAENYE010000001	332601	332711	-1	333
JAENYE010000001	332728	334716	-1	334
JAENYE010000001	334973	336346	-1	335
JAENYE010000001	336343	336882	-1	336
JAENYE010000001	337225	337386	1	337
JAENYE010000001	337383	339578	1	338
JAENYE010000001	339664	340695	1	339
JAENYE010000001	341048	342490	-1	340
JAENYE010000001	342759	343208	-1	341
JAENYE010000001	343212	343499	-1	342
JAENYE010000001	343511	344683	-1	343
JAENYE010000001	344680	347328	-1	344
JAENYE010000001	347350	349164	-1	345
JAENYE010000001	349161	350702	-1	346
JAENYE010000001	350746	350943	-1	347
JAENYE010000001	351341	351772	1	348
JAENYE010000001	351872	352507	-1	349
JAENYE010000001	352507	352884	-1	350
JAENYE010000001	353225	354010	1	351
JAENYE010000001	354007	354210	1	352
JAENYE010000001	354390	355247	1	353
JAENYE010000001	355896	357062	-1	354
JAENYE010000001	357133	357759	-1	355
JAENYE010000001	357766	359151	-1	356
JAENYE010000001	359154	360908	-1	357
JAENYE010000001	360908	361210	-1	358
JAENYE010000001	361212	362270	-1	359
JAENYE010000001	362283	362861	-1	360
JAENYE010000001	362873	363130	-1	361
JAENYE010000001	363135	365078	-1	362
JAENYE010000001	365065	365394	-1	363
JAENYE010000001	365446	365982	-1	364
JAENYE010000001	365966	366118	-1	365
JAENYE010000001	366228	366491	-1	366
JAENYE010000001	366492	367784	-1	367
JAENYE010000001	367781	369109	-1	368
JAENYE010000001	369116	371101	-1	369
JAENYE010000001	371135	371992	1	370
JAENYE010000001	371979	372965	1	371
JAENYE010000001	372962	373417	1	372
JAENYE010000001	373440	374054	1	373
JAENYE010000001	374260	375849	1	374
JAENYE010000001	375851	376054	-1	375
JAENYE010000001	376295	378343	-1	376
JAENYE010000001	378433	378681	-1	377
JAENYE010000001	378845	380713	1	378
JAENYE010000001	380959	381807	1	379
JAENYE010000001	381797	382432	1	380
JAENYE010000001	382429	382797	-1	381
JAENYE010000001	382961	383482	1	382
JAENYE010000001	383590	383808	-1	383
JAENYE010000001	384140	384298	-1	384
JAENYE010000001	384383	385996	-1	385
JAENYE010000001	386084	387460	-1	386
JAENYE010000001	387602	388822	1	387
JAENYE010000001	389144	389482	-1	388
JAENYE010000001	389545	390489	-1	389
JAENYE010000001	390494	391792	-1	390
JAENYE010000001	391798	391962	-1	391
JAENYE010000001	392191	392391	1	392
JAENYE010000001	392430	392924	-1	393
JAENYE010000001	393272	394222	1	394
JAENYE010000001	394228	395064	1	395
JAENYE010000001	395090	395950	1	396
JAENYE010000001	396040	397143	1	397
JAENYE010000001	397145	397714	1	398
JAENYE010000001	398002	398349	1	399
JAENYE010000001	398346	398762	-1	400
JAENYE010000001	399507	400946	-1	401
JAENYE010000001	400956	401138	-1	402
JAENYE010000001	401153	401380	-1	403
JAENYE010000001	401491	401988	1	404
JAENYE010000001	402039	402416	1	405
JAENYE010000001	402416	402943	1	406
JAENYE010000001	403020	403256	1	407
JAENYE010000001	403719	406151	-1	408
JAENYE010000001	406193	407857	1	409
JAENYE010000001	407854	409317	1	410
JAENYE010000001	409339	410175	-1	411
JAENYE010000001	410165	411478	-1	412
JAENYE010000001	411613	412749	-1	413
JAENYE010000001	413018	413395	1	414
JAENYE010000001	413340	413744	1	415
JAENYE010000001	414116	414382	1	416
JAENYE010000001	414382	415296	1	417
JAENYE010000001	415630	416559	1	418
JAENYE010000001	416859	418118	1	419
JAENYE010000001	418489	419577	1	420
JAENYE010000001	419577	420443	1	421
JAENYE010000001	420440	421375	1	422
JAENYE010000001	421372	423228	1	423
JAENYE010000001	423371	424351	1	424
JAENYE010000001	424375	425511	1	425
JAENYE010000001	425528	426253	1	426
JAENYE010000001	426255	428468	1	427
JAENYE010000001	428465	429508	1	428
JAENYE010000001	429567	431102	1	429
JAENYE010000001	431176	432120	1	430
JAENYE010000001	432122	433267	1	431
JAENYE010000001	433380	434564	1	432
JAENYE010000001	434581	435675	1	433
JAENYE010000001	435659	436546	1	434
JAENYE010000001	436742	437695	1	435
JAENYE010000001	438850	439866	-1	436
JAENYE010000001	439908	441413	-1	437
JAENYE010000001	441442	442326	-1	438
JAENYE010000001	442561	443556	-1	439
JAENYE010000001	443598	445331	-1	440
JAENYE010000001	445505	446260	1	441
JAENYE010000001	446273	447181	1	442
JAENYE010000001	447173	448021	-1	443
JAENYE010000001	448144	448542	1	444
JAENYE010000001	448512	449666	-1	445
JAENYE010000001	449800	452253	1	446
JAENYE010000001	452216	452818	-1	447
JAENYE010000001	452920	453036	1	448
JAENYE010000001	453107	453322	-1	449
JAENYE010000001	453462	454316	-1	450
JAENYE010000001	454332	454601	-1	451
JAENYE010000001	454607	454801	-1	452
JAENYE010000001	454836	456011	-1	453
JAENYE010000001	456111	456611	-1	454
JAENYE010000001	456699	457565	1	455
JAENYE010000001	457557	458147	-1	456
JAENYE010000001	458285	458530	1	457
JAENYE010000001	458541	458666	1	458
JAENYE010000001	458672	459022	1	459
JAENYE010000001	459593	460834	1	460
JAENYE010000001	460846	461052	1	461
JAENYE010000001	461095	461706	1	462
JAENYE010000001	461703	462317	1	463
JAENYE010000001	462537	466265	1	464
JAENYE010000001	466282	466890	-1	465
JAENYE010000001	466960	467244	1	466
JAENYE010000001	467314	468183	-1	467
JAENYE010000001	468180	469331	-1	468
JAENYE010000001	469328	469813	-1	469
JAENYE010000001	469824	470810	-1	470
JAENYE010000001	470837	471742	-1	471
JAENYE010000001	471841	472947	-1	472
JAENYE010000001	473148	473474	-1	473
JAENYE010000001	473736	474242	-1	474
JAENYE010000001	474230	475186	-1	475
JAENYE010000001	475517	476131	1	476
JAENYE010000001	476131	476613	1	477
JAENYE010000001	476639	477118	-1	478
JAENYE010000001	477383	478315	1	479
JAENYE010000001	478117	479028	-1	480
JAENYE010000001	479025	479708	-1	481
JAENYE010000001	479797	480129	-1	482
JAENYE010000001	480300	480506	-1	483
JAENYE010000001	480715	481836	-1	484
JAENYE010000001	481829	483124	-1	485
JAENYE010000001	483121	484362	-1	486
JAENYE010000001	484359	484979	-1	487
JAENYE010000001	484984	485691	-1	488
JAENYE010000001	485688	486467	-1	489
JAENYE010000001	486570	487055	1	490
JAENYE010000001	487070	487909	-1	491
JAENYE010000001	487911	489008	-1	492
JAENYE010000001	489026	489457	-1	493
JAENYE010000001	489718	492102	-1	494
JAENYE010000001	492158	492577	-1	495
JAENYE010000001	492811	493368	1	496
JAENYE010000001	493371	493958	1	497
JAENYE010000001	494256	496034	1	498
JAENYE010000001	495870	496973	-1	499
JAENYE010000001	497001	497807	-1	500
JAENYE010000001	497804	498976	-1	501
JAENYE010000001	498973	499545	-1	502
JAENYE010000001	499542	500300	-1	503
JAENYE010000001	500297	501313	-1	504
JAENYE010000001	501310	501891	-1	505
JAENYE010000001	501891	503306	-1	506
JAENYE010000001	503410	504768	-1	507
JAENYE010000001	504936	505520	1	508
JAENYE010000001	505394	505630	-1	509
JAENYE010000001	505768	506232	1	510
JAENYE010000001	506254	506940	1	511
JAENYE010000001	506933	507187	1	512
JAENYE010000001	507192	508337	-1	513
JAENYE010000001	508334	509002	-1	514
JAENYE010000001	509008	510144	-1	515
JAENYE010000001	510146	510802	-1	516
JAENYE010000001	510948	511616	-1	517
JAENYE010000001	511816	513510	1	518
JAENYE010000001	513507	514637	-1	519
JAENYE010000001	514634	515041	-1	520
JAENYE010000001	515099	515560	-1	521
JAENYE010000001	515557	516687	-1	522
JAENYE010000001	516850	517242	1	523
JAENYE010000001	517537	518022	1	524
JAENYE010000001	518072	519355	-1	525
JAENYE010000001	519390	519992	1	526
JAENYE010000001	519985	520440	1	527
JAENYE010000001	520437	520988	1	528
JAENYE010000001	521173	521382	-1	529
JAENYE010000001	521456	522550	-1	530
JAENYE010000001	522667	522978	1	531
JAENYE010000001	523242	524330	-1	532
JAENYE010000001	524359	525027	-1	533
JAENYE010000001	525340	526752	1	534
JAENYE010000001	526843	528867	1	535
JAENYE010000001	528971	529912	1	536
JAENYE010000001	530345	532234	1	537
JAENYE010000001	532242	533540	1	538
JAENYE010000001	533825	534295	-1	539
JAENYE010000001	534306	534791	-1	540
JAENYE010000001	534860	535504	-1	541
JAENYE010000001	535682	536374	1	542
JAENYE010000001	536356	536751	-1	543
JAENYE010000001	536751	537143	-1	544
JAENYE010000001	537286	538002	-1	545
JAENYE010000001	537999	538538	-1	546
JAENYE010000001	538703	539050	-1	547
JAENYE010000001	539051	539308	-1	548
JAENYE010000001	539474	540205	-1	549
JAENYE010000001	540255	540662	-1	550
JAENYE010000001	540680	541558	-1	551
JAENYE010000001	541555	542646	-1	552
JAENYE010000001	542656	543126	-1	553
JAENYE010000001	543128	543370	-1	554
JAENYE010000001	543405	543638	-1	555
JAENYE010000001	543635	543907	-1	556
JAENYE010000001	543918	544997	-1	557
JAENYE010000001	545045	545950	-1	558
JAENYE010000001	545961	546152	-1	559
JAENYE010000001	546156	546383	-1	560
JAENYE010000001	546487	546627	-1	561
JAENYE010000001	547014	547400	1	562
JAENYE010000001	547601	548179	-1	563
JAENYE010000001	548169	549065	-1	564
JAENYE010000001	549071	549991	-1	565
JAENYE010000001	549970	550494	-1	566
JAENYE010000001	550503	550688	-1	567
JAENYE010000001	550685	551695	-1	568
JAENYE010000001	552391	553551	-1	569
JAENYE010000001	553562	554053	-1	570
JAENYE010000001	554058	555341	-1	571
JAENYE010000001	555611	556279	1	572
JAENYE010000001	556269	556766	1	573
JAENYE010000001	556936	557454	-1	574
JAENYE010000001	557460	559598	-1	575
JAENYE010000001	559681	560223	-1	576
JAENYE010000001	560247	561023	-1	577
JAENYE010000001	561031	561978	-1	578
JAENYE010000001	562043	563068	-1	579
JAENYE010000001	563349	563918	1	580
JAENYE010000001	563930	564517	1	581
JAENYE010000001	564779	565144	1	582
JAENYE010000001	565150	565431	-1	583
JAENYE010000001	565545	565943	1	584
JAENYE010000001	565945	567186	-1	585
JAENYE010000001	567406	567618	1	586
JAENYE010000001	567679	567918	1	587
JAENYE010000001	567933	568358	-1	588
JAENYE010000001	568372	570087	-1	589
JAENYE010000001	570084	570326	-1	590
JAENYE010000001	570512	571438	1	591
JAENYE010000001	571455	571964	1	592
JAENYE010000001	571961	572128	1	593
JAENYE010000001	572118	572510	-1	594
JAENYE010000001	572583	573989	-1	595
JAENYE010000001	573982	574707	-1	596
JAENYE010000001	575032	575310	1	597
JAENYE010000001	575379	577592	1	598
JAENYE010000001	577884	578843	1	599
JAENYE010000001	578849	579442	1	600
JAENYE010000001	579439	580092	-1	601
JAENYE010000001	580297	581034	1	602
JAENYE010000001	581441	583096	-1	603
JAENYE010000001	583303	583995	1	604
JAENYE010000001	584264	585556	-1	605
JAENYE010000001	585573	587417	-1	606
JAENYE010000001	587724	588215	-1	607
JAENYE010000001	588251	589138	1	608
JAENYE010000001	589130	589540	-1	609
JAENYE010000001	589540	590907	-1	610
JAENYE010000001	590933	591289	-1	611
JAENYE010000001	591768	593444	1	612
JAENYE010000001	593571	594146	1	613
JAENYE010000001	594153	595976	1	614
JAENYE010000001	596078	596584	1	615
JAENYE010000001	596682	597050	1	616
JAENYE010000001	597047	597358	1	617
JAENYE010000001	597365	598369	-1	618
JAENYE010000001	598569	600080	1	619
JAENYE010000001	600122	601477	1	620
JAENYE010000001	601889	602446	-1	621
JAENYE010000001	602608	604254	1	622
JAENYE010000001	604334	604615	1	623
JAENYE010000001	604608	605120	1	624
JAENYE010000001	605039	606499	-1	625
JAENYE010000001	606610	606825	1	626
JAENYE010000001	606827	607192	-1	627
JAENYE010000001	607264	607497	1	628
JAENYE010000001	607494	607811	1	629
JAENYE010000001	607816	609492	-1	630
JAENYE010000001	609533	610135	1	631
JAENYE010000001	610181	610345	1	632
JAENYE010000001	610348	610602	1	633
JAENYE010000001	610632	611585	-1	634
JAENYE010000001	611919	612941	-1	635
JAENYE010000001	612994	614916	-1	636
JAENYE010000001	615045	616091	-1	637
JAENYE010000001	616161	616634	-1	638
JAENYE010000001	617107	617334	1	639
JAENYE010000001	617469	617579	1	640
JAENYE010000001	617611	618288	-1	641
JAENYE010000001	618537	618764	-1	642
JAENYE010000001	618777	619340	-1	643
JAENYE010000001	619291	620592	-1	644
JAENYE010000001	620586	621143	-1	645
JAENYE010000001	621302	621694	-1	646
JAENYE010000001	622150	623016	-1	647
JAENYE010000001	623110	623511	-1	648
JAENYE010000001	624176	624874	-1	649
JAENYE010000001	624959	625981	-1	650
JAENYE010000001	626036	627685	-1	651
JAENYE010000001	628172	628558	1	652
JAENYE010000001	628814	630160	-1	653
JAENYE010000001	630161	631336	-1	654
JAENYE010000001	631342	633738	-1	655
JAENYE010000001	633906	634265	1	656
JAENYE010000001	634268	634441	1	657
JAENYE010000001	634506	634847	1	658
JAENYE010000001	634861	635712	1	659
JAENYE010000001	635709	636575	1	660
JAENYE010000001	636995	638368	1	661
JAENYE010000001	638639	638899	1	662
JAENYE010000001	639069	641078	1	663
JAENYE010000001	641111	642649	1	664
JAENYE010000001	642723	643217	1	665
JAENYE010000001	643214	644107	-1	666
JAENYE010000001	644524	644820	1	667
JAENYE010000001	644834	646072	-1	668
JAENYE010000001	646345	647004	1	669
JAENYE010000001	647067	647990	1	670
JAENYE010000001	647981	648445	-1	671
JAENYE010000001	648500	649573	-1	672
JAENYE010000001	649641	650909	1	673
JAENYE010000001	651108	651665	1	674
JAENYE010000001	651722	651997	1	675
JAENYE010000001	652005	652490	-1	676
JAENYE010000001	652583	652762	1	677
JAENYE010000001	652766	653713	-1	678
JAENYE010000001	653850	654680	1	679
JAENYE010000001	654688	655566	-1	680
JAENYE010000001	655667	656368	-1	681
JAENYE010000001	656628	656858	1	682
JAENYE010000001	656955	657701	-1	683
JAENYE010000001	657715	658161	-1	684
JAENYE010000001	658142	658528	-1	685
JAENYE010000001	658516	659019	-1	686
JAENYE010000001	659013	660047	-1	687
JAENYE010000001	660071	660652	-1	688
JAENYE010000001	660901	661542	1	689
JAENYE010000001	661556	662428	-1	690
JAENYE010000001	662477	663742	-1	691
JAENYE010000001	663828	664292	1	692
JAENYE010000001	664478	665686	-1	693
JAENYE010000001	665730	666653	1	694
JAENYE010000001	667035	667427	-1	695
JAENYE010000001	667430	668590	-1	696
JAENYE010000001	668587	669639	-1	697
JAENYE010000001	669633	670343	-1	698
JAENYE010000001	670466	671134	1	699
JAENYE010000001	671127	671804	1	700
JAENYE010000001	671979	672641	1	701
JAENYE010000001	673070	675055	1	702
JAENYE010000001	675302	675868	-1	703
JAENYE010000001	675865	677091	-1	704
JAENYE010000001	677425	677619	1	705
JAENYE010000001	677627	678517	-1	706
JAENYE010000001	678514	678876	-1	707
JAENYE010000001	678992	679627	-1	708
JAENYE010000001	679624	680559	-1	709
JAENYE010000001	681115	682395	-1	710
JAENYE010000001	682443	683357	1	711
JAENYE010000001	683415	685073	1	712
JAENYE010000001	685354	687246	1	713
JAENYE010000001	687243	689129	1	714
JAENYE010000001	689142	689336	-1	715
JAENYE010000001	689356	690882	-1	716
JAENYE010000001	691263	691922	1	717
JAENYE010000001	691929	692360	1	718
JAENYE010000001	692380	692712	-1	719
JAENYE010000001	692796	693563	-1	720
JAENYE010000001	693560	694672	-1	721
JAENYE010000001	694703	695869	-1	722
JAENYE010000001	696141	698237	1	723
JAENYE010000001	698342	699712	1	724
JAENYE010000001	699897	700595	-1	725
JAENYE010000001	700669	702834	-1	726
JAENYE010000001	702990	703292	-1	727
JAENYE010000001	703453	703842	1	728
JAENYE010000001	703820	704065	-1	729
JAENYE010000001	704062	704589	-1	730
JAENYE010000001	704582	705694	-1	731
JAENYE010000001	705688	706641	-1	732
JAENYE010000001	706760	707893	-1	733
JAENYE010000001	707875	709281	-1	734
JAENYE010000001	709389	709580	-1	735
JAENYE010000001	709723	710748	1	736
JAENYE010000001	710969	711151	1	737
JAENYE010000001	711148	711441	1	738
JAENYE010000001	711446	712840	-1	739
JAENYE010000001	712851	714416	-1	740
JAENYE010000001	714723	715934	1	741
JAENYE010000001	716914	719061	-1	742
JAENYE010000001	719058	720248	-1	743
JAENYE010000001	720233	721441	-1	744
JAENYE010000001	721519	722892	-1	745
JAENYE010000001	722912	723991	-1	746
JAENYE010000001	724030	725253	-1	747
JAENYE010000001	725590	726402	-1	748
JAENYE010000001	726399	727064	-1	749
JAENYE010000001	727109	728533	1	750
JAENYE010000001	728779	730059	1	751
JAENYE010000001	730155	730526	1	752
JAENYE010000001	730523	730972	1	753
JAENYE010000001	731021	731701	1	754
JAENYE010000001	732032	733537	1	755
JAENYE010000001	733864	734547	-1	756
JAENYE010000001	734672	735271	1	757
JAENYE010000001	735437	735715	1	758
JAENYE010000001	735702	736133	-1	759
JAENYE010000001	736415	737377	1	760
JAENYE010000001	737374	738390	1	761
JAENYE010000001	738593	738886	1	762
JAENYE010000001	739028	739720	-1	763
JAENYE010000001	740297	741403	-1	764
JAENYE010000001	741426	742118	1	765
JAENYE010000001	742135	743604	-1	766
JAENYE010000001	743693	744532	-1	767
JAENYE010000001	744611	745822	-1	768
JAENYE010000001	745984	746292	-1	769
JAENYE010000001	746560	747747	1	770
JAENYE010000001	748513	748854	-1	771
JAENYE010000001	748923	749615	1	772
JAENYE010000001	749591	750472	-1	773
JAENYE010000001	751790	752281	1	774
JAENYE010000001	752585	753028	-1	775
JAENYE010000001	753006	754523	-1	776
JAENYE010000001	754899	755015	-1	777
JAENYE010000001	755483	757630	1	778
JAENYE010000001	758045	758482	-1	779
JAENYE010000001	759013	759378	-1	780
JAENYE010000001	760291	761541	1	781
JAENYE010000001	763103	763951	-1	782
JAENYE010000001	764231	764731	1	783
JAENYE010000001	765559	765684	1	784
JAENYE010000001	765708	765953	-1	785
JAENYE010000001	766245	767126	-1	786
JAENYE010000001	767267	768031	1	787
JAENYE010000001	768075	768725	1	788
JAENYE010000001	768853	768999	-1	789
JAENYE010000001	769028	769606	-1	790
JAENYE010000001	769603	771186	-1	791
JAENYE010000001	771281	771436	-1	792
JAENYE010000001	771440	771733	-1	793
JAENYE010000001	771810	772295	-1	794
JAENYE010000001	772295	772495	-1	795
JAENYE010000001	772497	773063	-1	796
JAENYE010000001	773071	773484	-1	797
JAENYE010000001	773448	774683	-1	798
JAENYE010000001	774894	775316	1	799
JAENYE010000001	775313	775603	-1	800
JAENYE010000001	775660	776835	1	801
JAENYE010000001	777054	778022	-1	802
JAENYE010000001	778028	780670	-1	803
JAENYE010000001	780754	781896	-1	804
JAENYE010000001	781914	783011	-1	805
JAENYE010000001	783008	783607	-1	806
JAENYE010000001	783604	785343	-1	807
JAENYE010000001	785344	786495	-1	808
JAENYE010000001	786500	787699	-1	809
JAENYE010000001	787704	788960	-1	810
JAENYE010000001	788998	789624	-1	811
JAENYE010000001	789606	790214	-1	812
JAENYE010000001	790211	790876	-1	813
JAENYE010000001	790890	792002	-1	814
JAENYE010000001	791987	792718	-1	815
JAENYE010000001	792955	793110	1	816
JAENYE010000001	793119	794222	-1	817
JAENYE010000001	794227	794997	-1	818
JAENYE010000001	795151	795654	1	819
JAENYE010000001	795740	796819	1	820
JAENYE010000001	796800	799064	1	821
JAENYE010000001	799115	799663	1	822
JAENYE010000001	799992	800264	-1	823
JAENYE010000001	801062	803320	1	824
JAENYE010000001	803295	804890	-1	825
JAENYE010000001	804887	805780	-1	826
JAENYE010000001	805761	807425	-1	827
JAENYE010000001	807425	808696	-1	828
JAENYE010000001	808803	809297	-1	829
JAENYE010000001	809301	809966	-1	830
JAENYE010000001	809966	810574	-1	831
JAENYE010000001	810561	810974	-1	832
JAENYE010000001	811148	811576	1	833
JAENYE010000001	811582	812172	1	834
JAENYE010000001	812220	814394	1	835
JAENYE010000001	814659	815201	-1	836
JAENYE010000001	815282	815410	1	837
JAENYE010000001	815514	816065	-1	838
JAENYE010000001	816232	816993	1	839
JAENYE010000001	817024	817485	-1	840
JAENYE010000001	817706	818326	1	841
JAENYE010000001	818343	818921	-1	842
JAENYE010000001	818964	819140	-1	843
JAENYE010000001	819258	819965	-1	844
JAENYE010000001	819970	821181	-1	845
JAENYE010000001	821178	822455	-1	846
JAENYE010000001	822897	823097	1	847
JAENYE010000001	823170	823832	1	848
JAENYE010000001	823841	824233	-1	849
JAENYE010000001	824392	824961	1	850
JAENYE010000001	825158	825997	1	851
JAENYE010000001	826338	829199	-1	852
JAENYE010000001	829196	829726	-1	853
JAENYE010000001	829836	830189	-1	854
JAENYE010000001	830374	830859	1	855
JAENYE010000001	830902	831726	1	856
JAENYE010000001	831980	832720	-1	857
JAENYE010000001	832779	833450	-1	858
JAENYE010000001	833426	834373	-1	859
JAENYE010000001	834489	835424	1	860
JAENYE010000001	835458	835643	1	861
JAENYE010000001	835707	836054	1	862
JAENYE010000001	836106	836588	1	863
JAENYE010000001	836572	838008	-1	864
JAENYE010000001	838455	840746	1	865
JAENYE010000001	841212	841805	1	866
JAENYE010000001	841805	841957	1	867
JAENYE010000001	842514	842945	1	868
JAENYE010000001	843462	844349	-1	869
JAENYE010000001	844360	845256	-1	870
JAENYE010000001	845225	845785	-1	871
JAENYE010000001	845796	847163	-1	872
JAENYE010000001	847389	848330	-1	873
JAENYE010000001	848460	849449	1	874
JAENYE010000001	849812	850306	1	875
JAENYE010000001	850300	852372	-1	876
JAENYE010000001	852466	853083	1	877
JAENYE010000001	853064	853702	-1	878
JAENYE010000001	853743	854027	-1	879
JAENYE010000001	854083	854811	-1	880
JAENYE010000001	854813	856102	-1	881
JAENYE010000001	856147	857028	-1	882
JAENYE010000001	857025	858155	-1	883
JAENYE010000001	858215	858448	1	884
JAENYE010000001	858483	858782	1	885
JAENYE010000001	859208	859492	-1	886
JAENYE010000001	860019	860513	1	887
JAENYE010000001	860515	860898	1	888
JAENYE010000001	860926	861147	-1	889
JAENYE010000001	861528	862829	-1	890
JAENYE010000001	863209	864972	1	891
JAENYE010000001	864969	865283	1	892
JAENYE010000001	865290	865646	1	893
JAENYE010000001	865669	868659	1	894
JAENYE010000001	868771	868917	1	895
JAENYE010000001	869017	869424	1	896
JAENYE010000001	869655	869951	-1	897
JAENYE010000001	870019	870168	-1	898
JAENYE010000001	870274	870750	-1	899
JAENYE010000001	870930	871262	1	900
JAENYE010000001	871392	871877	1	901
JAENYE010000001	871956	874094	1	902
JAENYE010000001	874125	874925	-1	903
JAENYE010000001	875193	875414	-1	904
JAENYE010000001	875519	875746	1	905
JAENYE010000001	875684	876319	-1	906
JAENYE010000001	876788	876925	1	907
JAENYE010000001	877265	877558	-1	908
JAENYE010000001	878459	879370	-1	909
JAENYE010000001	879480	880085	-1	910
JAENYE010000001	880768	884628	-1	911
JAENYE010000001	884687	885271	-1	912
JAENYE010000001	885283	885669	-1	913
JAENYE010000001	885748	887610	-1	914
JAENYE010000001	887640	888167	-1	915
JAENYE010000001	888194	889396	-1	916
JAENYE010000001	889454	890008	-1	917
JAENYE010000001	890201	892927	1	918
JAENYE010000001	893185	894504	1	919
JAENYE010000001	894512	894766	-1	920
JAENYE010000001	894894	895163	-1	921
JAENYE010000001	895301	896461	-1	922
JAENYE010000001	896465	897706	-1	923
JAENYE010000001	897699	898253	-1	924
JAENYE010000001	898266	899474	-1	925
JAENYE010000001	899520	900428	1	926
JAENYE010000001	900501	901403	1	927
JAENYE010000001	901414	901812	-1	928
JAENYE010000001	901813	902967	-1	929
JAENYE010000001	902980	903339	-1	930
JAENYE010000001	903345	903575	-1	931
JAENYE010000001	903580	903828	-1	932
JAENYE010000001	903839	904177	-1	933
JAENYE010000001	904303	904530	1	934
JAENYE010000001	904816	905358	1	935
JAENYE010000001	905473	906762	1	936
JAENYE010000001	906759	907661	1	937
JAENYE010000001	907708	908292	-1	938
JAENYE010000001	908358	909911	-1	939
JAENYE010000001	910041	912458	-1	940
JAENYE010000001	912505	913698	1	941
JAENYE010000001	913695	914372	1	942
JAENYE010000001	914359	915177	-1	943
JAENYE010000001	915371	915562	-1	944
JAENYE010000001	915570	915944	-1	945
JAENYE010000001	915967	916971	-1	946
JAENYE010000001	918091	918705	-1	947
JAENYE010000001	918720	919904	-1	948
JAENYE010000001	920269	921084	-1	949
JAENYE010000001	921125	921568	-1	950
JAENYE010000001	922040	922504	1	951
JAENYE010000001	922501	922629	-1	952
JAENYE010000001	922631	923560	-1	953
JAENYE010000001	923610	924452	1	954
JAENYE010000001	924500	926113	1	955
JAENYE010000001	926124	927647	1	956
JAENYE010000001	927644	928117	1	957
JAENYE010000001	928123	928575	1	958
JAENYE010000001	928572	929810	1	959
JAENYE010000001	929811	930395	1	960
JAENYE010000001	930392	931333	1	961
JAENYE010000001	931336	931782	1	962
JAENYE010000001	931804	933642	1	963
JAENYE010000002	1	828	-1	1
JAENYE010000002	1121	1459	-1	2
JAENYE010000002	1504	2589	1	3
JAENYE010000002	2723	2986	1	4
JAENYE010000002	3142	3543	-1	5
JAENYE010000002	4033	4626	1	6
JAENYE010000002	4636	5178	-1	7
JAENYE010000002	5205	6515	1	8
JAENYE010000002	6676	8001	1	9
JAENYE010000002	8037	9956	1	10
JAENYE010000002	10027	10869	-1	11
JAENYE010000002	11095	13230	1	12
JAENYE010000002	13774	14487	1	13
JAENYE010000002	14503	14931	-1	14
JAENYE010000002	14987	15589	-1	15
JAENYE010000002	15842	16999	1	16
JAENYE010000002	17069	17581	1	17
JAENYE010000002	17608	18414	-1	18
JAENYE010000002	18723	20513	1	19
JAENYE010000002	20630	21331	-1	20
JAENYE010000002	21352	22446	1	21
JAENYE010000002	22567	23316	-1	22
JAENYE010000002	23450	24643	1	23
JAENYE010000002	24735	25607	-1	24
JAENYE010000002	25773	26609	1	25
JAENYE010000002	26846	27235	-1	26
JAENYE010000002	27500	28036	1	27
JAENYE010000002	28109	29167	-1	28
JAENYE010000002	29646	30149	1	29
JAENYE010000002	30146	31153	1	30
JAENYE010000002	31160	32638	1	31
JAENYE010000002	32762	33037	-1	32
JAENYE010000002	33059	33241	-1	33
JAENYE010000002	33341	34378	-1	34
JAENYE010000002	34580	35020	-1	35
JAENYE010000002	35372	35758	-1	36
JAENYE010000002	36062	36679	1	37
JAENYE010000002	36682	37116	1	38
JAENYE010000002	37794	39908	1	39
JAENYE010000002	39905	40099	1	40
JAENYE010000002	40096	41211	1	41
JAENYE010000002	41208	41393	1	42
JAENYE010000002	41464	42585	1	43
JAENYE010000002	42582	43661	1	44
JAENYE010000002	43775	43960	-1	45
JAENYE010000002	44164	46035	1	46
JAENYE010000002	46032	49262	1	47
JAENYE010000002	49314	50696	1	48
JAENYE010000002	50900	51349	-1	49
JAENYE010000002	51749	52417	1	50
JAENYE010000002	53076	55034	1	51
JAENYE010000002	55079	56650	1	52
JAENYE010000002	56936	58315	1	53
JAENYE010000002	58643	59146	-1	54
JAENYE010000002	59639	61618	1	55
JAENYE010000002	61942	64884	-1	56
JAENYE010000002	64948	68901	-1	57
JAENYE010000002	69690	69863	1	58
JAENYE010000002	69941	70597	-1	59
JAENYE010000002	71769	72623	1	60
JAENYE010000002	72926	73345	1	61
JAENYE010000002	73353	73643	-1	62
JAENYE010000002	73915	75852	-1	63
JAENYE010000002	75839	76417	-1	64
JAENYE010000002	76427	78496	-1	65
JAENYE010000002	78501	80222	-1	66
JAENYE010000002	80744	81037	1	67
JAENYE010000002	81034	81378	1	68
JAENYE010000002	81478	81750	-1	69
JAENYE010000002	82171	83112	1	70
JAENYE010000002	83416	84735	-1	71
JAENYE010000002	85122	85856	1	72
JAENYE010000002	86324	87799	-1	73
JAENYE010000002	87814	89595	-1	74
JAENYE010000002	89613	90266	-1	75
JAENYE010000002	90248	90946	-1	76
JAENYE010000002	90943	91614	-1	77
JAENYE010000002	91611	92120	-1	78
JAENYE010000002	92188	93174	-1	79
JAENYE010000002	93174	93596	-1	80
JAENYE010000002	93628	94167	-1	81
JAENYE010000002	94203	95639	-1	82
JAENYE010000002	95649	96056	-1	83
JAENYE010000002	96060	96329	-1	84
JAENYE010000002	96384	96698	-1	85
JAENYE010000002	97170	98024	1	86
JAENYE010000002	98021	99478	1	87
JAENYE010000002	99830	100501	1	88
JAENYE010000002	100931	101200	1	89
JAENYE010000002	101197	101847	1	90
JAENYE010000002	102348	103058	1	91
JAENYE010000002	103029	103955	-1	92
JAENYE010000002	103995	104588	1	93
JAENYE010000002	104562	105008	-1	94
JAENYE010000002	105064	105525	-1	95
JAENYE010000002	105644	106546	-1	96
JAENYE010000002	106762	107700	1	97
JAENYE010000002	107761	108486	1	98
JAENYE010000002	108789	109334	-1	99
JAENYE010000002	109456	109626	-1	100
JAENYE010000002	110429	111670	1	101
JAENYE010000002	111716	112087	-1	102
JAENYE010000002	112250	112501	-1	103
JAENYE010000002	112501	112905	-1	104
JAENYE010000002	113040	113330	-1	105
JAENYE010000002	113386	114090	-1	106
JAENYE010000002	114102	114824	-1	107
JAENYE010000002	114824	115306	-1	108
JAENYE010000002	115303	115947	-1	109
JAENYE010000002	115978	116568	-1	110
JAENYE010000002	116697	117191	-1	111
JAENYE010000002	117250	118653	-1	112
JAENYE010000002	118890	120293	1	113
JAENYE010000002	120238	120735	1	114
JAENYE010000002	120717	121058	1	115
JAENYE010000002	121055	121780	1	116
JAENYE010000002	121785	121973	-1	117
JAENYE010000002	122160	123056	1	118
JAENYE010000002	123053	123520	1	119
JAENYE010000002	123513	123962	-1	120
JAENYE010000002	124457	124948	1	121
JAENYE010000002	124941	126215	1	122
JAENYE010000002	126212	127273	1	123
JAENYE010000002	127276	127980	1	124
JAENYE010000002	127945	128355	-1	125
JAENYE010000002	128560	129399	-1	126
JAENYE010000002	129629	130744	1	127
JAENYE010000002	130731	131846	-1	128
JAENYE010000002	132274	133341	1	129
JAENYE010000002	133670	134878	1	130
JAENYE010000002	134921	135124	1	131
JAENYE010000002	135152	136366	-1	132
JAENYE010000002	136901	139888	1	133
JAENYE010000002	139902	141140	1	134
JAENYE010000002	141322	142569	-1	135
JAENYE010000002	143071	145113	1	136
JAENYE010000002	145187	146740	-1	137
JAENYE010000002	147155	147787	1	138
JAENYE010000002	148200	149648	1	139
JAENYE010000002	149945	151552	1	140
JAENYE010000002	151594	153015	-1	141
JAENYE010000002	153390	153629	-1	142
JAENYE010000002	153779	154861	-1	143
JAENYE010000002	155296	155532	-1	144
JAENYE010000002	155535	156932	-1	145
JAENYE010000002	156961	157791	1	146
JAENYE010000002	158252	159058	1	147
JAENYE010000002	159196	159450	1	148
JAENYE010000002	159590	160486	1	149
JAENYE010000002	160544	162007	1	150
JAENYE010000002	162103	162708	1	151
JAENYE010000002	162882	166661	1	152
JAENYE010000002	167051	167944	1	153
JAENYE010000002	168012	168917	1	154
JAENYE010000002	168933	169358	-1	155
JAENYE010000002	169419	169844	-1	156
JAENYE010000002	169985	170419	-1	157
JAENYE010000002	170613	171056	-1	158
JAENYE010000002	171273	171848	-1	159
JAENYE010000002	171830	172654	-1	160
JAENYE010000002	172623	173759	-1	161
JAENYE010000002	173759	174256	-1	162
JAENYE010000002	174332	174739	1	163
JAENYE010000002	174745	175902	1	164
JAENYE010000002	175906	176970	1	165
JAENYE010000002	176967	178334	1	166
JAENYE010000002	178488	179357	1	167
JAENYE010000002	179506	180702	1	168
JAENYE010000002	182028	182312	-1	169
JAENYE010000002	182374	183135	1	170
JAENYE010000002	183165	184904	1	171
JAENYE010000002	185008	185940	-1	172
JAENYE010000002	185955	186971	-1	173
JAENYE010000002	187472	187819	1	174
JAENYE010000002	187847	188530	-1	175
JAENYE010000002	188538	189131	-1	176
JAENYE010000002	189495	189827	1	177
JAENYE010000002	189967	190866	-1	178
JAENYE010000002	191194	191742	-1	179
JAENYE010000002	192086	192625	1	180
JAENYE010000002	192818	194080	1	181
JAENYE010000002	194219	195427	-1	182
JAENYE010000002	195737	197155	1	183
JAENYE010000002	197260	198939	-1	184
JAENYE010000002	199354	200727	-1	185
JAENYE010000002	200943	201626	-1	186
JAENYE010000002	201831	202715	-1	187
JAENYE010000002	202963	204054	-1	188
JAENYE010000002	204107	205780	-1	189
JAENYE010000002	205792	206535	-1	190
JAENYE010000002	206779	207534	-1	191
JAENYE010000002	207531	209144	-1	192
JAENYE010000002	209283	210092	1	193
JAENYE010000002	210244	210492	1	194
JAENYE010000002	210500	211354	-1	195
JAENYE010000002	211613	212299	1	196
JAENYE010000002	212525	213226	-1	197
JAENYE010000002	213386	214984	1	198
JAENYE010000002	215593	216852	-1	199
JAENYE010000002	217174	217815	1	200
JAENYE010000002	217948	218403	1	201
JAENYE010000002	218407	220140	-1	202
JAENYE010000002	220144	221883	-1	203
JAENYE010000002	221980	223290	1	204
JAENYE010000002	223303	224892	1	205
JAENYE010000002	225000	225440	1	206
JAENYE010000002	225454	225720	-1	207
JAENYE010000002	225810	226094	-1	208
JAENYE010000002	226304	227104	1	209
JAENYE010000002	227094	228461	1	210
JAENYE010000002	228458	229138	1	211
JAENYE010000002	229260	229997	1	212
JAENYE010000002	230132	230794	1	213
JAENYE010000002	231449	232309	-1	214
JAENYE010000002	232306	233010	-1	215
JAENYE010000002	233323	234870	1	216
JAENYE010000002	234960	235400	1	217
JAENYE010000002	235393	235686	1	218
JAENYE010000002	235723	236184	-1	219
JAENYE010000002	236216	237256	-1	220
JAENYE010000002	237492	238061	-1	221
JAENYE010000002	238058	238810	-1	222
JAENYE010000002	239005	240855	-1	223
JAENYE010000002	240852	241490	-1	224
JAENYE010000002	241746	242201	1	225
JAENYE010000002	242303	243985	1	226
JAENYE010000002	243982	244572	1	227
JAENYE010000002	244884	245663	-1	228
JAENYE010000002	245663	246595	-1	229
JAENYE010000002	246786	247964	-1	230
JAENYE010000002	248244	248618	-1	231
JAENYE010000002	248639	249013	-1	232
JAENYE010000002	249013	249654	-1	233
JAENYE010000002	249866	250429	1	234
JAENYE010000002	250426	251181	1	235
JAENYE010000002	251221	252168	1	236
JAENYE010000002	252176	253015	1	237
JAENYE010000002	253012	253794	1	238
JAENYE010000002	254571	255536	1	239
JAENYE010000002	255770	256219	1	240
JAENYE010000002	256231	256779	1	241
JAENYE010000002	256784	257173	1	242
JAENYE010000002	257173	258003	1	243
JAENYE010000002	258000	258368	1	244
JAENYE010000002	258374	258796	1	245
JAENYE010000002	258810	259211	1	246
JAENYE010000002	259246	259434	1	247
JAENYE010000002	259714	260901	1	248
JAENYE010000002	260903	261511	1	249
JAENYE010000002	261539	262327	1	250
JAENYE010000002	262406	263197	1	251
JAENYE010000002	263190	263954	1	252
JAENYE010000002	263951	265003	1	253
JAENYE010000002	265035	266372	1	254
JAENYE010000002	266383	267348	1	255
JAENYE010000002	267353	269038	1	256
JAENYE010000002	269244	269453	-1	257
JAENYE010000002	269437	269934	-1	258
JAENYE010000002	270259	271545	1	259
JAENYE010000002	271564	272235	1	260
JAENYE010000002	272232	273458	1	261
JAENYE010000002	273592	274233	-1	262
JAENYE010000002	274321	274827	1	263
JAENYE010000002	274948	276654	1	264
JAENYE010000002	276905	277786	-1	265
JAENYE010000002	277860	279185	-1	266
JAENYE010000002	279497	279946	1	267
JAENYE010000002	280090	280527	1	268
JAENYE010000002	286792	287559	-1	269
JAENYE010000002	287552	290995	-1	270
JAENYE010000002	291013	291630	-1	271
JAENYE010000002	291820	293091	1	272
JAENYE010000002	293088	293921	1	273
JAENYE010000002	293915	294730	1	274
JAENYE010000002	294727	295533	1	275
JAENYE010000002	295459	296106	-1	276
JAENYE010000002	296716	297711	1	277
JAENYE010000002	297754	298470	1	278
JAENYE010000002	298477	298719	1	279
JAENYE010000002	298723	299439	1	280
JAENYE010000002	299450	299731	1	281
JAENYE010000002	299875	301524	-1	282
JAENYE010000002	301570	302736	-1	283
JAENYE010000002	302741	303352	-1	284
JAENYE010000002	303349	304302	-1	285
JAENYE010000002	304280	304831	-1	286
JAENYE010000002	304824	305921	-1	287
JAENYE010000002	305914	308223	-1	288
JAENYE010000002	308303	309886	1	289
JAENYE010000002	310433	310729	-1	290
JAENYE010000002	310742	312127	-1	291
JAENYE010000002	312999	313229	1	292
JAENYE010000002	313226	313492	1	293
JAENYE010000002	313559	313984	1	294
JAENYE010000002	314104	314469	1	295
JAENYE010000002	314484	315596	-1	296
JAENYE010000002	315735	316184	1	297
JAENYE010000002	316181	318001	1	298
JAENYE010000002	318004	318255	-1	299
JAENYE010000002	318307	318522	-1	300
JAENYE010000002	318940	319629	1	301
JAENYE010000002	319662	320681	1	302
JAENYE010000002	320685	321827	1	303
JAENYE010000002	322165	323811	-1	304
JAENYE010000002	323915	324148	1	305
JAENYE010000002	324183	324743	-1	306
JAENYE010000002	325041	327734	-1	307
JAENYE010000002	328156	328671	1	308
JAENYE010000002	328665	329378	1	309
JAENYE010000002	329631	330584	1	310
JAENYE010000002	330805	330960	-1	311
JAENYE010000002	330944	333409	-1	312
JAENYE010000002	333577	334530	1	313
JAENYE010000002	334638	335585	1	314
JAENYE010000002	335906	336214	-1	315
JAENYE010000002	336455	337705	-1	316
JAENYE010000002	337836	338810	1	317
JAENYE010000002	338894	339586	1	318
JAENYE010000002	339591	340682	1	319
JAENYE010000002	340770	341030	-1	320
JAENYE010000002	341086	342219	-1	321
JAENYE010000002	342399	343217	1	322
JAENYE010000002	343242	343745	1	323
JAENYE010000002	343742	344539	1	324
JAENYE010000002	344553	345611	1	325
JAENYE010000002	345581	345952	-1	326
JAENYE010000002	346002	346238	-1	327
JAENYE010000002	346332	347138	1	328
JAENYE010000002	347224	347922	1	329
JAENYE010000002	348070	349002	1	330
JAENYE010000002	349060	349761	1	331
JAENYE010000002	349766	350851	1	332
JAENYE010000002	350866	352251	-1	333
JAENYE010000002	352349	353134	1	334
JAENYE010000002	353148	354434	-1	335
JAENYE010000002	354674	355852	-1	336
JAENYE010000002	356157	356567	1	337
JAENYE010000002	356624	358294	1	338
JAENYE010000002	358304	359221	1	339
JAENYE010000002	359230	360354	1	340
JAENYE010000002	360338	361906	1	341
JAENYE010000002	361903	362505	1	342
JAENYE010000002	362982	363467	-1	343
JAENYE010000002	363605	365962	-1	344
JAENYE010000002	366367	366648	-1	345
JAENYE010000002	366624	367109	-1	346
JAENYE010000002	367106	367855	-1	347
JAENYE010000002	367855	368172	-1	348
JAENYE010000002	368198	368638	-1	349
JAENYE010000002	368638	369837	-1	350
JAENYE010000002	369952	371100	1	351
JAENYE010000002	371097	372389	1	352
JAENYE010000002	372405	373688	1	353
JAENYE010000002	373797	374771	1	354
JAENYE010000002	374765	375469	1	355
JAENYE010000002	375445	375702	-1	356
JAENYE010000002	375971	376180	-1	357
JAENYE010000002	376325	377206	-1	358
JAENYE010000002	377255	378235	1	359
JAENYE010000002	378168	379079	-1	360
JAENYE010000002	379137	379451	1	361
JAENYE010000002	379500	380501	1	362
JAENYE010000002	380769	380978	1	363
JAENYE010000002	381824	383443	-1	364
JAENYE010000002	383424	383627	-1	365
JAENYE010000002	383714	384430	1	366
JAENYE010000002	384587	385777	1	367
JAENYE010000002	385884	386963	1	368
JAENYE010000002	386987	388444	1	369
JAENYE010000002	388508	388666	1	370
JAENYE010000002	388931	389551	-1	371
JAENYE010000002	389778	390596	1	372
JAENYE010000002	390556	391629	1	373
JAENYE010000002	391706	392179	1	374
JAENYE010000002	392216	392800	-1	375
JAENYE010000002	392816	393295	-1	376
JAENYE010000002	393379	393588	-1	377
JAENYE010000002	393683	394051	-1	378
JAENYE010000002	394142	395257	-1	379
JAENYE010000002	395369	396490	-1	380
JAENYE010000002	396475	396966	-1	381
JAENYE010000002	396970	398223	-1	382
JAENYE010000002	398369	400990	1	383
JAENYE010000002	400987	402741	1	384
JAENYE010000002	403388	403993	-1	385
JAENYE010000002	404116	404985	-1	386
JAENYE010000002	405596	407410	1	387
JAENYE010000002	407792	408370	-1	388
JAENYE010000002	408373	409146	-1	389
JAENYE010000002	409143	409706	-1	390
JAENYE010000002	409724	410074	-1	391
JAENYE010000002	410096	410389	-1	392
JAENYE010000002	410392	411630	-1	393
JAENYE010000002	411630	412199	-1	394
JAENYE010000002	412196	413527	-1	395
JAENYE010000002	413527	414597	-1	396
JAENYE010000002	414600	415007	-1	397
JAENYE010000002	415048	415239	-1	398
JAENYE010000002	415247	415909	-1	399
JAENYE010000002	415911	416174	-1	400
JAENYE010000002	416179	416331	-1	401
JAENYE010000002	416351	416941	-1	402
JAENYE010000002	416941	417279	-1	403
JAENYE010000002	417299	417748	-1	404
JAENYE010000002	417800	418060	-1	405
JAENYE010000002	418057	418374	-1	406
JAENYE010000002	418446	419072	-1	407
JAENYE010000002	419094	420374	-1	408
JAENYE010000002	420470	421294	-1	409
JAENYE010000002	421334	422581	1	410
JAENYE010000002	422565	422750	1	411
JAENYE010000002	422725	424680	-1	412
JAENYE010000002	424825	425259	-1	413
JAENYE010000002	425292	425882	1	414
JAENYE010000002	425887	426165	-1	415
JAENYE010000002	426211	426909	-1	416
JAENYE010000002	427068	427538	1	417
JAENYE010000002	427550	428395	1	418
JAENYE010000002	428392	429570	-1	419
JAENYE010000002	429671	430168	1	420
JAENYE010000002	430161	430427	1	421
JAENYE010000002	430682	431017	-1	422
JAENYE010000002	431168	431473	-1	423
JAENYE010000002	431515	433161	-1	424
JAENYE010000002	433219	434703	1	425
JAENYE010000002	434947	436002	-1	426
JAENYE010000002	436004	436927	-1	427
JAENYE010000002	436924	439434	-1	428
JAENYE010000002	439421	440059	-1	429
JAENYE010000002	440430	441233	1	430
JAENYE010000002	441240	441605	1	431
JAENYE010000002	441629	443518	1	432
JAENYE010000002	443574	446336	1	433
JAENYE010000002	446900	447226	-1	434
JAENYE010000002	447286	447999	1	435
JAENYE010000002	447999	448394	1	436
JAENYE010000002	448664	450658	-1	437
JAENYE010000002	450701	451486	1	438
JAENYE010000002	451473	452447	-1	439
JAENYE010000002	452796	453233	-1	440
JAENYE010000002	453315	453512	1	441
JAENYE010000002	453525	454769	-1	442
JAENYE010000002	454934	455107	1	443
JAENYE010000002	455135	455677	1	444
JAENYE010000002	455684	456127	-1	445
JAENYE010000002	456192	457517	-1	446
JAENYE010000002	457625	458035	-1	447
JAENYE010000002	458054	459853	-1	448
JAENYE010000002	460074	460784	1	449
JAENYE010000002	460877	461341	-1	450
JAENYE010000002	461586	463175	1	451
JAENYE010000002	463363	464496	1	452
JAENYE010000002	464550	465296	1	453
JAENYE010000002	465555	467213	1	454
JAENYE010000002	467210	468094	1	455
JAENYE010000002	468111	468812	-1	456
JAENYE010000002	468809	471262	-1	457
JAENYE010000002	471252	471383	-1	458
JAENYE010000002	471380	471838	-1	459
JAENYE010000002	472309	473541	1	460
JAENYE010000002	473477	473902	-1	461
JAENYE010000002	474505	475986	1	462
JAENYE010000002	476011	476772	1	463
JAENYE010000002	476800	477309	1	464
JAENYE010000002	477380	478006	1	465
JAENYE010000002	477966	479888	-1	466
JAENYE010000002	479988	480548	1	467
JAENYE010000002	480552	481472	-1	468
JAENYE010000002	481899	482354	1	469
JAENYE010000002	482355	483788	-1	470
JAENYE010000002	483825	484391	-1	471
JAENYE010000002	484384	485229	-1	472
JAENYE010000002	485242	486324	1	473
JAENYE010000002	486331	486783	1	474
JAENYE010000002	486934	487806	-1	475
JAENYE010000002	487904	488140	1	476
JAENYE010000002	488144	489718	1	477
JAENYE010000002	489715	490830	1	478
JAENYE010000002	490830	491489	1	479
JAENYE010000002	491527	491805	1	480
JAENYE010000002	491813	492001	1	481
JAENYE010000002	492009	492788	1	482
JAENYE010000002	492944	493690	1	483
JAENYE010000002	494033	494266	1	484
JAENYE010000002	494270	494704	-1	485
JAENYE010000002	494801	495520	-1	486
JAENYE010000002	495751	495888	-1	487
JAENYE010000002	495985	496692	1	488
JAENYE010000003	218	1396	-1	1
JAENYE010000003	1384	2160	-1	2
JAENYE010000003	2263	2901	1	3
JAENYE010000003	2898	3350	1	4
JAENYE010000003	3741	5336	-1	5
JAENYE010000003	5416	6330	1	6
JAENYE010000003	6343	7788	1	7
JAENYE010000003	7791	8870	1	8
JAENYE010000003	8863	9984	1	9
JAENYE010000003	9984	10952	1	10
JAENYE010000003	10980	11516	1	11
JAENYE010000003	11528	12805	1	12
JAENYE010000003	13076	14083	1	13
JAENYE010000003	14080	14208	1	14
JAENYE010000003	14192	15169	-1	15
JAENYE010000003	15166	15954	-1	16
JAENYE010000003	16229	17416	-1	17
JAENYE010000003	17734	18870	1	18
JAENYE010000003	18951	19625	1	19
JAENYE010000003	19598	20266	1	20
JAENYE010000003	20319	21407	-1	21
JAENYE010000003	21400	23202	-1	22
JAENYE010000003	23189	24421	-1	23
JAENYE010000003	24438	24770	-1	24
JAENYE010000003	24818	25591	1	25
JAENYE010000003	25588	26094	1	26
JAENYE010000003	26109	27440	1	27
JAENYE010000003	27611	28444	1	28
JAENYE010000003	28441	29778	1	29
JAENYE010000003	30250	30570	-1	30
JAENYE010000003	30691	31860	-1	31
JAENYE010000003	32082	32672	1	32
JAENYE010000003	32675	33502	1	33
JAENYE010000003	34253	35449	-1	34
JAENYE010000003	35633	38224	1	35
JAENYE010000003	38181	38798	-1	36
JAENYE010000003	38792	39472	-1	37
JAENYE010000003	39517	40206	1	38
JAENYE010000003	40210	41676	1	39
JAENYE010000003	41713	42336	1	40
JAENYE010000003	42326	42745	1	41
JAENYE010000003	43185	43526	-1	42
JAENYE010000003	43532	43768	-1	43
JAENYE010000003	43965	45062	-1	44
JAENYE010000003	45535	45993	-1	45
JAENYE010000003	46071	48494	-1	46
JAENYE010000003	48545	49132	-1	47
JAENYE010000003	49273	49608	-1	48
JAENYE010000003	49866	51140	-1	49
JAENYE010000003	51316	52014	1	50
JAENYE010000003	52060	52149	1	51
JAENYE010000003	52163	52714	1	52
JAENYE010000003	52711	53484	1	53
JAENYE010000003	53472	54425	1	54
JAENYE010000003	54441	55643	1	55
JAENYE010000003	55676	56878	1	56
JAENYE010000003	56893	58728	1	57
JAENYE010000003	58990	59538	1	58
JAENYE010000003	59844	60095	1	59
JAENYE010000003	60125	60310	1	60
JAENYE010000003	60409	61008	-1	61
JAENYE010000003	61192	61452	1	62
JAENYE010000003	61456	62268	-1	63
JAENYE010000003	62297	62776	-1	64
JAENYE010000003	62789	64408	-1	65
JAENYE010000003	64384	66090	-1	66
JAENYE010000003	66094	66975	-1	67
JAENYE010000003	67199	67879	-1	68
JAENYE010000003	68312	68725	1	69
JAENYE010000003	68836	70380	1	70
JAENYE010000003	70523	71272	-1	71
JAENYE010000003	71778	72635	1	72
JAENYE010000003	72640	73335	-1	73
JAENYE010000003	73299	74306	-1	74
JAENYE010000003	74303	74821	-1	75
JAENYE010000003	75122	75727	1	76
JAENYE010000003	76061	76246	1	77
JAENYE010000003	76216	76425	-1	78
JAENYE010000003	76808	80827	1	79
JAENYE010000003	80997	82394	-1	80
JAENYE010000003	82458	83810	1	81
JAENYE010000003	84092	84574	-1	82
JAENYE010000003	84904	85293	-1	83
JAENYE010000003	85316	85588	1	84
JAENYE010000003	85554	85769	-1	85
JAENYE010000003	85893	87026	1	86
JAENYE010000003	87556	88272	1	87
JAENYE010000003	88667	89506	1	88
JAENYE010000003	89503	92667	1	89
JAENYE010000003	93069	93212	1	90
JAENYE010000003	93571	94758	-1	91
JAENYE010000003	95517	95978	1	92
JAENYE010000003	96006	97187	-1	93
JAENYE010000003	97235	98974	-1	94
JAENYE010000003	99058	99948	-1	95
JAENYE010000003	99945	100283	-1	96
JAENYE010000003	100307	100834	-1	97
JAENYE010000003	100821	101177	-1	98
JAENYE010000003	101234	101536	-1	99
JAENYE010000003	101623	103482	-1	100
JAENYE010000003	103483	104712	-1	101
JAENYE010000003	104712	106190	-1	102
JAENYE010000003	106675	107661	1	103
JAENYE010000003	107791	108567	1	104
JAENYE010000003	108731	109492	1	105
JAENYE010000003	109554	110066	1	106
JAENYE010000003	110170	111009	1	107
JAENYE010000003	111006	111578	1	108
JAENYE010000003	111559	111831	1	109
JAENYE010000003	111828	112928	1	110
JAENYE010000003	112925	113713	1	111
JAENYE010000003	113710	114249	1	112
JAENYE010000003	114246	115331	1	113
JAENYE010000003	115328	116194	1	114
JAENYE010000003	116191	117003	1	115
JAENYE010000003	117064	118266	1	116
JAENYE010000003	118290	119189	1	117
JAENYE010000003	119194	119913	1	118
JAENYE010000003	119900	120481	1	119
JAENYE010000003	121145	121351	-1	120
JAENYE010000003	121538	122299	-1	121
JAENYE010000003	122290	123300	-1	122
JAENYE010000003	123294	123470	-1	123
JAENYE010000003	123555	124919	1	124
JAENYE010000003	124916	125323	-1	125
JAENYE010000003	125341	125880	1	126
JAENYE010000003	125964	126506	1	127
JAENYE010000003	126518	127840	1	128
JAENYE010000003	127846	128295	1	129
JAENYE010000003	128505	129329	-1	130
JAENYE010000003	129340	129774	-1	131
JAENYE010000003	129949	130491	-1	132
JAENYE010000003	130594	131019	1	133
JAENYE010000003	131272	132201	1	134
JAENYE010000003	132140	132994	-1	135
JAENYE010000003	133001	133894	-1	136
JAENYE010000003	133897	134655	-1	137
JAENYE010000003	134945	136042	1	138
JAENYE010000003	136085	136528	1	139
JAENYE010000003	136596	137498	1	140
JAENYE010000003	137495	138262	1	141
JAENYE010000003	138259	139074	1	142
JAENYE010000003	139244	139768	1	143
JAENYE010000003	140189	140641	-1	144
JAENYE010000003	140797	142074	1	145
JAENYE010000003	142241	142942	-1	146
JAENYE010000003	142939	143892	-1	147
JAENYE010000003	143950	144249	-1	148
JAENYE010000003	144520	145257	-1	149
JAENYE010000003	146080	147849	1	150
JAENYE010000003	147846	148442	1	151
JAENYE010000003	148536	150053	1	152
JAENYE010000003	150519	151502	-1	153
JAENYE010000003	151689	152321	-1	154
JAENYE010000003	152539	152952	1	155
JAENYE010000003	153286	153840	1	156
JAENYE010000003	153881	154471	1	157
JAENYE010000003	154548	156986	-1	158
JAENYE010000003	156979	157845	-1	159
JAENYE010000003	158048	158935	1	160
JAENYE010000003	158928	159692	1	161
JAENYE010000003	159720	160724	-1	162
JAENYE010000003	161255	161878	-1	163
JAENYE010000003	161896	162807	-1	164
JAENYE010000003	162831	163301	-1	165
JAENYE010000003	163289	165298	-1	166
JAENYE010000003	165508	165768	1	167
JAENYE010000003	165990	167012	1	168
JAENYE010000003	167009	168016	1	169
JAENYE010000003	168141	168317	1	170
JAENYE010000003	168481	168714	1	171
JAENYE010000003	168739	170079	1	172
JAENYE010000003	170131	170406	-1	173
JAENYE010000003	170403	171053	-1	174
JAENYE010000003	171455	172453	1	175
JAENYE010000003	172443	172712	1	176
JAENYE010000003	172713	174014	1	177
JAENYE010000003	174011	175426	1	178
JAENYE010000003	175433	178228	1	179
JAENYE010000003	178233	178925	1	180
JAENYE010000003	178929	179627	1	181
JAENYE010000003	179650	180207	1	182
JAENYE010000003	180355	182190	1	183
JAENYE010000003	182836	183291	1	184
JAENYE010000003	183469	185232	-1	185
JAENYE010000003	185722	187014	-1	186
JAENYE010000003	187007	187861	-1	187
JAENYE010000003	188277	190973	-1	188
JAENYE010000003	191149	192501	-1	189
JAENYE010000003	192780	193223	-1	190
JAENYE010000003	193356	194291	-1	191
JAENYE010000003	194544	195491	-1	192
JAENYE010000003	195971	196534	1	193
JAENYE010000003	196948	197493	1	194
JAENYE010000003	197490	198245	1	195
JAENYE010000003	198251	199621	1	196
JAENYE010000003	199912	203478	1	197
JAENYE010000003	203475	203762	1	198
JAENYE010000003	203744	204679	-1	199
JAENYE010000003	205144	206415	1	200
JAENYE010000003	206415	207716	1	201
JAENYE010000003	207716	208147	1	202
JAENYE010000003	208155	208532	-1	203
JAENYE010000003	208529	209251	-1	204
JAENYE010000003	209257	209949	-1	205
JAENYE010000003	210025	211314	-1	206
JAENYE010000003	211476	212438	1	207
JAENYE010000003	212737	213075	-1	208
JAENYE010000003	213086	214282	-1	209
JAENYE010000003	214709	215047	-1	210
JAENYE010000003	215058	216251	-1	211
JAENYE010000003	216397	216954	1	212
JAENYE010000003	217404	217934	-1	213
JAENYE010000003	218011	219207	-1	214
JAENYE010000003	219200	219742	-1	215
JAENYE010000003	219730	220284	-1	216
JAENYE010000003	220322	221287	-1	217
JAENYE010000003	221713	222156	1	218
JAENYE010000003	222153	222863	1	219
JAENYE010000003	222901	223779	1	220
JAENYE010000003	223859	224161	-1	221
JAENYE010000003	224340	225617	1	222
JAENYE010000003	225649	225957	1	223
JAENYE010000003	225970	227649	1	224
JAENYE010000003	228141	229226	-1	225
JAENYE010000003	229236	230402	-1	226
JAENYE010000003	230517	231749	1	227
JAENYE010000003	231742	232461	1	228
JAENYE010000003	232445	233425	1	229
JAENYE010000003	233415	235415	1	230
JAENYE010000003	235598	235966	1	231
JAENYE010000003	235977	236186	1	232
JAENYE010000003	236189	236380	1	233
JAENYE010000003	236386	236835	1	234
JAENYE010000003	237066	237719	1	235
JAENYE010000003	237716	237919	1	236
JAENYE010000003	237916	238716	1	237
JAENYE010000003	238726	239472	1	238
JAENYE010000003	239534	240739	1	239
JAENYE010000003	240679	241293	1	240
JAENYE010000003	241265	241492	-1	241
JAENYE010000003	241841	242749	-1	242
JAENYE010000003	242750	243904	-1	243
JAENYE010000003	243904	244164	-1	244
JAENYE010000003	244164	244709	-1	245
JAENYE010000003	244850	245467	-1	246
JAENYE010000003	245568	246440	-1	247
JAENYE010000003	246507	247379	-1	248
JAENYE010000003	247832	248764	1	249
JAENYE010000003	249002	250156	1	250
JAENYE010000003	250229	251776	1	251
JAENYE010000003	252090	253094	1	252
JAENYE010000003	253536	254540	-1	253
JAENYE010000003	255855	258230	1	254
JAENYE010000003	259459	260205	1	255
JAENYE010000003	260449	261672	1	256
JAENYE010000003	262135	262752	-1	257
JAENYE010000003	262749	263807	-1	258
JAENYE010000003	263795	264424	-1	259
JAENYE010000003	264727	266640	1	260
JAENYE010000003	267141	268340	1	261
JAENYE010000003	268313	268774	1	262
JAENYE010000003	269414	270442	1	263
JAENYE010000003	270611	270865	1	264
JAENYE010000003	270866	271864	1	265
JAENYE010000003	272193	272771	-1	266
JAENYE010000003	273615	274646	1	267
JAENYE010000003	275179	276213	1	268
JAENYE010000003	276313	277803	-1	269
JAENYE010000003	278271	278537	1	270
JAENYE010000003	278595	279416	1	271
JAENYE010000003	280262	281320	1	272
JAENYE010000003	281331	282566	1	273
JAENYE010000003	282796	284253	-1	274
JAENYE010000003	284798	285973	1	275
JAENYE010000003	286162	288369	1	276
JAENYE010000003	288408	289649	-1	277
JAENYE010000003	289924	292494	-1	278
JAENYE010000003	292969	294624	-1	279
JAENYE010000003	294895	296433	-1	280
JAENYE010000003	296742	297347	1	281
JAENYE010000003	297422	298564	1	282
JAENYE010000003	298614	299561	1	283
JAENYE010000003	300130	300339	1	284
JAENYE010000003	300443	300952	1	285
JAENYE010000003	301487	301912	-1	286
JAENYE010000003	302264	303037	1	287
JAENYE010000003	303045	303812	1	288
JAENYE010000003	304647	306638	1	289
JAENYE010000003	306720	307928	1	290
JAENYE010000003	307983	308894	1	291
JAENYE010000003	308928	309782	1	292
JAENYE010000003	309823	310536	-1	293
JAENYE010000003	310536	311378	-1	294
JAENYE010000003	311347	312174	-1	295
JAENYE010000003	312564	312842	-1	296
JAENYE010000003	313506	314732	-1	297
JAENYE010000004	194	1372	-1	1
JAENYE010000004	1369	1551	-1	2
JAENYE010000004	1682	2842	1	3
JAENYE010000004	2829	6002	1	4
JAENYE010000004	6002	7039	1	5
JAENYE010000004	7017	8615	1	6
JAENYE010000004	8700	9209	-1	7
JAENYE010000004	9221	10090	-1	8
JAENYE010000004	11041	12933	1	9
JAENYE010000004	12941	14206	-1	10
JAENYE010000004	14210	16270	-1	11
JAENYE010000004	16374	17618	-1	12
JAENYE010000004	17655	18524	-1	13
JAENYE010000004	18583	18861	-1	14
JAENYE010000004	19257	19520	-1	15
JAENYE010000004	19615	20493	1	16
JAENYE010000004	20711	21937	1	17
JAENYE010000004	21918	23816	-1	18
JAENYE010000004	23938	24504	-1	19
JAENYE010000004	24501	25181	-1	20
JAENYE010000004	25389	25580	1	21
JAENYE010000004	25732	27606	1	22
JAENYE010000004	27716	28234	1	23
JAENYE010000004	28611	29114	1	24
JAENYE010000004	29107	29592	-1	25
JAENYE010000004	29585	30106	-1	26
JAENYE010000004	30257	31333	-1	27
JAENYE010000004	31330	31854	-1	28
JAENYE010000004	31859	32140	-1	29
JAENYE010000004	32255	32647	1	30
JAENYE010000004	32894	33610	-1	31
JAENYE010000004	33607	34005	-1	32
JAENYE010000004	34002	35510	-1	33
JAENYE010000004	35679	36977	-1	34
JAENYE010000004	37194	37904	1	35
JAENYE010000004	37901	38218	1	36
JAENYE010000004	38280	41024	1	37
JAENYE010000004	41017	41631	1	38
JAENYE010000004	42166	42765	1	39
JAENYE010000004	42746	43900	-1	40
JAENYE010000004	43983	44306	-1	41
JAENYE010000004	44371	45087	-1	42
JAENYE010000004	45084	47702	-1	43
JAENYE010000004	48236	48835	1	44
JAENYE010000004	48843	49949	1	45
JAENYE010000004	49957	50994	1	46
JAENYE010000004	51506	52054	1	47
JAENYE010000004	52325	52552	-1	48
JAENYE010000004	52594	52866	1	49
JAENYE010000004	52878	53414	-1	50
JAENYE010000004	53904	56348	1	51
JAENYE010000004	56359	58803	-1	52
JAENYE010000004	58817	59872	-1	53
JAENYE010000004	59916	60929	-1	54
JAENYE010000004	61271	62638	-1	55
JAENYE010000004	62635	63396	-1	56
JAENYE010000004	63743	64978	-1	57
JAENYE010000004	65363	65794	-1	58
JAENYE010000004	66368	68134	1	59
JAENYE010000004	68371	70908	1	60
JAENYE010000004	71068	72612	1	61
JAENYE010000004	72623	74542	1	62
JAENYE010000004	74839	76200	1	63
JAENYE010000004	76299	76940	-1	64
JAENYE010000004	77209	78318	-1	65
JAENYE010000004	79008	79697	-1	66
JAENYE010000004	79836	80279	1	67
JAENYE010000004	80286	81035	1	68
JAENYE010000004	81028	81858	1	69
JAENYE010000004	81884	82867	1	70
JAENYE010000004	82999	83133	-1	71
JAENYE010000004	83314	83742	-1	72
JAENYE010000004	84024	87122	1	73
JAENYE010000004	87109	90408	1	74
JAENYE010000004	90695	90811	1	75
JAENYE010000004	90804	91049	1	76
JAENYE010000004	91253	91414	-1	77
JAENYE010000004	91757	92137	-1	78
JAENYE010000004	92780	97102	1	79
JAENYE010000004	97192	97857	-1	80
JAENYE010000004	97981	98442	1	81
JAENYE010000004	98743	99102	-1	82
JAENYE010000004	99092	99412	-1	83
JAENYE010000004	99565	99942	-1	84
JAENYE010000004	99930	100262	-1	85
JAENYE010000004	100951	101862	-1	86
JAENYE010000004	101867	102295	-1	87
JAENYE010000004	102443	105178	1	88
JAENYE010000004	105196	108321	1	89
JAENYE010000004	108326	111538	1	90
JAENYE010000004	111535	112029	1	91
JAENYE010000004	112174	113019	1	92
JAENYE010000004	113016	115028	1	93
JAENYE010000004	115029	116351	1	94
JAENYE010000004	116698	121389	1	95
JAENYE010000004	121488	121733	-1	96
JAENYE010000004	122181	122654	-1	97
JAENYE010000004	123075	123680	-1	98
JAENYE010000004	123980	125506	1	99
JAENYE010000004	125499	126614	1	100
JAENYE010000004	126707	127873	-1	101
JAENYE010000004	127885	128394	-1	102
JAENYE010000004	128988	129866	-1	103
JAENYE010000004	129856	130455	-1	104
JAENYE010000004	130705	131448	1	105
JAENYE010000004	131448	132452	1	106
JAENYE010000004	132449	132631	-1	107
JAENYE010000004	132721	133269	1	108
JAENYE010000004	133309	133860	1	109
JAENYE010000004	133873	134061	1	110
JAENYE010000004	134072	134947	1	111
JAENYE010000004	134940	135698	1	112
JAENYE010000004	135981	136997	1	113
JAENYE010000004	137011	137286	1	114
JAENYE010000004	137528	137971	1	115
JAENYE010000004	138051	138749	-1	116
JAENYE010000004	138749	139534	-1	117
JAENYE010000004	139542	140624	-1	118
JAENYE010000004	140717	141409	1	119
JAENYE010000004	141491	142618	-1	120
JAENYE010000004	142674	143534	-1	121
JAENYE010000004	143896	145017	-1	122
JAENYE010000004	145028	145207	-1	123
JAENYE010000004	145405	146403	1	124
JAENYE010000004	146391	146996	1	125
JAENYE010000004	147417	148646	1	126
JAENYE010000004	148643	149629	-1	127
JAENYE010000004	149658	150743	1	128
JAENYE010000004	151191	151508	-1	129
JAENYE010000004	151692	151877	1	130
JAENYE010000004	152089	153375	-1	131
JAENYE010000004	153915	154319	-1	132
JAENYE010000004	154468	156282	-1	133
JAENYE010000004	156413	156592	1	134
JAENYE010000004	157212	157892	-1	135
JAENYE010000004	157889	159607	-1	136
JAENYE010000004	159642	159842	-1	137
JAENYE010000004	159880	161070	1	138
JAENYE010000004	161080	162312	1	139
JAENYE010000004	162380	162637	-1	140
JAENYE010000004	162848	163345	1	141
JAENYE010000004	163379	164785	-1	142
JAENYE010000004	165146	165622	1	143
JAENYE010000004	165704	166696	1	144
JAENYE010000004	166698	167219	-1	145
JAENYE010000004	167328	168218	1	146
JAENYE010000004	168225	169475	-1	147
JAENYE010000004	169557	170564	-1	148
JAENYE010000004	170773	172803	1	149
JAENYE010000004	172810	173574	1	150
JAENYE010000004	173581	174231	1	151
JAENYE010000004	174248	175222	-1	152
JAENYE010000004	175966	176928	-1	153
JAENYE010000004	177314	178015	-1	154
JAENYE010000004	178079	178687	-1	155
JAENYE010000004	178998	180728	1	156
JAENYE010000004	180725	182974	1	157
JAENYE010000004	182965	183345	-1	158
JAENYE010000004	183412	183675	1	159
JAENYE010000004	183819	184232	-1	160
JAENYE010000004	184428	184643	1	161
JAENYE010000004	184727	184951	-1	162
JAENYE010000004	184957	185526	-1	163
JAENYE010000004	185702	188122	-1	164
JAENYE010000004	188112	190082	-1	165
JAENYE010000004	190298	190612	-1	166
JAENYE010000004	190928	191743	-1	167
JAENYE010000004	191740	192573	-1	168
JAENYE010000004	192604	192954	-1	169
JAENYE010000004	192954	193592	-1	170
JAENYE010000004	193655	194785	-1	171
JAENYE010000004	195531	195893	1	172
JAENYE010000004	195890	197161	1	173
JAENYE010000004	197183	197875	-1	174
JAENYE010000004	198019	198651	1	175
JAENYE010000004	198832	199656	-1	176
JAENYE010000004	199784	200098	1	177
JAENYE010000004	200281	201573	-1	178
JAENYE010000004	201809	202306	-1	179
JAENYE010000004	202316	203344	-1	180
JAENYE010000004	203601	204191	1	181
JAENYE010000004	204633	205382	1	182
JAENYE010000004	205859	206170	-1	183
JAENYE010000004	206158	207054	-1	184
JAENYE010000004	207064	207747	-1	185
JAENYE010000004	207747	208502	-1	186
JAENYE010000004	208495	209640	-1	187
JAENYE010000004	209650	210177	-1	188
JAENYE010000004	210192	211805	-1	189
JAENYE010000004	211802	214534	-1	190
JAENYE010000004	214693	216492	1	191
JAENYE010000004	217708	219606	1	192
JAENYE010000004	219648	220211	1	193
JAENYE010000004	220806	221186	1	194
JAENYE010000004	221175	221894	-1	195
JAENYE010000004	221895	222713	-1	196
JAENYE010000004	222768	223655	1	197
JAENYE010000004	223652	224578	1	198
JAENYE010000004	224656	225255	-1	199
JAENYE010000004	225677	225847	1	200
JAENYE010000005	1	1920	1	1
JAENYE010000005	2098	2373	-1	2
JAENYE010000005	2378	2713	-1	3
JAENYE010000005	2754	3536	-1	4
JAENYE010000005	3544	3882	-1	5
JAENYE010000005	3914	4729	-1	6
JAENYE010000005	4751	5584	1	7
JAENYE010000005	5603	5857	-1	8
JAENYE010000005	5958	6473	-1	9
JAENYE010000005	6637	7005	-1	10
JAENYE010000005	7158	7670	1	11
JAENYE010000005	8154	10229	1	12
JAENYE010000005	10872	12323	1	13
JAENYE010000005	12425	17062	-1	14
JAENYE010000005	17456	18244	-1	15
JAENYE010000005	18390	18653	-1	16
JAENYE010000005	18650	18889	-1	17
JAENYE010000005	19048	19479	-1	18
JAENYE010000005	19740	20141	1	19
JAENYE010000005	20575	22332	-1	20
JAENYE010000005	22343	22768	-1	21
JAENYE010000005	23426	24151	-1	22
JAENYE010000005	24159	25112	-1	23
JAENYE010000005	25848	26375	-1	24
JAENYE010000005	26539	27000	-1	25
JAENYE010000005	27002	27289	-1	26
JAENYE010000005	27286	27717	-1	27
JAENYE010000005	27918	28718	-1	28
JAENYE010000005	28805	30133	1	29
JAENYE010000005	30190	30432	-1	30
JAENYE010000005	30410	30685	-1	31
JAENYE010000005	31093	32385	-1	32
JAENYE010000005	32553	33098	-1	33
JAENYE010000005	33324	34040	-1	34
JAENYE010000005	34015	35028	-1	35
JAENYE010000005	35015	35746	-1	36
JAENYE010000005	35743	36585	-1	37
JAENYE010000005	36567	37697	-1	38
JAENYE010000005	37694	38563	-1	39
JAENYE010000005	38569	39612	-1	40
JAENYE010000005	39616	39909	-1	41
JAENYE010000005	39955	40785	-1	42
JAENYE010000005	40757	41110	-1	43
JAENYE010000005	41184	41444	-1	44
JAENYE010000005	41626	41829	1	45
JAENYE010000005	41826	42053	1	46
JAENYE010000005	42156	44261	-1	47
JAENYE010000005	44272	45246	-1	48
JAENYE010000005	45428	46186	1	49
JAENYE010000005	46193	46927	1	50
JAENYE010000005	46875	49604	1	51
JAENYE010000005	49642	50277	1	52
JAENYE010000005	50299	50853	-1	53
JAENYE010000005	50982	52685	1	54
JAENYE010000005	53264	53524	-1	55
JAENYE010000005	54000	54215	1	56
JAENYE010000005	54289	54870	-1	57
JAENYE010000005	55278	55706	1	58
JAENYE010000005	55769	56518	1	59
JAENYE010000005	56665	57138	1	60
JAENYE010000005	57499	57840	1	61
JAENYE010000005	57880	60117	-1	62
JAENYE010000005	60516	60788	1	63
JAENYE010000005	60821	62317	-1	64
JAENYE010000005	62331	64721	-1	65
JAENYE010000005	64724	66682	-1	66
JAENYE010000005	66682	67833	-1	67
JAENYE010000005	67815	69329	-1	68
JAENYE010000005	69504	70322	1	69
JAENYE010000005	70750	72129	-1	70
JAENYE010000005	72869	74212	-1	71
JAENYE010000005	74205	75032	-1	72
JAENYE010000005	75245	75421	1	73
JAENYE010000005	75429	75752	1	74
JAENYE010000005	76323	77960	-1	75
JAENYE010000005	77947	79398	-1	76
JAENYE010000005	79404	79970	-1	77
JAENYE010000005	80000	80584	-1	78
JAENYE010000005	81146	81406	-1	79
JAENYE010000005	81494	82048	1	80
JAENYE010000005	82052	82726	-1	81
JAENYE010000005	82811	85351	-1	82
JAENYE010000005	85452	86276	1	83
JAENYE010000005	86334	86963	1	84
JAENYE010000005	87590	88618	-1	85
JAENYE010000005	88615	89979	-1	86
JAENYE010000005	89976	91244	-1	87
JAENYE010000005	91241	92035	-1	88
JAENYE010000005	92032	92856	-1	89
JAENYE010000005	92862	93848	-1	90
JAENYE010000005	93845	94636	-1	91
JAENYE010000005	94636	95427	-1	92
JAENYE010000005	95730	96218	-1	93
JAENYE010000005	96276	97514	1	94
JAENYE010000005	97581	98174	-1	95
JAENYE010000005	98258	98848	1	96
JAENYE010000005	98947	99390	-1	97
JAENYE010000005	99457	100629	-1	98
JAENYE010000005	100673	101071	1	99
JAENYE010000005	101068	101508	1	100
JAENYE010000005	101660	102052	1	101
JAENYE010000005	102358	105561	1	102
JAENYE010000005	105558	106073	1	103
JAENYE010000005	106077	107393	-1	104
JAENYE010000005	107646	108140	1	105
JAENYE010000005	108377	109168	1	106
JAENYE010000005	109252	110523	1	107
JAENYE010000005	110608	110835	1	108
JAENYE010000005	111370	113298	-1	109
JAENYE010000005	113295	114845	-1	110
JAENYE010000005	115064	117877	-1	111
JAENYE010000005	118072	118797	1	112
JAENYE010000005	119163	120455	-1	113
JAENYE010000005	120954	121262	-1	114
JAENYE010000005	122017	122673	-1	115
JAENYE010000005	122639	123847	-1	116
JAENYE010000005	123844	124257	-1	117
JAENYE010000005	124273	124551	-1	118
JAENYE010000005	124568	125302	-1	119
JAENYE010000005	125563	126546	1	120
JAENYE010000005	126561	127334	-1	121
JAENYE010000005	127351	130266	1	122
JAENYE010000005	130344	131774	-1	123
JAENYE010000005	131779	132873	-1	124
JAENYE010000005	132877	133782	-1	125
JAENYE010000005	134371	136278	-1	126
JAENYE010000005	136542	139436	-1	127
JAENYE010000005	139752	141692	1	128
JAENYE010000005	141745	142608	-1	129
JAENYE010000005	143371	145767	-1	130
JAENYE010000005	146224	147078	1	131
JAENYE010000005	147121	147555	1	132
JAENYE010000005	147562	149304	-1	133
JAENYE010000005	149695	150282	1	134
JAENYE010000005	150337	151392	-1	135
JAENYE010000005	151568	152272	1	136
JAENYE010000005	152281	152985	-1	137
JAENYE010000005	153218	153472	-1	138
JAENYE010000005	153800	154594	1	139
JAENYE010000005	154890	155777	1	140
JAENYE010000005	156207	156893	-1	141
JAENYE010000005	156902	157657	-1	142
JAENYE010000005	157661	158338	-1	143
JAENYE010000005	158627	159547	1	144
JAENYE010000005	159552	160586	1	145
JAENYE010000005	161192	161944	-1	146
JAENYE010000005	162090	163946	1	147
JAENYE010000005	163991	164704	1	148
JAENYE010000005	164989	165675	1	149
JAENYE010000005	165681	166262	-1	150
JAENYE010000005	166240	166800	-1	151
JAENYE010000005	166977	167948	1	152
JAENYE010000005	168028	168522	1	153
JAENYE010000005	168818	170056	-1	154
JAENYE010000005	170059	170541	-1	155
JAENYE010000006	2	196	1	1
JAENYE010000006	215	1708	-1	2
JAENYE010000006	1902	2138	-1	3
JAENYE010000006	2135	2941	-1	4
JAENYE010000006	2951	3307	-1	5
JAENYE010000006	3374	4846	1	6
JAENYE010000006	5342	5746	1	7
JAENYE010000006	6265	8085	1	8
JAENYE010000006	8198	8956	1	9
JAENYE010000006	9447	11171	-1	10
JAENYE010000006	11466	12236	-1	11
JAENYE010000006	12436	12882	1	12
JAENYE010000006	12879	13505	1	13
JAENYE010000006	13496	14197	1	14
JAENYE010000006	14197	14676	1	15
JAENYE010000006	14673	15419	1	16
JAENYE010000006	15527	16345	1	17
JAENYE010000006	16339	16959	-1	18
JAENYE010000006	16973	18139	1	19
JAENYE010000006	18285	18704	1	20
JAENYE010000006	18941	19912	-1	21
JAENYE010000006	19909	21120	-1	22
JAENYE010000006	21569	21937	-1	23
JAENYE010000006	22030	22380	-1	24
JAENYE010000006	22422	23663	-1	25
JAENYE010000006	23832	24602	1	26
JAENYE010000006	24572	25333	-1	27
JAENYE010000006	25499	26608	1	28
JAENYE010000006	26612	27253	1	29
JAENYE010000006	27240	27770	-1	30
JAENYE010000006	27813	29318	-1	31
JAENYE010000006	29575	30306	1	32
JAENYE010000006	30729	32609	1	33
JAENYE010000006	32606	33631	1	34
JAENYE010000006	34171	34533	1	35
JAENYE010000006	34540	36312	1	36
JAENYE010000006	36786	37955	-1	37
JAENYE010000006	37940	38431	-1	38
JAENYE010000006	38449	39063	-1	39
JAENYE010000006	39076	41034	-1	40
JAENYE010000006	41027	42061	-1	41
JAENYE010000006	42064	42426	-1	42
JAENYE010000006	42496	43302	-1	43
JAENYE010000006	43335	44474	-1	44
JAENYE010000006	44476	46074	-1	45
JAENYE010000006	46076	47929	-1	46
JAENYE010000006	47935	48678	-1	47
JAENYE010000006	48685	49158	-1	48
JAENYE010000006	49161	49655	-1	49
JAENYE010000006	49659	50477	-1	50
JAENYE010000006	50794	51984	-1	51
JAENYE010000006	51975	52130	-1	52
JAENYE010000006	52150	53277	-1	53
JAENYE010000006	53309	54259	-1	54
JAENYE010000006	54363	54530	-1	55
JAENYE010000006	54751	56676	1	56
JAENYE010000006	57135	57764	-1	57
JAENYE010000006	57777	58373	-1	58
JAENYE010000006	58512	59399	1	59
JAENYE010000006	59653	60537	-1	60
JAENYE010000006	60530	60907	-1	61
JAENYE010000006	60985	61761	1	62
JAENYE010000006	61769	62581	1	63
JAENYE010000006	62655	63371	1	64
JAENYE010000006	63494	63982	1	65
JAENYE010000006	63982	64971	1	66
JAENYE010000006	64997	66082	1	67
JAENYE010000006	66627	67274	1	68
JAENYE010000006	67286	68389	-1	69
JAENYE010000006	68697	70109	-1	70
JAENYE010000006	70558	71250	-1	71
JAENYE010000006	71373	72398	-1	72
JAENYE010000006	72471	73097	1	73
JAENYE010000006	73090	74361	1	74
JAENYE010000006	74358	75323	1	75
JAENYE010000006	75310	76557	1	76
JAENYE010000006	76542	77426	1	77
JAENYE010000006	77423	78154	1	78
JAENYE010000006	78496	80139	1	79
JAENYE010000006	80508	81089	1	80
JAENYE010000006	81086	81430	-1	81
JAENYE010000006	81459	82340	-1	82
JAENYE010000006	82485	83540	1	83
JAENYE010000006	83540	86710	1	84
JAENYE010000006	87131	88006	-1	85
JAENYE010000006	88405	89247	-1	86
JAENYE010000006	89234	90493	-1	87
JAENYE010000006	90585	90782	-1	88
JAENYE010000006	90933	92120	1	89
JAENYE010000006	92129	92533	-1	90
JAENYE010000006	93126	94622	1	91
JAENYE010000006	94635	94868	1	92
JAENYE010000006	95649	96578	-1	93
JAENYE010000006	96575	97867	-1	94
JAENYE010000006	97895	98407	-1	95
JAENYE010000006	98401	98964	-1	96
JAENYE010000006	99019	100512	1	97
JAENYE010000006	100708	101649	-1	98
JAENYE010000006	102552	103223	-1	99
JAENYE010000006	103228	103575	-1	100
JAENYE010000006	103586	104953	-1	101
JAENYE010000006	104950	105867	-1	102
JAENYE010000006	105877	106440	-1	103
JAENYE010000006	106440	106682	-1	104
JAENYE010000006	107059	107847	-1	105
JAENYE010000006	107879	108412	-1	106
JAENYE010000006	108435	109073	-1	107
JAENYE010000006	109174	109650	-1	108
JAENYE010000006	109749	110543	1	109
JAENYE010000006	110617	110901	-1	110
JAENYE010000006	110965	112260	-1	111
JAENYE010000006	112450	112767	-1	112
JAENYE010000006	112936	114225	-1	113
JAENYE010000006	114222	115136	-1	114
JAENYE010000006	115140	115589	-1	115
JAENYE010000006	115664	116659	-1	116
JAENYE010000006	116656	116997	-1	117
JAENYE010000006	116997	117221	-1	118
JAENYE010000006	117590	117706	1	119
JAENYE010000007	209	697	-1	1
JAENYE010000007	785	1336	1	2
JAENYE010000007	1352	2434	1	3
JAENYE010000007	2615	3796	-1	4
JAENYE010000007	4428	6128	1	5
JAENYE010000007	6158	7465	-1	6
JAENYE010000007	7462	8133	-1	7
JAENYE010000007	8278	9405	1	8
JAENYE010000007	9679	10302	1	9
JAENYE010000007	10423	10812	1	10
JAENYE010000007	11859	12614	1	11
JAENYE010000007	12626	13585	1	12
JAENYE010000007	14167	14754	-1	13
JAENYE010000007	15013	16458	-1	14
JAENYE010000007	16433	17218	-1	15
JAENYE010000007	17196	17639	-1	16
JAENYE010000007	18049	18450	-1	17
JAENYE010000007	19135	19521	-1	18
JAENYE010000007	19518	19664	-1	19
JAENYE010000007	20085	20213	1	20
JAENYE010000007	20416	20646	1	21
JAENYE010000007	20668	20949	1	22
JAENYE010000007	20962	21612	1	23
JAENYE010000007	21940	22143	1	24
JAENYE010000007	22121	22411	1	25
JAENYE010000007	22398	22760	1	26
JAENYE010000007	22967	24154	1	27
JAENYE010000007	24138	26951	1	28
JAENYE010000007	27369	28118	1	29
JAENYE010000007	28425	28781	1	30
JAENYE010000007	28765	30429	1	31
JAENYE010000007	30658	31947	1	32
JAENYE010000007	32063	32818	1	33
JAENYE010000007	33083	33670	1	34
JAENYE010000007	34190	36151	-1	35
JAENYE010000007	36230	36388	-1	36
JAENYE010000007	36459	36998	1	37
JAENYE010000007	37271	39451	1	38
JAENYE010000007	39616	40002	1	39
JAENYE010000007	40125	40424	1	40
JAENYE010000007	40512	41360	-1	41
JAENYE010000007	41634	42926	1	42
JAENYE010000007	43294	45060	1	43
JAENYE010000007	45115	45225	-1	44
JAENYE010000007	45414	45869	-1	45
JAENYE010000007	45913	46878	-1	46
JAENYE010000007	47072	47575	-1	47
JAENYE010000007	47811	48770	-1	48
JAENYE010000007	49029	49148	1	49
JAENYE010000007	49217	49345	1	50
JAENYE010000007	49335	50912	1	51
JAENYE010000007	51003	51338	1	52
JAENYE010000007	51444	53990	1	53
JAENYE010000007	54482	55474	1	54
JAENYE010000007	55525	55917	1	55
JAENYE010000007	55871	56428	1	56
JAENYE010000007	56404	58122	1	57
JAENYE010000007	58525	59214	-1	58
JAENYE010000007	59726	61531	1	59
JAENYE010000007	61687	63207	1	60
JAENYE010000007	63565	64722	1	61
JAENYE010000007	64703	65860	1	62
JAENYE010000007	66000	67031	-1	63
JAENYE010000007	67078	68115	1	64
JAENYE010000007	68117	69049	-1	65
JAENYE010000007	69258	69989	1	66
JAENYE010000007	70290	70727	1	67
JAENYE010000007	70948	72684	1	68
JAENYE010000007	72777	73088	1	69
JAENYE010000007	73097	73318	-1	70
JAENYE010000007	73351	74175	-1	71
JAENYE010000007	74377	76215	1	72
JAENYE010000007	76796	77404	-1	73
JAENYE010000007	77379	78896	-1	74
JAENYE010000007	79375	79671	1	75
JAENYE010000007	80649	82919	1	76
JAENYE010000007	83637	84122	1	77
JAENYE010000007	84119	84358	1	78
JAENYE010000007	84355	84585	1	79
JAENYE010000007	84582	84821	1	80
JAENYE010000007	84815	85267	1	81
JAENYE010000007	85264	85863	1	82
JAENYE010000007	85856	86509	1	83
JAENYE010000007	86515	86718	1	84
JAENYE010000007	86720	87565	1	85
JAENYE010000007	87562	87804	1	86
JAENYE010000007	87801	88193	1	87
JAENYE010000007	88190	88645	1	88
JAENYE010000007	88642	89730	1	89
JAENYE010000007	89735	90343	1	90
JAENYE010000007	90340	90729	1	91
JAENYE010000007	90719	92008	1	92
JAENYE010000007	92005	93705	1	93
JAENYE010000007	93702	94469	1	94
JAENYE010000007	94619	94885	-1	95
JAENYE010000008	147	770	-1	1
JAENYE010000008	801	1289	-1	2
JAENYE010000008	1445	1906	1	3
JAENYE010000008	1965	2633	1	4
JAENYE010000008	2630	6097	-1	5
JAENYE010000008	6316	7368	1	6
JAENYE010000008	7355	8704	-1	7
JAENYE010000008	8800	9249	-1	8
JAENYE010000008	9275	10288	-1	9
JAENYE010000008	10341	10490	-1	10
JAENYE010000008	10538	11242	1	11
JAENYE010000008	11379	12035	1	12
JAENYE010000008	12623	13807	-1	13
JAENYE010000008	13813	14442	-1	14
JAENYE010000008	14658	14885	-1	15
JAENYE010000008	14914	15456	1	16
JAENYE010000008	15591	15932	1	17
JAENYE010000008	16081	18720	1	18
JAENYE010000008	18935	19666	-1	19
JAENYE010000008	20110	21348	-1	20
JAENYE010000008	21350	23416	-1	21
JAENYE010000008	23735	24376	1	22
JAENYE010000008	24438	25259	1	23
JAENYE010000008	25280	27055	1	24
JAENYE010000008	27112	27537	1	25
JAENYE010000008	27849	28700	-1	26
JAENYE010000008	28853	29329	-1	27
JAENYE010000008	29333	29527	1	28
JAENYE010000008	29803	31302	-1	29
JAENYE010000008	31334	32137	-1	30
JAENYE010000008	32167	32268	-1	31
JAENYE010000008	32284	33051	-1	32
JAENYE010000008	33169	33735	1	33
JAENYE010000008	34159	34527	-1	34
JAENYE010000008	34574	35527	-1	35
JAENYE010000008	36086	37114	1	36
JAENYE010000008	37212	38354	-1	37
JAENYE010000008	38360	40189	-1	38
JAENYE010000008	40194	40703	-1	39
JAENYE010000008	40972	42456	1	40
JAENYE010000008	42817	43509	1	41
JAENYE010000008	43713	44366	1	42
JAENYE010000008	44628	45323	1	43
JAENYE010000008	45514	46188	1	44
JAENYE010000008	46278	47789	1	45
JAENYE010000008	47761	49437	1	46
JAENYE010000008	49434	49937	1	47
JAENYE010000008	50036	50143	1	48
JAENYE010000008	50143	51729	1	49
JAENYE010000008	51890	52795	1	50
JAENYE010000008	52800	53603	1	51
JAENYE010000008	53787	54398	1	52
JAENYE010000008	54580	54813	1	53
JAENYE010000008	54987	56384	1	54
JAENYE010000008	56775	58094	1	55
JAENYE010000008	58091	59068	1	56
JAENYE010000008	59065	59763	1	57
JAENYE010000008	59775	60200	1	58
JAENYE010000009	2	643	-1	1
JAENYE010000009	1058	1780	-1	2
JAENYE010000009	2036	3466	-1	3
JAENYE010000009	3507	4574	-1	4
JAENYE010000009	4577	6469	-1	5
JAENYE010000009	6490	7134	-1	6
JAENYE010000009	7280	8140	-1	7
JAENYE010000009	8155	8583	-1	8
JAENYE010000009	8620	9666	-1	9
JAENYE010000009	9711	9869	1	10
JAENYE010000009	9866	10615	-1	11
JAENYE010000009	11185	12417	-1	12
JAENYE010000009	12564	14111	1	13
JAENYE010000009	14479	16017	1	14
