Contig	Start	End	Strand	Pos
DSGI01000001	2	631	-1	1
DSGI01000001	958	1185	1	2
DSGI01000001	1372	2103	1	3
DSGI01000001	2635	2871	-1	4
DSGI01000001	2940	3728	-1	5
DSGI01000001	3786	4034	1	6
DSGI01000001	4065	4349	1	7
DSGI01000001	4514	4900	1	8
DSGI01000001	4882	5232	1	9
DSGI01000001	5345	5563	-1	10
DSGI01000001	5699	6133	-1	11
DSGI01000001	6130	6357	-1	12
DSGI01000001	6576	7004	-1	13
DSGI01000002	2	433	-1	1
DSGI01000002	925	1755	1	2
DSGI01000002	1766	2596	-1	3
DSGI01000002	2694	4040	-1	4
DSGI01000002	4147	5046	1	5
DSGI01000002	5253	6032	-1	6
DSGI01000002	6069	6443	-1	7
DSGI01000002	6446	7141	1	8
DSGI01000002	7259	8653	1	9
DSGI01000002	8953	9114	1	10
DSGI01000002	9115	9714	-1	11
DSGI01000002	9728	10606	-1	12
DSGI01000002	10734	12023	-1	13
DSGI01000002	12207	12707	-1	14
DSGI01000002	12899	14332	1	15
DSGI01000002	14319	15311	-1	16
DSGI01000002	15308	15736	-1	17
DSGI01000002	15895	16659	1	18
DSGI01000003	3	4304	1	1
DSGI01000004	2	844	-1	1
DSGI01000004	1075	3603	-1	2
DSGI01000004	3706	4248	-1	3
DSGI01000004	4280	6196	-1	4
DSGI01000004	6487	6930	1	5
DSGI01000005	14	1729	-1	1
DSGI01000005	1934	2896	-1	2
DSGI01000005	2902	3894	-1	3
DSGI01000005	3875	4762	-1	4
DSGI01000005	4766	5788	-1	5
DSGI01000005	5872	6618	1	6
DSGI01000005	6636	8081	1	7
DSGI01000006	2	88	-1	1
DSGI01000006	30	263	-1	2
DSGI01000006	343	624	1	3
DSGI01000006	627	1994	1	4
DSGI01000006	1996	2313	1	5
DSGI01000006	2314	3303	1	6
DSGI01000006	3266	4276	-1	7
DSGI01000006	4386	6419	1	8
DSGI01000006	6416	7525	1	9
DSGI01000006	7550	7978	1	10
DSGI01000007	1	357	1	1
DSGI01000007	346	1251	-1	2
DSGI01000007	1282	1653	-1	3
DSGI01000007	1884	2399	1	4
DSGI01000007	2430	4694	-1	5
DSGI01000007	4916	8776	-1	6
DSGI01000007	9183	9395	1	7
DSGI01000008	3	2393	-1	1
DSGI01000008	2704	3501	-1	2
DSGI01000008	3603	4070	1	3
DSGI01000008	4078	4497	-1	4
DSGI01000008	4507	5217	-1	5
DSGI01000009	312	1250	1	1
DSGI01000009	1247	2431	-1	2
DSGI01000009	2716	4065	1	3
DSGI01000009	4077	5201	1	4
DSGI01000009	5204	6367	1	5
DSGI01000009	6422	6787	-1	6
DSGI01000009	6880	10140	1	7
DSGI01000009	10126	11043	-1	8
DSGI01000010	3	851	1	1
DSGI01000010	963	2456	1	2
DSGI01000010	2449	3441	1	3
DSGI01000010	3438	4346	1	4
DSGI01000010	4378	5109	1	5
DSGI01000010	5106	5528	1	6
DSGI01000010	5562	5828	1	7
DSGI01000010	5871	6422	1	8
DSGI01000010	6484	7656	-1	9
DSGI01000010	7723	8418	1	10
DSGI01000010	8405	9166	-1	11
DSGI01000010	9171	10565	-1	12
DSGI01000010	10529	11968	-1	13
DSGI01000010	11956	12897	-1	14
DSGI01000010	12882	13583	-1	15
DSGI01000010	13576	14244	-1	16
DSGI01000010	14283	14717	-1	17
DSGI01000010	14791	15603	1	18
DSGI01000010	15604	16248	1	19
DSGI01000010	16252	16992	1	20
DSGI01000010	16979	17617	1	21
DSGI01000010	17614	18768	-1	22
DSGI01000010	18968	19726	-1	23
DSGI01000010	19936	20499	1	24
DSGI01000010	20500	21279	1	25
DSGI01000010	21316	22359	-1	26
DSGI01000010	22469	22585	1	27
DSGI01000010	22623	22832	1	28
DSGI01000010	22901	23368	1	29
DSGI01000010	23381	24199	-1	30
DSGI01000010	24229	24375	-1	31
DSGI01000011	3	260	1	1
DSGI01000011	272	526	1	2
DSGI01000011	712	939	1	3
DSGI01000011	945	1250	1	4
DSGI01000011	1234	1488	1	5
DSGI01000011	1753	1923	-1	6
DSGI01000012	1	81	1	1
DSGI01000012	71	1111	1	2
DSGI01000012	1515	1907	1	3
DSGI01000012	1911	2726	-1	4
DSGI01000012	2798	3367	1	5
DSGI01000012	3357	4421	-1	6
DSGI01000012	4795	5646	1	7
DSGI01000012	5761	6279	1	8
DSGI01000012	6286	7593	1	9
DSGI01000012	7752	9644	1	10
DSGI01000012	9647	10249	1	11
DSGI01000012	10254	12029	1	12
DSGI01000012	12026	12694	1	13
DSGI01000012	12675	12866	-1	14
DSGI01000012	12820	13638	-1	15
DSGI01000012	13852	14550	1	16
DSGI01000012	14547	16226	-1	17
DSGI01000012	16285	16740	1	18
DSGI01000012	16729	17148	-1	19
DSGI01000012	17225	18112	1	20
DSGI01000012	18232	18585	1	21
DSGI01000012	18590	19153	1	22
DSGI01000012	19159	19353	-1	23
DSGI01000012	19410	20183	1	24
DSGI01000012	20180	21772	1	25
DSGI01000012	21753	22814	1	26
DSGI01000012	22741	23892	-1	27
DSGI01000012	23893	25614	-1	28
DSGI01000012	25672	26313	1	29
DSGI01000012	26363	27031	1	30
DSGI01000012	27021	27389	1	31
DSGI01000012	27382	28647	-1	32
DSGI01000012	28677	29072	-1	33
DSGI01000012	29318	29665	-1	34
DSGI01000012	29637	30467	-1	35
DSGI01000012	30523	31086	1	36
DSGI01000012	31069	31563	-1	37
DSGI01000012	31622	31855	-1	38
DSGI01000012	32065	32295	-1	39
DSGI01000012	33072	33800	1	40
DSGI01000012	33795	34550	-1	41
DSGI01000012	34547	35869	-1	42
DSGI01000012	35927	36889	1	43
DSGI01000012	36873	37511	-1	44
DSGI01000012	37508	37894	-1	45
DSGI01000012	37927	38184	-1	46
DSGI01000012	38217	39017	-1	47
DSGI01000012	39149	39676	1	48
DSGI01000012	39673	39897	1	49
DSGI01000012	39900	41138	1	50
DSGI01000012	41140	42210	1	51
DSGI01000012	42207	43475	-1	52
DSGI01000012	43571	43897	1	53
DSGI01000012	43892	44293	-1	54
DSGI01000012	44295	45002	-1	55
DSGI01000012	45112	45738	-1	56
DSGI01000012	45704	46492	-1	57
DSGI01000012	46504	47643	1	58
DSGI01000012	47633	49225	1	59
DSGI01000012	49227	50396	1	60
DSGI01000012	50393	51916	1	61
DSGI01000013	2	721	-1	1
DSGI01000013	705	983	-1	2
DSGI01000013	980	1594	-1	3
DSGI01000013	1697	1951	-1	4
DSGI01000013	1899	2843	-1	5
DSGI01000013	2827	5136	-1	6
DSGI01000013	5348	5785	1	7
DSGI01000013	5791	6552	1	8
DSGI01000013	6558	6770	1	9
DSGI01000013	6779	7096	1	10
DSGI01000013	7050	7814	1	11
DSGI01000013	7860	8648	1	12
DSGI01000013	8763	9188	-1	13
DSGI01000013	9272	9970	-1	14
DSGI01000013	9967	11292	-1	15
DSGI01000013	11289	12077	-1	16
DSGI01000013	12089	13858	-1	17
DSGI01000013	13870	15111	-1	18
DSGI01000013	15803	16138	1	19
DSGI01000013	16195	16593	-1	20
DSGI01000013	16627	17985	1	21
DSGI01000013	17990	18319	1	22
DSGI01000013	18283	18711	1	23
DSGI01000013	18752	19132	1	24
DSGI01000013	19125	19310	1	25
DSGI01000013	19314	19391	1	26
DSGI01000014	50	400	1	1
DSGI01000014	1225	2172	1	2
DSGI01000014	2157	2969	1	3
DSGI01000014	3316	4266	1	4
DSGI01000014	4334	5350	1	5
DSGI01000014	5433	5897	-1	6
DSGI01000014	6210	6530	1	7
DSGI01000014	6591	6824	-1	8
DSGI01000014	6802	7344	-1	9
DSGI01000014	7334	7561	-1	10
DSGI01000014	7715	7933	1	11
DSGI01000014	7911	8372	1	12
DSGI01000014	8555	9742	-1	13
DSGI01000014	9931	10236	-1	14
DSGI01000014	10223	10753	-1	15
DSGI01000014	10895	11941	-1	16
DSGI01000014	11946	12092	-1	17
DSGI01000014	12302	12955	1	18
DSGI01000014	12990	13280	-1	19
DSGI01000014	13367	14503	1	20
DSGI01000014	14500	15600	1	21
DSGI01000014	15718	16281	1	22
DSGI01000014	16269	17708	1	23
DSGI01000014	17698	18417	1	24
DSGI01000014	18414	18992	1	25
DSGI01000014	19056	19769	1	26
DSGI01000014	20097	20369	1	27
DSGI01000014	20323	20466	1	28
DSGI01000014	20499	20723	1	29
DSGI01000014	20895	21596	-1	30
DSGI01000014	21781	22293	-1	31
DSGI01000014	22336	22581	-1	32
DSGI01000014	22991	23401	-1	33
DSGI01000014	23411	23662	-1	34
DSGI01000014	24052	24243	1	35
DSGI01000014	24357	24524	1	36
DSGI01000014	25090	25908	-1	37
DSGI01000014	26157	26888	1	38
DSGI01000014	27544	27705	-1	39
DSGI01000014	28125	30668	1	40
DSGI01000014	30752	31360	-1	41
DSGI01000014	31721	31957	1	42
DSGI01000014	31954	32376	1	43
DSGI01000014	32382	32900	1	44
DSGI01000015	1	771	1	1
DSGI01000015	1031	1849	1	2
DSGI01000015	1882	3228	1	3
DSGI01000015	3309	4550	1	4
DSGI01000016	3	110	1	1
DSGI01000016	286	429	1	2
DSGI01000016	395	562	1	3
DSGI01000016	622	810	1	4
DSGI01000016	1318	1839	1	5
DSGI01000016	1912	2067	-1	6
DSGI01000016	2183	2287	-1	7
DSGI01000017	1	90	-1	1
DSGI01000017	91	1077	-1	2
DSGI01000017	1089	1844	-1	3
DSGI01000017	1905	3233	1	4
DSGI01000017	3230	4246	-1	5
DSGI01000017	4243	4347	-1	6
DSGI01000017	4583	5350	-1	7
DSGI01000017	5412	6707	1	8
DSGI01000017	6673	7659	-1	9
DSGI01000017	7846	8067	-1	10
DSGI01000017	8085	8774	1	11
DSGI01000017	8771	8995	-1	12
DSGI01000017	9033	9782	-1	13
DSGI01000017	9876	10262	-1	14
DSGI01000017	10259	11164	-1	15
DSGI01000017	11217	11792	1	16
DSGI01000017	11789	12694	1	17
DSGI01000017	12706	13710	1	18
DSGI01000017	13742	14911	1	19
DSGI01000017	14906	15409	-1	20
DSGI01000017	15450	16199	-1	21
DSGI01000017	16287	16697	-1	22
DSGI01000017	16675	17721	-1	23
DSGI01000017	17712	19400	-1	24
DSGI01000017	19387	20133	-1	25
DSGI01000017	20188	21465	-1	26
DSGI01000017	21447	24431	-1	27
DSGI01000017	24589	25710	-1	28
DSGI01000017	25752	27935	1	29
DSGI01000017	27936	28277	-1	30
DSGI01000017	28395	29834	-1	31
DSGI01000017	29847	30017	-1	32
DSGI01000017	30014	30514	-1	33
DSGI01000017	30527	31237	1	34
DSGI01000017	31351	32418	-1	35
DSGI01000017	32432	33637	-1	36
DSGI01000017	33838	34041	1	37
DSGI01000017	34137	35525	1	38
DSGI01000017	35503	36582	-1	39
DSGI01000017	36592	37932	-1	40
DSGI01000017	38002	39120	1	41
DSGI01000017	39089	39421	-1	42
DSGI01000017	39418	39636	-1	43
DSGI01000017	39687	39890	-1	44
DSGI01000017	39871	40623	-1	45
DSGI01000017	40620	41087	-1	46
DSGI01000017	41338	42168	-1	47
DSGI01000017	42238	43104	1	48
DSGI01000017	43109	44725	1	49
DSGI01000017	44702	46597	-1	50
DSGI01000017	46602	47927	-1	51
DSGI01000017	48129	48542	-1	52
DSGI01000017	48545	49402	-1	53
DSGI01000017	49449	49682	-1	54
DSGI01000017	49739	50779	-1	55
DSGI01000017	50987	51463	-1	56
DSGI01000017	51484	52113	-1	57
DSGI01000017	52100	52756	-1	58
DSGI01000017	52994	53824	-1	59
DSGI01000017	53838	54158	-1	60
DSGI01000017	54163	54582	-1	61
DSGI01000017	54593	56311	-1	62
DSGI01000017	56529	56690	1	63
DSGI01000017	56696	57199	1	64
DSGI01000017	57196	58605	1	65
DSGI01000017	58678	59397	1	66
DSGI01000017	59503	59772	1	67
DSGI01000017	59853	60296	1	68
DSGI01000017	60289	61491	1	69
DSGI01000017	61478	62605	-1	70
DSGI01000017	62785	63411	-1	71
DSGI01000017	63408	64103	-1	72
DSGI01000017	64315	64665	1	73
DSGI01000017	64840	65358	-1	74
DSGI01000017	65388	65681	-1	75
DSGI01000017	65942	66199	1	76
DSGI01000017	66194	66847	-1	77
DSGI01000017	66902	67546	-1	78
DSGI01000017	67678	68823	1	79
DSGI01000017	68816	69229	1	80
DSGI01000017	69245	69742	1	81
DSGI01000017	69698	70984	-1	82
DSGI01000017	70968	71711	-1	83
DSGI01000017	71755	72969	1	84
DSGI01000017	72914	73609	1	85
DSGI01000017	73731	74231	-1	86
DSGI01000017	74473	75579	1	87
DSGI01000017	75553	76770	-1	88
DSGI01000017	76754	77188	-1	89
DSGI01000017	77146	77412	-1	90
DSGI01000017	77409	77717	-1	91
DSGI01000017	77864	78778	1	92
DSGI01000017	78783	79901	1	93
DSGI01000017	79902	82409	1	94
DSGI01000017	82357	83799	-1	95
DSGI01000017	83942	84166	-1	96
DSGI01000017	84555	85430	-1	97
DSGI01000017	85727	86542	1	98
DSGI01000017	86649	87029	-1	99
DSGI01000017	87026	87262	-1	100
DSGI01000017	87417	87617	1	101
DSGI01000017	87721	88125	1	102
DSGI01000017	88431	88754	1	103
DSGI01000017	89146	89298	-1	104
DSGI01000018	639	968	-1	1
DSGI01000018	965	1315	-1	2
DSGI01000018	1962	2405	-1	3
DSGI01000018	2411	2794	-1	4
DSGI01000018	2892	3035	-1	5
DSGI01000018	3106	3210	1	6
DSGI01000018	3211	4092	-1	7
DSGI01000018	4130	5050	-1	8
DSGI01000018	5052	5906	-1	9
DSGI01000018	5903	6373	-1	10
DSGI01000018	6587	7075	1	11
DSGI01000019	81	536	1	1
DSGI01000019	533	1429	-1	2
DSGI01000019	1559	3139	1	3
DSGI01000019	3190	3837	-1	4
DSGI01000019	3999	4175	1	5
DSGI01000020	271	525	1	1
DSGI01000020	644	1222	-1	2
DSGI01000020	1417	1632	1	3
DSGI01000020	1860	2039	-1	4
DSGI01000020	2109	2375	-1	5
DSGI01000020	2414	2710	-1	6
DSGI01000020	3700	5445	1	7
DSGI01000020	5538	9284	1	8
DSGI01000020	9465	9920	-1	9
DSGI01000021	3	1022	-1	1
DSGI01000021	1199	1879	1	2
DSGI01000021	1885	2748	1	3
DSGI01000021	2762	3943	-1	4
DSGI01000021	3948	5342	-1	5
DSGI01000021	5471	7786	-1	6
DSGI01000021	7788	8822	-1	7
DSGI01000021	8903	9691	1	8
DSGI01000021	9658	10071	-1	9
DSGI01000021	10098	10847	-1	10
DSGI01000021	10831	11370	-1	11
DSGI01000021	11375	11986	-1	12
DSGI01000021	11980	13095	-1	13
DSGI01000021	13092	13364	-1	14
DSGI01000021	13325	14080	-1	15
DSGI01000021	14157	14951	-1	16
DSGI01000021	14948	15703	-1	17
DSGI01000021	15700	16575	-1	18
DSGI01000021	16830	18275	1	19
DSGI01000021	18259	19104	-1	20
DSGI01000021	19202	21100	1	21
DSGI01000021	21068	21739	-1	22
DSGI01000021	21736	22116	-1	23
DSGI01000021	22176	22979	1	24
DSGI01000021	23298	23828	-1	25
DSGI01000021	23841	24530	-1	26
DSGI01000021	24637	24774	-1	27
DSGI01000021	24900	25313	1	28
DSGI01000021	25283	25639	1	29
DSGI01000021	25710	26591	-1	30
DSGI01000021	26779	28140	1	31
DSGI01000021	28203	29396	1	32
DSGI01000021	29418	29915	-1	33
DSGI01000021	29875	30291	-1	34
DSGI01000021	30288	31046	-1	35
DSGI01000021	31119	32120	-1	36
DSGI01000021	32124	32603	-1	37
DSGI01000021	32712	33233	1	38
DSGI01000021	33274	33780	1	39
DSGI01000021	33809	35017	1	40
DSGI01000022	2	340	-1	1
DSGI01000022	345	854	-1	2
DSGI01000022	835	1962	-1	3
DSGI01000022	1971	2759	-1	4
DSGI01000022	2756	3220	-1	5
DSGI01000023	148	408	1	1
DSGI01000023	537	776	1	2
DSGI01000023	905	1423	1	3
DSGI01000023	1420	1866	1	4
DSGI01000023	2729	3343	1	5
DSGI01000024	1	135	1	1
DSGI01000024	247	789	1	2
DSGI01000024	1096	1383	1	3
DSGI01000024	1443	2462	1	4
DSGI01000024	2463	3056	1	5
DSGI01000024	3188	4318	1	6
DSGI01000024	4401	4847	1	7
DSGI01000024	4793	5293	1	8
DSGI01000024	5379	5672	-1	9
DSGI01000024	5708	6739	-1	10
DSGI01000024	6904	8799	1	11
DSGI01000024	8835	9296	-1	12
DSGI01000024	9301	9615	-1	13
DSGI01000024	9612	10211	-1	14
DSGI01000025	3	239	-1	1
DSGI01000025	436	2238	1	2
DSGI01000025	2644	3849	1	3
DSGI01000025	3886	4695	-1	4
DSGI01000025	4728	5393	-1	5
DSGI01000026	2003	2932	-1	1
DSGI01000026	2953	3813	-1	2
DSGI01000026	3815	4201	-1	3
DSGI01000026	4222	4890	-1	4
DSGI01000026	4899	5159	-1	5
DSGI01000026	5169	5321	-1	6
DSGI01000026	5331	5651	-1	7
DSGI01000026	5751	6134	-1	8
DSGI01000026	6147	6452	-1	9
DSGI01000026	6449	6952	-1	10
DSGI01000026	6942	7100	-1	11
DSGI01000026	7321	9396	1	12
DSGI01000026	9393	10034	1	13
DSGI01000026	9976	11517	1	14
DSGI01000026	11492	12394	1	15
DSGI01000026	12415	12699	-1	16
DSGI01000026	12802	12942	1	17
DSGI01000026	12926	13327	1	18
DSGI01000026	13311	13502	1	19
DSGI01000026	13570	13821	1	20
DSGI01000026	13826	14029	1	21
DSGI01000026	14026	14817	1	22
DSGI01000026	14807	15112	1	23
DSGI01000026	15070	15546	-1	24
DSGI01000026	15533	16720	-1	25
DSGI01000026	16742	17155	-1	26
DSGI01000026	17226	17507	-1	27
DSGI01000026	17582	17842	-1	28
DSGI01000026	17839	19488	-1	29
DSGI01000026	19638	22514	1	30
DSGI01000026	22504	23127	-1	31
DSGI01000026	23184	24545	-1	32
DSGI01000026	24609	25499	1	33
DSGI01000027	3	911	1	1
DSGI01000027	869	2008	1	2
DSGI01000027	1998	2495	1	3
DSGI01000027	2473	2751	1	4
DSGI01000027	2756	2956	1	5
DSGI01000027	3072	3308	1	6
DSGI01000027	3318	4103	1	7
DSGI01000028	3	392	1	1
DSGI01000028	394	1011	1	2
DSGI01000028	1105	3558	1	3
DSGI01000028	3570	4469	1	4
DSGI01000028	4522	5454	1	5
DSGI01000028	5456	5836	-1	6
DSGI01000028	5868	6320	-1	7
DSGI01000028	6310	7074	-1	8
DSGI01000028	7123	8103	-1	9
DSGI01000028	8142	8420	-1	10
DSGI01000028	8514	8882	-1	11
DSGI01000028	8964	10196	1	12
DSGI01000028	10171	10545	1	13
DSGI01000028	10598	11368	1	14
DSGI01000028	11332	11628	1	15
DSGI01000028	11618	12460	1	16
DSGI01000028	12405	12572	1	17
DSGI01000028	12649	12819	1	18
DSGI01000028	12839	14245	-1	19
DSGI01000028	14703	15509	-1	20
DSGI01000028	15557	16603	-1	21
DSGI01000028	16600	17562	-1	22
DSGI01000028	17609	18622	-1	23
DSGI01000028	18665	19525	-1	24
DSGI01000028	19530	20840	-1	25
DSGI01000028	20891	21658	-1	26
DSGI01000028	21753	22637	1	27
DSGI01000028	22665	23183	1	28
DSGI01000028	23180	23749	1	29
DSGI01000028	23705	24721	-1	30
DSGI01000028	24865	25200	1	31
DSGI01000028	25157	25384	1	32
DSGI01000028	25477	25773	-1	33
DSGI01000028	25904	26392	1	34
DSGI01000028	26389	26535	1	35
DSGI01000028	26495	27970	1	36
DSGI01000028	27952	28299	-1	37
DSGI01000029	82	2190	1	1
DSGI01000029	2407	2880	-1	2
DSGI01000029	2846	3205	-1	3
DSGI01000029	3628	4431	-1	4
DSGI01000029	4671	4889	1	5
DSGI01000029	4882	5307	1	6
DSGI01000029	5765	6094	1	7
DSGI01000029	6263	7030	-1	8
DSGI01000029	7071	8243	1	9
DSGI01000029	8236	9021	1	10
DSGI01000029	9079	10089	1	11
DSGI01000029	10061	10693	1	12
DSGI01000029	10681	11379	1	13
DSGI01000029	11369	12781	1	14
DSGI01000029	12771	13586	1	15
DSGI01000029	13551	14306	-1	16
DSGI01000029	14337	15194	-1	17
DSGI01000029	15233	16522	1	18
DSGI01000029	16572	16823	1	19
DSGI01000029	16820	17947	-1	20
DSGI01000029	17947	19356	-1	21
DSGI01000029	19407	20294	1	22
DSGI01000029	20535	20990	1	23
DSGI01000029	20995	21279	-1	24
DSGI01000029	21280	22752	-1	25
DSGI01000029	22749	24017	-1	26
DSGI01000030	3	494	1	1
DSGI01000030	498	1526	1	2
DSGI01000030	1589	4987	1	3
DSGI01000030	5083	5298	1	4
DSGI01000030	5339	5539	1	5
DSGI01000030	6603	7013	1	6
DSGI01000030	7004	7408	1	7
DSGI01000031	2	226	-1	1
DSGI01000031	281	913	1	2
DSGI01000031	885	1934	1	3
DSGI01000031	1927	3120	-1	4
DSGI01000031	3182	3769	1	5
DSGI01000031	3766	4188	1	6
DSGI01000031	4173	4817	1	7
DSGI01000031	4795	5115	1	8
DSGI01000031	5438	6157	1	9
DSGI01000031	6163	6840	1	10
DSGI01000031	6833	7516	1	11
DSGI01000031	7521	8267	1	12
DSGI01000031	8267	9073	1	13
DSGI01000031	9075	9323	1	14
DSGI01000031	9320	9856	1	15
DSGI01000031	9837	10064	1	16
DSGI01000031	10015	10746	-1	17
DSGI01000031	10743	11528	-1	18
DSGI01000031	11855	13813	-1	19
DSGI01000031	14005	14097	-1	20
DSGI01000031	14282	14617	1	21
DSGI01000031	14604	14954	1	22
DSGI01000031	14956	16473	-1	23
DSGI01000031	16488	17027	1	24
DSGI01000031	16993	18765	-1	25
DSGI01000031	18794	19027	-1	26
DSGI01000031	19219	20361	1	27
DSGI01000031	20442	21152	1	28
DSGI01000031	21118	21435	-1	29
DSGI01000031	21445	22089	-1	30
DSGI01000031	22158	23456	-1	31
DSGI01000031	23473	24843	-1	32
DSGI01000031	24821	26911	-1	33
DSGI01000031	26921	29032	-1	34
DSGI01000031	29032	29529	-1	35
DSGI01000031	29585	29860	1	36
DSGI01000031	29895	30467	1	37
DSGI01000031	30819	31304	1	38
DSGI01000031	31442	32548	1	39
DSGI01000031	32545	33414	-1	40
DSGI01000031	33417	34097	-1	41
DSGI01000031	34099	34581	-1	42
DSGI01000031	34574	35053	-1	43
DSGI01000031	35055	35237	-1	44
DSGI01000031	35247	36440	-1	45
DSGI01000031	36778	37335	-1	46
DSGI01000032	2	193	1	1
DSGI01000032	454	1689	1	2
DSGI01000033	1	507	1	1
DSGI01000033	619	1578	1	2
DSGI01000033	1581	2411	1	3
DSGI01000034	120	578	-1	1
DSGI01000034	571	1317	-1	2
DSGI01000034	1384	2322	-1	3
DSGI01000035	3	836	-1	1
DSGI01000035	899	1252	-1	2
DSGI01000035	1408	2115	1	3
DSGI01000035	2299	2574	1	4
DSGI01000035	2840	2983	1	5
DSGI01000035	2955	3452	1	6
DSGI01000035	3717	4463	-1	7
DSGI01000035	5042	5215	-1	8
DSGI01000035	5435	5689	1	9
DSGI01000035	5680	6015	1	10
DSGI01000035	6217	8445	1	11
DSGI01000035	8996	9100	1	12
DSGI01000036	195	1805	1	1
DSGI01000036	1853	2755	1	2
DSGI01000036	2841	3239	1	3
DSGI01000036	3220	4170	1	4
DSGI01000036	4185	4511	-1	5
DSGI01000036	4575	5078	1	6
DSGI01000036	5004	6089	-1	7
DSGI01000036	6123	7025	-1	8
DSGI01000036	7243	7752	1	9
DSGI01000036	7749	8678	-1	10
DSGI01000036	8668	9126	-1	11
DSGI01000036	9131	9730	-1	12
DSGI01000036	9750	10364	-1	13
DSGI01000036	10399	10926	-1	14
DSGI01000036	10931	11836	-1	15
DSGI01000036	11833	12072	-1	16
DSGI01000036	12248	12613	-1	17
DSGI01000036	12755	13960	1	18
DSGI01000036	13982	15100	1	19
DSGI01000036	15114	15761	1	20
DSGI01000036	15855	16925	-1	21
DSGI01000036	17093	17752	-1	22
DSGI01000037	2	562	-1	1
DSGI01000037	648	860	1	2
DSGI01000037	1126	1767	-1	3
DSGI01000037	1796	3040	-1	4
DSGI01000037	3066	4166	-1	5
DSGI01000037	4454	5491	-1	6
DSGI01000037	5488	8625	-1	7
DSGI01000037	8625	9395	-1	8
DSGI01000037	9392	10558	-1	9
DSGI01000037	10561	11031	-1	10
DSGI01000037	11034	11984	-1	11
DSGI01000037	12507	13409	1	12
DSGI01000038	3	440	1	1
DSGI01000038	443	1204	-1	2
DSGI01000038	1219	1962	1	3
DSGI01000038	1952	2398	1	4
DSGI01000038	2437	2595	1	5
DSGI01000038	2596	3291	-1	6
DSGI01000038	3375	3695	1	7
DSGI01000038	3855	5261	-1	8
DSGI01000038	5299	7062	-1	9
DSGI01000038	7240	7488	-1	10
DSGI01000038	7473	7856	-1	11
DSGI01000038	8025	8246	-1	12
DSGI01000038	8445	9548	-1	13
DSGI01000038	9553	10404	-1	14
DSGI01000038	10388	10825	-1	15
DSGI01000038	10822	12105	-1	16
DSGI01000038	12102	12878	-1	17
DSGI01000038	12879	13763	-1	18
DSGI01000038	13760	14770	-1	19
DSGI01000038	15464	16270	1	20
DSGI01000039	1	1104	1	1
DSGI01000039	1154	2167	1	2
DSGI01000039	2168	4528	-1	3
DSGI01000039	4591	5031	-1	4
DSGI01000039	5301	5582	1	5
DSGI01000039	5557	6003	1	6
DSGI01000039	6179	6427	1	7
DSGI01000039	6413	6970	-1	8
DSGI01000039	6967	9099	-1	9
DSGI01000039	9224	12985	1	10
DSGI01000039	12980	14578	-1	11
DSGI01000039	14667	15488	1	12
DSGI01000039	15450	17624	-1	13
DSGI01000039	17762	18292	-1	14
DSGI01000039	18357	18662	-1	15
DSGI01000039	18625	19131	-1	16
DSGI01000039	19097	19663	-1	17
DSGI01000039	19632	21728	-1	18
DSGI01000040	2	766	-1	1
DSGI01000040	824	1645	-1	2
DSGI01000040	1667	2122	-1	3
DSGI01000040	2136	2507	-1	4
DSGI01000041	13	1170	1	1
DSGI01000041	1160	1360	-1	2
DSGI01000041	1490	1765	1	3
DSGI01000041	1775	2350	-1	4
DSGI01000041	2331	2723	-1	5
DSGI01000041	2756	3847	-1	6
DSGI01000041	4013	4096	1	7
DSGI01000042	307	861	-1	1
DSGI01000042	858	1211	-1	2
DSGI01000042	1365	1811	1	3
DSGI01000043	2	1987	-1	1
DSGI01000043	2272	2610	-1	2
DSGI01000043	2815	2973	-1	3
DSGI01000043	3339	3698	-1	4
DSGI01000043	3940	4299	1	5
DSGI01000043	4296	4661	1	6
DSGI01000044	295	1911	1	1
DSGI01000044	1914	3062	1	2
DSGI01000044	3208	3969	-1	3
DSGI01000044	3950	4840	-1	4
DSGI01000044	4914	5312	-1	5
DSGI01000044	5312	5812	-1	6
DSGI01000044	5822	6271	-1	7
DSGI01000044	6696	7673	-1	8
DSGI01000044	7670	7948	-1	9
DSGI01000044	7984	8283	-1	10
DSGI01000044	8398	8901	-1	11
DSGI01000044	8906	10309	-1	12
DSGI01000044	10296	10775	-1	13
DSGI01000044	10772	11260	-1	14
DSGI01000044	11346	11978	-1	15
DSGI01000044	12003	12590	-1	16
DSGI01000044	12596	12997	-1	17
DSGI01000044	13009	13365	-1	18
DSGI01000044	13367	13915	-1	19
DSGI01000044	13926	14318	-1	20
DSGI01000044	14329	14493	-1	21
DSGI01000044	14503	15060	-1	22
DSGI01000044	15065	15790	-1	23
DSGI01000044	15774	16169	-1	24
DSGI01000044	16179	16604	-1	25
DSGI01000044	16675	17325	-1	26
DSGI01000044	17617	18822	1	27
DSGI01000044	18815	19111	-1	28
DSGI01000044	19173	19907	1	29
DSGI01000044	19858	20355	-1	30
DSGI01000044	20429	22474	-1	31
DSGI01000044	22471	22695	-1	32
DSGI01000044	22785	24590	-1	33
DSGI01000044	24597	26078	-1	34
DSGI01000044	26235	27233	1	35
DSGI01000044	27205	28254	-1	36
DSGI01000044	28251	28850	-1	37
DSGI01000044	28895	31579	-1	38
DSGI01000044	31614	31928	-1	39
DSGI01000044	31970	32203	-1	40
DSGI01000044	32163	32915	-1	41
DSGI01000045	2	391	-1	1
DSGI01000045	1085	1897	-1	2
DSGI01000045	2368	2544	-1	3
DSGI01000045	3850	4119	1	4
DSGI01000045	4067	4498	1	5
DSGI01000045	5382	5954	1	6
DSGI01000045	5954	7093	1	7
DSGI01000045	7403	7645	1	8
DSGI01000045	7647	7847	1	9
DSGI01000046	3	503	1	1
DSGI01000046	500	1141	1	2
DSGI01000046	2063	3835	1	3
DSGI01000047	2	190	1	1
DSGI01000047	269	913	1	2
DSGI01000047	950	1690	1	3
DSGI01000047	1692	2300	1	4
DSGI01000047	2427	2888	1	5
DSGI01000047	2885	3880	-1	6
DSGI01000047	3886	4380	-1	7
DSGI01000047	4377	5624	-1	8
DSGI01000047	5615	6895	-1	9
DSGI01000047	7062	7832	-1	10
DSGI01000047	7840	9456	-1	11
DSGI01000047	9500	10786	-1	12
DSGI01000047	10921	11502	-1	13
DSGI01000047	11499	12287	-1	14
DSGI01000047	12500	13087	1	15
DSGI01000047	13096	13386	1	16
DSGI01000047	13405	14166	-1	17
DSGI01000047	14163	14489	-1	18
DSGI01000047	14546	15967	1	19
DSGI01000047	15927	16478	-1	20
DSGI01000047	16537	17382	1	21
DSGI01000048	3	230	1	1
DSGI01000048	382	1500	1	2
DSGI01000048	1497	2909	1	3
DSGI01000048	2958	4247	1	4
DSGI01000048	4201	5586	1	5
DSGI01000048	5628	7043	1	6
DSGI01000048	7063	7638	-1	7
DSGI01000048	7740	8426	-1	8
DSGI01000048	8509	9780	-1	9
DSGI01000048	9848	11722	1	10
DSGI01000048	11931	13265	1	11
DSGI01000048	13415	13816	1	12
DSGI01000049	2	1249	1	1
DSGI01000049	1258	1524	-1	2
DSGI01000049	1534	2598	-1	3
DSGI01000049	2675	3883	1	4
DSGI01000049	3855	6944	-1	5
DSGI01000049	6950	7381	-1	6
DSGI01000049	7415	8710	-1	7
DSGI01000050	3	77	-1	1
DSGI01000050	103	438	-1	2
DSGI01000050	635	1168	-1	3
DSGI01000050	1249	2070	1	4
DSGI01000050	2051	3403	1	5
DSGI01000050	3400	3897	1	6
DSGI01000050	3875	4555	1	7
DSGI01000050	4575	5168	1	8
DSGI01000050	5218	5478	1	9
DSGI01000050	5475	5996	1	10
DSGI01000050	6007	6177	-1	11
DSGI01000050	6419	8287	1	12
DSGI01000050	8289	9347	-1	13
DSGI01000050	9344	10114	-1	14
DSGI01000050	10111	11118	-1	15
DSGI01000050	11253	12254	1	16
DSGI01000050	12269	13159	-1	17
DSGI01000050	13306	14586	-1	18
DSGI01000050	14754	15905	1	19
DSGI01000050	15902	17380	-1	20
DSGI01000050	17423	18436	-1	21
DSGI01000050	18446	19222	-1	22
DSGI01000050	19231	20508	-1	23
DSGI01000050	20568	21638	1	24
DSGI01000050	21648	22523	1	25
DSGI01000050	22655	26065	1	26
DSGI01000051	3	62	-1	1
DSGI01000051	379	783	1	2
DSGI01000051	911	1573	-1	3
DSGI01000051	1574	1714	-1	4
DSGI01000052	1	270	-1	1
DSGI01000052	334	741	-1	2
DSGI01000052	1234	2022	1	3
DSGI01000052	2012	2860	1	4
DSGI01000052	2857	3459	1	5
DSGI01000052	3440	4066	-1	6
DSGI01000052	4041	4841	-1	7
DSGI01000052	4931	5137	1	8
DSGI01000052	5121	6029	1	9
DSGI01000052	5997	6431	-1	10
DSGI01000052	6564	8459	1	11
DSGI01000053	1	432	-1	1
DSGI01000053	548	1468	-1	2
DSGI01000053	1566	1799	-1	3
DSGI01000053	1759	2508	-1	4
DSGI01000053	2492	2977	-1	5
DSGI01000053	2974	3855	-1	6
DSGI01000053	3852	5798	-1	7
DSGI01000053	5804	6586	-1	8
DSGI01000053	6592	8514	-1	9
DSGI01000053	8519	9091	-1	10
DSGI01000053	9158	10279	-1	11
DSGI01000053	10260	10820	-1	12
DSGI01000053	10999	11703	1	13
DSGI01000053	11748	12128	1	14
DSGI01000053	12125	12655	1	15
DSGI01000053	12615	12863	1	16
DSGI01000053	12815	14029	-1	17
DSGI01000053	14510	14854	1	18
DSGI01000053	14899	15747	1	19
DSGI01000053	15749	16042	1	20
DSGI01000053	16141	16347	1	21
DSGI01000053	16763	17731	-1	22
DSGI01000053	18007	18441	-1	23
DSGI01000053	18429	18674	-1	24
DSGI01000053	19139	19291	-1	25
DSGI01000053	19239	19478	-1	26
DSGI01000053	19845	20174	-1	27
DSGI01000053	20171	20458	-1	28
DSGI01000053	20640	21068	1	29
DSGI01000054	11	427	1	1
DSGI01000054	596	1039	1	2
DSGI01000054	1391	1762	1	3
DSGI01000054	1804	1995	1	4
DSGI01000054	1964	2302	1	5
DSGI01000054	2421	3083	1	6
DSGI01000054	3844	4803	1	7
DSGI01000055	3	482	-1	1
DSGI01000055	537	1751	1	2
DSGI01000055	1734	2585	-1	3
DSGI01000055	2675	4138	1	4
DSGI01000055	4295	5605	-1	5
DSGI01000055	5565	6194	-1	6
DSGI01000055	6235	7140	-1	7
DSGI01000055	7352	8158	-1	8
DSGI01000055	8192	9196	-1	9
DSGI01000056	1	1896	-1	1
DSGI01000056	1970	2395	1	2
DSGI01000056	2520	3722	1	3
DSGI01000056	3719	4708	1	4
DSGI01000056	4787	6244	1	5
DSGI01000056	6229	6975	1	6
DSGI01000056	6923	7975	1	7
DSGI01000056	7965	8828	-1	8
DSGI01000056	8862	10331	-1	9
DSGI01000056	10328	11254	-1	10
DSGI01000056	11264	11656	-1	11
DSGI01000056	11637	12215	-1	12
DSGI01000056	12308	13123	-1	13
DSGI01000056	13171	14442	1	14
DSGI01000056	14426	15523	1	15
DSGI01000056	15513	16058	-1	16
DSGI01000056	16092	16178	1	17
DSGI01000057	3	125	1	1
DSGI01000057	291	500	1	2
DSGI01000057	505	1275	1	3
DSGI01000057	1289	1423	1	4
DSGI01000057	1528	3003	1	5
DSGI01000057	3000	3368	1	6
DSGI01000057	3382	3858	1	7
DSGI01000057	3861	4937	1	8
DSGI01000057	4925	5380	-1	9
DSGI01000057	5420	5932	-1	10
DSGI01000057	5970	6545	-1	11
DSGI01000057	6589	7461	-1	12
DSGI01000057	8011	8850	1	13
DSGI01000057	8847	8987	1	14
DSGI01000058	2	1237	1	1
DSGI01000058	1670	1777	1	2
DSGI01000059	2	199	1	1
DSGI01000059	449	1678	1	2
DSGI01000060	2	535	-1	1
DSGI01000060	532	1911	-1	2
DSGI01000060	1916	2854	-1	3
DSGI01000060	3125	4015	1	4
DSGI01000060	4012	4782	-1	5
DSGI01000060	4849	5841	-1	6
DSGI01000060	5846	6805	-1	7
DSGI01000060	6814	7683	-1	8
DSGI01000060	7688	8620	-1	9
DSGI01000060	8637	9323	-1	10
DSGI01000060	9310	10293	-1	11
DSGI01000060	10448	11989	-1	12
DSGI01000060	12069	13817	-1	13
DSGI01000060	13830	14936	-1	14
DSGI01000060	14972	15085	1	15
DSGI01000061	3	644	1	1
DSGI01000061	684	1754	1	2
DSGI01000061	1764	2441	1	3
DSGI01000061	2449	2835	1	4
DSGI01000061	2854	3666	-1	5
DSGI01000061	3674	4576	-1	6
DSGI01000061	4899	6554	1	7
DSGI01000061	6592	7605	1	8
DSGI01000061	7616	8482	1	9
DSGI01000061	8488	9447	1	10
DSGI01000061	9454	10425	1	11
DSGI01000061	10398	10571	1	12
DSGI01000061	10574	10909	-1	13
DSGI01000062	29	793	-1	1
DSGI01000062	798	1787	-1	2
DSGI01000062	1784	2236	-1	3
DSGI01000062	2751	3032	1	4
DSGI01000062	3438	3614	1	5
DSGI01000063	1	1269	-1	1
DSGI01000063	1266	2060	-1	2
DSGI01000063	2184	3602	1	3
DSGI01000063	3603	4379	-1	4
DSGI01000063	4372	4998	-1	5
DSGI01000063	5266	5355	1	6
DSGI01000064	1	468	-1	1
DSGI01000064	470	1066	-1	2
DSGI01000064	1129	1695	1	3
DSGI01000064	1736	1963	1	4
DSGI01000065	2	1114	1	1
DSGI01000065	1119	1397	1	2
DSGI01000065	1398	2306	-1	3
DSGI01000065	2414	3385	-1	4
DSGI01000065	3389	4378	-1	5
DSGI01000065	4375	4614	-1	6
DSGI01000065	4611	5606	-1	7
DSGI01000065	5618	5917	-1	8
DSGI01000065	5935	6954	-1	9
DSGI01000065	6960	7973	-1	10
DSGI01000065	8383	8628	-1	11
DSGI01000065	8633	9115	-1	12
DSGI01000065	9167	10369	-1	13
DSGI01000065	10497	10673	-1	14
DSGI01000066	831	1052	1	1
DSGI01000066	1042	1446	1	2
DSGI01000066	1589	1777	1	3
DSGI01000066	1980	2519	-1	4
DSGI01000067	965	1105	1	1
DSGI01000067	1187	1849	1	2
DSGI01000067	2323	2436	1	3
DSGI01000067	2611	3741	1	4
DSGI01000067	3783	4208	-1	5
DSGI01000067	4208	4450	-1	6
DSGI01000067	4972	5940	-1	7
DSGI01000068	2	109	1	1
DSGI01000068	135	1067	1	2
DSGI01000068	1072	2106	1	3
DSGI01000068	2095	2859	-1	4
DSGI01000069	2	1540	1	1
DSGI01000069	1643	1921	1	2
DSGI01000069	1899	2597	-1	3
DSGI01000069	2582	3223	-1	4
DSGI01000069	3280	3882	1	5
DSGI01000069	3854	4582	1	6
DSGI01000069	4695	5258	1	7
DSGI01000069	5236	6501	-1	8
DSGI01000069	6555	7598	1	9
DSGI01000069	7766	9424	-1	10
DSGI01000069	9429	10913	-1	11
DSGI01000069	10972	11976	-1	12
DSGI01000069	12020	12655	1	13
DSGI01000069	12690	13223	1	14
DSGI01000069	13223	14077	1	15
DSGI01000069	14077	14769	1	16
DSGI01000069	14865	15395	1	17
DSGI01000069	15387	16976	-1	18
DSGI01000069	17026	17760	1	19
DSGI01000069	17753	18328	-1	20
DSGI01000069	18349	18711	-1	21
DSGI01000069	18708	19004	-1	22
DSGI01000069	19019	20191	-1	23
DSGI01000069	20184	21497	-1	24
DSGI01000069	21502	21906	-1	25
DSGI01000069	21933	22352	-1	26
DSGI01000069	22342	22812	-1	27
DSGI01000069	22818	23255	-1	28
DSGI01000069	23299	24600	-1	29
DSGI01000070	107	1162	-1	1
DSGI01000070	1266	1499	1	2
DSGI01000070	1632	2294	1	3
DSGI01000070	2298	3086	1	4
DSGI01000070	3102	3458	-1	5
DSGI01000070	3541	4644	1	6
DSGI01000070	4625	6112	-1	7
DSGI01000070	6134	8632	-1	8
DSGI01000070	8629	9282	-1	9
DSGI01000070	9357	9692	-1	10
DSGI01000070	9868	10722	1	11
DSGI01000070	10717	11163	-1	12
DSGI01000070	11232	11672	-1	13
DSGI01000070	11726	12526	1	14
DSGI01000070	12531	13262	1	15
DSGI01000070	13267	13527	1	16
DSGI01000070	13690	14700	1	17
DSGI01000070	14764	15066	-1	18
DSGI01000071	2	1438	-1	1
DSGI01000072	2	472	-1	1
DSGI01000072	469	1557	-1	2
DSGI01000072	1585	1968	-1	3
DSGI01000072	1965	2543	-1	4
DSGI01000072	2545	3801	1	5
DSGI01000072	3785	4492	-1	6
DSGI01000072	4520	4816	-1	7
DSGI01000072	4838	5332	-1	8
DSGI01000072	5333	6403	-1	9
DSGI01000072	6488	8398	-1	10
DSGI01000072	8677	9564	1	11
DSGI01000072	9561	9965	-1	12
DSGI01000072	9962	10171	-1	13
DSGI01000072	10270	11376	1	14
DSGI01000072	11352	12026	1	15
DSGI01000072	11961	13457	-1	16
DSGI01000072	13923	14258	-1	17
DSGI01000072	14437	15531	-1	18
DSGI01000072	15649	16830	1	19
DSGI01000072	16958	17305	1	20
DSGI01000072	17456	18184	-1	21
DSGI01000073	3	137	1	1
DSGI01000073	425	1978	-1	2
DSGI01000073	2039	2788	1	3
DSGI01000073	2761	3957	1	4
DSGI01000073	3958	4548	1	5
DSGI01000073	4508	5296	1	6
DSGI01000073	5286	5765	1	7
DSGI01000073	5767	6852	1	8
DSGI01000073	6890	7618	1	9
DSGI01000073	7629	7964	1	10
DSGI01000073	7961	9745	1	11
DSGI01000073	9723	10712	-1	12
DSGI01000073	10841	11080	1	13
DSGI01000073	11115	13076	1	14
DSGI01000073	13376	15160	1	15
DSGI01000073	15458	16546	1	16
DSGI01000073	16552	16887	-1	17
DSGI01000073	16977	17915	-1	18
DSGI01000073	17953	18234	-1	19
DSGI01000073	18265	18885	-1	20
DSGI01000073	18866	19015	-1	21
DSGI01000073	19095	19793	-1	22
DSGI01000074	3	326	1	1
DSGI01000074	329	955	1	2
DSGI01000074	950	2560	-1	3
DSGI01000074	2699	2938	-1	4
DSGI01000074	3134	3385	1	5
DSGI01000074	3431	4204	1	6
DSGI01000074	4146	5366	1	7
DSGI01000074	5367	5573	-1	8
DSGI01000074	5578	6270	-1	9
DSGI01000074	6349	7608	-1	10
DSGI01000074	7725	9944	1	11
DSGI01000074	9939	10508	-1	12
DSGI01000074	10564	11295	1	13
DSGI01000074	11276	11812	1	14
DSGI01000074	11778	12401	1	15
DSGI01000074	12398	13003	1	16
DSGI01000074	12954	13583	1	17
DSGI01000074	13609	13869	1	18
DSGI01000074	13866	14702	-1	19
DSGI01000074	14713	15414	-1	20
DSGI01000074	15365	16045	-1	21
DSGI01000074	16053	16541	-1	22
DSGI01000074	16680	17333	-1	23
DSGI01000074	17453	17857	1	24
DSGI01000074	17839	19005	1	25
DSGI01000074	19011	20045	1	26
DSGI01000074	20083	20616	1	27
DSGI01000074	20813	23467	1	28
DSGI01000074	23468	23968	1	29
DSGI01000074	24195	24581	1	30
DSGI01000074	24566	25090	1	31
DSGI01000074	25080	25553	1	32
DSGI01000074	25550	26719	1	33
DSGI01000074	26719	27720	1	34
DSGI01000074	27710	28207	1	35
DSGI01000074	28185	28667	1	36
DSGI01000074	28671	28976	1	37
DSGI01000074	28981	30504	1	38
DSGI01000074	30510	32573	1	39
DSGI01000074	32573	33964	1	40
DSGI01000074	35055	35774	1	41
DSGI01000074	35808	36437	-1	42
DSGI01000074	36494	37921	1	43
DSGI01000074	37873	39093	-1	44
DSGI01000074	39074	39865	-1	45
DSGI01000074	39870	40343	-1	46
DSGI01000074	40340	40498	-1	47
DSGI01000075	3	164	1	1
DSGI01000075	161	955	-1	2
DSGI01000075	943	2286	-1	3
DSGI01000075	2286	3371	-1	4
DSGI01000075	3381	4973	-1	5
DSGI01000075	5024	6508	-1	6
DSGI01000075	7161	7334	1	7
DSGI01000075	7308	8483	-1	8
DSGI01000075	8527	9165	-1	9
DSGI01000075	9235	10608	-1	10
DSGI01000075	10768	12186	-1	11
DSGI01000075	12251	12970	1	12
DSGI01000075	12967	13164	1	13
DSGI01000075	13161	13598	-1	14
DSGI01000075	13656	14264	1	15
DSGI01000075	14300	15670	1	16
DSGI01000075	15671	17062	-1	17
DSGI01000075	17074	18456	-1	18
DSGI01000075	18793	19146	-1	19
DSGI01000075	19130	19282	-1	20
DSGI01000076	254	631	-1	1
DSGI01000076	632	1909	-1	2
DSGI01000076	2125	2832	1	3
DSGI01000076	2832	3920	1	4
DSGI01000076	3941	4606	1	5
DSGI01000076	4596	5885	1	6
DSGI01000076	6087	6845	1	7
DSGI01000076	6842	8215	1	8
DSGI01000076	8220	9776	1	9
DSGI01000076	9773	10900	1	10
DSGI01000076	11187	11828	-1	11
DSGI01000076	11947	13323	-1	12
DSGI01000076	13418	14764	1	13
DSGI01000076	14788	16305	1	14
DSGI01000076	16360	19053	1	15
DSGI01000076	19058	19564	-1	16
DSGI01000076	19625	19801	-1	17
DSGI01000076	19832	21268	-1	18
DSGI01000076	21591	22331	1	19
DSGI01000076	22332	23273	-1	20
DSGI01000076	23545	24921	1	21
DSGI01000076	25082	26188	1	22
DSGI01000076	26641	26865	1	23
DSGI01000076	26870	27394	1	24
DSGI01000076	27672	28049	-1	25
DSGI01000076	28018	28422	-1	26
DSGI01000076	28754	29140	1	27
DSGI01000076	29137	29544	1	28
DSGI01000076	30686	30784	1	29
DSGI01000077	1	969	1	1
DSGI01000077	957	1778	-1	2
DSGI01000077	1813	2337	1	3
DSGI01000077	2889	3548	-1	4
DSGI01000077	3713	4414	-1	5
DSGI01000077	4566	6551	1	6
DSGI01000077	6551	7150	1	7
DSGI01000077	7191	9089	-1	8
DSGI01000077	9079	9597	-1	9
DSGI01000077	10006	10782	1	10
DSGI01000077	10951	12318	-1	11
DSGI01000077	12342	13961	-1	12
DSGI01000077	13983	15068	-1	13
DSGI01000077	15111	15833	1	14
DSGI01000078	2	289	1	1
DSGI01000078	362	1432	1	2
DSGI01000078	1429	2817	1	3
DSGI01000078	2819	3769	1	4
DSGI01000078	3775	4734	1	5
DSGI01000078	4731	5234	1	6
DSGI01000078	5408	5626	1	7
DSGI01000078	5628	6716	-1	8
DSGI01000079	2	934	-1	1
DSGI01000079	1006	1344	1	2
DSGI01000079	1585	2112	1	3
DSGI01000079	2123	2842	-1	4
DSGI01000079	2895	4958	1	5
DSGI01000079	5011	5571	1	6
DSGI01000079	5568	6281	-1	7
DSGI01000079	6356	7651	1	8
DSGI01000080	2	1198	-1	1
DSGI01000080	1251	1895	1	2
DSGI01000080	1945	2892	1	3
DSGI01000080	3043	3324	1	4
DSGI01000080	3878	4903	-1	5
DSGI01000080	4968	5663	-1	6
DSGI01000080	5676	6386	-1	7
DSGI01000080	6399	7109	-1	8
DSGI01000080	7114	8085	-1	9
DSGI01000080	8090	8959	-1	10
DSGI01000080	8998	9360	-1	11
DSGI01000081	2	721	1	1
DSGI01000081	889	2097	1	2
DSGI01000082	1	138	-1	1
DSGI01000082	207	929	-1	2
DSGI01000082	1058	1699	-1	3
DSGI01000082	1862	3199	-1	4
DSGI01000082	3470	4402	1	5
DSGI01000082	4408	5499	1	6
DSGI01000082	5544	6146	-1	7
DSGI01000083	3	1202	1	1
DSGI01000083	1278	1535	1	2
DSGI01000083	1532	1849	1	3
DSGI01000083	1874	2347	1	4
DSGI01000083	2400	3053	1	5
DSGI01000083	3019	3906	-1	6
DSGI01000083	4262	4486	1	7
DSGI01000083	4488	5201	-1	8
DSGI01000083	5342	6301	1	9
DSGI01000083	6267	7349	1	10
DSGI01000083	7346	8788	1	11
DSGI01000083	8752	9255	1	12
DSGI01000083	9299	9580	1	13
DSGI01000083	9618	10643	1	14
DSGI01000083	10648	10971	1	15
DSGI01000084	3	293	1	1
DSGI01000084	659	1600	1	2
DSGI01000084	1601	2074	1	3
DSGI01000084	2077	3315	1	4
DSGI01000085	27	464	1	1
DSGI01000085	758	871	1	2
DSGI01000085	1189	1779	1	3
DSGI01000085	1766	2119	1	4
DSGI01000085	2187	3125	1	5
DSGI01000085	3164	3625	-1	6
DSGI01000085	3595	3843	-1	7
DSGI01000085	4475	4675	1	8
DSGI01000085	4669	5070	1	9
DSGI01000085	5170	5604	-1	10
DSGI01000085	5564	5821	-1	11
DSGI01000085	6063	6311	-1	12
DSGI01000085	6543	6746	-1	13
DSGI01000085	8585	9253	1	14
DSGI01000085	9237	9491	1	15
DSGI01000085	9565	9816	1	16
DSGI01000085	10110	10601	-1	17
DSGI01000085	10648	11058	1	18
DSGI01000085	11342	11722	-1	19
DSGI01000085	11766	11873	-1	20
DSGI01000085	12029	12946	-1	21
DSGI01000085	13022	13720	1	22
DSGI01000085	13772	14197	-1	23
DSGI01000085	14245	15201	-1	24
DSGI01000085	15212	16396	-1	25
DSGI01000085	16540	17094	-1	26
DSGI01000085	17091	17621	-1	27
DSGI01000085	17639	18373	-1	28
DSGI01000085	19238	19531	-1	29
DSGI01000085	19560	19940	-1	30
DSGI01000085	20202	20393	-1	31
DSGI01000085	20436	21413	-1	32
DSGI01000085	21419	21682	-1	33
DSGI01000085	21670	23514	-1	34
DSGI01000085	23520	24479	1	35
DSGI01000085	24580	25962	1	36
DSGI01000085	25925	26686	-1	37
DSGI01000085	26831	27826	1	38
DSGI01000085	27823	28635	1	39
DSGI01000085	28693	29409	1	40
DSGI01000085	29453	30502	1	41
DSGI01000085	30578	31828	1	42
DSGI01000085	31831	32292	-1	43
DSGI01000086	52	1323	1	1
DSGI01000086	1320	2327	-1	2
DSGI01000086	2672	4225	1	3
DSGI01000086	4202	5497	-1	4
DSGI01000086	5523	5612	-1	5
DSGI01000086	5907	6434	1	6
DSGI01000086	6390	6911	-1	7
DSGI01000086	6899	7279	-1	8
DSGI01000086	7279	8091	-1	9
DSGI01000086	8063	8806	-1	10
DSGI01000086	8859	9815	1	11
DSGI01000086	9844	10092	1	12
DSGI01000086	10089	10811	1	13
DSGI01000086	10862	12727	1	14
DSGI01000086	12905	13330	1	15
DSGI01000086	13331	14002	-1	16
DSGI01000086	14165	14632	1	17
DSGI01000086	14682	15527	1	18
DSGI01000086	15524	16393	-1	19
DSGI01000086	16485	17489	-1	20
DSGI01000086	17477	17974	-1	21
DSGI01000086	17971	19215	-1	22
DSGI01000086	19184	20695	-1	23
DSGI01000086	20824	22143	-1	24
DSGI01000087	3	98	1	1
DSGI01000087	99	512	1	2
DSGI01000087	509	1375	-1	3
DSGI01000087	1365	2081	-1	4
DSGI01000087	2578	3165	1	5
DSGI01000087	3162	3437	1	6
DSGI01000087	3451	4683	1	7
DSGI01000087	4683	5663	1	8
DSGI01000087	5715	5954	-1	9
DSGI01000087	6011	6442	-1	10
DSGI01000087	6605	6853	-1	11
DSGI01000087	6911	7618	1	12
DSGI01000087	7627	7959	1	13
DSGI01000087	7922	8623	1	14
DSGI01000087	8624	10150	-1	15
DSGI01000087	10131	10706	-1	16
DSGI01000087	10709	10999	-1	17
DSGI01000087	11015	11179	-1	18
DSGI01000087	11241	12155	1	19
DSGI01000087	12150	12647	-1	20
DSGI01000087	12751	14406	1	21
DSGI01000087	14740	15117	1	22
DSGI01000087	15085	16341	-1	23
DSGI01000087	16328	17959	-1	24
DSGI01000087	17946	18719	-1	25
DSGI01000087	18751	19128	-1	26
DSGI01000087	19193	19858	1	27
DSGI01000087	19983	20480	1	28
DSGI01000087	20428	21108	-1	29
DSGI01000087	21368	22651	1	30
DSGI01000087	22653	23585	-1	31
DSGI01000087	23618	24556	-1	32
DSGI01000087	24742	25947	1	33
DSGI01000087	25984	26898	1	34
DSGI01000087	26898	27851	1	35
DSGI01000087	27848	28588	1	36
DSGI01000087	28575	29282	1	37
DSGI01000087	29286	30710	-1	38
DSGI01000087	30707	31804	-1	39
DSGI01000087	31835	32845	1	40
DSGI01000087	32845	33498	1	41
DSGI01000087	33453	33698	1	42
DSGI01000087	33685	33939	1	43
DSGI01000087	33986	35128	1	44
DSGI01000087	35133	35978	1	45
DSGI01000087	35981	36310	1	46
DSGI01000087	36307	36855	1	47
DSGI01000087	36957	37637	1	48
DSGI01000087	37612	38208	1	49
DSGI01000087	38201	39568	-1	50
DSGI01000087	39667	40497	1	51
DSGI01000087	40501	41211	-1	52
DSGI01000087	42046	42819	1	53
DSGI01000087	42820	43182	1	54
DSGI01000087	43125	43430	1	55
DSGI01000087	43427	44149	1	56
DSGI01000087	44137	44337	-1	57
DSGI01000087	44538	44720	-1	58
DSGI01000087	44835	45197	-1	59
DSGI01000087	45194	45562	-1	60
DSGI01000087	45590	46306	-1	61
DSGI01000087	46306	46614	-1	62
DSGI01000087	46671	48047	-1	63
DSGI01000087	48044	49279	-1	64
DSGI01000087	49457	50203	1	65
DSGI01000087	50191	51474	-1	66
DSGI01000087	51458	51718	-1	67
DSGI01000087	51729	52064	-1	68
DSGI01000087	52129	53175	1	69
DSGI01000087	53165	54802	1	70
DSGI01000087	54807	55454	1	71
DSGI01000087	55445	56743	-1	72
DSGI01000087	56826	58163	1	73
DSGI01000087	58313	59296	1	74
DSGI01000087	59349	59900	1	75
DSGI01000087	59832	60698	-1	76
DSGI01000087	60937	61191	1	77
DSGI01000087	61276	61545	1	78
DSGI01000087	61538	62764	1	79
DSGI01000087	62761	63228	1	80
DSGI01000087	63236	63649	1	81
DSGI01000087	63594	64247	-1	82
DSGI01000087	64231	65154	-1	83
DSGI01000087	65218	66522	1	84
DSGI01000087	66502	67068	-1	85
DSGI01000087	67386	67730	1	86
DSGI01000087	67740	68036	1	87
DSGI01000087	68029	68652	1	88
DSGI01000087	68653	68829	1	89
DSGI01000087	68921	69112	1	90
DSGI01000087	69072	69923	1	91
DSGI01000087	69920	70444	1	92
DSGI01000087	70444	71841	1	93
DSGI01000087	71846	72463	1	94
DSGI01000087	72463	73485	1	95
DSGI01000087	73582	73899	-1	96
DSGI01000087	73944	75581	-1	97
DSGI01000088	1	381	-1	1
DSGI01000088	359	2074	-1	2
DSGI01000088	2159	2446	-1	3
DSGI01000088	2463	3869	-1	4
DSGI01000088	3927	4445	1	5
DSGI01000088	4417	4875	1	6
DSGI01000088	4872	5282	1	7
DSGI01000088	5316	6746	1	8
DSGI01000088	6747	7805	-1	9
DSGI01000088	7897	9786	-1	10
DSGI01000088	9870	10103	1	11
DSGI01000088	10107	12716	-1	12
DSGI01000088	12921	13307	1	13
DSGI01000088	13308	15083	1	14
DSGI01000088	15091	15537	-1	15
DSGI01000088	15581	16312	-1	16
DSGI01000088	16309	16746	-1	17
DSGI01000088	16815	18623	1	18
DSGI01000088	18630	19445	-1	19
DSGI01000088	19432	20274	-1	20
DSGI01000088	20341	21255	1	21
DSGI01000088	21192	21386	-1	22
DSGI01000088	21352	21789	-1	23
DSGI01000088	21982	23409	1	24
DSGI01000088	23627	24238	-1	25
DSGI01000088	24560	25564	1	26
DSGI01000088	25567	25971	-1	27
DSGI01000088	26028	26546	1	28
DSGI01000088	26551	27078	1	29
DSGI01000088	27116	27433	1	30
DSGI01000088	27465	27785	1	31
DSGI01000088	28004	28315	-1	32
DSGI01000089	3	641	1	1
DSGI01000089	646	1443	1	2
DSGI01000089	1418	2179	1	3
DSGI01000089	2430	3620	1	4
DSGI01000089	3635	5026	-1	5
DSGI01000089	5168	5923	-1	6
DSGI01000089	6072	8399	-1	7
DSGI01000089	8445	8846	-1	8
DSGI01000089	8860	9015	-1	9
DSGI01000089	9089	9814	1	10
DSGI01000089	10186	11322	-1	11
DSGI01000089	11389	12264	1	12
DSGI01000089	12273	12662	-1	13
DSGI01000089	12926	13162	-1	14
DSGI01000089	13226	13390	1	15
DSGI01000089	13413	14462	1	16
DSGI01000089	14495	14701	1	17
DSGI01000089	14713	14982	1	18
DSGI01000089	14982	15230	1	19
DSGI01000089	15231	16259	-1	20
DSGI01000089	16312	17376	1	21
DSGI01000089	17450	17806	1	22
DSGI01000089	17933	18103	1	23
DSGI01000089	18367	18933	-1	24
DSGI01000089	18982	19638	-1	25
DSGI01000089	19694	21136	1	26
DSGI01000089	21141	21827	1	27
DSGI01000089	21809	22222	-1	28
DSGI01000089	22295	22915	1	29
DSGI01000089	22912	24786	1	30
DSGI01000089	24783	25172	-1	31
DSGI01000089	25240	25482	1	32
DSGI01000089	25479	25640	1	33
DSGI01000089	26082	27431	1	34
DSGI01000089	27449	27913	1	35
DSGI01000089	27948	28268	1	36
DSGI01000089	28252	29589	-1	37
DSGI01000089	29591	30046	-1	38
DSGI01000089	30207	30761	-1	39
DSGI01000089	30758	31342	-1	40
DSGI01000089	31333	31998	-1	41
DSGI01000089	32013	32420	1	42
DSGI01000089	32417	33496	-1	43
DSGI01000089	34068	34439	1	44
DSGI01000089	34396	34911	-1	45
DSGI01000089	34905	36071	-1	46
DSGI01000089	36083	36505	-1	47
DSGI01000089	36581	37087	-1	48
DSGI01000089	37926	38210	1	49
DSGI01000089	38200	38937	-1	50
DSGI01000089	39398	39805	1	51
DSGI01000089	39955	40179	-1	52
DSGI01000089	40277	41173	-1	53
DSGI01000089	41173	41649	-1	54
DSGI01000089	41649	42086	-1	55
DSGI01000089	42049	43773	-1	56
DSGI01000089	43817	45088	-1	57
DSGI01000089	45085	45246	-1	58
DSGI01000089	45598	46962	1	59
DSGI01000089	46959	48497	1	60
DSGI01000089	48444	49337	-1	61
DSGI01000089	49389	50366	1	62
DSGI01000089	50376	50609	1	63
DSGI01000089	50897	51520	1	64
DSGI01000089	51525	51947	1	65
DSGI01000089	51957	52307	1	66
DSGI01000089	52311	52808	1	67
DSGI01000089	52774	53115	1	68
DSGI01000089	53087	53674	1	69
DSGI01000089	53691	55229	1	70
DSGI01000089	55216	56316	1	71
DSGI01000089	56759	57871	-1	72
DSGI01000089	57955	58374	1	73
DSGI01000089	58341	58820	1	74
DSGI01000089	58817	59422	-1	75
DSGI01000089	59361	59723	-1	76
DSGI01000089	59769	60797	-1	77
DSGI01000089	60760	61800	-1	78
DSGI01000089	61805	62941	-1	79
DSGI01000089	62945	64048	-1	80
DSGI01000089	64060	64656	-1	81
DSGI01000089	64777	66411	-1	82
DSGI01000089	66416	66757	-1	83
DSGI01000089	67131	68201	1	84
DSGI01000089	68245	68388	1	85
DSGI01000089	68390	68710	1	86
DSGI01000089	68676	68939	1	87
DSGI01000089	69064	69276	1	88
DSGI01000089	69233	69685	1	89
DSGI01000089	69731	70828	1	90
DSGI01000089	70815	71501	-1	91
DSGI01000089	71547	72158	1	92
DSGI01000089	72159	73319	1	93
DSGI01000089	73545	74531	-1	94
DSGI01000089	74528	75421	-1	95
DSGI01000089	75509	76090	-1	96
DSGI01000089	76150	77028	-1	97
DSGI01000089	77061	77690	-1	98
DSGI01000089	77749	78654	1	99
DSGI01000089	78651	79061	1	100
DSGI01000089	79051	80127	-1	101
DSGI01000089	80320	81255	-1	102
DSGI01000089	81311	81775	1	103
DSGI01000089	81777	82148	1	104
DSGI01000089	82145	82333	-1	105
DSGI01000089	82326	82922	-1	106
DSGI01000089	82912	83736	-1	107
DSGI01000089	83748	84239	-1	108
DSGI01000089	84239	86113	-1	109
DSGI01000089	86250	87101	1	110
DSGI01000089	87104	87514	1	111
DSGI01000089	87667	88665	1	112
DSGI01000089	88671	89459	1	113
DSGI01000089	89452	89727	1	114
DSGI01000089	89732	90469	1	115
DSGI01000089	90500	90898	1	116
DSGI01000089	91018	92259	-1	117
DSGI01000089	92261	93211	-1	118
DSGI01000089	93285	94340	-1	119
DSGI01000089	94410	94721	-1	120
DSGI01000089	94751	96019	-1	121
DSGI01000089	96370	96816	1	122
DSGI01000089	96820	97404	-1	123
DSGI01000089	97493	98161	-1	124
DSGI01000089	98158	100143	-1	125
DSGI01000089	100152	100904	-1	126
DSGI01000089	100901	102109	-1	127
DSGI01000089	102199	103011	-1	128
DSGI01000089	103109	104773	1	129
DSGI01000089	104789	105673	1	130
DSGI01000089	105684	106976	1	131
DSGI01000089	106973	108154	1	132
DSGI01000089	108127	108531	1	133
DSGI01000089	108521	108835	1	134
DSGI01000089	108801	109088	1	135
DSGI01000089	109009	109596	-1	136
DSGI01000089	109609	110382	1	137
DSGI01000089	110357	110719	1	138
DSGI01000089	110706	111389	-1	139
DSGI01000089	111370	112521	-1	140
DSGI01000089	112531	112698	-1	141
DSGI01000089	112811	114805	-1	142
DSGI01000089	114861	116144	1	143
DSGI01000089	116152	117945	1	144
DSGI01000089	117946	118107	-1	145
DSGI01000089	118226	118858	-1	146
DSGI01000089	118864	119304	-1	147
DSGI01000089	119309	119785	-1	148
DSGI01000089	119782	120105	-1	149
DSGI01000089	120098	122548	-1	150
DSGI01000089	122508	124073	-1	151
DSGI01000089	124357	127452	-1	152
DSGI01000089	127456	127806	-1	153
DSGI01000089	128058	128651	1	154
DSGI01000089	128642	128881	-1	155
DSGI01000089	128971	132321	1	156
DSGI01000089	132330	132650	1	157
DSGI01000089	132640	133392	1	158
DSGI01000089	133373	133468	1	159
DSGI01000090	36	437	-1	1
DSGI01000090	543	1178	1	2
DSGI01000090	1180	1722	-1	3
DSGI01000090	1703	2035	-1	4
DSGI01000090	1974	2897	-1	5
DSGI01000090	2902	3927	-1	6
DSGI01000091	1	153	-1	1
DSGI01000091	349	711	-1	2
DSGI01000091	865	1704	-1	3
DSGI01000091	1709	2281	-1	4
DSGI01000091	2281	2517	-1	5
DSGI01000091	2615	3043	1	6
DSGI01000091	3067	3861	1	7
DSGI01000091	3830	4471	-1	8
DSGI01000091	4518	5876	1	9
DSGI01000091	6052	6804	1	10
DSGI01000092	2	538	-1	1
DSGI01000092	1099	1323	1	2
DSGI01000092	1328	1933	-1	3
DSGI01000092	1930	3507	-1	4
DSGI01000092	3562	4311	1	5
DSGI01000092	4384	4917	-1	6
DSGI01000092	5144	5506	1	7
DSGI01000092	5552	5797	1	8
DSGI01000093	1	663	1	1
DSGI01000093	842	1003	-1	2
DSGI01000093	1000	1287	-1	3
DSGI01000093	1358	1549	-1	4
DSGI01000093	1546	2091	-1	5
DSGI01000093	2163	2549	-1	6
DSGI01000093	2885	4117	-1	7
DSGI01000093	4189	5355	1	8
DSGI01000094	2	577	1	1
DSGI01000094	605	886	-1	2
DSGI01000094	934	1494	-1	3
DSGI01000094	1604	2386	1	4
DSGI01000094	2386	3216	1	5
DSGI01000094	3665	4279	1	6
DSGI01000094	4353	5207	1	7
DSGI01000094	5350	5781	-1	8
DSGI01000095	1	96	-1	1
DSGI01000095	356	1153	-1	2
DSGI01000095	1204	2307	-1	3
DSGI01000095	2304	3368	-1	4
DSGI01000095	3431	5098	1	5
DSGI01000095	5091	5909	-1	6
DSGI01000095	5884	6801	-1	7
DSGI01000095	6862	8724	1	8
DSGI01000095	8733	9023	1	9
DSGI01000095	9011	9412	-1	10
DSGI01000095	9479	9736	1	11
DSGI01000095	9747	10502	1	12
DSGI01000095	10671	12038	-1	13
DSGI01000095	12029	12355	-1	14
DSGI01000095	12426	13040	-1	15
DSGI01000095	13128	14390	1	16
DSGI01000095	14365	16317	1	17
DSGI01000095	16307	16816	-1	18
DSGI01000095	16870	17322	1	19
DSGI01000095	17412	17639	1	20
DSGI01000095	18000	18677	-1	21
DSGI01000095	18678	19844	-1	22
DSGI01000095	19846	20391	-1	23
DSGI01000095	20445	20795	1	24
DSGI01000095	20792	21307	1	25
DSGI01000095	21876	22406	1	26
DSGI01000095	22403	23191	1	27
DSGI01000096	1	1668	1	1
DSGI01000096	1669	2610	1	2
DSGI01000096	2616	3482	1	3
DSGI01000097	263	1765	1	1
DSGI01000097	1743	2807	1	2
DSGI01000097	2809	3735	1	3
DSGI01000097	3917	5209	1	4
DSGI01000097	5206	6087	-1	5
DSGI01000097	6084	6836	-1	6
DSGI01000097	6823	8133	-1	7
DSGI01000097	8130	9785	-1	8
DSGI01000097	9837	10511	1	9
DSGI01000097	10508	11752	-1	10
DSGI01000097	11762	12181	-1	11
DSGI01000097	12392	14182	-1	12
DSGI01000097	14193	14372	-1	13
DSGI01000097	14378	14593	-1	14
DSGI01000097	14640	15023	-1	15
DSGI01000097	15049	16131	-1	16
DSGI01000097	16128	16985	-1	17
DSGI01000097	16982	17635	-1	18
DSGI01000097	17640	17843	-1	19
DSGI01000097	17907	18902	1	20
DSGI01000097	18871	20124	1	21
DSGI01000097	20098	21231	-1	22
DSGI01000097	21319	22317	-1	23
DSGI01000097	22421	23560	1	24
DSGI01000097	23671	24012	-1	25
DSGI01000097	24253	25455	-1	26
DSGI01000097	25521	25904	-1	27
DSGI01000097	25901	26032	-1	28
DSGI01000097	26025	26660	-1	29
DSGI01000097	26689	27021	-1	30
DSGI01000097	27079	27342	1	31
DSGI01000097	27339	27620	-1	32
DSGI01000097	27902	28453	-1	33
DSGI01000097	28565	28942	-1	34
DSGI01000097	28947	29627	-1	35
DSGI01000097	29637	30614	-1	36
DSGI01000097	30653	30943	1	37
DSGI01000097	30975	31262	1	38
DSGI01000097	31249	31917	1	39
DSGI01000097	32584	33672	-1	40
DSGI01000097	33822	34691	-1	41
DSGI01000097	34715	35893	-1	42
DSGI01000097	35953	37257	1	43
DSGI01000097	37223	37999	1	44
DSGI01000097	37996	38352	-1	45
DSGI01000097	38410	38814	1	46
DSGI01000097	38861	39844	1	47
DSGI01000097	39908	41074	-1	48
DSGI01000097	41071	41997	-1	49
DSGI01000097	42097	42579	-1	50
DSGI01000098	3	596	-1	1
DSGI01000098	642	2219	-1	2
DSGI01000098	2203	3000	-1	3
DSGI01000098	3084	3368	-1	4
DSGI01000098	3429	4829	-1	5
DSGI01000098	4916	5626	1	6
DSGI01000098	5641	6540	1	7
DSGI01000098	6537	7190	1	8
DSGI01000098	7349	7879	1	9
DSGI01000098	7976	8386	1	10
DSGI01000098	8536	9546	1	11
DSGI01000099	2	1393	-1	1
DSGI01000099	1469	1834	1	2
DSGI01000099	1824	2207	1	3
DSGI01000099	2226	3014	1	4
DSGI01000099	3060	3572	1	5
DSGI01000100	284	904	1	1
DSGI01000100	927	2078	1	2
DSGI01000100	2075	3865	-1	3
DSGI01000100	4019	4978	1	4
DSGI01000100	4971	5813	1	5
DSGI01000100	5810	6571	1	6
DSGI01000100	6615	7748	-1	7
DSGI01000100	7831	9264	-1	8
DSGI01000100	9346	9909	-1	9
DSGI01000100	10011	11480	-1	10
DSGI01000100	11609	11950	1	11
DSGI01000100	11953	12354	1	12
DSGI01000100	12383	12841	1	13
DSGI01000100	12835	13962	-1	14
DSGI01000101	637	999	-1	1
DSGI01000101	974	1201	-1	2
DSGI01000101	2102	2326	-1	3
DSGI01000102	104	394	1	1
DSGI01000102	391	813	1	2
DSGI01000102	911	1987	-1	3
DSGI01000102	1971	3086	-1	4
DSGI01000102	3077	3916	-1	5
DSGI01000102	3913	4083	-1	6
DSGI01000102	4172	4948	-1	7
DSGI01000102	4959	5975	-1	8
DSGI01000102	6705	7316	-1	9
DSGI01000102	7535	8695	1	10
DSGI01000102	8643	9449	-1	11
DSGI01000102	9454	10386	-1	12
DSGI01000102	10442	12082	-1	13
DSGI01000102	12267	13310	-1	14
DSGI01000102	13356	14414	-1	15
DSGI01000102	14416	15330	-1	16
DSGI01000102	15331	16038	-1	17
DSGI01000102	16040	16792	-1	18
DSGI01000102	16912	18222	-1	19
DSGI01000102	18427	19857	-1	20
DSGI01000102	19867	20841	-1	21
DSGI01000102	20975	21748	1	22
DSGI01000102	21795	22520	1	23
DSGI01000102	22507	22836	-1	24
DSGI01000102	23181	24647	-1	25
DSGI01000102	24656	25393	-1	26
DSGI01000102	25423	26112	-1	27
DSGI01000102	26372	26602	1	28
DSGI01000102	26599	26856	1	29
DSGI01000102	26924	27223	1	30
DSGI01000102	27262	27618	-1	31
DSGI01000102	27700	28170	1	32
DSGI01000102	28163	28447	-1	33
DSGI01000103	3	134	1	1
DSGI01000103	121	705	1	2
DSGI01000103	702	1592	1	3
DSGI01000103	1589	1717	1	4
