Hmm	ORF	tlen	qlen	Eval	score	start	end	Acc	Pos	Cov_seq	Cov_hmm	strand
AbiEii_0_CAS-III	DSGI01000010_20	247	284	3.5e-07	26.8	16252	16992	DSGI01000010	20	0.5506072874493927	0.4471830985915493	1
AbiEii_0_CAS-III	DSGI01000012_12	592	284	7.9e-07	25.6	10254	12029	DSGI01000012	12	0.16554054054054054	0.28169014084507044	1
AbiEii_0_CAS-III	DSGI01000012_61	508	284	1.9e-05	21.1	50393	51916	DSGI01000012	61	0.4744094488188976	0.4964788732394366	1
AbiEii_0_CAS-III	DSGI01000014_23	480	284	1.3e-11	41.2	16269	17708	DSGI01000014	23	0.3145833333333333	0.34507042253521125	1
AbiEii_0_CAS-III	DSGI01000017_13	250	284	0.0036	13.6	9033	9782	DSGI01000017	13	0.136	0.11619718309859155	-1
AbiEii_0_CAS-III	DSGI01000017_83	248	284	3.3e-07	26.8	70968	71711	DSGI01000017	83	0.5443548387096774	0.4612676056338028	-1
AbiEii_0_CAS-III	DSGI01000017_92	305	284	1.1e-06	25.2	77864	78778	DSGI01000017	92	0.26885245901639343	0.2746478873239437	1
AbiEii_0_CAS-III	DSGI01000019_3	527	284	3.5e-08	30.0	1559	3139	DSGI01000019	3	0.14041745730550284	0.14084507042253522	1
AbiEii_0_CAS-III	DSGI01000021_1	340	284	0.009	12.3	3	1022	DSGI01000021	1	0.058823529411764705	0.07042253521126761	-1
AbiEii_0_CAS-III	DSGI01000021_40	403	284	0.014	11.7	33809	35017	DSGI01000021	40	0.04962779156327544	0.07042253521126761	1
AbiEii_0_CAS-III	DSGI01000022_3	376	284	3e-30	102.5	835	1962	DSGI01000022	3	0.4521276595744681	0.5316901408450704	-1
AbiEii_0_CAS-III	DSGI01000026_14	514	284	0.0045	13.3	9976	11517	DSGI01000026	14	0.058365758754863814	0.10211267605633803	1
AbiEii_0_CAS-III	DSGI01000029_13	233	284	9.7e-06	22.0	10681	11379	DSGI01000029	13	0.34334763948497854	0.2640845070422535	1
AbiEii_0_CAS-III	DSGI01000051_3	221	284	8.1e-06	22.3	911	1573	DSGI01000051	3	0.24434389140271492	0.18661971830985916	-1
AbiEii_0_CAS-III	DSGI01000052_1	90	284	2.1e-08	30.8	1	270	DSGI01000052	1	0.9222222222222223	0.30985915492957744	-1
AbiEii_0_CAS-III	DSGI01000056_5	486	284	0.0034	13.7	4787	6244	DSGI01000056	5	0.16049382716049382	0.27816901408450706	1
AbiEii_0_CAS-III	DSGI01000057_5	492	284	9.9e-06	22.0	1528	3003	DSGI01000057	5	0.2764227642276423	0.34507042253521125	1
AbiEii_0_CAS-III	DSGI01000060_6	331	284	0.00029	17.2	4849	5841	DSGI01000060	6	0.2990936555891239	0.33098591549295775	-1
AbiEii_0_CAS-III	DSGI01000061_11	324	284	0.00013	18.3	9454	10425	DSGI01000061	11	0.35185185185185186	0.3732394366197183	1
AbiEii_0_CAS-III	DSGI01000062_2	330	284	8e-06	22.3	798	1787	DSGI01000062	2	0.2515151515151515	0.30633802816901406	-1
AbiEii_0_CAS-III	DSGI01000073_3	250	284	1e-07	28.5	2039	2788	DSGI01000073	3	0.28	0.24295774647887325	1
AbiEii_0_CAS-III	DSGI01000078_4	317	284	0.013	11.8	2819	3769	DSGI01000078	4	0.25236593059936907	0.2676056338028169	1
AbiEii_0_CAS-III	DSGI01000079_1	311	284	0.0023	14.2	2	934	DSGI01000079	1	0.2765273311897106	0.2992957746478873	-1
AbiEii_0_CAS-III	DSGI01000080_7	237	284	5.8e-06	22.8	5676	6386	DSGI01000080	7	0.5063291139240507	0.4225352112676056	-1
AbiEii_0_CAS-III	DSGI01000080_8	237	284	0.00066	16.0	6399	7109	DSGI01000080	8	0.23628691983122363	0.3626760563380282	-1
AbiEii_0_CAS-III	DSGI01000082_2	241	284	1.3e-08	31.4	207	929	DSGI01000082	2	0.34854771784232363	0.29577464788732394	-1
AbiEii_0_CAS-III	DSGI01000082_3	214	284	8.3e-07	25.5	1058	1699	DSGI01000082	3	0.45794392523364486	0.3274647887323944	-1
AbiEii_0_CAS-III	DSGI01000085_38	332	284	1.2e-05	21.7	26831	27826	DSGI01000085	38	0.3433734939759036	0.39436619718309857	1
AbiEii_0_CAS-III	DSGI01000086_10	248	284	9.5e-06	22.1	8063	8806	DSGI01000086	10	0.23387096774193547	0.20422535211267606	-1
AbiEii_0_CAS-III	DSGI01000087_25	258	284	0.00017	18.0	17946	18719	DSGI01000087	25	0.437984496124031	0.3732394366197183	-1
AbiEii_0_CAS-III	DSGI01000087_36	247	284	0.0001	18.7	27848	28588	DSGI01000087	36	0.32793522267206476	0.2711267605633803	1
AbiEii_0_CAS-III	DSGI01000087_37	236	284	0.00073	15.9	28575	29282	DSGI01000087	37	0.4830508474576271	0.39436619718309857	1
AbiEii_0_CAS-III	DSGI01000089_136	196	284	0.0055	13.0	109009	109596	DSGI01000089	136	0.27040816326530615	0.18661971830985916	-1
AbiEii_0_CAS-III	DSGI01000089_2	266	284	6.9e-05	19.2	646	1443	DSGI01000089	2	0.3383458646616541	0.30633802816901406	1
AbiEii_0_CAS-III	DSGI01000100_6	254	284	2.5e-06	23.9	5810	6571	DSGI01000100	6	0.35826771653543305	0.30633802816901406	1
AbiEii_0_CAS-III	DSGI01000102_17	236	284	4.1e-06	23.3	15331	16038	DSGI01000102	17	0.5635593220338984	0.4507042253521127	-1
AbiEii_0_CAS-III	DSGI01000102_18	251	284	0.00058	16.2	16040	16792	DSGI01000102	18	0.11952191235059761	0.09507042253521127	-1
AbiEii_0_CAS-III	DSGI01000102_26	246	284	1.2e-08	31.6	24656	25393	DSGI01000102	26	0.5365853658536586	0.43309859154929575	-1
AbiEii_1_CAS-III-A	DSGI01000010_20	247	335	0.00041	16.3	16252	16992	DSGI01000010	20	0.3967611336032389	0.31044776119402984	1
AbiEii_1_CAS-III-A	DSGI01000022_3	376	335	0.011	11.6	835	1962	DSGI01000022	3	0.07446808510638298	0.08358208955223881	-1
AbiEii_1_CAS-III-A	DSGI01000051_3	221	335	0.015	11.2	911	1573	DSGI01000051	3	0.22624434389140272	0.5134328358208955	-1
AbiEii_1_CAS-III-A	DSGI01000073_3	250	335	0.00015	17.7	2039	2788	DSGI01000073	3	0.404	0.29253731343283584	1
AbiEii_1_CAS-III-A	DSGI01000080_8	237	335	0.018	10.9	6399	7109	DSGI01000080	8	0.3459915611814346	0.25671641791044775	-1
AbiEii_1_CAS-III-A	DSGI01000082_2	241	335	0.00079	15.4	207	929	DSGI01000082	2	0.35269709543568467	0.24776119402985075	-1
AbiEii_1_CAS-III-A	DSGI01000087_87	99	335	0.29	6.9	67740	68036	DSGI01000087	87	0.8181818181818182	0.23283582089552238	1
AbiEii_1_CAS-III-A	DSGI01000100_6	254	335	0.00023	17.1	5810	6571	DSGI01000100	6	0.31496062992125984	0.23880597014925373	1
AbiEii_1_CAS-III-A	DSGI01000102_17	236	335	0.0077	12.1	15331	16038	DSGI01000102	17	0.25	0.1701492537313433	-1
AbiEii_1_CAS-III-A	DSGI01000102_18	251	335	0.006	12.4	16040	16792	DSGI01000102	18	0.2868525896414343	0.2208955223880597	-1
AbiEii_1_CAS-III-A	DSGI01000102_26	246	335	0.00019	17.4	24656	25393	DSGI01000102	26	0.35365853658536583	0.2746268656716418	-1
AbiEii_2_CAS-III-C	DSGI01000062_2	330	440	0.014	11.3	798	1787	DSGI01000062	2	0.19090909090909092	0.1431818181818182	-1
Cas10-like_3_IVC	DSGI01000069_23	391	722	0.022	9.4	19019	20191	DSGI01000069	23	0.09974424552429667	0.055401662049861494	-1
Cas10_0_CAS-III	DSGI01000037_7	1046	511	4.1e-46	154.5	5488	8625	DSGI01000037	7	0.6281070745697896	0.9510763209393346	-1
Cas10_0_CAS-III	DSGI01000043_1	662	511	0.00018	17.2	2	1987	DSGI01000043	1	0.3187311178247734	0.4246575342465753	-1
Cas10_0_CAS-III	DSGI01000084_4	413	511	1e-22	77.3	2077	3315	DSGI01000084	4	0.31476997578692495	0.22113502935420742	1
Cas10_0_CAS-III	DSGI01000096_1	556	511	1.8e-41	139.2	1	1668	DSGI01000096	1	0.7194244604316546	0.5518590998043053	1
Cas10_0_CAS-III-B	DSGI01000084_4	413	189	0.0031	13.9	2077	3315	DSGI01000084	4	0.09200968523002422	0.19576719576719576	1
Cas10_0_III	DSGI01000037_7	1046	414	0.00087	15.0	5488	8625	DSGI01000037	7	0.08795411089866156	0.18840579710144928	-1
Cas10_0_III	DSGI01000043_1	662	414	2.2e-12	43.4	2	1987	DSGI01000043	1	0.37462235649546827	0.6159420289855072	-1
Cas10_0_III	DSGI01000084_4	413	414	0.0095	11.6	2077	3315	DSGI01000084	4	0.1016949152542373	0.10144927536231885	1
Cas10_0_III	DSGI01000096_1	556	414	0.014	11.1	1	1668	DSGI01000096	1	0.20503597122302158	0.2632850241545894	1
Cas10_0_IIIA	DSGI01000043_1	662	650	0.044	9.1	2	1987	DSGI01000043	1	0.22658610271903323	0.2123076923076923	-1
Cas10_0_IIIA	DSGI01000084_4	413	650	0.012	11.0	2077	3315	DSGI01000084	4	0.10411622276029056	0.07076923076923076	1
Cas10_0_IIIB	DSGI01000037_7	1046	510	3.1e-37	125.2	5488	8625	DSGI01000037	7	0.6261950286806883	0.9784313725490196	-1
Cas10_0_IIIB	DSGI01000043_1	662	510	2.4e-05	20.0	2	1987	DSGI01000043	1	0.19184290030211482	0.24705882352941178	-1
Cas10_0_IIIB	DSGI01000084_4	413	510	2.9e-22	75.8	2077	3315	DSGI01000084	4	0.1694915254237288	0.1392156862745098	1
Cas10_0_IIIB	DSGI01000096_1	556	510	5.7e-39	130.9	1	1668	DSGI01000096	1	0.6762589928057554	0.5294117647058824	1
Cas10_1_CAS-III	DSGI01000043_1	662	654	0.025	9.8	2	1987	DSGI01000043	1	0.2854984894259819	0.28593272171253825	-1
Cas10_1_CAS-III	DSGI01000084_4	413	654	0.0018	13.6	2077	3315	DSGI01000084	4	0.15980629539951574	0.10244648318042814	1
Cas10_1_CAS-III-B	DSGI01000037_7	1046	121	3.1e-20	69.4	5488	8625	DSGI01000037	7	0.10707456978967496	0.9256198347107438	-1
Cas10_1_CAS-III-B	DSGI01000084_4	413	121	1.6000000000000001e-28	96.1	2077	3315	DSGI01000084	4	0.387409200968523	0.9917355371900827	1
Cas10_1_IIIB	DSGI01000037_7	1046	116	5e-19	65.5	5488	8625	DSGI01000037	7	0.10994263862332695	0.9137931034482759	-1
Cas10_1_IIIB	DSGI01000084_4	413	116	5.7000000000000006e-36	120.1	2077	3315	DSGI01000084	4	0.36077481840193704	0.9827586206896551	1
Cas10_4_CAS-III	DSGI01000037_7	1046	772	1.3e-35	119.3	5488	8625	DSGI01000037	7	0.6443594646271511	0.6450777202072538	-1
Cas10_4_CAS-III	DSGI01000084_4	413	772	5.799999999999999e-29	97.4	2077	3315	DSGI01000084	4	0.3414043583535109	0.18911917098445596	1
Cas10_4_CAS-III	DSGI01000096_1	556	772	1.3000000000000001e-37	126.0	1	1668	DSGI01000096	1	0.6888489208633094	0.327720207253886	1
Cas10_5_CAS-III	DSGI01000037_7	1046	838	3.8e-06	22.1	5488	8625	DSGI01000037	7	0.12523900573613767	0.13007159904534607	-1
Cas10_5_CAS-III	DSGI01000084_4	413	838	5.7e-19	64.5	2077	3315	DSGI01000084	4	0.6053268765133172	0.2828162291169451	1
Cas10_5_CAS-III	DSGI01000096_1	556	838	3e-18	62.1	1	1668	DSGI01000096	1	0.5503597122302158	0.27923627684964203	1
Cas10_7_CAS-III	DSGI01000037_7	1046	410	0.002	13.9	5488	8625	DSGI01000037	7	0.13288718929254303	0.3048780487804878	-1
Cas10_7_CAS-III	DSGI01000043_1	662	410	5e-15	52.1	2	1987	DSGI01000043	1	0.41842900302114805	0.6902439024390243	-1
Cas10_7_CAS-III	DSGI01000084_4	413	410	0.0035	13.1	2077	3315	DSGI01000084	4	0.162227602905569	0.16341463414634147	1
Cas10d_7_CAS-I-D	DSGI01000012_60	390	955	0.013	10.3	49227	50396	DSGI01000012	60	0.18974358974358974	0.0774869109947644	1
Cas12a_1_CAS-V-A	DSGI01000078_5	320	1086	0.022	9.4	3775	4734	DSGI01000078	5	0.446875	0.13627992633517497	1
Cas12b1_0_CAS-V-B	DSGI01000053_17	405	1125	1.7e-05	19.6	12815	14029	DSGI01000053	17	0.13580246913580246	0.04888888888888889	-1
Cas12b2_0_CAS-V-B	DSGI01000053_17	405	747	0.0002	16.6	12815	14029	DSGI01000053	17	0.2222222222222222	0.12315930388219545	-1
Cas12b_0_VB	DSGI01000053_17	405	1130	6.3e-05	17.8	12815	14029	DSGI01000053	17	0.12345679012345678	0.04424778761061947	-1
Cas12f1_0_CAS-V-F	DSGI01000053_17	405	512	0.00015	17.4	12815	14029	DSGI01000053	17	0.4049382716049383	0.3203125	-1
Cas12f1_1_CAS-V-F	DSGI01000053_17	405	557	2.1e-23	79.5	12815	14029	DSGI01000053	17	0.5234567901234568	0.39138240574506283	-1
Cas12f1_2_CAS-V-F	DSGI01000044_28	99	429	0.027	10.1	18815	19111	DSGI01000044	28	0.26262626262626265	0.06060606060606061	-1
Cas12f1_2_CAS-V-F	DSGI01000053_17	405	429	2.6e-25	86.0	12815	14029	DSGI01000053	17	0.7604938271604939	0.7925407925407926	-1
Cas12f1_2_CAS-V-F	DSGI01000089_85	48	429	0.0035	13.1	68245	68388	DSGI01000089	85	0.625	0.06526806526806526	1
Cas12f2_0_CAS-V-F	DSGI01000036_5	109	517	0.054	8.7	4185	4511	DSGI01000036	5	0.3577981651376147	0.05029013539651837	-1
Cas12f2_0_CAS-V-F	DSGI01000053_17	405	517	3.2e-10	35.9	12815	14029	DSGI01000053	17	0.8518518518518519	0.6943907156673114	-1
Cas12f2_1_CAS-V-F	DSGI01000031_14	83	422	0.0016	14.3	9075	9323	DSGI01000031	14	0.46987951807228917	0.0924170616113744	1
Cas12f2_1_CAS-V-F	DSGI01000036_5	109	422	0.00013	17.9	4185	4511	DSGI01000036	5	0.6788990825688074	0.08767772511848342	-1
Cas12f2_1_CAS-V-F	DSGI01000039_5	94	422	0.0028	13.5	5301	5582	DSGI01000039	5	0.3617021276595745	0.06635071090047394	1
Cas12f2_1_CAS-V-F	DSGI01000053_17	405	422	1.7e-24	83.4	12815	14029	DSGI01000053	17	0.3728395061728395	0.3815165876777251	-1
Cas12f2_1_CAS-V-F	DSGI01000083_7	75	422	0.0035	13.1	4262	4486	DSGI01000083	7	0.36	0.061611374407582936	1
Cas12f2_1_CAS-V-F	DSGI01000089_17	69	422	1.2	4.9	14495	14701	DSGI01000089	17	0.7681159420289855	0.08056872037914692	1
Cas12f2_1_CAS-V-F	DSGI01000089_84	357	422	0.0063	12.3	67131	68201	DSGI01000089	84	0.08683473389355742	0.07345971563981042	1
Cas12f2_1_CAS-V-F	DSGI01000093_2	54	422	0.0086	11.9	842	1003	DSGI01000093	2	0.48148148148148145	0.06872037914691943	-1
Cas12f2_2_CAS-V-F	DSGI01000027_5	67	493	0.0055	12.1	2756	2956	DSGI01000027	5	0.5074626865671642	0.06896551724137931	1
Cas12f2_2_CAS-V-F	DSGI01000036_5	109	493	0.1	7.9	4185	4511	DSGI01000036	5	0.5779816513761468	0.05476673427991886	-1
Cas12f2_2_CAS-V-F	DSGI01000053_17	405	493	4.8e-10	35.3	12815	14029	DSGI01000053	17	0.4888888888888889	0.4056795131845842	-1
Cas12f2_2_CAS-V-F	DSGI01000089_17	69	493	2.6	3.3	14495	14701	DSGI01000089	17	0.5942028985507246	0.056795131845841784	1
Cas12f2_2_CAS-V-F	DSGI01000089_85	48	493	0.015	10.6	68245	68388	DSGI01000089	85	0.6666666666666666	0.060851926977687626	1
Cas12f3_0_CAS-V-F	DSGI01000053_17	405	496	1e-05	21.3	12815	14029	DSGI01000053	17	0.35802469135802467	0.2701612903225806	-1
Cas12f6_0_CAS-V-F	DSGI01000053_17	405	587	2.5e-05	20.0	12815	14029	DSGI01000053	17	0.20493827160493827	0.1362862010221465	-1
Cas12i_0_CAS-V-I	DSGI01000053_17	405	1062	2.4e-06	22.3	12815	14029	DSGI01000053	17	0.2271604938271605	0.08662900188323917	-1
Cas12m_0_V-M	DSGI01000053_17	405	577	0.00012	17.3	12815	14029	DSGI01000053	17	0.30617283950617286	0.21663778162911612	-1
Cas1_0_CAS-I-II-III-IV-V-VI	DSGI01000090_6	342	317	3e-59	197.4	2902	3927	DSGI01000090	6	0.9385964912280702	0.9905362776025236	-1
Cas1_0_I-II-III	DSGI01000090_6	342	327	1.4e-65	218.2	2902	3927	DSGI01000090	6	0.9473684210526315	0.9847094801223242	-1
Cas1_0_I-II-III-V	DSGI01000090_6	342	315	3.6e-43	144.3	2902	3927	DSGI01000090	6	0.7485380116959064	0.765079365079365	-1
Cas1_0_IA	DSGI01000090_6	342	347	3.7000000000000005e-22	75.4	2902	3927	DSGI01000090	6	0.7134502923976608	0.6801152737752162	-1
Cas1_0_IC	DSGI01000090_6	342	340	2.3e-41	138.8	2902	3927	DSGI01000090	6	0.7631578947368421	0.75	-1
Cas1_0_IE	DSGI01000090_6	342	269	2.2e-06	23.8	2902	3927	DSGI01000090	6	0.29239766081871343	0.3643122676579926	-1
Cas1_0_II	DSGI01000090_6	342	278	3.5e-27	92.1	2902	3927	DSGI01000090	6	0.6432748538011696	0.7517985611510791	-1
Cas1_0_V	DSGI01000090_6	342	317	9.4e-21	70.8	2902	3927	DSGI01000090	6	0.7368421052631579	0.7287066246056783	-1
Cas1_1_CAS-I-II-III-IV-V-VI	DSGI01000090_6	342	261	2.5999999999999998e-61	203.9	2902	3927	DSGI01000090	6	0.7719298245614035	0.9655172413793104	-1
Cas1_3_CAS-I-II-III-IV-V-VI	DSGI01000090_6	342	262	2.2e-06	23.8	2902	3927	DSGI01000090	6	0.29239766081871343	0.37404580152671757	-1
Cas1_4_CAS-I-II-III-IV-V-VI	DSGI01000090_6	342	275	1.2e-27	93.6	2902	3927	DSGI01000090	6	0.7777777777777778	0.8436363636363636	-1
Cas1_5_CAS-I-II-III-IV-V-VI	DSGI01000090_6	342	338	2.3e-41	138.7	2902	3927	DSGI01000090	6	0.7573099415204678	0.7485207100591716	-1
Cas1_6_CAS-I-II-III-IV-V-VI	DSGI01000090_6	342	320	3.1e-23	79.2	2902	3927	DSGI01000090	6	0.7426900584795322	0.7375	-1
Cas1_7_CAS-I-II-III-IV-V-VI	DSGI01000090_6	342	328	4.6e-61	203.4	2902	3927	DSGI01000090	6	0.8596491228070176	0.850609756097561	-1
Cas1_8_CAS-I-II-III-IV-V-VI	DSGI01000090_6	342	283	1.6e-64	214.5	2902	3927	DSGI01000090	6	0.7719298245614035	0.8869257950530035	-1
Cas2_0_CAS-I-II-III-IV-V-VI	DSGI01000090_4	111	90	1.3e-12	44.7	1703	2035	DSGI01000090	4	0.6216216216216216	0.7777777777777778	-1
Cas2_0_CAS-III-AM	DSGI01000090_4	111	95	0.00028	17.9	1703	2035	DSGI01000090	4	0.6396396396396397	0.7684210526315789	-1
Cas2_0_I-II-III	DSGI01000039_7	83	96	0.004	14.1	6179	6427	DSGI01000039	7	0.8433734939759037	0.59375	1
Cas2_0_I-II-III	DSGI01000090_4	111	96	1.7e-14	50.5	1703	2035	DSGI01000090	4	0.7387387387387387	0.8854166666666666	-1
Cas2_0_I-II-III-V	DSGI01000090_4	111	83	4.7e-14	49.2	1703	2035	DSGI01000090	4	0.6576576576576577	0.9036144578313253	-1
Cas2_11_CAS-I-II-III-IV-V-VI	DSGI01000090_4	111	71	8.6e-14	48.3	1703	2035	DSGI01000090	4	0.6126126126126126	0.9436619718309859	-1
Cas2_2_CAS-I-II-III-IV-V-VI	DSGI01000090_4	111	79	9.6e-17	57.7	1703	2035	DSGI01000090	4	0.6576576576576577	0.9113924050632911	-1
Cas2_4_CAS-I-II-III-IV-V-VI	DSGI01000090_4	111	89	6.8e-17	58.4	1703	2035	DSGI01000090	4	0.6666666666666666	0.8314606741573034	-1
Cas2_6_CAS-I-II-III-IV-V-VI	DSGI01000090_4	111	90	2e-06	24.9	1703	2035	DSGI01000090	4	0.5765765765765766	0.7	-1
Cas2_7_CAS-I-II-III-IV-V-VI	DSGI01000090_4	111	94	4.6e-16	55.8	1703	2035	DSGI01000090	4	0.6576576576576577	0.776595744680851	-1
Cas3-Cas2_0_CAS-I-F	DSGI01000047_17	254	1106	0.016	9.6	13405	14166	DSGI01000047	17	0.2283464566929134	0.0461121157323689	-1
Cas3-Cas2_0_IF	DSGI01000047_17	254	1110	0.016	9.6	13405	14166	DSGI01000047	17	0.2283464566929134	0.04594594594594595	-1
Cas3HD_0_CAS-I	DSGI01000089_46	389	203	0.011	12.2	34905	36071	DSGI01000089	46	0.19023136246786632	0.3891625615763547	-1
Cas3_0_CAS-I	DSGI01000026_30	959	353	5.4e-15	52.0	19638	22514	DSGI01000026	30	0.32429614181439	0.8781869688385269	1
Cas3_0_CAS-I	DSGI01000031_33	697	353	2.7e-08	30.0	24821	26911	DSGI01000031	33	0.19655667144906744	0.38243626062322944	-1
Cas3_0_CAS-I	DSGI01000044_33	602	353	2.3e-09	33.5	22785	24590	DSGI01000044	33	0.260797342192691	0.46458923512747874	-1
Cas3_0_CAS-I	DSGI01000049_5	1030	353	1.4e-09	34.2	3855	6944	DSGI01000049	5	0.35436893203883496	0.9150141643059491	-1
Cas3_0_CAS-I	DSGI01000076_13	449	353	6.5e-07	25.5	13418	14764	DSGI01000076	13	0.39198218262806234	0.5269121813031161	1
Cas3_0_CAS-I	DSGI01000088_12	870	353	5.1e-10	35.7	10107	12716	DSGI01000088	12	0.37701149425287356	0.8923512747875354	-1
Cas3_0_CAS-I	DSGI01000088_18	603	353	0.011	11.5	16815	18623	DSGI01000088	18	0.07628524046434494	0.13031161473087818	1
Cas3_0_CAS-I	DSGI01000097_21	418	353	0.0062	12.4	18871	20124	DSGI01000097	21	0.361244019138756	0.42492917847025496	1
Cas3_0_CAS-I-D	DSGI01000026_30	959	626	5.3e-05	18.3	19638	22514	DSGI01000026	30	0.1397288842544317	0.19329073482428116	1
Cas3_0_CAS-I-D	DSGI01000031_33	697	626	1.4e-05	20.2	24821	26911	DSGI01000031	33	0.14634146341463414	0.15495207667731628	-1
Cas3_0_CAS-I-D	DSGI01000049_5	1030	626	7.8e-10	34.2	3855	6944	DSGI01000049	5	0.1669902912621359	0.26517571884984026	-1
Cas3_0_I	DSGI01000026_30	959	358	9.9e-16	54.4	19638	22514	DSGI01000026	30	0.32429614181439	0.8770949720670391	1
Cas3_0_I	DSGI01000031_33	697	358	2e-08	30.4	24821	26911	DSGI01000031	33	0.19368723098995697	0.3770949720670391	-1
Cas3_0_I	DSGI01000044_33	602	358	1.6e-09	34.0	22785	24590	DSGI01000044	33	0.2541528239202658	0.45251396648044695	-1
Cas3_0_I	DSGI01000049_5	1030	358	1.7e-07	27.4	3855	6944	DSGI01000049	5	0.34951456310679613	0.8966480446927374	-1
Cas3_0_I	DSGI01000076_13	449	358	3.7e-07	26.2	13418	14764	DSGI01000076	13	0.3897550111358575	0.5418994413407822	1
Cas3_0_I	DSGI01000088_12	870	358	3.5e-09	32.9	10107	12716	DSGI01000088	12	0.37701149425287356	0.88268156424581	-1
Cas3_0_I	DSGI01000088_18	603	358	0.021	10.6	16815	18623	DSGI01000088	18	0.07296849087893864	0.12290502793296089	1
Cas3_0_I	DSGI01000097_20	332	358	0.0073	12.1	17907	18902	DSGI01000097	20	0.07228915662650602	0.0670391061452514	1
Cas3_0_I	DSGI01000097_21	418	358	0.0014	14.5	18871	20124	DSGI01000097	21	0.31100478468899523	0.3687150837988827	1
Cas3_0_ID	DSGI01000026_30	959	357	0.003	13.4	19638	22514	DSGI01000026	30	0.0667361835245047	0.17086834733893558	1
Cas3_0_ID	DSGI01000044_33	602	357	1.8e-09	33.8	22785	24590	DSGI01000044	33	0.4584717607973422	0.7591036414565826	-1
Cas3_0_ID	DSGI01000049_5	1030	357	1.3e-11	40.9	3855	6944	DSGI01000049	5	0.18737864077669902	0.6106442577030813	-1
Cas3_0_ID	DSGI01000076_13	449	357	0.00055	15.8	13418	14764	DSGI01000076	13	0.22717149220489977	0.2773109243697479	1
Cas3_0_ID	DSGI01000088_12	870	357	0.0063	12.3	10107	12716	DSGI01000088	12	0.08505747126436781	0.19327731092436976	-1
Cas3_1_CAS-I	DSGI01000009_7	1087	745	0.0095	11.0	6880	10140	DSGI01000009	7	0.07359705611775529	0.11946308724832215	1
Cas3_1_CAS-I	DSGI01000014_23	480	745	0.014	10.4	16269	17708	DSGI01000014	23	0.13333333333333333	0.087248322147651	1
Cas3_1_CAS-I	DSGI01000026_30	959	745	1.5e-10	36.7	19638	22514	DSGI01000026	30	0.19186652763295098	0.2523489932885906	1
Cas3_1_CAS-I	DSGI01000031_33	697	745	6.6e-12	41.2	24821	26911	DSGI01000031	33	0.20946915351506457	0.2134228187919463	-1
Cas3_1_CAS-I	DSGI01000049_5	1030	745	0.0011	14.0	3855	6944	DSGI01000049	5	0.229126213592233	0.2684563758389262	-1
Cas3_1_CAS-I	DSGI01000076_13	449	745	0.002	13.2	13418	14764	DSGI01000076	13	0.14699331848552338	0.0953020134228188	1
Cas3_1_CAS-I	DSGI01000088_12	870	745	0.012	10.6	10107	12716	DSGI01000088	12	0.1103448275862069	0.13020134228187918	-1
Cas3_1_CAS-I	DSGI01000088_18	603	745	0.0016	13.5	16815	18623	DSGI01000088	18	0.0845771144278607	0.06845637583892618	1
Cas3_1_CAS-I-D	DSGI01000026_30	959	353	0.00094	15.0	19638	22514	DSGI01000026	30	0.1897810218978102	0.5070821529745042	1
Cas3_1_CAS-I-D	DSGI01000044_33	602	353	3.7e-09	32.8	22785	24590	DSGI01000044	33	0.3272425249169435	0.5750708215297451	-1
Cas3_1_CAS-I-D	DSGI01000049_5	1030	353	1.3e-11	40.8	3855	6944	DSGI01000049	5	0.23106796116504855	0.71671388101983	-1
Cas3_1_CAS-I-D	DSGI01000076_13	449	353	4.9e-05	19.3	13418	14764	DSGI01000076	13	0.22048997772828507	0.2719546742209632	1
Cas3_1_CAS-I-D	DSGI01000088_12	870	353	0.00062	15.6	10107	12716	DSGI01000088	12	0.13218390804597702	0.2776203966005666	-1
Cas3_2_CAS-I	DSGI01000026_30	959	967	2.8e-06	22.4	19638	22514	DSGI01000026	30	0.17205422314911367	0.1623578076525336	1
Cas3_2_CAS-I	DSGI01000049_5	1030	967	0.00016	16.6	3855	6944	DSGI01000049	5	0.12427184466019417	0.13547052740434332	-1
Cas3d_0_CAS-I-D	DSGI01000026_30	959	639	0.0039	12.3	19638	22514	DSGI01000026	30	0.11366006256517205	0.16118935837245696	1
Cas3d_0_CAS-I-D	DSGI01000049_5	1030	639	4.8e-05	18.6	3855	6944	DSGI01000049	5	0.13495145631067962	0.22065727699530516	-1
Cas3d_0_CAS-I-D	DSGI01000088_12	870	639	0.0031	12.6	10107	12716	DSGI01000088	12	0.12298850574712644	0.15179968701095461	-1
Cas3d_1_CAS-I-D	DSGI01000049_5	1030	627	3.6e-12	42.0	3855	6944	DSGI01000049	5	0.25728155339805825	0.41148325358851673	-1
Cas4_0_CAS-I-II-III-IV-V-VI	DSGI01000090_3	181	179	2.3000000000000002e-30	102.8	1180	1722	DSGI01000090	3	0.9447513812154696	0.9832402234636871	-1
Cas4_0_CAS-I-II-III-IV-V-VI	DSGI01000090_5	308	179	0.00011	19.2	1974	2897	DSGI01000090	5	0.3181818181818182	0.5418994413407822	-1
Cas4_0_I-II	DSGI01000021_18	292	180	0.0046	13.5	15700	16575	DSGI01000021	18	0.1404109589041096	0.2388888888888889	-1
Cas4_0_I-II	DSGI01000047_4	203	180	0.0019	14.7	1692	2300	DSGI01000047	4	0.3251231527093596	0.3888888888888889	1
Cas4_0_I-II	DSGI01000090_3	181	180	3.1999999999999997e-31	105.2	1180	1722	DSGI01000090	3	0.9392265193370166	0.9722222222222222	-1
Cas4_0_I-II	DSGI01000090_5	308	180	4e-05	20.2	1974	2897	DSGI01000090	5	0.6558441558441559	0.9166666666666666	-1
Cas4_0_I-II-V	DSGI01000090_3	181	177	3.8e-26	88.9	1180	1722	DSGI01000090	3	0.9337016574585635	0.9717514124293786	-1
Cas4_0_IA	DSGI01000090_5	308	273	5e-56	187.0	1974	2897	DSGI01000090	5	0.9318181818181818	0.9706959706959707	-1
Cas4_0_V	DSGI01000090_3	181	178	0.0028	14.4	1180	1722	DSGI01000090	3	0.9060773480662984	0.9325842696629213	-1
Cas4_1_CAS-I-II-III-IV-V-VI	DSGI01000090_3	181	270	0.0094	12.2	1180	1722	DSGI01000090	3	0.5027624309392266	0.35555555555555557	-1
Cas4_1_CAS-I-II-III-IV-V-VI	DSGI01000090_5	308	270	3e-57	190.9	1974	2897	DSGI01000090	5	0.9415584415584416	0.9814814814814815	-1
Cas4_3_CAS-I-II-III-IV-V-VI	DSGI01000089_28	138	197	0.028	11.1	21809	22222	DSGI01000089	28	0.21739130434782608	0.08629441624365482	-1
Cas4_3_CAS-I-II-III-IV-V-VI	DSGI01000090_3	181	197	3.4000000000000003e-22	76.2	1180	1722	DSGI01000090	3	0.9613259668508287	0.9086294416243654	-1
Cas4_3_CAS-I-II-III-IV-V-VI	DSGI01000090_5	308	197	1.4e-07	28.4	1974	2897	DSGI01000090	5	0.8116883116883117	0.8527918781725888	-1
Cas4_3_CAS-I-II-III-IV-V-VI	DSGI01000098_6	237	197	0.0036	14.1	4916	5626	DSGI01000098	6	0.3291139240506329	0.40609137055837563	1
Cas4_4_CAS-I-II-III-IV-V-VI	DSGI01000090_5	308	284	9.7e-60	199.1	1974	2897	DSGI01000090	5	0.9675324675324676	0.9753521126760564	-1
Cas4_5_CAS-I-II-III-IV-V-VI	DSGI01000090_3	181	161	1.7000000000000002e-22	77.0	1180	1722	DSGI01000090	3	0.9392265193370166	0.9751552795031055	-1
Cas4_5_CAS-I-II-III-IV-V-VI	DSGI01000090_5	308	161	0.003	14.4	1974	2897	DSGI01000090	5	0.5097402597402597	0.9130434782608695	-1
Cas4_5_CAS-I-II-III-IV-V-VI	DSGI01000098_6	237	161	0.018	11.9	4916	5626	DSGI01000098	6	0.2320675105485232	0.3416149068322981	1
Cas4_6_CAS-I-II-III-IV-V-VI	DSGI01000090_5	308	292	1.7000000000000001e-65	218.1	1974	2897	DSGI01000090	5	0.9707792207792207	0.9691780821917808	-1
Cas6_0_CAS-I-A-III-D	DSGI01000012_4	272	246	0.0005	16.1	1911	2726	DSGI01000012	4	0.9779411764705882	0.9471544715447154	-1
Cas6_0_CAS-I-II-III-IV-V-VI	DSGI01000012_4	272	194	1.7e-14	51.4	1911	2726	DSGI01000012	4	0.6544117647058824	0.8092783505154639	-1
Cas6_0_CAS-I-II-III-IV-V-VI	DSGI01000054_7	320	194	1.5e-08	32.0	3844	4803	DSGI01000054	7	0.440625	0.7061855670103093	1
Cas6_0_CAS-I-III-B	DSGI01000012_4	272	282	1.1e-11	41.0	1911	2726	DSGI01000012	4	0.7242647058823529	0.723404255319149	-1
Cas6_0_I-III	DSGI01000012_4	272	200	1.4e-21	74.5	1911	2726	DSGI01000012	4	0.7573529411764706	0.905	-1
Cas6_0_I-III	DSGI01000054_7	320	200	1.6e-05	22.1	3844	4803	DSGI01000054	7	0.396875	0.615	1
Cas6_10_CAS-I-II-III-IV-V-VI	DSGI01000012_4	272	322	3e-05	20.1	1911	2726	DSGI01000012	4	0.3235294117647059	0.2732919254658385	-1
Cas6_10_CAS-I-II-III-IV-V-VI	DSGI01000054_7	320	322	4.8e-65	216.6	3844	4803	DSGI01000054	7	0.934375	0.968944099378882	1
Cas6_11_CAS-I-II-III-IV-V-VI	DSGI01000054_7	320	316	6.999999999999999e-42	140.5	3844	4803	DSGI01000054	7	0.9375	0.9683544303797469	1
Cas6_15_CAS-I-II-III-IV-V-VI	DSGI01000012_4	272	112	2.5e-27	92.4	1911	2726	DSGI01000012	4	0.46691176470588236	1.0	-1
Cas6_15_CAS-I-II-III-IV-V-VI	DSGI01000054_7	320	112	5.1e-11	39.9	3844	4803	DSGI01000054	7	0.425	1.0	1
Cas6_4_CAS-I-II-III-IV-V-VI	DSGI01000054_7	320	289	2.9e-08	30.2	3844	4803	DSGI01000054	7	0.434375	0.4463667820069204	1
Cas6_6_IVD	DSGI01000012_4	272	259	1.2e-07	28.1	1911	2726	DSGI01000012	4	0.6102941176470589	0.6023166023166023	-1
Cas6_8_CAS-I-II-III-IV-V-VI	DSGI01000012_4	272	275	7e-18	61.7	1911	2726	DSGI01000012	4	0.5110294117647058	0.45454545454545453	-1
Cas7_0_CAS-I	DSGI01000043_6	122	230	2.6e-11	39.9	4296	4661	DSGI01000043	6	0.8360655737704918	0.49130434782608695	1
Cas7_0_CAS-I-B	DSGI01000043_6	122	306	1.0999999999999999e-25	87.2	4296	4661	DSGI01000043	6	0.9180327868852459	0.3627450980392157	1
Cas7_0_I	DSGI01000043_6	122	240	4.3e-11	39.0	4296	4661	DSGI01000043	6	0.8524590163934426	0.4791666666666667	1
Cas7_1_CAS-I	DSGI01000052_8	69	274	0.019	11.0	4931	5137	DSGI01000052	8	0.6086956521739131	0.16058394160583941	1
Cas7_1_CAS-I-E	DSGI01000014_38	244	359	0.18	7.9	26157	26888	DSGI01000014	38	0.4713114754098361	0.30919220055710306	1
Cas7_1_IB	DSGI01000043_6	122	321	4.8e-24	81.7	4296	4661	DSGI01000043	6	0.8934426229508197	0.35202492211838005	1
Cas7_3_CAS-I	DSGI01000043_6	122	265	0.00017	17.4	4296	4661	DSGI01000043	6	0.3114754098360656	0.1320754716981132	1
Cas8a2_5_CAS-I-A	DSGI01000012_47	267	355	0.7	5.8	38217	39017	DSGI01000012	47	0.5880149812734082	0.2056338028169014	-1
Cas8b1_0_CAS-I-B	DSGI01000043_4	120	469	9e-06	21.3	3339	3698	DSGI01000043	4	0.65	0.15565031982942432	-1
Cas8b2_4_CAS-I-B	DSGI01000017_30	114	65	0.0069	13.4	27936	28277	DSGI01000017	30	0.49122807017543857	0.7692307692307693	-1
Cas8b5_0_CAS-I-B	DSGI01000045_1	130	825	0.0024	12.6	2	391	DSGI01000045	1	0.676923076923077	0.1006060606060606	-1
CasR_0_CAS-I-II-III-IV-V-VI	DSGI01000017_77	218	198	0.00018	17.9	66194	66847	DSGI01000017	77	0.21100917431192662	0.23737373737373738	-1
CasR_0_CAS-I-II-III-IV-V-VI	DSGI01000021_15	252	198	8.3e-08	28.8	13325	14080	DSGI01000021	15	0.23809523809523808	0.29292929292929293	-1
CasR_0_CAS-I-II-III-IV-V-VI	DSGI01000021_38	174	198	1.9e-05	21.1	32712	33233	DSGI01000021	38	0.5	0.4393939393939394	1
CasR_0_CAS-I-II-III-IV-V-VI	DSGI01000028_22	321	198	0.00059	16.2	16600	17562	DSGI01000028	22	0.17757009345794392	0.2878787878787879	-1
CasR_0_CAS-I-II-III-IV-V-VI	DSGI01000029_23	152	198	5.4e-06	22.8	20535	20990	DSGI01000029	23	0.34868421052631576	0.2676767676767677	1
CasR_0_CAS-I-II-III-IV-V-VI	DSGI01000034_1	153	198	0.005	13.2	120	578	DSGI01000034	1	0.30718954248366015	0.23232323232323232	-1
CasR_0_CAS-I-II-III-IV-V-VI	DSGI01000039_7	83	198	0.00044	16.6	6179	6427	DSGI01000039	7	0.6867469879518072	0.29292929292929293	1
CasR_0_CAS-I-II-III-IV-V-VI	DSGI01000044_30	166	198	4.1e-07	26.5	19858	20355	DSGI01000044	30	0.2710843373493976	0.22727272727272727	-1
CasR_0_CAS-I-II-III-IV-V-VI	DSGI01000049_2	89	198	1.3e-06	24.9	1258	1524	DSGI01000049	2	0.7303370786516854	0.32323232323232326	-1
CasR_0_CAS-I-II-III-IV-V-VI	DSGI01000050_11	57	198	0.0018	14.6	6007	6177	DSGI01000050	11	0.8421052631578947	0.24242424242424243	-1
CasR_0_CAS-I-II-III-IV-V-VI	DSGI01000052_2	136	198	2.3e-07	27.3	334	741	DSGI01000052	2	0.34558823529411764	0.23737373737373738	-1
CasR_0_CAS-I-II-III-IV-V-VI	DSGI01000053_1	144	198	0.00031	17.1	1	432	DSGI01000053	1	0.7430555555555556	0.5252525252525253	-1
CasR_0_CAS-I-II-III-IV-V-VI	DSGI01000054_5	113	198	3e-06	23.7	1964	2302	DSGI01000054	5	0.40707964601769914	0.23232323232323232	1
CasR_0_CAS-I-II-III-IV-V-VI	DSGI01000069_11	495	198	1.0	5.7	9429	10913	DSGI01000069	11	0.2101010101010101	0.3181818181818182	-1
CasR_0_CAS-I-II-III-IV-V-VI	DSGI01000070_12	149	198	2e-07	27.5	10717	11163	DSGI01000070	12	0.5704697986577181	0.41919191919191917	-1
CasR_0_CAS-I-II-III-IV-V-VI	DSGI01000074_21	227	198	1.1e-11	41.4	15365	16045	DSGI01000074	21	0.4713656387665198	0.29797979797979796	-1
CasR_0_CAS-I-II-III-IV-V-VI	DSGI01000074_4	80	198	0.00051	16.4	2699	2938	DSGI01000074	4	0.675	0.2676767676767677	-1
CasR_0_CAS-I-II-III-IV-V-VI	DSGI01000085_14	223	198	0.011	12.1	8585	9253	DSGI01000085	14	0.19282511210762332	0.23232323232323232	1
CasR_0_CAS-I-II-III-IV-V-VI	DSGI01000086_16	224	198	8.8e-07	25.4	13331	14002	DSGI01000086	16	0.22767857142857142	0.26262626262626265	-1
CasR_0_CAS-I-II-III-IV-V-VI	DSGI01000086_3	518	198	5.6e-05	19.5	2672	4225	DSGI01000086	3	0.10038610038610038	0.26262626262626265	1
CasR_0_CAS-I-II-III-IV-V-VI	DSGI01000087_20	166	198	1.9e-07	27.6	12150	12647	DSGI01000087	20	0.3674698795180723	0.30808080808080807	-1
CasR_0_CAS-I-II-III-IV-V-VI	DSGI01000087_61	239	198	0.00045	16.6	45590	46306	DSGI01000087	61	0.3472803347280335	0.40404040404040403	-1
CasR_0_CAS-I-II-III-IV-V-VI	DSGI01000089_16	350	198	0.00018	17.9	13413	14462	DSGI01000089	16	0.25142857142857145	0.46464646464646464	1
CasR_0_CAS-I-II-III-IV-V-VI	DSGI01000089_72	371	198	1.7e-05	21.3	56759	57871	DSGI01000089	72	0.18328840970350405	0.3333333333333333	-1
CasR_0_CAS-I-II-III-IV-V-VI	DSGI01000090_2	212	198	6e-43	143.5	543	1178	DSGI01000090	2	0.9528301886792453	1.0	1
CasR_0_CAS-I-II-III-IV-V-VI	DSGI01000097_39	223	198	0.0023	14.3	31249	31917	DSGI01000097	39	0.2062780269058296	0.22727272727272727	1
CasR_0_CAS-III-B	DSGI01000052_11	632	480	0.00057	15.4	6564	8459	DSGI01000052	11	0.11550632911392406	0.15208333333333332	1
CasR_1_CAS-I-II-III-IV-V-VI	DSGI01000017_77	218	218	7.3e-06	22.0	66194	66847	DSGI01000017	77	0.2889908256880734	0.2889908256880734	-1
CasR_1_CAS-I-II-III-IV-V-VI	DSGI01000021_15	252	218	1.7e-07	27.3	13325	14080	DSGI01000021	15	0.2261904761904762	0.25229357798165136	-1
CasR_1_CAS-I-II-III-IV-V-VI	DSGI01000021_38	174	218	9.5e-07	24.9	32712	33233	DSGI01000021	38	0.367816091954023	0.30275229357798167	1
CasR_1_CAS-I-II-III-IV-V-VI	DSGI01000028_22	321	218	0.0034	13.3	16600	17562	DSGI01000028	22	0.1806853582554517	0.26605504587155965	-1
CasR_1_CAS-I-II-III-IV-V-VI	DSGI01000029_23	152	218	2.3e-07	26.9	20535	20990	DSGI01000029	23	0.4144736842105263	0.30275229357798167	1
CasR_1_CAS-I-II-III-IV-V-VI	DSGI01000033_3	277	218	0.0098	11.8	1581	2411	DSGI01000033	3	0.27075812274368233	0.25688073394495414	1
CasR_1_CAS-I-II-III-IV-V-VI	DSGI01000034_1	153	218	0.0087	11.9	120	578	DSGI01000034	1	0.32679738562091504	0.22935779816513763	-1
CasR_1_CAS-I-II-III-IV-V-VI	DSGI01000039_7	83	218	0.00097	15.1	6179	6427	DSGI01000039	7	0.7349397590361446	0.28440366972477066	1
CasR_1_CAS-I-II-III-IV-V-VI	DSGI01000044_30	166	218	3.7e-08	29.5	19858	20355	DSGI01000044	30	0.4036144578313253	0.3073394495412844	-1
CasR_1_CAS-I-II-III-IV-V-VI	DSGI01000049_2	89	218	5.2e-08	29.0	1258	1524	DSGI01000049	2	0.8314606741573034	0.3394495412844037	-1
CasR_1_CAS-I-II-III-IV-V-VI	DSGI01000050_11	57	218	0.0022	13.9	6007	6177	DSGI01000050	11	0.7719298245614035	0.20642201834862386	-1
CasR_1_CAS-I-II-III-IV-V-VI	DSGI01000052_2	136	218	5.9e-08	28.9	334	741	DSGI01000052	2	0.4632352941176471	0.2889908256880734	-1
CasR_1_CAS-I-II-III-IV-V-VI	DSGI01000053_1	144	218	0.00018	17.5	1	432	DSGI01000053	1	0.3402777777777778	0.22477064220183487	-1
CasR_1_CAS-I-II-III-IV-V-VI	DSGI01000054_5	113	218	6e-06	22.3	1964	2302	DSGI01000054	5	0.3805309734513274	0.19724770642201836	1
CasR_1_CAS-I-II-III-IV-V-VI	DSGI01000069_11	495	218	3.3	3.5	9429	10913	DSGI01000069	11	0.2686868686868687	0.2981651376146789	-1
CasR_1_CAS-I-II-III-IV-V-VI	DSGI01000070_12	149	218	1.6e-08	30.7	10717	11163	DSGI01000070	12	0.4429530201342282	0.3165137614678899	-1
CasR_1_CAS-I-II-III-IV-V-VI	DSGI01000074_21	227	218	8.3e-13	44.7	15365	16045	DSGI01000074	21	0.4845814977973568	0.3073394495412844	-1
CasR_1_CAS-I-II-III-IV-V-VI	DSGI01000074_4	80	218	0.00044	16.2	2699	2938	DSGI01000074	4	0.675	0.24311926605504589	-1
CasR_1_CAS-I-II-III-IV-V-VI	DSGI01000085_14	223	218	0.00041	16.3	8585	9253	DSGI01000085	14	0.26905829596412556	0.29357798165137616	1
CasR_1_CAS-I-II-III-IV-V-VI	DSGI01000086_16	224	218	3.1e-07	26.5	13331	14002	DSGI01000086	16	0.21875	0.22935779816513763	-1
CasR_1_CAS-I-II-III-IV-V-VI	DSGI01000086_3	518	218	2.1e-05	20.5	2672	4225	DSGI01000086	3	0.0888030888030888	0.21100917431192662	1
CasR_1_CAS-I-II-III-IV-V-VI	DSGI01000087_20	166	218	1.4e-08	30.9	12150	12647	DSGI01000087	20	0.29518072289156627	0.22477064220183487	-1
CasR_1_CAS-I-II-III-IV-V-VI	DSGI01000087_61	239	218	0.00014	17.8	45590	46306	DSGI01000087	61	0.3305439330543933	0.3577981651376147	-1
CasR_1_CAS-I-II-III-IV-V-VI	DSGI01000089_16	350	218	9.6e-05	18.3	13413	14462	DSGI01000089	16	0.15714285714285714	0.25688073394495414	1
CasR_1_CAS-I-II-III-IV-V-VI	DSGI01000089_72	371	218	0.00023	17.1	56759	57871	DSGI01000089	72	0.1725067385444744	0.29357798165137616	-1
CasR_1_CAS-I-II-III-IV-V-VI	DSGI01000090_2	212	218	3.2e-45	150.7	543	1178	DSGI01000090	2	0.9858490566037735	0.9541284403669725	1
CasR_1_CAS-I-II-III-IV-V-VI	DSGI01000095_19	151	218	0.0016	14.3	16870	17322	DSGI01000095	19	0.31788079470198677	0.22477064220183487	1
CasR_1_CAS-I-II-III-IV-V-VI	DSGI01000097_39	223	218	0.00012	18.0	31249	31917	DSGI01000097	39	0.22869955156950672	0.22935779816513763	1
CasR_1_CAS-III-B	DSGI01000036_8	301	173	1.6	5.3	6123	7025	DSGI01000036	8	0.4053156146179402	0.4624277456647399	-1
Cmr1_0_IIIB	DSGI01000037_9	389	387	4.7e-09	32.7	9392	10558	DSGI01000037	9	0.2622107969151671	0.2454780361757106	-1
Cmr1_0_IIIB	DSGI01000096_3	289	387	6.1e-09	32.3	2616	3482	DSGI01000096	3	0.5605536332179931	0.37467700258397935	1
Cmr1gr7_0_CAS-III-B-III-C	DSGI01000037_9	389	173	3.5e-11	40.2	9392	10558	DSGI01000037	9	0.18251928020565553	0.37572254335260113	-1
Cmr1gr7_0_CAS-III-B-III-C	DSGI01000096_3	289	173	6.6e-13	45.9	2616	3482	DSGI01000096	3	0.5640138408304498	0.8786127167630058	1
Cmr1gr7_2_CAS-III-B-III-C	DSGI01000037_9	389	393	2.6e-12	43.2	9392	10558	DSGI01000037	9	0.2493573264781491	0.22900763358778625	-1
Cmr1gr7_2_CAS-III-B-III-C	DSGI01000096_3	289	393	3e-11	39.7	2616	3482	DSGI01000096	3	0.754325259515571	0.5114503816793893	1
Cmr1gr7_3_CAS-III-B-III-C	DSGI01000037_9	389	187	7.7e-07	25.7	9392	10558	DSGI01000037	9	0.32390745501285345	0.6577540106951871	-1
Cmr1gr7_3_CAS-III-B-III-C	DSGI01000096_3	289	187	6.2e-10	35.8	2616	3482	DSGI01000096	3	0.5363321799307958	0.8716577540106952	1
Cmr3_0_IIIB	DSGI01000037_6	346	346	8.2e-10	35.0	4454	5491	DSGI01000037	6	0.4161849710982659	0.4508670520231214	-1
Cmr3_0_IIIB	DSGI01000096_2	314	346	4.2e-18	62.3	1669	2610	DSGI01000096	2	0.8152866242038217	0.7687861271676301	1
Cmr3_1_IIIB	DSGI01000037_6	346	357	8e-09	32.1	4454	5491	DSGI01000037	6	0.6907514450867052	0.6750700280112045	-1
Cmr3_1_IIIB	DSGI01000096_2	314	357	6.9e-11	38.9	1669	2610	DSGI01000096	2	0.5414012738853503	0.5098039215686274	1
Cmr3gr5_0_CAS-III-B-III-C	DSGI01000096_2	314	373	4.8e-09	32.1	1669	2610	DSGI01000096	2	0.43630573248407645	0.3941018766756032	1
Cmr3gr5_3_CAS-III-B-III-C	DSGI01000037_6	346	329	6.7e-08	28.9	4454	5491	DSGI01000037	6	0.5086705202312138	0.5592705167173252	-1
Cmr3gr5_3_CAS-III-B-III-C	DSGI01000096_2	314	329	1.2e-19	67.5	1669	2610	DSGI01000096	2	0.6847133757961783	0.6504559270516718	1
Cmr3gr5_4_CAS-III-B-III-C	DSGI01000037_6	346	358	4.7e-11	39.4	4454	5491	DSGI01000037	6	0.6647398843930635	0.6480446927374302	-1
Cmr3gr5_4_CAS-III-B-III-C	DSGI01000096_2	314	358	1e-12	44.9	1669	2610	DSGI01000096	2	0.6369426751592356	0.5921787709497207	1
Cmr3gr5_7_CAS-III-B-III-C	DSGI01000037_6	346	364	8.5e-07	25.4	4454	5491	DSGI01000037	6	0.3208092485549133	0.31868131868131866	-1
Cmr3gr5_7_CAS-III-B-III-C	DSGI01000096_2	314	364	8.1e-14	48.5	1669	2610	DSGI01000096	2	0.6847133757961783	0.6318681318681318	1
Cmr4_0_IIIB	DSGI01000022_4	263	283	0.0004	17.0	1971	2759	DSGI01000022	4	0.2813688212927757	0.2332155477031802	-1
Cmr4_0_IIIB	DSGI01000037_11	317	283	3.4e-62	207.5	11034	11984	DSGI01000037	11	0.9495268138801262	0.9964664310954063	-1
Cmr4_0_IIIB	DSGI01000037_8	257	283	2e-08	31.1	8625	9395	DSGI01000037	8	0.32684824902723736	0.36042402826855124	-1
Cmr4_0_IIIB	DSGI01000084_2	314	283	8.099999999999999e-56	186.6	659	1600	DSGI01000084	2	0.945859872611465	0.9929328621908127	1
Cmr4_1_IIIB	DSGI01000022_4	263	281	0.0012	15.2	1971	2759	DSGI01000022	4	0.14068441064638784	0.13167259786476868	-1
Cmr4_1_IIIB	DSGI01000037_11	317	281	1.6e-60	201.8	11034	11984	DSGI01000037	11	0.9495268138801262	0.99644128113879	-1
Cmr4_1_IIIB	DSGI01000037_8	257	281	1.5e-07	28.0	8625	9395	DSGI01000037	8	0.2840466926070039	0.30604982206405695	-1
Cmr4_1_IIIB	DSGI01000084_2	314	281	2.8e-51	171.5	659	1600	DSGI01000084	2	0.945859872611465	0.9928825622775801	1
Cmr4gr7_0_CAS-III-B-III-C	DSGI01000022_4	263	282	0.00069	16.0	1971	2759	DSGI01000022	4	0.23193916349809887	0.20921985815602837	-1
Cmr4gr7_0_CAS-III-B-III-C	DSGI01000037_11	317	282	5.3999999999999995e-62	206.7	11034	11984	DSGI01000037	11	0.9495268138801262	0.9964539007092199	-1
Cmr4gr7_0_CAS-III-B-III-C	DSGI01000037_8	257	282	7.7e-08	29.0	8625	9395	DSGI01000037	8	0.28793774319066145	0.29432624113475175	-1
Cmr4gr7_0_CAS-III-B-III-C	DSGI01000084_2	314	282	3.0999999999999996e-55	184.5	659	1600	DSGI01000084	2	0.945859872611465	0.9929078014184397	1
Cmr4gr7_1_CAS-III-B-III-C	DSGI01000022_4	263	309	1.1e-05	21.7	1971	2759	DSGI01000022	4	0.23193916349809887	0.19741100323624594	-1
Cmr4gr7_1_CAS-III-B-III-C	DSGI01000037_11	317	309	3.7e-62	207.2	11034	11984	DSGI01000037	11	0.9558359621451105	0.9741100323624595	-1
Cmr4gr7_1_CAS-III-B-III-C	DSGI01000037_8	257	309	2.1e-07	27.4	8625	9395	DSGI01000037	8	0.38910505836575876	0.24271844660194175	-1
Cmr4gr7_1_CAS-III-B-III-C	DSGI01000084_2	314	309	1.6e-51	172.3	659	1600	DSGI01000084	2	0.9617834394904459	0.9805825242718447	1
Cmr5_0_IIIB	DSGI01000037_10	157	143	1.6e-14	51.1	10561	11031	DSGI01000037	10	0.8980891719745223	0.9230769230769231	-1
Cmr5_0_IIIB	DSGI01000084_3	158	143	1.8e-09	34.8	1601	2074	DSGI01000084	3	0.8607594936708861	0.8881118881118881	1
Cmr5_0_IIIC	DSGI01000029_2	158	129	0.0033	14.5	2407	2880	DSGI01000029	2	0.4936708860759494	0.5968992248062015	-1
Cmr5gr11_0_CAS-III-C	DSGI01000029_2	158	127	0.0013	15.8	2407	2880	DSGI01000029	2	0.5	0.5826771653543307	-1
Cmr5gr11_10_CAS-III-B	DSGI01000010_12	465	146	0.0038	14.0	9171	10565	DSGI01000010	12	0.08387096774193549	0.2671232876712329	-1
Cmr5gr11_11_CAS-III-B	DSGI01000037_10	157	161	3.4e-09	33.6	10561	11031	DSGI01000037	10	0.8662420382165605	0.8944099378881988	-1
Cmr5gr11_11_CAS-III-B	DSGI01000084_3	158	161	6e-50	166.1	1601	2074	DSGI01000084	3	0.9683544303797469	0.9813664596273292	1
Cmr5gr11_12_CAS-III-B	DSGI01000037_10	157	141	2e-16	56.8	10561	11031	DSGI01000037	10	0.8343949044585988	0.8936170212765957	-1
Cmr5gr11_12_CAS-III-B	DSGI01000084_3	158	141	3.8e-07	26.7	1601	2074	DSGI01000084	3	0.7848101265822784	0.851063829787234	1
Cmr5gr11_14_CAS-III-B	DSGI01000037_10	157	118	2.4e-07	27.8	10561	11031	DSGI01000037	10	0.8662420382165605	0.923728813559322	-1
Cmr5gr11_14_CAS-III-B	DSGI01000084_3	158	118	1.2e-06	25.5	1601	2074	DSGI01000084	3	0.46835443037974683	0.6271186440677966	1
Cmr5gr11_1_CAS-III-C	DSGI01000014_38	244	180	0.87	6.1	26157	26888	DSGI01000014	38	0.4180327868852459	0.46111111111111114	1
Cmr5gr11_1_CAS-III-C	DSGI01000049_7	432	180	0.2	8.2	7415	8710	DSGI01000049	7	0.49074074074074076	0.5611111111111111	-1
Cmr5gr11_2_CAS-III-B	DSGI01000037_10	157	138	3.6e-14	49.8	10561	11031	DSGI01000037	10	0.89171974522293	0.9492753623188406	-1
Cmr5gr11_2_CAS-III-B	DSGI01000084_3	158	138	8.1e-11	39.0	1601	2074	DSGI01000084	3	0.8607594936708861	0.9202898550724637	1
Cmr5gr11_3_CAS-III-B	DSGI01000037_10	157	119	0.0024	15.0	10561	11031	DSGI01000037	10	0.6114649681528662	0.6134453781512605	-1
Cmr5gr11_3_CAS-III-B	DSGI01000084_3	158	119	6.2e-05	20.1	1601	2074	DSGI01000084	3	0.33544303797468356	0.42857142857142855	1
Cmr5gr11_5_CAS-III-B	DSGI01000084_3	158	156	5e-05	20.2	1601	2074	DSGI01000084	3	0.7215189873417721	0.7692307692307693	1
Cmr5gr11_7_CAS-III-B	DSGI01000037_10	157	134	0.0016	15.2	10561	11031	DSGI01000037	10	0.34394904458598724	0.3805970149253731	-1
Cmr5gr11_7_CAS-III-B	DSGI01000084_3	158	134	0.0011	15.7	1601	2074	DSGI01000084	3	0.33544303797468356	0.39552238805970147	1
Cmr6_0_IIIB	DSGI01000022_4	263	213	5.4e-29	98.2	1971	2759	DSGI01000022	4	0.714828897338403	0.9812206572769953	-1
Cmr6_0_IIIB	DSGI01000037_11	317	213	1.3e-05	21.9	11034	11984	DSGI01000037	11	0.2082018927444795	0.2863849765258216	-1
Cmr6_0_IIIB	DSGI01000037_8	257	213	5.1e-32	108.1	8625	9395	DSGI01000037	8	0.688715953307393	0.9342723004694836	-1
Cmr6_0_IIIC	DSGI01000022_4	263	252	2.5e-05	20.8	1971	2759	DSGI01000022	4	0.2509505703422053	0.2619047619047619	-1
Cmr6_0_IIIC	DSGI01000037_11	317	252	0.0022	14.4	11034	11984	DSGI01000037	11	0.1829652996845426	0.2261904761904762	-1
Cmr6_0_IIIC	DSGI01000037_8	257	252	1.3e-07	28.2	8625	9395	DSGI01000037	8	0.3735408560311284	0.4246031746031746	-1
Cmr6_1_IIIB	DSGI01000022_4	263	264	8.6e-33	110.8	1971	2759	DSGI01000022	4	0.8745247148288974	0.9090909090909091	-1
Cmr6_1_IIIB	DSGI01000037_8	257	264	2.0000000000000002e-29	99.8	8625	9395	DSGI01000037	8	0.8171206225680934	0.8825757575757576	-1
Cmr6gr7_0_CAS-III-B-III-C	DSGI01000022_4	263	544	2.4e-07	26.7	1971	2759	DSGI01000022	4	0.7034220532319392	0.34191176470588236	-1
Cmr6gr7_0_CAS-III-B-III-C	DSGI01000037_8	257	544	5.9e-13	45.2	8625	9395	DSGI01000037	8	0.5252918287937743	0.25735294117647056	-1
Cmr6gr7_1_CAS-III-B-III-C	DSGI01000022_4	263	218	4.4e-32	108.2	1971	2759	DSGI01000022	4	0.714828897338403	0.981651376146789	-1
Cmr6gr7_1_CAS-III-B-III-C	DSGI01000037_11	317	218	0.00017	18.0	11034	11984	DSGI01000037	11	0.20504731861198738	0.30275229357798167	-1
Cmr6gr7_1_CAS-III-B-III-C	DSGI01000037_8	257	218	9.800000000000001e-32	107.1	8625	9395	DSGI01000037	8	0.708171206225681	0.9403669724770642	-1
Cmr6gr7_2_CAS-III-B-III-C	DSGI01000022_4	263	262	3e-37	125.4	1971	2759	DSGI01000022	4	0.8669201520912547	0.9007633587786259	-1
Cmr6gr7_2_CAS-III-B-III-C	DSGI01000037_11	317	262	0.0076	12.6	11034	11984	DSGI01000037	11	0.3438485804416404	0.29389312977099236	-1
Cmr6gr7_2_CAS-III-B-III-C	DSGI01000037_8	257	262	8.900000000000001e-32	107.4	8625	9395	DSGI01000037	8	0.9260700389105059	0.9580152671755725	-1
Cmr6gr7_3_CAS-III-B-III-C	DSGI01000022_4	263	250	2.8e-05	20.6	1971	2759	DSGI01000022	4	0.24334600760456274	0.256	-1
Cmr6gr7_3_CAS-III-B-III-C	DSGI01000037_11	317	250	0.00043	16.7	11034	11984	DSGI01000037	11	0.19558359621451105	0.244	-1
Cmr6gr7_3_CAS-III-B-III-C	DSGI01000037_8	257	250	3e-06	23.8	8625	9395	DSGI01000037	8	0.377431906614786	0.432	-1
CorA_1_CAS-III-B	DSGI01000073_20	207	125	0.0024	14.5	18265	18885	DSGI01000073	20	0.23671497584541062	0.24	-1
CorA_1_CAS-III-B	DSGI01000077_5	234	125	0.0078	12.8	3713	4414	DSGI01000077	5	0.2863247863247863	0.544	-1
CorA_1_CAS-III-B	DSGI01000079_4	240	125	0.00036	17.2	2123	2842	DSGI01000079	4	0.3	0.544	-1
Csa3_1_CAS-I-II-III-IV-V-VI	DSGI01000017_77	218	118	1.8e-06	25.0	66194	66847	DSGI01000017	77	0.4908256880733945	0.8389830508474576	-1
Csa3_1_CAS-I-II-III-IV-V-VI	DSGI01000021_15	252	118	0.0096	13.0	13325	14080	DSGI01000021	15	0.31746031746031744	0.5677966101694916	-1
Csa3_1_CAS-I-II-III-IV-V-VI	DSGI01000021_38	174	118	3.4e-11	40.3	32712	33233	DSGI01000021	38	0.4885057471264368	0.652542372881356	1
Csa3_1_CAS-I-II-III-IV-V-VI	DSGI01000028_34	163	118	0.0048	14.0	25904	26392	DSGI01000028	34	0.31901840490797545	0.2966101694915254	1
Csa3_1_CAS-I-II-III-IV-V-VI	DSGI01000029_23	152	118	0.00066	16.8	20535	20990	DSGI01000029	23	0.7039473684210527	0.576271186440678	1
Csa3_1_CAS-I-II-III-IV-V-VI	DSGI01000039_16	169	118	0.0093	13.1	18625	19131	DSGI01000039	16	0.5680473372781065	0.5	-1
Csa3_1_CAS-I-II-III-IV-V-VI	DSGI01000044_30	166	118	0.00048	17.2	19858	20355	DSGI01000044	30	0.5963855421686747	0.5677966101694916	-1
Csa3_1_CAS-I-II-III-IV-V-VI	DSGI01000049_2	89	118	3.4e-09	33.8	1258	1524	DSGI01000049	2	0.797752808988764	0.652542372881356	-1
Csa3_1_CAS-I-II-III-IV-V-VI	DSGI01000054_5	113	118	8.5e-06	22.9	1964	2302	DSGI01000054	5	0.7433628318584071	0.7457627118644068	1
Csa3_1_CAS-I-II-III-IV-V-VI	DSGI01000056_8	288	118	0.0031	14.6	7965	8828	DSGI01000056	8	0.21180555555555555	0.4491525423728814	-1
Csa3_1_CAS-I-II-III-IV-V-VI	DSGI01000062_3	151	118	0.0015	15.6	1784	2236	DSGI01000062	3	0.3509933774834437	0.4745762711864407	-1
Csa3_1_CAS-I-II-III-IV-V-VI	DSGI01000074_21	227	118	7.3e-15	52.1	15365	16045	DSGI01000074	21	0.6431718061674009	0.847457627118644	-1
Csa3_1_CAS-I-II-III-IV-V-VI	DSGI01000074_4	80	118	0.0028	14.8	2699	2938	DSGI01000074	4	0.675	0.5	-1
Csa3_1_CAS-I-II-III-IV-V-VI	DSGI01000086_16	224	118	1.2e-07	28.8	13331	14002	DSGI01000086	16	0.2857142857142857	0.5932203389830508	-1
Csa3_1_CAS-I-II-III-IV-V-VI	DSGI01000087_20	166	118	0.00037	17.6	12150	12647	DSGI01000087	20	0.25301204819277107	0.4067796610169492	-1
Csa3_1_CAS-I-II-III-IV-V-VI	DSGI01000090_2	212	118	0.00028	18.0	543	1178	DSGI01000090	2	0.4669811320754717	0.559322033898305	1
Csa3_1_CAS-I-II-III-IV-V-VI	DSGI01000095_19	151	118	0.0013	15.8	16870	17322	DSGI01000095	19	0.47019867549668876	0.559322033898305	1
Csa3_1_CAS-I-II-III-IV-V-VI	DSGI01000097_39	223	118	0.0019	15.3	31249	31917	DSGI01000097	39	0.242152466367713	0.4915254237288136	1
Csa5_0_IA	DSGI01000043_4	120	107	5.1e-11	39.5	3339	3698	DSGI01000043	4	0.5333333333333333	0.7850467289719626	-1
Csa5_0_IA	DSGI01000090_1	134	107	2.1e-06	24.7	36	437	DSGI01000090	1	0.3805970149253731	0.6261682242990654	-1
Csa5gr11_0_CAS-III-B	DSGI01000043_4	120	135	8.9e-05	19.2	3339	3698	DSGI01000043	4	0.8666666666666667	0.7111111111111111	-1
Csa5gr11_10_CAS-I-A	DSGI01000043_4	120	106	3.1e-09	33.8	3339	3698	DSGI01000043	4	0.4166666666666667	0.4716981132075472	-1
Csa5gr11_1_CAS-I-A	DSGI01000043_4	120	100	2.7e-13	46.7	3339	3698	DSGI01000043	4	0.7583333333333333	0.99	-1
Csa5gr11_1_CAS-I-A	DSGI01000090_1	134	100	2.3e-09	34.1	36	437	DSGI01000090	1	0.6716417910447762	0.97	-1
Csa5gr11_1_CAS-III-B	DSGI01000090_1	134	145	5.3e-06	23.6	36	437	DSGI01000090	1	0.4701492537313433	0.43448275862068964	-1
Csa5gr11_2_CAS-I-A	DSGI01000043_4	120	101	8.4e-12	42.2	3339	3698	DSGI01000043	4	0.65	0.801980198019802	-1
Csa5gr11_2_CAS-I-A	DSGI01000090_1	134	101	0.00043	17.4	36	437	DSGI01000090	1	0.5895522388059702	0.7722772277227723	-1
Csa5gr11_5_CAS-I-A	DSGI01000043_4	120	127	0.00039	17.3	3339	3698	DSGI01000043	4	0.6	0.5118110236220472	-1
Csa5gr11_5_CAS-I-A	DSGI01000090_1	134	127	0.0018	15.2	36	437	DSGI01000090	1	0.5223880597014925	0.5905511811023622	-1
Csa5gr11_7_CAS-I-A	DSGI01000043_4	120	125	0.0039	14.2	3339	3698	DSGI01000043	4	0.525	0.472	-1
Csa5gr11_8_CAS-I-A	DSGI01000090_1	134	109	0.0078	12.9	36	437	DSGI01000090	1	0.43283582089552236	0.5321100917431193	-1
Csa5gr11_9_CAS-I-A	DSGI01000043_4	120	115	4.2e-05	20.0	3339	3698	DSGI01000043	4	0.5416666666666666	0.591304347826087	-1
Csc2_0_ID	DSGI01000087_68	112	282	0.013	11.5	51729	52064	DSGI01000087	68	0.41964285714285715	0.16666666666666666	-1
Csf2_0_IV	DSGI01000022_4	263	329	0.041	10.1	1971	2759	DSGI01000022	4	0.2661596958174905	0.2127659574468085	-1
Csf2_0_IV	DSGI01000037_8	257	329	0.00036	16.8	8625	9395	DSGI01000037	8	0.4980544747081712	0.4072948328267477	-1
Csf4_0_IVA	DSGI01000088_18	603	666	1.2e-13	47.2	16815	18623	DSGI01000088	18	0.693200663349917	0.6486486486486487	1
Csf4_0_IVA	DSGI01000089_56	575	666	8.7e-06	21.2	42049	43773	DSGI01000089	56	0.22086956521739132	0.19519519519519518	-1
Csf4_1_IVA1	DSGI01000088_18	603	802	2.3e-12	42.6	16815	18623	DSGI01000088	18	0.351575456053068	0.2581047381546135	1
Csf4_1_IVA1	DSGI01000089_56	575	802	0.0039	12.1	42049	43773	DSGI01000089	56	0.1634782608695652	0.11845386533665836	-1
Csf4_2_IVA1	DSGI01000088_18	603	526	0.0046	12.3	16815	18623	DSGI01000088	18	0.27860696517412936	0.32509505703422054	1
Csf4_3_IVE	DSGI01000088_18	603	648	0.00046	15.6	16815	18623	DSGI01000088	18	0.33001658374792703	0.2932098765432099	1
Csm2gr11_2_CAS-III-A	DSGI01000029_21	470	142	0.013	12.6	17947	19356	DSGI01000029	21	0.0851063829787234	0.28169014084507044	-1
Csm2gr11_5_CAS-III-A	DSGI01000079_4	240	120	0.0063	13.2	2123	2842	DSGI01000079	4	0.525	0.8833333333333333	-1
Csm2gr11_6_CAS-III-A	DSGI01000033_3	277	139	0.1	9.3	1581	2411	DSGI01000033	3	0.35018050541516244	0.6474820143884892	1
Csm3_0_IIIA	DSGI01000022_4	263	203	2.4e-06	24.4	1971	2759	DSGI01000022	4	0.24334600760456274	0.2857142857142857	-1
Csm3_0_IIIA	DSGI01000037_11	317	203	3.9e-05	20.4	11034	11984	DSGI01000037	11	0.41324921135646686	0.6059113300492611	-1
Csm3_0_IIIA	DSGI01000037_8	257	203	6.1e-07	26.3	8625	9395	DSGI01000037	8	0.27626459143968873	0.3645320197044335	-1
Csm3_0_IIIAD	DSGI01000022_4	263	650	9.8e-05	18.0	1971	2759	DSGI01000022	4	0.27756653992395436	0.1123076923076923	-1
Csm3_0_IIIAD	DSGI01000037_8	257	650	0.00023	16.8	8625	9395	DSGI01000037	8	0.2607003891050584	0.10461538461538461	-1
Csm3_0_IIID	DSGI01000022_4	263	178	5e-09	34.1	1971	2759	DSGI01000022	4	0.5095057034220533	0.8595505617977528	-1
Csm3_0_IIID	DSGI01000037_11	317	178	5.2e-16	56.8	11034	11984	DSGI01000037	11	0.4952681388012618	0.6404494382022472	-1
Csm3_0_IIID	DSGI01000037_8	257	178	7.2e-16	56.3	8625	9395	DSGI01000037	8	0.490272373540856	0.8595505617977528	-1
Csm3_0_IIID	DSGI01000037_9	389	178	0.00067	17.5	9392	10558	DSGI01000037	9	0.40616966580976865	0.8314606741573034	-1
Csm3_0_IIID	DSGI01000084_2	314	178	1.8e-10	38.8	659	1600	DSGI01000084	2	0.9203821656050956	0.9943820224719101	1
Csm3_0_IIID	DSGI01000096_3	289	178	0.0062	14.3	2616	3482	DSGI01000096	3	0.5294117647058824	0.8314606741573034	1
Csm3_1_IIIAD	DSGI01000022_4	263	189	1.2e-07	28.8	1971	2759	DSGI01000022	4	0.6920152091254753	0.8465608465608465	-1
Csm3_1_IIIAD	DSGI01000037_11	317	189	1.3e-15	54.8	11034	11984	DSGI01000037	11	0.9274447949526814	0.9682539682539683	-1
Csm3_1_IIIAD	DSGI01000037_8	257	189	9.6e-12	42.2	8625	9395	DSGI01000037	8	0.49416342412451364	0.8412698412698413	-1
Csm3_1_IIIAD	DSGI01000037_9	389	189	5.7e-08	29.9	9392	10558	DSGI01000037	9	0.4704370179948586	0.9735449735449735	-1
Csm3_1_IIIAD	DSGI01000084_2	314	189	2.2e-13	47.5	659	1600	DSGI01000084	2	0.9363057324840764	0.9841269841269841	1
Csm3_1_IIIAD	DSGI01000096_3	289	189	1.4e-07	28.6	2616	3482	DSGI01000096	3	0.5501730103806228	0.8571428571428571	1
Csm3_1_IIID	DSGI01000022_4	263	257	2.2e-07	27.4	1971	2759	DSGI01000022	4	0.4144486692015209	0.377431906614786	-1
Csm3_1_IIID	DSGI01000037_11	317	257	5.1e-06	22.9	11034	11984	DSGI01000037	11	0.15457413249211358	0.20233463035019456	-1
Csm3_1_IIID	DSGI01000037_8	257	257	9.3e-12	41.7	8625	9395	DSGI01000037	8	0.5175097276264592	0.5330739299610895	-1
Csm3_1_IIID	DSGI01000084_2	314	257	0.0019	14.5	659	1600	DSGI01000084	2	0.4426751592356688	0.4785992217898833	1
Csm3gr7_0_CAS-III-A-III-D	DSGI01000022_4	263	210	2.9e-05	20.4	1971	2759	DSGI01000022	4	0.07224334600760456	0.09047619047619047	-1
Csm3gr7_0_CAS-III-A-III-D	DSGI01000037_11	317	210	7.5e-09	32.1	11034	11984	DSGI01000037	11	0.5110410094637224	0.680952380952381	-1
Csm3gr7_0_CAS-III-A-III-D	DSGI01000037_8	257	210	7.2e-08	28.9	8625	9395	DSGI01000037	8	0.4980544747081712	0.5952380952380952	-1
Csm3gr7_0_CAS-III-A-III-D	DSGI01000084_2	314	210	3.9e-05	20.0	659	1600	DSGI01000084	2	0.5159235668789809	0.6714285714285714	1
Csm3gr7_11_CAS-III-A-III-D	DSGI01000037_11	317	216	0.0073	12.5	11034	11984	DSGI01000037	11	0.1892744479495268	0.22685185185185186	-1
Csm3gr7_11_CAS-III-A-III-D	DSGI01000084_2	314	216	0.00078	15.6	659	1600	DSGI01000084	2	0.1464968152866242	0.2175925925925926	1
Csm3gr7_12_CAS-III-A-III-D	DSGI01000022_4	263	199	3.8e-07	27.3	1971	2759	DSGI01000022	4	0.6539923954372624	0.8492462311557789	-1
Csm3gr7_12_CAS-III-A-III-D	DSGI01000037_11	317	199	2.8000000000000003e-23	80.0	11034	11984	DSGI01000037	11	0.9337539432176656	0.9849246231155779	-1
Csm3gr7_12_CAS-III-A-III-D	DSGI01000037_8	257	199	2.7e-13	47.4	8625	9395	DSGI01000037	8	0.5136186770428015	0.8743718592964824	-1
Csm3gr7_12_CAS-III-A-III-D	DSGI01000037_9	389	199	2.9e-09	34.2	9392	10558	DSGI01000037	9	0.4652956298200514	0.9698492462311558	-1
Csm3gr7_12_CAS-III-A-III-D	DSGI01000084_2	314	199	8e-20	68.7	659	1600	DSGI01000084	2	0.9363057324840764	0.9899497487437185	1
Csm3gr7_12_CAS-III-A-III-D	DSGI01000096_3	289	199	9.6e-07	26.0	2616	3482	DSGI01000096	3	0.5536332179930796	0.8542713567839196	1
Csm3gr7_1_CAS-III-A-III-D	DSGI01000022_4	263	215	4.1e-06	23.5	1971	2759	DSGI01000022	4	0.13688212927756654	0.16744186046511628	-1
Csm3gr7_1_CAS-III-A-III-D	DSGI01000037_11	317	215	3.7e-05	20.3	11034	11984	DSGI01000037	11	0.47634069400630913	0.5627906976744186	-1
Csm3gr7_1_CAS-III-A-III-D	DSGI01000037_8	257	215	2.8e-07	27.2	8625	9395	DSGI01000037	8	0.30739299610894943	0.386046511627907	-1
Csm3gr7_1_CAS-III-A-III-D	DSGI01000084_2	314	215	0.0099	12.4	659	1600	DSGI01000084	2	0.20382165605095542	0.3023255813953488	1
Csm3gr7_2_CAS-III-A-III-D	DSGI01000022_4	263	180	1.9e-13	48.0	1971	2759	DSGI01000022	4	0.6349809885931559	0.8944444444444445	-1
Csm3gr7_2_CAS-III-A-III-D	DSGI01000037_11	317	180	5.8e-18	62.7	11034	11984	DSGI01000037	11	0.4921135646687697	0.6388888888888888	-1
Csm3gr7_2_CAS-III-A-III-D	DSGI01000037_8	257	180	1.7e-20	71.0	8625	9395	DSGI01000037	8	0.5175097276264592	0.8944444444444445	-1
Csm3gr7_2_CAS-III-A-III-D	DSGI01000037_9	389	180	7.2e-05	20.0	9392	10558	DSGI01000037	9	0.4601542416452442	0.9888888888888889	-1
Csm3gr7_2_CAS-III-A-III-D	DSGI01000084_2	314	180	2.5e-13	47.6	659	1600	DSGI01000084	2	0.7515923566878981	1.0	1
Csm3gr7_2_CAS-III-A-III-D	DSGI01000096_3	289	180	0.0006	17.0	2616	3482	DSGI01000096	3	0.5363321799307958	0.8388888888888889	1
Csm3gr7_4_CAS-III-A-III-D	DSGI01000022_4	263	640	0.00072	15.3	1971	2759	DSGI01000022	4	0.20532319391634982	0.084375	-1
Csm3gr7_4_CAS-III-A-III-D	DSGI01000037_8	257	640	0.00047	15.9	8625	9395	DSGI01000037	8	0.22568093385214008	0.0921875	-1
Csm3gr7_8_CAS-III-A-III-D	DSGI01000022_4	263	256	1.4e-08	31.2	1971	2759	DSGI01000022	4	0.3155893536121673	0.32421875	-1
Csm3gr7_8_CAS-III-A-III-D	DSGI01000037_11	317	256	1.9e-06	24.2	11034	11984	DSGI01000037	11	0.22712933753943218	0.31640625	-1
Csm3gr7_8_CAS-III-A-III-D	DSGI01000037_8	257	256	1.2e-12	44.5	8625	9395	DSGI01000037	8	0.5252918287937743	0.54296875	-1
Csm3gr7_8_CAS-III-A-III-D	DSGI01000084_2	314	256	0.00042	16.5	659	1600	DSGI01000084	2	0.4426751592356688	0.4765625	1
Csm4_0_IIIA	DSGI01000037_8	257	302	0.00063	15.8	8625	9395	DSGI01000037	8	0.19844357976653695	0.16225165562913907	-1
Csm4_1_IIIA	DSGI01000037_8	257	319	2.8e-05	20.0	8625	9395	DSGI01000037	8	0.22957198443579765	0.18495297805642633	-1
Csm4gr5_0_CAS-III-A	DSGI01000037_8	257	301	0.00053	16.1	8625	9395	DSGI01000037	8	0.2723735408560311	0.23255813953488372	-1
Csm4gr5_0_CAS-III-A-III-D	DSGI01000037_8	257	317	0.0025	13.8	8625	9395	DSGI01000037	8	0.42023346303501946	0.34069400630914826	-1
Csm4gr5_1_CAS-III-A	DSGI01000037_8	257	315	8.5e-05	18.6	8625	9395	DSGI01000037	8	0.22568093385214008	0.18412698412698414	-1
Csm5_0_IIIA	DSGI01000022_4	263	364	0.00024	17.4	1971	2759	DSGI01000022	4	0.38022813688212925	0.23351648351648352	-1
Csm5_0_IIIA	DSGI01000037_11	317	364	0.0031	13.7	11034	11984	DSGI01000037	11	0.24605678233438485	0.14285714285714285	-1
Csm5_0_IIIA	DSGI01000037_8	257	364	3.2e-06	23.5	8625	9395	DSGI01000037	8	0.17120622568093385	0.10714285714285714	-1
Csm5_1_IIIA	DSGI01000022_4	263	373	0.0044	13.3	1971	2759	DSGI01000022	4	0.20912547528517111	0.13941018766756033	-1
Csm5_1_IIIA	DSGI01000037_11	317	373	0.0067	12.7	11034	11984	DSGI01000037	11	0.15772870662460567	0.13404825737265416	-1
Csm5_1_IIIA	DSGI01000037_8	257	373	5.9e-05	19.5	8625	9395	DSGI01000037	8	0.17509727626459143	0.08579088471849866	-1
Csm5gr7_0_CAS-III-A-III-D	DSGI01000022_4	263	365	0.0021	14.1	1971	2759	DSGI01000022	4	0.3574144486692015	0.21643835616438356	-1
Csm5gr7_0_CAS-III-A-III-D	DSGI01000037_11	317	365	0.0077	12.2	11034	11984	DSGI01000037	11	0.167192429022082	0.14520547945205478	-1
Csm5gr7_0_CAS-III-A-III-D	DSGI01000037_8	257	365	2.3e-06	23.8	8625	9395	DSGI01000037	8	0.14007782101167315	0.09863013698630137	-1
Csm5gr7_1_CAS-III-A-III-D	DSGI01000022_4	263	369	0.00031	17.3	1971	2759	DSGI01000022	4	0.3041825095057034	0.2086720867208672	-1
Csm5gr7_1_CAS-III-A-III-D	DSGI01000037_11	317	369	0.075	9.4	11034	11984	DSGI01000037	11	0.2870662460567823	0.24390243902439024	-1
Csm5gr7_1_CAS-III-A-III-D	DSGI01000037_8	257	369	1.4e-06	24.9	8625	9395	DSGI01000037	8	0.23346303501945526	0.15989159891598917	-1
Csm5gr7_2_CAS-III-A-III-D	DSGI01000037_8	257	258	0.015	11.4	8625	9395	DSGI01000037	8	0.1556420233463035	0.15503875968992248	-1
Csm5gr7_3_CAS-III-A-III-D	DSGI01000037_8	257	391	9.6e-05	18.2	8625	9395	DSGI01000037	8	0.3463035019455253	0.22250639386189258	-1
Csn2_10_CAS-II-A	DSGI01000097_1	501	321	0.0073	12.2	263	1765	DSGI01000097	1	0.11976047904191617	0.18691588785046728	1
Csn2_7_CAS-II-A	DSGI01000014_23	480	372	0.00062	15.5	16269	17708	DSGI01000014	23	0.19375	0.19623655913978494	1
Csn2_7_CAS-II-A	DSGI01000019_3	527	372	0.027	10.1	1559	3139	DSGI01000019	3	0.31499051233396586	0.27956989247311825	1
Csn2_7_CAS-II-A	DSGI01000051_3	221	372	0.0016	14.1	911	1573	DSGI01000051	3	0.4751131221719457	0.2903225806451613	-1
Csn2_7_CAS-II-A	DSGI01000057_5	492	372	0.016	10.9	1528	3003	DSGI01000057	5	0.2784552845528455	0.23387096774193547	1
Csn2_7_CAS-II-A	DSGI01000061_11	324	372	0.014	11.0	9454	10425	DSGI01000061	11	0.22530864197530864	0.20161290322580644	1
Csn2_7_CAS-II-A	DSGI01000080_7	237	372	0.00034	16.4	5676	6386	DSGI01000080	7	0.45147679324894513	0.2956989247311828	-1
Csn2_7_CAS-II-A	DSGI01000080_8	237	372	0.02	10.6	6399	7109	DSGI01000080	8	0.3206751054852321	0.20161290322580644	-1
Csn2_7_CAS-II-A	DSGI01000082_2	241	372	0.026	10.2	207	929	DSGI01000082	2	0.3070539419087137	0.19086021505376344	-1
Csn2_7_CAS-II-A	DSGI01000082_3	214	372	0.002	13.9	1058	1699	DSGI01000082	3	0.17289719626168223	0.09946236559139784	-1
Csn2_7_CAS-II-A	DSGI01000097_1	501	372	0.0014	14.3	263	1765	DSGI01000097	1	0.1656686626746507	0.22043010752688172	1
Csx10gr5_3_CAS-III-D	DSGI01000037_8	257	323	0.0005	16.0	8625	9395	DSGI01000037	8	0.2607003891050584	0.19195046439628483	-1
Csx16_0_CAS-III-B	DSGI01000043_2	113	105	1.3e-22	77.1	2272	2610	DSGI01000043	2	0.6902654867256637	0.7428571428571429	-1
Csx1_18_CAS-III	DSGI01000014_38	244	376	0.11	8.7	26157	26888	DSGI01000014	38	0.8237704918032787	0.35904255319148937	1
Csx1_18_CAS-III	DSGI01000087_97	546	376	2.1	4.5	73944	75581	DSGI01000087	97	0.2490842490842491	0.39095744680851063	-1
Csx1_19_CAS-III	DSGI01000037_1	187	211	7.2e-19	65.1	2	562	DSGI01000037	1	0.6577540106951871	0.6635071090047393	-1
Csx1_3_CAS-III	DSGI01000037_1	187	209	0.0047	13.6	2	562	DSGI01000037	1	0.45989304812834225	0.430622009569378	-1
Csx1_5_CAS-III	DSGI01000037_1	187	132	5.7000000000000004e-27	91.1	2	562	DSGI01000037	1	0.679144385026738	0.9924242424242424	-1
Csx1_5_CAS-III	DSGI01000095_22	389	132	0.0033	14.2	18678	19844	DSGI01000095	22	0.20565552699228792	0.4772727272727273	-1
Csx1_8_CAS-III	DSGI01000037_1	187	219	3.4e-23	79.1	2	562	DSGI01000037	1	0.9946524064171123	0.8858447488584474	-1
Csx1_9_CAS-III	DSGI01000037_1	187	378	0.0032	13.1	2	562	DSGI01000037	1	0.47058823529411764	0.20899470899470898	-1
Csx20_0_CAS-I-III	DSGI01000076_4	363	131	0.00093	16.1	2832	3920	DSGI01000076	4	0.18457300275482094	0.5114503816793893	1
Csx3_0_CAS-I-III	DSGI01000037_3	214	83	6.2e-35	116.1	1126	1767	DSGI01000037	3	0.6401869158878505	0.963855421686747	-1
Csx3_1_CAS-I-III	DSGI01000037_3	214	84	4.1e-31	103.7	1126	1767	DSGI01000037	3	0.6728971962616822	0.9761904761904762	-1
Csx3_2_CAS-I-III	DSGI01000014_23	480	277	0.0027	13.6	16269	17708	DSGI01000014	23	0.10208333333333333	0.09386281588447654	1
Csx3_2_CAS-I-III	DSGI01000037_3	214	277	4.6e-20	68.6	1126	1767	DSGI01000037	3	0.7383177570093458	0.2815884476534296	-1
Csx3_2_CAS-I-III	DSGI01000069_18	530	277	0.0064	12.3	15387	16976	DSGI01000069	18	0.1169811320754717	0.22743682310469315	-1
Csx3_2_CAS-I-III	DSGI01000089_78	347	277	0.0006	15.7	60760	61800	DSGI01000089	78	0.10951008645533142	0.1444043321299639	-1
Csx3_2_CAS-I-III	DSGI01000095_22	389	277	0.013	11.3	18678	19844	DSGI01000095	22	0.12339331619537275	0.17328519855595667	-1
Csx3_3_CAS-I-III	DSGI01000037_3	214	79	4.7e-31	103.3	1126	1767	DSGI01000037	3	0.5981308411214953	0.9493670886075949	-1
CysH_0_IVB	DSGI01000017_9	329	249	0.0004	16.8	6673	7659	DSGI01000017	9	0.11854103343465046	0.1566265060240964	-1
CysH_0_IVB	DSGI01000029_10	262	249	0.00031	17.2	8236	9021	DSGI01000029	10	0.4198473282442748	0.43775100401606426	1
CysH_0_IVB	DSGI01000074_3	537	249	1.8e-14	50.8	950	2560	DSGI01000074	3	0.29608938547486036	0.6546184738955824	-1
CysH_0_IVB	DSGI01000076_20	314	249	0.0063	12.9	22332	23273	DSGI01000076	20	0.15286624203821655	0.18072289156626506	-1
NYN_0_CAS-III-B	DSGI01000012_47	267	320	0.036	9.9	38217	39017	DSGI01000012	47	0.4794007490636704	0.21875	-1
RecD_0_IVD	DSGI01000092_8	82	763	0.021	9.6	5552	5797	DSGI01000092	8	0.36585365853658536	0.03800786369593709	1
RecD_0_IVD	DSGI01000100_6	254	763	0.017	9.9	5810	6571	DSGI01000100	6	0.1220472440944882	0.04062909567496723	1
TnpB_0_Competitive	DSGI01000053_17	405	400	6.8e-07	25.2	12815	14029	DSGI01000053	17	0.40987654320987654	0.41	-1
TnpB_1_Competitive	DSGI01000053_17	405	409	8.2e-18	61.0	12815	14029	DSGI01000053	17	0.7012345679012346	0.6992665036674817	-1
Unk_04_0_CAS-I-E	DSGI01000061_6	301	63	0.0076	13.1	3674	4576	DSGI01000061	6	0.059800664451827246	0.2857142857142857	-1
WYL_0_CAS-I-II-III-IV-V-VI	DSGI01000052_2	136	313	0.0052	13.0	334	741	DSGI01000052	2	0.29411764705882354	0.12779552715654952	-1
htpX_0_CAS-III-B	DSGI01000073_18	313	343	4.9e-11	39.1	16977	17915	DSGI01000073	18	0.5399361022364217	0.5510204081632653	-1
tm_4_0_CAS-VI-B	DSGI01000010_21	213	225	0.6	6.9	16979	17617	DSGI01000010	21	0.3333333333333333	0.20444444444444446	1
