Contig	Start	End	Strand	Pos
JAWAVG010000001	2	268	-1	1
JAWAVG010000001	269	448	-1	2
JAWAVG010000001	493	1044	-1	3
JAWAVG010000001	1331	2197	1	4
JAWAVG010000001	2248	2766	1	5
JAWAVG010000001	2750	3238	-1	6
JAWAVG010000001	3250	4056	-1	7
JAWAVG010000001	4324	5847	-1	8
JAWAVG010000001	5933	6673	1	9
JAWAVG010000001	6734	6895	-1	10
JAWAVG010000001	6957	7601	-1	11
JAWAVG010000001	7647	8990	1	12
JAWAVG010000001	9021	9401	-1	13
JAWAVG010000001	9545	10276	-1	14
JAWAVG010000001	10363	11427	-1	15
JAWAVG010000001	11520	13229	1	16
JAWAVG010000001	13226	14488	-1	17
JAWAVG010000001	14603	16162	1	18
JAWAVG010000001	16500	17993	-1	19
JAWAVG010000001	18103	18366	1	20
JAWAVG010000001	18366	18812	1	21
JAWAVG010000001	18799	19809	1	22
JAWAVG010000001	20032	20211	1	23
JAWAVG010000001	20305	20670	1	24
JAWAVG010000001	20707	21024	1	25
JAWAVG010000001	21021	23507	-1	26
JAWAVG010000001	24120	25385	1	27
JAWAVG010000001	25360	25932	1	28
JAWAVG010000001	26234	26962	-1	29
JAWAVG010000001	27006	27641	-1	30
JAWAVG010000001	27846	29333	1	31
JAWAVG010000001	29358	29612	1	32
JAWAVG010000001	29605	30378	1	33
JAWAVG010000001	30360	31451	-1	34
JAWAVG010000001	32025	32639	-1	35
JAWAVG010000001	32615	33229	-1	36
JAWAVG010000001	33234	33599	-1	37
JAWAVG010000001	33644	34495	-1	38
JAWAVG010000001	34780	35457	1	39
JAWAVG010000001	35478	35903	-1	40
JAWAVG010000001	35927	36313	-1	41
JAWAVG010000001	36366	36683	-1	42
JAWAVG010000001	36652	36864	-1	43
JAWAVG010000001	36875	37465	-1	44
JAWAVG010000001	37524	37976	-1	45
JAWAVG010000001	38373	38648	1	46
JAWAVG010000001	38645	39448	1	47
JAWAVG010000001	39609	40115	1	48
JAWAVG010000001	40109	41224	1	49
JAWAVG010000001	41228	42913	1	50
JAWAVG010000001	43209	45380	1	51
JAWAVG010000001	45573	46370	-1	52
JAWAVG010000001	46380	46586	-1	53
JAWAVG010000001	46592	46876	-1	54
JAWAVG010000001	47080	47643	-1	55
JAWAVG010000001	47690	48811	-1	56
JAWAVG010000001	48798	49856	-1	57
JAWAVG010000001	49858	50607	-1	58
JAWAVG010000001	50661	50996	-1	59
JAWAVG010000001	51113	51532	1	60
JAWAVG010000001	51566	51862	1	61
JAWAVG010000001	52072	54552	1	62
JAWAVG010000001	54650	54895	1	63
JAWAVG010000001	54899	58252	1	64
JAWAVG010000001	58258	60912	1	65
JAWAVG010000001	60914	62143	1	66
JAWAVG010000001	62219	62518	1	67
JAWAVG010000001	62533	62964	1	68
JAWAVG010000001	62999	63442	1	69
JAWAVG010000001	63452	64318	1	70
JAWAVG010000001	64582	64944	1	71
JAWAVG010000001	64984	65439	1	72
JAWAVG010000001	65433	65837	1	73
JAWAVG010000001	65839	66075	-1	74
JAWAVG010000001	66068	66655	-1	75
JAWAVG010000001	66652	68130	-1	76
JAWAVG010000001	68305	68859	-1	77
JAWAVG010000001	68868	69305	-1	78
JAWAVG010000001	69334	70089	-1	79
JAWAVG010000001	70277	70564	1	80
JAWAVG010000001	70561	71559	1	81
JAWAVG010000001	71846	72298	1	82
JAWAVG010000001	72308	72829	1	83
JAWAVG010000001	72866	73297	1	84
JAWAVG010000001	73461	74282	-1	85
JAWAVG010000001	74334	75644	1	86
JAWAVG010000001	75651	76454	1	87
JAWAVG010000001	76366	77019	-1	88
JAWAVG010000001	77021	78382	-1	89
JAWAVG010000001	78357	79514	-1	90
JAWAVG010000001	79542	79961	-1	91
JAWAVG010000001	80040	80567	1	92
JAWAVG010000001	80696	80791	1	93
JAWAVG010000001	80778	81191	1	94
JAWAVG010000001	81252	83447	1	95
JAWAVG010000001	83454	83681	1	96
JAWAVG010000001	83810	84847	1	97
JAWAVG010000001	84854	85126	1	98
JAWAVG010000001	85134	86279	-1	99
JAWAVG010000001	86276	88006	-1	100
JAWAVG010000001	88054	89622	-1	101
JAWAVG010000001	89700	90659	1	102
JAWAVG010000001	90746	92122	1	103
JAWAVG010000001	92119	93225	-1	104
JAWAVG010000001	93299	94171	-1	105
JAWAVG010000001	94177	94848	-1	106
JAWAVG010000001	94809	95537	-1	107
JAWAVG010000001	95609	97123	1	108
JAWAVG010000001	97118	98503	-1	109
JAWAVG010000001	98613	99443	-1	110
JAWAVG010000001	99418	100371	-1	111
JAWAVG010000001	100362	101258	-1	112
JAWAVG010000001	101255	102280	-1	113
JAWAVG010000001	102284	103906	-1	114
JAWAVG010000001	104082	104999	1	115
JAWAVG010000001	105044	105919	1	116
JAWAVG010000001	105916	106830	-1	117
JAWAVG010000001	106874	107275	-1	118
JAWAVG010000001	107719	108000	1	119
JAWAVG010000001	108018	109682	1	120
JAWAVG010000001	109986	110456	1	121
JAWAVG010000001	110441	112165	1	122
JAWAVG010000001	112141	112608	1	123
JAWAVG010000001	112592	113077	1	124
JAWAVG010000001	113077	113625	1	125
JAWAVG010000001	113612	114292	1	126
JAWAVG010000001	114276	114521	1	127
JAWAVG010000001	114518	116332	1	128
JAWAVG010000001	116329	117195	1	129
JAWAVG010000001	117288	118193	1	130
JAWAVG010000001	118190	119491	1	131
JAWAVG010000001	119531	120445	1	132
JAWAVG010000001	120442	121242	1	133
JAWAVG010000001	121867	123042	1	134
JAWAVG010000001	123277	123873	1	135
JAWAVG010000002	2	211	-1	1
JAWAVG010000002	360	698	1	2
JAWAVG010000002	742	1632	1	3
JAWAVG010000002	1649	2467	1	4
JAWAVG010000002	2704	4938	1	5
JAWAVG010000002	4939	5634	1	6
JAWAVG010000002	5670	8765	1	7
JAWAVG010000002	8789	9064	1	8
JAWAVG010000002	9101	9922	1	9
JAWAVG010000002	9923	10960	-1	10
JAWAVG010000002	10948	11865	-1	11
JAWAVG010000002	11859	12584	-1	12
JAWAVG010000002	12587	13336	-1	13
JAWAVG010000002	13363	14619	-1	14
JAWAVG010000002	14914	16158	1	15
JAWAVG010000002	16214	17041	1	16
JAWAVG010000002	17077	17805	1	17
JAWAVG010000002	17781	18680	-1	18
JAWAVG010000002	18763	19113	1	19
JAWAVG010000002	19114	20088	-1	20
JAWAVG010000002	20199	20627	1	21
JAWAVG010000002	20632	20838	1	22
JAWAVG010000002	20828	22393	1	23
JAWAVG010000002	22363	23760	-1	24
JAWAVG010000002	23765	25609	-1	25
JAWAVG010000002	25616	26662	-1	26
JAWAVG010000002	26628	27089	-1	27
JAWAVG010000002	27091	27399	-1	28
JAWAVG010000002	27372	27620	-1	29
JAWAVG010000002	27613	27849	-1	30
JAWAVG010000002	27846	28175	-1	31
JAWAVG010000002	28177	29133	-1	32
JAWAVG010000002	29136	30308	-1	33
JAWAVG010000002	30314	30781	-1	34
JAWAVG010000002	30778	31215	-1	35
JAWAVG010000002	31196	31543	-1	36
JAWAVG010000002	31584	32084	-1	37
JAWAVG010000002	32146	33396	-1	38
JAWAVG010000002	33772	34158	1	39
JAWAVG010000002	34193	35452	1	40
JAWAVG010000002	35414	37075	-1	41
JAWAVG010000002	37078	38610	-1	42
JAWAVG010000002	38927	40360	1	43
JAWAVG010000002	40362	41135	-1	44
JAWAVG010000002	41132	43057	-1	45
JAWAVG010000002	43157	43654	-1	46
JAWAVG010000002	43710	44360	1	47
JAWAVG010000002	44388	46103	1	48
JAWAVG010000002	46029	46532	-1	49
JAWAVG010000002	46532	47086	-1	50
JAWAVG010000002	47052	48035	-1	51
JAWAVG010000002	48037	49005	-1	52
JAWAVG010000002	49016	50443	-1	53
JAWAVG010000002	50450	51514	-1	54
JAWAVG010000002	51742	54426	-1	55
JAWAVG010000002	54540	55940	1	56
JAWAVG010000002	56344	59400	1	57
JAWAVG010000002	59397	59744	-1	58
JAWAVG010000002	59777	60352	-1	59
JAWAVG010000002	60409	60996	1	60
JAWAVG010000002	61021	61827	1	61
JAWAVG010000002	61778	63133	-1	62
JAWAVG010000002	63154	64017	-1	63
JAWAVG010000002	64170	65591	1	64
JAWAVG010000002	65585	67765	-1	65
JAWAVG010000002	67879	68445	1	66
JAWAVG010000002	68479	69504	-1	67
JAWAVG010000002	69800	69934	1	68
JAWAVG010000002	69982	70833	-1	69
JAWAVG010000002	71272	73086	-1	70
JAWAVG010000002	73211	73540	1	71
JAWAVG010000002	73544	75163	-1	72
JAWAVG010000002	75216	75809	-1	73
JAWAVG010000002	75893	76159	-1	74
JAWAVG010000002	76505	77653	1	75
JAWAVG010000002	77654	78322	1	76
JAWAVG010000002	78310	78900	1	77
JAWAVG010000002	78844	82065	-1	78
JAWAVG010000002	82382	83308	1	79
JAWAVG010000002	83320	83931	1	80
JAWAVG010000002	83914	89292	-1	81
JAWAVG010000002	89351	91681	1	82
JAWAVG010000002	91742	93766	1	83
JAWAVG010000002	93756	94292	1	84
JAWAVG010000002	94294	95193	-1	85
JAWAVG010000002	95237	97507	-1	86
JAWAVG010000002	97558	99006	1	87
JAWAVG010000002	99225	100499	1	88
JAWAVG010000002	100492	102174	1	89
JAWAVG010000002	102220	103635	1	90
JAWAVG010000002	103637	104659	-1	91
JAWAVG010000002	104746	105624	1	92
JAWAVG010000002	105611	106615	-1	93
JAWAVG010000002	106691	107377	1	94
JAWAVG010000002	107630	108331	1	95
JAWAVG010000002	108337	109365	1	96
JAWAVG010000002	109420	110040	1	97
JAWAVG010000002	110044	112731	1	98
JAWAVG010000002	112697	113533	-1	99
JAWAVG010000002	113593	114945	-1	100
JAWAVG010000002	114914	115705	-1	101
JAWAVG010000002	116096	116665	-1	102
JAWAVG010000002	116705	117391	1	103
JAWAVG010000002	117350	118177	-1	104
JAWAVG010000002	118174	118401	-1	105
JAWAVG010000002	118668	119333	1	106
JAWAVG010000002	119286	119690	-1	107
JAWAVG010000002	119714	120640	-1	108
JAWAVG010000002	120637	121056	-1	109
JAWAVG010000003	206	505	-1	1
JAWAVG010000003	1077	1322	1	2
JAWAVG010000003	1574	2437	-1	3
JAWAVG010000003	2541	2945	1	4
JAWAVG010000003	3207	3716	1	5
JAWAVG010000003	3713	5686	1	6
JAWAVG010000003	5696	6349	1	7
JAWAVG010000003	6346	7632	1	8
JAWAVG010000003	7642	8922	1	9
JAWAVG010000003	9282	9728	1	10
JAWAVG010000003	9836	11224	1	11
JAWAVG010000003	11305	12024	1	12
JAWAVG010000003	12057	14423	1	13
JAWAVG010000003	14425	15093	-1	14
JAWAVG010000003	15090	15368	-1	15
JAWAVG010000003	15422	16381	-1	16
JAWAVG010000003	16447	16992	1	17
JAWAVG010000003	17026	18129	-1	18
JAWAVG010000003	18467	20005	-1	19
JAWAVG010000003	20038	21336	-1	20
JAWAVG010000003	21410	22210	-1	21
JAWAVG010000003	22271	23206	-1	22
JAWAVG010000003	23207	23881	-1	23
JAWAVG010000003	23940	24410	1	24
JAWAVG010000003	24465	24797	1	25
JAWAVG010000003	24897	25196	1	26
JAWAVG010000003	25149	25559	-1	27
JAWAVG010000003	25644	26408	1	28
JAWAVG010000003	26415	27485	-1	29
JAWAVG010000003	27529	28833	-1	30
JAWAVG010000003	28835	29494	-1	31
JAWAVG010000003	31463	32599	-1	32
JAWAVG010000003	33134	33427	1	33
JAWAVG010000003	33648	34034	1	34
JAWAVG010000003	34270	35532	1	35
JAWAVG010000003	35623	36135	-1	36
JAWAVG010000003	36257	37267	-1	37
JAWAVG010000003	37330	37929	1	38
JAWAVG010000003	37926	39005	-1	39
JAWAVG010000003	39040	40233	-1	40
JAWAVG010000003	40306	41022	-1	41
JAWAVG010000003	41077	42807	1	42
JAWAVG010000003	42798	43196	-1	43
JAWAVG010000003	43340	45271	1	44
JAWAVG010000003	45409	46878	1	45
JAWAVG010000003	46989	47330	1	46
JAWAVG010000003	47440	47946	1	47
JAWAVG010000003	48074	49117	-1	48
JAWAVG010000003	49127	49726	-1	49
JAWAVG010000003	49726	50823	-1	50
JAWAVG010000003	50897	51886	-1	51
JAWAVG010000003	51993	54161	-1	52
JAWAVG010000003	54222	55370	-1	53
JAWAVG010000003	55612	55764	1	54
JAWAVG010000003	55841	57361	1	55
JAWAVG010000003	57358	58482	1	56
JAWAVG010000003	58634	59335	1	57
JAWAVG010000003	59339	60037	1	58
JAWAVG010000003	60043	60783	1	59
JAWAVG010000003	60793	61608	1	60
JAWAVG010000003	61653	64076	1	61
JAWAVG010000003	64088	65425	-1	62
JAWAVG010000003	65430	65780	-1	63
JAWAVG010000003	65777	66268	-1	64
JAWAVG010000003	66390	68219	1	65
JAWAVG010000003	68227	68697	1	66
JAWAVG010000003	68837	69142	1	67
JAWAVG010000003	69157	69651	-1	68
JAWAVG010000003	69665	70171	-1	69
JAWAVG010000003	70353	70928	-1	70
JAWAVG010000003	70886	72178	-1	71
JAWAVG010000003	72124	72612	-1	72
JAWAVG010000003	72690	72941	1	73
JAWAVG010000003	72938	74149	1	74
JAWAVG010000003	74375	74686	1	75
JAWAVG010000003	74683	75195	-1	76
JAWAVG010000003	75192	75770	-1	77
JAWAVG010000003	75859	76455	1	78
JAWAVG010000003	76448	77401	1	79
JAWAVG010000003	77976	78968	-1	80
JAWAVG010000003	79007	79549	1	81
JAWAVG010000003	79529	81379	-1	82
JAWAVG010000003	81389	82528	-1	83
JAWAVG010000003	82619	83041	1	84
JAWAVG010000003	83055	83777	-1	85
JAWAVG010000003	83912	84316	1	86
JAWAVG010000004	405	1145	-1	1
JAWAVG010000004	1241	2605	-1	2
JAWAVG010000004	2699	4351	-1	3
JAWAVG010000004	4457	5125	-1	4
JAWAVG010000004	5189	5752	-1	5
JAWAVG010000004	5791	6528	-1	6
JAWAVG010000004	6525	8072	-1	7
JAWAVG010000004	8103	8651	1	8
JAWAVG010000004	8626	9861	-1	9
JAWAVG010000004	9912	10301	1	10
JAWAVG010000004	10323	10874	-1	11
JAWAVG010000004	10925	11695	1	12
JAWAVG010000004	11734	13764	-1	13
JAWAVG010000004	13865	14512	-1	14
JAWAVG010000004	14503	15246	-1	15
JAWAVG010000004	15224	15760	-1	16
JAWAVG010000004	15757	17070	-1	17
JAWAVG010000004	17113	17547	-1	18
JAWAVG010000004	17678	17965	1	19
JAWAVG010000004	17943	18893	1	20
JAWAVG010000004	18880	19566	-1	21
JAWAVG010000004	19599	20561	-1	22
JAWAVG010000004	20584	21090	-1	23
JAWAVG010000004	21090	21413	-1	24
JAWAVG010000004	21424	22341	-1	25
JAWAVG010000004	22472	23758	1	26
JAWAVG010000004	23760	24179	-1	27
JAWAVG010000004	24148	24537	-1	28
JAWAVG010000004	24613	25572	1	29
JAWAVG010000004	25964	26854	1	30
JAWAVG010000004	26819	27940	-1	31
JAWAVG010000004	27975	28265	-1	32
JAWAVG010000004	28340	29404	1	33
JAWAVG010000004	29358	30173	-1	34
JAWAVG010000004	30175	30687	-1	35
JAWAVG010000004	30713	32293	1	36
JAWAVG010000004	32362	34311	1	37
JAWAVG010000004	34346	34549	1	38
JAWAVG010000004	34606	35871	-1	39
JAWAVG010000004	35892	37064	-1	40
JAWAVG010000004	37114	37833	1	41
JAWAVG010000004	37915	38733	1	42
JAWAVG010000004	38723	39397	-1	43
JAWAVG010000004	39478	39756	1	44
JAWAVG010000004	39708	40730	-1	45
JAWAVG010000004	40907	41539	-1	46
JAWAVG010000004	41613	42755	1	47
JAWAVG010000004	42792	43805	1	48
JAWAVG010000004	43802	44362	-1	49
JAWAVG010000004	44603	45067	1	50
JAWAVG010000004	45100	46497	-1	51
JAWAVG010000004	46482	47072	-1	52
JAWAVG010000004	47063	48994	-1	53
JAWAVG010000004	49028	49339	-1	54
JAWAVG010000004	49341	50261	-1	55
JAWAVG010000004	50249	51436	-1	56
JAWAVG010000004	51436	51867	-1	57
JAWAVG010000004	52045	52620	-1	58
JAWAVG010000004	52617	53153	-1	59
JAWAVG010000004	53206	53613	1	60
JAWAVG010000004	53738	55060	-1	61
JAWAVG010000004	55109	56305	1	62
JAWAVG010000004	56512	57411	-1	63
JAWAVG010000004	57594	57872	1	64
JAWAVG010000004	57847	58956	-1	65
JAWAVG010000004	58977	59156	-1	66
JAWAVG010000004	59222	59932	-1	67
JAWAVG010000004	60003	60275	1	68
JAWAVG010000004	60390	61400	1	69
JAWAVG010000004	61500	61922	1	70
JAWAVG010000004	61898	62290	1	71
JAWAVG010000004	62607	63869	1	72
JAWAVG010000004	63888	64592	-1	73
JAWAVG010000004	64685	66382	1	74
JAWAVG010000004	66432	66935	1	75
JAWAVG010000004	66947	67375	1	76
JAWAVG010000004	67402	69183	-1	77
JAWAVG010000004	69173	69637	-1	78
JAWAVG010000004	69685	70251	-1	79
JAWAVG010000004	70248	71051	-1	80
JAWAVG010000004	71081	72511	-1	81
JAWAVG010000004	72597	73457	1	82
JAWAVG010000004	73743	74927	1	83
JAWAVG010000004	75115	76470	1	84
JAWAVG010000004	76502	77185	1	85
JAWAVG010000004	77179	77622	1	86
JAWAVG010000004	77638	79431	-1	87
JAWAVG010000004	79507	79623	1	88
JAWAVG010000005	87	1115	1	1
JAWAVG010000005	1125	2312	-1	2
JAWAVG010000005	2309	3214	-1	3
JAWAVG010000005	3253	3957	-1	4
JAWAVG010000005	3967	5181	-1	5
JAWAVG010000005	5292	5981	1	6
JAWAVG010000005	6332	6739	1	7
JAWAVG010000005	6997	7869	-1	8
JAWAVG010000005	7870	8352	-1	9
JAWAVG010000005	8349	9140	-1	10
JAWAVG010000005	9260	10282	1	11
JAWAVG010000005	10448	10612	1	12
JAWAVG010000005	10602	11294	-1	13
JAWAVG010000005	11345	11470	1	14
JAWAVG010000005	11795	12430	-1	15
JAWAVG010000005	12765	13967	1	16
JAWAVG010000005	14562	15158	1	17
JAWAVG010000005	15164	16612	-1	18
JAWAVG010000005	16670	17068	1	19
JAWAVG010000005	17073	17507	-1	20
JAWAVG010000005	17558	18670	1	21
JAWAVG010000005	18680	19585	-1	22
JAWAVG010000005	19676	20332	1	23
JAWAVG010000005	20316	20960	1	24
JAWAVG010000005	20935	21606	-1	25
JAWAVG010000005	21641	22483	-1	26
JAWAVG010000005	22753	23010	1	27
JAWAVG010000005	23021	23431	1	28
JAWAVG010000005	23508	24416	1	29
JAWAVG010000005	24447	25382	1	30
JAWAVG010000005	25408	25665	1	31
JAWAVG010000005	25701	26168	1	32
JAWAVG010000005	26178	27479	1	33
JAWAVG010000005	27472	27825	-1	34
JAWAVG010000005	27842	28015	1	35
JAWAVG010000005	28047	28709	1	36
JAWAVG010000005	28741	29325	1	37
JAWAVG010000005	30455	31096	-1	38
JAWAVG010000005	32286	32453	1	39
JAWAVG010000005	33822	36086	1	40
JAWAVG010000005	36094	37449	1	41
JAWAVG010000005	37481	38074	1	42
JAWAVG010000005	38074	39354	1	43
JAWAVG010000005	39356	40243	-1	44
JAWAVG010000005	40329	40727	-1	45
JAWAVG010000005	40875	42218	1	46
JAWAVG010000005	42202	43074	1	47
JAWAVG010000005	43071	43229	-1	48
JAWAVG010000005	43262	43681	-1	49
JAWAVG010000005	43753	44391	1	50
JAWAVG010000005	44411	46321	1	51
JAWAVG010000005	46393	46830	1	52
JAWAVG010000005	46926	47420	-1	53
JAWAVG010000005	47829	48617	1	54
JAWAVG010000005	48742	49077	-1	55
JAWAVG010000005	49115	50203	-1	56
JAWAVG010000005	50200	50502	-1	57
JAWAVG010000005	50646	51356	-1	58
JAWAVG010000005	51384	52088	-1	59
JAWAVG010000005	52069	52599	-1	60
JAWAVG010000005	52589	53374	-1	61
JAWAVG010000005	53745	55538	1	62
JAWAVG010000005	55587	55979	1	63
JAWAVG010000005	55936	57207	1	64
JAWAVG010000005	57284	58042	-1	65
JAWAVG010000005	58039	58260	-1	66
JAWAVG010000005	58381	59376	1	67
JAWAVG010000005	59366	60655	1	68
JAWAVG010000005	60633	61853	-1	69
JAWAVG010000005	62088	62549	-1	70
JAWAVG010000005	62593	63414	1	71
JAWAVG010000005	63425	63556	1	72
JAWAVG010000006	2	598	-1	1
JAWAVG010000006	657	929	-1	2
JAWAVG010000006	926	1609	-1	3
JAWAVG010000006	1633	2328	-1	4
JAWAVG010000006	2453	3157	1	5
JAWAVG010000006	3154	4374	1	6
JAWAVG010000006	4334	5092	-1	7
JAWAVG010000006	5097	6206	-1	8
JAWAVG010000006	6351	7247	1	9
JAWAVG010000006	7317	8837	1	10
JAWAVG010000006	8972	9805	1	11
JAWAVG010000006	9894	10979	1	12
JAWAVG010000006	11159	11383	1	13
JAWAVG010000006	11367	11795	1	14
JAWAVG010000006	11740	12669	-1	15
JAWAVG010000006	12722	13414	1	16
JAWAVG010000006	13538	14413	1	17
JAWAVG010000006	14463	15233	1	18
JAWAVG010000006	15215	16054	1	19
JAWAVG010000006	16051	16857	1	20
JAWAVG010000006	16883	18187	1	21
JAWAVG010000006	18258	18839	1	22
JAWAVG010000006	18944	20395	1	23
JAWAVG010000006	20392	21081	-1	24
JAWAVG010000006	21106	21663	-1	25
JAWAVG010000006	21664	22194	-1	26
JAWAVG010000006	22271	22891	1	27
JAWAVG010000006	22866	23219	1	28
JAWAVG010000006	23251	24132	-1	29
JAWAVG010000006	24305	25135	1	30
JAWAVG010000006	25114	25341	1	31
JAWAVG010000006	25712	26128	1	32
JAWAVG010000006	26545	26976	1	33
JAWAVG010000006	27056	27733	1	34
JAWAVG010000006	27642	29360	-1	35
JAWAVG010000006	29363	29584	-1	36
JAWAVG010000006	29645	31336	1	37
JAWAVG010000006	31569	32651	1	38
JAWAVG010000006	32607	34181	-1	39
JAWAVG010000006	34230	35735	1	40
JAWAVG010000006	35722	36471	-1	41
JAWAVG010000006	36712	37845	1	42
JAWAVG010000006	37834	38751	-1	43
JAWAVG010000006	38900	39817	-1	44
JAWAVG010000006	39911	40471	1	45
JAWAVG010000006	40468	41499	-1	46
JAWAVG010000006	41522	43534	-1	47
JAWAVG010000006	43581	44576	-1	48
JAWAVG010000006	44652	44939	1	49
JAWAVG010000006	44926	45381	1	50
JAWAVG010000006	45391	45915	1	51
JAWAVG010000006	45912	47384	1	52
JAWAVG010000006	47295	49268	-1	53
JAWAVG010000006	49360	50283	-1	54
JAWAVG010000006	50334	50663	1	55
JAWAVG010000006	50660	50890	1	56
JAWAVG010000006	50887	51321	1	57
JAWAVG010000006	51351	51890	1	58
JAWAVG010000006	51856	52983	-1	59
JAWAVG010000006	52955	53638	-1	60
JAWAVG010000006	53697	55535	1	61
JAWAVG010000006	55567	56130	1	62
JAWAVG010000006	56276	57079	-1	63
JAWAVG010000007	1	1152	1	1
JAWAVG010000007	1149	1676	1	2
JAWAVG010000007	1673	3001	1	3
JAWAVG010000007	2967	3299	-1	4
JAWAVG010000007	3395	3730	1	5
JAWAVG010000007	3774	4355	1	6
JAWAVG010000007	4572	5378	1	7
JAWAVG010000007	5375	6094	-1	8
JAWAVG010000007	6149	7270	1	9
JAWAVG010000007	7270	8355	1	10
JAWAVG010000007	8352	9314	1	11
JAWAVG010000007	9364	9795	-1	12
JAWAVG010000007	9810	9998	-1	13
JAWAVG010000007	10015	10233	-1	14
JAWAVG010000007	10504	12708	-1	15
JAWAVG010000007	12919	13473	-1	16
JAWAVG010000007	13478	13744	-1	17
JAWAVG010000007	13800	14282	1	18
JAWAVG010000007	14379	15692	1	19
JAWAVG010000007	15812	16018	1	20
JAWAVG010000007	16048	16269	-1	21
JAWAVG010000007	16270	16635	-1	22
JAWAVG010000007	17004	17549	1	23
JAWAVG010000007	17546	17926	1	24
JAWAVG010000007	17923	18585	-1	25
JAWAVG010000007	18560	19510	-1	26
JAWAVG010000007	19725	19994	1	27
JAWAVG010000007	20081	21742	1	28
JAWAVG010000007	22708	22968	1	29
JAWAVG010000007	22947	24272	1	30
JAWAVG010000007	24374	25642	1	31
JAWAVG010000007	26272	26868	1	32
JAWAVG010000007	26865	27263	-1	33
JAWAVG010000007	27685	29307	-1	34
JAWAVG010000007	29829	30404	-1	35
JAWAVG010000007	30485	31525	-1	36
JAWAVG010000007	31522	32241	-1	37
JAWAVG010000007	32343	33689	1	38
JAWAVG010000007	33704	35491	1	39
JAWAVG010000007	35488	36150	-1	40
JAWAVG010000007	36159	36443	-1	41
JAWAVG010000007	36455	36610	-1	42
JAWAVG010000007	36607	36966	-1	43
JAWAVG010000007	36993	37457	-1	44
JAWAVG010000007	37536	38573	-1	45
JAWAVG010000007	38584	39624	-1	46
JAWAVG010000007	39584	39886	-1	47
JAWAVG010000007	39858	40220	-1	48
JAWAVG010000007	40255	40521	-1	49
JAWAVG010000007	40508	41080	-1	50
JAWAVG010000007	41501	43006	1	51
JAWAVG010000008	3	308	-1	1
JAWAVG010000008	321	773	-1	2
JAWAVG010000008	839	1045	-1	3
JAWAVG010000008	1238	1630	-1	4
JAWAVG010000008	1640	1804	-1	5
JAWAVG010000008	1806	2339	-1	6
JAWAVG010000008	2495	3301	-1	7
JAWAVG010000008	3298	3696	-1	8
JAWAVG010000008	3761	4153	-1	9
JAWAVG010000008	4364	4819	1	10
JAWAVG010000008	4816	6252	1	11
JAWAVG010000008	6428	6640	1	12
JAWAVG010000008	6698	6805	1	13
JAWAVG010000008	7115	7789	1	14
JAWAVG010000008	7898	8875	1	15
JAWAVG010000008	8868	9668	1	16
JAWAVG010000008	9647	9907	1	17
JAWAVG010000008	9919	10662	1	18
JAWAVG010000008	10716	11135	1	19
JAWAVG010000008	11181	11693	1	20
JAWAVG010000008	11690	12340	1	21
JAWAVG010000008	12337	13227	1	22
JAWAVG010000008	13271	15994	1	23
JAWAVG010000008	15963	16733	1	24
JAWAVG010000008	16672	17034	1	25
JAWAVG010000008	17027	17605	1	26
JAWAVG010000008	17617	18675	1	27
JAWAVG010000008	18685	20487	-1	28
JAWAVG010000008	20529	20804	-1	29
JAWAVG010000008	20931	21665	1	30
JAWAVG010000008	21670	22224	1	31
JAWAVG010000008	22221	22802	-1	32
JAWAVG010000008	22822	23964	-1	33
JAWAVG010000008	24062	24874	1	34
JAWAVG010000008	24984	25262	1	35
JAWAVG010000008	25275	25604	1	36
JAWAVG010000008	25626	26681	1	37
JAWAVG010000008	26742	27356	1	38
JAWAVG010000008	27375	28934	1	39
JAWAVG010000008	28938	29141	1	40
JAWAVG010000008	29125	29490	1	41
JAWAVG010000008	29881	30159	-1	42
JAWAVG010000008	30604	31773	-1	43
JAWAVG010000008	31912	32811	1	44
JAWAVG010000008	32971	33663	-1	45
JAWAVG010000008	33717	34826	1	46
JAWAVG010000008	34835	35902	1	47
JAWAVG010000008	35841	36740	-1	48
JAWAVG010000008	36737	37771	-1	49
JAWAVG010000008	37849	38520	1	50
JAWAVG010000009	51	707	1	1
JAWAVG010000009	801	2732	1	2
JAWAVG010000009	2720	7219	1	3
JAWAVG010000009	7222	8154	-1	4
JAWAVG010000009	8191	9603	-1	5
JAWAVG010000009	9610	10959	-1	6
JAWAVG010000009	11060	12055	1	7
JAWAVG010000009	12170	13678	-1	8
JAWAVG010000009	13675	14688	-1	9
JAWAVG010000009	14744	15505	1	10
JAWAVG010000009	15542	16144	-1	11
JAWAVG010000009	16228	17328	1	12
JAWAVG010000009	17306	17917	-1	13
JAWAVG010000009	18005	18361	-1	14
JAWAVG010000009	18384	19061	-1	15
JAWAVG010000009	19202	20053	1	16
JAWAVG010000009	20066	20749	1	17
JAWAVG010000009	20746	21504	1	18
JAWAVG010000009	21508	21960	-1	19
JAWAVG010000009	22160	23185	-1	20
JAWAVG010000009	23306	24085	-1	21
JAWAVG010000009	24110	24643	-1	22
JAWAVG010000009	24667	25533	-1	23
JAWAVG010000009	25922	28822	-1	24
JAWAVG010000009	28851	29555	-1	25
JAWAVG010000009	29608	30615	1	26
JAWAVG010000009	30612	31610	1	27
JAWAVG010000009	31654	32907	-1	28
JAWAVG010000009	32950	33750	-1	29
JAWAVG010000009	33929	34780	-1	30
JAWAVG010000009	34777	35577	-1	31
JAWAVG010000009	35579	36328	-1	32
JAWAVG010000010	107	1174	-1	1
JAWAVG010000010	1176	1982	-1	2
JAWAVG010000010	1979	2815	-1	3
JAWAVG010000010	2853	4211	-1	4
JAWAVG010000010	4402	5475	1	5
JAWAVG010000010	5468	7618	1	6
JAWAVG010000010	7687	8622	-1	7
JAWAVG010000010	8644	9624	-1	8
JAWAVG010000010	9710	10393	1	9
JAWAVG010000010	10393	11367	1	10
JAWAVG010000010	11539	12543	-1	11
JAWAVG010000010	12635	13024	-1	12
JAWAVG010000010	13028	13243	-1	13
JAWAVG010000010	13274	14500	1	14
JAWAVG010000010	14504	15529	1	15
JAWAVG010000010	15568	17304	1	16
JAWAVG010000010	17294	18034	1	17
JAWAVG010000010	18024	18575	1	18
JAWAVG010000010	18550	21426	-1	19
JAWAVG010000010	21484	22194	1	20
JAWAVG010000010	22229	23647	1	21
JAWAVG010000010	23741	25099	1	22
JAWAVG010000010	25190	25441	-1	23
JAWAVG010000010	25446	26708	-1	24
JAWAVG010000010	26714	27229	-1	25
JAWAVG010000010	27442	27798	1	26
JAWAVG010000010	27800	28762	1	27
JAWAVG010000010	28835	29596	-1	28
JAWAVG010000010	29966	30079	1	29
JAWAVG010000010	30338	30856	-1	30
JAWAVG010000010	30906	31211	-1	31
JAWAVG010000010	31220	32215	-1	32
JAWAVG010000010	32215	32679	-1	33
JAWAVG010000011	1	141	1	1
JAWAVG010000011	314	703	1	2
JAWAVG010000011	690	1007	1	3
JAWAVG010000011	1072	1593	-1	4
JAWAVG010000011	1728	2222	1	5
JAWAVG010000011	2234	3031	-1	6
JAWAVG010000011	3158	4348	1	7
JAWAVG010000011	4345	5334	-1	8
JAWAVG010000011	5414	6151	-1	9
JAWAVG010000011	6298	6534	1	10
JAWAVG010000011	6498	6977	1	11
JAWAVG010000011	6925	8166	-1	12
JAWAVG010000011	8252	9148	1	13
JAWAVG010000011	9112	10248	-1	14
JAWAVG010000011	10328	11545	-1	15
JAWAVG010000011	11596	12396	1	16
JAWAVG010000011	12393	13241	1	17
JAWAVG010000011	13428	14087	-1	18
JAWAVG010000011	14235	14813	-1	19
JAWAVG010000011	15187	16194	1	20
JAWAVG010000011	16230	17342	-1	21
JAWAVG010000011	17389	18351	1	22
JAWAVG010000011	18356	19291	1	23
JAWAVG010000011	19281	20492	1	24
JAWAVG010000011	20489	21175	-1	25
JAWAVG010000011	21177	22133	-1	26
JAWAVG010000011	22345	23826	1	27
JAWAVG010000011	23859	24365	-1	28
JAWAVG010000011	24698	26935	1	29
JAWAVG010000011	27481	27714	-1	30
JAWAVG010000012	4	1215	-1	1
JAWAVG010000012	1272	2486	1	2
JAWAVG010000012	2529	3374	1	3
JAWAVG010000012	3362	4201	1	4
JAWAVG010000012	4198	4980	1	5
JAWAVG010000012	5017	5949	1	6
JAWAVG010000012	6023	6583	1	7
JAWAVG010000012	6540	7010	1	8
JAWAVG010000012	7007	7756	1	9
JAWAVG010000012	7753	8058	1	10
JAWAVG010000012	8188	8907	1	11
JAWAVG010000012	8958	10841	1	12
JAWAVG010000012	10819	10995	-1	13
JAWAVG010000012	11091	11378	1	14
JAWAVG010000012	11379	12008	1	15
JAWAVG010000012	12021	13583	-1	16
JAWAVG010000012	13818	14180	1	17
JAWAVG010000012	14218	14589	1	18
JAWAVG010000012	14569	15198	-1	19
JAWAVG010000012	15320	15820	1	20
JAWAVG010000012	16087	17700	1	21
JAWAVG010000012	17732	18118	1	22
JAWAVG010000012	18115	18573	1	23
JAWAVG010000012	18574	18762	-1	24
JAWAVG010000012	18829	19080	1	25
JAWAVG010000012	19148	20374	1	26
JAWAVG010000012	20393	22369	-1	27
JAWAVG010000012	22551	23423	-1	28
JAWAVG010000012	23506	24114	1	29
JAWAVG010000012	24120	24587	1	30
JAWAVG010000012	24597	24824	-1	31
JAWAVG010000013	3	1271	1	1
JAWAVG010000013	1320	1952	-1	2
JAWAVG010000013	1983	3014	-1	3
JAWAVG010000013	3066	3992	1	4
JAWAVG010000013	3979	5085	-1	5
JAWAVG010000013	5109	5330	-1	6
JAWAVG010000013	5381	7633	1	7
JAWAVG010000013	7604	8341	-1	8
JAWAVG010000013	8512	9912	-1	9
JAWAVG010000013	9909	10469	-1	10
JAWAVG010000013	10505	10903	-1	11
JAWAVG010000013	10967	11833	-1	12
JAWAVG010000013	11833	12090	-1	13
JAWAVG010000013	12222	13439	1	14
JAWAVG010000013	13446	14063	1	15
JAWAVG010000013	14082	14639	1	16
JAWAVG010000013	14585	15271	1	17
JAWAVG010000013	15304	15597	1	18
JAWAVG010000013	15594	15959	1	19
JAWAVG010000013	15956	16423	1	20
JAWAVG010000013	16413	16706	-1	21
JAWAVG010000013	16728	17069	-1	22
JAWAVG010000013	17160	17603	1	23
JAWAVG010000013	17600	19207	1	24
JAWAVG010000013	19257	19994	-1	25
JAWAVG010000013	20040	20423	-1	26
JAWAVG010000013	20476	20790	1	27
JAWAVG010000013	20787	22673	-1	28
JAWAVG010000013	22670	24043	-1	29
JAWAVG010000013	24050	24205	-1	30
JAWAVG010000013	24219	24359	-1	31
JAWAVG010000014	2	196	1	1
JAWAVG010000014	290	862	1	2
JAWAVG010000014	903	2288	1	3
JAWAVG010000014	2290	3642	1	4
JAWAVG010000014	3581	5773	1	5
JAWAVG010000014	5793	7184	-1	6
JAWAVG010000014	7271	8248	1	7
JAWAVG010000014	8202	9065	-1	8
JAWAVG010000014	9132	9845	1	9
JAWAVG010000014	9842	10741	1	10
JAWAVG010000014	10676	11395	-1	11
JAWAVG010000014	11471	13000	1	12
JAWAVG010000014	13003	15207	-1	13
JAWAVG010000014	15266	17533	-1	14
JAWAVG010000014	17583	18389	1	15
JAWAVG010000014	18428	20626	1	16
JAWAVG010000014	20714	21415	1	17
JAWAVG010000014	21460	23082	-1	18
JAWAVG010000014	23079	23543	-1	19
JAWAVG010000014	23581	23853	1	20
JAWAVG010000015	83	556	-1	1
JAWAVG010000015	560	997	-1	2
JAWAVG010000015	1100	1663	1	3
JAWAVG010000015	1656	1940	1	4
JAWAVG010000015	1945	3144	1	5
JAWAVG010000015	3146	4075	1	6
JAWAVG010000015	4161	7790	1	7
JAWAVG010000015	7783	8316	1	8
JAWAVG010000015	8363	8653	-1	9
JAWAVG010000015	8750	9331	1	10
JAWAVG010000015	9872	10810	1	11
JAWAVG010000015	10835	11269	1	12
JAWAVG010000015	11362	11934	1	13
JAWAVG010000015	11949	12437	1	14
JAWAVG010000015	12504	14150	1	15
JAWAVG010000015	14211	14468	1	16
JAWAVG010000015	14461	14817	-1	17
JAWAVG010000015	14904	15413	1	18
JAWAVG010000015	15538	15816	1	19
JAWAVG010000015	15877	16149	-1	20
JAWAVG010000015	16153	16503	-1	21
JAWAVG010000015	16500	16895	-1	22
JAWAVG010000015	16980	17207	1	23
JAWAVG010000015	17276	18568	1	24
JAWAVG010000015	18541	19245	1	25
JAWAVG010000015	19265	19468	1	26
JAWAVG010000015	19449	21860	1	27
JAWAVG010000015	21912	22124	1	28
JAWAVG010000015	22376	22450	-1	29
JAWAVG010000016	1	84	1	1
JAWAVG010000016	158	832	-1	2
JAWAVG010000016	857	2281	-1	3
JAWAVG010000016	2304	2594	-1	4
JAWAVG010000016	2639	3505	-1	5
JAWAVG010000016	3521	4309	-1	6
JAWAVG010000016	4360	5688	1	7
JAWAVG010000016	5685	6134	-1	8
JAWAVG010000016	6220	7044	1	9
JAWAVG010000016	7110	10304	1	10
JAWAVG010000016	10314	11453	1	11
JAWAVG010000016	11456	14719	-1	12
JAWAVG010000016	14716	17388	-1	13
JAWAVG010000016	17394	18152	-1	14
JAWAVG010000016	18246	20213	1	15
JAWAVG010000016	20240	20512	1	16
JAWAVG010000016	20509	20778	-1	17
JAWAVG010000016	20823	21497	-1	18
JAWAVG010000016	21490	21624	-1	19
JAWAVG010000016	21621	22007	-1	20
JAWAVG010000016	21994	22101	-1	21
JAWAVG010000017	45	440	1	1
JAWAVG010000017	427	771	1	2
JAWAVG010000017	1246	1671	-1	3
JAWAVG010000017	1613	1765	-1	4
JAWAVG010000017	2364	3572	1	5
JAWAVG010000017	3949	4809	1	6
JAWAVG010000017	4806	6119	1	7
JAWAVG010000017	6896	8818	-1	8
JAWAVG010000017	8815	8976	-1	9
JAWAVG010000017	8969	9298	-1	10
JAWAVG010000017	9389	10165	-1	11
JAWAVG010000017	10171	11175	-1	12
JAWAVG010000017	11172	11876	-1	13
JAWAVG010000017	13187	14050	-1	14
JAWAVG010000017	14051	15088	-1	15
JAWAVG010000017	15028	15687	-1	16
JAWAVG010000017	15684	16400	-1	17
JAWAVG010000017	16370	18673	-1	18
JAWAVG010000017	18654	19670	-1	19
JAWAVG010000017	19654	20568	-1	20
JAWAVG010000017	20565	20936	-1	21
JAWAVG010000018	251	1411	1	1
JAWAVG010000018	1565	2458	1	2
JAWAVG010000018	2455	3303	1	3
JAWAVG010000018	3303	4082	1	4
JAWAVG010000018	4227	4496	1	5
JAWAVG010000018	4474	4887	1	6
JAWAVG010000018	4926	7652	1	7
JAWAVG010000018	7695	8330	1	8
JAWAVG010000018	8378	9571	1	9
JAWAVG010000018	9597	10064	1	10
JAWAVG010000018	10242	10811	-1	11
JAWAVG010000018	10804	11088	-1	12
JAWAVG010000018	11137	12354	-1	13
JAWAVG010000018	12436	12651	-1	14
JAWAVG010000018	12727	13488	1	15
JAWAVG010000018	13459	13746	-1	16
JAWAVG010000018	13756	14034	-1	17
JAWAVG010000018	14058	14936	-1	18
JAWAVG010000018	14975	16348	-1	19
JAWAVG010000018	16477	17565	1	20
JAWAVG010000018	17686	18705	1	21
JAWAVG010000018	18802	19692	1	22
JAWAVG010000019	161	565	-1	1
JAWAVG010000019	567	1736	-1	2
JAWAVG010000019	1739	2773	-1	3
JAWAVG010000019	2839	3384	1	4
JAWAVG010000019	3463	4695	1	5
JAWAVG010000019	4756	5511	1	6
JAWAVG010000019	5528	5947	1	7
JAWAVG010000019	5948	6667	-1	8
JAWAVG010000019	6853	7881	1	9
JAWAVG010000019	8140	9357	-1	10
JAWAVG010000019	9373	11187	-1	11
JAWAVG010000019	11191	11508	-1	12
JAWAVG010000019	11547	12491	-1	13
JAWAVG010000019	12573	13154	1	14
JAWAVG010000019	13151	14974	-1	15
JAWAVG010000019	15023	15493	-1	16
JAWAVG010000019	15524	16699	-1	17
JAWAVG010000019	16720	17367	-1	18
JAWAVG010000019	17389	17865	-1	19
JAWAVG010000019	17867	18577	-1	20
JAWAVG010000019	18552	19664	-1	21
JAWAVG010000020	354	3185	-1	1
JAWAVG010000020	3244	4527	-1	2
JAWAVG010000020	4576	5211	-1	3
JAWAVG010000020	5282	5707	1	4
JAWAVG010000020	5733	6527	1	5
JAWAVG010000020	6524	6922	1	6
JAWAVG010000020	6900	7076	-1	7
JAWAVG010000020	7082	7750	-1	8
JAWAVG010000020	7840	8385	1	9
JAWAVG010000020	8489	9274	1	10
JAWAVG010000020	9271	10299	-1	11
JAWAVG010000020	10390	11196	1	12
JAWAVG010000020	11193	12230	1	13
JAWAVG010000020	12231	13304	-1	14
JAWAVG010000020	13348	14424	-1	15
JAWAVG010000020	14421	15512	-1	16
JAWAVG010000020	15530	16243	1	17
JAWAVG010000020	16256	16942	1	18
JAWAVG010000020	16939	18252	-1	19
JAWAVG010000020	18287	18994	-1	20
JAWAVG010000020	19032	19304	-1	21
JAWAVG010000020	19493	19618	1	22
JAWAVG010000021	50	856	-1	1
JAWAVG010000021	856	1797	-1	2
JAWAVG010000021	1868	2659	-1	3
JAWAVG010000021	2656	3552	-1	4
JAWAVG010000021	3732	4526	-1	5
JAWAVG010000021	4555	5478	-1	6
JAWAVG010000021	5535	6692	1	7
JAWAVG010000021	6726	6935	1	8
JAWAVG010000021	6932	7660	1	9
JAWAVG010000021	7641	8051	-1	10
JAWAVG010000021	8136	8408	1	11
JAWAVG010000021	8473	8685	1	12
JAWAVG010000021	8648	9118	-1	13
JAWAVG010000021	9209	11326	-1	14
JAWAVG010000021	11422	11880	1	15
JAWAVG010000021	11873	12859	-1	16
JAWAVG010000021	12933	14090	1	17
JAWAVG010000021	14358	15164	1	18
JAWAVG010000021	15161	16237	-1	19
JAWAVG010000021	16224	16961	-1	20
JAWAVG010000021	17023	17868	1	21
JAWAVG010000021	18291	18704	1	22
JAWAVG010000022	3	401	-1	1
JAWAVG010000022	398	1255	-1	2
JAWAVG010000022	1240	2166	-1	3
JAWAVG010000022	2251	3222	1	4
JAWAVG010000022	3614	4000	1	5
JAWAVG010000022	4050	4262	1	6
JAWAVG010000022	4311	4682	1	7
JAWAVG010000022	4644	5162	-1	8
JAWAVG010000022	5146	6228	-1	9
JAWAVG010000022	6303	6674	1	10
JAWAVG010000022	6671	8017	-1	11
JAWAVG010000022	8112	8753	-1	12
JAWAVG010000022	8875	9960	1	13
JAWAVG010000022	10036	11028	1	14
JAWAVG010000022	11034	11795	1	15
JAWAVG010000022	11792	12538	1	16
JAWAVG010000022	12550	12765	-1	17
JAWAVG010000022	12785	14221	-1	18
JAWAVG010000022	14356	15315	-1	19
JAWAVG010000022	15488	16105	1	20
JAWAVG010000022	16115	16405	1	21
JAWAVG010000022	16412	17143	1	22
JAWAVG010000022	17146	17862	1	23
JAWAVG010000022	17965	18291	-1	24
JAWAVG010000022	18291	18368	-1	25
JAWAVG010000023	130	1236	-1	1
JAWAVG010000023	1315	1911	1	2
JAWAVG010000023	1917	2108	1	3
JAWAVG010000023	2116	3063	1	4
JAWAVG010000023	3060	4709	-1	5
JAWAVG010000023	4761	4958	1	6
JAWAVG010000023	5059	5538	1	7
JAWAVG010000023	5586	6920	1	8
JAWAVG010000023	6868	7338	-1	9
JAWAVG010000023	7373	8086	-1	10
JAWAVG010000023	8067	8447	-1	11
JAWAVG010000023	8775	9389	-1	12
JAWAVG010000023	9389	10000	-1	13
JAWAVG010000023	9960	10424	-1	14
JAWAVG010000023	10461	11645	-1	15
JAWAVG010000023	11871	12860	1	16
JAWAVG010000023	12874	14157	-1	17
JAWAVG010000023	14503	15792	-1	18
JAWAVG010000023	15888	16628	1	19
JAWAVG010000023	16608	16952	-1	20
JAWAVG010000023	16987	17475	-1	21
JAWAVG010000024	3	119	1	1
JAWAVG010000024	303	743	-1	2
JAWAVG010000024	733	1668	-1	3
JAWAVG010000024	1750	1893	-1	4
JAWAVG010000024	2453	2977	1	5
JAWAVG010000024	3125	3307	1	6
JAWAVG010000024	3341	4225	1	7
JAWAVG010000024	4421	4639	1	8
JAWAVG010000024	4672	6264	1	9
JAWAVG010000024	6312	6980	1	10
JAWAVG010000024	7282	9945	1	11
JAWAVG010000024	10371	10646	-1	12
JAWAVG010000024	10745	10936	1	13
JAWAVG010000024	10978	11943	-1	14
JAWAVG010000024	11950	12792	-1	15
JAWAVG010000024	12794	13846	-1	16
JAWAVG010000024	13852	14676	-1	17
JAWAVG010000024	14752	16761	1	18
JAWAVG010000025	2	958	-1	1
JAWAVG010000025	1474	1749	1	2
JAWAVG010000025	1721	2206	1	3
JAWAVG010000025	2407	3528	-1	4
JAWAVG010000025	3703	5631	1	5
JAWAVG010000025	5739	6419	-1	6
JAWAVG010000025	6546	7910	1	7
JAWAVG010000025	8083	8676	1	8
JAWAVG010000025	8705	9109	1	9
JAWAVG010000025	9165	10502	1	10
JAWAVG010000025	10547	12508	-1	11
JAWAVG010000025	12688	13716	1	12
JAWAVG010000025	13844	14842	-1	13
JAWAVG010000025	14906	16120	1	14
JAWAVG010000025	16203	16547	-1	15
JAWAVG010000026	2	196	-1	1
JAWAVG010000026	253	2040	-1	2
JAWAVG010000026	2046	3518	-1	3
JAWAVG010000026	3603	5663	1	4
JAWAVG010000026	5731	6219	-1	5
JAWAVG010000026	6271	8184	1	6
JAWAVG010000026	8190	12644	1	7
JAWAVG010000026	12658	13701	-1	8
JAWAVG010000026	13824	14099	1	9
JAWAVG010000026	14074	14289	-1	10
JAWAVG010000026	14270	14758	-1	11
JAWAVG010000026	14800	15222	1	12
JAWAVG010000026	15226	15990	1	13
JAWAVG010000026	15987	16469	-1	14
JAWAVG010000027	3	338	1	1
JAWAVG010000027	398	1564	1	2
JAWAVG010000027	1545	4703	-1	3
JAWAVG010000027	4778	5806	1	4
JAWAVG010000027	5849	6523	1	5
JAWAVG010000027	6541	8646	-1	6
JAWAVG010000027	8699	9244	1	7
JAWAVG010000027	9237	9497	1	8
JAWAVG010000027	9502	10677	1	9
JAWAVG010000027	10671	11588	1	10
JAWAVG010000027	11585	12814	-1	11
JAWAVG010000027	12956	15103	-1	12
JAWAVG010000027	15078	15329	-1	13
JAWAVG010000027	15335	15952	-1	14
JAWAVG010000027	16006	16116	-1	15
JAWAVG010000028	2	532	1	1
JAWAVG010000028	529	870	-1	2
JAWAVG010000028	933	1658	-1	3
JAWAVG010000028	1708	2976	-1	4
JAWAVG010000028	3173	4870	1	5
JAWAVG010000028	4863	5699	1	6
JAWAVG010000028	5811	6698	-1	7
JAWAVG010000028	6695	7804	-1	8
JAWAVG010000028	7862	8611	1	9
JAWAVG010000028	8608	9672	-1	10
JAWAVG010000028	9642	10613	-1	11
JAWAVG010000028	10743	12815	-1	12
JAWAVG010000028	12960	13955	1	13
JAWAVG010000028	13942	14775	1	14
JAWAVG010000028	14738	15541	1	15
JAWAVG010000029	3	1187	1	1
JAWAVG010000029	1225	2145	1	2
JAWAVG010000029	2142	2570	-1	3
JAWAVG010000029	2567	2794	-1	4
JAWAVG010000029	2914	4269	1	5
JAWAVG010000029	4276	5226	-1	6
JAWAVG010000029	5317	6063	1	7
JAWAVG010000029	6074	6874	1	8
JAWAVG010000029	6871	7257	1	9
JAWAVG010000029	7254	8279	-1	10
JAWAVG010000029	8371	9399	-1	11
JAWAVG010000029	9442	10587	-1	12
JAWAVG010000029	10643	11251	1	13
JAWAVG010000029	11234	11557	-1	14
JAWAVG010000029	11597	13501	-1	15
JAWAVG010000029	13574	14593	1	16
JAWAVG010000029	14628	15185	1	17
JAWAVG010000029	15200	15346	-1	18
JAWAVG010000030	1	276	1	1
JAWAVG010000030	376	810	1	2
JAWAVG010000030	818	1612	1	3
JAWAVG010000030	1609	5373	1	4
JAWAVG010000030	5379	7619	1	5
JAWAVG010000030	7622	8701	1	6
JAWAVG010000030	9044	9208	1	7
JAWAVG010000030	9274	9486	1	8
JAWAVG010000030	9517	9765	1	9
JAWAVG010000030	9773	9934	1	10
JAWAVG010000030	10165	11139	-1	11
JAWAVG010000030	11225	12715	-1	12
JAWAVG010000030	12839	13480	1	13
JAWAVG010000030	13470	14063	-1	14
JAWAVG010000030	14094	14861	-1	15
JAWAVG010000030	14858	14935	-1	16
JAWAVG010000031	112	573	1	1
JAWAVG010000031	714	1805	-1	2
JAWAVG010000031	2324	3976	-1	3
JAWAVG010000031	3994	4638	1	4
JAWAVG010000031	4644	5507	1	5
JAWAVG010000031	5976	6296	1	6
JAWAVG010000031	6395	7510	1	7
JAWAVG010000031	7887	10997	-1	8
JAWAVG010000031	11070	12224	-1	9
JAWAVG010000031	12425	13528	-1	10
JAWAVG010000031	14158	14778	-1	11
JAWAVG010000032	8	262	-1	1
JAWAVG010000032	268	1275	-1	2
JAWAVG010000032	1272	2246	-1	3
JAWAVG010000032	2368	2871	-1	4
JAWAVG010000032	3366	3593	-1	5
JAWAVG010000032	3840	4118	-1	6
JAWAVG010000032	4069	4398	-1	7
JAWAVG010000032	4774	6672	-1	8
JAWAVG010000032	6669	6899	-1	9
JAWAVG010000032	7651	8925	1	10
JAWAVG010000032	9021	9641	1	11
JAWAVG010000032	9690	9962	-1	12
JAWAVG010000032	10106	11911	-1	13
JAWAVG010000032	11911	12381	-1	14
JAWAVG010000032	12456	13232	-1	15
JAWAVG010000032	13282	13494	1	16
JAWAVG010000032	13475	13795	-1	17
JAWAVG010000032	14075	14278	-1	18
JAWAVG010000032	14427	14531	-1	19
JAWAVG010000033	3	1646	1	1
JAWAVG010000033	1650	3551	-1	2
JAWAVG010000033	3588	4670	-1	3
JAWAVG010000033	4773	5267	-1	4
JAWAVG010000033	5312	6181	1	5
JAWAVG010000033	6246	6953	1	6
JAWAVG010000033	7088	8041	1	7
JAWAVG010000033	8104	9906	-1	8
JAWAVG010000033	9908	11377	-1	9
JAWAVG010000033	11479	12702	1	10
JAWAVG010000033	12846	13061	-1	11
JAWAVG010000033	13099	14154	-1	12
JAWAVG010000033	14332	14526	-1	13
JAWAVG010000034	3	287	-1	1
JAWAVG010000034	289	795	-1	2
JAWAVG010000034	1064	1399	1	3
JAWAVG010000034	1396	1599	1	4
JAWAVG010000034	2458	3132	1	5
JAWAVG010000034	3123	5252	1	6
JAWAVG010000034	5278	6336	1	7
JAWAVG010000034	6423	6614	-1	8
JAWAVG010000034	6620	7597	-1	9
JAWAVG010000034	7603	8574	-1	10
JAWAVG010000034	8567	9454	-1	11
JAWAVG010000034	9451	10452	-1	12
JAWAVG010000034	10498	12306	-1	13
JAWAVG010000034	12613	12789	1	14
JAWAVG010000034	13024	13395	-1	15
JAWAVG010000034	13432	14196	1	16
JAWAVG010000035	3	362	-1	1
JAWAVG010000035	542	1504	1	2
JAWAVG010000035	1711	1947	-1	3
JAWAVG010000035	2174	2434	-1	4
JAWAVG010000035	3269	4309	-1	5
JAWAVG010000035	4617	5090	-1	6
JAWAVG010000035	5087	5998	-1	7
JAWAVG010000035	6308	6574	-1	8
JAWAVG010000035	6928	7110	-1	9
JAWAVG010000035	7227	8408	-1	10
JAWAVG010000035	8531	9409	-1	11
JAWAVG010000035	9522	10031	-1	12
JAWAVG010000035	10457	10858	1	13
JAWAVG010000035	10837	11253	1	14
JAWAVG010000035	11901	12128	1	15
JAWAVG010000035	12125	12574	1	16
JAWAVG010000036	1	2061	-1	1
JAWAVG010000036	2126	6727	-1	2
JAWAVG010000036	6829	8706	1	3
JAWAVG010000036	8789	11014	1	4
JAWAVG010000036	11203	12600	1	5
JAWAVG010000036	12616	13014	1	6
JAWAVG010000037	1	99	-1	1
JAWAVG010000037	84	464	-1	2
JAWAVG010000037	454	1707	-1	3
JAWAVG010000037	1707	3470	-1	4
JAWAVG010000037	3460	4614	-1	5
JAWAVG010000037	4615	6042	-1	6
JAWAVG010000037	6245	8137	-1	7
JAWAVG010000037	8119	8808	-1	8
JAWAVG010000037	8747	9799	-1	9
JAWAVG010000037	9792	10094	-1	10
JAWAVG010000037	10096	11454	-1	11
JAWAVG010000037	11411	12139	-1	12
JAWAVG010000037	12193	12621	-1	13
JAWAVG010000037	12572	12697	-1	14
JAWAVG010000037	12769	12945	-1	15
JAWAVG010000038	3	908	-1	1
JAWAVG010000038	992	2512	1	2
JAWAVG010000038	2549	3025	-1	3
JAWAVG010000038	3029	4069	-1	4
JAWAVG010000038	4143	5372	-1	5
JAWAVG010000038	5374	5607	-1	6
JAWAVG010000038	5604	6122	-1	7
JAWAVG010000038	6213	6770	-1	8
JAWAVG010000038	6982	7434	1	9
JAWAVG010000038	7521	7751	1	10
JAWAVG010000038	7870	8529	1	11
JAWAVG010000038	8526	8762	1	12
JAWAVG010000038	8770	11148	1	13
JAWAVG010000038	11208	11465	1	14
JAWAVG010000038	11449	11856	1	15
JAWAVG010000038	11878	12258	1	16
JAWAVG010000039	1	1476	1	1
JAWAVG010000039	1512	2801	1	2
JAWAVG010000039	2833	3189	1	3
JAWAVG010000039	3186	3749	1	4
JAWAVG010000039	3746	4702	1	5
JAWAVG010000039	4845	7067	1	6
JAWAVG010000039	7045	7530	1	7
JAWAVG010000039	7567	9147	1	8
JAWAVG010000039	9144	9866	-1	9
JAWAVG010000039	9946	10947	1	10
JAWAVG010000039	11016	12077	1	11
JAWAVG010000040	1	579	1	1
JAWAVG010000040	643	1464	1	2
JAWAVG010000040	1464	2441	1	3
JAWAVG010000040	2438	2713	1	4
JAWAVG010000040	2697	3248	1	5
JAWAVG010000040	3294	4130	1	6
JAWAVG010000040	4179	4859	1	7
JAWAVG010000040	5001	5447	1	8
JAWAVG010000040	5454	6401	1	9
JAWAVG010000040	6389	7216	1	10
JAWAVG010000040	7221	8303	1	11
JAWAVG010000040	8296	10026	1	12
JAWAVG010000040	10392	10877	1	13
JAWAVG010000040	11368	11997	1	14
JAWAVG010000041	1	168	1	1
JAWAVG010000041	378	719	1	2
JAWAVG010000041	975	1376	-1	3
JAWAVG010000041	1354	1602	-1	4
JAWAVG010000041	2889	4232	1	5
JAWAVG010000041	4281	5174	1	6
JAWAVG010000041	5171	6007	1	7
JAWAVG010000041	6030	7058	-1	8
JAWAVG010000041	7196	7414	1	9
JAWAVG010000041	7463	7912	1	10
JAWAVG010000041	7984	8097	-1	11
JAWAVG010000041	8248	8820	1	12
JAWAVG010000041	8793	9437	1	13
JAWAVG010000041	9551	9961	-1	14
JAWAVG010000041	9958	10182	-1	15
JAWAVG010000041	10506	10784	-1	16
JAWAVG010000041	10852	11019	-1	17
JAWAVG010000041	11075	11239	-1	18
JAWAVG010000041	11544	11882	1	19
JAWAVG010000042	1	63	-1	1
JAWAVG010000042	148	876	1	2
JAWAVG010000042	878	1798	1	3
JAWAVG010000042	1867	4335	1	4
JAWAVG010000042	4368	5093	-1	5
JAWAVG010000042	5169	6152	1	6
JAWAVG010000042	6157	7938	1	7
JAWAVG010000042	7997	8812	-1	8
JAWAVG010000042	8784	9470	-1	9
JAWAVG010000042	9471	9692	-1	10
JAWAVG010000042	9697	10857	-1	11
JAWAVG010000042	11277	11510	1	12
JAWAVG010000043	4	2382	-1	1
JAWAVG010000043	2460	3389	1	2
JAWAVG010000043	3441	4607	1	3
JAWAVG010000043	4604	5344	-1	4
JAWAVG010000043	5429	5833	1	5
JAWAVG010000043	5906	8407	-1	6
JAWAVG010000043	8483	9538	-1	7
JAWAVG010000043	9578	10993	-1	8
JAWAVG010000044	3	2435	-1	1
JAWAVG010000044	2442	3617	-1	2
JAWAVG010000044	3621	5294	-1	3
JAWAVG010000044	5382	5768	1	4
JAWAVG010000044	5788	7089	-1	5
JAWAVG010000044	7229	8008	-1	6
JAWAVG010000044	8074	8961	-1	7
JAWAVG010000044	8963	9889	-1	8
JAWAVG010000044	9909	10967	-1	9
JAWAVG010000045	1	663	1	1
JAWAVG010000045	657	1373	-1	2
JAWAVG010000045	1537	2442	1	3
JAWAVG010000045	2544	5006	-1	4
JAWAVG010000045	5049	5498	1	5
JAWAVG010000045	5421	6302	-1	6
JAWAVG010000045	6280	7596	-1	7
JAWAVG010000045	7593	8318	-1	8
JAWAVG010000045	8434	8805	-1	9
JAWAVG010000045	8920	9861	-1	10
JAWAVG010000045	9858	10799	-1	11
JAWAVG010000045	10807	10932	-1	12
JAWAVG010000046	3	2051	-1	1
JAWAVG010000046	2071	3240	-1	2
JAWAVG010000046	3323	4123	1	3
JAWAVG010000046	4116	4499	1	4
JAWAVG010000046	4465	4797	-1	5
JAWAVG010000046	4876	5673	1	6
JAWAVG010000046	5694	6503	1	7
JAWAVG010000046	6553	8685	1	8
JAWAVG010000046	8710	8910	1	9
JAWAVG010000046	8920	10413	-1	10
JAWAVG010000046	10493	10930	1	11
JAWAVG010000047	2	2506	-1	1
JAWAVG010000047	2510	2905	1	2
JAWAVG010000047	2915	3643	1	3
JAWAVG010000047	3640	3966	-1	4
JAWAVG010000047	3998	6175	-1	5
JAWAVG010000047	6172	6606	-1	6
JAWAVG010000047	6657	7463	-1	7
JAWAVG010000047	7538	7816	1	8
JAWAVG010000047	7755	8537	-1	9
JAWAVG010000047	8575	9471	1	10
JAWAVG010000047	9468	10754	1	11
JAWAVG010000048	1	3033	1	1
JAWAVG010000048	2972	3664	-1	2
JAWAVG010000048	3681	4643	-1	3
JAWAVG010000048	4720	5769	1	4
JAWAVG010000048	5769	6890	1	5
JAWAVG010000048	6928	7101	1	6
JAWAVG010000048	7098	7604	-1	7
JAWAVG010000048	7778	10390	-1	8
JAWAVG010000048	10400	10501	-1	9
JAWAVG010000049	2	1564	1	1
JAWAVG010000049	1636	1887	1	2
JAWAVG010000049	1853	2305	1	3
JAWAVG010000049	2366	3763	-1	4
JAWAVG010000049	3760	5082	-1	5
JAWAVG010000049	5333	5578	1	6
JAWAVG010000049	5578	5874	1	7
JAWAVG010000049	5875	7773	1	8
JAWAVG010000049	7763	8716	1	9
JAWAVG010000049	8810	9658	-1	10
JAWAVG010000049	10059	10340	1	11
JAWAVG010000050	51	1043	-1	1
JAWAVG010000050	1040	2014	-1	2
JAWAVG010000050	2203	2973	-1	3
JAWAVG010000050	3103	3495	1	4
JAWAVG010000050	3551	3796	1	5
JAWAVG010000050	3913	4467	1	6
JAWAVG010000050	4460	6556	1	7
JAWAVG010000050	6561	8747	1	8
JAWAVG010000050	8773	9738	1	9
JAWAVG010000050	9775	10284	1	10
JAWAVG010000051	1	948	-1	1
JAWAVG010000051	945	1739	-1	2
JAWAVG010000051	1750	2733	-1	3
JAWAVG010000051	2939	3514	-1	4
JAWAVG010000051	3890	4132	1	5
JAWAVG010000051	4224	4580	1	6
JAWAVG010000051	4611	5252	1	7
JAWAVG010000051	5265	6545	-1	8
JAWAVG010000051	6828	8111	-1	9
JAWAVG010000051	8192	8680	-1	10
JAWAVG010000051	8716	9807	-1	11
JAWAVG010000051	9916	10299	1	12
JAWAVG010000052	2	142	1	1
JAWAVG010000052	236	3598	-1	2
JAWAVG010000052	3789	4373	1	3
JAWAVG010000052	4803	5195	-1	4
JAWAVG010000052	5143	5529	-1	5
JAWAVG010000052	5733	6104	-1	6
JAWAVG010000052	6106	6738	-1	7
JAWAVG010000052	6751	7587	-1	8
JAWAVG010000052	7589	8380	-1	9
JAWAVG010000052	8717	8950	1	10
JAWAVG010000052	8950	9363	1	11
JAWAVG010000052	9840	10043	-1	12
JAWAVG010000053	3	680	-1	1
JAWAVG010000053	767	1129	1	2
JAWAVG010000053	1126	1620	-1	3
JAWAVG010000053	1626	2132	-1	4
JAWAVG010000053	2207	3574	1	5
JAWAVG010000053	3603	4970	1	6
JAWAVG010000053	4998	5324	1	7
JAWAVG010000053	5604	6326	1	8
JAWAVG010000053	6327	6587	-1	9
JAWAVG010000053	6590	7195	-1	10
JAWAVG010000053	7286	8428	-1	11
JAWAVG010000053	8587	8859	-1	12
JAWAVG010000053	8856	9368	-1	13
JAWAVG010000053	9448	10002	-1	14
JAWAVG010000054	1	267	1	1
JAWAVG010000054	331	1071	1	2
JAWAVG010000054	1102	2439	-1	3
JAWAVG010000054	2439	3872	-1	4
JAWAVG010000054	3924	4889	-1	5
JAWAVG010000054	4998	7565	1	6
JAWAVG010000054	7610	8617	1	7
JAWAVG010000054	8656	9645	1	8
JAWAVG010000054	9642	9995	-1	9
JAWAVG010000055	53	829	-1	1
JAWAVG010000055	855	3347	-1	2
JAWAVG010000055	3349	4449	-1	3
JAWAVG010000055	4452	5387	-1	4
JAWAVG010000055	5442	6158	1	5
JAWAVG010000055	6147	7439	-1	6
JAWAVG010000055	7452	8384	-1	7
JAWAVG010000055	8440	9882	1	8
JAWAVG010000056	24	773	-1	1
JAWAVG010000056	773	1786	-1	2
JAWAVG010000056	1956	2813	1	3
JAWAVG010000056	2906	3148	-1	4
JAWAVG010000056	3232	3672	1	5
JAWAVG010000056	3647	5767	-1	6
JAWAVG010000056	5887	7239	1	7
JAWAVG010000056	7236	7514	-1	8
JAWAVG010000056	7582	8586	-1	9
JAWAVG010000056	8645	9742	-1	10
JAWAVG010000057	3	839	-1	1
JAWAVG010000057	890	2014	1	2
JAWAVG010000057	2058	2621	-1	3
JAWAVG010000057	2618	3445	-1	4
JAWAVG010000057	3528	4451	-1	5
JAWAVG010000057	4541	6022	1	6
JAWAVG010000057	6109	6813	-1	7
JAWAVG010000057	7054	7428	-1	8
JAWAVG010000057	7442	7840	-1	9
JAWAVG010000057	8352	9059	-1	10
JAWAVG010000058	39	1052	1	1
JAWAVG010000058	1094	1852	-1	2
JAWAVG010000058	1934	2743	1	3
JAWAVG010000058	2747	3574	1	4
JAWAVG010000058	3571	5259	1	5
JAWAVG010000058	5282	6292	-1	6
JAWAVG010000058	6323	7093	-1	7
JAWAVG010000058	7285	7890	1	8
JAWAVG010000058	7990	9135	1	9
JAWAVG010000059	3	548	1	1
JAWAVG010000059	583	975	1	2
JAWAVG010000059	953	1711	1	3
JAWAVG010000059	1843	3231	1	4
JAWAVG010000059	3228	4544	1	5
JAWAVG010000059	4558	5871	-1	6
JAWAVG010000059	5913	7169	1	7
JAWAVG010000059	7180	7935	1	8
JAWAVG010000059	8011	8499	1	9
JAWAVG010000059	8521	9174	-1	10
JAWAVG010000060	12	419	-1	1
JAWAVG010000060	549	941	1	2
JAWAVG010000060	985	1263	1	3
JAWAVG010000060	1363	4209	1	4
JAWAVG010000060	4202	4915	-1	5
JAWAVG010000060	4942	5358	-1	6
JAWAVG010000060	5436	6347	1	7
JAWAVG010000060	6399	7400	-1	8
JAWAVG010000060	7443	8873	-1	9
JAWAVG010000061	88	333	1	1
JAWAVG010000061	315	710	1	2
JAWAVG010000061	799	1347	-1	3
JAWAVG010000061	1397	4357	-1	4
JAWAVG010000061	4457	5905	-1	5
JAWAVG010000061	6024	6500	1	6
JAWAVG010000061	6593	8854	-1	7
JAWAVG010000061	8866	8988	-1	8
JAWAVG010000062	1	63	-1	1
JAWAVG010000062	121	444	-1	2
JAWAVG010000062	508	858	-1	3
JAWAVG010000062	1095	2144	-1	4
JAWAVG010000062	2196	2570	1	5
JAWAVG010000062	2567	2836	-1	6
JAWAVG010000062	2864	4138	-1	7
JAWAVG010000062	4171	5385	-1	8
JAWAVG010000062	5382	6449	-1	9
JAWAVG010000062	6617	7246	-1	10
JAWAVG010000062	7280	7987	-1	11
JAWAVG010000062	8020	8583	-1	12
JAWAVG010000062	8617	8859	1	13
JAWAVG010000063	2	217	-1	1
JAWAVG010000063	231	1190	-1	2
JAWAVG010000063	1356	2495	1	3
JAWAVG010000063	2573	4009	-1	4
JAWAVG010000063	4067	4591	1	5
JAWAVG010000063	4595	5575	-1	6
JAWAVG010000063	5670	6038	1	7
JAWAVG010000063	6198	7565	1	8
JAWAVG010000063	7572	8621	1	9
JAWAVG010000064	2	70	-1	1
JAWAVG010000064	100	273	1	2
JAWAVG010000064	295	840	1	3
JAWAVG010000064	837	1760	1	4
JAWAVG010000064	1793	2272	1	5
JAWAVG010000064	2269	2592	1	6
JAWAVG010000064	2567	3367	1	7
JAWAVG010000064	3370	3981	-1	8
JAWAVG010000064	3981	4256	-1	9
JAWAVG010000064	4322	5266	1	10
JAWAVG010000064	5303	5695	1	11
JAWAVG010000064	5676	6476	-1	12
JAWAVG010000064	6540	7283	1	13
JAWAVG010000064	7299	7823	1	14
JAWAVG010000064	7931	8074	1	15
JAWAVG010000065	1	789	1	1
JAWAVG010000065	888	2264	-1	2
JAWAVG010000065	2356	3111	-1	3
JAWAVG010000065	3125	4306	-1	4
JAWAVG010000065	4296	6155	-1	5
JAWAVG010000065	6319	7758	1	6
JAWAVG010000065	7808	8035	1	7
JAWAVG010000066	1	3462	-1	1
JAWAVG010000066	3562	4053	1	2
JAWAVG010000066	4073	4639	1	3
JAWAVG010000066	4462	5241	-1	4
JAWAVG010000066	5210	5614	-1	5
JAWAVG010000066	5601	6008	-1	6
JAWAVG010000066	6084	7238	1	7
JAWAVG010000066	7216	7746	-1	8
JAWAVG010000067	3	551	-1	1
JAWAVG010000067	665	1081	-1	2
JAWAVG010000067	1062	1304	-1	3
JAWAVG010000067	1386	2207	-1	4
JAWAVG010000067	2389	3018	1	5
JAWAVG010000067	3050	3916	1	6
JAWAVG010000067	4024	5787	1	7
JAWAVG010000067	5789	7504	1	8
JAWAVG010000068	3	155	1	1
JAWAVG010000068	248	1879	1	2
JAWAVG010000068	1889	2830	1	3
JAWAVG010000068	2836	3903	1	4
JAWAVG010000068	3925	4737	1	5
JAWAVG010000068	4862	7432	-1	6
JAWAVG010000069	315	581	-1	1
JAWAVG010000069	727	1086	-1	2
JAWAVG010000069	1530	1814	1	3
JAWAVG010000069	2351	2464	1	4
JAWAVG010000069	2874	4448	-1	5
JAWAVG010000069	4539	4859	1	6
JAWAVG010000069	4856	5194	1	7
JAWAVG010000069	5763	7430	-1	8
JAWAVG010000070	179	325	-1	1
JAWAVG010000070	335	559	-1	2
JAWAVG010000070	795	1403	1	3
JAWAVG010000070	1397	2056	1	4
JAWAVG010000070	2176	2649	1	5
JAWAVG010000070	2646	3551	-1	6
JAWAVG010000070	3601	4557	1	7
JAWAVG010000070	4752	5099	-1	8
JAWAVG010000070	5441	5890	1	9
JAWAVG010000070	6023	6478	1	10
JAWAVG010000070	6585	7025	-1	11
JAWAVG010000071	3	197	1	1
JAWAVG010000071	194	976	1	2
JAWAVG010000071	966	1472	-1	3
JAWAVG010000071	1583	1912	1	4
JAWAVG010000071	1909	2268	1	5
JAWAVG010000071	2307	4154	1	6
JAWAVG010000071	4160	4996	-1	7
JAWAVG010000071	5226	6515	-1	8
JAWAVG010000071	6737	6961	-1	9
JAWAVG010000072	329	436	1	1
JAWAVG010000072	442	1248	-1	2
JAWAVG010000072	1583	3160	1	3
JAWAVG010000072	3169	4650	1	4
JAWAVG010000072	4647	5903	1	5
JAWAVG010000072	5896	6267	1	6
JAWAVG010000072	6264	6572	-1	7
JAWAVG010000073	3	323	1	1
JAWAVG010000073	556	927	1	2
JAWAVG010000073	933	1397	-1	3
JAWAVG010000073	1471	2568	-1	4
JAWAVG010000073	2724	3833	1	5
JAWAVG010000073	3875	5593	1	6
JAWAVG010000073	5590	6384	1	7
JAWAVG010000074	108	551	1	1
JAWAVG010000074	656	1627	1	2
JAWAVG010000074	1635	4064	-1	3
JAWAVG010000074	4197	5042	1	4
JAWAVG010000074	4928	5812	-1	5
JAWAVG010000074	5942	6283	1	6
JAWAVG010000075	2	406	1	1
JAWAVG010000075	396	1898	1	2
JAWAVG010000075	1943	2773	-1	3
JAWAVG010000075	2914	3411	1	4
JAWAVG010000075	3411	4322	1	5
JAWAVG010000075	4333	5070	-1	6
JAWAVG010000075	5196	5936	1	7
JAWAVG010000075	5989	6102	1	8
JAWAVG010000076	2	217	-1	1
JAWAVG010000076	210	662	-1	2
JAWAVG010000076	779	1942	-1	3
JAWAVG010000076	1936	2901	-1	4
JAWAVG010000076	2995	3282	1	5
JAWAVG010000076	3449	3700	1	6
JAWAVG010000076	3876	4832	1	7
JAWAVG010000076	4843	5916	1	8
JAWAVG010000077	1	792	1	1
JAWAVG010000077	888	2306	1	2
JAWAVG010000077	2349	3680	1	3
JAWAVG010000077	3723	4577	-1	4
JAWAVG010000077	4574	5788	-1	5
JAWAVG010000078	3	434	1	1
JAWAVG010000078	500	2449	-1	2
JAWAVG010000078	2565	3233	-1	3
JAWAVG010000078	3420	4484	1	4
JAWAVG010000078	4462	5277	-1	5
JAWAVG010000078	5288	5800	-1	6
JAWAVG010000079	3	821	-1	1
JAWAVG010000079	1037	2146	-1	2
JAWAVG010000079	2206	4437	1	3
JAWAVG010000079	4440	4571	-1	4
JAWAVG010000079	4645	5784	-1	5
JAWAVG010000080	1	255	1	1
JAWAVG010000080	274	1038	1	2
JAWAVG010000080	1029	1439	-1	3
JAWAVG010000080	1475	2551	-1	4
JAWAVG010000080	2584	2940	-1	5
JAWAVG010000080	3003	4415	1	6
JAWAVG010000080	4412	5746	-1	7
JAWAVG010000081	3	416	-1	1
JAWAVG010000081	413	1585	-1	2
JAWAVG010000081	1572	3107	-1	3
JAWAVG010000081	3139	3615	-1	4
JAWAVG010000081	3612	4868	-1	5
JAWAVG010000081	4831	5697	-1	6
JAWAVG010000082	1	1302	1	1
JAWAVG010000082	1324	1983	1	2
JAWAVG010000082	2135	3625	1	3
JAWAVG010000082	4097	5593	-1	4
JAWAVG010000083	3	2366	-1	1
JAWAVG010000083	2468	3430	1	2
JAWAVG010000083	3440	4156	1	3
JAWAVG010000083	4153	5505	-1	4
JAWAVG010000084	2	490	1	1
JAWAVG010000084	487	3186	-1	2
JAWAVG010000084	3223	4365	-1	3
JAWAVG010000084	4482	5033	1	4
JAWAVG010000084	5036	5473	1	5
JAWAVG010000085	3	452	1	1
JAWAVG010000085	604	1305	1	2
JAWAVG010000085	1305	1601	1	3
JAWAVG010000085	1567	3573	1	4
JAWAVG010000085	3820	5073	1	5
JAWAVG010000085	5154	5393	-1	6
JAWAVG010000086	220	1671	1	1
JAWAVG010000086	1737	2804	1	2
JAWAVG010000086	2814	4457	1	3
JAWAVG010000086	4595	5317	1	4
JAWAVG010000087	1	537	-1	1
JAWAVG010000087	537	752	-1	2
JAWAVG010000087	759	1373	-1	3
JAWAVG010000087	1426	2145	1	4
JAWAVG010000087	2185	2631	1	5
JAWAVG010000087	2672	4072	1	6
JAWAVG010000087	4104	4319	1	7
JAWAVG010000087	4358	5317	1	8
JAWAVG010000088	1	876	-1	1
JAWAVG010000088	1040	2122	1	2
JAWAVG010000088	2629	2970	-1	3
JAWAVG010000088	2954	3340	-1	4
JAWAVG010000088	3638	4048	1	5
JAWAVG010000088	4017	4352	1	6
JAWAVG010000088	4892	5308	1	7
JAWAVG010000089	17	814	-1	1
JAWAVG010000089	864	1358	1	2
JAWAVG010000089	1450	2802	1	3
JAWAVG010000089	2834	5086	-1	4
JAWAVG010000090	1	204	1	1
JAWAVG010000090	678	941	1	2
JAWAVG010000090	1175	2308	-1	3
JAWAVG010000090	2443	2706	-1	4
JAWAVG010000090	2771	4024	1	5
JAWAVG010000090	3996	4964	-1	6
JAWAVG010000091	110	1561	-1	1
JAWAVG010000091	1582	2295	-1	2
JAWAVG010000091	2470	3741	1	3
JAWAVG010000091	3827	4930	1	4
JAWAVG010000092	3	134	-1	1
JAWAVG010000092	231	620	1	2
JAWAVG010000092	972	1280	1	3
JAWAVG010000092	1284	2582	1	4
JAWAVG010000092	2585	3313	1	5
JAWAVG010000092	3354	4391	1	6
JAWAVG010000092	4540	4839	1	7
JAWAVG010000093	3	89	-1	1
JAWAVG010000093	79	996	-1	2
JAWAVG010000093	1100	1678	1	3
JAWAVG010000093	1777	2616	-1	4
JAWAVG010000093	2613	3113	-1	5
JAWAVG010000093	3195	3842	-1	6
JAWAVG010000093	3903	4706	-1	7
JAWAVG010000094	1	297	1	1
JAWAVG010000094	290	460	1	2
JAWAVG010000094	643	1614	1	3
JAWAVG010000094	1620	2825	-1	4
JAWAVG010000094	2870	4357	-1	5
JAWAVG010000094	4404	4619	-1	6
JAWAVG010000095	2	1204	1	1
JAWAVG010000095	1242	2504	1	2
JAWAVG010000095	2504	2995	1	3
JAWAVG010000095	2985	3866	1	4
JAWAVG010000095	3872	4564	-1	5
JAWAVG010000096	127	1206	-1	1
JAWAVG010000096	1210	1731	1	2
JAWAVG010000096	1810	3033	1	3
JAWAVG010000096	3039	4523	1	4
JAWAVG010000097	3	293	1	1
JAWAVG010000097	348	590	1	2
JAWAVG010000097	714	1454	1	3
JAWAVG010000097	1493	2320	1	4
JAWAVG010000097	2356	3615	1	5
JAWAVG010000097	3778	4494	1	6
JAWAVG010000098	1	300	1	1
JAWAVG010000098	394	843	1	2
JAWAVG010000098	836	1288	1	3
JAWAVG010000098	1386	1811	-1	4
JAWAVG010000098	1795	2037	-1	5
JAWAVG010000098	2443	2943	1	6
JAWAVG010000098	3083	3331	1	7
JAWAVG010000098	3294	3677	1	8
JAWAVG010000098	3970	4374	-1	9
JAWAVG010000099	2	241	1	1
JAWAVG010000099	223	459	-1	2
JAWAVG010000099	461	730	-1	3
JAWAVG010000099	780	977	1	4
JAWAVG010000099	1001	1582	1	5
JAWAVG010000099	1573	1791	1	6
JAWAVG010000099	1813	2010	-1	7
JAWAVG010000099	2013	3815	-1	8
JAWAVG010000099	4129	4302	1	9
JAWAVG010000100	1	585	1	1
JAWAVG010000100	867	2621	-1	2
JAWAVG010000100	2640	3794	-1	3
JAWAVG010000100	4034	4216	-1	4
JAWAVG010000101	2	253	1	1
JAWAVG010000101	267	710	1	2
JAWAVG010000101	902	1114	1	3
JAWAVG010000101	1206	1370	1	4
JAWAVG010000101	1542	3278	-1	5
JAWAVG010000101	3908	4192	-1	6
JAWAVG010000102	3	200	-1	1
JAWAVG010000102	202	1383	-1	2
JAWAVG010000102	1690	2790	-1	3
JAWAVG010000102	2787	4088	-1	4
JAWAVG010000103	3	95	-1	1
JAWAVG010000103	298	888	-1	2
JAWAVG010000103	881	2518	-1	3
JAWAVG010000103	2534	2770	-1	4
JAWAVG010000103	3682	3903	1	5
JAWAVG010000103	3900	3998	1	6
JAWAVG010000104	1	402	-1	1
JAWAVG010000104	566	1897	1	2
JAWAVG010000104	2020	3342	1	3
JAWAVG010000104	3328	3894	-1	4
JAWAVG010000105	553	888	-1	1
JAWAVG010000105	892	1308	-1	2
JAWAVG010000105	1937	3028	-1	3
JAWAVG010000105	3401	3520	1	4
JAWAVG010000105	3742	3888	-1	5
JAWAVG010000106	43	1401	1	1
JAWAVG010000106	1398	2270	-1	2
JAWAVG010000106	2363	2887	1	3
JAWAVG010000106	2899	3816	-1	4
JAWAVG010000107	3	827	-1	1
JAWAVG010000107	832	1620	-1	2
JAWAVG010000107	1833	2123	1	3
JAWAVG010000107	2369	2737	1	4
JAWAVG010000107	2689	3279	1	5
JAWAVG010000107	3263	3868	1	6
JAWAVG010000108	2	1912	-1	1
JAWAVG010000108	1977	2825	-1	2
JAWAVG010000108	2855	3532	-1	3
JAWAVG010000108	3520	3702	-1	4
JAWAVG010000109	2	1039	1	1
JAWAVG010000109	1036	1563	1	2
JAWAVG010000109	1600	2625	1	3
JAWAVG010000109	2663	2917	1	4
JAWAVG010000109	2959	3261	1	5
JAWAVG010000109	3258	3812	-1	6
JAWAVG010000110	3	80	1	1
JAWAVG010000110	127	528	-1	2
JAWAVG010000110	479	760	-1	3
JAWAVG010000110	1191	1934	1	4
JAWAVG010000110	1931	3019	-1	5
JAWAVG010000110	3022	3699	-1	6
JAWAVG010000111	2	151	1	1
JAWAVG010000111	205	552	-1	2
JAWAVG010000111	686	1249	1	3
JAWAVG010000111	1254	1763	1	4
JAWAVG010000111	1671	2093	-1	5
JAWAVG010000111	2099	3394	-1	6
JAWAVG010000111	3589	3693	-1	7
JAWAVG010000112	3	311	1	1
JAWAVG010000112	352	705	1	2
JAWAVG010000112	786	1622	-1	3
JAWAVG010000112	1625	3490	1	4
JAWAVG010000112	3501	3611	1	5
JAWAVG010000113	3	761	-1	1
JAWAVG010000113	1017	2054	1	2
JAWAVG010000113	2171	3595	1	3
JAWAVG010000114	2	1891	-1	1
JAWAVG010000114	2428	3582	-1	2
JAWAVG010000115	3	632	1	1
JAWAVG010000115	819	3176	1	2
JAWAVG010000115	3367	3513	1	3
JAWAVG010000116	3	686	1	1
JAWAVG010000116	673	1896	1	2
JAWAVG010000116	1909	2871	1	3
JAWAVG010000116	2874	3503	1	4
JAWAVG010000117	3	1283	-1	1
JAWAVG010000117	1360	3291	1	2
JAWAVG010000117	3383	3481	1	3
JAWAVG010000118	2	868	1	1
JAWAVG010000118	865	1377	1	2
JAWAVG010000118	1346	2131	1	3
JAWAVG010000118	2122	2805	1	4
JAWAVG010000118	2884	3429	1	5
JAWAVG010000119	21	512	-1	1
JAWAVG010000119	600	914	1	2
JAWAVG010000119	965	2176	1	3
JAWAVG010000119	2163	3419	1	4
JAWAVG010000120	2	970	-1	1
JAWAVG010000120	2230	2343	1	2
JAWAVG010000120	2416	2604	1	3
JAWAVG010000120	2577	2750	1	4
JAWAVG010000121	1	123	-1	1
JAWAVG010000121	235	636	-1	2
JAWAVG010000121	772	1266	-1	3
JAWAVG010000121	1271	2617	-1	4
JAWAVG010000121	2799	3380	-1	5
JAWAVG010000122	911	1069	1	1
JAWAVG010000122	1249	1758	-1	2
JAWAVG010000122	2318	2953	1	3
JAWAVG010000122	3097	3219	-1	4
JAWAVG010000123	3	524	1	1
JAWAVG010000123	725	1855	1	2
JAWAVG010000123	2083	3174	1	3
JAWAVG010000124	1	156	-1	1
JAWAVG010000124	220	489	1	2
JAWAVG010000124	491	727	1	3
JAWAVG010000124	709	1995	-1	4
JAWAVG010000124	2174	2824	1	5
JAWAVG010000125	3	239	-1	1
JAWAVG010000125	440	1756	1	2
JAWAVG010000125	1753	3084	1	3
JAWAVG010000126	2	775	-1	1
JAWAVG010000126	1015	2943	-1	2
JAWAVG010000127	1	105	-1	1
JAWAVG010000127	130	636	-1	2
JAWAVG010000127	707	1255	1	3
JAWAVG010000127	1331	2230	1	4
JAWAVG010000127	2304	3038	1	5
JAWAVG010000128	1	1518	-1	1
JAWAVG010000128	1515	2132	-1	2
JAWAVG010000128	2129	3037	-1	3
JAWAVG010000129	312	590	1	1
JAWAVG010000129	569	964	1	2
JAWAVG010000129	1220	2257	1	3
JAWAVG010000129	2315	2902	1	4
JAWAVG010000130	195	446	1	1
JAWAVG010000130	544	948	1	2
JAWAVG010000130	917	1381	1	3
JAWAVG010000130	1395	1607	-1	4
JAWAVG010000130	2254	2490	1	5
JAWAVG010000130	2480	2902	1	6
JAWAVG010000131	1	174	1	1
JAWAVG010000131	296	832	1	2
JAWAVG010000131	1098	1823	1	3
JAWAVG010000131	1935	2603	1	4
JAWAVG010000131	2671	2898	1	5
JAWAVG010000132	3	1940	1	1
JAWAVG010000132	1937	2869	-1	2
JAWAVG010000133	10	1554	-1	1
JAWAVG010000133	1585	1956	-1	2
JAWAVG010000133	1983	2384	-1	3
JAWAVG010000133	2381	2746	-1	4
JAWAVG010000134	65	415	-1	1
JAWAVG010000134	931	1080	-1	2
JAWAVG010000134	1223	1795	1	3
JAWAVG010000134	1788	2363	1	4
JAWAVG010000134	2392	2733	-1	5
JAWAVG010000135	138	392	-1	1
JAWAVG010000135	492	941	-1	2
JAWAVG010000135	934	1692	-1	3
JAWAVG010000135	1915	2643	1	4
JAWAVG010000136	541	1155	1	1
JAWAVG010000136	1158	2642	1	2
JAWAVG010000137	2	2587	1	1
JAWAVG010000138	3	758	1	1
JAWAVG010000138	736	1701	1	2
JAWAVG010000138	1704	1988	1	3
JAWAVG010000138	2014	2556	1	4
JAWAVG010000139	2	622	1	1
JAWAVG010000139	683	1249	-1	2
JAWAVG010000139	1258	2532	-1	3
JAWAVG010000140	6	443	-1	1
JAWAVG010000140	502	1329	1	2
JAWAVG010000140	1445	2503	-1	3
JAWAVG010000141	3	869	-1	1
JAWAVG010000141	954	2501	1	2
