Hmm	ORF	tlen	qlen	Eval	score	start	end	Acc	Pos	Cov_seq	Cov_hmm	strand
AbiEii_0_CAS-III	JAWAVG010000001_110	277	284	8.4e-05	19.1	98613	99443	JAWAVG010000001	110	0.4368231046931408	0.426056338028169	-1
AbiEii_0_CAS-III	JAWAVG010000001_111	318	284	0.002	14.6	99418	100371	JAWAVG010000001	111	0.3238993710691824	0.35563380281690143	-1
AbiEii_0_CAS-III	JAWAVG010000001_134	392	284	3.1e-05	20.5	121867	123042	JAWAVG010000001	134	0.24489795918367346	0.3345070422535211	1
AbiEii_0_CAS-III	JAWAVG010000001_29	243	284	0.00013	18.4	26234	26962	JAWAVG010000001	29	0.6090534979423868	0.5070422535211268	-1
AbiEii_0_CAS-III	JAWAVG010000001_95	732	284	8.4e-06	22.3	81252	83447	JAWAVG010000001	95	0.056010928961748634	0.07394366197183098	1
AbiEii_0_CAS-III	JAWAVG010000002_12	242	284	1.5e-05	21.5	11859	12584	JAWAVG010000002	12	0.371900826446281	0.3028169014084507	-1
AbiEii_0_CAS-III	JAWAVG010000002_13	250	284	1.4e-07	28.2	12587	13336	JAWAVG010000002	13	0.468	0.39436619718309857	-1
AbiEii_0_CAS-III	JAWAVG010000002_52	323	284	0.002	14.5	48037	49005	JAWAVG010000002	52	0.3560371517027864	0.3908450704225352	-1
AbiEii_0_CAS-III	JAWAVG010000002_95	234	284	2.6e-08	30.6	107630	108331	JAWAVG010000002	95	0.44017094017094016	0.35563380281690143	1
AbiEii_0_CAS-III	JAWAVG010000003_52	723	284	7.4e-06	22.5	51993	54161	JAWAVG010000003	52	0.05532503457814661	0.07394366197183098	-1
AbiEii_0_CAS-III	JAWAVG010000004_14	216	284	0.00019	17.9	13865	14512	JAWAVG010000004	14	0.16666666666666666	0.11971830985915492	-1
AbiEii_0_CAS-III	JAWAVG010000004_6	246	284	0.0094	12.3	5791	6528	JAWAVG010000004	6	0.24390243902439024	0.2007042253521127	-1
AbiEii_0_CAS-III	JAWAVG010000005_29	303	284	0.008	12.6	23508	24416	JAWAVG010000005	29	0.0924092409240924	0.09859154929577464	1
AbiEii_0_CAS-III	JAWAVG010000005_40	755	284	9.6e-07	25.4	33822	36086	JAWAVG010000005	40	0.176158940397351	0.426056338028169	1
AbiEii_0_CAS-III	JAWAVG010000005_68	430	284	0.00027	17.4	59366	60655	JAWAVG010000005	68	0.11162790697674418	0.1619718309859155	1
AbiEii_0_CAS-III	JAWAVG010000006_19	280	284	8.4e-05	19.1	15215	16054	JAWAVG010000006	19	0.30357142857142855	0.2852112676056338	1
AbiEii_0_CAS-III	JAWAVG010000006_20	269	284	1.3e-05	21.7	16051	16857	JAWAVG010000006	20	0.31226765799256506	0.28169014084507044	1
AbiEii_0_CAS-III	JAWAVG010000008_28	601	284	0.046	10.1	18685	20487	JAWAVG010000008	28	0.23128119800332778	0.4964788732394366	-1
AbiEii_0_CAS-III	JAWAVG010000008_30	245	284	0.00026	17.4	20931	21665	JAWAVG010000008	30	0.3836734693877551	0.30985915492957744	1
AbiEii_0_CAS-III	JAWAVG010000009_18	253	284	8.5e-08	28.9	20746	21504	JAWAVG010000009	18	0.42292490118577075	0.36971830985915494	1
AbiEii_0_CAS-III	JAWAVG010000010_1	356	284	0.0019	14.6	107	1174	JAWAVG010000010	1	0.24719101123595505	0.3204225352112676	-1
AbiEii_0_CAS-III	JAWAVG010000010_16	579	284	4.1e-07	26.6	15568	17304	JAWAVG010000010	16	0.2504317789291883	0.5387323943661971	1
AbiEii_0_CAS-III	JAWAVG010000012_3	282	284	8.8e-06	22.3	2529	3374	JAWAVG010000012	3	0.5106382978723404	0.4823943661971831	1
AbiEii_0_CAS-III	JAWAVG010000012_4	280	284	2.8e-05	20.6	3362	4201	JAWAVG010000012	4	0.45714285714285713	0.4507042253521127	1
AbiEii_0_CAS-III	JAWAVG010000015_27	804	284	1e-07	28.7	19449	21860	JAWAVG010000015	27	0.08955223880597014	0.2676056338028169	1
AbiEii_0_CAS-III	JAWAVG010000017_8	641	284	1.9e-06	24.5	6896	8818	JAWAVG010000017	8	0.3042121684867395	0.4894366197183099	-1
AbiEii_0_CAS-III	JAWAVG010000018_4	260	284	5.2e-05	19.7	3303	4082	JAWAVG010000018	4	0.46153846153846156	0.40492957746478875	1
AbiEii_0_CAS-III	JAWAVG010000021_2	314	284	0.00015	18.2	856	1797	JAWAVG010000021	2	0.3821656050955414	0.4084507042253521	-1
AbiEii_0_CAS-III	JAWAVG010000022_14	331	284	8.8e-05	19.0	10036	11028	JAWAVG010000022	14	0.28700906344410876	0.3204225352112676	1
AbiEii_0_CAS-III	JAWAVG010000022_23	239	284	0.00059	16.3	17146	17862	JAWAVG010000022	23	0.09205020920502092	0.07746478873239436	1
AbiEii_0_CAS-III	JAWAVG010000024_14	322	284	0.00019	17.9	10978	11943	JAWAVG010000024	14	0.35403726708074534	0.36971830985915494	-1
AbiEii_0_CAS-III	JAWAVG010000028_13	332	284	1.8e-06	24.5	12960	13955	JAWAVG010000028	13	0.286144578313253	0.323943661971831	1
AbiEii_0_CAS-III	JAWAVG010000029_7	249	284	3.9e-07	26.7	5317	6063	JAWAVG010000029	7	0.285140562248996	0.24295774647887325	1
AbiEii_0_CAS-III	JAWAVG010000034_10	324	284	9.7e-05	18.9	7603	8574	JAWAVG010000034	10	0.49382716049382713	0.6514084507042254	-1
AbiEii_0_CAS-III	JAWAVG010000039_6	741	284	0.0014	15.1	4845	7067	JAWAVG010000039	6	0.0796221322537112	0.20422535211267606	1
AbiEii_0_CAS-III	JAWAVG010000042_10	74	284	2.9e-06	23.9	9471	9692	JAWAVG010000042	10	0.36486486486486486	0.09507042253521127	-1
AbiEii_0_CAS-III	JAWAVG010000045_11	314	284	8.2e-06	22.4	9858	10799	JAWAVG010000045	11	0.2643312101910828	0.28169014084507044	-1
AbiEii_0_CAS-III	JAWAVG010000045_8	242	284	3e-06	23.8	7593	8318	JAWAVG010000045	8	0.4628099173553719	0.3345070422535211	-1
AbiEii_0_CAS-III	JAWAVG010000052_9	264	284	5.6e-05	19.6	7589	8380	JAWAVG010000052	9	0.3409090909090909	0.31338028169014087	-1
AbiEii_0_CAS-III	JAWAVG010000054_6	856	284	3.5e-07	26.9	4998	7565	JAWAVG010000054	6	0.05023364485981308	0.08450704225352113	1
AbiEii_0_CAS-III	JAWAVG010000055_4	312	284	6.9e-06	22.6	4452	5387	JAWAVG010000055	4	0.20833333333333334	0.2147887323943662	-1
AbiEii_0_CAS-III	JAWAVG010000058_5	563	284	4.7e-13	46.1	3571	5259	JAWAVG010000058	5	0.37300177619893427	0.49295774647887325	1
AbiEii_0_CAS-III	JAWAVG010000065_3	252	284	1.2e-05	21.8	2356	3111	JAWAVG010000065	3	0.4642857142857143	0.3873239436619718	-1
AbiEii_0_CAS-III	JAWAVG010000081_1	138	284	0.0007	16.0	3	416	JAWAVG010000081	1	0.2608695652173913	0.11619718309859155	-1
AbiEii_0_CAS-III	JAWAVG010000086_2	356	284	8.9e-05	19.0	1737	2804	JAWAVG010000086	2	0.2752808988764045	0.3204225352112676	1
AbiEii_0_CAS-III	JAWAVG010000105_3	364	284	3.5e-05	20.3	1937	3028	JAWAVG010000105	3	0.32967032967032966	0.426056338028169	-1
AbiEii_0_CAS-III	JAWAVG010000118_4	228	284	0.00026	17.5	2122	2805	JAWAVG010000118	4	0.15350877192982457	0.11619718309859155	1
AbiEii_1_CAS-III-A	JAWAVG010000002_12	242	335	0.0044	13.0	11859	12584	JAWAVG010000002	12	0.17355371900826447	0.11940298507462686	-1
AbiEii_1_CAS-III-A	JAWAVG010000002_13	250	335	0.0013	14.7	12587	13336	JAWAVG010000002	13	0.288	0.2208955223880597	-1
AbiEii_1_CAS-III-A	JAWAVG010000002_95	234	335	0.0023	13.9	107630	108331	JAWAVG010000002	95	0.20512820512820512	0.5223880597014925	1
AbiEii_1_CAS-III-A	JAWAVG010000009_18	253	335	0.00029	16.9	20746	21504	JAWAVG010000009	18	0.37549407114624506	0.28955223880597014	1
AbiEii_1_CAS-III-A	JAWAVG010000012_3	282	335	0.0065	12.4	2529	3374	JAWAVG010000012	3	0.2765957446808511	0.23880597014925373	1
AbiEii_1_CAS-III-A	JAWAVG010000021_2	314	335	0.0076	12.2	856	1797	JAWAVG010000021	2	0.11146496815286625	0.1044776119402985	-1
AbiEii_1_CAS-III-A	JAWAVG010000042_10	74	335	0.0037	13.3	9471	9692	JAWAVG010000042	10	0.4864864864864865	0.1044776119402985	-1
AbiEii_2_CAS-III-C	JAWAVG010000001_134	392	440	6.8e-05	19.1	121867	123042	JAWAVG010000001	134	0.2193877551020408	0.2	1
Cas10_0_CAS-III	JAWAVG010000017_18	768	511	7.5e-08	28.4	16370	18673	JAWAVG010000017	18	0.30078125	0.44227005870841485	-1
Cas10_0_III	JAWAVG010000017_18	768	414	4.3e-16	55.7	16370	18673	JAWAVG010000017	18	0.4205729166666667	0.7657004830917874	-1
Cas10_0_IIIA	JAWAVG010000017_18	768	650	8.3e-11	38.1	16370	18673	JAWAVG010000017	18	0.36328125	0.40923076923076923	-1
Cas10_0_IIIB	JAWAVG010000017_18	768	510	2e-06	23.7	16370	18673	JAWAVG010000017	18	0.18098958333333334	0.2823529411764706	-1
Cas10_1_CAS-III	JAWAVG010000008_5	55	654	0.0036	12.7	1640	1804	JAWAVG010000008	5	0.6727272727272727	0.05657492354740061	-1
Cas10_1_CAS-III	JAWAVG010000009_4	311	654	0.001	14.5	7222	8154	JAWAVG010000009	4	0.2604501607717042	0.11773700305810397	-1
Cas10_1_CAS-III	JAWAVG010000017_18	768	654	1.1e-12	44.1	16370	18673	JAWAVG010000017	18	0.4583333333333333	0.5565749235474006	-1
Cas10_1_CAS-III	JAWAVG010000029_16	340	654	0.0012	14.3	13574	14593	JAWAVG010000029	16	0.16176470588235295	0.0871559633027523	1
Cas10_1_CAS-III-B	JAWAVG010000017_18	768	121	0.00087	16.3	16370	18673	JAWAVG010000017	18	0.06510416666666667	0.33884297520661155	-1
Cas10_1_IIIB	JAWAVG010000017_18	768	116	0.00071	16.7	16370	18673	JAWAVG010000017	18	0.10677083333333333	0.5431034482758621	-1
Cas10_4_CAS-III	JAWAVG010000017_18	768	772	0.00019	16.4	16370	18673	JAWAVG010000017	18	0.18098958333333334	0.17616580310880828	-1
Cas10_5_CAS-III	JAWAVG010000017_18	768	838	0.0019	13.3	16370	18673	JAWAVG010000017	18	0.1953125	0.18138424821002386	-1
Cas10_7_CAS-III	JAWAVG010000017_18	768	410	6.2e-17	58.5	16370	18673	JAWAVG010000017	18	0.4192708333333333	0.7609756097560976	-1
Cas11_3_IV	JAWAVG010000003_78	199	160	0.0054	13.5	75859	76455	JAWAVG010000003	78	0.2814070351758794	0.3	1
Cas11d2_0_CAS-I-D	JAWAVG010000084_2	900	212	0.0069	13.4	487	3186	JAWAVG010000084	2	0.03777777777777778	0.16037735849056603	-1
Cas12a_0_CAS-V-A	JAWAVG010000002_72	540	1244	0.3	5.6	73544	75163	JAWAVG010000002	72	0.8759259259259259	0.23392282958199356	-1
Cas12c_0_CAS-V-C	JAWAVG010000115_1	210	1272	0.017	9.4	3	632	JAWAVG010000115	1	0.49047619047619045	0.08411949685534591	1
Cas12f1_1_CAS-V-F	JAWAVG010000123_2	377	557	0.0038	12.7	725	1855	JAWAVG010000123	2	0.11405835543766578	0.07899461400359066	1
Cas12f1_2_CAS-V-F	JAWAVG010000001_59	112	429	0.013	11.3	50661	50996	JAWAVG010000001	59	0.5803571428571429	0.06526806526806526	-1
Cas12f2_1_CAS-V-F	JAWAVG010000001_59	112	422	4.1e-05	19.6	50661	50996	JAWAVG010000001	59	0.7767857142857143	0.12085308056872038	-1
Cas12f2_1_CAS-V-F	JAWAVG010000005_48	53	422	0.014	11.3	43071	43229	JAWAVG010000005	48	0.5283018867924528	0.06398104265402843	-1
Cas12f2_1_CAS-V-F	JAWAVG010000010_32	332	422	2.1	4.1	31220	32215	JAWAVG010000010	32	0.1536144578313253	0.07582938388625593	-1
Cas12f2_1_CAS-V-F	JAWAVG010000048_6	58	422	1.3	4.7	6928	7101	JAWAVG010000048	6	0.7931034482758621	0.06635071090047394	1
Cas12f2_1_CAS-V-F	JAWAVG010000069_1	89	422	0.0036	13.2	315	581	JAWAVG010000069	1	0.29213483146067415	0.061611374407582936	-1
Cas12f2_1_CAS-V-F	JAWAVG010000094_2	57	422	0.00034	16.6	290	460	JAWAVG010000094	2	0.5087719298245614	0.06872037914691943	1
Cas12f2_1_CAS-V-F	JAWAVG010000102_1	66	422	0.0034	13.3	3	200	JAWAVG010000102	1	0.42424242424242425	0.06872037914691943	-1
Cas12f2_1_CAS-V-F	JAWAVG010000102_2	394	422	0.0027	13.6	202	1383	JAWAVG010000102	2	0.07360406091370558	0.07109004739336493	-1
Cas12f2_2_CAS-V-F	JAWAVG010000069_1	89	493	0.00037	16.0	315	581	JAWAVG010000069	1	0.3258426966292135	0.058823529411764705	-1
Cas12m_0_V-M	JAWAVG010000010_29	38	577	0.004	12.4	29966	30079	JAWAVG010000010	29	0.7894736842105263	0.05199306759098787	1
Cas1_0_CAS-I-II-III-IV-V-VI	JAWAVG010000040_3	326	317	1.1e-72	241.6	1464	2441	JAWAVG010000040	3	0.9570552147239264	1.0	1
Cas1_0_CAS-I-II-III-IV-V-VI	JAWAVG010000138_2	322	317	6.999999999999999e-62	206.1	736	1701	JAWAVG010000138	2	0.953416149068323	0.9968454258675079	1
Cas1_0_I-II-III	JAWAVG010000040_3	326	327	1.2e-76	254.7	1464	2441	JAWAVG010000040	3	0.9662576687116564	0.9938837920489296	1
Cas1_0_I-II-III	JAWAVG010000138_2	322	327	2.2e-66	220.9	736	1701	JAWAVG010000138	2	0.9658385093167702	0.9938837920489296	1
Cas1_0_I-II-III-V	JAWAVG010000040_3	326	315	1.1e-58	195.4	1464	2441	JAWAVG010000040	3	0.9539877300613497	0.9968253968253968	1
Cas1_0_I-II-III-V	JAWAVG010000138_2	322	315	1.7e-50	168.4	736	1701	JAWAVG010000138	2	0.9472049689440993	0.9904761904761905	1
Cas1_0_IA	JAWAVG010000040_3	326	347	6.3e-24	81.3	1464	2441	JAWAVG010000040	3	0.7392638036809815	0.7089337175792507	1
Cas1_0_IA	JAWAVG010000138_2	322	347	2.6e-22	76.0	736	1701	JAWAVG010000138	2	0.7298136645962733	0.6887608069164265	1
Cas1_0_IC	JAWAVG010000040_3	326	340	4.3e-36	121.5	1464	2441	JAWAVG010000040	3	0.9325153374233128	0.9382352941176471	1
Cas1_0_IC	JAWAVG010000138_2	322	340	9.7e-31	103.9	736	1701	JAWAVG010000138	2	0.7329192546583851	0.7088235294117647	1
Cas1_0_IE	JAWAVG010000040_3	326	269	8.7e-15	51.4	1464	2441	JAWAVG010000040	3	0.4447852760736196	0.5241635687732342	1
Cas1_0_IE	JAWAVG010000138_2	322	269	6.1e-10	35.5	736	1701	JAWAVG010000138	2	0.4813664596273292	0.550185873605948	1
Cas1_0_IF	JAWAVG010000040_3	326	307	1.2e-07	28.2	1464	2441	JAWAVG010000040	3	0.6380368098159509	0.7166123778501629	1
Cas1_0_II	JAWAVG010000040_3	326	278	3.3e-22	75.9	1464	2441	JAWAVG010000040	3	0.8128834355828221	0.8669064748201439	1
Cas1_0_II	JAWAVG010000138_2	322	278	4.3e-25	85.3	736	1701	JAWAVG010000138	2	0.8571428571428571	0.9136690647482014	1
Cas1_0_V	JAWAVG010000040_3	326	317	9.6e-15	51.2	1464	2441	JAWAVG010000040	3	0.7300613496932515	0.7255520504731862	1
Cas1_0_V	JAWAVG010000138_2	322	317	1.1e-14	51.0	736	1701	JAWAVG010000138	2	0.5124223602484472	0.4921135646687697	1
Cas1_1_CAS-I-II-III-IV-V-VI	JAWAVG010000040_3	326	261	7.2e-72	238.6	1464	2441	JAWAVG010000040	3	0.7607361963190185	0.9540229885057471	1
Cas1_1_CAS-I-II-III-IV-V-VI	JAWAVG010000138_2	322	261	1.9e-63	211.0	736	1701	JAWAVG010000138	2	0.7670807453416149	0.9501915708812261	1
Cas1_2_CAS-I-II-III-IV-V-VI	JAWAVG010000040_3	326	306	6.7e-08	29.0	1464	2441	JAWAVG010000040	3	0.6380368098159509	0.7156862745098039	1
Cas1_3_CAS-I-II-III-IV-V-VI	JAWAVG010000040_3	326	262	9.2e-15	51.4	1464	2441	JAWAVG010000040	3	0.4447852760736196	0.5381679389312977	1
Cas1_3_CAS-I-II-III-IV-V-VI	JAWAVG010000138_2	322	262	4.5e-10	36.0	736	1701	JAWAVG010000138	2	0.5186335403726708	0.6068702290076335	1
Cas1_4_CAS-I-II-III-IV-V-VI	JAWAVG010000040_3	326	275	5.300000000000001e-22	75.1	1464	2441	JAWAVG010000040	3	0.7484662576687117	0.8145454545454546	1
Cas1_4_CAS-I-II-III-IV-V-VI	JAWAVG010000138_2	322	275	1.0000000000000001e-24	84.0	736	1701	JAWAVG010000138	2	0.8540372670807453	0.9127272727272727	1
Cas1_5_CAS-I-II-III-IV-V-VI	JAWAVG010000040_3	326	338	1.6e-35	119.7	1464	2441	JAWAVG010000040	3	0.9263803680981595	0.9378698224852071	1
Cas1_5_CAS-I-II-III-IV-V-VI	JAWAVG010000138_2	322	338	9.7e-31	103.9	736	1701	JAWAVG010000138	2	0.7329192546583851	0.7130177514792899	1
Cas1_6_CAS-I-II-III-IV-V-VI	JAWAVG010000040_3	326	320	1.5000000000000001e-30	103.4	1464	2441	JAWAVG010000040	3	0.7085889570552147	0.70625	1
Cas1_6_CAS-I-II-III-IV-V-VI	JAWAVG010000138_2	322	320	1.7e-17	60.5	736	1701	JAWAVG010000138	2	0.6490683229813664	0.640625	1
Cas1_7_CAS-I-II-III-IV-V-VI	JAWAVG010000001_106	224	328	0.013	11.4	94177	94848	JAWAVG010000001	106	0.15625	0.10365853658536585	-1
Cas1_7_CAS-I-II-III-IV-V-VI	JAWAVG010000040_3	326	328	5.9e-77	255.7	1464	2441	JAWAVG010000040	3	0.9785276073619632	0.9817073170731707	1
Cas1_7_CAS-I-II-III-IV-V-VI	JAWAVG010000138_2	322	328	2e-62	208.0	736	1701	JAWAVG010000138	2	0.9658385093167702	0.9664634146341463	1
Cas1_8_CAS-I-II-III-IV-V-VI	JAWAVG010000040_3	326	283	4.7e-74	245.9	1464	2441	JAWAVG010000040	3	0.843558282208589	0.9929328621908127	1
Cas1_8_CAS-I-II-III-IV-V-VI	JAWAVG010000138_2	322	283	5.9e-66	219.3	736	1701	JAWAVG010000138	2	0.7484472049689441	0.8480565371024735	1
Cas2_0_CAS-I-II-III-IV-V-VI	JAWAVG010000040_4	92	90	5e-14	49.4	2438	2713	JAWAVG010000040	4	0.7391304347826086	0.7777777777777778	1
Cas2_0_CAS-I-II-III-IV-V-VI	JAWAVG010000138_3	95	90	2.7e-13	47.0	1704	1988	JAWAVG010000138	3	0.7894736842105263	0.8444444444444444	1
Cas2_0_CAS-III-AM	JAWAVG010000040_4	92	95	0.0045	14.2	2438	2713	JAWAVG010000040	4	0.34782608695652173	0.3263157894736842	1
Cas2_0_CAS-III-AM	JAWAVG010000138_3	95	95	0.00053	17.2	1704	1988	JAWAVG010000138	3	0.8315789473684211	0.8210526315789474	1
Cas2_0_I-II-III	JAWAVG010000040_4	92	96	2.2e-15	53.5	2438	2713	JAWAVG010000040	4	0.8913043478260869	0.8854166666666666	1
Cas2_0_I-II-III	JAWAVG010000138_3	95	96	5.3e-13	45.9	1704	1988	JAWAVG010000138	3	0.8421052631578947	0.8645833333333334	1
Cas2_0_I-II-III-V	JAWAVG010000040_4	92	83	4.7e-14	49.3	2438	2713	JAWAVG010000040	4	0.8478260869565217	0.963855421686747	1
Cas2_0_I-II-III-V	JAWAVG010000138_3	95	83	1.3e-11	41.4	1704	1988	JAWAVG010000138	3	0.8	0.9518072289156626	1
Cas2_10_CAS-I-II-III-IV-V-VI	JAWAVG010000005_44	296	86	0.0053	13.7	39356	40243	JAWAVG010000005	44	0.16891891891891891	0.5697674418604651	-1
Cas2_11_CAS-I-II-III-IV-V-VI	JAWAVG010000040_4	92	71	4.6e-14	49.2	2438	2713	JAWAVG010000040	4	0.7608695652173914	0.971830985915493	1
Cas2_11_CAS-I-II-III-IV-V-VI	JAWAVG010000138_3	95	71	5.3e-14	49.1	1704	1988	JAWAVG010000138	3	0.7052631578947368	0.9295774647887324	1
Cas2_1_CAS-I-II-III-IV-V-VI	JAWAVG010000005_44	296	93	0.016	12.2	39356	40243	JAWAVG010000005	44	0.22972972972972974	0.7096774193548387	-1
Cas2_2_CAS-I-II-III-IV-V-VI	JAWAVG010000007_23	182	79	0.016	12.2	17004	17549	JAWAVG010000007	23	0.24175824175824176	0.27848101265822783	1
Cas2_2_CAS-I-II-III-IV-V-VI	JAWAVG010000040_4	92	79	2.8e-17	59.5	2438	2713	JAWAVG010000040	4	0.8369565217391305	0.9620253164556962	1
Cas2_2_CAS-I-II-III-IV-V-VI	JAWAVG010000138_3	95	79	3.6e-16	56.0	1704	1988	JAWAVG010000138	3	0.8105263157894737	0.9620253164556962	1
Cas2_4_CAS-I-II-III-IV-V-VI	JAWAVG010000040_4	92	89	5.6e-19	65.1	2438	2713	JAWAVG010000040	4	0.8695652173913043	0.898876404494382	1
Cas2_4_CAS-I-II-III-IV-V-VI	JAWAVG010000138_3	95	89	4.9e-16	55.7	1704	1988	JAWAVG010000138	3	0.8842105263157894	0.9438202247191011	1
Cas2_6_CAS-I-II-III-IV-V-VI	JAWAVG010000040_4	92	90	1.3e-08	32.0	2438	2713	JAWAVG010000040	4	0.5434782608695652	0.5444444444444444	1
Cas2_6_CAS-I-II-III-IV-V-VI	JAWAVG010000138_3	95	90	0.00058	17.1	1704	1988	JAWAVG010000138	3	0.7052631578947368	0.7333333333333333	1
Cas2_7_CAS-I-II-III-IV-V-VI	JAWAVG010000006_40	502	94	0.012	12.9	34230	35735	JAWAVG010000006	40	0.10159362549800798	0.5425531914893617	1
Cas2_7_CAS-I-II-III-IV-V-VI	JAWAVG010000039_3	119	94	0.01	13.2	2833	3189	JAWAVG010000039	3	0.21008403361344538	0.2553191489361702	1
Cas2_7_CAS-I-II-III-IV-V-VI	JAWAVG010000040_4	92	94	4.0999999999999994e-24	81.7	2438	2713	JAWAVG010000040	4	0.9456521739130435	0.9148936170212766	1
Cas2_7_CAS-I-II-III-IV-V-VI	JAWAVG010000138_3	95	94	1.6000000000000001e-28	95.8	1704	1988	JAWAVG010000138	3	0.8736842105263158	0.8829787234042553	1
Cas3-Cas2_0_CAS-I-F	JAWAVG010000040_12	577	1106	0.00076	14.1	8296	10026	JAWAVG010000040	12	0.317157712305026	0.15822784810126583	1
Cas3-Cas2_0_IF	JAWAVG010000040_12	577	1110	0.00058	14.5	8296	10026	JAWAVG010000040	12	0.317157712305026	0.15765765765765766	1
Cas3HD_0_CAS-I	JAWAVG010000009_4	311	203	0.0017	15.0	7222	8154	JAWAVG010000009	4	0.27009646302250806	0.42857142857142855	-1
Cas3HD_0_CAS-I	JAWAVG010000017_18	768	203	3.1e-05	20.7	16370	18673	JAWAVG010000017	18	0.11067708333333333	0.5467980295566502	-1
Cas3HD_0_CAS-I	JAWAVG010000029_16	340	203	0.072	9.7	13574	14593	JAWAVG010000029	16	0.10882352941176471	0.18719211822660098	1
Cas3HD_0_CAS-I	JAWAVG010000051_7	214	203	0.02	11.5	4611	5252	JAWAVG010000051	7	0.29906542056074764	0.3497536945812808	1
Cas3_0_CAS-I	JAWAVG010000002_65	727	353	2.5e-11	40.1	65585	67765	JAWAVG010000002	65	0.2517193947730399	0.48441926345609065	-1
Cas3_0_CAS-I	JAWAVG010000002_7	1032	353	3.1e-08	29.9	5670	8765	JAWAVG010000002	7	0.16375968992248063	0.48441926345609065	1
Cas3_0_CAS-I	JAWAVG010000002_98	896	353	1.5e-10	37.5	110044	112731	JAWAVG010000002	98	0.38169642857142855	0.9036827195467422	1
Cas3_0_CAS-I	JAWAVG010000006_47	671	353	3.2e-12	43.0	41522	43534	JAWAVG010000006	47	0.2593144560357675	0.48158640226628896	-1
Cas3_0_CAS-I	JAWAVG010000009_6	450	353	5.2e-06	22.6	9610	10959	JAWAVG010000009	6	0.21777777777777776	0.26912181303116145	-1
Cas3_0_CAS-I	JAWAVG010000010_19	959	353	1.1e-15	54.4	18550	21426	JAWAVG010000010	19	0.337851929092805	0.9178470254957507	-1
Cas3_0_CAS-I	JAWAVG010000013_7	751	353	9.5e-10	34.9	5381	7633	JAWAVG010000013	7	0.4047936085219707	0.8951841359773371	1
Cas3_0_CAS-I	JAWAVG010000015_7	1210	353	3.6e-06	23.1	4161	7790	JAWAVG010000015	7	0.1	0.3087818696883853	1
Cas3_0_CAS-I	JAWAVG010000040_12	577	353	1.1e-52	176.1	8296	10026	JAWAVG010000040	12	0.5996533795493935	0.9915014164305949	1
Cas3_0_CAS-I	JAWAVG010000047_1	835	353	3.7000000000000005e-22	75.7	2	2506	JAWAVG010000047	1	0.35808383233532937	0.8810198300283286	-1
Cas3_0_CAS-I	JAWAVG010000050_8	729	353	8.7e-09	31.7	6561	8747	JAWAVG010000050	8	0.1440329218106996	0.28611898016997167	1
Cas3_0_CAS-I	JAWAVG010000071_6	616	353	0.023	10.6	2307	4154	JAWAVG010000071	6	0.05357142857142857	0.09348441926345609	1
Cas3_0_CAS-I-D	JAWAVG010000002_7	1032	626	1.7e-07	26.6	5670	8765	JAWAVG010000002	7	0.05910852713178295	0.09904153354632587	1
Cas3_0_CAS-I-D	JAWAVG010000010_19	959	626	4.7e-10	35.1	18550	21426	JAWAVG010000010	19	0.1835245046923879	0.26996805111821087	-1
Cas3_0_CAS-I-D	JAWAVG010000013_7	751	626	3.5e-24	81.8	5381	7633	JAWAVG010000013	7	0.45139813581890814	0.5287539936102237	1
Cas3_0_CAS-I-D	JAWAVG010000015_7	1210	626	0.0016	13.5	4161	7790	JAWAVG010000015	7	0.06446280991735537	0.12140575079872204	1
Cas3_0_CAS-I-D	JAWAVG010000032_13	602	626	0.0015	13.6	10106	11911	JAWAVG010000032	13	0.09966777408637874	0.0926517571884984	-1
Cas3_0_CAS-I-D	JAWAVG010000040_12	577	626	9.9e-16	53.8	8296	10026	JAWAVG010000040	12	0.4783362218370884	0.4249201277955272	1
Cas3_0_CAS-I-D	JAWAVG010000047_1	835	626	1.8e-09	33.1	2	2506	JAWAVG010000047	1	0.22395209580838324	0.2715654952076677	-1
Cas3_0_CAS-I-U	JAWAVG010000010_19	959	843	0.0077	10.9	18550	21426	JAWAVG010000010	19	0.1032325338894682	0.11387900355871886	-1
Cas3_0_CAS-I-U	JAWAVG010000040_12	577	843	4.4e-09	31.5	8296	10026	JAWAVG010000040	12	0.2634315424610052	0.19217081850533807	1
Cas3_0_I	JAWAVG010000002_65	727	358	1.4e-11	40.9	65585	67765	JAWAVG010000002	65	0.2393397524071527	0.4553072625698324	-1
Cas3_0_I	JAWAVG010000002_7	1032	358	3.1e-08	29.9	5670	8765	JAWAVG010000002	7	0.16375968992248063	0.48044692737430167	1
Cas3_0_I	JAWAVG010000002_75	383	358	0.017	11.0	76505	77653	JAWAVG010000002	75	0.15404699738903394	0.164804469273743	1
Cas3_0_I	JAWAVG010000002_98	896	358	6.8e-11	38.6	110044	112731	JAWAVG010000002	98	0.38169642857142855	0.9022346368715084	1
Cas3_0_I	JAWAVG010000006_47	671	358	1.6e-11	40.7	41522	43534	JAWAVG010000006	47	0.29210134128166915	0.553072625698324	-1
Cas3_0_I	JAWAVG010000009_6	450	358	4.1e-06	22.9	9610	10959	JAWAVG010000009	6	0.2088888888888889	0.2541899441340782	-1
Cas3_0_I	JAWAVG010000010_19	959	358	3e-15	52.9	18550	21426	JAWAVG010000010	19	0.32429614181439	0.8798882681564246	-1
Cas3_0_I	JAWAVG010000013_7	751	358	3.8e-09	32.9	5381	7633	JAWAVG010000013	7	0.4207723035952064	0.9441340782122905	1
Cas3_0_I	JAWAVG010000015_7	1210	358	1.6e-05	21.0	4161	7790	JAWAVG010000015	7	0.1	0.30726256983240224	1
Cas3_0_I	JAWAVG010000040_12	577	358	6.6e-52	173.5	8296	10026	JAWAVG010000040	12	0.5979202772963604	0.9888268156424581	1
Cas3_0_I	JAWAVG010000047_1	835	358	1.2e-21	74.0	2	2506	JAWAVG010000047	1	0.35808383233532937	0.8798882681564246	-1
Cas3_0_I	JAWAVG010000050_8	729	358	1.8e-09	33.9	6561	8747	JAWAVG010000050	8	0.205761316872428	0.42178770949720673	1
Cas3_0_I	JAWAVG010000071_6	616	358	0.027	10.3	2307	4154	JAWAVG010000071	6	0.05357142857142857	0.09217877094972067	1
Cas3_0_ID	JAWAVG010000002_65	727	357	0.00012	18.0	65585	67765	JAWAVG010000002	65	0.18844566712517194	0.40336134453781514	-1
Cas3_0_ID	JAWAVG010000002_7	1032	357	9.8e-13	44.7	5670	8765	JAWAVG010000002	7	0.2054263565891473	0.6554621848739496	1
Cas3_0_ID	JAWAVG010000002_98	896	357	1e-05	21.6	110044	112731	JAWAVG010000002	98	0.20424107142857142	0.5210084033613446	1
Cas3_0_ID	JAWAVG010000006_47	671	357	0.00042	16.3	41522	43534	JAWAVG010000006	47	0.27719821162444114	0.5042016806722689	-1
Cas3_0_ID	JAWAVG010000009_6	450	357	8.4e-08	28.4	9610	10959	JAWAVG010000009	6	0.2822222222222222	0.3557422969187675	-1
Cas3_0_ID	JAWAVG010000010_19	959	357	0.00021	17.3	18550	21426	JAWAVG010000010	19	0.12825860271115747	0.3389355742296919	-1
Cas3_0_ID	JAWAVG010000013_7	751	357	3.8e-11	39.5	5381	7633	JAWAVG010000013	7	0.2809587217043941	0.6274509803921569	1
Cas3_0_ID	JAWAVG010000040_12	577	357	9.6e-07	25.0	8296	10026	JAWAVG010000040	12	0.14731369150779897	0.2184873949579832	1
Cas3_0_ID	JAWAVG010000047_1	835	357	3.5e-06	23.1	2	2506	JAWAVG010000047	1	0.16407185628742516	0.36134453781512604	-1
Cas3_0_IU	JAWAVG010000002_65	727	864	0.001	13.8	65585	67765	JAWAVG010000002	65	0.16643741403026135	0.15046296296296297	-1
Cas3_0_IU	JAWAVG010000040_12	577	864	4.8e-13	44.7	8296	10026	JAWAVG010000040	12	0.24090121317157712	0.16782407407407407	1
Cas3_0_IU	JAWAVG010000047_1	835	864	0.0044	11.8	2	2506	JAWAVG010000047	1	0.1497005988023952	0.1574074074074074	-1
Cas3_1_CAS-I	JAWAVG010000002_65	727	745	2.9e-08	29.3	65585	67765	JAWAVG010000002	65	0.2998624484181568	0.28993288590604027	-1
Cas3_1_CAS-I	JAWAVG010000002_7	1032	745	2.1e-05	19.8	5670	8765	JAWAVG010000002	7	0.1753875968992248	0.26174496644295303	1
Cas3_1_CAS-I	JAWAVG010000002_98	896	745	0.0002	16.6	110044	112731	JAWAVG010000002	98	0.18080357142857142	0.21610738255033557	1
Cas3_1_CAS-I	JAWAVG010000006_47	671	745	2.1e-07	26.4	41522	43534	JAWAVG010000006	47	0.11028315946348734	0.1087248322147651	-1
Cas3_1_CAS-I	JAWAVG010000009_6	450	745	7e-05	18.1	9610	10959	JAWAVG010000009	6	0.18	0.12080536912751678	-1
Cas3_1_CAS-I	JAWAVG010000010_19	959	745	1.6e-12	43.4	18550	21426	JAWAVG010000010	19	0.17309697601668406	0.22550335570469798	-1
Cas3_1_CAS-I	JAWAVG010000013_7	751	745	4.8e-06	22.0	5381	7633	JAWAVG010000013	7	0.1118508655126498	0.11946308724832215	1
Cas3_1_CAS-I	JAWAVG010000015_7	1210	745	2.8e-08	29.4	4161	7790	JAWAVG010000015	7	0.11652892561983472	0.19463087248322147	1
Cas3_1_CAS-I	JAWAVG010000040_12	577	745	2.5999999999999998e-61	204.7	8296	10026	JAWAVG010000040	12	0.6793760831889082	0.5409395973154363	1
Cas3_1_CAS-I	JAWAVG010000047_1	835	745	1.1e-19	67.1	2	2506	JAWAVG010000047	1	0.38922155688622756	0.4738255033557047	-1
Cas3_1_CAS-I	JAWAVG010000050_8	729	745	7.7e-06	21.3	6561	8747	JAWAVG010000050	8	0.1440329218106996	0.15570469798657718	1
Cas3_1_CAS-I	JAWAVG010000071_6	616	745	0.02	10.0	2307	4154	JAWAVG010000071	6	0.05519480519480519	0.049664429530201344	1
Cas3_1_CAS-I-D	JAWAVG010000002_65	727	353	0.00017	17.5	65585	67765	JAWAVG010000002	65	0.13342503438789546	0.3031161473087819	-1
Cas3_1_CAS-I-D	JAWAVG010000002_7	1032	353	5.1e-11	39.0	5670	8765	JAWAVG010000002	7	0.19864341085271317	0.6317280453257791	1
Cas3_1_CAS-I-D	JAWAVG010000002_98	896	353	4.6e-06	22.7	110044	112731	JAWAVG010000002	98	0.20647321428571427	0.5212464589235127	1
Cas3_1_CAS-I-D	JAWAVG010000006_47	671	353	0.00027	16.9	41522	43534	JAWAVG010000006	47	0.2473919523099851	0.45042492917847027	-1
Cas3_1_CAS-I-D	JAWAVG010000009_6	450	353	3.7e-08	29.6	9610	10959	JAWAVG010000009	6	0.2822222222222222	0.35694050991501414	-1
Cas3_1_CAS-I-D	JAWAVG010000010_19	959	353	0.0003	16.8	18550	21426	JAWAVG010000010	19	0.11157455683003129	0.3002832861189802	-1
Cas3_1_CAS-I-D	JAWAVG010000013_7	751	353	4.2e-11	39.3	5381	7633	JAWAVG010000013	7	0.27430093209054596	0.6090651558073654	1
Cas3_1_CAS-I-D	JAWAVG010000040_12	577	353	5.8e-07	25.7	8296	10026	JAWAVG010000040	12	0.1611785095320624	0.24362606232294617	1
Cas3_1_CAS-I-D	JAWAVG010000047_1	835	353	1.2e-06	24.7	2	2506	JAWAVG010000047	1	0.2682634730538922	0.6062322946175638	-1
Cas3_1_CAS-I-D	JAWAVG010000050_8	729	353	0.0055	12.6	6561	8747	JAWAVG010000050	8	0.19890260631001372	0.40509915014164305	1
Cas3_1_I	JAWAVG010000009_4	311	178	0.0058	13.5	7222	8154	JAWAVG010000009	4	0.33762057877813506	0.4943820224719101	-1
Cas3_1_I	JAWAVG010000017_18	768	178	0.00097	16.0	16370	18673	JAWAVG010000017	18	0.053385416666666664	0.25280898876404495	-1
Cas3_1_I	JAWAVG010000051_7	214	178	0.0052	13.6	4611	5252	JAWAVG010000051	7	0.16355140186915887	0.2247191011235955	1
Cas3_2_CAS-I	JAWAVG010000002_7	1032	967	4.9e-05	18.3	5670	8765	JAWAVG010000002	7	0.20736434108527133	0.22440537745604963	1
Cas3_2_CAS-I	JAWAVG010000010_19	959	967	2.6e-07	25.9	18550	21426	JAWAVG010000010	19	0.20959332638164754	0.20165460186142709	-1
Cas3_2_CAS-I	JAWAVG010000013_7	751	967	4.5e-16	54.9	5381	7633	JAWAVG010000013	7	0.35286284953395475	0.2678386763185109	1
Cas3_2_CAS-I	JAWAVG010000040_12	577	967	1.1e-05	20.5	8296	10026	JAWAVG010000040	12	0.15251299826689774	0.09410548086866598	1
Cas3d_0_CAS-I-D	JAWAVG010000002_43	478	639	0.0092	11.2	38927	40360	JAWAVG010000002	43	0.06276150627615062	0.046948356807511735	1
Cas3d_0_CAS-I-D	JAWAVG010000002_7	1032	639	0.0052	12.0	5670	8765	JAWAVG010000002	7	0.060077519379844964	0.10485133020344288	1
Cas3d_0_CAS-I-D	JAWAVG010000002_98	896	639	0.0032	12.7	110044	112731	JAWAVG010000002	98	0.1484375	0.19248826291079812	1
Cas3d_0_CAS-I-D	JAWAVG010000009_6	450	639	0.0023	13.2	9610	10959	JAWAVG010000009	6	0.19777777777777777	0.13458528951486698	-1
Cas3d_0_CAS-I-D	JAWAVG010000010_19	959	639	0.00096	14.4	18550	21426	JAWAVG010000010	19	0.11574556830031282	0.16588419405320814	-1
Cas3d_0_CAS-I-D	JAWAVG010000013_7	751	639	7.1e-08	28.1	5381	7633	JAWAVG010000013	7	0.15579227696404793	0.1752738654147105	1
Cas3d_0_CAS-I-D	JAWAVG010000040_12	577	639	4.6e-10	35.3	8296	10026	JAWAVG010000040	12	0.22876949740034663	0.19718309859154928	1
Cas3d_1_CAS-I-D	JAWAVG010000002_7	1032	627	1.2e-06	23.9	5670	8765	JAWAVG010000002	7	0.187984496124031	0.29984051036682613	1
Cas3d_1_CAS-I-D	JAWAVG010000006_47	671	627	9.5e-05	17.6	41522	43534	JAWAVG010000006	47	0.18032786885245902	0.18022328548644337	-1
Cas3d_1_CAS-I-D	JAWAVG010000013_7	751	627	1.5e-08	30.1	5381	7633	JAWAVG010000013	7	0.2822902796271638	0.3365231259968102	1
Cas3d_1_CAS-I-D	JAWAVG010000040_12	577	627	6.2e-06	21.5	8296	10026	JAWAVG010000040	12	0.19410745233968804	0.1674641148325359	1
Cas4_0_CAS-I-II-III-IV-V-VI	JAWAVG010000008_25	121	179	0.0099	12.9	16672	17034	JAWAVG010000008	25	0.5206611570247934	0.3575418994413408	1
Cas4_0_CAS-I-II-III-IV-V-VI	JAWAVG010000030_13	214	179	4e-10	37.0	12839	13480	JAWAVG010000030	13	0.8364485981308412	0.9720670391061452	1
Cas4_0_CAS-I-II-III-IV-V-VI	JAWAVG010000040_2	274	179	4.9e-08	30.2	643	1464	JAWAVG010000040	2	0.4744525547445255	0.7206703910614525	1
Cas4_0_CAS-I-II-III-IV-V-VI	JAWAVG010000040_5	184	179	8.8e-29	97.8	2697	3248	JAWAVG010000040	5	0.9456521739130435	1.0	1
Cas4_0_CAS-I-II-III-IV-V-VI	JAWAVG010000097_3	247	179	0.0005	17.1	714	1454	JAWAVG010000097	3	0.2388663967611336	0.3575418994413408	1
Cas4_0_CAS-I-II-III-IV-V-VI	JAWAVG010000138_4	181	179	1.1e-21	74.6	2014	2556	JAWAVG010000138	4	0.9613259668508287	0.9720670391061452	1
Cas4_0_I-II	JAWAVG010000030_13	214	180	9.1e-13	45.2	12839	13480	JAWAVG010000030	13	0.8364485981308412	0.9666666666666667	1
Cas4_0_I-II	JAWAVG010000040_2	274	180	1e-05	22.2	643	1464	JAWAVG010000040	2	0.43795620437956206	0.6611111111111111	1
Cas4_0_I-II	JAWAVG010000040_5	184	180	1.7e-30	103.0	2697	3248	JAWAVG010000040	5	0.9456521739130435	0.9944444444444445	1
Cas4_0_I-II	JAWAVG010000097_3	247	180	0.0002	18.1	714	1454	JAWAVG010000097	3	0.2388663967611336	0.3333333333333333	1
Cas4_0_I-II	JAWAVG010000138_4	181	180	1.2e-21	74.2	2014	2556	JAWAVG010000138	4	0.9613259668508287	0.9666666666666667	1
Cas4_0_I-II-V	JAWAVG010000013_2	211	177	0.022	11.6	1320	1952	JAWAVG010000013	2	0.36018957345971564	0.4463276836158192	-1
Cas4_0_I-II-V	JAWAVG010000040_2	274	177	8.9e-07	25.9	643	1464	JAWAVG010000040	2	0.36496350364963503	0.5649717514124294	1
Cas4_0_I-II-V	JAWAVG010000040_5	184	177	8.7e-27	91.1	2697	3248	JAWAVG010000040	5	0.9456521739130435	1.0	1
Cas4_0_I-II-V	JAWAVG010000097_3	247	177	0.0064	13.3	714	1454	JAWAVG010000097	3	0.3157894736842105	0.4632768361581921	1
Cas4_0_I-II-V	JAWAVG010000138_4	181	177	2e-17	60.6	2014	2556	JAWAVG010000138	4	0.9613259668508287	0.9717514124293786	1
Cas4_0_IA	JAWAVG010000040_2	274	273	4.6000000000000004e-73	243.0	643	1464	JAWAVG010000040	2	0.9598540145985401	0.9963369963369964	1
Cas4_0_IA	JAWAVG010000138_1	252	273	1.8e-49	165.6	3	758	JAWAVG010000138	1	0.9563492063492064	0.9560439560439561	1
Cas4_1_CAS-I-II-III-IV-V-VI	JAWAVG010000040_2	274	270	2e-71	237.5	643	1464	JAWAVG010000040	2	0.9598540145985401	0.9962962962962963	1
Cas4_1_CAS-I-II-III-IV-V-VI	JAWAVG010000138_1	252	270	2.4e-50	168.4	3	758	JAWAVG010000138	1	0.9563492063492064	0.9555555555555556	1
Cas4_3_CAS-I-II-III-IV-V-VI	JAWAVG010000030_13	214	197	6.7e-07	26.3	12839	13480	JAWAVG010000030	13	0.8411214953271028	0.8883248730964467	1
Cas4_3_CAS-I-II-III-IV-V-VI	JAWAVG010000040_2	274	197	1.6e-05	21.8	643	1464	JAWAVG010000040	2	0.4343065693430657	0.5989847715736041	1
Cas4_3_CAS-I-II-III-IV-V-VI	JAWAVG010000040_5	184	197	1.7e-19	67.4	2697	3248	JAWAVG010000040	5	0.9728260869565217	0.934010152284264	1
Cas4_3_CAS-I-II-III-IV-V-VI	JAWAVG010000119_3	404	197	0.0065	13.3	965	2176	JAWAVG010000119	3	0.16584158415841585	0.3147208121827411	1
Cas4_3_CAS-I-II-III-IV-V-VI	JAWAVG010000138_1	252	197	0.018	11.9	3	758	JAWAVG010000138	1	0.30952380952380953	0.38071065989847713	1
Cas4_3_CAS-I-II-III-IV-V-VI	JAWAVG010000138_4	181	197	1.9e-13	47.7	2014	2556	JAWAVG010000138	4	0.9613259668508287	0.883248730964467	1
Cas4_4_CAS-I-II-III-IV-V-VI	JAWAVG010000040_2	274	284	2.6999999999999997e-68	227.3	643	1464	JAWAVG010000040	2	0.9635036496350365	0.9647887323943662	1
Cas4_4_CAS-I-II-III-IV-V-VI	JAWAVG010000138_1	252	284	2.8999999999999996e-49	164.9	3	758	JAWAVG010000138	1	0.9603174603174603	0.926056338028169	1
Cas4_5_CAS-I-II-III-IV-V-VI	JAWAVG010000040_5	184	161	1.4e-14	51.4	2697	3248	JAWAVG010000040	5	0.9184782608695652	0.968944099378882	1
Cas4_5_CAS-I-II-III-IV-V-VI	JAWAVG010000097_3	247	161	7.9e-06	22.9	714	1454	JAWAVG010000097	3	0.2834008097165992	0.40372670807453415	1
Cas4_5_CAS-I-II-III-IV-V-VI	JAWAVG010000138_1	252	161	0.0053	13.7	3	758	JAWAVG010000138	1	0.3253968253968254	0.484472049689441	1
Cas4_5_CAS-I-II-III-IV-V-VI	JAWAVG010000138_4	181	161	1.9e-07	28.2	2014	2556	JAWAVG010000138	4	0.9558011049723757	0.9627329192546584	1
Cas4_6_CAS-I-II-III-IV-V-VI	JAWAVG010000040_2	274	292	3.5999999999999997e-69	230.2	643	1464	JAWAVG010000040	2	0.9963503649635036	0.9897260273972602	1
Cas4_6_CAS-I-II-III-IV-V-VI	JAWAVG010000138_1	252	292	6.5e-49	163.7	3	758	JAWAVG010000138	1	0.9563492063492064	0.9178082191780822	1
Cas5_0_CAS-I	JAWAVG010000040_10	276	201	3e-15	53.3	6389	7216	JAWAVG010000040	10	0.6702898550724637	0.7412935323383084	1
Cas5_0_CAS-I-A	JAWAVG010000040_10	276	179	4.7e-22	75.6	6389	7216	JAWAVG010000040	10	0.7210144927536232	0.9776536312849162	1
Cas5_0_I	JAWAVG010000040_10	276	43	3.3e-09	33.2	6389	7216	JAWAVG010000040	10	0.18478260869565216	0.9534883720930233	1
Cas5_0_IA	JAWAVG010000040_10	276	173	3.1e-21	72.8	6389	7216	JAWAVG010000040	10	0.6992753623188406	0.953757225433526	1
Cas5_1_CAS-I	JAWAVG010000040_10	276	241	1.2e-17	61.2	6389	7216	JAWAVG010000040	10	0.8369565217391305	0.8506224066390041	1
Cas5_1_CAS-I-A	JAWAVG010000040_10	276	192	1.3e-19	67.3	6389	7216	JAWAVG010000040	10	0.6920289855072463	0.8645833333333334	1
Cas5_2_CAS-I	JAWAVG010000040_10	276	213	4.5e-06	23.5	6389	7216	JAWAVG010000040	10	0.18840579710144928	0.24413145539906103	1
Cas5a_0_CAS-I-A	JAWAVG010000040_10	276	284	9.4e-07	25.2	6389	7216	JAWAVG010000040	10	0.4057971014492754	0.38028169014084506	1
Cas6_0_CAS-I-A-III-D	JAWAVG010000040_6	279	246	1.3e-09	34.5	3294	4130	JAWAVG010000040	6	0.34408602150537637	0.35772357723577236	1
Cas6_0_CAS-I-A-III-D	JAWAVG010000049_10	283	246	0.012	11.7	8810	9658	JAWAVG010000049	10	0.1872791519434629	0.2073170731707317	-1
Cas6_0_CAS-I-D	JAWAVG010000040_6	279	278	0.0023	14.4	3294	4130	JAWAVG010000040	6	0.32616487455197135	0.3237410071942446	1
Cas6_0_CAS-I-II-III-IV-V-VI	JAWAVG010000040_6	279	194	5.5e-11	40.1	3294	4130	JAWAVG010000040	6	0.5698924731182796	0.6907216494845361	1
Cas6_0_CAS-I-II-III-IV-V-VI	JAWAVG010000049_10	283	194	3.1e-12	44.1	8810	9658	JAWAVG010000049	10	0.7632508833922261	0.9948453608247423	-1
Cas6_0_CAS-I-III-B	JAWAVG010000040_6	279	282	5.4e-05	19.1	3294	4130	JAWAVG010000040	6	0.1863799283154122	0.18439716312056736	1
Cas6_0_I-III	JAWAVG010000040_6	279	200	1.1e-12	45.6	3294	4130	JAWAVG010000040	6	0.5698924731182796	0.67	1
Cas6_0_I-III	JAWAVG010000049_10	283	200	1.9e-14	51.4	8810	9658	JAWAVG010000049	10	0.7809187279151943	0.985	-1
Cas6_0_I-III	JAWAVG010000107_5	197	200	0.01	13.0	2689	3279	JAWAVG010000107	5	0.6192893401015228	0.635	1
Cas6_10_CAS-I-II-III-IV-V-VI	JAWAVG010000017_16	220	322	0.0035	13.4	15028	15687	JAWAVG010000017	16	0.3090909090909091	0.2111801242236025	-1
Cas6_10_CAS-I-II-III-IV-V-VI	JAWAVG010000040_6	279	322	0.00089	15.3	3294	4130	JAWAVG010000040	6	0.3154121863799283	0.27639751552795033	1
Cas6_10_CAS-I-II-III-IV-V-VI	JAWAVG010000049_10	283	322	5.2e-05	19.4	8810	9658	JAWAVG010000049	10	0.18021201413427562	0.15838509316770186	-1
Cas6_13_CAS-I-II-III-IV-V-VI	JAWAVG010000040_6	279	151	0.0035	14.5	3294	4130	JAWAVG010000040	6	0.17204301075268819	0.31788079470198677	1
Cas6_15_CAS-I-II-III-IV-V-VI	JAWAVG010000040_6	279	112	1.1e-12	45.4	3294	4130	JAWAVG010000040	6	0.48028673835125446	1.0	1
Cas6_15_CAS-I-II-III-IV-V-VI	JAWAVG010000049_10	283	112	7.7e-14	49.1	8810	9658	JAWAVG010000049	10	0.3992932862190813	1.0	-1
Cas6_6_IVD	JAWAVG010000040_6	279	259	0.0006	16.1	3294	4130	JAWAVG010000040	6	0.17921146953405018	0.19305019305019305	1
Cas6_6_IVD	JAWAVG010000049_10	283	259	0.016	11.5	8810	9658	JAWAVG010000049	10	0.4134275618374558	0.46332046332046334	-1
Cas6_7_IV	JAWAVG010000049_10	283	262	0.0057	13.1	8810	9658	JAWAVG010000049	10	0.15547703180212014	0.1450381679389313	-1
Cas6_8_CAS-I-II-III-IV-V-VI	JAWAVG010000040_6	279	275	7e-11	38.9	3294	4130	JAWAVG010000040	6	0.3333333333333333	0.32727272727272727	1
Cas6_8_CAS-I-II-III-IV-V-VI	JAWAVG010000049_10	283	275	2.1e-17	60.2	8810	9658	JAWAVG010000049	10	0.6678445229681979	0.7236363636363636	-1
Cas7_0_CAS-I	JAWAVG010000040_9	316	230	5.4e-42	140.4	5454	6401	JAWAVG010000040	9	0.7278481012658228	0.9869565217391304	1
Cas7_0_CAS-I-B	JAWAVG010000040_9	316	306	0.0023	14.0	5454	6401	JAWAVG010000040	9	0.5474683544303798	0.5	1
Cas7_0_I	JAWAVG010000040_9	316	240	4.3e-38	127.5	5454	6401	JAWAVG010000040	9	0.7531645569620253	0.9916666666666667	1
Cas7_0_IA	JAWAVG010000040_9	316	284	2.0999999999999998e-70	234.0	5454	6401	JAWAVG010000040	9	0.8227848101265823	0.9929577464788732	1
Cas7_1_CAS-I	JAWAVG010000040_9	316	274	2.1999999999999998e-69	230.6	5454	6401	JAWAVG010000040	9	0.8069620253164557	0.9927007299270073	1
Cas7_1_IB	JAWAVG010000040_9	316	321	0.00041	16.2	5454	6401	JAWAVG010000040	9	0.5443037974683544	0.4953271028037383	1
Cas7_2_CAS-I	JAWAVG010000040_9	316	338	2.1e-53	178.5	5454	6401	JAWAVG010000040	9	0.8386075949367089	0.849112426035503	1
Cas7_2_CAS-I-B	JAWAVG010000116_2	408	295	4.6e-41	137.8	673	1896	JAWAVG010000116	2	0.8186274509803921	0.9559322033898305	1
Cas7_3_CAS-I	JAWAVG010000040_9	316	265	8.300000000000001e-66	218.5	5454	6401	JAWAVG010000040	9	0.8006329113924051	0.9962264150943396	1
Cas8a2_0_CAS-I-A	JAWAVG010000040_11	361	329	0.0041	13.0	7221	8303	JAWAVG010000040	11	0.16897506925207756	0.1884498480243161	1
Cas8a2_1_CAS-I-A	JAWAVG010000040_11	361	352	8.1e-15	51.4	7221	8303	JAWAVG010000040	11	0.5872576177285319	0.6051136363636364	1
Cas8a2_2_CAS-I-A	JAWAVG010000040_11	361	357	2.6e-29	99.6	7221	8303	JAWAVG010000040	11	0.925207756232687	0.938375350140056	1
Cas8a2_5_CAS-I-A	JAWAVG010000040_11	361	355	9.2e-36	120.7	7221	8303	JAWAVG010000040	11	0.9141274238227147	0.9295774647887324	1
Cas8b13_0_CAS-I-B	JAWAVG010000018_22	297	688	0.0024	13.2	18802	19692	JAWAVG010000018	22	0.21885521885521886	0.09156976744186046	1
Cas8b2_4_CAS-I-B	JAWAVG010000012_24	63	65	0.048	10.8	18574	18762	JAWAVG010000012	24	0.3968253968253968	0.24615384615384617	-1
Cas8b2_8_CAS-I-B	JAWAVG010000012_24	63	70	0.0087	13.2	18574	18762	JAWAVG010000012	24	0.6349206349206349	0.44285714285714284	-1
Cas8e_1_CAS-I-E	JAWAVG010000012_4	280	474	0.021	10.7	3362	4201	JAWAVG010000012	4	0.37857142857142856	0.24472573839662448	1
Cas9_0_II-C2	JAWAVG010000013_24	536	967	0.024	9.5	17600	19207	JAWAVG010000013	24	0.10820895522388059	0.05687693898655636	1
CasR_0_CAS-I-II-III-IV-V-VI	JAWAVG010000002_21	143	198	0.00076	16.0	20199	20627	JAWAVG010000002	21	0.6853146853146853	0.2878787878787879	1
CasR_0_CAS-I-II-III-IV-V-VI	JAWAVG010000002_42	511	198	0.0009	15.7	37078	38610	JAWAVG010000002	42	0.11741682974559686	0.30808080808080807	-1
CasR_0_CAS-I-II-III-IV-V-VI	JAWAVG010000003_73	84	198	0.00056	16.4	72690	72941	JAWAVG010000003	73	0.5119047619047619	0.22727272727272727	1
CasR_0_CAS-I-II-III-IV-V-VI	JAWAVG010000003_78	199	198	1.3e-05	21.7	75859	76455	JAWAVG010000003	78	0.2814070351758794	0.2777777777777778	1
CasR_0_CAS-I-II-III-IV-V-VI	JAWAVG010000004_25	306	198	7.7e-05	19.2	21424	22341	JAWAVG010000004	25	0.19607843137254902	0.30303030303030304	-1
CasR_0_CAS-I-II-III-IV-V-VI	JAWAVG010000004_84	452	198	0.00028	17.4	75115	76470	JAWAVG010000004	84	0.1172566371681416	0.25757575757575757	1
CasR_0_CAS-I-II-III-IV-V-VI	JAWAVG010000005_19	133	198	1.8e-08	31.0	16670	17068	JAWAVG010000005	19	0.5864661654135338	0.3838383838383838	1
CasR_0_CAS-I-II-III-IV-V-VI	JAWAVG010000005_52	146	198	1.7e-07	27.8	46393	46830	JAWAVG010000005	52	0.363013698630137	0.2676767676767677	1
CasR_0_CAS-I-II-III-IV-V-VI	JAWAVG010000005_53	165	198	0.0008	15.9	46926	47420	JAWAVG010000005	53	0.2909090909090909	0.24242424242424243	-1
CasR_0_CAS-I-II-III-IV-V-VI	JAWAVG010000005_9	161	198	0.00011	18.7	7870	8352	JAWAVG010000005	9	0.32298136645962733	0.1919191919191919	-1
CasR_0_CAS-I-II-III-IV-V-VI	JAWAVG010000006_2	91	198	0.0001	18.8	657	929	JAWAVG010000006	2	0.6263736263736264	0.2878787878787879	-1
CasR_0_CAS-I-II-III-IV-V-VI	JAWAVG010000007_39	596	198	0.018	11.5	33704	35491	JAWAVG010000007	39	0.08221476510067115	0.2474747474747475	1
CasR_0_CAS-I-II-III-IV-V-VI	JAWAVG010000008_12	71	198	6.7e-05	19.4	6428	6640	JAWAVG010000008	12	0.8028169014084507	0.29292929292929293	1
CasR_0_CAS-I-II-III-IV-V-VI	JAWAVG010000010_10	325	198	0.021	11.2	10393	11367	JAWAVG010000010	10	0.13230769230769232	0.21212121212121213	1
CasR_0_CAS-I-II-III-IV-V-VI	JAWAVG010000010_5	358	198	0.00044	16.7	4402	5475	JAWAVG010000010	5	0.25977653631284914	0.45454545454545453	1
CasR_0_CAS-I-II-III-IV-V-VI	JAWAVG010000013_11	133	198	0.0023	14.4	10505	10903	JAWAVG010000013	11	0.44360902255639095	0.2777777777777778	-1
CasR_0_CAS-I-II-III-IV-V-VI	JAWAVG010000013_2	211	198	3e-05	20.5	1320	1952	JAWAVG010000013	2	0.2559241706161137	0.2828282828282828	-1
CasR_0_CAS-I-II-III-IV-V-VI	JAWAVG010000013_4	309	198	0.00032	17.2	3066	3992	JAWAVG010000013	4	0.20388349514563106	0.31313131313131315	1
CasR_0_CAS-I-II-III-IV-V-VI	JAWAVG010000022_4	324	198	0.00017	18.1	2251	3222	JAWAVG010000022	4	0.2932098765432099	0.48484848484848486	1
CasR_0_CAS-I-II-III-IV-V-VI	JAWAVG010000027_14	206	198	0.0025	14.2	15335	15952	JAWAVG010000027	14	0.24757281553398058	0.2676767676767677	-1
CasR_0_CAS-I-II-III-IV-V-VI	JAWAVG010000032_14	157	198	2.2e-05	21.0	11911	12381	JAWAVG010000032	14	0.554140127388535	0.4444444444444444	-1
CasR_0_CAS-I-II-III-IV-V-VI	JAWAVG010000040_1	193	198	5.2e-22	75.2	1	579	JAWAVG010000040	1	0.8290155440414507	0.8131313131313131	1
CasR_0_CAS-I-II-III-IV-V-VI	JAWAVG010000040_7	227	198	2.5e-21	73.0	4179	4859	JAWAVG010000040	7	0.8766519823788547	0.9444444444444444	1
CasR_0_CAS-I-II-III-IV-V-VI	JAWAVG010000052_6	124	198	0.013	11.9	5733	6104	JAWAVG010000052	6	0.5725806451612904	0.35858585858585856	-1
CasR_0_CAS-I-II-III-IV-V-VI	JAWAVG010000053_1	226	198	7.4e-07	25.8	3	680	JAWAVG010000053	1	0.26548672566371684	0.29797979797979796	-1
CasR_0_CAS-I-II-III-IV-V-VI	JAWAVG010000092_7	100	198	0.0017	14.8	4540	4839	JAWAVG010000092	7	0.41	0.21212121212121213	1
CasR_0_CAS-I-II-III-IV-V-VI	JAWAVG010000113_1	253	198	0.0032	13.9	3	761	JAWAVG010000113	1	0.30434782608695654	0.3383838383838384	-1
CasR_0_CAS-III-A	JAWAVG010000065_2	459	398	8.200000000000001e-44	146.8	888	2264	JAWAVG010000065	2	0.5642701525054467	0.6256281407035176	-1
CasR_0_CAS-III-B-III-D	JAWAVG010000002_8	92	255	0.015	11.6	8789	9064	JAWAVG010000002	8	0.7391304347826086	0.3137254901960784	1
CasR_0_CAS-III-B-III-D	JAWAVG010000040_1	193	255	0.0012	15.2	1	579	JAWAVG010000040	1	0.5181347150259067	0.3764705882352941	1
CasR_0_CAS-III-B-III-D	JAWAVG010000051_8	427	255	0.0068	12.7	5265	6545	JAWAVG010000051	8	0.4496487119437939	0.39215686274509803	-1
CasR_0_CAS-III-B-III-D	JAWAVG010000051_9	428	255	0.3	7.4	6828	8111	JAWAVG010000051	9	0.46261682242990654	0.26666666666666666	-1
CasR_1_CAS-I-II-III-IV-V-VI	JAWAVG010000002_18	300	218	0.014	11.3	17781	18680	JAWAVG010000002	18	0.14	0.19724770642201836	-1
CasR_1_CAS-I-II-III-IV-V-VI	JAWAVG010000002_21	143	218	0.00056	16.0	20199	20627	JAWAVG010000002	21	0.6783216783216783	0.2798165137614679	1
CasR_1_CAS-I-II-III-IV-V-VI	JAWAVG010000002_42	511	218	0.00012	18.1	37078	38610	JAWAVG010000002	42	0.11937377690802348	0.28440366972477066	-1
CasR_1_CAS-I-II-III-IV-V-VI	JAWAVG010000003_73	84	218	8.7e-06	21.9	72690	72941	JAWAVG010000003	73	0.6190476190476191	0.24311926605504589	1
CasR_1_CAS-I-II-III-IV-V-VI	JAWAVG010000003_78	199	218	0.00012	18.2	75859	76455	JAWAVG010000003	78	0.24623115577889448	0.22935779816513763	1
CasR_1_CAS-I-II-III-IV-V-VI	JAWAVG010000004_25	306	218	0.0001	18.4	21424	22341	JAWAVG010000004	25	0.16993464052287582	0.24311926605504589	-1
CasR_1_CAS-I-II-III-IV-V-VI	JAWAVG010000004_84	452	218	0.00038	16.5	75115	76470	JAWAVG010000004	84	0.10176991150442478	0.21559633027522937	1
CasR_1_CAS-I-II-III-IV-V-VI	JAWAVG010000005_19	133	218	2.6e-09	33.4	16670	17068	JAWAVG010000005	19	0.5864661654135338	0.3486238532110092	1
CasR_1_CAS-I-II-III-IV-V-VI	JAWAVG010000005_52	146	218	6.2e-08	28.9	46393	46830	JAWAVG010000005	52	0.3835616438356164	0.25688073394495414	1
CasR_1_CAS-I-II-III-IV-V-VI	JAWAVG010000005_53	165	218	0.00014	17.9	46926	47420	JAWAVG010000005	53	0.37575757575757573	0.2981651376146789	-1
CasR_1_CAS-I-II-III-IV-V-VI	JAWAVG010000005_9	161	218	0.0002	17.4	7870	8352	JAWAVG010000005	9	0.2236024844720497	0.16055045871559634	-1
CasR_1_CAS-I-II-III-IV-V-VI	JAWAVG010000006_2	91	218	5.5e-05	19.2	657	929	JAWAVG010000006	2	0.6373626373626373	0.26605504587155965	-1
CasR_1_CAS-I-II-III-IV-V-VI	JAWAVG010000007_39	596	218	0.0014	14.6	33704	35491	JAWAVG010000007	39	0.12248322147651007	0.2889908256880734	1
CasR_1_CAS-I-II-III-IV-V-VI	JAWAVG010000008_12	71	218	6.1e-05	19.1	6428	6640	JAWAVG010000008	12	0.8028169014084507	0.26605504587155965	1
CasR_1_CAS-I-II-III-IV-V-VI	JAWAVG010000010_5	358	218	9.6e-05	18.5	4402	5475	JAWAVG010000010	5	0.2569832402234637	0.42201834862385323	1
CasR_1_CAS-I-II-III-IV-V-VI	JAWAVG010000013_11	133	218	0.0073	12.3	10505	10903	JAWAVG010000013	11	0.45112781954887216	0.25688073394495414	-1
CasR_1_CAS-I-II-III-IV-V-VI	JAWAVG010000013_2	211	218	4.1e-06	22.9	1320	1952	JAWAVG010000013	2	0.23222748815165878	0.23394495412844038	-1
CasR_1_CAS-I-II-III-IV-V-VI	JAWAVG010000013_4	309	218	0.0006	15.8	3066	3992	JAWAVG010000013	4	0.19741100323624594	0.27522935779816515	1
CasR_1_CAS-I-II-III-IV-V-VI	JAWAVG010000022_4	324	218	0.00017	17.6	2251	3222	JAWAVG010000022	4	0.13580246913580246	0.2018348623853211	1
CasR_1_CAS-I-II-III-IV-V-VI	JAWAVG010000027_14	206	218	0.00052	16.1	15335	15952	JAWAVG010000027	14	0.3300970873786408	0.25688073394495414	-1
CasR_1_CAS-I-II-III-IV-V-VI	JAWAVG010000032_14	157	218	3.7e-06	23.1	11911	12381	JAWAVG010000032	14	0.3821656050955414	0.2889908256880734	-1
CasR_1_CAS-I-II-III-IV-V-VI	JAWAVG010000040_1	193	218	5.4000000000000005e-27	91.2	1	579	JAWAVG010000040	1	0.8756476683937824	0.7844036697247706	1
CasR_1_CAS-I-II-III-IV-V-VI	JAWAVG010000040_7	227	218	1.5e-19	66.9	4179	4859	JAWAVG010000040	7	0.8766519823788547	0.8715596330275229	1
CasR_1_CAS-I-II-III-IV-V-VI	JAWAVG010000052_6	124	218	0.0033	13.4	5733	6104	JAWAVG010000052	6	0.6370967741935484	0.3623853211009174	-1
CasR_1_CAS-I-II-III-IV-V-VI	JAWAVG010000053_1	226	218	5.5e-08	29.0	3	680	JAWAVG010000053	1	0.23893805309734514	0.25688073394495414	-1
CasR_1_CAS-I-II-III-IV-V-VI	JAWAVG010000092_7	100	218	0.00063	15.8	4540	4839	JAWAVG010000092	7	0.4	0.18807339449541285	1
Cmr1_0_IIIC	JAWAVG010000017_21	124	348	0.0034	13.5	20565	20936	JAWAVG010000017	21	0.33064516129032256	0.11494252873563218	-1
Cmr1gr7_7_CAS-III-B-III-C	JAWAVG010000017_21	124	346	0.0018	14.6	20565	20936	JAWAVG010000017	21	0.31451612903225806	0.10982658959537572	-1
Cmr3_0_IIIB	JAWAVG010000017_15	346	346	0.004	13.1	14051	15088	JAWAVG010000017	15	0.37283236994219654	0.40173410404624277	-1
Cmr3_0_IIIB	JAWAVG010000017_20	305	346	0.0097	11.8	19654	20568	JAWAVG010000017	20	0.20655737704918034	0.16184971098265896	-1
Cmr3_0_IIIC	JAWAVG010000017_15	346	287	0.03	10.4	14051	15088	JAWAVG010000017	15	0.22832369942196531	0.26480836236933797	-1
Cmr3gr5_3_CAS-III-B-III-C	JAWAVG010000017_15	346	329	0.018	11.1	14051	15088	JAWAVG010000017	15	0.2543352601156069	0.547112462006079	-1
Cmr3gr5_3_CAS-III-B-III-C	JAWAVG010000017_20	305	329	0.0038	13.4	19654	20568	JAWAVG010000017	20	0.20655737704918034	0.1641337386018237	-1
Cmr3gr5_4_CAS-III-B-III-C	JAWAVG010000017_20	305	358	6.4e-05	19.3	19654	20568	JAWAVG010000017	20	0.14098360655737704	0.12011173184357542	-1
Cmr3gr5_4_CAS-III-B-III-C	JAWAVG010000040_10	276	358	0.0055	12.9	6389	7216	JAWAVG010000040	10	0.17028985507246377	0.15083798882681565	1
Cmr3gr5_7_CAS-III-B-III-C	JAWAVG010000017_20	305	364	0.0004	16.7	19654	20568	JAWAVG010000017	20	0.12131147540983607	0.10164835164835165	-1
Cmr3gr5_7_CAS-III-B-III-C	JAWAVG010000040_10	276	364	2e-05	21.0	6389	7216	JAWAVG010000040	10	0.2318840579710145	0.17582417582417584	1
Cmr4_0_IIIB	JAWAVG010000017_16	220	283	2.1e-06	24.5	15028	15687	JAWAVG010000017	16	0.2909090909090909	0.2332155477031802	-1
Cmr4_0_IIIB	JAWAVG010000017_20	305	283	5e-11	39.7	19654	20568	JAWAVG010000017	20	0.4524590163934426	0.49823321554770317	-1
Cmr4_0_IIIB	JAWAVG010000017_21	124	283	0.0012	15.5	20565	20936	JAWAVG010000017	21	0.5887096774193549	0.2579505300353357	-1
Cmr4_1_IIIB	JAWAVG010000017_14	288	281	0.0021	14.5	13187	14050	JAWAVG010000017	14	0.2743055555555556	0.2775800711743772	-1
Cmr4_1_IIIB	JAWAVG010000017_16	220	281	5.2e-07	26.4	15028	15687	JAWAVG010000017	16	0.29545454545454547	0.2313167259786477	-1
Cmr4_1_IIIB	JAWAVG010000017_20	305	281	6e-10	36.0	19654	20568	JAWAVG010000017	20	0.42950819672131146	0.4697508896797153	-1
Cmr4_1_IIIB	JAWAVG010000017_21	124	281	0.014	11.8	20565	20936	JAWAVG010000017	21	0.2661290322580645	0.12099644128113879	-1
Cmr4gr7_0_CAS-III-B-III-C	JAWAVG010000017_14	288	282	0.0043	13.5	13187	14050	JAWAVG010000017	14	0.2847222222222222	0.28368794326241137	-1
Cmr4gr7_0_CAS-III-B-III-C	JAWAVG010000017_16	220	282	9.6e-08	28.8	15028	15687	JAWAVG010000017	16	0.3090909090909091	0.24113475177304963	-1
Cmr4gr7_0_CAS-III-B-III-C	JAWAVG010000017_20	305	282	9.1e-12	42.0	19654	20568	JAWAVG010000017	20	0.5344262295081967	0.5957446808510638	-1
Cmr4gr7_0_CAS-III-B-III-C	JAWAVG010000017_21	124	282	0.00057	16.4	20565	20936	JAWAVG010000017	21	0.5806451612903226	0.24822695035460993	-1
Cmr4gr7_1_CAS-III-B-III-C	JAWAVG010000017_14	288	309	0.00073	15.9	13187	14050	JAWAVG010000017	14	0.3611111111111111	0.3042071197411003	-1
Cmr4gr7_1_CAS-III-B-III-C	JAWAVG010000017_16	220	309	5.5e-07	26.1	15028	15687	JAWAVG010000017	16	0.2863636363636364	0.21035598705501618	-1
Cmr4gr7_1_CAS-III-B-III-C	JAWAVG010000017_20	305	309	2.2e-13	47.1	19654	20568	JAWAVG010000017	20	0.5016393442622951	0.4854368932038835	-1
Cmr5gr11_1_CAS-III-C	JAWAVG010000010_22	453	180	1.6	5.4	23741	25099	JAWAVG010000010	22	0.2693156732891832	0.42777777777777776	1
Cmr5gr11_6_CAS-III-B	JAWAVG010000071_8	430	145	0.0093	12.7	5226	6515	JAWAVG010000071	8	0.09069767441860466	0.2620689655172414	-1
Cmr6_0_IIIB	JAWAVG010000017_16	220	213	0.0065	13.1	15028	15687	JAWAVG010000017	16	0.1	0.10328638497652583	-1
Cmr6_0_IIIB	JAWAVG010000017_20	305	213	8.3e-08	29.1	19654	20568	JAWAVG010000017	20	0.4491803278688525	0.4835680751173709	-1
Cmr6_1_IIIB	JAWAVG010000017_16	220	264	0.021	11.2	15028	15687	JAWAVG010000017	16	0.22727272727272727	0.17424242424242425	-1
Cmr6_1_IIIB	JAWAVG010000017_20	305	264	8.2e-08	29.0	19654	20568	JAWAVG010000017	20	0.43278688524590164	0.36363636363636365	-1
Cmr6gr7_0_CAS-III-B-III-C	JAWAVG010000017_20	305	544	3.9e-05	19.5	19654	20568	JAWAVG010000017	20	0.15081967213114755	0.08455882352941177	-1
Cmr6gr7_1_CAS-III-B-III-C	JAWAVG010000017_16	220	218	0.0081	12.7	15028	15687	JAWAVG010000017	16	0.2590909090909091	0.24311926605504589	-1
Cmr6gr7_1_CAS-III-B-III-C	JAWAVG010000017_20	305	218	2.2e-09	34.1	19654	20568	JAWAVG010000017	20	0.4426229508196721	0.481651376146789	-1
Cmr6gr7_2_CAS-III-B-III-C	JAWAVG010000017_14	288	262	0.018	11.5	13187	14050	JAWAVG010000017	14	0.5173611111111112	0.29770992366412213	-1
Cmr6gr7_2_CAS-III-B-III-C	JAWAVG010000017_16	220	262	0.018	11.5	15028	15687	JAWAVG010000017	16	0.25	0.1946564885496183	-1
Cmr6gr7_2_CAS-III-B-III-C	JAWAVG010000017_20	305	262	4.2e-10	36.5	19654	20568	JAWAVG010000017	20	0.4360655737704918	0.3549618320610687	-1
CorA_1_CAS-III-B	JAWAVG010000007_26	317	125	8.7	3.1	18560	19510	JAWAVG010000007	26	0.41009463722397477	0.456	-1
Csa3_0_CAS-I-II-III-IV-V-VI	JAWAVG010000040_7	227	164	0.0023	14.6	4179	4859	JAWAVG010000040	7	0.2290748898678414	0.3048780487804878	1
Csa3_1_CAS-I-II-III-IV-V-VI	JAWAVG010000002_21	143	118	0.00016	18.9	20199	20627	JAWAVG010000002	21	0.6503496503496503	0.8135593220338984	1
Csa3_1_CAS-I-II-III-IV-V-VI	JAWAVG010000002_67	342	118	0.0042	14.3	68479	69504	JAWAVG010000002	67	0.18128654970760233	0.3050847457627119	-1
Csa3_1_CAS-I-II-III-IV-V-VI	JAWAVG010000003_69	169	118	2.9e-05	21.2	69665	70171	JAWAVG010000003	69	0.6094674556213018	0.788135593220339	-1
Csa3_1_CAS-I-II-III-IV-V-VI	JAWAVG010000003_73	84	118	4.4e-08	30.3	72690	72941	JAWAVG010000003	73	0.7142857142857143	0.559322033898305	1
Csa3_1_CAS-I-II-III-IV-V-VI	JAWAVG010000003_78	199	118	2.1e-14	50.7	75859	76455	JAWAVG010000003	78	0.5778894472361809	0.6864406779661016	1
Csa3_1_CAS-I-II-III-IV-V-VI	JAWAVG010000004_25	306	118	8.7e-09	32.6	21424	22341	JAWAVG010000004	25	0.27450980392156865	0.652542372881356	-1
Csa3_1_CAS-I-II-III-IV-V-VI	JAWAVG010000004_84	452	118	0.092	10.0	75115	76470	JAWAVG010000004	84	0.12831858407079647	0.4491525423728814	1
Csa3_1_CAS-I-II-III-IV-V-VI	JAWAVG010000005_19	133	118	5.7e-05	20.3	16670	17068	JAWAVG010000005	19	0.6090225563909775	0.7372881355932204	1
Csa3_1_CAS-I-II-III-IV-V-VI	JAWAVG010000005_52	146	118	0.0017	15.6	46393	46830	JAWAVG010000005	52	0.3493150684931507	0.4745762711864407	1
Csa3_1_CAS-I-II-III-IV-V-VI	JAWAVG010000006_2	91	118	1.1e-06	25.8	657	929	JAWAVG010000006	2	0.9120879120879121	0.7033898305084746	-1
Csa3_1_CAS-I-II-III-IV-V-VI	JAWAVG010000006_36	74	118	0.014	12.7	29363	29584	JAWAVG010000006	36	0.6891891891891891	0.4406779661016949	-1
Csa3_1_CAS-I-II-III-IV-V-VI	JAWAVG010000007_39	596	118	5.3e-09	33.3	33704	35491	JAWAVG010000007	39	0.12919463087248323	0.7203389830508474	1
Csa3_1_CAS-I-II-III-IV-V-VI	JAWAVG010000007_44	155	118	0.011	12.9	36993	37457	JAWAVG010000007	44	0.3225806451612903	0.3728813559322034	-1
Csa3_1_CAS-I-II-III-IV-V-VI	JAWAVG010000013_2	211	118	0.061	10.5	1320	1952	JAWAVG010000013	2	0.26540284360189575	0.5338983050847458	-1
Csa3_1_CAS-I-II-III-IV-V-VI	JAWAVG010000022_4	324	118	1.9e-05	21.9	2251	3222	JAWAVG010000022	4	0.18518518518518517	0.5254237288135594	1
Csa3_1_CAS-I-II-III-IV-V-VI	JAWAVG010000040_1	193	118	7e-07	26.5	1	579	JAWAVG010000040	1	0.3005181347150259	0.5508474576271186	1
Csa3_1_CAS-I-II-III-IV-V-VI	JAWAVG010000040_7	227	118	0.008	13.4	4179	4859	JAWAVG010000040	7	0.2643171806167401	0.5338983050847458	1
Csa3_1_CAS-I-II-III-IV-V-VI	JAWAVG010000046_5	111	118	0.039	11.2	4465	4797	JAWAVG010000046	5	0.36036036036036034	0.3644067796610169	-1
Csa3_1_CAS-I-II-III-IV-V-VI	JAWAVG010000047_10	299	118	0.001	16.3	8575	9471	JAWAVG010000047	10	0.31438127090301005	0.7033898305084746	1
Csa3_1_CAS-I-II-III-IV-V-VI	JAWAVG010000053_1	226	118	5.9e-06	23.5	3	680	JAWAVG010000053	1	0.3008849557522124	0.5	-1
Csa3_1_CAS-I-II-III-IV-V-VI	JAWAVG010000060_6	139	118	5.3e-05	20.4	4942	5358	JAWAVG010000060	6	0.60431654676259	0.7033898305084746	-1
Csa3_1_CAS-I-II-III-IV-V-VI	JAWAVG010000092_7	100	118	8.7e-13	45.5	4540	4839	JAWAVG010000092	7	0.91	0.8220338983050848	1
Csa3_1_CAS-I-II-III-IV-V-VI	JAWAVG010000113_1	253	118	0.0018	15.5	3	761	JAWAVG010000113	1	0.26877470355731226	0.5508474576271186	-1
Csa3_1_CAS-I-II-III-IV-V-VI	JAWAVG010000123_3	364	118	0.01	13.0	2083	3174	JAWAVG010000123	3	0.39285714285714285	0.7203389830508474	1
Csa5gr11_5_CAS-I-A	JAWAVG010000125_1	79	127	0.012	12.7	3	239	JAWAVG010000125	1	0.4810126582278481	0.29133858267716534	-1
Csa5gr11_7_CAS-I-A	JAWAVG010000040_8	149	125	0.003	14.6	5001	5447	JAWAVG010000040	8	0.7986577181208053	0.816	1
Cse2gr11_7_CAS-I-E	JAWAVG010000007_33	133	144	0.006	13.8	26865	27263	JAWAVG010000007	33	0.44360902255639095	0.4097222222222222	-1
Csf2_0_IV	JAWAVG010000017_16	220	329	0.00029	17.2	15028	15687	JAWAVG010000017	16	0.2863636363636364	0.2006079027355623	-1
Csf2_0_IV	JAWAVG010000017_19	339	329	0.017	11.4	18654	19670	JAWAVG010000017	19	0.1415929203539823	0.1458966565349544	-1
Csf2_0_IV	JAWAVG010000017_20	305	329	1.4e-14	51.1	19654	20568	JAWAVG010000017	20	0.5934426229508196	0.5106382978723404	-1
Csf2_0_IV	JAWAVG010000017_21	124	329	3.4e-05	20.3	20565	20936	JAWAVG010000017	21	0.5887096774193549	0.19148936170212766	-1
Csf4_0_IVA	JAWAVG010000002_43	478	666	0.00094	14.6	38927	40360	JAWAVG010000002	43	0.27615062761506276	0.22372372372372373	1
Csf4_0_IVA	JAWAVG010000013_7	751	666	9e-05	18.0	5381	7633	JAWAVG010000013	7	0.13715046604527298	0.14714714714714713	1
Csf4_0_IVA	JAWAVG010000032_13	602	666	1.6e-15	53.6	10106	11911	JAWAVG010000032	13	0.5299003322259136	0.481981981981982	-1
Csf4_0_IVA	JAWAVG010000071_6	616	666	8.6e-12	41.2	2307	4154	JAWAVG010000071	6	0.7045454545454546	0.6786786786786787	1
Csf4_1_IVA1	JAWAVG010000002_43	478	802	0.014	10.4	38927	40360	JAWAVG010000002	43	0.12761506276150628	0.07605985037406483	1
Csf4_1_IVA1	JAWAVG010000013_7	751	802	0.019	9.9	5381	7633	JAWAVG010000013	7	0.09320905459387484	0.08229426433915212	1
Csf4_1_IVA1	JAWAVG010000032_13	602	802	5.3e-08	28.3	10106	11911	JAWAVG010000032	13	0.37209302325581395	0.27805486284289277	-1
Csf4_1_IVA1	JAWAVG010000071_6	616	802	4.3e-05	18.6	2307	4154	JAWAVG010000071	6	0.3912337662337662	0.29800498753117205	1
Csf4_2_IVA1	JAWAVG010000032_13	602	526	4.4e-07	25.7	10106	11911	JAWAVG010000032	13	0.3488372093023256	0.3650190114068441	-1
Csf4_2_IVA1	JAWAVG010000071_6	616	526	0.00025	16.6	2307	4154	JAWAVG010000071	6	0.21103896103896103	0.24904942965779467	1
Csf4_3_IVE	JAWAVG010000032_13	602	648	0.0042	12.6	10106	11911	JAWAVG010000032	13	0.446843853820598	0.38425925925925924	-1
Csf4_3_IVE	JAWAVG010000071_6	616	648	0.014	10.8	2307	4154	JAWAVG010000071	6	0.16558441558441558	0.14969135802469136	1
Csm2_0_IIIA	JAWAVG010000001_135	199	96	0.33	8.7	123277	123873	JAWAVG010000001	135	0.6633165829145728	0.6979166666666666	1
Csm2_0_IIIA	JAWAVG010000002_58	116	96	0.064	11.0	59397	59744	JAWAVG010000002	58	0.7241379310344828	0.78125	-1
Csm2gr11_6_CAS-III-A	JAWAVG010000015_13	191	139	0.00068	16.4	11362	11934	JAWAVG010000015	13	0.36649214659685864	0.30935251798561153	1
Csm2gr11_6_CAS-III-D	JAWAVG010000001_135	199	151	0.087	9.5	123277	123873	JAWAVG010000001	135	0.47738693467336685	0.2913907284768212	1
Csm2gr11_7_CAS-III-A	JAWAVG010000001_135	199	110	0.47	8.3	123277	123873	JAWAVG010000001	135	0.592964824120603	0.6363636363636364	1
Csm2gr11_7_CAS-III-A	JAWAVG010000002_58	116	110	0.001	16.9	59397	59744	JAWAVG010000002	58	0.8448275862068966	0.6363636363636364	-1
Csm2gr11_7_CAS-III-A	JAWAVG010000012_27	659	110	0.19	9.6	20393	22369	JAWAVG010000012	27	0.13353566009104703	0.6636363636363637	-1
Csm2gr11_7_CAS-III-A	JAWAVG010000091_2	238	110	1.5	6.7	1582	2295	JAWAVG010000091	2	0.453781512605042	0.509090909090909	-1
Csm3_0_IIIA	JAWAVG010000017_16	220	203	5.4e-06	23.3	15028	15687	JAWAVG010000017	16	0.5045454545454545	0.4482758620689655	-1
Csm3_0_IIIA	JAWAVG010000017_20	305	203	1.2e-10	38.5	19654	20568	JAWAVG010000017	20	0.42295081967213116	0.6206896551724138	-1
Csm3_0_IIIAD	JAWAVG010000017_19	339	650	9.2e-08	28.1	18654	19670	JAWAVG010000017	19	0.2182890855457227	0.12615384615384614	-1
Csm3_0_IIIAD	JAWAVG010000017_20	305	650	3.6e-06	22.8	19654	20568	JAWAVG010000017	20	0.36721311475409835	0.18615384615384614	-1
Csm3_0_IIID	JAWAVG010000017_14	288	178	1.7e-09	35.7	13187	14050	JAWAVG010000017	14	0.7951388888888888	0.9943820224719101	-1
Csm3_0_IIID	JAWAVG010000017_15	346	178	0.0036	15.2	14051	15088	JAWAVG010000017	15	0.21676300578034682	0.3539325842696629	-1
Csm3_0_IIID	JAWAVG010000017_16	220	178	8.5e-11	39.9	15028	15687	JAWAVG010000017	16	0.75	0.9382022471910112	-1
Csm3_0_IIID	JAWAVG010000017_19	339	178	0.0019	16.1	18654	19670	JAWAVG010000017	19	0.40412979351032446	0.6404494382022472	-1
Csm3_0_IIID	JAWAVG010000017_20	305	178	3.1e-23	80.3	19654	20568	JAWAVG010000017	20	0.6885245901639344	0.9887640449438202	-1
Csm3_0_IIID	JAWAVG010000017_21	124	178	7e-05	20.8	20565	20936	JAWAVG010000017	21	0.7258064516129032	0.5168539325842697	-1
Csm3_1_IIIAD	JAWAVG010000017_14	288	189	1.1e-12	45.3	13187	14050	JAWAVG010000017	14	0.8125	0.9841269841269841	-1
Csm3_1_IIIAD	JAWAVG010000017_15	346	189	0.00096	16.2	14051	15088	JAWAVG010000017	15	0.14450867052023122	0.32275132275132273	-1
Csm3_1_IIIAD	JAWAVG010000017_16	220	189	1.1e-05	22.6	15028	15687	JAWAVG010000017	16	0.5727272727272728	0.7301587301587301	-1
Csm3_1_IIIAD	JAWAVG010000017_19	339	189	0.0064	13.5	18654	19670	JAWAVG010000017	19	0.2920353982300885	0.31746031746031744	-1
Csm3_1_IIIAD	JAWAVG010000017_20	305	189	2.5e-28	96.4	19654	20568	JAWAVG010000017	20	0.7049180327868853	0.9788359788359788	-1
Csm3_1_IIIAD	JAWAVG010000017_21	124	189	3.5e-09	34.0	20565	20936	JAWAVG010000017	21	0.6935483870967742	0.4126984126984127	-1
Csm3_1_IIIAD	JAWAVG010000049_10	283	189	0.0052	13.8	8810	9658	JAWAVG010000049	10	0.2579505300353357	0.3333333333333333	-1
Csm3_1_IIID	JAWAVG010000017_14	288	257	6.8e-08	29.2	13187	14050	JAWAVG010000017	14	0.8541666666666666	0.8210116731517509	-1
Csm3_1_IIID	JAWAVG010000017_16	220	257	2.6e-15	53.5	15028	15687	JAWAVG010000017	16	0.4409090909090909	0.35019455252918286	-1
Csm3_1_IIID	JAWAVG010000017_19	339	257	3.1e-05	20.5	18654	19670	JAWAVG010000017	19	0.23303834808259588	0.2490272373540856	-1
Csm3_1_IIID	JAWAVG010000017_20	305	257	3.6e-30	102.2	19654	20568	JAWAVG010000017	20	0.7672131147540984	0.8443579766536965	-1
Csm3_1_IIID	JAWAVG010000017_21	124	257	4.6e-06	23.2	20565	20936	JAWAVG010000017	21	0.7661290322580645	0.35797665369649806	-1
Csm3_1_IIID	JAWAVG010000049_10	283	257	0.0018	14.7	8810	9658	JAWAVG010000049	10	0.1519434628975265	0.19455252918287938	-1
Csm3gr7_0_CAS-III-A-III-D	JAWAVG010000017_14	288	210	9e-13	45.0	13187	14050	JAWAVG010000017	14	0.75	0.819047619047619	-1
Csm3gr7_0_CAS-III-A-III-D	JAWAVG010000017_15	346	210	0.00084	15.7	14051	15088	JAWAVG010000017	15	0.21676300578034682	0.4095238095238095	-1
Csm3gr7_0_CAS-III-A-III-D	JAWAVG010000017_16	220	210	7.8e-09	32.2	15028	15687	JAWAVG010000017	16	0.6636363636363637	0.7428571428571429	-1
Csm3gr7_0_CAS-III-A-III-D	JAWAVG010000017_19	339	210	6.8e-08	29.1	18654	19670	JAWAVG010000017	19	0.4277286135693215	0.6666666666666666	-1
Csm3gr7_0_CAS-III-A-III-D	JAWAVG010000017_20	305	210	1.3e-45	152.4	19654	20568	JAWAVG010000017	20	0.7442622950819672	0.9714285714285714	-1
Csm3gr7_0_CAS-III-A-III-D	JAWAVG010000017_21	124	210	5.2e-14	49.1	20565	20936	JAWAVG010000017	21	0.7258064516129032	0.4	-1
Csm3gr7_10_CAS-III-A-III-D	JAWAVG010000017_16	220	228	0.00014	18.2	15028	15687	JAWAVG010000017	16	0.4681818181818182	0.42105263157894735	-1
Csm3gr7_10_CAS-III-A-III-D	JAWAVG010000017_20	305	228	1e-07	28.5	19654	20568	JAWAVG010000017	20	0.21639344262295082	0.2894736842105263	-1
Csm3gr7_11_CAS-III-A-III-D	JAWAVG010000017_16	220	216	0.00035	16.9	15028	15687	JAWAVG010000017	16	0.5863636363636363	0.5648148148148148	-1
Csm3gr7_11_CAS-III-A-III-D	JAWAVG010000017_20	305	216	8.7e-07	25.4	19654	20568	JAWAVG010000017	20	0.46229508196721314	0.5555555555555556	-1
Csm3gr7_12_CAS-III-A-III-D	JAWAVG010000017_14	288	199	2.1e-16	57.7	13187	14050	JAWAVG010000017	14	0.8125	0.9899497487437185	-1
Csm3gr7_12_CAS-III-A-III-D	JAWAVG010000017_15	346	199	5.2e-06	23.7	14051	15088	JAWAVG010000017	15	0.25722543352601157	0.5025125628140703	-1
Csm3gr7_12_CAS-III-A-III-D	JAWAVG010000017_16	220	199	2.7e-12	44.3	15028	15687	JAWAVG010000017	16	0.6318181818181818	0.7989949748743719	-1
Csm3gr7_12_CAS-III-A-III-D	JAWAVG010000017_19	339	199	1.3e-08	32.2	18654	19670	JAWAVG010000017	19	0.3303834808259587	0.3768844221105528	-1
Csm3gr7_12_CAS-III-A-III-D	JAWAVG010000017_20	305	199	4.2e-39	131.8	19654	20568	JAWAVG010000017	20	0.7016393442622951	0.9798994974874372	-1
Csm3gr7_12_CAS-III-A-III-D	JAWAVG010000017_21	124	199	2.2e-09	34.8	20565	20936	JAWAVG010000017	21	0.6935483870967742	0.4020100502512563	-1
Csm3gr7_1_CAS-III-A-III-D	JAWAVG010000017_16	220	215	6.2e-06	23.0	15028	15687	JAWAVG010000017	16	0.5	0.40930232558139534	-1
Csm3gr7_1_CAS-III-A-III-D	JAWAVG010000017_20	305	215	5.9e-12	42.6	19654	20568	JAWAVG010000017	20	0.7508196721311475	0.9441860465116279	-1
Csm3gr7_2_CAS-III-A-III-D	JAWAVG010000017_14	288	180	9.4e-15	52.3	13187	14050	JAWAVG010000017	14	0.7951388888888888	0.9944444444444445	-1
Csm3gr7_2_CAS-III-A-III-D	JAWAVG010000017_15	346	180	1.8e-05	22.1	14051	15088	JAWAVG010000017	15	0.17630057803468208	0.3333333333333333	-1
Csm3gr7_2_CAS-III-A-III-D	JAWAVG010000017_16	220	180	2.2e-12	44.6	15028	15687	JAWAVG010000017	16	0.6045454545454545	0.7666666666666667	-1
Csm3gr7_2_CAS-III-A-III-D	JAWAVG010000017_19	339	180	4.2e-08	30.7	18654	19670	JAWAVG010000017	19	0.41887905604719766	0.7222222222222222	-1
Csm3gr7_2_CAS-III-A-III-D	JAWAVG010000017_20	305	180	3.5e-29	99.3	19654	20568	JAWAVG010000017	20	0.6918032786885245	0.9944444444444445	-1
Csm3gr7_2_CAS-III-A-III-D	JAWAVG010000017_21	124	180	9.9e-06	22.9	20565	20936	JAWAVG010000017	21	0.7258064516129032	0.5111111111111111	-1
Csm3gr7_4_CAS-III-A-III-D	JAWAVG010000017_14	288	640	0.0074	12.0	13187	14050	JAWAVG010000017	14	0.2708333333333333	0.1296875	-1
Csm3gr7_4_CAS-III-A-III-D	JAWAVG010000017_19	339	640	1e-10	38.0	18654	19670	JAWAVG010000017	19	0.25958702064896755	0.15	-1
Csm3gr7_4_CAS-III-A-III-D	JAWAVG010000017_20	305	640	2.7e-10	36.6	19654	20568	JAWAVG010000017	20	0.4721311475409836	0.234375	-1
Csm3gr7_8_CAS-III-A-III-D	JAWAVG010000017_14	288	256	9.7e-11	38.4	13187	14050	JAWAVG010000017	14	0.8541666666666666	0.8203125	-1
Csm3gr7_8_CAS-III-A-III-D	JAWAVG010000017_16	220	256	1.3e-15	54.3	15028	15687	JAWAVG010000017	16	0.6318181818181818	0.5078125	-1
Csm3gr7_8_CAS-III-A-III-D	JAWAVG010000017_19	339	256	2.1e-05	20.9	18654	19670	JAWAVG010000017	19	0.22123893805309736	0.23828125	-1
Csm3gr7_8_CAS-III-A-III-D	JAWAVG010000017_20	305	256	3.5e-31	105.4	19654	20568	JAWAVG010000017	20	0.7639344262295082	0.83984375	-1
Csm3gr7_8_CAS-III-A-III-D	JAWAVG010000017_21	124	256	5.2e-06	22.9	20565	20936	JAWAVG010000017	21	0.7258064516129032	0.32421875	-1
Csm3gr7_8_CAS-III-A-III-D	JAWAVG010000040_6	279	256	0.015	11.6	3294	4130	JAWAVG010000040	6	0.16129032258064516	0.18359375	1
Csm3gr7_8_CAS-III-A-III-D	JAWAVG010000049_10	283	256	0.00056	16.2	8810	9658	JAWAVG010000049	10	0.15547703180212014	0.203125	-1
Csm3gr7_9_CAS-III-A-III-D	JAWAVG010000017_14	288	271	1.6e-10	38.0	13187	14050	JAWAVG010000017	14	0.8368055555555556	0.8856088560885609	-1
Csm3gr7_9_CAS-III-A-III-D	JAWAVG010000017_20	305	271	5.4e-07	26.5	19654	20568	JAWAVG010000017	20	0.3836065573770492	0.4132841328413284	-1
Csm4gr5_0_CAS-III-A-III-D	JAWAVG010000017_14	288	317	0.025	10.6	13187	14050	JAWAVG010000017	14	0.3576388888888889	0.31545741324921134	-1
Csm4gr5_0_CAS-III-A-III-D	JAWAVG010000040_6	279	317	0.0004	16.5	3294	4130	JAWAVG010000040	6	0.15412186379928317	0.13564668769716087	1
Csm5_0_IIIA	JAWAVG010000017_15	346	364	0.0087	12.3	14051	15088	JAWAVG010000017	15	0.049132947976878616	0.046703296703296704	-1
Csm5_0_IIIA	JAWAVG010000017_16	220	364	5.1e-05	19.7	15028	15687	JAWAVG010000017	16	0.29545454545454547	0.16758241758241757	-1
Csm5_0_IIIA	JAWAVG010000017_20	305	364	0.00054	16.3	19654	20568	JAWAVG010000017	20	0.06885245901639345	0.0521978021978022	-1
Csm5_1_IIIA	JAWAVG010000017_15	346	373	0.24	7.7	14051	15088	JAWAVG010000017	15	0.08092485549132948	0.07506702412868632	-1
Csm5_1_IIIA	JAWAVG010000017_16	220	373	0.0013	15.2	15028	15687	JAWAVG010000017	16	0.06818181818181818	0.040214477211796246	-1
Csm5_1_IIIA	JAWAVG010000017_20	305	373	0.0022	14.4	19654	20568	JAWAVG010000017	20	0.06229508196721312	0.05093833780160858	-1
Csm5gr7_0_CAS-III-A-III-D	JAWAVG010000017_15	346	365	0.016	11.3	14051	15088	JAWAVG010000017	15	0.046242774566473986	0.043835616438356165	-1
Csm5gr7_0_CAS-III-A-III-D	JAWAVG010000017_16	220	365	4.6e-06	22.9	15028	15687	JAWAVG010000017	16	0.3	0.16986301369863013	-1
Csm5gr7_0_CAS-III-A-III-D	JAWAVG010000017_20	305	365	0.00038	16.6	19654	20568	JAWAVG010000017	20	0.11147540983606558	0.09315068493150686	-1
Csm5gr7_1_CAS-III-A-III-D	JAWAVG010000017_15	346	369	0.019	11.5	14051	15088	JAWAVG010000017	15	0.046242774566473986	0.04336043360433604	-1
Csm5gr7_1_CAS-III-A-III-D	JAWAVG010000017_16	220	369	0.00015	18.4	15028	15687	JAWAVG010000017	16	0.08181818181818182	0.04878048780487805	-1
Csm5gr7_1_CAS-III-A-III-D	JAWAVG010000017_20	305	369	0.00099	15.7	19654	20568	JAWAVG010000017	20	0.06229508196721312	0.051490514905149054	-1
Csm5gr7_2_CAS-III-A-III-D	JAWAVG010000017_16	220	258	0.0013	15.0	15028	15687	JAWAVG010000017	16	0.07727272727272727	0.06589147286821706	-1
Csm5gr7_3_CAS-III-A-III-D	JAWAVG010000017_15	346	391	0.024	10.4	14051	15088	JAWAVG010000017	15	0.049132947976878616	0.043478260869565216	-1
Csm5gr7_3_CAS-III-A-III-D	JAWAVG010000017_16	220	391	0.00037	16.4	15028	15687	JAWAVG010000017	16	0.10454545454545454	0.058823529411764705	-1
Csm5gr7_3_CAS-III-A-III-D	JAWAVG010000017_20	305	391	0.0054	12.6	19654	20568	JAWAVG010000017	20	0.07540983606557378	0.058823529411764705	-1
Csm6_0_CAS-III	JAWAVG010000010_28	254	189	2.2e-33	112.1	28835	29596	JAWAVG010000010	28	0.594488188976378	0.8359788359788359	-1
Csm6_2_CAS-III	JAWAVG010000010_28	254	184	2e-43	144.7	28835	29596	JAWAVG010000010	28	0.65748031496063	0.967391304347826	-1
Csm6_4_CAS-III	JAWAVG010000049_1	521	414	3.2e-16	56.3	2	1564	JAWAVG010000049	1	0.381957773512476	0.4057971014492754	1
Csm6_4_CAS-III	JAWAVG010000120_1	323	414	1.3e-15	54.3	2	970	JAWAVG010000120	1	0.541795665634675	0.40096618357487923	-1
Csm6_5_CAS-III	JAWAVG010000010_28	254	278	3.6e-37	124.8	28835	29596	JAWAVG010000010	28	0.7952755905511811	0.7446043165467626	-1
Csm6_6_CAS-III	JAWAVG010000010_28	254	136	9.4e-37	122.8	28835	29596	JAWAVG010000010	28	0.5039370078740157	0.9926470588235294	-1
Csn2_7_CAS-II-A	JAWAVG010000002_52	323	372	0.016	11.0	48037	49005	JAWAVG010000002	52	0.34055727554179566	0.30376344086021506	-1
Csn2_7_CAS-II-A	JAWAVG010000002_95	234	372	0.023	10.4	107630	108331	JAWAVG010000002	95	0.2948717948717949	0.18548387096774194	1
Csn2_7_CAS-II-A	JAWAVG010000012_4	280	372	0.0071	12.2	3362	4201	JAWAVG010000012	4	0.12857142857142856	0.0967741935483871	1
Csn2_8_CAS-II-A	JAWAVG010000018_4	260	335	0.015	11.2	3303	4082	JAWAVG010000018	4	0.16923076923076924	0.13134328358208955	1
Csx10_0_IIID	JAWAVG010000017_15	346	402	3.9e-12	42.8	14051	15088	JAWAVG010000017	15	0.49710982658959535	0.4626865671641791	-1
Csx10_0_IIID	JAWAVG010000017_20	305	402	0.015	11.2	19654	20568	JAWAVG010000017	20	0.18032786885245902	0.13681592039800994	-1
Csx10_1_IIID	JAWAVG010000017_15	346	390	4.8e-05	19.1	14051	15088	JAWAVG010000017	15	0.476878612716763	0.441025641025641	-1
Csx10gr5_0_CAS-III-D	JAWAVG010000017_15	346	392	2e-11	40.8	14051	15088	JAWAVG010000017	15	0.5	0.4872448979591837	-1
Csx10gr5_0_CAS-III-D	JAWAVG010000017_20	305	392	0.027	10.7	19654	20568	JAWAVG010000017	20	0.18360655737704917	0.14030612244897958	-1
Csx10gr5_1_CAS-III-D	JAWAVG010000017_15	346	393	2.5e-14	50.1	14051	15088	JAWAVG010000017	15	0.6213872832369942	0.6005089058524173	-1
Csx10gr5_1_CAS-III-D	JAWAVG010000017_20	305	393	0.02	10.9	19654	20568	JAWAVG010000017	20	0.16721311475409836	0.1297709923664122	-1
Csx10gr5_3_CAS-III-D	JAWAVG010000017_15	346	323	0.014	11.3	14051	15088	JAWAVG010000017	15	0.2861271676300578	0.3126934984520124	-1
Csx10gr5_3_CAS-III-D	JAWAVG010000017_20	305	323	1.1e-05	21.5	19654	20568	JAWAVG010000017	20	0.30491803278688523	0.26625386996904027	-1
Csx10gr5_3_CAS-III-D	JAWAVG010000017_21	124	323	2.7e-05	20.2	20565	20936	JAWAVG010000017	21	0.33064516129032256	0.1238390092879257	-1
Csx10gr5_4_CAS-III-D	JAWAVG010000017_15	346	309	7.4e-18	61.4	14051	15088	JAWAVG010000017	15	0.8583815028901735	0.9385113268608414	-1
Csx1_0_CAS-III	JAWAVG010000049_1	521	396	1.3999999999999998e-29	100.4	2	1564	JAWAVG010000049	1	0.9481765834932822	0.9444444444444444	1
Csx1_0_CAS-III	JAWAVG010000120_1	323	396	6.6e-27	91.6	2	970	JAWAVG010000120	1	0.541795665634675	0.4217171717171717	-1
Csx1_12_CAS-III	JAWAVG010000049_1	521	425	1.5000000000000001e-30	103.3	2	1564	JAWAVG010000049	1	0.6199616122840691	0.6588235294117647	1
Csx1_12_CAS-III	JAWAVG010000120_1	323	425	1.4e-21	73.8	2	970	JAWAVG010000120	1	0.934984520123839	0.6447058823529411	-1
Csx1_18_CAS-III	JAWAVG010000010_22	453	376	0.017	11.6	23741	25099	JAWAVG010000010	22	0.3487858719646799	0.28191489361702127	1
Csx1_18_CAS-III	JAWAVG010000049_1	521	376	1.5e-13	47.9	2	1564	JAWAVG010000049	1	0.3550863723608445	0.38563829787234044	1
Csx1_18_CAS-III	JAWAVG010000120_1	323	376	2.9e-12	43.7	2	970	JAWAVG010000120	1	0.5386996904024768	0.42819148936170215	-1
Csx1_1_CAS-III	JAWAVG010000049_1	521	214	0.0029	14.5	2	1564	JAWAVG010000049	1	0.09596928982725528	0.22429906542056074	1
Csx1_2_CAS-III	JAWAVG010000049_1	521	346	5.8e-17	58.9	2	1564	JAWAVG010000049	1	0.22840690978886757	0.33815028901734107	1
Csx1_2_CAS-III	JAWAVG010000120_1	323	346	5.4e-18	62.3	2	970	JAWAVG010000120	1	0.5386996904024768	0.4624277456647399	-1
Csx1_4_CAS-III	JAWAVG010000040_1	193	380	0.00084	15.0	1	579	JAWAVG010000040	1	0.2694300518134715	0.1394736842105263	1
Csx1_5_CAS-III	JAWAVG010000010_28	254	132	0.00013	18.8	28835	29596	JAWAVG010000010	28	0.32677165354330706	0.6666666666666666	-1
Csx1_6_CAS-III	JAWAVG010000049_1	521	406	8.199999999999999e-35	117.5	2	1564	JAWAVG010000049	1	0.510556621880998	0.5221674876847291	1
Csx1_6_CAS-III	JAWAVG010000120_1	323	406	3.8e-31	105.4	2	970	JAWAVG010000120	1	0.541795665634675	0.42610837438423643	-1
Csx1_7_CAS-III	JAWAVG010000049_1	521	309	0.025	10.9	2	1564	JAWAVG010000049	1	0.046065259117082535	0.07766990291262135	1
Csx20_0_CAS-I-III	JAWAVG010000003_61	808	131	0.013	12.5	61653	64076	JAWAVG010000003	61	0.05198019801980198	0.32061068702290074	1
Csx3_2_CAS-I-III	JAWAVG010000002_12	242	277	0.017	11.0	11859	12584	JAWAVG010000002	12	0.30165289256198347	0.2563176895306859	-1
Csx3_2_CAS-I-III	JAWAVG010000003_37	337	277	0.00027	17.0	36257	37267	JAWAVG010000003	37	0.13649851632047477	0.17328519855595667	-1
Csx3_2_CAS-I-III	JAWAVG010000003_53	383	277	0.0015	14.5	54222	55370	JAWAVG010000003	53	0.06788511749347259	0.10108303249097472	-1
Csx3_2_CAS-I-III	JAWAVG010000023_8	445	277	0.0029	13.6	5586	6920	JAWAVG010000023	8	0.07415730337078652	0.10830324909747292	1
Csx3_2_CAS-I-III	JAWAVG010000027_12	716	277	0.00062	15.8	12956	15103	JAWAVG010000027	12	0.04329608938547486	0.10830324909747292	-1
Csx3_2_CAS-I-III	JAWAVG010000054_6	856	277	3.6e-06	23.1	4998	7565	JAWAVG010000054	6	0.07242990654205607	0.15162454873646208	1
CysH_0_IVB	JAWAVG010000006_27	207	249	0.005	13.4	22271	22891	JAWAVG010000006	27	0.14009661835748793	0.11646586345381527	1
CysH_0_IVB	JAWAVG010000012_12	628	249	4.8e-21	72.4	8958	10841	JAWAVG010000012	12	0.2611464968152866	0.6465863453815262	1
CysH_0_IVB	JAWAVG010000064_10	315	249	0.00033	17.2	4322	5266	JAWAVG010000064	10	0.08888888888888889	0.11244979919678715	1
DEDDh_0_CAS-I-II-III-IV-V-VI	JAWAVG010000003_13	789	160	0.00032	17.7	12057	14423	JAWAVG010000003	13	0.060836501901140684	0.275	1
PD_DExK_0_CAS-I-B	JAWAVG010000030_13	214	231	4.4e-05	19.8	12839	13480	JAWAVG010000030	13	0.5046728971962616	0.4458874458874459	1
PEPT_D_0_CAS-III-A	JAWAVG010000004_27	140	105	0.0025	14.8	23760	24179	JAWAVG010000004	27	0.6285714285714286	0.8	-1
PEPT_D_0_CAS-III-A	JAWAVG010000004_50	155	105	0.013	12.5	44603	45067	JAWAVG010000004	50	0.41935483870967744	0.5523809523809524	1
PEPT_D_0_CAS-III-A	JAWAVG010000035_14	139	105	2.3e-05	21.4	10837	11253	JAWAVG010000035	14	0.6474820143884892	0.8285714285714286	1
RecD_0_IVD	JAWAVG010000001_110	277	763	0.013	10.4	98613	99443	JAWAVG010000001	110	0.11191335740072202	0.04062909567496723	-1
RecD_0_IVD	JAWAVG010000024_17	275	763	0.018	9.9	13852	14676	JAWAVG010000024	17	0.10545454545454545	0.03800786369593709	-1
SSgr11_1_CAS-III-F	JAWAVG010000053_14	185	97	0.005	13.6	9448	10002	JAWAVG010000053	14	0.31351351351351353	0.6082474226804123	-1
TnpB_1_Competitive	JAWAVG010000069_1	89	409	0.00043	16.0	315	581	JAWAVG010000069	1	0.34831460674157305	0.07579462102689487	-1
TnsC_0_V-K	JAWAVG010000007_1	384	283	0.0011	14.9	1	1152	JAWAVG010000007	1	0.1953125	0.26855123674911663	1
WYL_0_CAS-I-II-III-IV-V-VI	JAWAVG010000005_19	133	313	5e-06	23.0	16670	17068	JAWAVG010000005	19	0.3609022556390977	0.15335463258785942	1
WYL_0_CAS-I-II-III-IV-V-VI	JAWAVG010000010_10	325	313	0.00027	17.4	10393	11367	JAWAVG010000010	10	0.16923076923076924	0.17891373801916932	1
WYL_0_CAS-I-II-III-IV-V-VI	JAWAVG010000049_5	441	313	0.0067	12.8	3760	5082	JAWAVG010000049	5	0.09977324263038549	0.14696485623003194	-1
WYL_3_CAS-I-II-III-IV-V-VI	JAWAVG010000047_5	726	172	0.011	12.6	3998	6175	JAWAVG010000047	5	0.07300275482093664	0.29651162790697677	-1
gRAMP_0_CAS-III-E	JAWAVG010000017_14	288	1610	0.036	8.3	13187	14050	JAWAVG010000017	14	0.3784722222222222	0.06583850931677018	-1
gRAMP_0_CAS-III-E	JAWAVG010000017_16	220	1610	0.019	9.2	15028	15687	JAWAVG010000017	16	0.2863636363636364	0.037888198757763975	-1
gRAMP_0_CAS-III-E	JAWAVG010000017_19	339	1610	0.00038	14.9	18654	19670	JAWAVG010000017	19	0.18584070796460178	0.0391304347826087	-1
gRAMP_0_CAS-III-E	JAWAVG010000017_20	305	1610	2.3e-06	22.2	19654	20568	JAWAVG010000017	20	0.5868852459016394	0.1515527950310559	-1
htpX_0_CAS-III-B	JAWAVG010000003_45	490	343	1.4e-08	31.1	45409	46878	JAWAVG010000003	45	0.17755102040816326	0.25072886297376096	1
htpX_0_CAS-III-B	JAWAVG010000073_5	370	343	3.1e-18	62.8	2724	3833	JAWAVG010000073	5	0.5918918918918918	0.6822157434402333	1
