Contig	Start	End	Strand	Pos
JAGXOA010000001	258	767	1	1
JAGXOA010000001	812	1267	-1	2
JAGXOA010000001	1400	1816	-1	3
JAGXOA010000001	1821	4127	-1	4
JAGXOA010000001	4245	4634	-1	5
JAGXOA010000001	4947	5234	-1	6
JAGXOA010000001	5782	6645	1	7
JAGXOA010000001	6946	7404	1	8
JAGXOA010000001	7414	8127	-1	9
JAGXOA010000001	8146	8559	-1	10
JAGXOA010000001	8655	9749	-1	11
JAGXOA010000001	10070	10486	1	12
JAGXOA010000001	10526	11503	-1	13
JAGXOA010000001	11507	12364	-1	14
JAGXOA010000001	12652	13869	1	15
JAGXOA010000001	13913	14854	1	16
JAGXOA010000001	15116	15901	1	17
JAGXOA010000001	16112	17308	1	18
JAGXOA010000001	17705	18541	1	19
JAGXOA010000002	3	107	1	1
JAGXOA010000002	136	942	1	2
JAGXOA010000002	1082	1519	1	3
JAGXOA010000003	342	1604	-1	1
JAGXOA010000003	1934	2152	1	2
JAGXOA010000003	2329	3402	1	3
JAGXOA010000003	3560	3874	1	4
JAGXOA010000003	3988	5898	1	5
JAGXOA010000003	5895	6815	-1	6
JAGXOA010000004	3	359	-1	1
JAGXOA010000004	466	1203	-1	2
JAGXOA010000004	1693	1983	1	3
JAGXOA010000005	2	103	-1	1
JAGXOA010000005	535	1569	1	2
JAGXOA010000006	345	1001	-1	1
JAGXOA010000006	1133	2518	-1	2
JAGXOA010000006	2526	3572	-1	3
JAGXOA010000006	3593	4591	-1	4
JAGXOA010000006	4885	5346	-1	5
JAGXOA010000006	5782	6066	-1	6
JAGXOA010000006	6305	6625	-1	7
JAGXOA010000006	6920	7147	1	8
JAGXOA010000006	7197	10310	-1	9
JAGXOA010000006	10453	10845	-1	10
JAGXOA010000006	11025	14282	1	11
JAGXOA010000006	14445	15581	1	12
JAGXOA010000006	15654	16376	-1	13
JAGXOA010000006	16892	17437	-1	14
JAGXOA010000006	17715	18545	1	15
JAGXOA010000006	18553	20958	-1	16
JAGXOA010000006	20959	21231	-1	17
JAGXOA010000006	21579	23351	-1	18
JAGXOA010000006	23648	32824	-1	19
JAGXOA010000006	33217	33624	-1	20
JAGXOA010000006	34155	35132	1	21
JAGXOA010000006	35181	36194	-1	22
JAGXOA010000007	1	330	1	1
JAGXOA010000007	792	2192	1	2
JAGXOA010000007	2185	3729	1	3
JAGXOA010000008	267	998	1	1
JAGXOA010000008	1001	3472	-1	2
JAGXOA010000008	3708	4184	1	3
JAGXOA010000008	4972	5613	-1	4
JAGXOA010000008	5940	6815	-1	5
JAGXOA010000008	6805	8430	-1	6
JAGXOA010000008	8541	8903	-1	7
JAGXOA010000008	9015	9599	1	8
JAGXOA010000008	9652	10392	1	9
JAGXOA010000008	10834	12030	-1	10
JAGXOA010000008	12041	12667	-1	11
JAGXOA010000008	12803	14026	1	12
JAGXOA010000008	14084	15265	-1	13
JAGXOA010000008	15617	16999	-1	14
JAGXOA010000008	17149	21243	1	15
JAGXOA010000008	21411	21761	-1	16
JAGXOA010000008	22312	22596	-1	17
JAGXOA010000008	22804	23436	-1	18
JAGXOA010000008	23556	24344	1	19
JAGXOA010000008	24403	25797	-1	20
JAGXOA010000008	26129	27496	1	21
JAGXOA010000008	27568	28224	-1	22
JAGXOA010000008	28474	29928	1	23
JAGXOA010000008	29982	31046	-1	24
JAGXOA010000008	31088	33280	-1	25
JAGXOA010000008	33933	34409	1	26
JAGXOA010000008	34525	35841	1	27
JAGXOA010000008	35962	36765	1	28
JAGXOA010000008	36760	37002	-1	29
JAGXOA010000008	37234	37641	1	30
JAGXOA010000008	37875	39239	1	31
JAGXOA010000008	39242	40546	1	32
JAGXOA010000008	40860	41369	1	33
JAGXOA010000008	41375	42247	1	34
JAGXOA010000008	42286	43380	-1	35
JAGXOA010000008	43405	44454	-1	36
JAGXOA010000008	44635	47034	1	37
JAGXOA010000008	47486	48082	-1	38
JAGXOA010000008	48481	49302	1	39
JAGXOA010000008	49306	49935	1	40
JAGXOA010000008	50031	51551	-1	41
JAGXOA010000008	51941	52336	1	42
JAGXOA010000008	52339	52848	-1	43
JAGXOA010000008	53635	54084	-1	44
JAGXOA010000008	54251	54754	1	45
JAGXOA010000008	54869	55396	1	46
JAGXOA010000008	55741	57462	1	47
JAGXOA010000008	57712	61821	1	48
JAGXOA010000008	61845	62573	-1	49
JAGXOA010000008	62702	63940	1	50
JAGXOA010000008	63994	65034	-1	51
JAGXOA010000008	65458	65643	1	52
JAGXOA010000008	65741	65974	1	53
JAGXOA010000008	66005	66940	-1	54
JAGXOA010000008	67167	68522	-1	55
JAGXOA010000008	68774	69334	1	56
JAGXOA010000008	69362	71497	1	57
JAGXOA010000009	882	1364	1	1
JAGXOA010000009	2039	3703	-1	2
JAGXOA010000009	4218	4610	-1	3
JAGXOA010000009	4610	5158	-1	4
JAGXOA010000009	5173	5919	-1	5
JAGXOA010000009	5999	6172	-1	6
JAGXOA010000009	6230	6484	1	7
JAGXOA010000010	803	1282	-1	1
JAGXOA010000010	1318	1812	-1	2
JAGXOA010000010	2125	3114	-1	3
JAGXOA010000010	3284	3637	1	4
JAGXOA010000010	3730	4836	-1	5
JAGXOA010000010	4984	5178	-1	6
JAGXOA010000011	1	111	-1	1
JAGXOA010000011	305	1513	1	2
JAGXOA010000012	3	152	-1	1
JAGXOA010000012	555	2267	-1	2
JAGXOA010000012	2458	3846	1	3
JAGXOA010000012	3814	4041	-1	4
JAGXOA010000013	630	839	-1	1
JAGXOA010000013	1027	2346	-1	2
JAGXOA010000013	2558	2980	1	3
JAGXOA010000013	3004	3717	1	4
JAGXOA010000013	3736	7680	-1	5
JAGXOA010000013	8298	9866	-1	6
JAGXOA010000014	2	406	1	1
JAGXOA010000014	511	1704	1	2
JAGXOA010000015	2	424	-1	1
JAGXOA010000015	508	1104	-1	2
JAGXOA010000015	1170	1871	-1	3
JAGXOA010000015	2041	2910	-1	4
JAGXOA010000015	3111	3227	-1	5
JAGXOA010000016	1	309	-1	1
JAGXOA010000016	410	1810	-1	2
JAGXOA010000016	2105	2224	1	3
JAGXOA010000016	2277	2558	1	4
JAGXOA010000017	416	817	1	1
JAGXOA010000017	935	2002	-1	2
JAGXOA010000017	2196	2903	-1	3
JAGXOA010000017	3106	3474	-1	4
JAGXOA010000017	3703	5571	1	5
JAGXOA010000017	5686	5907	-1	6
JAGXOA010000017	6073	7674	1	7
JAGXOA010000017	8205	9434	1	8
JAGXOA010000017	9486	10067	1	9
JAGXOA010000017	10455	13229	-1	10
JAGXOA010000017	13366	15630	1	11
JAGXOA010000017	15861	16472	1	12
JAGXOA010000017	16586	18976	1	13
JAGXOA010000017	19183	19650	1	14
JAGXOA010000017	19725	21044	-1	15
JAGXOA010000017	21133	21921	1	16
JAGXOA010000017	22010	23986	-1	17
JAGXOA010000017	24537	25736	1	18
JAGXOA010000017	25921	27153	1	19
JAGXOA010000017	27150	27278	-1	20
JAGXOA010000017	27627	28115	1	21
JAGXOA010000017	28372	29343	1	22
JAGXOA010000017	29340	30641	-1	23
JAGXOA010000017	30877	31749	1	24
JAGXOA010000017	31813	32754	1	25
JAGXOA010000017	32829	34199	1	26
JAGXOA010000017	34264	35592	1	27
JAGXOA010000017	35715	35948	1	28
JAGXOA010000017	36289	36549	-1	29
JAGXOA010000017	36642	36953	1	30
JAGXOA010000017	37160	37327	1	31
JAGXOA010000018	3	218	-1	1
JAGXOA010000018	397	852	-1	2
JAGXOA010000018	1342	1509	-1	3
JAGXOA010000018	1549	1671	1	4
JAGXOA010000018	2041	2898	1	5
JAGXOA010000018	3522	3731	-1	6
JAGXOA010000019	1	1242	1	1
JAGXOA010000019	1357	3354	1	2
JAGXOA010000019	3703	5670	1	3
JAGXOA010000019	6123	7655	1	4
JAGXOA010000019	8220	11429	1	5
JAGXOA010000020	138	452	1	1
JAGXOA010000020	509	1534	-1	2
JAGXOA010000020	1658	1816	1	3
JAGXOA010000020	2043	2603	1	4
JAGXOA010000020	2600	2971	-1	5
JAGXOA010000020	3017	4123	-1	6
JAGXOA010000020	4225	5445	-1	7
JAGXOA010000020	5442	6752	-1	8
JAGXOA010000020	7014	7409	1	9
JAGXOA010000020	7398	8036	-1	10
JAGXOA010000020	8033	8629	-1	11
JAGXOA010000020	8832	9776	1	12
JAGXOA010000020	9773	10465	1	13
JAGXOA010000020	10669	11493	1	14
JAGXOA010000021	3	1646	-1	1
JAGXOA010000022	3	1292	-1	1
JAGXOA010000022	1318	3804	-1	2
JAGXOA010000022	3832	5001	-1	3
JAGXOA010000022	5132	6295	-1	4
JAGXOA010000022	6255	6839	-1	5
JAGXOA010000022	7109	8881	1	6
JAGXOA010000022	8878	9177	-1	7
JAGXOA010000023	208	1395	1	1
JAGXOA010000023	1416	2315	-1	2
JAGXOA010000024	331	1848	1	1
JAGXOA010000024	1859	2209	1	2
JAGXOA010000024	2829	3194	1	3
JAGXOA010000024	3247	4257	1	4
JAGXOA010000024	4268	5155	1	5
JAGXOA010000024	5556	5723	1	6
JAGXOA010000024	5701	5967	1	7
JAGXOA010000025	58	576	1	1
JAGXOA010000025	906	1091	-1	2
JAGXOA010000025	1501	2601	1	3
JAGXOA010000026	886	1356	1	1
JAGXOA010000026	1485	2318	-1	2
JAGXOA010000026	2435	3028	-1	3
JAGXOA010000026	3331	3873	-1	4
JAGXOA010000026	4004	4360	1	5
JAGXOA010000026	4542	4925	1	6
JAGXOA010000026	5102	6685	1	7
JAGXOA010000026	6729	8132	1	8
JAGXOA010000026	8221	8454	-1	9
JAGXOA010000026	8551	8955	1	10
JAGXOA010000027	363	995	1	1
JAGXOA010000027	1014	1751	-1	2
JAGXOA010000027	2221	2709	-1	3
JAGXOA010000027	3091	3861	1	4
JAGXOA010000027	4508	5557	1	5
JAGXOA010000027	5569	7080	-1	6
JAGXOA010000027	7077	8123	-1	7
JAGXOA010000028	296	2626	-1	1
JAGXOA010000028	3057	3512	1	2
JAGXOA010000028	3588	4010	1	3
JAGXOA010000028	4085	5713	-1	4
JAGXOA010000028	6028	6243	1	5
JAGXOA010000028	6473	6694	1	6
JAGXOA010000028	6697	7092	-1	7
JAGXOA010000028	7114	8406	-1	8
JAGXOA010000028	8403	9887	-1	9
JAGXOA010000028	10036	10344	-1	10
JAGXOA010000028	10450	10860	-1	11
JAGXOA010000028	11060	11221	1	12
JAGXOA010000029	2	103	-1	1
JAGXOA010000029	403	645	-1	2
JAGXOA010000029	706	1425	-1	3
JAGXOA010000029	1843	2715	1	4
JAGXOA010000030	253	516	-1	1
JAGXOA010000030	467	871	-1	2
JAGXOA010000030	1026	2180	1	3
JAGXOA010000030	2186	3376	1	4
JAGXOA010000030	3525	4076	1	5
JAGXOA010000030	4161	4556	1	6
JAGXOA010000030	4617	7736	1	7
JAGXOA010000030	7750	8487	-1	8
JAGXOA010000030	8603	9073	-1	9
JAGXOA010000030	9164	9259	-1	10
JAGXOA010000030	9392	11107	1	11
JAGXOA010000030	11131	11931	1	12
JAGXOA010000030	12091	12423	1	13
JAGXOA010000031	261	401	-1	1
JAGXOA010000031	461	5965	-1	2
JAGXOA010000031	6264	6497	1	3
JAGXOA010000031	6494	6934	1	4
JAGXOA010000031	7605	8492	1	5
JAGXOA010000031	8527	8934	1	6
JAGXOA010000032	269	1921	-1	1
JAGXOA010000032	2080	3252	-1	2
JAGXOA010000032	3282	3977	-1	3
JAGXOA010000033	207	1301	1	1
JAGXOA010000033	1405	2154	1	2
JAGXOA010000033	2623	6369	1	3
JAGXOA010000033	6400	8013	1	4
JAGXOA010000033	8129	8494	1	5
JAGXOA010000033	8587	10344	1	6
JAGXOA010000033	10426	10605	1	7
JAGXOA010000033	10657	11436	1	8
JAGXOA010000033	11512	12840	1	9
JAGXOA010000033	12855	14345	1	10
JAGXOA010000033	14362	15288	-1	11
JAGXOA010000033	15326	16690	-1	12
JAGXOA010000033	16694	17749	-1	13
JAGXOA010000033	17742	18521	-1	14
JAGXOA010000033	18532	19536	-1	15
JAGXOA010000033	19596	20684	1	16
JAGXOA010000033	20693	20833	-1	17
JAGXOA010000033	20891	21052	-1	18
JAGXOA010000033	21434	21679	1	19
JAGXOA010000033	21711	24251	1	20
JAGXOA010000033	24289	25167	-1	21
JAGXOA010000033	25391	26149	-1	22
JAGXOA010000033	26290	26799	-1	23
JAGXOA010000033	27015	27122	1	24
JAGXOA010000033	27242	27400	1	25
JAGXOA010000033	28132	28644	1	26
JAGXOA010000033	28644	30113	1	27
JAGXOA010000033	30216	30602	-1	28
JAGXOA010000033	30749	31729	1	29
JAGXOA010000033	31750	32856	1	30
JAGXOA010000033	32934	33257	-1	31
JAGXOA010000033	33299	33511	-1	32
JAGXOA010000034	3	764	1	1
JAGXOA010000034	959	3103	1	2
JAGXOA010000034	3400	5907	1	3
JAGXOA010000034	6053	8458	1	4
JAGXOA010000034	8551	9414	1	5
JAGXOA010000034	9982	12903	1	6
JAGXOA010000034	13089	13904	1	7
JAGXOA010000034	14235	17099	1	8
JAGXOA010000034	17413	20571	1	9
JAGXOA010000035	262	1179	1	1
JAGXOA010000035	1315	1971	1	2
JAGXOA010000035	2600	3121	1	3
JAGXOA010000035	3214	4149	-1	4
JAGXOA010000035	4512	5531	-1	5
JAGXOA010000035	5727	6251	-1	6
JAGXOA010000035	6448	6621	1	7
JAGXOA010000035	6700	6966	1	8
JAGXOA010000035	7081	9024	-1	9
JAGXOA010000035	9066	13250	-1	10
JAGXOA010000035	13448	14275	-1	11
JAGXOA010000035	14470	15354	1	12
JAGXOA010000035	15362	15970	-1	13
JAGXOA010000035	16095	16349	1	14
JAGXOA010000035	16423	16848	1	15
JAGXOA010000035	16861	17760	-1	16
JAGXOA010000035	18051	20000	1	17
JAGXOA010000035	20120	21082	1	18
JAGXOA010000035	21200	21520	1	19
JAGXOA010000035	21698	23221	-1	20
JAGXOA010000035	23459	24373	1	21
JAGXOA010000035	24370	25533	-1	22
JAGXOA010000035	25535	26992	-1	23
JAGXOA010000035	27099	28301	-1	24
JAGXOA010000035	28376	28819	-1	25
JAGXOA010000035	29014	29553	-1	26
JAGXOA010000035	29653	30147	1	27
JAGXOA010000035	30257	30487	-1	28
JAGXOA010000035	30601	31716	-1	29
JAGXOA010000035	32442	33770	1	30
JAGXOA010000035	33782	34192	-1	31
JAGXOA010000035	34198	34671	-1	32
JAGXOA010000035	34694	35050	-1	33
JAGXOA010000035	35123	35956	-1	34
JAGXOA010000035	36050	37378	-1	35
JAGXOA010000035	37537	38445	-1	36
JAGXOA010000036	449	2284	1	1
JAGXOA010000036	2345	2968	1	2
JAGXOA010000036	3200	4297	1	3
JAGXOA010000036	4346	5710	1	4
JAGXOA010000036	5773	8295	1	5
JAGXOA010000036	8328	9245	1	6
JAGXOA010000036	9420	10592	1	7
JAGXOA010000037	233	2392	-1	1
JAGXOA010000037	3268	3450	-1	2
JAGXOA010000037	3478	4245	-1	3
JAGXOA010000037	4599	4910	-1	4
JAGXOA010000037	5097	5606	-1	5
JAGXOA010000037	5701	5850	-1	6
JAGXOA010000037	5856	6170	-1	7
JAGXOA010000037	6329	6655	1	8
JAGXOA010000037	6661	6978	1	9
JAGXOA010000037	6979	7275	1	10
JAGXOA010000037	8012	10147	-1	11
JAGXOA010000038	234	1118	1	1
JAGXOA010000038	1157	1588	-1	2
JAGXOA010000038	1848	3035	-1	3
JAGXOA010000038	3516	4928	1	4
JAGXOA010000038	4925	5755	-1	5
JAGXOA010000038	5879	6301	1	6
JAGXOA010000038	6429	6581	1	7
JAGXOA010000038	6734	7282	1	8
JAGXOA010000039	3	1550	-1	1
JAGXOA010000039	1784	4258	1	2
JAGXOA010000039	4570	5838	1	3
JAGXOA010000039	6856	8256	-1	4
JAGXOA010000039	8911	10296	1	5
JAGXOA010000039	11015	11113	1	6
JAGXOA010000039	11310	11714	1	7
JAGXOA010000039	11808	12704	1	8
JAGXOA010000040	231	1646	1	1
JAGXOA010000040	1737	2618	1	2
JAGXOA010000040	2630	3958	-1	3
JAGXOA010000040	4084	4545	1	4
JAGXOA010000040	4652	5425	1	5
JAGXOA010000040	5491	6405	-1	6
JAGXOA010000040	7602	8375	1	7
JAGXOA010000040	9412	9894	-1	8
JAGXOA010000041	285	2885	1	1
JAGXOA010000041	2976	3926	-1	2
JAGXOA010000041	4094	5011	-1	3
JAGXOA010000041	5424	6368	1	4
JAGXOA010000042	410	1648	1	1
JAGXOA010000042	1820	3820	1	2
JAGXOA010000042	3817	5025	-1	3
JAGXOA010000042	5361	5807	1	4
JAGXOA010000042	5868	6410	-1	5
JAGXOA010000042	6426	8345	-1	6
JAGXOA010000042	8951	9757	1	7
JAGXOA010000042	9809	10042	1	8
JAGXOA010000042	10156	10914	1	9
JAGXOA010000042	11019	12278	-1	10
JAGXOA010000042	12463	12624	-1	11
JAGXOA010000042	12828	14537	1	12
JAGXOA010000042	14574	16343	-1	13
JAGXOA010000042	16500	17399	-1	14
JAGXOA010000042	17601	18182	1	15
JAGXOA010000042	18203	18778	-1	16
JAGXOA010000042	19046	19366	-1	17
JAGXOA010000042	19726	20715	1	18
JAGXOA010000043	399	1283	-1	1
JAGXOA010000043	1657	1878	1	2
JAGXOA010000043	1897	2391	1	3
JAGXOA010000044	665	907	1	1
JAGXOA010000044	1171	2115	1	2
JAGXOA010000044	2263	3003	1	3
JAGXOA010000044	3125	4600	1	4
JAGXOA010000044	4738	5541	1	5
JAGXOA010000045	116	238	-1	1
JAGXOA010000045	259	1401	-1	2
JAGXOA010000045	1505	2152	-1	3
JAGXOA010000045	2441	2707	1	4
JAGXOA010000046	185	1057	-1	1
JAGXOA010000046	1082	1900	-1	2
JAGXOA010000046	1921	3315	-1	3
JAGXOA010000046	3690	5168	-1	4
JAGXOA010000046	5470	5778	-1	5
JAGXOA010000046	5838	6815	-1	6
JAGXOA010000046	6812	7549	-1	7
JAGXOA010000046	7549	8046	-1	8
JAGXOA010000046	8531	9310	1	9
JAGXOA010000046	9393	9671	-1	10
JAGXOA010000046	9903	11504	-1	11
JAGXOA010000046	11734	12396	-1	12
JAGXOA010000046	12480	13226	1	13
JAGXOA010000046	13375	16338	-1	14
JAGXOA010000046	16642	19227	-1	15
JAGXOA010000046	19777	20274	1	16
JAGXOA010000047	3	2546	-1	1
JAGXOA010000047	3126	4445	-1	2
JAGXOA010000047	4591	5331	-1	3
JAGXOA010000047	5333	6331	-1	4
JAGXOA010000047	6459	7955	-1	5
JAGXOA010000047	8070	9503	-1	6
JAGXOA010000047	9840	10805	1	7
JAGXOA010000047	10847	11875	1	8
JAGXOA010000047	11872	12843	-1	9
JAGXOA010000047	12953	13561	-1	10
JAGXOA010000047	14093	14998	-1	11
JAGXOA010000047	15171	15920	-1	12
JAGXOA010000047	16392	17192	1	13
JAGXOA010000047	17218	17817	-1	14
JAGXOA010000047	17905	18483	-1	15
JAGXOA010000047	18757	18987	1	16
JAGXOA010000047	19099	20976	-1	17
JAGXOA010000047	21262	22512	1	18
JAGXOA010000047	22523	23872	-1	19
JAGXOA010000048	198	1229	-1	1
JAGXOA010000048	1249	2322	-1	2
JAGXOA010000049	359	709	-1	1
JAGXOA010000049	1125	1589	-1	2
JAGXOA010000049	1713	1871	-1	3
JAGXOA010000049	2128	2412	-1	4
JAGXOA010000050	2	295	-1	1
JAGXOA010000050	326	1459	-1	2
JAGXOA010000051	25	174	1	1
JAGXOA010000051	448	1350	-1	2
JAGXOA010000051	1661	1939	-1	3
JAGXOA010000051	1982	2770	-1	4
JAGXOA010000051	2763	3755	-1	5
JAGXOA010000051	3891	4244	1	6
JAGXOA010000051	4597	5235	1	7
JAGXOA010000051	5423	5569	1	8
JAGXOA010000051	5916	7469	-1	9
JAGXOA010000051	7889	8587	1	10
JAGXOA010000052	135	662	-1	1
JAGXOA010000052	867	2021	-1	2
JAGXOA010000052	2191	2745	-1	3
JAGXOA010000052	2788	3354	-1	4
JAGXOA010000052	3378	3809	-1	5
JAGXOA010000052	4024	4905	1	6
JAGXOA010000052	4937	5917	-1	7
JAGXOA010000052	5999	7981	1	8
JAGXOA010000052	8028	9731	-1	9
JAGXOA010000052	10134	10538	1	10
JAGXOA010000052	10595	11053	-1	11
JAGXOA010000052	11298	11822	1	12
JAGXOA010000052	11842	12987	-1	13
JAGXOA010000052	13112	13855	-1	14
JAGXOA010000052	14065	14274	1	15
JAGXOA010000052	14668	14940	1	16
JAGXOA010000052	15058	16383	1	17
JAGXOA010000052	16389	17189	1	18
JAGXOA010000052	17217	17804	-1	19
JAGXOA010000052	18431	19228	1	20
JAGXOA010000052	19376	20002	1	21
JAGXOA010000052	20047	21180	1	22
JAGXOA010000053	1	114	-1	1
JAGXOA010000053	485	724	1	2
JAGXOA010000053	727	1131	1	3
JAGXOA010000053	1344	1601	-1	4
JAGXOA010000053	1979	4084	1	5
JAGXOA010000053	4321	4947	-1	6
JAGXOA010000053	5347	6276	-1	7
JAGXOA010000053	6290	7531	-1	8
JAGXOA010000053	7712	9367	-1	9
JAGXOA010000053	9692	11002	-1	10
JAGXOA010000053	11205	11930	1	11
JAGXOA010000053	12354	12632	-1	12
JAGXOA010000053	12832	13368	-1	13
JAGXOA010000053	13389	14288	-1	14
JAGXOA010000053	14275	15225	-1	15
JAGXOA010000053	15363	16451	1	16
JAGXOA010000053	16702	17253	1	17
JAGXOA010000053	17416	17706	1	18
JAGXOA010000053	18121	18711	1	19
JAGXOA010000053	19098	19667	1	20
JAGXOA010000053	19766	20101	1	21
JAGXOA010000053	20375	21058	1	22
JAGXOA010000054	3	2951	-1	1
JAGXOA010000054	2948	3373	-1	2
JAGXOA010000054	3532	4212	-1	3
JAGXOA010000054	4243	4350	1	4
JAGXOA010000054	4460	5305	-1	5
JAGXOA010000054	5307	6968	-1	6
JAGXOA010000054	7228	7653	1	7
JAGXOA010000054	7658	7915	1	8
JAGXOA010000054	8041	8748	1	9
JAGXOA010000054	8762	9154	1	10
JAGXOA010000054	9349	9756	1	11
JAGXOA010000054	9788	10708	1	12
JAGXOA010000054	10789	11517	1	13
JAGXOA010000054	11635	11988	1	14
JAGXOA010000054	12661	12990	1	15
JAGXOA010000055	1	465	1	1
JAGXOA010000055	777	908	-1	2
JAGXOA010000055	1083	2210	1	3
JAGXOA010000055	2135	2752	-1	4
JAGXOA010000055	3279	3476	1	5
JAGXOA010000055	3487	4356	-1	6
JAGXOA010000055	4408	5085	1	7
JAGXOA010000055	5148	6377	1	8
JAGXOA010000055	6389	7027	1	9
JAGXOA010000055	7032	7649	-1	10
JAGXOA010000055	7858	8670	1	11
JAGXOA010000055	8660	9484	-1	12
JAGXOA010000055	9688	10104	1	13
JAGXOA010000055	10168	11304	1	14
JAGXOA010000055	11359	11916	-1	15
JAGXOA010000055	12001	13497	-1	16
JAGXOA010000055	13590	14729	1	17
JAGXOA010000056	3	503	-1	1
JAGXOA010000056	689	2311	-1	2
JAGXOA010000057	3	575	1	1
JAGXOA010000057	646	1482	1	2
JAGXOA010000057	1525	2466	1	3
JAGXOA010000057	2499	3974	-1	4
JAGXOA010000057	4183	4974	1	5
JAGXOA010000057	5020	6234	-1	6
JAGXOA010000057	6467	7156	1	7
JAGXOA010000057	7165	8142	-1	8
JAGXOA010000057	8336	8908	1	9
JAGXOA010000058	164	772	-1	1
JAGXOA010000058	1037	1933	1	2
JAGXOA010000058	1971	2927	1	3
JAGXOA010000058	3090	3587	1	4
JAGXOA010000058	3682	4665	-1	5
JAGXOA010000058	4900	5604	-1	6
JAGXOA010000059	256	1671	1	1
JAGXOA010000059	1694	2896	-1	2
JAGXOA010000059	3098	3472	1	3
JAGXOA010000059	3653	4939	1	4
JAGXOA010000059	5057	8041	-1	5
JAGXOA010000060	3	113	1	1
JAGXOA010000060	414	1019	1	2
JAGXOA010000060	1310	1633	1	3
JAGXOA010000060	1863	3125	-1	4
JAGXOA010000060	3421	3615	1	5
JAGXOA010000060	3645	4025	1	6
JAGXOA010000061	77	1009	-1	1
JAGXOA010000061	1114	3954	-1	2
JAGXOA010000061	4071	4328	-1	3
JAGXOA010000061	4458	5639	1	4
JAGXOA010000061	5823	6530	-1	5
JAGXOA010000061	6869	7963	1	6
JAGXOA010000061	8357	9148	-1	7
JAGXOA010000061	9161	10273	-1	8
JAGXOA010000061	10292	11230	-1	9
JAGXOA010000061	11236	12321	-1	10
JAGXOA010000061	12495	12623	-1	11
JAGXOA010000061	13058	13423	-1	12
JAGXOA010000062	2	952	-1	1
JAGXOA010000062	1307	2374	-1	2
JAGXOA010000062	2787	3026	1	3
JAGXOA010000063	133	714	1	1
JAGXOA010000063	803	1156	1	2
JAGXOA010000063	1180	1290	1	3
JAGXOA010000063	1988	2719	1	4
JAGXOA010000063	2721	3395	1	5
JAGXOA010000063	3488	3964	1	6
JAGXOA010000063	4339	4557	1	7
JAGXOA010000063	4581	4847	-1	8
JAGXOA010000063	4867	5235	-1	9
JAGXOA010000063	5462	5713	1	10
JAGXOA010000063	6175	6726	-1	11
JAGXOA010000063	7141	8001	1	12
JAGXOA010000063	8026	9372	1	13
JAGXOA010000063	9556	10914	1	14
JAGXOA010000063	11018	11377	1	15
JAGXOA010000063	11396	11854	1	16
JAGXOA010000063	11890	14157	-1	17
JAGXOA010000063	14623	15288	1	18
JAGXOA010000063	15344	16612	1	19
JAGXOA010000063	16813	17319	1	20
JAGXOA010000063	17415	18926	1	21
JAGXOA010000064	184	2574	-1	1
JAGXOA010000064	2571	4874	-1	2
JAGXOA010000064	5308	5514	1	3
JAGXOA010000064	5677	7080	1	4
JAGXOA010000064	7277	7783	1	5
JAGXOA010000064	7823	8233	-1	6
JAGXOA010000064	8571	10622	1	7
JAGXOA010000064	10619	11365	-1	8
JAGXOA010000064	11388	11798	-1	9
JAGXOA010000064	11801	12610	-1	10
JAGXOA010000064	12944	13387	-1	11
JAGXOA010000064	13362	13832	-1	12
JAGXOA010000064	13907	14242	-1	13
JAGXOA010000064	14235	14966	-1	14
JAGXOA010000064	15080	15664	-1	15
JAGXOA010000064	15729	16655	-1	16
JAGXOA010000064	16749	17222	1	17
JAGXOA010000064	17476	17736	-1	18
JAGXOA010000064	17796	19088	-1	19
JAGXOA010000064	19312	20055	1	20
JAGXOA010000064	20066	20878	1	21
JAGXOA010000064	20980	22194	1	22
JAGXOA010000064	22358	26779	1	23
JAGXOA010000064	27127	27306	-1	24
JAGXOA010000064	27690	28598	1	25
JAGXOA010000064	28827	29240	1	26
JAGXOA010000064	29263	29583	-1	27
JAGXOA010000064	29794	30324	1	28
JAGXOA010000064	30405	30533	1	29
JAGXOA010000064	30728	31546	1	30
JAGXOA010000064	31704	32699	1	31
JAGXOA010000064	32731	33477	1	32
JAGXOA010000064	33506	36106	-1	33
JAGXOA010000064	36312	37130	-1	34
JAGXOA010000064	37428	37667	-1	35
JAGXOA010000065	2	1390	-1	1
JAGXOA010000065	1605	2657	1	2
JAGXOA010000065	2835	5279	1	3
JAGXOA010000065	5441	6760	1	4
JAGXOA010000065	7033	7950	1	5
JAGXOA010000065	8728	9123	1	6
JAGXOA010000065	9135	10049	1	7
JAGXOA010000065	10426	10731	-1	8
JAGXOA010000065	10875	12053	-1	9
JAGXOA010000065	12233	12514	1	10
JAGXOA010000065	12701	13243	1	11
JAGXOA010000065	13250	14161	-1	12
JAGXOA010000065	14369	14506	-1	13
JAGXOA010000065	14673	15968	-1	14
JAGXOA010000065	16138	17448	1	15
JAGXOA010000065	17663	18961	-1	16
JAGXOA010000065	19486	19980	1	17
JAGXOA010000065	20018	20662	-1	18
JAGXOA010000065	20672	22729	-1	19
JAGXOA010000065	22838	23455	1	20
JAGXOA010000065	23626	25191	1	21
JAGXOA010000065	25212	25658	1	22
JAGXOA010000065	25663	26376	1	23
JAGXOA010000065	26685	26966	1	24
JAGXOA010000065	27011	27766	-1	25
JAGXOA010000065	27965	28717	1	26
JAGXOA010000065	28792	29472	1	27
JAGXOA010000065	29491	30030	1	28
JAGXOA010000065	30017	30673	-1	29
JAGXOA010000065	30700	31743	-1	30
JAGXOA010000065	31750	32112	-1	31
JAGXOA010000065	32346	32804	1	32
JAGXOA010000065	32817	34388	-1	33
JAGXOA010000065	34453	34695	-1	34
JAGXOA010000065	34963	35247	1	35
JAGXOA010000065	35234	36283	1	36
JAGXOA010000065	36392	37069	1	37
JAGXOA010000065	37124	37864	1	38
JAGXOA010000065	37861	38469	1	39
JAGXOA010000065	38789	39541	-1	40
JAGXOA010000066	827	988	1	1
JAGXOA010000066	1662	2534	-1	2
JAGXOA010000066	2812	2973	1	3
JAGXOA010000066	2963	3550	1	4
JAGXOA010000066	3826	4347	-1	5
JAGXOA010000066	4524	4742	-1	6
JAGXOA010000066	4762	4986	-1	7
JAGXOA010000066	5348	6628	-1	8
JAGXOA010000066	7026	11753	1	9
JAGXOA010000067	413	1228	1	1
JAGXOA010000067	1300	1728	1	2
JAGXOA010000068	208	735	-1	1
JAGXOA010000068	977	2947	-1	2
JAGXOA010000068	3087	6326	1	3
JAGXOA010000068	6396	6533	1	4
JAGXOA010000068	6582	8015	1	5
JAGXOA010000069	515	1273	-1	1
JAGXOA010000069	1444	2481	1	2
JAGXOA010000069	2517	3617	1	3
JAGXOA010000069	3614	4366	1	4
JAGXOA010000069	4499	7435	1	5
JAGXOA010000070	141	767	-1	1
JAGXOA010000070	1046	2932	1	2
JAGXOA010000070	3010	4017	1	3
JAGXOA010000070	4362	4607	1	4
JAGXOA010000070	5170	6066	1	5
JAGXOA010000071	168	845	-1	1
JAGXOA010000071	893	1702	-1	2
JAGXOA010000071	1751	2887	-1	3
JAGXOA010000071	3013	3192	-1	4
JAGXOA010000071	3313	4134	1	5
JAGXOA010000071	4127	4453	1	6
JAGXOA010000071	4487	5356	-1	7
JAGXOA010000072	3	2708	-1	1
JAGXOA010000072	3086	3943	-1	2
JAGXOA010000072	4280	6529	1	3
JAGXOA010000072	6912	7469	1	4
JAGXOA010000072	7575	8384	1	5
JAGXOA010000072	8654	8812	-1	6
JAGXOA010000072	9184	9753	-1	7
JAGXOA010000072	9877	11349	1	8
JAGXOA010000072	11353	11751	1	9
JAGXOA010000072	12084	13097	-1	10
JAGXOA010000072	13084	13656	-1	11
JAGXOA010000072	14692	15372	1	12
JAGXOA010000072	15399	16499	-1	13
JAGXOA010000072	16718	16972	-1	14
JAGXOA010000072	17141	18091	-1	15
JAGXOA010000072	18152	19942	-1	16
JAGXOA010000072	20044	20877	-1	17
JAGXOA010000072	20989	21651	1	18
JAGXOA010000072	21734	21889	-1	19
JAGXOA010000072	22234	22386	-1	20
JAGXOA010000072	22689	23543	1	21
JAGXOA010000072	23885	24787	-1	22
JAGXOA010000072	25152	25970	-1	23
JAGXOA010000072	26277	27038	1	24
JAGXOA010000072	27028	28272	-1	25
JAGXOA010000072	28535	29332	1	26
JAGXOA010000072	29416	30210	1	27
JAGXOA010000072	30494	30745	-1	28
JAGXOA010000072	30771	31334	-1	29
JAGXOA010000072	31470	31661	1	30
JAGXOA010000072	31820	34309	1	31
JAGXOA010000072	34339	35487	-1	32
JAGXOA010000072	35768	36217	-1	33
JAGXOA010000072	36393	39263	1	34
JAGXOA010000072	39372	41570	-1	35
JAGXOA010000072	41907	42074	1	36
JAGXOA010000072	42098	43207	-1	37
JAGXOA010000072	43742	44410	1	38
JAGXOA010000072	44676	46106	1	39
JAGXOA010000072	46110	47453	1	40
JAGXOA010000072	47537	47815	-1	41
JAGXOA010000072	48035	50473	1	42
JAGXOA010000072	50789	54223	1	43
JAGXOA010000072	54282	54848	1	44
JAGXOA010000072	54953	55426	-1	45
JAGXOA010000073	2	277	-1	1
JAGXOA010000073	510	800	1	2
JAGXOA010000073	781	1113	1	3
JAGXOA010000073	1511	3193	-1	4
JAGXOA010000073	3448	3531	-1	5
JAGXOA010000074	1	633	1	1
JAGXOA010000074	906	2348	1	2
JAGXOA010000074	2546	3169	1	3
JAGXOA010000074	3447	4013	1	4
JAGXOA010000074	4010	4696	1	5
JAGXOA010000074	5050	5250	1	6
JAGXOA010000074	5238	5684	1	7
JAGXOA010000074	5860	6045	1	8
JAGXOA010000074	6033	6317	1	9
JAGXOA010000074	6409	6924	1	10
JAGXOA010000074	7044	7220	-1	11
JAGXOA010000074	7312	8265	1	12
JAGXOA010000074	8265	9155	1	13
JAGXOA010000074	9161	9256	1	14
JAGXOA010000075	138	872	1	1
JAGXOA010000075	1227	1724	-1	2
JAGXOA010000075	2080	3459	1	3
JAGXOA010000075	3524	4612	-1	4
JAGXOA010000075	4624	5145	-1	5
JAGXOA010000075	5281	6117	-1	6
JAGXOA010000075	6299	7141	-1	7
JAGXOA010000075	7658	8320	1	8
JAGXOA010000075	8343	9014	1	9
JAGXOA010000075	9027	10169	-1	10
JAGXOA010000075	10265	12715	-1	11
JAGXOA010000075	12934	13356	-1	12
JAGXOA010000076	427	660	1	1
JAGXOA010000076	950	3166	1	2
JAGXOA010000076	3315	5501	1	3
JAGXOA010000076	5536	5880	1	4
JAGXOA010000076	5898	6362	1	5
JAGXOA010000076	6686	8188	1	6
JAGXOA010000076	8281	8712	1	7
JAGXOA010000076	8751	9176	1	8
JAGXOA010000076	9215	10045	-1	9
JAGXOA010000076	10209	10505	1	10
JAGXOA010000077	226	915	-1	1
JAGXOA010000077	934	1092	-1	2
JAGXOA010000077	1222	2061	-1	3
JAGXOA010000077	2135	2434	-1	4
JAGXOA010000077	2502	2948	-1	5
JAGXOA010000077	3250	3750	-1	6
JAGXOA010000078	184	1629	-1	1
JAGXOA010000078	1959	2363	-1	2
JAGXOA010000078	2542	4197	1	3
JAGXOA010000078	4225	4563	1	4
JAGXOA010000078	4598	6079	-1	5
JAGXOA010000079	279	2018	1	1
JAGXOA010000079	2117	2623	1	2
JAGXOA010000079	2645	3319	1	3
JAGXOA010000079	3446	3730	-1	4
JAGXOA010000080	1	456	-1	1
JAGXOA010000080	521	1750	-1	2
JAGXOA010000081	268	972	1	1
JAGXOA010000081	1026	2207	-1	2
JAGXOA010000081	2421	3644	-1	3
JAGXOA010000081	3658	3858	-1	4
JAGXOA010000082	2	388	1	1
JAGXOA010000082	562	2301	1	2
JAGXOA010000082	2321	2857	1	3
JAGXOA010000083	3	71	1	1
JAGXOA010000083	268	816	1	2
JAGXOA010000083	1071	1205	-1	3
JAGXOA010000083	1439	2194	-1	4
JAGXOA010000083	2309	2497	-1	5
JAGXOA010000083	3094	3699	1	6
JAGXOA010000083	3694	3870	-1	7
JAGXOA010000083	4156	6984	-1	8
JAGXOA010000083	7341	7601	1	9
JAGXOA010000083	7873	8079	-1	10
JAGXOA010000083	8539	9219	-1	11
JAGXOA010000083	9424	10008	-1	12
JAGXOA010000083	10044	11036	-1	13
JAGXOA010000083	11241	11819	1	14
JAGXOA010000083	11955	12233	1	15
JAGXOA010000084	207	482	1	1
JAGXOA010000084	625	1599	-1	2
JAGXOA010000085	349	504	-1	1
JAGXOA010000085	631	2361	1	2
JAGXOA010000085	2543	2935	1	3
JAGXOA010000086	418	618	-1	1
JAGXOA010000086	1139	1390	1	2
JAGXOA010000086	1397	1843	1	3
JAGXOA010000086	2243	2533	-1	4
JAGXOA010000086	2521	2724	-1	5
JAGXOA010000086	3302	3502	-1	6
JAGXOA010000086	3562	5025	-1	7
JAGXOA010000086	5026	6345	-1	8
JAGXOA010000087	1	966	-1	1
JAGXOA010000087	1235	1417	1	2
JAGXOA010000087	1735	3135	-1	3
JAGXOA010000088	3	155	1	1
JAGXOA010000088	149	436	1	2
JAGXOA010000088	1080	1202	1	3
JAGXOA010000088	1207	2100	-1	4
JAGXOA010000088	3021	3257	1	5
JAGXOA010000088	3323	3481	-1	6
JAGXOA010000089	78	1292	1	1
JAGXOA010000089	1444	2607	1	2
JAGXOA010000089	2648	3685	1	3
JAGXOA010000089	3884	6130	1	4
JAGXOA010000089	6242	7183	1	5
JAGXOA010000089	7286	7702	1	6
JAGXOA010000090	264	1574	1	1
JAGXOA010000090	1660	2379	-1	2
JAGXOA010000090	3121	4140	1	3
JAGXOA010000090	4159	4527	-1	4
JAGXOA010000090	4717	5547	-1	5
JAGXOA010000090	5829	7946	1	6
JAGXOA010000090	8030	9268	-1	7
JAGXOA010000090	9421	10623	-1	8
JAGXOA010000090	10736	11326	1	9
JAGXOA010000090	11511	12221	-1	10
JAGXOA010000090	12236	13639	-1	11
JAGXOA010000090	13773	14933	-1	12
JAGXOA010000090	15020	15886	-1	13
JAGXOA010000090	16196	16840	1	14
JAGXOA010000090	16890	17711	1	15
JAGXOA010000090	17731	18120	-1	16
JAGXOA010000090	18490	19473	1	17
JAGXOA010000090	19675	20025	-1	18
JAGXOA010000090	20181	20963	-1	19
JAGXOA010000090	21122	23878	1	20
JAGXOA010000090	23908	24519	-1	21
JAGXOA010000090	24790	25362	1	22
JAGXOA010000090	25428	25688	-1	23
JAGXOA010000090	25681	26376	-1	24
JAGXOA010000090	26391	26594	-1	25
JAGXOA010000090	26871	27422	1	26
JAGXOA010000090	28031	29062	-1	27
JAGXOA010000090	29265	29723	-1	28
JAGXOA010000090	29848	30801	-1	29
JAGXOA010000090	30927	32069	-1	30
JAGXOA010000090	33251	34426	-1	31
JAGXOA010000090	35048	36121	-1	32
JAGXOA010000090	36118	37827	-1	33
JAGXOA010000091	2	1714	-1	1
JAGXOA010000092	205	2373	-1	1
JAGXOA010000092	2505	2720	1	2
JAGXOA010000092	2814	3065	-1	3
JAGXOA010000092	3105	4736	-1	4
JAGXOA010000093	2	214	1	1
JAGXOA010000093	124	651	-1	2
JAGXOA010000093	886	1467	1	3
JAGXOA010000093	1509	2045	-1	4
JAGXOA010000093	2200	2439	-1	5
JAGXOA010000093	2531	3964	-1	6
JAGXOA010000093	4300	4806	-1	7
JAGXOA010000093	5042	5434	1	8
JAGXOA010000093	5470	6021	1	9
JAGXOA010000093	6053	7969	1	10
JAGXOA010000093	8041	8931	1	11
JAGXOA010000093	9276	9920	-1	12
JAGXOA010000093	10053	10181	-1	13
JAGXOA010000094	2	139	1	1
JAGXOA010000094	456	1382	-1	2
JAGXOA010000094	1511	2497	1	3
JAGXOA010000095	3	293	-1	1
JAGXOA010000095	406	1941	-1	2
JAGXOA010000095	2084	3247	-1	3
JAGXOA010000096	480	4907	-1	1
JAGXOA010000096	5209	5829	1	2
JAGXOA010000096	5816	6394	1	3
JAGXOA010000096	6448	7911	-1	4
JAGXOA010000096	8044	9657	-1	5
JAGXOA010000096	10068	10808	1	6
JAGXOA010000097	146	508	-1	1
JAGXOA010000097	849	2354	1	2
JAGXOA010000097	2397	4394	-1	3
JAGXOA010000097	4537	4938	1	4
JAGXOA010000097	5027	5476	1	5
JAGXOA010000097	5637	6383	1	6
JAGXOA010000097	6398	7117	1	7
JAGXOA010000097	7130	7786	1	8
JAGXOA010000097	7869	7973	-1	9
JAGXOA010000097	8341	9336	1	10
JAGXOA010000097	9371	9943	-1	11
JAGXOA010000098	57	503	-1	1
JAGXOA010000098	884	1933	-1	2
JAGXOA010000098	2025	2204	-1	3
JAGXOA010000098	2316	2615	1	4
JAGXOA010000098	2717	3418	1	5
JAGXOA010000098	3883	4500	1	6
JAGXOA010000098	4621	4782	1	7
JAGXOA010000098	4788	5450	-1	8
JAGXOA010000098	5802	6494	1	9
JAGXOA010000099	2	1318	-1	1
JAGXOA010000099	1452	1874	1	2
JAGXOA010000099	2031	2369	1	3
JAGXOA010000100	223	354	1	1
JAGXOA010000100	382	894	1	2
JAGXOA010000100	905	1393	-1	3
JAGXOA010000100	1523	3094	1	4
JAGXOA010000100	3236	4063	1	5
JAGXOA010000100	4246	4755	1	6
JAGXOA010000100	4963	6093	-1	7
JAGXOA010000100	6421	6645	-1	8
JAGXOA010000100	6875	7072	1	9
JAGXOA010000100	7085	7417	-1	10
JAGXOA010000100	7782	11399	1	11
JAGXOA010000100	11745	12302	-1	12
JAGXOA010000100	12426	14447	-1	13
JAGXOA010000100	14589	17195	1	14
JAGXOA010000100	17272	17787	1	15
JAGXOA010000100	17812	18531	-1	16
JAGXOA010000100	18740	20323	1	17
JAGXOA010000100	20450	20653	-1	18
JAGXOA010000100	20932	21744	1	19
JAGXOA010000100	21776	22021	-1	20
JAGXOA010000100	22049	23359	-1	21
JAGXOA010000100	23725	31302	1	22
JAGXOA010000100	31438	31956	1	23
JAGXOA010000100	32346	32489	-1	24
JAGXOA010000100	32727	33149	1	25
JAGXOA010000100	33169	34116	-1	26
JAGXOA010000100	34233	35159	-1	27
JAGXOA010000100	35546	35749	-1	28
JAGXOA010000100	36057	36956	1	29
JAGXOA010000101	163	645	1	1
JAGXOA010000101	828	956	-1	2
JAGXOA010000101	1076	1573	-1	3
JAGXOA010000101	1824	2114	-1	4
JAGXOA010000101	2142	2582	-1	5
JAGXOA010000101	2585	2740	-1	6
JAGXOA010000101	3391	3627	-1	7
JAGXOA010000101	3765	4931	-1	8
JAGXOA010000101	4985	6373	-1	9
JAGXOA010000101	6388	7200	-1	10
JAGXOA010000101	7388	7777	-1	11
JAGXOA010000101	7976	8329	-1	12
JAGXOA010000101	8493	10163	1	13
JAGXOA010000101	10203	10709	1	14
JAGXOA010000101	10746	12926	-1	15
JAGXOA010000101	13146	13442	-1	16
JAGXOA010000101	13642	14514	-1	17
JAGXOA010000101	14754	15173	-1	18
JAGXOA010000101	15191	15292	-1	19
JAGXOA010000101	15405	15689	1	20
JAGXOA010000101	15887	17566	-1	21
JAGXOA010000101	17826	18593	1	22
JAGXOA010000101	18608	20359	-1	23
JAGXOA010000101	20535	22565	1	24
JAGXOA010000101	22696	24060	-1	25
JAGXOA010000101	24154	24591	-1	26
JAGXOA010000101	24659	26116	-1	27
JAGXOA010000102	376	468	1	1
JAGXOA010000102	512	2740	-1	2
JAGXOA010000102	3170	4687	-1	3
JAGXOA010000102	5637	6518	-1	4
JAGXOA010000102	6572	7270	1	5
JAGXOA010000102	7563	7826	1	6
JAGXOA010000103	43	807	-1	1
JAGXOA010000103	867	1307	-1	2
JAGXOA010000103	1402	2685	1	3
JAGXOA010000103	2682	3569	-1	4
JAGXOA010000104	1	309	1	1
JAGXOA010000104	317	1768	1	2
JAGXOA010000104	1841	2326	1	3
JAGXOA010000104	2640	4007	1	4
JAGXOA010000104	4008	4958	-1	5
JAGXOA010000104	5067	5957	1	6
JAGXOA010000104	5998	7311	1	7
JAGXOA010000104	7332	8153	-1	8
JAGXOA010000104	8178	9074	-1	9
JAGXOA010000104	9685	10854	-1	10
JAGXOA010000105	2	136	-1	1
JAGXOA010000105	374	2032	1	2
JAGXOA010000106	229	798	1	1
JAGXOA010000106	1073	2131	1	2
JAGXOA010000106	2132	2302	-1	3
JAGXOA010000106	2401	2658	-1	4
JAGXOA010000106	3159	4466	1	5
JAGXOA010000106	4487	5710	-1	6
JAGXOA010000106	5904	6455	1	7
JAGXOA010000106	6685	7419	-1	8
JAGXOA010000106	7425	7787	-1	9
JAGXOA010000106	7935	8135	-1	10
JAGXOA010000106	8155	8469	-1	11
JAGXOA010000106	8709	9161	-1	12
JAGXOA010000106	9459	9818	-1	13
JAGXOA010000106	10836	11843	1	14
JAGXOA010000106	11952	12440	1	15
JAGXOA010000106	12602	14107	1	16
JAGXOA010000106	14456	15160	1	17
JAGXOA010000106	15340	16512	-1	18
JAGXOA010000106	16618	17763	-1	19
JAGXOA010000106	17823	19028	-1	20
JAGXOA010000106	19228	19761	1	21
JAGXOA010000106	19780	20406	-1	22
JAGXOA010000106	20853	21287	1	23
JAGXOA010000106	21437	22993	1	24
JAGXOA010000106	23337	23873	1	25
JAGXOA010000106	23887	24507	1	26
JAGXOA010000106	24580	25674	1	27
JAGXOA010000107	179	505	1	1
JAGXOA010000107	514	1668	1	2
JAGXOA010000107	1590	1772	-1	3
JAGXOA010000107	2005	3138	-1	4
JAGXOA010000108	521	1726	1	1
JAGXOA010000108	1819	2832	1	2
JAGXOA010000108	2862	3902	1	3
JAGXOA010000108	3903	5483	1	4
JAGXOA010000108	5503	6009	1	5
JAGXOA010000108	6032	6445	-1	6
JAGXOA010000108	6491	7162	-1	7
JAGXOA010000108	7261	8178	-1	8
JAGXOA010000108	8315	9325	-1	9
JAGXOA010000108	9531	11153	1	10
JAGXOA010000108	11167	11910	1	11
JAGXOA010000108	12011	12235	1	12
JAGXOA010000108	12237	12485	-1	13
JAGXOA010000108	12656	13891	-1	14
JAGXOA010000108	14089	15114	1	15
JAGXOA010000108	15223	15852	1	16
JAGXOA010000108	15854	16543	-1	17
JAGXOA010000108	16576	17733	-1	18
JAGXOA010000108	17815	18747	1	19
JAGXOA010000108	18752	19573	1	20
JAGXOA010000108	19568	20992	-1	21
JAGXOA010000108	21081	22712	1	22
JAGXOA010000108	22722	23003	-1	23
JAGXOA010000108	23252	25174	1	24
JAGXOA010000108	25171	26526	1	25
JAGXOA010000108	26659	27387	1	26
JAGXOA010000108	27542	27694	1	27
JAGXOA010000109	506	1168	1	1
JAGXOA010000109	1201	2313	-1	2
JAGXOA010000109	2472	3395	1	3
JAGXOA010000109	3510	4931	1	4
JAGXOA010000109	5109	5312	-1	5
JAGXOA010000109	5386	7026	-1	6
JAGXOA010000109	7184	8059	-1	7
JAGXOA010000109	8317	9819	1	8
JAGXOA010000109	9956	12664	1	9
JAGXOA010000109	12669	14345	1	10
JAGXOA010000109	14514	14714	-1	11
JAGXOA010000110	2	307	-1	1
JAGXOA010000110	889	2982	1	2
JAGXOA010000110	3319	5481	1	3
JAGXOA010000110	5465	6559	1	4
JAGXOA010000110	6738	6986	1	5
JAGXOA010000110	7028	8008	1	6
JAGXOA010000111	2	523	-1	1
JAGXOA010000111	627	1274	-1	2
JAGXOA010000111	1852	2466	-1	3
JAGXOA010000112	1	1806	1	1
JAGXOA010000112	2017	4596	1	2
JAGXOA010000112	4652	5965	-1	3
JAGXOA010000112	6111	6479	1	4
JAGXOA010000112	6621	7301	1	5
JAGXOA010000113	323	937	-1	1
JAGXOA010000113	951	2534	-1	2
JAGXOA010000113	2726	2899	1	3
JAGXOA010000113	3272	4237	1	4
JAGXOA010000114	82	633	-1	1
JAGXOA010000114	864	1790	-1	2
JAGXOA010000115	2	370	-1	1
JAGXOA010000115	836	970	1	2
JAGXOA010000115	1064	2152	-1	3
JAGXOA010000115	2294	3190	1	4
JAGXOA010000115	3180	4088	1	5
JAGXOA010000116	356	1705	1	1
JAGXOA010000116	1806	2753	1	2
JAGXOA010000116	2953	3990	1	3
JAGXOA010000116	4014	4841	-1	4
JAGXOA010000116	5037	6449	1	5
JAGXOA010000116	6579	7220	1	6
JAGXOA010000116	7380	7979	1	7
JAGXOA010000116	8081	8572	1	8
JAGXOA010000116	8559	9311	-1	9
JAGXOA010000116	9507	10616	1	10
JAGXOA010000116	10628	11227	-1	11
JAGXOA010000116	11359	13605	-1	12
JAGXOA010000116	13853	14275	1	13
JAGXOA010000116	14265	14969	1	14
JAGXOA010000117	644	1549	1	1
JAGXOA010000117	1509	2393	1	2
JAGXOA010000117	2405	3544	1	3
JAGXOA010000117	3691	4617	1	4
JAGXOA010000117	4717	5646	1	5
JAGXOA010000117	5700	6353	1	6
JAGXOA010000117	6433	6702	1	7
JAGXOA010000117	6864	7409	1	8
JAGXOA010000117	7534	7806	1	9
JAGXOA010000117	7979	9913	-1	10
JAGXOA010000117	9931	10152	1	11
JAGXOA010000117	10156	12597	-1	12
JAGXOA010000117	12935	14809	1	13
JAGXOA010000118	211	456	1	1
JAGXOA010000118	480	692	1	2
JAGXOA010000118	957	6056	1	3
JAGXOA010000118	6162	7100	-1	4
JAGXOA010000118	7359	7490	1	5
JAGXOA010000119	3	197	1	1
JAGXOA010000119	340	1113	1	2
JAGXOA010000119	1123	1488	1	3
JAGXOA010000119	1499	1894	1	4
JAGXOA010000119	1891	2109	1	5
JAGXOA010000119	2113	2367	1	6
JAGXOA010000119	2485	2775	1	7
JAGXOA010000119	2845	3039	1	8
JAGXOA010000119	3029	4087	1	9
JAGXOA010000119	4093	4881	1	10
JAGXOA010000119	5254	5631	1	11
JAGXOA010000119	5635	6939	1	12
JAGXOA010000119	6881	7021	-1	13
JAGXOA010000119	7169	7453	1	14
JAGXOA010000119	7462	8037	1	15
JAGXOA010000119	8027	11407	1	16
JAGXOA010000119	11431	11970	1	17
JAGXOA010000120	138	755	-1	1
JAGXOA010000120	1056	1484	-1	2
JAGXOA010000120	1650	2135	-1	3
JAGXOA010000120	2160	2537	-1	4
JAGXOA010000120	2596	3807	-1	5
JAGXOA010000120	3828	6935	-1	6
JAGXOA010000120	7524	7733	-1	7
JAGXOA010000120	8496	9113	1	8
JAGXOA010000120	9181	9723	-1	9
JAGXOA010000120	10126	10788	-1	10
JAGXOA010000120	10874	12151	1	11
JAGXOA010000120	12148	12837	-1	12
JAGXOA010000120	12840	13691	-1	13
JAGXOA010000120	13706	14353	-1	14
JAGXOA010000120	14520	14885	-1	15
JAGXOA010000120	14915	15241	-1	16
JAGXOA010000120	15548	16909	-1	17
JAGXOA010000120	17098	18144	-1	18
JAGXOA010000120	18230	18949	-1	19
JAGXOA010000120	19071	20171	-1	20
JAGXOA010000120	20333	21607	-1	21
JAGXOA010000120	22225	23250	-1	22
JAGXOA010000120	23304	24416	-1	23
JAGXOA010000120	24579	25229	1	24
JAGXOA010000120	25259	26278	-1	25
JAGXOA010000120	26440	28491	-1	26
JAGXOA010000120	28789	29082	-1	27
JAGXOA010000120	29199	30323	-1	28
JAGXOA010000120	30338	32116	-1	29
JAGXOA010000120	32346	32723	1	30
JAGXOA010000120	32733	34391	-1	31
JAGXOA010000120	34809	35684	1	32
JAGXOA010000120	35754	36281	1	33
JAGXOA010000120	36313	37254	-1	34
JAGXOA010000120	37663	38187	-1	35
JAGXOA010000120	38758	39681	1	36
JAGXOA010000120	40120	41148	-1	37
JAGXOA010000120	41339	42127	1	38
JAGXOA010000120	42147	43394	-1	39
JAGXOA010000120	43773	43952	1	40
JAGXOA010000120	44100	45239	1	41
JAGXOA010000120	45282	46289	-1	42
JAGXOA010000120	46494	47993	1	43
JAGXOA010000120	47999	49306	-1	44
JAGXOA010000120	49866	50735	1	45
JAGXOA010000120	50781	51311	-1	46
JAGXOA010000120	51611	52570	1	47
JAGXOA010000120	52804	53715	1	48
JAGXOA010000121	115	732	-1	1
JAGXOA010000121	882	1826	1	2
JAGXOA010000121	2074	3279	-1	3
JAGXOA010000121	3522	3998	1	4
JAGXOA010000121	4592	5041	1	5
JAGXOA010000121	5099	5446	-1	6
JAGXOA010000121	5585	6202	-1	7
JAGXOA010000121	6967	7518	1	8
JAGXOA010000121	7723	8133	1	9
JAGXOA010000121	8389	8742	1	10
JAGXOA010000121	8757	9563	-1	11
JAGXOA010000121	9953	10615	1	12
JAGXOA010000121	10751	11944	1	13
JAGXOA010000121	12014	12370	1	14
JAGXOA010000121	12469	13137	-1	15
JAGXOA010000121	13308	14378	-1	16
JAGXOA010000121	14395	15207	-1	17
JAGXOA010000121	15229	16377	-1	18
JAGXOA010000121	16592	17491	-1	19
JAGXOA010000121	17703	18488	-1	20
JAGXOA010000121	18749	19669	-1	21
JAGXOA010000121	19779	20546	1	22
JAGXOA010000121	20549	21250	1	23
JAGXOA010000122	529	825	1	1
JAGXOA010000122	857	1561	-1	2
JAGXOA010000122	1561	3741	-1	3
JAGXOA010000122	3853	5730	-1	4
JAGXOA010000123	2	442	1	1
JAGXOA010000123	674	1639	-1	2
JAGXOA010000123	1641	2477	-1	3
JAGXOA010000124	188	724	-1	1
JAGXOA010000124	714	1604	-1	2
JAGXOA010000124	1718	1915	-1	3
JAGXOA010000125	484	897	-1	1
JAGXOA010000125	1219	2148	1	2
JAGXOA010000125	2210	3331	1	3
JAGXOA010000125	3356	3964	1	4
JAGXOA010000125	3961	5133	1	5
JAGXOA010000125	5126	6790	1	6
JAGXOA010000125	6811	7452	-1	7
JAGXOA010000125	7485	8504	-1	8
JAGXOA010000125	8517	8756	-1	9
JAGXOA010000125	8778	9602	-1	10
JAGXOA010000125	9661	10059	-1	11
JAGXOA010000125	10075	10332	-1	12
JAGXOA010000125	10506	11069	-1	13
JAGXOA010000125	11192	12181	1	14
JAGXOA010000125	12303	12791	1	15
JAGXOA010000125	12845	13414	-1	16
JAGXOA010000125	13556	14587	1	17
JAGXOA010000125	14601	15389	1	18
JAGXOA010000125	15376	16122	1	19
JAGXOA010000125	16134	18239	-1	20
JAGXOA010000125	18684	20696	1	21
JAGXOA010000125	20876	21469	1	22
JAGXOA010000125	21918	22040	1	23
JAGXOA010000125	22115	22330	-1	24
JAGXOA010000125	22673	23134	1	25
JAGXOA010000125	23191	24654	1	26
JAGXOA010000125	24749	25834	-1	27
JAGXOA010000125	26052	26546	1	28
JAGXOA010000125	26725	27963	1	29
JAGXOA010000126	3	719	1	1
JAGXOA010000126	1229	1909	1	2
JAGXOA010000126	1952	2122	1	3
JAGXOA010000126	2233	2355	-1	4
JAGXOA010000126	2343	2531	-1	5
JAGXOA010000126	2878	3672	1	6
JAGXOA010000126	3893	4054	1	7
JAGXOA010000126	4144	4770	1	8
JAGXOA010000126	4913	5707	1	9
JAGXOA010000126	5773	6654	-1	10
JAGXOA010000126	6864	7133	1	11
JAGXOA010000126	7430	7945	1	12
JAGXOA010000126	8062	8871	-1	13
JAGXOA010000126	9098	9706	-1	14
JAGXOA010000126	9966	10202	1	15
JAGXOA010000126	10474	10560	1	16
JAGXOA010000127	248	745	-1	1
JAGXOA010000127	919	1260	1	2
JAGXOA010000127	1408	1740	-1	3
JAGXOA010000128	2	163	-1	1
JAGXOA010000128	451	2982	1	2
JAGXOA010000128	3051	5147	-1	3
JAGXOA010000129	2	163	-1	1
JAGXOA010000129	209	835	-1	2
JAGXOA010000129	1622	3799	1	3
JAGXOA010000129	3853	4179	1	4
JAGXOA010000129	4304	4651	1	5
JAGXOA010000129	4817	4891	1	6
JAGXOA010000130	135	842	-1	1
JAGXOA010000130	879	1229	-1	2
JAGXOA010000130	1512	1817	1	3
JAGXOA010000130	1852	2715	-1	4
JAGXOA010000130	2899	3903	-1	5
JAGXOA010000130	4009	5490	-1	6
JAGXOA010000130	5856	6380	1	7
JAGXOA010000130	6472	7026	-1	8
JAGXOA010000130	7142	7597	1	9
JAGXOA010000130	7636	8133	1	10
JAGXOA010000130	8295	9521	-1	11
JAGXOA010000130	9695	9952	1	12
JAGXOA010000130	10313	10810	1	13
JAGXOA010000131	2	1243	1	1
JAGXOA010000131	1348	2211	1	2
JAGXOA010000131	2304	3383	1	3
JAGXOA010000131	3380	4411	-1	4
JAGXOA010000131	4580	6232	-1	5
JAGXOA010000131	6770	7546	1	6
JAGXOA010000131	7564	8253	-1	7
JAGXOA010000131	8503	8730	-1	8
JAGXOA010000132	220	450	1	1
JAGXOA010000132	761	1966	-1	2
JAGXOA010000132	2249	3445	1	3
JAGXOA010000132	3496	4371	1	4
JAGXOA010000132	4497	5618	1	5
JAGXOA010000132	5625	5816	-1	6
JAGXOA010000132	5971	6294	-1	7
JAGXOA010000132	7136	7726	1	8
JAGXOA010000132	7796	9439	-1	9
JAGXOA010000132	10357	12309	1	10
JAGXOA010000132	12445	12588	1	11
JAGXOA010000132	12609	13292	-1	12
JAGXOA010000132	13575	14822	-1	13
JAGXOA010000132	14916	15488	1	14
JAGXOA010000132	15700	15972	1	15
JAGXOA010000132	16135	16887	1	16
JAGXOA010000132	17065	17457	1	17
JAGXOA010000132	17524	18786	1	18
JAGXOA010000132	18798	19958	-1	19
JAGXOA010000132	19987	20301	-1	20
JAGXOA010000132	20279	20461	-1	21
JAGXOA010000132	20511	20975	1	22
JAGXOA010000132	21189	21368	-1	23
JAGXOA010000132	21423	22715	1	24
JAGXOA010000132	23128	23697	-1	25
JAGXOA010000132	23707	24282	-1	26
JAGXOA010000132	24420	25976	1	27
JAGXOA010000132	25997	27064	-1	28
JAGXOA010000132	27282	27875	-1	29
JAGXOA010000132	28348	28563	1	30
JAGXOA010000132	29382	29639	1	31
JAGXOA010000132	29973	30461	1	32
JAGXOA010000132	30744	31025	1	33
JAGXOA010000132	31214	33232	1	34
JAGXOA010000132	33332	33727	-1	35
JAGXOA010000132	33754	33912	-1	36
JAGXOA010000132	33998	34660	-1	37
JAGXOA010000132	34855	36339	-1	38
JAGXOA010000132	36617	37045	-1	39
JAGXOA010000132	37378	37626	1	40
JAGXOA010000132	37739	38026	-1	41
JAGXOA010000132	38701	39264	1	42
JAGXOA010000132	39335	40141	-1	43
JAGXOA010000132	40297	42324	-1	44
JAGXOA010000132	42557	42964	1	45
JAGXOA010000132	43043	43204	1	46
JAGXOA010000132	43310	44122	-1	47
JAGXOA010000132	44119	45132	-1	48
JAGXOA010000132	45622	46611	1	49
JAGXOA010000132	46642	47856	1	50
JAGXOA010000132	47857	47997	1	51
JAGXOA010000132	48161	48973	1	52
JAGXOA010000132	49060	49461	1	53
JAGXOA010000132	49704	50264	1	54
JAGXOA010000132	50325	51131	1	55
JAGXOA010000132	51431	51982	1	56
JAGXOA010000132	51993	52958	1	57
JAGXOA010000132	53057	53473	-1	58
JAGXOA010000132	53732	54304	1	59
JAGXOA010000132	54264	54428	1	60
JAGXOA010000132	54476	55714	-1	61
JAGXOA010000132	56274	56621	1	62
JAGXOA010000133	28	1176	-1	1
JAGXOA010000133	1214	1480	-1	2
JAGXOA010000133	1552	1725	-1	3
JAGXOA010000134	2	1267	-1	1
JAGXOA010000134	1454	1600	1	2
JAGXOA010000134	1770	2423	1	3
JAGXOA010000134	2521	2799	-1	4
JAGXOA010000134	2962	3522	-1	5
JAGXOA010000134	3527	3973	-1	6
JAGXOA010000134	4271	4417	1	7
JAGXOA010000134	4579	5187	1	8
JAGXOA010000135	3	689	1	1
JAGXOA010000135	887	1642	1	2
JAGXOA010000135	1950	2051	1	3
JAGXOA010000136	89	1264	-1	1
JAGXOA010000136	2856	3053	1	2
JAGXOA010000136	3152	4621	-1	3
JAGXOA010000136	4676	4768	-1	4
JAGXOA010000137	3	167	1	1
JAGXOA010000137	657	3464	-1	2
JAGXOA010000137	3479	3658	-1	3
JAGXOA010000137	3789	3932	1	4
JAGXOA010000138	1	399	1	1
JAGXOA010000138	1039	2418	1	2
JAGXOA010000138	2419	2940	1	3
JAGXOA010000139	2	1144	1	1
JAGXOA010000139	1699	2382	-1	2
JAGXOA010000139	2410	3123	-1	3
JAGXOA010000139	3249	4232	-1	4
JAGXOA010000139	4385	5509	1	5
JAGXOA010000139	5510	5680	-1	6
JAGXOA010000139	5690	6073	-1	7
JAGXOA010000139	6075	6401	-1	8
JAGXOA010000140	3	1247	1	1
JAGXOA010000140	1439	2008	1	2
JAGXOA010000140	2010	2975	1	3
JAGXOA010000140	3032	4999	1	4
JAGXOA010000141	182	1231	-1	1
JAGXOA010000141	1415	2866	1	2
JAGXOA010000141	2880	3542	-1	3
JAGXOA010000141	3568	5226	-1	4
JAGXOA010000141	5481	5693	1	5
JAGXOA010000141	5721	6197	1	6
JAGXOA010000141	6343	6798	1	7
JAGXOA010000141	6961	7293	1	8
JAGXOA010000141	7362	8117	1	9
JAGXOA010000141	8323	8871	1	10
JAGXOA010000141	8868	9953	1	11
JAGXOA010000141	9957	10868	1	12
JAGXOA010000141	10966	12054	1	13
JAGXOA010000141	12058	12969	1	14
JAGXOA010000141	13144	13719	1	15
JAGXOA010000141	13812	18050	1	16
JAGXOA010000141	18065	18901	1	17
JAGXOA010000141	18904	19659	1	18
JAGXOA010000141	19814	20476	1	19
JAGXOA010000141	20582	20800	1	20
JAGXOA010000141	20699	21697	-1	21
JAGXOA010000141	22002	22391	1	22
JAGXOA010000141	22552	22845	1	23
JAGXOA010000141	22915	23514	1	24
JAGXOA010000141	23537	24115	1	25
JAGXOA010000141	24214	24555	1	26
JAGXOA010000141	24616	25479	-1	27
JAGXOA010000141	25978	26586	1	28
JAGXOA010000141	26676	27494	1	29
JAGXOA010000141	27541	28188	1	30
JAGXOA010000141	28212	28736	-1	31
JAGXOA010000141	28769	29419	-1	32
JAGXOA010000141	29420	32884	-1	33
JAGXOA010000141	32905	34134	-1	34
JAGXOA010000141	34741	35142	-1	35
JAGXOA010000141	35289	36335	1	36
JAGXOA010000142	3	113	-1	1
JAGXOA010000142	435	974	1	2
JAGXOA010000142	971	1147	-1	3
JAGXOA010000142	1638	2006	-1	4
JAGXOA010000142	2224	2634	-1	5
JAGXOA010000142	2636	2920	-1	6
JAGXOA010000143	1	660	-1	1
JAGXOA010000143	718	2163	-1	2
JAGXOA010000143	2326	2736	-1	3
JAGXOA010000143	2952	3485	-1	4
JAGXOA010000143	3813	3977	1	5
JAGXOA010000143	4300	4641	1	6
JAGXOA010000144	722	1288	-1	1
JAGXOA010000144	1535	2077	1	2
JAGXOA010000145	1	2667	1	1
JAGXOA010000145	3016	3195	1	2
JAGXOA010000145	3196	3669	-1	3
JAGXOA010000145	3890	4705	1	4
JAGXOA010000145	4951	5175	-1	5
JAGXOA010000145	5391	6905	1	6
JAGXOA010000145	7154	8062	1	7
JAGXOA010000145	8110	8331	-1	8
JAGXOA010000145	8475	9632	-1	9
JAGXOA010000145	9783	10205	1	10
JAGXOA010000145	10300	10980	1	11
JAGXOA010000145	11075	12616	1	12
JAGXOA010000145	12841	13428	1	13
JAGXOA010000145	13563	15080	1	14
JAGXOA010000145	15072	15338	-1	15
JAGXOA010000145	15331	15435	-1	16
JAGXOA010000145	15437	17668	-1	17
JAGXOA010000145	17910	18962	-1	18
JAGXOA010000145	19352	19909	-1	19
JAGXOA010000145	19962	20876	-1	20
JAGXOA010000145	20977	21357	-1	21
JAGXOA010000145	21708	23063	1	22
JAGXOA010000145	23183	23491	-1	23
JAGXOA010000145	23587	23907	-1	24
JAGXOA010000145	24043	24723	1	25
JAGXOA010000145	24731	26125	1	26
JAGXOA010000145	26184	26819	1	27
JAGXOA010000145	27198	28382	-1	28
JAGXOA010000145	28636	29268	1	29
JAGXOA010000145	29636	30034	-1	30
JAGXOA010000145	30404	30859	1	31
JAGXOA010000145	30973	31620	1	32
JAGXOA010000145	31736	32566	1	33
JAGXOA010000145	32632	33027	1	34
JAGXOA010000145	33128	33439	1	35
JAGXOA010000146	161	631	-1	1
JAGXOA010000146	1039	1737	1	2
JAGXOA010000146	1742	2095	-1	3
JAGXOA010000146	3163	3354	-1	4
JAGXOA010000146	3450	3662	1	5
JAGXOA010000146	3916	4404	1	6
JAGXOA010000146	4482	5327	1	7
JAGXOA010000146	5378	6703	-1	8
JAGXOA010000146	6880	8076	-1	9
JAGXOA010000146	8221	9219	-1	10
JAGXOA010000146	9322	10104	-1	11
JAGXOA010000146	10370	11710	-1	12
JAGXOA010000146	12279	13697	-1	13
JAGXOA010000146	13690	16938	-1	14
JAGXOA010000146	16940	18751	-1	15
JAGXOA010000146	18757	19257	-1	16
JAGXOA010000146	19454	21013	1	17
JAGXOA010000146	21053	22243	-1	18
JAGXOA010000146	22625	22792	-1	19
JAGXOA010000146	23050	24342	1	20
JAGXOA010000146	24344	25537	1	21
JAGXOA010000146	25541	27061	1	22
JAGXOA010000146	27067	27897	1	23
JAGXOA010000146	28007	28462	-1	24
JAGXOA010000146	28570	29379	-1	25
JAGXOA010000146	29475	29957	-1	26
JAGXOA010000146	30227	31582	1	27
JAGXOA010000147	2	364	1	1
JAGXOA010000147	408	1175	1	2
JAGXOA010000147	1274	1774	1	3
JAGXOA010000147	1849	2940	1	4
JAGXOA010000148	155	1204	-1	1
JAGXOA010000148	1359	1568	-1	2
JAGXOA010000148	1783	2541	-1	3
JAGXOA010000148	2591	3001	-1	4
JAGXOA010000148	3649	3750	1	5
JAGXOA010000148	3895	4341	1	6
JAGXOA010000148	4596	4733	1	7
JAGXOA010000148	4747	4872	-1	8
JAGXOA010000148	4967	5389	1	9
JAGXOA010000148	5408	6109	-1	10
JAGXOA010000148	6282	8075	1	11
JAGXOA010000148	8111	9040	-1	12
JAGXOA010000148	9245	10162	1	13
JAGXOA010000148	10201	10785	1	14
JAGXOA010000148	10962	13166	1	15
JAGXOA010000148	13339	15567	1	16
JAGXOA010000148	15747	17936	1	17
JAGXOA010000148	18196	20394	1	18
JAGXOA010000148	20520	22712	1	19
JAGXOA010000148	23047	23304	1	20
JAGXOA010000148	23306	24364	1	21
JAGXOA010000148	24382	25185	1	22
JAGXOA010000148	25185	25838	1	23
JAGXOA010000148	25846	27063	1	24
JAGXOA010000148	27087	27914	1	25
JAGXOA010000148	28028	29422	1	26
JAGXOA010000148	29419	30012	1	27
JAGXOA010000149	319	1263	1	1
JAGXOA010000149	1354	1566	-1	2
JAGXOA010000150	3	317	1	1
JAGXOA010000150	735	1271	-1	2
JAGXOA010000150	1444	3711	-1	3
JAGXOA010000150	3861	4346	1	4
JAGXOA010000151	3	1733	-1	1
JAGXOA010000151	1679	1948	-1	2
JAGXOA010000151	2025	3620	-1	3
JAGXOA010000152	1	144	1	1
JAGXOA010000152	188	994	-1	2
JAGXOA010000152	1249	1569	1	3
JAGXOA010000153	2	187	1	1
JAGXOA010000153	764	1309	-1	2
JAGXOA010000153	1516	1677	1	3
JAGXOA010000154	948	1979	1	1
JAGXOA010000155	228	1151	-1	1
JAGXOA010000155	1501	2040	-1	2
JAGXOA010000156	150	1163	1	1
JAGXOA010000156	1312	1488	1	2
JAGXOA010000156	1596	3431	-1	3
JAGXOA010000156	3614	3823	1	4
JAGXOA010000156	3858	4805	1	5
JAGXOA010000156	5035	6216	1	6
JAGXOA010000156	6292	7566	-1	7
JAGXOA010000156	7674	8006	1	8
JAGXOA010000156	8063	9040	1	9
JAGXOA010000156	9121	9396	1	10
JAGXOA010000156	9871	10167	-1	11
JAGXOA010000156	10179	11582	-1	12
JAGXOA010000156	11877	13574	1	13
JAGXOA010000156	13584	13913	1	14
JAGXOA010000156	13901	15094	-1	15
JAGXOA010000156	15112	15543	-1	16
JAGXOA010000156	15927	16154	-1	17
JAGXOA010000156	16259	18394	1	18
JAGXOA010000156	19103	19615	1	19
JAGXOA010000156	20043	20333	-1	20
JAGXOA010000156	20830	21354	1	21
JAGXOA010000156	21800	22315	1	22
JAGXOA010000156	22345	22821	1	23
JAGXOA010000156	23184	25448	-1	24
JAGXOA010000156	25577	26380	-1	25
JAGXOA010000156	26387	26668	-1	26
JAGXOA010000156	27058	27693	1	27
JAGXOA010000157	165	395	-1	1
JAGXOA010000157	1132	1857	-1	2
JAGXOA010000157	2057	2410	1	3
JAGXOA010000157	2534	4735	-1	4
JAGXOA010000157	5132	5476	-1	5
JAGXOA010000157	5738	5920	-1	6
JAGXOA010000157	5998	6396	-1	7
JAGXOA010000157	6806	7768	1	8
JAGXOA010000157	8002	8826	-1	9
JAGXOA010000158	788	3031	-1	1
JAGXOA010000158	3168	3533	-1	2
JAGXOA010000158	3546	3761	-1	3
JAGXOA010000158	3758	5044	-1	4
JAGXOA010000158	5048	5788	-1	5
JAGXOA010000158	6223	6312	1	6
JAGXOA010000159	3	389	-1	1
JAGXOA010000159	959	1741	1	2
JAGXOA010000159	1738	3423	1	3
JAGXOA010000159	3410	4168	1	4
JAGXOA010000160	2	220	1	1
JAGXOA010000160	583	2124	1	2
JAGXOA010000160	2140	3816	1	3
JAGXOA010000160	4577	4996	1	4
JAGXOA010000160	5174	6607	-1	5
JAGXOA010000160	6982	7710	1	6
JAGXOA010000160	7808	8863	1	7
JAGXOA010000160	8893	9372	-1	8
JAGXOA010000161	305	2872	1	1
JAGXOA010000161	3029	3592	1	2
JAGXOA010000161	3645	4106	-1	3
JAGXOA010000162	360	692	1	1
JAGXOA010000162	836	1231	-1	2
JAGXOA010000162	1353	2006	1	3
JAGXOA010000162	2146	2451	1	4
JAGXOA010000162	2823	3668	1	5
JAGXOA010000162	3772	4380	1	6
JAGXOA010000162	4516	4965	1	7
JAGXOA010000162	5152	5475	1	8
JAGXOA010000163	334	906	-1	1
JAGXOA010000163	1000	2250	1	2
JAGXOA010000164	389	1261	1	1
JAGXOA010000164	1310	2314	1	2
JAGXOA010000164	2311	2850	-1	3
JAGXOA010000164	2937	3734	-1	4
JAGXOA010000164	3831	5105	1	5
JAGXOA010000164	5167	6171	1	6
JAGXOA010000164	6168	7127	-1	7
JAGXOA010000164	7158	8942	-1	8
JAGXOA010000165	352	2259	-1	1
JAGXOA010000166	234	1088	1	1
JAGXOA010000166	1094	2341	-1	2
JAGXOA010000166	2380	2931	-1	3
JAGXOA010000166	2933	3487	-1	4
JAGXOA010000166	3689	5365	-1	5
JAGXOA010000166	5505	6341	-1	6
JAGXOA010000166	6573	6746	-1	7
JAGXOA010000166	7167	7781	1	8
JAGXOA010000166	8010	8759	1	9
JAGXOA010000166	9752	10867	1	10
JAGXOA010000166	10907	11383	1	11
JAGXOA010000166	11432	11920	-1	12
JAGXOA010000166	11936	12457	-1	13
JAGXOA010000166	12518	14707	-1	14
JAGXOA010000167	2	1552	-1	1
JAGXOA010000167	1549	1893	-1	2
JAGXOA010000167	2458	2592	1	3
JAGXOA010000168	167	262	-1	1
JAGXOA010000168	741	1337	-1	2
JAGXOA010000168	1522	1773	1	3
JAGXOA010000168	2167	3354	1	4
JAGXOA010000168	3540	4379	1	5
JAGXOA010000168	4464	5009	1	6
JAGXOA010000168	5128	5274	-1	7
JAGXOA010000168	5329	6948	-1	8
JAGXOA010000168	7320	8573	1	9
JAGXOA010000168	8598	10856	1	10
JAGXOA010000168	10956	11948	1	11
JAGXOA010000168	12016	13221	1	12
JAGXOA010000168	13240	13602	-1	13
JAGXOA010000168	13857	15005	1	14
JAGXOA010000168	15007	15813	1	15
JAGXOA010000168	15827	16834	1	16
JAGXOA010000169	1	129	1	1
JAGXOA010000169	299	1027	-1	2
JAGXOA010000169	1188	1814	1	3
JAGXOA010000169	1996	5583	1	4
JAGXOA010000169	5872	7530	1	5
JAGXOA010000169	7683	8513	-1	6
JAGXOA010000169	8606	9343	-1	7
JAGXOA010000169	9556	11442	-1	8
JAGXOA010000169	11532	12968	-1	9
JAGXOA010000169	13519	15498	1	10
JAGXOA010000169	15510	15938	-1	11
JAGXOA010000169	15983	16750	-1	12
JAGXOA010000169	16939	17550	-1	13
JAGXOA010000169	17550	18488	-1	14
JAGXOA010000169	19075	19581	-1	15
JAGXOA010000169	20397	21350	-1	16
JAGXOA010000169	21513	21674	1	17
JAGXOA010000169	21854	24523	1	18
JAGXOA010000169	24544	25719	-1	19
JAGXOA010000169	25738	26199	-1	20
JAGXOA010000169	26315	27175	-1	21
JAGXOA010000169	27182	28288	-1	22
JAGXOA010000169	28430	29962	-1	23
JAGXOA010000169	30079	30522	-1	24
JAGXOA010000169	30585	30980	-1	25
JAGXOA010000169	31140	31883	1	26
JAGXOA010000169	32030	32683	1	27
JAGXOA010000169	32789	35536	1	28
JAGXOA010000169	35547	35831	-1	29
JAGXOA010000169	36151	37755	-1	30
JAGXOA010000169	37980	39449	-1	31
JAGXOA010000169	39894	40973	1	32
JAGXOA010000169	41116	41709	1	33
JAGXOA010000169	42003	43067	-1	34
JAGXOA010000169	43352	43858	1	35
JAGXOA010000169	43907	45112	1	36
JAGXOA010000169	45274	46851	1	37
JAGXOA010000169	47711	48277	1	38
JAGXOA010000169	48289	49212	1	39
JAGXOA010000169	49302	49586	-1	40
JAGXOA010000169	49587	50066	-1	41
JAGXOA010000169	50081	50593	-1	42
JAGXOA010000169	50751	52673	1	43
JAGXOA010000169	52837	55725	1	44
JAGXOA010000169	55791	56873	-1	45
JAGXOA010000169	57211	57555	1	46
JAGXOA010000170	3	635	1	1
JAGXOA010000170	662	1351	-1	2
JAGXOA010000171	169	1323	-1	1
JAGXOA010000171	1507	2730	-1	2
JAGXOA010000171	2815	3693	-1	3
JAGXOA010000171	3950	4240	-1	4
JAGXOA010000171	4722	6035	1	5
JAGXOA010000171	6230	7261	1	6
JAGXOA010000171	7429	8037	1	7
JAGXOA010000172	2	637	1	1
JAGXOA010000172	784	2994	1	2
JAGXOA010000172	3165	5363	1	3
JAGXOA010000173	413	1414	1	1
JAGXOA010000173	1523	2452	1	2
JAGXOA010000173	2549	2656	-1	3
JAGXOA010000174	1	453	-1	1
JAGXOA010000174	709	1008	-1	2
JAGXOA010000174	1005	1238	-1	3
JAGXOA010000175	2	355	1	1
JAGXOA010000175	1233	1874	1	2
JAGXOA010000175	1912	2799	1	3
JAGXOA010000175	2996	3538	1	4
JAGXOA010000176	667	1050	-1	1
JAGXOA010000176	1082	1228	-1	2
JAGXOA010000176	1283	1873	-1	3
JAGXOA010000176	1895	2644	-1	4
JAGXOA010000176	2641	3087	-1	5
JAGXOA010000176	3108	3533	-1	6
JAGXOA010000176	3533	3889	-1	7
JAGXOA010000176	3886	4203	-1	8
JAGXOA010000176	4193	4414	-1	9
JAGXOA010000176	4448	5329	-1	10
JAGXOA010000176	5536	7161	-1	11
JAGXOA010000176	7251	7385	1	12
JAGXOA010000176	7859	8131	1	13
JAGXOA010000176	8170	8523	1	14
JAGXOA010000176	8733	9500	1	15
JAGXOA010000176	9617	10369	1	16
JAGXOA010000176	10477	11775	1	17
JAGXOA010000176	11951	12160	-1	18
JAGXOA010000176	12318	12875	-1	19
JAGXOA010000176	13147	15450	-1	20
JAGXOA010000176	15629	16648	1	21
JAGXOA010000176	16657	17556	-1	22
JAGXOA010000176	17739	18110	1	23
JAGXOA010000176	18132	18359	1	24
JAGXOA010000176	18460	19749	1	25
JAGXOA010000176	20073	21239	-1	26
JAGXOA010000176	21963	22502	-1	27
JAGXOA010000176	22560	23057	-1	28
JAGXOA010000176	23090	24361	-1	29
JAGXOA010000177	2	151	1	1
JAGXOA010000177	185	574	-1	2
JAGXOA010000177	881	2641	1	3
JAGXOA010000177	2780	3349	-1	4
JAGXOA010000178	3	551	-1	1
JAGXOA010000178	932	2512	1	2
JAGXOA010000178	2550	3152	-1	3
JAGXOA010000178	3241	3924	-1	4
JAGXOA010000178	3946	5169	-1	5
JAGXOA010000178	5188	6342	-1	6
JAGXOA010000178	6349	8010	-1	7
JAGXOA010000178	8036	9157	-1	8
JAGXOA010000178	9512	9682	1	9
JAGXOA010000178	9679	10695	1	10
JAGXOA010000178	10759	11883	-1	11
JAGXOA010000178	12373	13686	1	12
JAGXOA010000179	407	643	1	1
JAGXOA010000180	3	245	1	1
JAGXOA010000180	345	1601	1	2
JAGXOA010000180	1607	2128	-1	3
JAGXOA010000180	2198	2326	-1	4
JAGXOA010000181	1	1644	1	1
JAGXOA010000181	1813	2259	-1	2
JAGXOA010000181	2364	3239	-1	3
JAGXOA010000182	307	1137	-1	1
JAGXOA010000182	1328	2566	-1	2
JAGXOA010000182	3054	3488	1	3
JAGXOA010000182	3610	4434	-1	4
JAGXOA010000182	4593	4814	1	5
JAGXOA010000182	4877	5230	-1	6
JAGXOA010000182	5380	7092	-1	7
JAGXOA010000182	7433	8719	-1	8
JAGXOA010000182	8889	9113	1	9
JAGXOA010000182	9188	10168	-1	10
JAGXOA010000182	10179	11525	-1	11
JAGXOA010000182	11569	13488	-1	12
JAGXOA010000182	13518	14246	-1	13
JAGXOA010000183	1	249	1	1
JAGXOA010000183	489	1364	1	2
JAGXOA010000183	1450	1536	-1	3
JAGXOA010000184	1	630	-1	1
JAGXOA010000184	753	2450	-1	2
JAGXOA010000184	2697	3422	-1	3
JAGXOA010000185	486	794	-1	1
JAGXOA010000185	1299	2318	-1	2
JAGXOA010000185	2409	3035	1	3
JAGXOA010000185	3051	4091	-1	4
JAGXOA010000185	4132	5361	-1	5
JAGXOA010000185	5460	5975	1	6
JAGXOA010000185	5985	6869	-1	7
JAGXOA010000185	6919	7080	-1	8
JAGXOA010000185	7136	7408	-1	9
JAGXOA010000185	7486	8037	-1	10
JAGXOA010000185	8296	8766	1	11
JAGXOA010000185	8763	10112	1	12
JAGXOA010000185	10134	10508	1	13
JAGXOA010000185	10517	12196	1	14
JAGXOA010000185	12219	12821	-1	15
JAGXOA010000185	12884	13789	-1	16
JAGXOA010000185	13765	14235	-1	17
JAGXOA010000185	14504	14803	1	18
JAGXOA010000185	15202	16041	1	19
JAGXOA010000185	16083	16466	-1	20
JAGXOA010000185	16859	17500	-1	21
JAGXOA010000185	17703	18161	1	22
JAGXOA010000185	18175	18405	1	23
JAGXOA010000186	153	1664	-1	1
JAGXOA010000186	2447	2698	1	2
JAGXOA010000186	2755	3576	-1	3
JAGXOA010000186	3577	4266	-1	4
JAGXOA010000186	4681	5340	1	5
JAGXOA010000186	5459	6793	-1	6
JAGXOA010000187	200	436	1	1
JAGXOA010000187	542	1018	1	2
JAGXOA010000187	1193	1645	1	3
JAGXOA010000187	1769	2269	-1	4
JAGXOA010000187	2459	3748	1	5
JAGXOA010000187	3741	4487	1	6
JAGXOA010000187	4514	5821	1	7
JAGXOA010000187	5987	6736	-1	8
JAGXOA010000187	6733	7869	-1	9
JAGXOA010000188	229	768	1	1
JAGXOA010000188	1281	2150	1	2
JAGXOA010000188	2287	2883	1	3
JAGXOA010000188	3006	4271	-1	4
JAGXOA010000188	4364	4915	1	5
JAGXOA010000188	4941	5516	1	6
JAGXOA010000188	5590	7002	-1	7
JAGXOA010000188	7168	7878	1	8
JAGXOA010000188	7890	9440	-1	9
JAGXOA010000188	9600	10184	1	10
JAGXOA010000189	241	495	1	1
JAGXOA010000189	741	1733	1	2
JAGXOA010000189	1808	2209	-1	3
JAGXOA010000189	2323	2520	1	4
JAGXOA010000189	3275	3787	1	5
JAGXOA010000189	3920	5464	-1	6
JAGXOA010000189	5642	7330	-1	7
JAGXOA010000190	631	2331	1	1
JAGXOA010000190	2467	3402	1	2
JAGXOA010000190	3804	4718	-1	3
JAGXOA010000191	610	723	1	1
JAGXOA010000191	784	2898	1	2
JAGXOA010000191	3211	4344	1	3
JAGXOA010000191	4467	6434	1	4
JAGXOA010000191	6569	7279	-1	5
JAGXOA010000191	7512	8519	1	6
JAGXOA010000191	8642	8827	1	7
JAGXOA010000191	8904	9407	1	8
JAGXOA010000191	9397	10104	1	9
JAGXOA010000191	10227	11450	1	10
JAGXOA010000192	409	828	1	1
JAGXOA010000192	960	2297	1	2
JAGXOA010000192	2294	3166	1	3
JAGXOA010000192	3185	4873	-1	4
JAGXOA010000192	4952	5443	-1	5
JAGXOA010000192	5544	6299	1	6
JAGXOA010000192	6336	7100	-1	7
JAGXOA010000192	7738	9993	-1	8
JAGXOA010000192	10014	10982	-1	9
JAGXOA010000192	10990	11958	-1	10
JAGXOA010000192	12797	13639	-1	11
JAGXOA010000192	13896	15161	1	12
JAGXOA010000192	15430	17091	1	13
JAGXOA010000192	17222	20362	1	14
JAGXOA010000192	20372	21418	-1	15
JAGXOA010000192	21579	22592	1	16
JAGXOA010000192	22684	23250	1	17
JAGXOA010000192	23265	23891	1	18
JAGXOA010000192	23893	24441	1	19
JAGXOA010000192	24483	25142	1	20
JAGXOA010000192	25158	26141	1	21
JAGXOA010000192	26150	27004	1	22
JAGXOA010000192	27007	27945	1	23
JAGXOA010000192	28014	28940	1	24
JAGXOA010000192	28980	29513	-1	25
JAGXOA010000192	29541	30686	-1	26
JAGXOA010000192	30713	30952	-1	27
JAGXOA010000192	31208	32365	-1	28
JAGXOA010000192	32459	33337	-1	29
JAGXOA010000192	33463	34398	-1	30
JAGXOA010000192	34478	35281	-1	31
JAGXOA010000192	35350	36204	-1	32
JAGXOA010000192	36392	37447	1	33
JAGXOA010000192	37492	38718	-1	34
JAGXOA010000192	38715	39266	-1	35
JAGXOA010000192	39274	40350	-1	36
JAGXOA010000192	40347	41123	-1	37
JAGXOA010000192	41382	42365	1	38
JAGXOA010000192	42531	43496	-1	39
JAGXOA010000192	43795	44628	-1	40
JAGXOA010000192	44818	45876	-1	41
JAGXOA010000192	45894	47012	-1	42
JAGXOA010000192	47020	47913	-1	43
JAGXOA010000192	47910	48353	-1	44
JAGXOA010000192	48508	49518	-1	45
JAGXOA010000192	49865	50707	1	46
JAGXOA010000192	50713	51636	1	47
JAGXOA010000192	51688	51840	1	48
JAGXOA010000193	2	322	1	1
JAGXOA010000193	329	625	-1	2
JAGXOA010000193	658	1086	-1	3
JAGXOA010000193	1113	2915	-1	4
JAGXOA010000194	3	554	-1	1
JAGXOA010000194	672	1403	1	2
JAGXOA010000194	1533	2366	1	3
JAGXOA010000194	2363	3010	1	4
JAGXOA010000194	3163	3948	1	5
JAGXOA010000194	3975	4445	-1	6
JAGXOA010000194	4954	5154	1	7
JAGXOA010000194	5123	6031	-1	8
JAGXOA010000194	6310	6672	-1	9
JAGXOA010000195	379	2205	-1	1
JAGXOA010000195	2202	4013	-1	2
JAGXOA010000195	4091	5185	1	3
JAGXOA010000195	5324	5953	1	4
JAGXOA010000195	6030	6524	1	5
JAGXOA010000195	6510	7181	-1	6
JAGXOA010000195	7224	7976	-1	7
JAGXOA010000195	7993	8421	-1	8
JAGXOA010000195	8437	8907	-1	9
JAGXOA010000195	8910	9629	-1	10
JAGXOA010000195	10279	10479	1	11
JAGXOA010000195	10484	10843	-1	12
JAGXOA010000195	11050	11304	1	13
JAGXOA010000195	11447	12064	1	14
JAGXOA010000195	12081	12968	-1	15
JAGXOA010000195	13251	14624	1	16
JAGXOA010000195	14731	16272	1	17
JAGXOA010000195	16286	16717	-1	18
JAGXOA010000195	16803	17492	-1	19
JAGXOA010000195	17703	20462	-1	20
JAGXOA010000195	20643	21002	1	21
JAGXOA010000195	21265	22569	1	22
JAGXOA010000195	23017	23610	1	23
JAGXOA010000195	23721	25340	1	24
JAGXOA010000195	25349	25780	1	25
JAGXOA010000195	25801	26937	1	26
JAGXOA010000195	27421	28131	1	27
JAGXOA010000195	28139	28381	-1	28
JAGXOA010000196	1	183	1	1
JAGXOA010000196	447	1652	1	2
JAGXOA010000196	1649	1939	1	3
JAGXOA010000196	2078	2707	1	4
JAGXOA010000196	2745	3053	1	5
JAGXOA010000196	3194	3565	1	6
JAGXOA010000196	3573	4061	-1	7
JAGXOA010000196	4204	4350	-1	8
JAGXOA010000196	4499	5857	-1	9
JAGXOA010000196	6034	6453	-1	10
JAGXOA010000196	6535	8688	-1	11
JAGXOA010000196	8865	9884	1	12
JAGXOA010000196	9903	10694	1	13
JAGXOA010000196	10696	10959	1	14
JAGXOA010000196	10964	12067	-1	15
JAGXOA010000196	12083	12718	-1	16
JAGXOA010000196	13095	14801	-1	17
JAGXOA010000196	14891	16696	1	18
JAGXOA010000196	16741	17724	-1	19
JAGXOA010000196	18103	18942	-1	20
JAGXOA010000197	3	1055	1	1
JAGXOA010000197	1184	1822	1	2
JAGXOA010000198	349	1101	-1	1
JAGXOA010000198	1105	1782	-1	2
JAGXOA010000198	2022	2909	-1	3
JAGXOA010000198	2913	4061	-1	4
JAGXOA010000198	4054	4878	-1	5
JAGXOA010000198	4894	5766	-1	6
JAGXOA010000198	5865	7307	1	7
JAGXOA010000198	7433	8704	1	8
JAGXOA010000198	9144	12293	1	9
JAGXOA010000198	12312	13499	1	10
JAGXOA010000198	13490	14044	1	11
JAGXOA010000198	14051	14599	-1	12
JAGXOA010000198	14734	18093	1	13
JAGXOA010000198	18213	23552	1	14
JAGXOA010000198	23545	25644	1	15
JAGXOA010000198	25709	26278	1	16
JAGXOA010000198	26302	27012	-1	17
JAGXOA010000198	27048	27566	-1	18
JAGXOA010000199	544	1713	1	1
JAGXOA010000199	1871	2479	1	2
JAGXOA010000199	2736	5567	-1	3
JAGXOA010000199	5601	5768	-1	4
JAGXOA010000199	5783	6460	-1	5
JAGXOA010000199	6725	11290	-1	6
JAGXOA010000199	11625	14651	-1	7
JAGXOA010000199	14916	15191	-1	8
JAGXOA010000199	15210	15875	-1	9
JAGXOA010000199	16063	16827	1	10
JAGXOA010000199	17010	18026	1	11
JAGXOA010000199	18785	19825	1	12
JAGXOA010000199	20206	21225	1	13
JAGXOA010000199	21241	21867	1	14
JAGXOA010000199	21958	22215	1	15
JAGXOA010000199	22254	22433	1	16
JAGXOA010000199	22430	25657	1	17
JAGXOA010000199	25766	26221	-1	18
JAGXOA010000199	26347	26550	-1	19
JAGXOA010000199	26893	27672	1	20
JAGXOA010000199	27721	28293	1	21
JAGXOA010000199	28300	28824	-1	22
JAGXOA010000199	29041	30252	1	23
JAGXOA010000199	30526	31017	1	24
JAGXOA010000199	31058	31540	1	25
JAGXOA010000199	31567	31971	1	26
JAGXOA010000199	32033	32350	1	27
JAGXOA010000199	32535	33698	1	28
JAGXOA010000199	33699	34280	-1	29
JAGXOA010000199	34425	35192	1	30
JAGXOA010000199	35209	36933	-1	31
JAGXOA010000199	37766	39112	1	32
JAGXOA010000199	39355	40191	-1	33
JAGXOA010000199	40192	41118	-1	34
JAGXOA010000199	41118	41414	-1	35
JAGXOA010000199	41435	41848	-1	36
JAGXOA010000199	41955	42698	-1	37
JAGXOA010000200	2	211	1	1
JAGXOA010000200	388	1074	1	2
JAGXOA010000200	1096	1575	1	3
JAGXOA010000200	1764	2411	1	4
JAGXOA010000200	2433	2870	-1	5
JAGXOA010000201	190	807	-1	1
JAGXOA010000201	902	1228	-1	2
JAGXOA010000201	2102	2527	1	3
JAGXOA010000201	2631	3608	1	4
JAGXOA010000201	3801	4355	-1	5
JAGXOA010000201	4696	5892	1	6
JAGXOA010000201	6926	8053	1	7
JAGXOA010000201	8290	8736	1	8
JAGXOA010000201	8818	9615	-1	9
JAGXOA010000201	9856	10020	1	10
JAGXOA010000202	787	1323	1	1
JAGXOA010000202	1654	2016	-1	2
JAGXOA010000202	2120	2599	-1	3
JAGXOA010000202	2657	2959	-1	4
JAGXOA010000202	2973	3512	-1	5
JAGXOA010000202	3799	4050	-1	6
JAGXOA010000202	4217	4693	1	7
JAGXOA010000202	4711	5064	-1	8
JAGXOA010000202	5417	5875	1	9
JAGXOA010000202	5907	6851	-1	10
JAGXOA010000202	6861	7760	-1	11
JAGXOA010000202	7785	9470	-1	12
JAGXOA010000202	9936	10361	1	13
JAGXOA010000202	10419	10817	-1	14
JAGXOA010000202	10863	11504	1	15
JAGXOA010000202	11603	12229	1	16
JAGXOA010000202	12401	13414	-1	17
JAGXOA010000202	13757	14449	-1	18
JAGXOA010000202	14455	15000	-1	19
JAGXOA010000202	15099	15500	1	20
JAGXOA010000202	15707	18073	-1	21
JAGXOA010000202	18202	19683	1	22
JAGXOA010000202	19715	21106	-1	23
JAGXOA010000202	21132	21488	-1	24
JAGXOA010000202	21597	22106	-1	25
JAGXOA010000202	22121	22324	-1	26
JAGXOA010000202	22536	22697	1	27
JAGXOA010000202	23126	27664	-1	28
JAGXOA010000202	27878	30097	-1	29
JAGXOA010000202	30346	32367	1	30
JAGXOA010000203	216	1034	-1	1
JAGXOA010000203	1153	2289	-1	2
JAGXOA010000203	2430	2852	1	3
JAGXOA010000203	2854	3351	1	4
JAGXOA010000204	1	195	1	1
JAGXOA010000204	404	1291	1	2
JAGXOA010000204	1301	2098	-1	3
JAGXOA010000204	2229	4154	-1	4
JAGXOA010000204	4315	5184	1	5
JAGXOA010000204	5792	7780	1	6
JAGXOA010000204	7899	10277	1	7
JAGXOA010000204	10323	10892	1	8
JAGXOA010000204	10927	11541	-1	9
JAGXOA010000204	11730	12851	-1	10
JAGXOA010000204	13067	15277	-1	11
JAGXOA010000204	15446	15979	-1	12
JAGXOA010000204	16103	18679	-1	13
JAGXOA010000204	18716	19873	-1	14
JAGXOA010000204	19917	20645	-1	15
JAGXOA010000204	21376	21777	-1	16
JAGXOA010000204	22466	24460	-1	17
JAGXOA010000204	24599	24988	-1	18
JAGXOA010000204	25121	25948	-1	19
JAGXOA010000204	26192	27697	1	20
JAGXOA010000204	27716	29278	-1	21
JAGXOA010000204	29407	29706	-1	22
JAGXOA010000204	30749	30958	-1	23
JAGXOA010000204	31308	32042	1	24
JAGXOA010000204	32230	33309	1	25
JAGXOA010000204	33339	35276	-1	26
JAGXOA010000204	35301	36434	-1	27
JAGXOA010000204	36598	39456	-1	28
JAGXOA010000204	39685	40140	-1	29
JAGXOA010000204	40369	41085	-1	30
JAGXOA010000204	41181	42728	-1	31
JAGXOA010000204	42747	44387	-1	32
JAGXOA010000204	44457	46244	-1	33
JAGXOA010000204	46515	47252	-1	34
JAGXOA010000204	47722	49350	1	35
JAGXOA010000204	49531	50802	1	36
JAGXOA010000204	50859	51419	1	37
JAGXOA010000204	52205	52984	1	38
JAGXOA010000204	53270	54571	1	39
JAGXOA010000204	54589	55782	1	40
JAGXOA010000204	55783	56175	1	41
JAGXOA010000204	56959	57366	1	42
JAGXOA010000204	57456	59366	1	43
JAGXOA010000204	59376	59930	-1	44
JAGXOA010000204	60205	60954	1	45
JAGXOA010000204	61158	61427	1	46
JAGXOA010000204	61445	62905	1	47
JAGXOA010000204	63167	63358	1	48
JAGXOA010000204	63415	64077	1	49
JAGXOA010000204	64244	64945	1	50
JAGXOA010000204	65021	65473	1	51
JAGXOA010000204	65624	66205	1	52
JAGXOA010000204	66232	67299	-1	53
JAGXOA010000204	67406	68371	-1	54
JAGXOA010000204	68611	69504	-1	55
JAGXOA010000204	69826	70992	1	56
JAGXOA010000204	71028	71645	-1	57
JAGXOA010000204	71802	72671	-1	58
JAGXOA010000204	72843	73802	-1	59
JAGXOA010000204	73914	74834	-1	60
JAGXOA010000204	74859	78068	-1	61
JAGXOA010000204	78140	78712	-1	62
JAGXOA010000204	78784	80658	-1	63
JAGXOA010000204	80886	81995	1	64
JAGXOA010000204	82073	83191	1	65
JAGXOA010000204	83200	84798	-1	66
JAGXOA010000204	85068	85712	1	67
JAGXOA010000204	86221	86973	-1	68
JAGXOA010000204	87199	87876	-1	69
JAGXOA010000204	88018	88914	-1	70
JAGXOA010000204	89103	89939	1	71
JAGXOA010000204	90062	90814	1	72
JAGXOA010000204	90811	91548	1	73
JAGXOA010000204	91733	92755	1	74
JAGXOA010000204	92829	93524	1	75
JAGXOA010000204	93525	94613	1	76
JAGXOA010000204	94749	95183	1	77
JAGXOA010000204	95193	96113	1	78
JAGXOA010000204	96076	96336	-1	79
JAGXOA010000204	96420	96869	1	80
JAGXOA010000204	96926	98152	1	81
JAGXOA010000204	98172	98708	1	82
JAGXOA010000204	98715	99962	1	83
JAGXOA010000204	100104	100322	1	84
JAGXOA010000204	100438	101301	1	85
JAGXOA010000204	101535	102416	1	86
JAGXOA010000204	102598	103155	1	87
JAGXOA010000204	103277	104611	1	88
JAGXOA010000204	104710	108312	1	89
JAGXOA010000204	108385	109740	1	90
JAGXOA010000204	109760	110578	1	91
JAGXOA010000204	110659	111219	-1	92
JAGXOA010000204	111216	111764	-1	93
JAGXOA010000204	111937	112752	1	94
JAGXOA010000204	112884	113675	1	95
JAGXOA010000204	113731	114600	-1	96
JAGXOA010000204	114889	115782	1	97
JAGXOA010000204	116193	116507	1	98
JAGXOA010000204	116550	118724	-1	99
JAGXOA010000204	118936	119142	1	100
JAGXOA010000204	119204	119803	1	101
JAGXOA010000204	120013	120489	1	102
JAGXOA010000205	57	305	-1	1
JAGXOA010000205	364	891	-1	2
JAGXOA010000205	903	1979	-1	3
JAGXOA010000205	2061	2234	-1	4
JAGXOA010000205	2480	2707	1	5
JAGXOA010000206	2	622	-1	1
JAGXOA010000206	745	1776	-1	2
JAGXOA010000207	143	1672	1	1
JAGXOA010000207	2458	4488	1	2
JAGXOA010000207	4792	7701	1	3
JAGXOA010000207	8450	9343	-1	4
JAGXOA010000207	9343	9852	-1	5
JAGXOA010000207	10073	10276	1	6
JAGXOA010000207	10288	12174	-1	7
JAGXOA010000207	12798	13505	1	8
JAGXOA010000207	13544	14113	-1	9
JAGXOA010000207	14251	14406	1	10
JAGXOA010000207	14454	14669	1	11
JAGXOA010000207	14711	15268	1	12
JAGXOA010000207	15398	16348	-1	13
JAGXOA010000208	3	371	1	1
JAGXOA010000208	649	1941	1	2
JAGXOA010000208	2063	3886	1	3
JAGXOA010000209	165	347	-1	1
JAGXOA010000209	523	1446	1	2
JAGXOA010000209	1464	2015	-1	3
JAGXOA010000209	2166	3164	1	4
JAGXOA010000209	3287	6121	1	5
JAGXOA010000209	6245	9124	1	6
JAGXOA010000209	9315	9905	-1	7
JAGXOA010000209	9895	10005	-1	8
JAGXOA010000209	10137	10421	1	9
JAGXOA010000209	10609	11580	1	10
JAGXOA010000209	11634	12680	-1	11
JAGXOA010000209	12954	13235	-1	12
JAGXOA010000209	13440	14141	-1	13
JAGXOA010000209	14296	15381	1	14
JAGXOA010000209	15395	15994	-1	15
JAGXOA010000209	16299	17759	1	16
JAGXOA010000209	17843	18745	1	17
JAGXOA010000209	18754	20256	-1	18
JAGXOA010000209	20438	21397	1	19
JAGXOA010000209	21418	22125	1	20
JAGXOA010000209	22148	22639	1	21
JAGXOA010000209	22772	23788	1	22
JAGXOA010000209	23834	24388	1	23
JAGXOA010000210	161	913	-1	1
JAGXOA010000210	932	1585	-1	2
JAGXOA010000210	1950	2039	-1	3
JAGXOA010000211	149	997	-1	1
JAGXOA010000211	1385	1666	-1	2
JAGXOA010000212	435	1064	-1	1
JAGXOA010000212	1347	1862	-1	2
JAGXOA010000212	2456	3022	-1	3
JAGXOA010000212	3179	3958	-1	4
JAGXOA010000212	4522	6012	1	5
JAGXOA010000212	6146	6328	1	6
JAGXOA010000213	95	292	-1	1
JAGXOA010000213	915	1667	1	2
JAGXOA010000213	1724	2269	-1	3
JAGXOA010000213	2387	3016	-1	4
JAGXOA010000213	3017	3250	-1	5
JAGXOA010000213	3486	3761	-1	6
JAGXOA010000214	371	1168	1	1
JAGXOA010000214	1238	1801	1	2
JAGXOA010000214	1854	2582	1	3
JAGXOA010000214	2593	3822	-1	4
JAGXOA010000214	4108	4608	1	5
JAGXOA010000214	4618	5112	1	6
JAGXOA010000214	5631	5843	-1	7
JAGXOA010000214	6047	6442	1	8
JAGXOA010000214	6680	8236	1	9
JAGXOA010000214	8783	9541	-1	10
JAGXOA010000214	9665	10081	1	11
JAGXOA010000214	10096	10596	-1	12
JAGXOA010000214	10734	12638	1	13
JAGXOA010000214	13376	14266	1	14
JAGXOA010000214	14487	15005	-1	15
JAGXOA010000214	15062	15361	-1	16
JAGXOA010000214	16429	16629	1	17
JAGXOA010000214	16665	18914	-1	18
JAGXOA010000214	18918	19625	-1	19
JAGXOA010000214	19632	19874	-1	20
JAGXOA010000214	20022	20219	-1	21
JAGXOA010000214	20376	21353	-1	22
JAGXOA010000214	21584	21958	-1	23
JAGXOA010000214	22214	23041	-1	24
JAGXOA010000214	23212	24684	-1	25
JAGXOA010000214	24991	26835	1	26
JAGXOA010000214	27030	28526	-1	27
JAGXOA010000214	28681	29163	1	28
JAGXOA010000214	29288	29521	1	29
JAGXOA010000214	30414	31439	-1	30
JAGXOA010000214	32221	33780	1	31
JAGXOA010000214	33795	35483	-1	32
JAGXOA010000214	35569	36756	-1	33
JAGXOA010000214	36943	38259	-1	34
JAGXOA010000214	38331	38849	-1	35
JAGXOA010000214	38852	39787	-1	36
JAGXOA010000214	39791	40195	-1	37
JAGXOA010000214	40363	40707	-1	38
JAGXOA010000215	233	2389	-1	1
JAGXOA010000215	2543	2773	-1	2
JAGXOA010000216	69	740	-1	1
JAGXOA010000216	994	1272	-1	2
JAGXOA010000216	1616	1912	1	3
JAGXOA010000216	2062	3570	1	4
JAGXOA010000216	3806	4477	1	5
JAGXOA010000216	4837	5640	1	6
JAGXOA010000216	6191	8203	1	7
JAGXOA010000216	8274	10217	1	8
JAGXOA010000216	10273	11343	1	9
JAGXOA010000216	11568	12185	1	10
JAGXOA010000216	12243	14231	1	11
JAGXOA010000217	2	184	1	1
JAGXOA010000217	314	1033	1	2
JAGXOA010000217	1094	1768	-1	3
JAGXOA010000217	1790	2683	-1	4
JAGXOA010000217	2728	3216	-1	5
JAGXOA010000217	3433	3810	-1	6
JAGXOA010000217	4078	4500	1	7
JAGXOA010000217	5094	6098	1	8
JAGXOA010000217	6107	6505	1	9
JAGXOA010000217	6486	7244	-1	10
JAGXOA010000217	7493	8596	1	11
JAGXOA010000217	8721	10166	1	12
JAGXOA010000217	10868	11998	-1	13
JAGXOA010000217	12040	13155	-1	14
JAGXOA010000217	13152	13820	-1	15
JAGXOA010000217	13877	14821	-1	16
JAGXOA010000217	15397	15954	-1	17
JAGXOA010000217	16196	16456	1	18
JAGXOA010000217	16541	17569	-1	19
JAGXOA010000217	18471	18656	1	20
JAGXOA010000217	18803	20116	1	21
JAGXOA010000217	20258	21415	1	22
JAGXOA010000217	21430	22518	1	23
JAGXOA010000217	22554	22796	-1	24
JAGXOA010000217	23358	24512	1	25
JAGXOA010000217	24789	25703	1	26
JAGXOA010000217	25727	26596	-1	27
JAGXOA010000217	26712	27959	-1	28
JAGXOA010000217	28000	29109	1	29
JAGXOA010000217	29190	29570	1	30
JAGXOA010000217	29672	30466	1	31
JAGXOA010000217	30481	30897	-1	32
JAGXOA010000217	30899	33853	-1	33
JAGXOA010000217	34424	35389	1	34
JAGXOA010000218	127	762	-1	1
JAGXOA010000218	907	2265	1	2
JAGXOA010000218	2357	2707	-1	3
JAGXOA010000218	3007	3642	1	4
JAGXOA010000218	3660	4640	1	5
JAGXOA010000218	5021	5245	1	6
JAGXOA010000218	5315	5833	-1	7
JAGXOA010000218	6026	6184	1	8
JAGXOA010000218	6198	7298	1	9
JAGXOA010000218	7488	8267	1	10
JAGXOA010000218	8315	10528	-1	11
JAGXOA010000218	10725	10976	1	12
JAGXOA010000218	10998	11471	1	13
JAGXOA010000218	11473	11874	-1	14
JAGXOA010000218	11886	13526	-1	15
JAGXOA010000218	13678	14811	-1	16
JAGXOA010000218	14979	15164	-1	17
JAGXOA010000218	15417	16439	1	18
JAGXOA010000218	16440	17249	1	19
JAGXOA010000218	17254	18054	1	20
JAGXOA010000218	18267	18656	1	21
JAGXOA010000218	18784	19422	1	22
JAGXOA010000219	258	593	1	1
JAGXOA010000219	893	1051	1	2
JAGXOA010000219	1448	2599	1	3
JAGXOA010000219	2620	3150	-1	4
JAGXOA010000219	3220	4095	-1	5
JAGXOA010000219	4374	5288	1	6
JAGXOA010000219	5484	9893	1	7
JAGXOA010000219	9901	10980	1	8
JAGXOA010000219	11003	12043	-1	9
JAGXOA010000219	12432	13151	1	10
JAGXOA010000220	188	1375	-1	1
JAGXOA010000220	1615	1722	1	2
JAGXOA010000220	1783	2553	-1	3
JAGXOA010000220	2607	4409	-1	4
JAGXOA010000221	2	511	1	1
JAGXOA010000221	982	2172	1	2
JAGXOA010000221	2278	2388	1	3
JAGXOA010000221	2549	3997	-1	4
JAGXOA010000221	4294	5223	-1	5
JAGXOA010000221	5248	6126	-1	6
JAGXOA010000221	6133	7044	-1	7
JAGXOA010000221	7464	12392	1	8
JAGXOA010000221	12591	13901	1	9
JAGXOA010000222	317	622	1	1
JAGXOA010000222	639	2042	1	2
JAGXOA010000222	2177	3034	1	3
JAGXOA010000222	3379	3822	-1	4
JAGXOA010000222	3954	4952	-1	5
JAGXOA010000222	4986	6257	-1	6
JAGXOA010000222	6531	7664	1	7
JAGXOA010000222	7667	10981	1	8
JAGXOA010000222	11383	11649	-1	9
JAGXOA010000222	11791	14022	-1	10
JAGXOA010000222	14439	15473	1	11
JAGXOA010000222	15578	17413	1	12
JAGXOA010000222	17415	19217	1	13
JAGXOA010000222	19397	19726	-1	14
JAGXOA010000222	19737	20708	-1	15
JAGXOA010000222	20734	20838	-1	16
JAGXOA010000222	20965	24564	1	17
JAGXOA010000222	25260	25718	1	18
JAGXOA010000222	26281	27018	1	19
JAGXOA010000222	27082	27282	1	20
JAGXOA010000223	684	1685	1	1
JAGXOA010000223	1701	2597	1	2
JAGXOA010000223	2603	3184	1	3
JAGXOA010000223	3190	3372	-1	4
JAGXOA010000223	3563	3763	1	5
JAGXOA010000223	3798	4160	1	6
JAGXOA010000223	4386	4541	1	7
JAGXOA010000223	4516	5985	-1	8
JAGXOA010000223	6315	7367	-1	9
JAGXOA010000223	7529	8599	-1	10
JAGXOA010000223	8756	9130	1	11
JAGXOA010000223	9257	10006	-1	12
JAGXOA010000223	10601	11608	-1	13
JAGXOA010000223	12204	12890	1	14
JAGXOA010000224	60	287	1	1
JAGXOA010000224	402	545	1	2
JAGXOA010000224	596	1504	-1	3
JAGXOA010000224	1674	2129	1	4
JAGXOA010000224	2227	2838	1	5
JAGXOA010000224	2956	4038	1	6
JAGXOA010000224	4167	4928	1	7
JAGXOA010000224	4950	5324	1	8
JAGXOA010000224	5777	6019	-1	9
JAGXOA010000224	6107	6817	-1	10
JAGXOA010000224	6934	7884	1	11
JAGXOA010000224	7898	8698	-1	12
JAGXOA010000224	8730	9272	-1	13
JAGXOA010000224	9260	10000	-1	14
JAGXOA010000224	10208	10735	1	15
JAGXOA010000224	10738	11472	-1	16
JAGXOA010000224	11647	13365	1	17
JAGXOA010000224	13393	13809	-1	18
JAGXOA010000224	14700	15701	1	19
JAGXOA010000224	15732	17285	-1	20
JAGXOA010000224	17442	17915	1	21
JAGXOA010000224	18049	19647	-1	22
JAGXOA010000224	19755	21239	-1	23
JAGXOA010000224	21454	22665	1	24
JAGXOA010000224	22974	23276	-1	25
JAGXOA010000224	23534	23926	1	26
JAGXOA010000225	3	155	1	1
JAGXOA010000225	709	1671	1	2
JAGXOA010000226	340	810	-1	1
JAGXOA010000226	996	1517	1	2
JAGXOA010000226	1757	2044	1	3
JAGXOA010000227	1	945	1	1
JAGXOA010000227	972	1640	1	2
JAGXOA010000227	1743	2225	1	3
JAGXOA010000227	2330	3451	1	4
JAGXOA010000228	2	181	-1	1
JAGXOA010000228	259	933	-1	2
JAGXOA010000228	1040	2101	1	3
JAGXOA010000229	3	161	-1	1
JAGXOA010000229	218	730	-1	2
JAGXOA010000229	914	2899	1	3
JAGXOA010000229	2939	3211	-1	4
JAGXOA010000229	3389	4099	-1	5
JAGXOA010000229	4103	4705	-1	6
JAGXOA010000229	4896	5348	1	7
JAGXOA010000229	5341	6246	-1	8
JAGXOA010000229	6239	6922	-1	9
JAGXOA010000229	6948	7892	-1	10
JAGXOA010000229	8123	8413	-1	11
JAGXOA010000229	8417	9097	-1	12
JAGXOA010000229	9415	10224	1	13
JAGXOA010000229	10248	10964	1	14
JAGXOA010000229	11042	11512	1	15
JAGXOA010000229	12414	12878	-1	16
JAGXOA010000229	13047	13448	-1	17
JAGXOA010000230	3	842	1	1
JAGXOA010000230	1046	1216	-1	2
JAGXOA010000230	1450	1983	-1	3
JAGXOA010000230	2069	2938	1	4
JAGXOA010000230	3051	4253	1	5
JAGXOA010000230	4589	4972	-1	6
JAGXOA010000230	5098	5502	-1	7
JAGXOA010000230	5648	6070	-1	8
JAGXOA010000230	6180	6590	-1	9
JAGXOA010000230	6772	7398	1	10
JAGXOA010000230	7782	9047	1	11
JAGXOA010000230	9044	9256	1	12
JAGXOA010000230	9359	9535	1	13
JAGXOA010000230	9544	10080	-1	14
JAGXOA010000230	10212	10715	-1	15
JAGXOA010000230	11096	11914	1	16
JAGXOA010000230	12244	13032	1	17
JAGXOA010000231	1	1419	1	1
JAGXOA010000232	2	514	-1	1
JAGXOA010000232	541	3600	-1	2
JAGXOA010000232	3600	4118	-1	3
JAGXOA010000232	4270	4452	-1	4
JAGXOA010000232	4682	4774	-1	5
JAGXOA010000233	194	1273	1	1
JAGXOA010000233	1292	4264	-1	2
JAGXOA010000233	4486	4827	-1	3
JAGXOA010000233	5406	6275	-1	4
JAGXOA010000234	345	1493	-1	1
JAGXOA010000234	1516	2487	-1	2
JAGXOA010000235	171	1427	-1	1
JAGXOA010000235	1653	3644	1	2
JAGXOA010000235	3936	4448	-1	3
JAGXOA010000235	4636	9693	-1	4
JAGXOA010000235	9963	11777	1	5
JAGXOA010000235	11812	12498	1	6
JAGXOA010000235	12495	13799	-1	7
JAGXOA010000235	14108	14881	-1	8
JAGXOA010000235	15014	15517	-1	9
JAGXOA010000235	15612	16049	1	10
JAGXOA010000235	16082	16816	-1	11
JAGXOA010000235	17024	17338	1	12
JAGXOA010000235	17364	18185	1	13
JAGXOA010000235	18188	18901	1	14
JAGXOA010000235	18901	20046	1	15
JAGXOA010000235	20258	20458	1	16
JAGXOA010000235	20605	20919	1	17
JAGXOA010000236	1	159	-1	1
JAGXOA010000236	392	1717	1	2
JAGXOA010000236	1717	2388	1	3
JAGXOA010000236	2675	2803	1	4
JAGXOA010000236	2823	2939	1	5
JAGXOA010000237	137	592	-1	1
JAGXOA010000237	620	1750	1	2
JAGXOA010000237	1788	2717	-1	3
JAGXOA010000237	2866	3117	-1	4
JAGXOA010000237	3178	3387	1	5
JAGXOA010000238	182	1570	-1	1
JAGXOA010000238	1576	2523	-1	2
JAGXOA010000238	2949	3434	1	3
JAGXOA010000238	3613	5043	-1	4
JAGXOA010000238	5200	5730	-1	5
JAGXOA010000238	5884	6192	1	6
JAGXOA010000238	6261	6377	1	7
JAGXOA010000238	6564	9095	-1	8
JAGXOA010000238	9252	12374	1	9
JAGXOA010000238	12506	13918	1	10
JAGXOA010000238	14279	18148	1	11
JAGXOA010000238	18342	19568	1	12
JAGXOA010000238	19655	20638	1	13
JAGXOA010000238	20692	21645	1	14
JAGXOA010000238	21948	22064	-1	15
JAGXOA010000239	236	955	-1	1
JAGXOA010000239	1034	1570	-1	2
JAGXOA010000239	1829	2854	1	3
JAGXOA010000240	3	2198	-1	1
JAGXOA010000240	2595	2792	1	2
JAGXOA010000240	2808	2870	1	3
JAGXOA010000241	168	839	1	1
JAGXOA010000241	842	1027	-1	2
JAGXOA010000241	1073	1897	-1	3
JAGXOA010000241	2111	2392	1	4
JAGXOA010000241	3196	4506	1	5
JAGXOA010000241	4963	5445	1	6
JAGXOA010000241	5656	6225	-1	7
JAGXOA010000241	6222	6674	-1	8
JAGXOA010000241	6732	7217	-1	9
JAGXOA010000241	7298	7513	-1	10
JAGXOA010000241	7567	8163	-1	11
JAGXOA010000241	8275	8931	1	12
JAGXOA010000241	8958	10262	-1	13
JAGXOA010000241	10451	11416	1	14
JAGXOA010000241	11381	12229	-1	15
JAGXOA010000241	12503	16150	1	16
JAGXOA010000241	16388	16558	1	17
JAGXOA010000241	16649	18634	1	18
JAGXOA010000241	18905	19099	-1	19
JAGXOA010000242	2	679	-1	1
JAGXOA010000242	693	1043	-1	2
JAGXOA010000242	1057	2193	-1	3
JAGXOA010000242	2210	3448	-1	4
JAGXOA010000242	3491	3727	-1	5
JAGXOA010000243	191	697	-1	1
JAGXOA010000243	782	931	1	2
JAGXOA010000243	1171	2262	1	3
JAGXOA010000243	2316	3119	1	4
JAGXOA010000243	3323	4417	-1	5
JAGXOA010000243	4578	5798	-1	6
JAGXOA010000243	7736	7993	1	7
JAGXOA010000243	8268	10805	1	8
JAGXOA010000243	11244	13637	1	9
JAGXOA010000243	13674	14552	1	10
JAGXOA010000243	14682	16262	-1	11
JAGXOA010000243	16751	17047	1	12
JAGXOA010000243	17054	17425	1	13
JAGXOA010000243	17447	18058	-1	14
JAGXOA010000243	18264	18656	-1	15
JAGXOA010000243	19443	20081	1	16
JAGXOA010000243	20099	20581	-1	17
JAGXOA010000243	20603	21271	-1	18
JAGXOA010000243	21419	22411	1	19
JAGXOA010000243	22478	23389	-1	20
JAGXOA010000243	23570	23782	-1	21
JAGXOA010000243	24248	24742	-1	22
JAGXOA010000243	24781	26190	-1	23
JAGXOA010000243	26251	26553	-1	24
JAGXOA010000243	26617	27642	-1	25
JAGXOA010000243	27670	28692	-1	26
JAGXOA010000243	28879	29394	1	27
JAGXOA010000244	3	677	-1	1
JAGXOA010000244	898	1758	-1	2
JAGXOA010000245	2	223	1	1
JAGXOA010000245	350	1303	-1	2
JAGXOA010000245	1442	2374	1	3
JAGXOA010000245	2440	2742	1	4
JAGXOA010000245	3037	3774	-1	5
JAGXOA010000245	3932	4753	1	6
JAGXOA010000245	4765	5799	-1	7
JAGXOA010000245	6724	6867	-1	8
JAGXOA010000245	6887	7693	1	9
JAGXOA010000245	7703	8119	-1	10
JAGXOA010000245	8191	8319	1	11
JAGXOA010000245	8590	9486	-1	12
JAGXOA010000245	9542	9958	-1	13
JAGXOA010000245	9983	10210	-1	14
JAGXOA010000245	10330	11007	-1	15
JAGXOA010000245	11084	11551	-1	16
JAGXOA010000245	11761	12099	-1	17
JAGXOA010000245	12135	12563	-1	18
JAGXOA010000245	12661	12930	1	19
JAGXOA010000245	12952	13275	1	20
JAGXOA010000245	13285	13959	1	21
JAGXOA010000245	14384	14647	-1	22
JAGXOA010000246	291	857	1	1
JAGXOA010000246	942	2045	-1	2
JAGXOA010000246	2362	4359	-1	3
JAGXOA010000246	4613	4951	1	4
JAGXOA010000246	5050	5460	1	5
JAGXOA010000246	5563	6978	1	6
JAGXOA010000246	7097	8386	1	7
JAGXOA010000246	8398	9132	1	8
JAGXOA010000246	9178	9906	1	9
JAGXOA010000246	10146	12494	1	10
JAGXOA010000246	12628	13050	1	11
JAGXOA010000246	13477	13911	1	12
JAGXOA010000246	14562	15497	-1	13
JAGXOA010000246	16030	17952	-1	14
JAGXOA010000246	18325	18804	1	15
JAGXOA010000246	18844	19476	1	16
JAGXOA010000246	19944	21998	1	17
JAGXOA010000246	22172	23335	1	18
JAGXOA010000247	197	316	1	1
JAGXOA010000247	774	1070	1	2
JAGXOA010000247	1108	1722	-1	3
JAGXOA010000247	1798	2451	1	4
JAGXOA010000247	2768	3550	-1	5
JAGXOA010000247	3647	5551	-1	6
JAGXOA010000247	5806	7164	1	7
JAGXOA010000247	7331	7504	1	8
JAGXOA010000247	7646	8896	1	9
JAGXOA010000247	9493	10044	-1	10
JAGXOA010000247	10080	10364	-1	11
JAGXOA010000247	10532	10921	-1	12
JAGXOA010000247	11022	13382	-1	13
JAGXOA010000247	13539	14333	-1	14
JAGXOA010000247	14336	15535	-1	15
JAGXOA010000247	15570	15929	-1	16
JAGXOA010000247	15945	16202	-1	17
JAGXOA010000247	16432	17067	-1	18
JAGXOA010000248	1	1773	-1	1
JAGXOA010000248	2705	2962	1	2
JAGXOA010000248	3044	4183	-1	3
JAGXOA010000248	4600	5721	-1	4
JAGXOA010000248	5878	6891	-1	5
JAGXOA010000248	6990	7364	-1	6
JAGXOA010000248	7471	7998	-1	7
JAGXOA010000248	8682	9896	1	8
JAGXOA010000248	9922	10869	1	9
JAGXOA010000248	10883	11608	-1	10
JAGXOA010000248	11687	12259	1	11
JAGXOA010000248	12267	12782	-1	12
JAGXOA010000248	12828	13742	-1	13
JAGXOA010000248	13898	14497	1	14
JAGXOA010000248	14535	15668	-1	15
JAGXOA010000248	15845	16252	1	16
JAGXOA010000248	16685	17320	1	17
JAGXOA010000248	17472	19193	1	18
JAGXOA010000248	19272	21185	1	19
JAGXOA010000248	21265	21750	-1	20
JAGXOA010000248	21899	22564	-1	21
JAGXOA010000248	22800	23804	1	22
JAGXOA010000248	23832	24854	-1	23
JAGXOA010000248	25603	25725	1	24
JAGXOA010000248	25944	27230	1	25
JAGXOA010000248	27264	27509	1	26
JAGXOA010000248	27594	29327	1	27
JAGXOA010000248	29360	30217	1	28
JAGXOA010000248	30724	32178	1	29
JAGXOA010000248	32290	33447	-1	30
JAGXOA010000248	33610	34719	-1	31
JAGXOA010000248	34883	35050	1	32
JAGXOA010000249	3	437	1	1
JAGXOA010000249	737	1411	1	2
JAGXOA010000249	1447	1836	-1	3
JAGXOA010000250	544	1938	1	1
JAGXOA010000250	1975	2685	1	2
JAGXOA010000250	3070	4251	1	3
JAGXOA010000250	4244	5518	1	4
JAGXOA010000251	466	657	1	1
JAGXOA010000251	922	1296	1	2
JAGXOA010000251	1478	2992	-1	3
JAGXOA010000251	3042	4577	-1	4
JAGXOA010000251	4778	4891	-1	5
JAGXOA010000251	5146	5880	1	6
JAGXOA010000251	6097	6510	1	7
JAGXOA010000251	6607	9462	-1	8
JAGXOA010000252	579	1400	-1	1
JAGXOA010000252	1790	1990	1	2
JAGXOA010000252	1978	2274	1	3
JAGXOA010000252	2514	2663	-1	4
JAGXOA010000253	3	263	1	1
JAGXOA010000253	315	1913	1	2
JAGXOA010000254	1	216	-1	1
JAGXOA010000254	857	1264	-1	2
JAGXOA010000254	1321	2160	-1	3
JAGXOA010000255	330	584	-1	1
JAGXOA010000255	822	1049	-1	2
JAGXOA010000255	1259	1672	1	3
JAGXOA010000255	1711	2229	1	4
JAGXOA010000255	2247	3509	-1	5
JAGXOA010000255	3743	3847	-1	6
JAGXOA010000255	4250	4777	1	7
JAGXOA010000255	4793	6127	1	8
JAGXOA010000255	6212	6346	1	9
JAGXOA010000255	6455	6574	1	10
JAGXOA010000255	6755	7891	1	11
JAGXOA010000255	7972	8355	1	12
JAGXOA010000255	8433	9263	1	13
JAGXOA010000255	9380	10150	1	14
JAGXOA010000255	10377	10973	-1	15
JAGXOA010000256	2	580	1	1
JAGXOA010000256	772	1713	-1	2
JAGXOA010000256	1674	2570	-1	3
JAGXOA010000256	2712	3803	1	4
JAGXOA010000256	3826	4638	-1	5
JAGXOA010000256	4711	5379	-1	6
JAGXOA010000256	5398	5967	-1	7
JAGXOA010000256	6133	6318	1	8
JAGXOA010000256	6424	7080	1	9
JAGXOA010000256	7427	8068	-1	10
JAGXOA010000256	8076	9245	-1	11
JAGXOA010000257	1	120	1	1
JAGXOA010000257	233	988	1	2
JAGXOA010000257	1051	2154	-1	3
JAGXOA010000257	2154	6257	-1	4
JAGXOA010000257	6434	7546	-1	5
JAGXOA010000257	7546	11811	-1	6
JAGXOA010000257	12051	12683	-1	7
JAGXOA010000257	12823	13119	1	8
JAGXOA010000257	13429	14364	-1	9
JAGXOA010000257	14503	15726	-1	10
JAGXOA010000257	15755	17212	-1	11
JAGXOA010000257	17334	18089	-1	12
JAGXOA010000257	18132	18956	-1	13
JAGXOA010000257	19300	20148	1	14
JAGXOA010000257	20270	20842	1	15
JAGXOA010000257	20843	21538	1	16
JAGXOA010000257	21608	21871	1	17
JAGXOA010000257	21997	22350	1	18
JAGXOA010000257	22425	22967	1	19
JAGXOA010000257	23022	23543	1	20
JAGXOA010000257	23602	23826	-1	21
JAGXOA010000258	240	1670	-1	1
JAGXOA010000258	1834	3069	-1	2
JAGXOA010000258	3297	4394	-1	3
JAGXOA010000258	4496	5212	-1	4
JAGXOA010000259	357	467	-1	1
JAGXOA010000259	689	1003	-1	2
JAGXOA010000259	1219	1899	-1	3
JAGXOA010000259	2042	3223	-1	4
JAGXOA010000259	3279	3701	-1	5
JAGXOA010000259	3734	3880	-1	6
JAGXOA010000259	3959	6427	-1	7
JAGXOA010000259	6837	7025	-1	8
JAGXOA010000259	7625	7954	1	9
JAGXOA010000259	8197	8553	-1	10
JAGXOA010000259	9078	10337	1	11
JAGXOA010000259	10478	13363	1	12
JAGXOA010000259	13674	13871	-1	13
JAGXOA010000259	14165	15757	1	14
JAGXOA010000259	15807	16529	1	15
JAGXOA010000259	16530	17390	1	16
JAGXOA010000259	17638	17823	1	17
JAGXOA010000259	18027	18761	-1	18
JAGXOA010000259	18903	19973	-1	19
JAGXOA010000259	20132	21337	1	20
JAGXOA010000259	21597	22856	-1	21
JAGXOA010000259	23060	23962	-1	22
JAGXOA010000259	24388	24828	1	23
JAGXOA010000259	25377	25910	-1	24
JAGXOA010000259	26121	26981	1	25
JAGXOA010000259	27383	28258	1	26
JAGXOA010000259	28266	29240	-1	27
JAGXOA010000259	29799	30197	-1	28
JAGXOA010000259	30492	32165	-1	29
JAGXOA010000259	32422	33720	-1	30
JAGXOA010000259	33889	34683	1	31
JAGXOA010000259	34777	35580	-1	32
JAGXOA010000259	35757	36152	1	33
JAGXOA010000259	36168	36974	-1	34
JAGXOA010000259	37758	38156	1	35
JAGXOA010000259	38251	38757	-1	36
JAGXOA010000259	38878	39354	-1	37
JAGXOA010000259	40507	41754	1	38
JAGXOA010000259	41771	42727	-1	39
JAGXOA010000259	42786	43583	1	40
JAGXOA010000259	44211	44462	1	41
JAGXOA010000259	44581	45000	1	42
JAGXOA010000259	45010	45441	-1	43
JAGXOA010000259	45501	46232	1	44
JAGXOA010000259	46256	46612	1	45
JAGXOA010000259	46609	47193	-1	46
JAGXOA010000259	47362	47820	1	47
JAGXOA010000259	47850	48575	1	48
JAGXOA010000259	48884	50173	-1	49
JAGXOA010000259	50267	51154	-1	50
JAGXOA010000259	51325	51519	-1	51
JAGXOA010000259	51681	52061	1	52
JAGXOA010000259	52116	53708	1	53
JAGXOA010000259	53721	54224	-1	54
JAGXOA010000259	54778	55566	-1	55
JAGXOA010000259	56033	56254	1	56
JAGXOA010000259	56498	57034	-1	57
JAGXOA010000259	57082	57816	-1	58
JAGXOA010000259	57965	58204	1	59
JAGXOA010000259	58346	59602	1	60
JAGXOA010000259	59733	60266	-1	61
JAGXOA010000259	60690	61811	1	62
JAGXOA010000259	61839	62624	-1	63
JAGXOA010000259	62732	63949	1	64
JAGXOA010000259	64197	64676	1	65
JAGXOA010000259	64875	66992	1	66
JAGXOA010000259	67105	67950	1	67
JAGXOA010000259	68025	68414	1	68
JAGXOA010000259	68712	69281	1	69
JAGXOA010000259	69461	70318	-1	70
JAGXOA010000259	70551	71903	-1	71
JAGXOA010000259	71905	73041	-1	72
JAGXOA010000259	73341	74111	-1	73
JAGXOA010000259	74176	74970	-1	74
JAGXOA010000259	75082	75780	-1	75
JAGXOA010000259	75928	76566	1	76
JAGXOA010000260	574	936	1	1
JAGXOA010000260	1045	2025	-1	2
JAGXOA010000260	2441	2749	1	3
JAGXOA010000260	2800	3840	-1	4
JAGXOA010000260	4000	4698	1	5
JAGXOA010000260	4915	5643	1	6
JAGXOA010000260	5875	6984	1	7
JAGXOA010000260	7084	8208	1	8
JAGXOA010000260	8343	9239	1	9
JAGXOA010000260	9243	10076	-1	10
JAGXOA010000260	10089	10763	-1	11
JAGXOA010000260	11258	11623	1	12
JAGXOA010000260	11771	12754	1	13
JAGXOA010000260	12796	13107	1	14
JAGXOA010000260	13211	13429	1	15
JAGXOA010000260	13641	14168	1	16
JAGXOA010000260	14155	15987	1	17
JAGXOA010000260	15987	17375	1	18
JAGXOA010000260	17381	18019	1	19
JAGXOA010000260	18035	20302	1	20
JAGXOA010000260	20311	20733	1	21
JAGXOA010000260	20781	20963	-1	22
JAGXOA010000261	3	197	1	1
JAGXOA010000261	597	956	1	2
JAGXOA010000261	960	1235	1	3
JAGXOA010000261	1627	1830	-1	4
JAGXOA010000261	1908	2147	-1	5
JAGXOA010000261	2418	2669	-1	6
JAGXOA010000262	252	626	1	1
JAGXOA010000262	798	1517	1	2
JAGXOA010000262	1642	2433	1	3
JAGXOA010000262	2619	3398	1	4
JAGXOA010000262	3398	4144	1	5
JAGXOA010000262	4167	4994	1	6
JAGXOA010000262	5137	5430	1	7
JAGXOA010000262	5430	5696	1	8
JAGXOA010000262	5824	6927	-1	9
JAGXOA010000262	7161	7730	-1	10
JAGXOA010000262	8153	8731	1	11
JAGXOA010000262	8728	9075	1	12
JAGXOA010000262	9068	10321	1	13
JAGXOA010000262	10322	11254	1	14
JAGXOA010000263	1	282	1	1
JAGXOA010000263	641	1225	1	2
JAGXOA010000263	1253	1708	1	3
JAGXOA010000263	1759	2223	1	4
JAGXOA010000263	2226	2825	1	5
JAGXOA010000263	2831	3448	1	6
JAGXOA010000263	3465	4001	1	7
JAGXOA010000263	4014	4496	1	8
JAGXOA010000263	4709	5251	1	9
JAGXOA010000263	5329	5952	1	10
JAGXOA010000263	5989	6420	-1	11
JAGXOA010000263	6462	7880	-1	12
JAGXOA010000263	8053	8955	1	13
JAGXOA010000263	9340	9636	-1	14
JAGXOA010000263	9719	10420	1	15
JAGXOA010000263	10440	10871	-1	16
JAGXOA010000263	10907	11332	-1	17
JAGXOA010000263	11822	12145	-1	18
JAGXOA010000263	12703	13380	-1	19
JAGXOA010000263	14000	15373	-1	20
JAGXOA010000264	180	494	1	1
JAGXOA010000264	452	583	1	2
JAGXOA010000264	954	1910	1	3
JAGXOA010000264	2303	2761	1	4
JAGXOA010000264	3147	3368	-1	5
JAGXOA010000264	3484	3678	-1	6
JAGXOA010000264	3989	4234	1	7
JAGXOA010000264	4469	5023	-1	8
JAGXOA010000264	5099	5470	-1	9
JAGXOA010000264	5509	5631	-1	10
JAGXOA010000265	1	2172	-1	1
JAGXOA010000265	2286	2744	1	2
JAGXOA010000266	213	1502	-1	1
JAGXOA010000266	1649	2512	1	2
JAGXOA010000266	2790	3914	-1	3
JAGXOA010000266	4002	4892	-1	4
JAGXOA010000266	4908	6599	-1	5
JAGXOA010000266	6854	7432	-1	6
JAGXOA010000266	7506	8594	-1	7
JAGXOA010000266	8642	9307	-1	8
JAGXOA010000266	9455	12670	1	9
JAGXOA010000266	12665	13582	-1	10
JAGXOA010000266	14501	15745	1	11
JAGXOA010000266	15742	16467	-1	12
JAGXOA010000266	16473	17309	-1	13
JAGXOA010000266	17369	18778	-1	14
JAGXOA010000266	18823	19212	-1	15
JAGXOA010000266	19285	20685	1	16
JAGXOA010000266	20825	21379	1	17
JAGXOA010000266	22027	22374	1	18
JAGXOA010000266	22402	23241	-1	19
JAGXOA010000266	23337	24470	-1	20
JAGXOA010000266	24628	24822	1	21
JAGXOA010000266	24935	25966	1	22
JAGXOA010000266	26197	26568	1	23
JAGXOA010000266	26810	31294	1	24
JAGXOA010000266	31315	32814	1	25
JAGXOA010000266	32831	35542	1	26
JAGXOA010000266	35711	36295	1	27
JAGXOA010000266	36563	36751	1	28
JAGXOA010000266	36803	36919	-1	29
JAGXOA010000267	197	370	1	1
JAGXOA010000267	377	565	1	2
JAGXOA010000267	569	715	1	3
JAGXOA010000267	705	935	-1	4
JAGXOA010000267	938	1105	-1	5
JAGXOA010000267	1105	1329	-1	6
JAGXOA010000267	1313	1492	-1	7
JAGXOA010000268	227	1606	1	1
JAGXOA010000268	1642	2640	-1	2
JAGXOA010000268	3062	4441	-1	3
JAGXOA010000268	4787	5236	1	4
JAGXOA010000268	5370	6158	1	5
JAGXOA010000268	6451	7707	1	6
JAGXOA010000268	7718	8452	-1	7
JAGXOA010000268	8565	9221	1	8
JAGXOA010000268	9757	10818	-1	9
JAGXOA010000268	10882	11676	-1	10
JAGXOA010000268	11694	12221	-1	11
JAGXOA010000268	12389	13612	-1	12
JAGXOA010000268	13691	14074	-1	13
JAGXOA010000268	14261	15112	1	14
JAGXOA010000268	15181	15474	1	15
JAGXOA010000268	15611	17650	-1	16
JAGXOA010000268	17782	18396	-1	17
JAGXOA010000268	19555	19773	1	18
JAGXOA010000268	19967	20338	1	19
JAGXOA010000268	20511	20912	1	20
JAGXOA010000268	21058	21411	1	21
JAGXOA010000268	21490	21966	1	22
JAGXOA010000268	22116	22754	1	23
JAGXOA010000268	22923	23144	1	24
JAGXOA010000269	131	1081	-1	1
JAGXOA010000269	1171	1860	-1	2
JAGXOA010000269	1962	3356	-1	3
JAGXOA010000270	2	322	1	1
JAGXOA010000270	450	1310	-1	2
JAGXOA010000270	1432	1830	-1	3
JAGXOA010000270	1925	2455	-1	4
JAGXOA010000270	2466	3518	-1	5
JAGXOA010000270	3573	4544	-1	6
JAGXOA010000270	4558	5742	-1	7
JAGXOA010000270	5755	7113	-1	8
JAGXOA010000270	7858	9303	1	9
JAGXOA010000270	9307	10680	1	10
JAGXOA010000270	10677	11183	-1	11
JAGXOA010000270	11176	12255	-1	12
JAGXOA010000270	12399	13010	-1	13
JAGXOA010000270	13152	15512	-1	14
JAGXOA010000270	16041	16343	1	15
JAGXOA010000270	16369	16800	-1	16
JAGXOA010000270	16845	17402	1	17
JAGXOA010000271	371	898	1	1
JAGXOA010000271	1048	2193	-1	2
JAGXOA010000271	2608	3720	1	3
JAGXOA010000272	321	2045	1	1
JAGXOA010000272	2049	3746	1	2
JAGXOA010000272	4086	4346	-1	3
JAGXOA010000272	4751	5911	-1	4
JAGXOA010000272	5973	7133	-1	5
JAGXOA010000272	7476	8123	-1	6
JAGXOA010000272	8148	9107	-1	7
JAGXOA010000272	9104	9904	-1	8
JAGXOA010000273	123	422	-1	1
JAGXOA010000273	573	1496	1	2
JAGXOA010000273	1781	2875	-1	3
JAGXOA010000273	3282	3704	1	4
JAGXOA010000273	3897	4298	-1	5
JAGXOA010000273	4483	5106	-1	6
JAGXOA010000274	3	1616	-1	1
JAGXOA010000274	1613	2308	-1	2
JAGXOA010000274	2464	3081	-1	3
JAGXOA010000274	3082	3390	-1	4
JAGXOA010000274	3395	3970	-1	5
JAGXOA010000274	4119	5813	-1	6
JAGXOA010000274	5813	7933	-1	7
JAGXOA010000275	195	803	-1	1
JAGXOA010000275	1135	1395	1	2
JAGXOA010000275	1798	2124	-1	3
JAGXOA010000275	2456	3448	1	4
JAGXOA010000275	3345	3557	-1	5
JAGXOA010000276	248	562	1	1
JAGXOA010000276	559	1059	1	2
JAGXOA010000276	1198	1431	1	3
JAGXOA010000276	1431	1826	1	4
JAGXOA010000276	1937	2026	-1	5
JAGXOA010000277	2	2191	-1	1
JAGXOA010000278	440	724	-1	1
JAGXOA010000278	889	2649	1	2
JAGXOA010000279	1	120	1	1
JAGXOA010000279	147	1337	-1	2
JAGXOA010000279	1804	2727	-1	3
JAGXOA010000279	3079	4017	-1	4
JAGXOA010000279	4188	4742	-1	5
JAGXOA010000279	5318	6091	1	6
JAGXOA010000279	6070	7383	1	7
JAGXOA010000279	7459	8514	1	8
JAGXOA010000279	8751	10883	1	9
JAGXOA010000279	11514	12305	-1	10
JAGXOA010000279	12995	13453	1	11
JAGXOA010000279	14134	14808	1	12
JAGXOA010000279	15425	15880	1	13
JAGXOA010000279	15873	16493	1	14
JAGXOA010000279	16655	16765	-1	15
JAGXOA010000280	2	184	1	1
JAGXOA010000280	1311	13172	-1	2
JAGXOA010000280	13528	14883	-1	3
JAGXOA010000280	15126	15278	1	4
JAGXOA010000281	253	708	1	1
JAGXOA010000281	819	1211	1	2
JAGXOA010000281	1412	1621	1	3
JAGXOA010000281	2204	4948	1	4
JAGXOA010000281	5582	6214	-1	5
JAGXOA010000281	6384	7184	-1	6
JAGXOA010000281	7382	7705	1	7
JAGXOA010000281	7716	8060	1	8
JAGXOA010000281	8159	8308	1	9
JAGXOA010000282	2	220	-1	1
JAGXOA010000282	567	2942	1	2
JAGXOA010000282	3129	3752	-1	3
JAGXOA010000283	3	815	1	1
JAGXOA010000283	1117	1449	-1	2
JAGXOA010000283	1856	2542	1	3
JAGXOA010000283	2544	2693	-1	4
JAGXOA010000283	3051	4166	1	5
JAGXOA010000283	4652	7225	1	6
JAGXOA010000283	7263	8084	-1	7
JAGXOA010000283	8111	8266	-1	8
JAGXOA010000284	383	3043	1	1
JAGXOA010000284	3214	4314	1	2
JAGXOA010000284	4589	5701	1	3
JAGXOA010000284	6421	8166	1	4
JAGXOA010000284	8161	9429	-1	5
JAGXOA010000284	9877	11031	1	6
JAGXOA010000285	287	829	1	1
JAGXOA010000285	887	1084	1	2
JAGXOA010000285	1179	1925	-1	3
JAGXOA010000286	2	241	1	1
JAGXOA010000286	154	399	-1	2
JAGXOA010000286	460	837	-1	3
JAGXOA010000286	1049	1387	-1	4
JAGXOA010000286	1753	2073	1	5
JAGXOA010000287	46	3888	-1	1
JAGXOA010000288	931	1641	1	1
JAGXOA010000288	1677	2102	1	2
JAGXOA010000288	2099	2833	-1	3
JAGXOA010000288	3325	4410	-1	4
JAGXOA010000288	4500	5801	-1	5
JAGXOA010000288	5818	6804	-1	6
JAGXOA010000288	7014	7823	1	7
JAGXOA010000288	7894	9651	1	8
JAGXOA010000288	9675	10625	-1	9
JAGXOA010000288	10713	11243	-1	10
JAGXOA010000288	11392	12702	-1	11
JAGXOA010000288	12810	13673	-1	12
JAGXOA010000288	13816	14307	1	13
JAGXOA010000288	14390	14608	-1	14
JAGXOA010000288	14645	14779	-1	15
JAGXOA010000288	14860	16200	-1	16
JAGXOA010000288	16216	16821	-1	17
JAGXOA010000288	17006	17404	1	18
JAGXOA010000288	17780	18712	-1	19
