Hmm	ORF	tlen	qlen	Eval	score	start	end	Acc	Pos	Cov_seq	Cov_hmm	strand
AbiEii_0_CAS-III	JAGXOA010000017_5	623	284	3.8e-05	20.9	3703	5571	JAGXOA010000017	5	0.20706260032102727	0.2605633802816901	1
AbiEii_0_CAS-III	JAGXOA010000020_12	315	284	0.0023	15.0	8832	9776	JAGXOA010000020	12	0.26666666666666666	0.28169014084507044	1
AbiEii_0_CAS-III	JAGXOA010000030_5	184	284	0.00088	16.4	3525	4076	JAGXOA010000030	5	0.5054347826086957	0.22183098591549297	1
AbiEii_0_CAS-III	JAGXOA010000047_14	200	284	0.033	11.2	17218	17817	JAGXOA010000047	14	0.355	0.28169014084507044	-1
AbiEii_0_CAS-III	JAGXOA010000047_17	626	284	0.015	12.4	19099	20976	JAGXOA010000047	17	0.12300319488817892	0.24295774647887325	-1
AbiEii_0_CAS-III	JAGXOA010000051_5	331	284	1.1e-08	32.5	2763	3755	JAGXOA010000051	5	0.5196374622356495	0.5492957746478874	-1
AbiEii_0_CAS-III	JAGXOA010000052_17	442	284	3.9e-06	24.1	15058	16383	JAGXOA010000052	17	0.14027149321266968	0.2147887323943662	1
AbiEii_0_CAS-III	JAGXOA010000065_38	247	284	0.0016	15.6	37124	37864	JAGXOA010000065	38	0.41700404858299595	0.3591549295774648	1
AbiEii_0_CAS-III	JAGXOA010000101_10	271	284	8.9e-08	29.5	6388	7200	JAGXOA010000101	10	0.4317343173431734	0.4119718309859155	-1
AbiEii_0_CAS-III	JAGXOA010000101_22	256	284	1.5e-05	22.2	17826	18593	JAGXOA010000101	22	0.48828125	0.3732394366197183	1
AbiEii_0_CAS-III	JAGXOA010000108_2	338	284	0.00079	16.6	1819	2832	JAGXOA010000108	2	0.09171597633136094	0.1056338028169014	1
AbiEii_0_CAS-III	JAGXOA010000122_2	235	284	5.1e-06	23.7	857	1561	JAGXOA010000122	2	0.42127659574468085	0.3345070422535211	-1
AbiEii_0_CAS-III	JAGXOA010000123_2	322	284	2.7e-05	21.4	674	1639	JAGXOA010000123	2	0.3136645962732919	0.352112676056338	-1
AbiEii_0_CAS-III	JAGXOA010000132_48	338	284	6.6e-10	36.5	44119	45132	JAGXOA010000132	48	0.28402366863905326	0.3204225352112676	-1
AbiEii_0_CAS-III	JAGXOA010000141_11	362	284	5.2e-08	30.3	8868	9953	JAGXOA010000141	11	0.3011049723756906	0.3626760563380282	1
AbiEii_0_CAS-III	JAGXOA010000141_13	363	284	2.2e-07	28.2	10966	12054	JAGXOA010000141	13	0.23415977961432508	0.28169014084507044	1
AbiEii_0_CAS-III	JAGXOA010000141_17	279	284	6.8e-05	20.1	18065	18901	JAGXOA010000141	17	0.22580645161290322	0.2112676056338028	1
AbiEii_0_CAS-III	JAGXOA010000141_18	252	284	0.00064	16.9	18904	19659	JAGXOA010000141	18	0.4801587301587302	0.397887323943662	1
AbiEii_0_CAS-III	JAGXOA010000141_33	1155	284	1e-05	22.8	29420	32884	JAGXOA010000141	33	0.07705627705627706	0.3204225352112676	-1
AbiEii_0_CAS-III	JAGXOA010000145_17	744	284	0.0012	15.9	15437	17668	JAGXOA010000145	17	0.05241935483870968	0.07042253521126761	-1
AbiEii_0_CAS-III	JAGXOA010000156_24	755	284	4.6e-05	20.6	23184	25448	JAGXOA010000156	24	0.12317880794701987	0.25	-1
AbiEii_0_CAS-III	JAGXOA010000159_3	562	284	1.2e-08	32.4	1738	3423	JAGXOA010000159	3	0.35765124555160144	0.4295774647887324	1
AbiEii_0_CAS-III	JAGXOA010000168_3	84	284	2.8e-05	21.3	1522	1773	JAGXOA010000168	3	0.5119047619047619	0.1443661971830986	1
AbiEii_0_CAS-III	JAGXOA010000178_5	408	284	0.00017	18.8	3946	5169	JAGXOA010000178	5	0.22794117647058823	0.29225352112676056	-1
AbiEii_0_CAS-III	JAGXOA010000182_13	243	284	4.6e-07	27.2	13518	14246	JAGXOA010000182	13	0.448559670781893	0.3626760563380282	-1
AbiEii_0_CAS-III	JAGXOA010000192_47	308	284	7.3e-09	33.1	50713	51636	JAGXOA010000192	47	0.45454545454545453	0.4647887323943662	1
AbiEii_0_CAS-III	JAGXOA010000196_18	602	284	0.0016	15.6	14891	16696	JAGXOA010000196	18	0.19269102990033224	0.3345070422535211	1
AbiEii_0_CAS-III	JAGXOA010000198_2	226	284	1.5e-06	25.5	1105	1782	JAGXOA010000198	2	0.415929203539823	0.31690140845070425	-1
AbiEii_0_CAS-III	JAGXOA010000199_2	203	284	0.00068	16.8	1871	2479	JAGXOA010000199	2	0.3251231527093596	0.22887323943661972	1
AbiEii_0_CAS-III	JAGXOA010000202_18	231	284	0.001	16.2	13757	14449	JAGXOA010000202	18	0.49783549783549785	0.40492957746478875	-1
AbiEii_0_CAS-III	JAGXOA010000204_76	363	284	2.1e-06	25.0	93525	94613	JAGXOA010000204	76	0.36363636363636365	0.4788732394366197	1
AbiEii_0_CAS-III	JAGXOA010000216_11	663	284	0.016	12.2	12243	14231	JAGXOA010000216	11	0.058823529411764705	0.07042253521126761	1
AbiEii_0_CAS-III	JAGXOA010000217_18	87	284	0.0032	14.6	16196	16456	JAGXOA010000217	18	0.5287356321839081	0.15492957746478872	1
AbiEii_0_CAS-III	JAGXOA010000218_18	341	284	5e-07	27.1	15417	16439	JAGXOA010000218	18	0.2785923753665689	0.31690140845070425	1
AbiEii_0_CAS-III	JAGXOA010000223_3	194	284	0.0012	16.0	2603	3184	JAGXOA010000223	3	0.16494845360824742	0.10915492957746478	1
AbiEii_0_CAS-III	JAGXOA010000229_14	239	284	0.00026	18.1	10248	10964	JAGXOA010000229	14	0.41422594142259417	0.33098591549295775	1
AbiEii_0_CAS-III	JAGXOA010000242_4	413	284	0.0003	17.9	2210	3448	JAGXOA010000242	4	0.19128329297820823	0.27816901408450706	-1
AbiEii_0_CAS-III	JAGXOA010000266_26	904	284	9e-05	19.7	32831	35542	JAGXOA010000266	26	0.2168141592920354	0.6126760563380281	1
AbiEii_0_CAS-III	JAGXOA010000272_8	267	284	3.1e-06	24.4	9104	9904	JAGXOA010000272	8	0.4044943820224719	0.36619718309859156	-1
AbiEii_1_CAS-III-A	JAGXOA010000006_1	219	335	0.54	6.8	345	1001	JAGXOA010000006	1	0.5159817351598174	0.33134328358208953	-1
AbiEii_1_CAS-III-A	JAGXOA010000101_22	256	335	0.00032	17.4	17826	18593	JAGXOA010000101	22	0.3671875	0.2716417910447761	1
AbiEii_1_CAS-III-A	JAGXOA010000125_20	702	335	0.00065	16.4	16134	18239	JAGXOA010000125	20	0.17806267806267806	0.3880597014925373	-1
AbiEii_1_CAS-III-A	JAGXOA010000138_2	460	335	2.1e-08	31.2	1039	2418	JAGXOA010000138	2	0.26304347826086955	0.382089552238806	1
AbiEii_2_CAS-III-C	JAGXOA010000047_17	626	440	0.00048	17.0	19099	20976	JAGXOA010000047	17	0.17891373801916932	0.2545454545454545	-1
AbiEii_2_CAS-III-C	JAGXOA010000125_20	702	440	0.0027	14.5	16134	18239	JAGXOA010000125	20	0.23076923076923078	0.39090909090909093	-1
AbiEii_2_CAS-III-C	JAGXOA010000138_2	460	440	8.8e-10	35.9	1039	2418	JAGXOA010000138	2	0.3847826086956522	0.425	1
Can2_Card1_17_CAS-III	JAGXOA010000216_4	503	380	0.009	12.2	2062	3570	JAGXOA010000216	4	0.08349900596421471	0.11052631578947368	1
Cas10_0_CAS-III-A	JAGXOA010000146_5	71	660	3.9	3.5	3450	3662	JAGXOA010000146	5	0.6619718309859155	0.05757575757575758	1
Cas10_0_IIIA	JAGXOA010000017_31	56	650	0.02	11.1	37160	37327	JAGXOA010000017	31	0.5535714285714286	0.047692307692307694	1
Cas10_0_IIIC	JAGXOA010000187_3	151	953	0.0016	13.6	1193	1645	JAGXOA010000187	3	0.6622516556291391	0.1049317943336831	1
Cas10_1_CAS-III	JAGXOA010000017_31	56	654	0.0026	13.9	37160	37327	JAGXOA010000017	31	0.625	0.05198776758409786	1
Cas10_1_CAS-III	JAGXOA010000230_14	179	654	0.0018	14.4	9544	10080	JAGXOA010000230	14	0.547486033519553	0.14678899082568808	-1
Cas10_1_IIIB	JAGXOA010000126_13	270	116	0.0039	15.0	8062	8871	JAGXOA010000126	13	0.25925925925925924	0.5344827586206896	-1
Cas10_6_CAS-III	JAGXOA010000164_6	335	717	0.00028	17.1	5167	6171	JAGXOA010000164	6	0.1880597014925373	0.09344490934449093	1
Cas11_0_IV	JAGXOA010000033_27	490	114	0.052	11.1	28644	30113	JAGXOA010000033	27	0.25918367346938775	0.7192982456140351	1
Cas12b1_0_CAS-V-B	JAGXOA010000270_1	107	1125	3.6e-06	22.6	2	322	JAGXOA010000270	1	0.5420560747663551	0.051555555555555556	1
Cas12b2_0_CAS-V-B	JAGXOA010000038_3	396	747	2.7e-05	20.3	1848	3035	JAGXOA010000038	3	0.3939393939393939	0.24096385542168675	-1
Cas12b_0_VB	JAGXOA010000270_1	107	1130	0.0026	13.2	2	322	JAGXOA010000270	1	0.4205607476635514	0.03982300884955752	1
Cas12c_0_CAS-V-C	JAGXOA010000038_3	396	1272	0.0027	12.8	1848	3035	JAGXOA010000038	3	0.17929292929292928	0.055031446540880505	-1
Cas12c_0_CAS-V-C	JAGXOA010000270_1	107	1272	0.013	10.6	2	322	JAGXOA010000270	1	0.3177570093457944	0.02830188679245283	1
Cas12e_1_CAS-V-E	JAGXOA010000109_11	67	986	0.0031	12.8	14514	14714	JAGXOA010000109	11	0.8208955223880597	0.05476673427991886	-1
Cas12e_1_CAS-V-E	JAGXOA010000160_1	73	986	0.0021	13.4	2	220	JAGXOA010000160	1	0.8493150684931506	0.061866125760649086	1
Cas12e_1_CAS-V-E	JAGXOA010000200_1	70	986	0.00016	17.1	2	211	JAGXOA010000200	1	0.9428571428571428	0.06592292089249494	1
Cas12e_1_CAS-V-E	JAGXOA010000204_1	65	986	0.005	12.2	1	195	JAGXOA010000204	1	0.8615384615384616	0.055780933062880324	1
Cas12e_1_CAS-V-E	JAGXOA010000215_2	77	986	8.3e-05	18.0	2543	2773	JAGXOA010000215	2	0.8311688311688312	0.06389452332657201	-1
Cas12e_1_CAS-V-E	JAGXOA010000229_1	53	986	0.0087	11.4	3	161	JAGXOA010000229	1	0.6981132075471698	0.037525354969574036	-1
Cas12e_1_CAS-V-E	JAGXOA010000245_22	88	986	0.0028	13.0	14384	14647	JAGXOA010000245	22	0.7159090909090909	0.06288032454361055	-1
Cas12e_1_CAS-V-E	JAGXOA010000263_1	94	986	2.2e-05	20.0	1	282	JAGXOA010000263	1	0.7021276595744681	0.06592292089249494	1
Cas12f1_0_CAS-V-F	JAGXOA010000024_5	296	512	1.1e-05	21.9	4268	5155	JAGXOA010000024	5	0.7263513513513513	0.4296875	1
Cas12f1_0_CAS-V-F	JAGXOA010000038_3	396	512	5.2e-14	49.4	1848	3035	JAGXOA010000038	3	0.5454545454545454	0.439453125	-1
Cas12f1_0_CAS-V-F	JAGXOA010000092_1	723	512	7.7e-10	35.7	205	2373	JAGXOA010000092	1	0.33195020746887965	0.419921875	-1
Cas12f1_0_CAS-V-F	JAGXOA010000270_1	107	512	5.1e-10	36.3	2	322	JAGXOA010000270	1	0.9158878504672897	0.203125	1
Cas12f1_1_CAS-V-F	JAGXOA010000011_2	403	557	1.1e-17	61.3	305	1513	JAGXOA010000011	2	0.6401985111662531	0.6606822262118492	1
Cas12f1_1_CAS-V-F	JAGXOA010000038_3	396	557	3.3e-26	89.5	1848	3035	JAGXOA010000038	3	0.5126262626262627	0.38061041292639136	-1
Cas12f1_1_CAS-V-F	JAGXOA010000075_12	141	557	1.3e-09	34.7	12934	13356	JAGXOA010000075	12	0.851063829787234	0.22082585278276481	-1
Cas12f1_1_CAS-V-F	JAGXOA010000160_1	73	557	0.035	10.2	2	220	JAGXOA010000160	1	0.3835616438356164	0.04847396768402154	1
Cas12f1_1_CAS-V-F	JAGXOA010000215_2	77	557	0.019	11.1	2543	2773	JAGXOA010000215	2	0.4025974025974026	0.05385996409335727	-1
Cas12f1_1_CAS-V-F	JAGXOA010000229_1	53	557	0.0042	13.2	3	161	JAGXOA010000229	1	0.5471698113207547	0.05026929982046679	-1
Cas12f1_1_CAS-V-F	JAGXOA010000235_17	105	557	0.00013	18.3	20605	20919	JAGXOA010000235	17	0.6190476190476191	0.12567324955116696	1
Cas12f1_1_CAS-V-F	JAGXOA010000245_22	88	557	0.0006	16.0	14384	14647	JAGXOA010000245	22	0.5227272727272727	0.10053859964093358	-1
Cas12f1_1_CAS-V-F	JAGXOA010000270_1	107	557	1.8e-10	37.6	2	322	JAGXOA010000270	1	0.8878504672897196	0.19210053859964094	1
Cas12f1_1_CAS-V-F	JAGXOA010000282_1	73	557	8.2e-10	35.4	2	220	JAGXOA010000282	1	0.8356164383561644	0.12746858168761221	-1
Cas12f1_2_CAS-V-F	JAGXOA010000011_2	403	429	6.3e-15	52.6	305	1513	JAGXOA010000011	2	0.8064516129032258	0.7902097902097902	1
Cas12f1_2_CAS-V-F	JAGXOA010000024_5	296	429	1.1e-07	28.7	4268	5155	JAGXOA010000024	5	0.6722972972972973	0.4568764568764569	1
Cas12f1_2_CAS-V-F	JAGXOA010000038_3	396	429	5.500000000000001e-28	95.6	1848	3035	JAGXOA010000038	3	0.5378787878787878	0.5011655011655012	-1
Cas12f1_2_CAS-V-F	JAGXOA010000075_12	141	429	4.1e-09	33.4	12934	13356	JAGXOA010000075	12	0.6453900709219859	0.21678321678321677	-1
Cas12f1_2_CAS-V-F	JAGXOA010000092_1	723	429	4.4e-18	63.0	205	2373	JAGXOA010000092	1	0.5504840940525588	0.9020979020979021	-1
Cas12f1_2_CAS-V-F	JAGXOA010000100_10	111	429	0.0073	12.8	7085	7417	JAGXOA010000100	10	0.5855855855855856	0.16083916083916083	-1
Cas12f1_2_CAS-V-F	JAGXOA010000218_7	173	429	0.001	15.6	5315	5833	JAGXOA010000218	7	0.5953757225433526	0.24475524475524477	-1
Cas12f1_2_CAS-V-F	JAGXOA010000245_22	88	429	0.0014	15.2	14384	14647	JAGXOA010000245	22	0.4772727272727273	0.10256410256410256	-1
Cas12f1_2_CAS-V-F	JAGXOA010000270_1	107	429	5e-17	59.5	2	322	JAGXOA010000270	1	0.7383177570093458	0.18181818181818182	1
Cas12f1_2_CAS-V-F	JAGXOA010000282_1	73	429	4.6e-10	36.6	2	220	JAGXOA010000282	1	0.863013698630137	0.15151515151515152	-1
Cas12f2_0_CAS-V-F	JAGXOA010000038_3	396	517	1e-17	61.4	1848	3035	JAGXOA010000038	3	0.7196969696969697	0.5667311411992263	-1
Cas12f2_0_CAS-V-F	JAGXOA010000075_12	141	517	6.1e-18	62.2	12934	13356	JAGXOA010000075	12	0.7588652482269503	0.20889748549323017	-1
Cas12f2_0_CAS-V-F	JAGXOA010000092_1	723	517	1.3e-08	31.4	205	2373	JAGXOA010000092	1	0.25311203319502074	0.3617021276595745	-1
Cas12f2_0_CAS-V-F	JAGXOA010000109_11	67	517	0.014	11.5	14514	14714	JAGXOA010000109	11	0.2537313432835821	0.03288201160541586	-1
Cas12f2_0_CAS-V-F	JAGXOA010000116_14	235	517	2.6e-07	27.1	14265	14969	JAGXOA010000116	14	0.9829787234042553	0.4758220502901354	1
Cas12f2_0_CAS-V-F	JAGXOA010000124_3	66	517	0.018	11.1	1718	1915	JAGXOA010000124	3	0.2727272727272727	0.03481624758220503	-1
Cas12f2_0_CAS-V-F	JAGXOA010000160_1	73	517	0.0029	13.8	2	220	JAGXOA010000160	1	0.3287671232876712	0.048355899419729204	1
Cas12f2_0_CAS-V-F	JAGXOA010000200_1	70	517	0.0037	13.4	2	211	JAGXOA010000200	1	0.32857142857142857	0.04642166344294004	1
Cas12f2_0_CAS-V-F	JAGXOA010000204_1	65	517	0.02	11.0	1	195	JAGXOA010000204	1	0.27692307692307694	0.03481624758220503	1
Cas12f2_0_CAS-V-F	JAGXOA010000215_2	77	517	0.0012	15.0	2543	2773	JAGXOA010000215	2	0.36363636363636365	0.05609284332688588	-1
Cas12f2_0_CAS-V-F	JAGXOA010000229_1	53	517	5.1e-05	19.6	3	161	JAGXOA010000229	1	0.6981132075471698	0.0735009671179884	-1
Cas12f2_0_CAS-V-F	JAGXOA010000241_19	65	517	0.024	10.7	18905	19099	JAGXOA010000241	19	0.27692307692307694	0.03481624758220503	-1
Cas12f2_0_CAS-V-F	JAGXOA010000245_22	88	517	1.6e-07	27.8	14384	14647	JAGXOA010000245	22	0.4772727272727273	0.08317214700193423	-1
Cas12f2_0_CAS-V-F	JAGXOA010000263_1	94	517	1.1e-05	21.8	1	282	JAGXOA010000263	1	0.3829787234042553	0.07156673114119923	1
Cas12f2_0_CAS-V-F	JAGXOA010000270_1	107	517	0.00016	17.9	2	322	JAGXOA010000270	1	0.45794392523364486	0.09864603481624758	1
Cas12f2_0_CAS-V-F	JAGXOA010000282_1	73	517	5.8e-14	49.1	2	220	JAGXOA010000282	1	0.8904109589041096	0.1276595744680851	-1
Cas12f2_1_CAS-V-F	JAGXOA010000011_2	403	422	4.7e-21	72.8	305	1513	JAGXOA010000011	2	0.6600496277915633	0.6635071090047393	1
Cas12f2_1_CAS-V-F	JAGXOA010000024_5	296	422	1e-15	55.3	4268	5155	JAGXOA010000024	5	0.7364864864864865	0.5213270142180095	1
Cas12f2_1_CAS-V-F	JAGXOA010000038_3	396	422	1.4e-37	127.3	1848	3035	JAGXOA010000038	3	0.851010101010101	0.8293838862559242	-1
Cas12f2_1_CAS-V-F	JAGXOA010000064_27	107	422	0.0014	15.3	29263	29583	JAGXOA010000064	27	0.5420560747663551	0.08056872037914692	-1
Cas12f2_1_CAS-V-F	JAGXOA010000075_12	141	422	1.2e-22	78.1	12934	13356	JAGXOA010000075	12	0.7801418439716312	0.26066350710900477	-1
Cas12f2_1_CAS-V-F	JAGXOA010000092_1	723	422	2.8e-16	57.1	205	2373	JAGXOA010000092	1	0.34854771784232363	0.4597156398104265	-1
Cas12f2_1_CAS-V-F	JAGXOA010000100_10	111	422	5.1e-05	20.0	7085	7417	JAGXOA010000100	10	0.5045045045045045	0.13981042654028436	-1
Cas12f2_1_CAS-V-F	JAGXOA010000109_11	67	422	0.0017	15.0	14514	14714	JAGXOA010000109	11	0.26865671641791045	0.04265402843601896	-1
Cas12f2_1_CAS-V-F	JAGXOA010000116_14	235	422	3e-12	43.8	14265	14969	JAGXOA010000116	14	0.9702127659574468	0.590047393364929	1
Cas12f2_1_CAS-V-F	JAGXOA010000124_3	66	422	0.029	10.9	1718	1915	JAGXOA010000124	3	0.25757575757575757	0.04028436018957346	-1
Cas12f2_1_CAS-V-F	JAGXOA010000125_23	41	422	0.0072	12.9	21918	22040	JAGXOA010000125	23	0.7317073170731707	0.06398104265402843	1
Cas12f2_1_CAS-V-F	JAGXOA010000160_1	73	422	0.0072	12.9	2	220	JAGXOA010000160	1	0.3150684931506849	0.05687203791469194	1
Cas12f2_1_CAS-V-F	JAGXOA010000200_1	70	422	0.0017	15.0	2	211	JAGXOA010000200	1	0.2571428571428571	0.045023696682464455	1
Cas12f2_1_CAS-V-F	JAGXOA010000204_1	65	422	0.019	11.6	1	195	JAGXOA010000204	1	0.27692307692307694	0.04265402843601896	1
Cas12f2_1_CAS-V-F	JAGXOA010000215_2	77	422	0.0011	15.6	2543	2773	JAGXOA010000215	2	0.37662337662337664	0.07109004739336493	-1
Cas12f2_1_CAS-V-F	JAGXOA010000224_2	48	422	0.0067	13.0	402	545	JAGXOA010000224	2	0.5833333333333334	0.06398104265402843	1
Cas12f2_1_CAS-V-F	JAGXOA010000229_1	53	422	0.00069	16.3	3	161	JAGXOA010000229	1	0.5471698113207547	0.07109004739336493	-1
Cas12f2_1_CAS-V-F	JAGXOA010000235_17	105	422	0.02	11.4	20605	20919	JAGXOA010000235	17	0.580952380952381	0.17298578199052134	1
Cas12f2_1_CAS-V-F	JAGXOA010000241_19	65	422	0.023	11.3	18905	19099	JAGXOA010000241	19	0.27692307692307694	0.04265402843601896	-1
Cas12f2_1_CAS-V-F	JAGXOA010000245_22	88	422	6.6e-09	32.8	14384	14647	JAGXOA010000245	22	0.4659090909090909	0.1018957345971564	-1
Cas12f2_1_CAS-V-F	JAGXOA010000263_1	94	422	2e-07	27.9	1	282	JAGXOA010000263	1	0.43617021276595747	0.1018957345971564	1
Cas12f2_1_CAS-V-F	JAGXOA010000270_1	107	422	4.8e-07	26.7	2	322	JAGXOA010000270	1	0.6261682242990654	0.16587677725118483	1
Cas12f2_1_CAS-V-F	JAGXOA010000279_14	207	422	0.037	10.6	15873	16493	JAGXOA010000279	14	0.4396135265700483	0.2132701421800948	1
Cas12f2_1_CAS-V-F	JAGXOA010000282_1	73	422	1.1e-17	61.8	2	220	JAGXOA010000282	1	0.8904109589041096	0.15876777251184834	-1
Cas12f2_2_CAS-V-F	JAGXOA010000011_2	403	493	0.007	12.5	305	1513	JAGXOA010000011	2	0.48883374689826303	0.5294117647058824	1
Cas12f2_2_CAS-V-F	JAGXOA010000024_5	296	493	1.8e-05	21.1	4268	5155	JAGXOA010000024	5	0.27702702702702703	0.1724137931034483	1
Cas12f2_2_CAS-V-F	JAGXOA010000038_3	396	493	6.2e-18	62.2	1848	3035	JAGXOA010000038	3	0.4065656565656566	0.3306288032454361	-1
Cas12f2_2_CAS-V-F	JAGXOA010000072_36	56	493	2.7	4.0	41907	42074	JAGXOA010000072	36	0.44642857142857145	0.058823529411764705	1
Cas12f2_2_CAS-V-F	JAGXOA010000075_12	141	493	1.9e-16	57.2	12934	13356	JAGXOA010000075	12	0.851063829787234	0.24746450304259635	-1
Cas12f2_2_CAS-V-F	JAGXOA010000092_1	723	493	2.9e-09	33.6	205	2373	JAGXOA010000092	1	0.11203319502074689	0.1724137931034483	-1
Cas12f2_2_CAS-V-F	JAGXOA010000100_10	111	493	0.00017	17.9	7085	7417	JAGXOA010000100	10	0.4594594594594595	0.10953346855983773	-1
Cas12f2_2_CAS-V-F	JAGXOA010000108_27	51	493	0.0014	14.8	27542	27694	JAGXOA010000108	27	0.8431372549019608	0.0872210953346856	1
Cas12f2_2_CAS-V-F	JAGXOA010000109_11	67	493	0.0011	15.2	14514	14714	JAGXOA010000109	11	0.29850746268656714	0.04259634888438134	-1
Cas12f2_2_CAS-V-F	JAGXOA010000116_14	235	493	5.9e-15	52.4	14265	14969	JAGXOA010000116	14	0.9744680851063829	0.5091277890466531	1
Cas12f2_2_CAS-V-F	JAGXOA010000124_3	66	493	0.0015	14.7	1718	1915	JAGXOA010000124	3	0.30303030303030304	0.04056795131845842	-1
Cas12f2_2_CAS-V-F	JAGXOA010000160_1	73	493	0.00065	15.9	2	220	JAGXOA010000160	1	0.3287671232876712	0.05070993914807302	1
Cas12f2_2_CAS-V-F	JAGXOA010000162_8	108	493	0.00019	17.7	5152	5475	JAGXOA010000162	8	0.7314814814814815	0.15618661257606492	1
Cas12f2_2_CAS-V-F	JAGXOA010000200_1	70	493	0.00056	16.1	2	211	JAGXOA010000200	1	0.32857142857142857	0.0486815415821501	1
Cas12f2_2_CAS-V-F	JAGXOA010000204_1	65	493	0.0031	13.7	1	195	JAGXOA010000204	1	0.27692307692307694	0.036511156186612576	1
Cas12f2_2_CAS-V-F	JAGXOA010000215_2	77	493	0.00046	16.4	2543	2773	JAGXOA010000215	2	0.3246753246753247	0.05273833671399594	-1
Cas12f2_2_CAS-V-F	JAGXOA010000229_1	53	493	0.00024	17.4	3	161	JAGXOA010000229	1	0.4716981132075472	0.05273833671399594	-1
Cas12f2_2_CAS-V-F	JAGXOA010000234_2	324	493	0.15	8.1	1516	2487	JAGXOA010000234	2	0.15432098765432098	0.058823529411764705	-1
Cas12f2_2_CAS-V-F	JAGXOA010000241_19	65	493	0.0019	14.4	18905	19099	JAGXOA010000241	19	0.3076923076923077	0.04056795131845842	-1
Cas12f2_2_CAS-V-F	JAGXOA010000245_22	88	493	3.6e-09	33.3	14384	14647	JAGXOA010000245	22	0.5681818181818182	0.10547667342799188	-1
Cas12f2_2_CAS-V-F	JAGXOA010000263_1	94	493	3.5e-06	23.4	1	282	JAGXOA010000263	1	0.4148936170212766	0.08316430020283976	1
Cas12f2_2_CAS-V-F	JAGXOA010000270_1	107	493	1.6e-06	24.5	2	322	JAGXOA010000270	1	0.3644859813084112	0.08519269776876268	1
Cas12f2_2_CAS-V-F	JAGXOA010000282_1	73	493	4.9e-13	46.0	2	220	JAGXOA010000282	1	0.8493150684931506	0.13184584178498987	-1
Cas12f3_0_CAS-V-F	JAGXOA010000038_3	396	496	1.8e-11	41.2	1848	3035	JAGXOA010000038	3	0.7196969696969697	0.5887096774193549	-1
Cas12f3_0_CAS-V-F	JAGXOA010000075_12	141	496	1.6e-09	34.7	12934	13356	JAGXOA010000075	12	0.8368794326241135	0.22580645161290322	-1
Cas12f3_0_CAS-V-F	JAGXOA010000108_27	51	496	0.0023	14.4	27542	27694	JAGXOA010000108	27	0.8627450980392157	0.09274193548387097	1
Cas12f3_0_CAS-V-F	JAGXOA010000116_14	235	496	1.1e-08	32.0	14265	14969	JAGXOA010000116	14	0.9276595744680851	0.41935483870967744	1
Cas12f3_0_CAS-V-F	JAGXOA010000245_22	88	496	0.0017	14.9	14384	14647	JAGXOA010000245	22	0.7727272727272727	0.11491935483870967	-1
Cas12f3_0_CAS-V-F	JAGXOA010000270_1	107	496	0.0044	13.5	2	322	JAGXOA010000270	1	0.5607476635514018	0.1028225806451613	1
Cas12f3_0_CAS-V-F	JAGXOA010000282_1	73	496	1.1e-07	28.7	2	220	JAGXOA010000282	1	0.8904109589041096	0.11088709677419355	-1
Cas12f7_0_CAS-V-F	JAGXOA010000038_3	396	566	0.00019	17.8	1848	3035	JAGXOA010000038	3	0.20959595959595959	0.14664310954063603	-1
Cas12g_0_CAS-V-G	JAGXOA010000282_1	73	771	0.0073	12.0	2	220	JAGXOA010000282	1	0.7397260273972602	0.08171206225680934	-1
Cas12j_0_V-J	JAGXOA010000038_3	396	758	6.9e-09	31.7	1848	3035	JAGXOA010000038	3	0.3333333333333333	0.17810026385224276	-1
Cas12j_0_V-J	JAGXOA010000092_1	723	758	0.00029	16.4	205	2373	JAGXOA010000092	1	0.35408022130013833	0.3469656992084433	-1
Cas12j_0_V-J	JAGXOA010000270_1	107	758	0.00019	17.0	2	322	JAGXOA010000270	1	0.616822429906542	0.09102902374670185	1
Cas12m_0_V-M	JAGXOA010000024_5	296	577	0.0008	15.4	4268	5155	JAGXOA010000024	5	0.22297297297297297	0.12131715771230503	1
Cas12m_0_V-M	JAGXOA010000038_3	396	577	5.6e-08	29.1	1848	3035	JAGXOA010000038	3	0.3409090909090909	0.23570190641247835	-1
Cas12m_0_V-M	JAGXOA010000055_8	410	577	0.019	10.9	5148	6377	JAGXOA010000055	8	0.0951219512195122	0.06759098786828423	1
Cas12m_0_V-M	JAGXOA010000064_27	107	577	0.1	8.5	29263	29583	JAGXOA010000064	27	0.4205607476635514	0.06932409012131716	-1
Cas12m_0_V-M	JAGXOA010000075_12	141	577	4.3e-09	32.8	12934	13356	JAGXOA010000075	12	0.7943262411347518	0.19410745233968804	-1
Cas12m_0_V-M	JAGXOA010000092_1	723	577	6.2e-05	19.1	205	2373	JAGXOA010000092	1	0.14661134163208853	0.19410745233968804	-1
Cas12m_0_V-M	JAGXOA010000100_10	111	577	0.015	11.3	7085	7417	JAGXOA010000100	10	0.4864864864864865	0.10051993067590988	-1
Cas12m_0_V-M	JAGXOA010000100_17	528	577	0.077	8.9	18740	20323	JAGXOA010000100	17	0.2518939393939394	0.25476603119584057	1
Cas12m_0_V-M	JAGXOA010000204_30	239	577	3.9	3.2	40369	41085	JAGXOA010000204	30	0.602510460251046	0.21490467937608318	-1
Cas12m_0_V-M	JAGXOA010000224_2	48	577	0.033	10.1	402	545	JAGXOA010000224	2	0.5625	0.04679376083188908	1
Cas12m_0_V-M	JAGXOA010000245_22	88	577	0.00044	16.3	14384	14647	JAGXOA010000245	22	0.4772727272727273	0.0779896013864818	-1
Cas12m_0_V-M	JAGXOA010000257_14	283	577	0.0072	12.3	19300	20148	JAGXOA010000257	14	0.5406360424028268	0.14558058925476602	1
Cas12m_0_V-M	JAGXOA010000263_1	94	577	0.0047	12.9	1	282	JAGXOA010000263	1	0.46808510638297873	0.08145580589254767	1
Cas12m_0_V-M	JAGXOA010000270_1	107	577	7.6e-05	18.8	2	322	JAGXOA010000270	1	0.5887850467289719	0.11611785095320624	1
Cas12m_0_V-M	JAGXOA010000279_14	207	577	0.029	10.3	15873	16493	JAGXOA010000279	14	0.13043478260869565	0.05545927209705372	1
Cas12m_0_V-M	JAGXOA010000282_1	73	577	2.2e-07	27.2	2	220	JAGXOA010000282	1	0.8767123287671232	0.11611785095320624	-1
Cas13c_0_VIC	JAGXOA010000055_4	206	1127	0.0074	11.4	2135	2752	JAGXOA010000055	4	0.5097087378640777	0.07542147293700088	-1
Cas1_0_I-II-III	JAGXOA010000245_12	299	327	0.002	14.7	8590	9486	JAGXOA010000245	12	0.29431438127090304	0.2691131498470948	-1
Cas2_0_CAS-I-II-III-IV-V-VI	JAGXOA010000204_55	298	90	4.3	5.4	68611	69504	JAGXOA010000204	55	0.40939597315436244	0.5	-1
Cas2_0_I-II-III-V	JAGXOA010000017_15	440	83	0.059	11.2	19725	21044	JAGXOA010000017	15	0.21136363636363636	0.4457831325301205	-1
Cas2_0_I-II-III-V	JAGXOA010000121_7	206	83	0.022	12.6	5585	6202	JAGXOA010000121	7	0.4029126213592233	0.5180722891566265	-1
Cas2_2_CAS-I-II-III-IV-V-VI	JAGXOA010000247_15	400	79	0.019	12.7	14336	15535	JAGXOA010000247	15	0.155	0.5569620253164557	-1
Cas3HD_0_CAS-I	JAGXOA010000230_14	179	203	0.00019	18.8	9544	10080	JAGXOA010000230	14	0.7430167597765364	0.6896551724137931	-1
Cas3HD_0_CAS-I	JAGXOA010000269_3	465	203	0.016	12.5	1962	3356	JAGXOA010000269	3	0.24946236559139784	0.5812807881773399	-1
Cas3HD_1_CAS-I	JAGXOA010000120_30	126	191	0.021	12.2	32346	32723	JAGXOA010000120	30	0.2619047619047619	0.17801047120418848	1
Cas3_0_CAS-I	JAGXOA010000006_4	333	353	0.00025	17.8	3593	4591	JAGXOA010000006	4	0.4924924924924925	0.36827195467422097	-1
Cas3_0_CAS-I	JAGXOA010000086_8	440	353	1.1e-08	32.1	5026	6345	JAGXOA010000086	8	0.44772727272727275	0.5240793201133145	-1
Cas3_0_CAS-I	JAGXOA010000156_6	394	353	3.4e-11	40.3	5035	6216	JAGXOA010000156	6	0.6040609137055838	0.6713881019830028	1
Cas3_0_CAS-I	JAGXOA010000176_20	768	353	3.1e-07	27.3	13147	15450	JAGXOA010000176	20	0.4114583333333333	0.8923512747875354	-1
Cas3_0_CAS-I	JAGXOA010000270_14	787	353	2.8e-08	30.7	13152	15512	JAGXOA010000270	14	0.25667090216010163	0.5779036827195467	-1
Cas3_0_CAS-I-D	JAGXOA010000156_6	394	626	5.7e-06	22.3	5035	6216	JAGXOA010000156	6	0.4796954314720812	0.305111821086262	1
Cas3_0_CAS-I-U	JAGXOA010000270_14	787	843	0.001	14.4	13152	15512	JAGXOA010000270	14	0.29860228716645487	0.28825622775800713	-1
Cas3_0_I	JAGXOA010000006_4	333	358	0.0027	14.3	3593	4591	JAGXOA010000006	4	0.4024024024024024	0.3770949720670391	-1
Cas3_0_I	JAGXOA010000086_8	440	358	8.9e-09	32.4	5026	6345	JAGXOA010000086	8	0.35454545454545455	0.4329608938547486	-1
Cas3_0_I	JAGXOA010000156_6	394	358	2e-10	37.8	5035	6216	JAGXOA010000156	6	0.5939086294416244	0.659217877094972	1
Cas3_0_I	JAGXOA010000176_20	768	358	2.3e-07	27.7	13147	15450	JAGXOA010000176	20	0.4088541666666667	0.888268156424581	-1
Cas3_0_I	JAGXOA010000270_14	787	358	1.2e-09	35.2	13152	15512	JAGXOA010000270	14	0.2846251588310038	0.6229050279329609	-1
Cas3_0_ID	JAGXOA010000086_8	440	357	0.0017	15.0	5026	6345	JAGXOA010000086	8	0.25681818181818183	0.3081232492997199	-1
Cas3_0_ID	JAGXOA010000169_18	890	357	0.0024	14.5	21854	24523	JAGXOA010000169	18	0.2449438202247191	0.5770308123249299	1
Cas3_0_ID	JAGXOA010000176_20	768	357	3.4e-06	23.9	13147	15450	JAGXOA010000176	20	0.3880208333333333	0.8571428571428571	-1
Cas3_0_IU	JAGXOA010000270_14	787	864	0.00019	17.0	13152	15512	JAGXOA010000270	14	0.21855146124523506	0.2048611111111111	-1
Cas3_1_CAS-I	JAGXOA010000182_13	243	745	0.0026	13.6	13518	14246	JAGXOA010000182	13	0.4773662551440329	0.5651006711409396	-1
Cas3_1_CAS-I	JAGXOA010000217_18	87	745	0.00072	15.5	16196	16456	JAGXOA010000217	18	0.4482758620689655	0.05771812080536913	1
Cas3_1_CAS-I-D	JAGXOA010000086_8	440	353	0.00074	16.2	5026	6345	JAGXOA010000086	8	0.2545454545454545	0.3087818696883853	-1
Cas3_1_CAS-I-D	JAGXOA010000156_6	394	353	0.0014	15.3	5035	6216	JAGXOA010000156	6	0.3730964467005076	0.3881019830028329	1
Cas3_1_CAS-I-D	JAGXOA010000169_18	890	353	0.0009	15.9	21854	24523	JAGXOA010000169	18	0.28651685393258425	0.6770538243626062	1
Cas3_1_CAS-I-D	JAGXOA010000176_20	768	353	2.5e-07	27.6	13147	15450	JAGXOA010000176	20	0.1328125	0.3314447592067989	-1
Cas3_1_I	JAGXOA010000230_14	179	178	0.0018	15.8	9544	10080	JAGXOA010000230	14	0.2122905027932961	0.23595505617977527	-1
Cas3_1_I	JAGXOA010000269_3	465	178	0.034	11.7	1962	3356	JAGXOA010000269	3	0.23440860215053763	0.5786516853932584	-1
Cas3_2_CAS-I	JAGXOA010000041_2	317	967	0.058	8.9	2976	3926	JAGXOA010000041	2	0.4353312302839117	0.140641158221303	-1
Cas3_2_CAS-I	JAGXOA010000176_20	768	967	1e-17	61.0	13147	15450	JAGXOA010000176	20	0.33203125	0.2595656670113754	-1
Cas3d_0_CAS-I-D	JAGXOA010000176_20	768	639	1.4e-07	27.8	13147	15450	JAGXOA010000176	20	0.24479166666666666	0.2863849765258216	-1
Cas5_0_CAS-I-B	JAGXOA010000075_9	224	221	0.011	12.7	8343	9014	JAGXOA010000075	9	0.13839285714285715	0.14027149321266968	1
Cas5_1_CAS-I	JAGXOA010000245_14	76	241	0.0037	14.4	9983	10210	JAGXOA010000245	14	0.6578947368421053	0.1991701244813278	-1
Cas5_9_CAS-I-B	JAGXOA010000008_11	209	190	0.012	12.7	12041	12667	JAGXOA010000008	11	0.3444976076555024	0.26842105263157895	-1
Cas5_9_CAS-I-B	JAGXOA010000217_5	163	190	0.021	12.0	2728	3216	JAGXOA010000217	5	0.5644171779141104	0.4263157894736842	-1
Cas6_0_CAS-I-II-III-IV-V-VI	JAGXOA010000038_7	51	194	0.021	12.7	6429	6581	JAGXOA010000038	7	0.7843137254901961	0.2268041237113402	1
Cas6_13_CAS-I-II-III-IV-V-VI	JAGXOA010000046_10	93	151	0.0096	13.8	9393	9671	JAGXOA010000046	10	0.8064516129032258	0.5033112582781457	-1
Cas6_3_CAS-I-II-III-IV-V-VI	JAGXOA010000046_10	93	240	0.00016	19.3	9393	9671	JAGXOA010000046	10	0.7634408602150538	0.29583333333333334	-1
Cas7_0_CAS-I	JAGXOA010000114_1	184	230	0.0065	13.2	82	633	JAGXOA010000114	1	0.32065217391304346	0.2608695652173913	-1
Cas7_2_CAS-I-B	JAGXOA010000175_2	214	295	0.012	12.4	1233	1874	JAGXOA010000175	2	0.22897196261682243	0.15593220338983052	1
Cas8a3_3_CAS-I-A	JAGXOA010000108_1	402	406	0.018	11.2	521	1726	JAGXOA010000108	1	0.29850746268656714	0.20935960591133004	1
Cas8b1_12_CAS-I-B	JAGXOA010000248_7	176	503	0.00067	15.9	7471	7998	JAGXOA010000248	7	0.35795454545454547	0.13916500994035785	-1
Cas8b1_3_CAS-I-B	JAGXOA010000224_15	176	594	0.028	10.6	10208	10735	JAGXOA010000224	15	0.4943181818181818	0.13973063973063973	1
Cas8b2_4_CAS-I-B	JAGXOA010000230_7	135	65	5.5	4.9	5098	5502	JAGXOA010000230	7	0.21481481481481482	0.3076923076923077	-1
Cas8b4_0_CAS-I-B	JAGXOA010000263_10	208	474	0.00048	16.2	5329	5952	JAGXOA010000263	10	0.39903846153846156	0.16455696202531644	1
Cas8b7_0_CAS-I-B	JAGXOA010000090_25	68	331	0.00058	16.6	26391	26594	JAGXOA010000090	25	0.8676470588235294	0.1933534743202417	-1
Cas9_0_II-C2	JAGXOA010000072_32	383	967	0.012	11.2	34339	35487	JAGXOA010000072	32	0.1566579634464752	0.05894519131334023	-1
Cas9_1_CAS-II-C	JAGXOA010000119_13	47	568	0.15	8.3	6881	7021	JAGXOA010000119	13	0.8297872340425532	0.06514084507042253	-1
CasR_0_CAS-I-II-III-IV-V-VI	JAGXOA010000015_4	290	198	1.7e-09	35.1	2041	2910	JAGXOA010000015	4	0.3758620689655172	0.35858585858585856	-1
CasR_0_CAS-I-II-III-IV-V-VI	JAGXOA010000017_11	755	198	2.1e-06	25.0	13366	15630	JAGXOA010000017	11	0.22119205298013245	0.5050505050505051	1
CasR_0_CAS-I-II-III-IV-V-VI	JAGXOA010000054_2	142	198	0.0022	15.1	2948	3373	JAGXOA010000054	2	0.47183098591549294	0.3383838383838384	-1
CasR_0_CAS-I-II-III-IV-V-VI	JAGXOA010000063_19	423	198	9.3e-06	22.9	15344	16612	JAGXOA010000063	19	0.24822695035460993	0.30808080808080807	1
CasR_0_CAS-I-II-III-IV-V-VI	JAGXOA010000064_24	60	198	0.0035	14.5	27127	27306	JAGXOA010000064	24	0.7333333333333333	0.22727272727272727	-1
CasR_0_CAS-I-II-III-IV-V-VI	JAGXOA010000065_25	252	198	0.0015	15.6	27011	27766	JAGXOA010000065	25	0.25	0.18686868686868688	-1
CasR_0_CAS-I-II-III-IV-V-VI	JAGXOA010000078_2	135	198	0.00027	18.1	1959	2363	JAGXOA010000078	2	0.5037037037037037	0.3434343434343434	-1
CasR_0_CAS-I-II-III-IV-V-VI	JAGXOA010000082_1	129	198	1.1e-06	26.0	2	388	JAGXOA010000082	1	0.6744186046511628	0.29292929292929293	1
CasR_0_CAS-I-II-III-IV-V-VI	JAGXOA010000093_3	194	198	0.012	12.8	886	1467	JAGXOA010000093	3	0.27319587628865977	0.2676767676767677	1
CasR_0_CAS-I-II-III-IV-V-VI	JAGXOA010000093_4	179	198	5.7e-05	20.3	1509	2045	JAGXOA010000093	4	0.4748603351955307	0.41919191919191917	-1
CasR_0_CAS-I-II-III-IV-V-VI	JAGXOA010000093_7	169	198	0.00026	18.2	4300	4806	JAGXOA010000093	7	0.2958579881656805	0.25252525252525254	-1
CasR_0_CAS-I-II-III-IV-V-VI	JAGXOA010000093_8	131	198	2.8e-06	24.6	5042	5434	JAGXOA010000093	8	0.816793893129771	0.5808080808080808	1
CasR_0_CAS-I-II-III-IV-V-VI	JAGXOA010000102_2	743	198	0.00055	17.1	512	2740	JAGXOA010000102	2	0.11440107671601615	0.2878787878787879	-1
CasR_0_CAS-I-II-III-IV-V-VI	JAGXOA010000110_2	698	198	2.6e-05	21.4	889	2982	JAGXOA010000110	2	0.08882521489971347	0.3181818181818182	1
CasR_0_CAS-I-II-III-IV-V-VI	JAGXOA010000121_6	116	198	2.4e-06	24.8	5099	5446	JAGXOA010000121	6	0.47413793103448276	0.2777777777777778	-1
CasR_0_CAS-I-II-III-IV-V-VI	JAGXOA010000132_7	108	198	0.00055	17.1	5971	6294	JAGXOA010000132	7	0.5185185185185185	0.2878787878787879	-1
CasR_0_CAS-I-II-III-IV-V-VI	JAGXOA010000141_35	134	198	4.3e-06	24.0	34741	35142	JAGXOA010000141	35	0.417910447761194	0.2828282828282828	-1
CasR_0_CAS-I-II-III-IV-V-VI	JAGXOA010000146_26	161	198	1.5e-09	35.2	29475	29957	JAGXOA010000146	26	0.2981366459627329	0.24242424242424243	-1
CasR_0_CAS-I-II-III-IV-V-VI	JAGXOA010000147_2	256	198	0.018	12.2	408	1175	JAGXOA010000147	2	0.27734375	0.3484848484848485	1
CasR_0_CAS-I-II-III-IV-V-VI	JAGXOA010000151_1	577	198	0.0028	14.8	3	1733	JAGXOA010000151	1	0.1733102253032929	0.5050505050505051	-1
CasR_0_CAS-I-II-III-IV-V-VI	JAGXOA010000182_6	118	198	4.9e-05	20.5	4877	5230	JAGXOA010000182	6	0.3559322033898305	0.21212121212121213	-1
CasR_0_CAS-I-II-III-IV-V-VI	JAGXOA010000188_2	290	198	4.3e-12	43.6	1281	2150	JAGXOA010000188	2	0.4379310344827586	0.3484848484848485	1
CasR_0_CAS-I-II-III-IV-V-VI	JAGXOA010000188_8	237	198	4.3e-09	33.8	7168	7878	JAGXOA010000188	8	0.5189873417721519	0.4898989898989899	1
CasR_0_CAS-I-II-III-IV-V-VI	JAGXOA010000192_1	140	198	8.3e-08	29.6	409	828	JAGXOA010000192	1	0.42142857142857143	0.29797979797979796	1
CasR_0_CAS-I-II-III-IV-V-VI	JAGXOA010000195_13	85	198	0.0055	13.8	11050	11304	JAGXOA010000195	13	0.6588235294117647	0.2777777777777778	1
CasR_0_CAS-I-II-III-IV-V-VI	JAGXOA010000196_3	97	198	0.002	15.3	1649	1939	JAGXOA010000196	3	0.5567010309278351	0.2676767676767677	1
CasR_0_CAS-I-II-III-IV-V-VI	JAGXOA010000201_9	266	198	0.0018	15.4	8818	9615	JAGXOA010000201	9	0.24436090225563908	0.3181818181818182	-1
CasR_0_CAS-I-II-III-IV-V-VI	JAGXOA010000202_29	740	198	3.8e-07	27.4	27878	30097	JAGXOA010000202	29	0.18783783783783783	0.4494949494949495	-1
CasR_0_CAS-I-II-III-IV-V-VI	JAGXOA010000214_1	266	198	0.0016	15.6	371	1168	JAGXOA010000214	1	0.39097744360902253	0.5202020202020202	1
CasR_0_CAS-I-II-III-IV-V-VI	JAGXOA010000223_11	125	198	0.00072	16.7	8756	9130	JAGXOA010000223	11	0.296	0.18686868686868688	1
CasR_0_CAS-I-II-III-IV-V-VI	JAGXOA010000227_2	223	198	5.3e-07	26.9	972	1640	JAGXOA010000227	2	0.5381165919282511	0.4696969696969697	1
CasR_0_CAS-I-II-III-IV-V-VI	JAGXOA010000235_1	419	198	1.4e-07	28.8	171	1427	JAGXOA010000235	1	0.14081145584725538	0.30303030303030304	-1
CasR_0_CAS-I-II-III-IV-V-VI	JAGXOA010000235_11	245	198	0.005	14.0	16082	16816	JAGXOA010000235	11	0.18775510204081633	0.24242424242424243	-1
CasR_0_CAS-I-II-III-IV-V-VI	JAGXOA010000245_2	318	198	2.4e-05	21.6	350	1303	JAGXOA010000245	2	0.3081761006289308	0.398989898989899	-1
CasR_0_CAS-I-II-III-IV-V-VI	JAGXOA010000266_4	297	198	6.4e-08	29.9	4002	4892	JAGXOA010000266	4	0.6767676767676768	0.3838383838383838	-1
CasR_0_CAS-III-B	JAGXOA010000223_3	194	480	7.8e-05	19.0	2603	3184	JAGXOA010000223	3	0.4948453608247423	0.20833333333333334	1
CasR_0_CAS-III-B-III-D	JAGXOA010000028_3	141	255	5.5	3.9	3588	4010	JAGXOA010000028	3	0.5673758865248227	0.23137254901960785	1
CasR_0_CAS-III-B-III-D	JAGXOA010000065_36	350	255	4.7	4.1	35234	36283	JAGXOA010000065	36	0.26571428571428574	0.2784313725490196	1
CasR_0_CAS-III-B-III-D	JAGXOA010000072_16	597	255	6.8	3.6	18152	19942	JAGXOA010000072	16	0.21273031825795644	0.40784313725490196	-1
CasR_0_CAS-III-B-III-D	JAGXOA010000246_5	137	255	1.1	6.2	5050	5460	JAGXOA010000246	5	0.5255474452554745	0.17647058823529413	1
CasR_0_CAS-III-B-III-D	JAGXOA010000268_9	354	255	9.9	3.1	9757	10818	JAGXOA010000268	9	0.3531073446327684	0.26666666666666666	-1
CasR_0_CAS-III-B-III-D	JAGXOA010000273_2	308	255	2.3	5.1	573	1496	JAGXOA010000273	2	0.39935064935064934	0.3058823529411765	1
CasR_1_CAS-I-II-III-IV-V-VI	JAGXOA010000015_4	290	218	6.8e-10	36.0	2041	2910	JAGXOA010000015	4	0.39655172413793105	0.3440366972477064	-1
CasR_1_CAS-I-II-III-IV-V-VI	JAGXOA010000017_11	755	218	7.6e-07	26.0	13366	15630	JAGXOA010000017	11	0.2119205298013245	0.44036697247706424	1
CasR_1_CAS-I-II-III-IV-V-VI	JAGXOA010000037_9	106	218	0.0038	13.9	6661	6978	JAGXOA010000037	9	0.6037735849056604	0.2889908256880734	1
CasR_1_CAS-I-II-III-IV-V-VI	JAGXOA010000045_3	216	218	8.5e-05	19.3	1505	2152	JAGXOA010000045	3	0.3287037037037037	0.3348623853211009	-1
CasR_1_CAS-I-II-III-IV-V-VI	JAGXOA010000054_2	142	218	0.00018	18.2	2948	3373	JAGXOA010000054	2	0.49295774647887325	0.23853211009174313	-1
CasR_1_CAS-I-II-III-IV-V-VI	JAGXOA010000063_19	423	218	6.7e-07	26.2	15344	16612	JAGXOA010000063	19	0.4397163120567376	0.6376146788990825	1
CasR_1_CAS-I-II-III-IV-V-VI	JAGXOA010000064_24	60	218	0.0028	14.4	27127	27306	JAGXOA010000064	24	0.7333333333333333	0.20642201834862386	-1
CasR_1_CAS-I-II-III-IV-V-VI	JAGXOA010000065_25	252	218	0.0011	15.6	27011	27766	JAGXOA010000065	25	0.13095238095238096	0.15137614678899083	-1
CasR_1_CAS-I-II-III-IV-V-VI	JAGXOA010000078_2	135	218	1.4e-05	21.9	1959	2363	JAGXOA010000078	2	0.48148148148148145	0.30275229357798167	-1
CasR_1_CAS-I-II-III-IV-V-VI	JAGXOA010000082_1	129	218	9.4e-06	22.4	2	388	JAGXOA010000082	1	0.6821705426356589	0.26605504587155965	1
CasR_1_CAS-I-II-III-IV-V-VI	JAGXOA010000084_1	92	218	0.00022	17.9	207	482	JAGXOA010000084	1	0.6847826086956522	0.22935779816513763	1
CasR_1_CAS-I-II-III-IV-V-VI	JAGXOA010000093_3	194	218	8.6e-05	19.3	886	1467	JAGXOA010000093	3	0.3402061855670103	0.2981651376146789	1
CasR_1_CAS-I-II-III-IV-V-VI	JAGXOA010000093_4	179	218	2.3e-07	27.7	1509	2045	JAGXOA010000093	4	0.4301675977653631	0.3623853211009174	-1
CasR_1_CAS-I-II-III-IV-V-VI	JAGXOA010000093_7	169	218	3.5e-07	27.1	4300	4806	JAGXOA010000093	7	0.3905325443786982	0.3119266055045872	-1
CasR_1_CAS-I-II-III-IV-V-VI	JAGXOA010000093_8	131	218	1.9e-06	24.7	5042	5434	JAGXOA010000093	8	0.8396946564885496	0.5091743119266054	1
CasR_1_CAS-I-II-III-IV-V-VI	JAGXOA010000099_3	113	218	0.0022	14.7	2031	2369	JAGXOA010000099	3	0.7876106194690266	0.463302752293578	1
CasR_1_CAS-I-II-III-IV-V-VI	JAGXOA010000102_2	743	218	0.00086	16.0	512	2740	JAGXOA010000102	2	0.11843876177658143	0.25688073394495414	-1
CasR_1_CAS-I-II-III-IV-V-VI	JAGXOA010000103_4	296	218	0.0023	14.6	2682	3569	JAGXOA010000103	4	0.15202702702702703	0.21100917431192662	-1
CasR_1_CAS-I-II-III-IV-V-VI	JAGXOA010000110_2	698	218	2.8e-05	20.9	889	2982	JAGXOA010000110	2	0.23065902578796563	0.4954128440366973	1
CasR_1_CAS-I-II-III-IV-V-VI	JAGXOA010000121_6	116	218	6.1e-06	23.1	5099	5446	JAGXOA010000121	6	0.46551724137931033	0.24770642201834864	-1
CasR_1_CAS-I-II-III-IV-V-VI	JAGXOA010000132_7	108	218	8.2e-05	19.4	5971	6294	JAGXOA010000132	7	0.6203703703703703	0.30275229357798167	-1
CasR_1_CAS-I-II-III-IV-V-VI	JAGXOA010000141_35	134	218	6.5e-08	29.5	34741	35142	JAGXOA010000141	35	0.5522388059701493	0.3348623853211009	-1
CasR_1_CAS-I-II-III-IV-V-VI	JAGXOA010000146_26	161	218	2.5e-11	40.7	29475	29957	JAGXOA010000146	26	0.3105590062111801	0.22935779816513763	-1
CasR_1_CAS-I-II-III-IV-V-VI	JAGXOA010000182_6	118	218	1.2e-05	22.1	4877	5230	JAGXOA010000182	6	0.3898305084745763	0.21100917431192662	-1
CasR_1_CAS-I-II-III-IV-V-VI	JAGXOA010000188_2	290	218	1.2e-11	41.7	1281	2150	JAGXOA010000188	2	0.3931034482758621	0.3256880733944954	1
CasR_1_CAS-I-II-III-IV-V-VI	JAGXOA010000188_8	237	218	1.6e-11	41.3	7168	7878	JAGXOA010000188	8	0.4978902953586498	0.5642201834862385	1
CasR_1_CAS-I-II-III-IV-V-VI	JAGXOA010000192_1	140	218	3.6e-08	30.3	409	828	JAGXOA010000192	1	0.4785714285714286	0.3073394495412844	1
CasR_1_CAS-I-II-III-IV-V-VI	JAGXOA010000196_3	97	218	0.00025	17.8	1649	1939	JAGXOA010000196	3	0.5154639175257731	0.22935779816513763	1
CasR_1_CAS-I-II-III-IV-V-VI	JAGXOA010000201_9	266	218	0.00044	17.0	8818	9615	JAGXOA010000201	9	0.24436090225563908	0.2889908256880734	-1
CasR_1_CAS-I-II-III-IV-V-VI	JAGXOA010000202_29	740	218	1.5e-07	28.4	27878	30097	JAGXOA010000202	29	0.22297297297297297	0.555045871559633	-1
CasR_1_CAS-I-II-III-IV-V-VI	JAGXOA010000214_10	253	218	0.014	12.1	8783	9541	JAGXOA010000214	10	0.2490118577075099	0.2889908256880734	-1
CasR_1_CAS-I-II-III-IV-V-VI	JAGXOA010000223_11	125	218	1.5e-05	21.8	8756	9130	JAGXOA010000223	11	0.368	0.21100917431192662	1
CasR_1_CAS-I-II-III-IV-V-VI	JAGXOA010000227_2	223	218	1.1e-06	25.6	972	1640	JAGXOA010000227	2	0.49327354260089684	0.30275229357798167	1
CasR_1_CAS-I-II-III-IV-V-VI	JAGXOA010000235_1	419	218	6.6e-08	29.5	171	1427	JAGXOA010000235	1	0.25059665871121717	0.26605504587155965	-1
CasR_1_CAS-I-II-III-IV-V-VI	JAGXOA010000238_10	471	218	0.0082	12.8	12506	13918	JAGXOA010000238	10	0.15074309978768577	0.3348623853211009	1
CasR_1_CAS-I-II-III-IV-V-VI	JAGXOA010000245_2	318	218	7.4e-07	26.0	350	1303	JAGXOA010000245	2	0.5817610062893082	0.5458715596330275	-1
CasR_1_CAS-I-II-III-IV-V-VI	JAGXOA010000266_4	297	218	5.8e-06	23.1	4002	4892	JAGXOA010000266	4	0.67003367003367	0.3348623853211009	-1
CasR_1_CAS-III-B	JAGXOA010000008_1	244	173	0.021	12.2	267	998	JAGXOA010000008	1	0.28688524590163933	0.41040462427745666	1
Cmr3gr5_3_CAS-III-B-III-C	JAGXOA010000262_2	240	329	0.008	13.0	798	1517	JAGXOA010000262	2	0.13333333333333333	0.0972644376899696	1
Cmr5_0_IIIC	JAGXOA010000222_8	1105	129	0.017	12.9	7667	10981	JAGXOA010000222	8	0.04524886877828054	0.35658914728682173	1
Cmr5gr11_0_CAS-III-C	JAGXOA010000222_8	1105	127	0.0038	15.1	7667	10981	JAGXOA010000222	8	0.05339366515837104	0.3937007874015748	1
Cmr5gr11_14_CAS-III-B	JAGXOA010000072_40	448	118	0.52	8.2	46110	47453	JAGXOA010000072	40	0.11160714285714286	0.423728813559322	1
Cmr5gr11_1_CAS-III-C	JAGXOA010000100_25	141	180	6.9	4.0	32727	33149	JAGXOA010000100	25	0.900709219858156	0.4888888888888889	1
Cmr5gr11_1_CAS-III-C	JAGXOA010000176_18	70	180	0.031	11.6	11951	12160	JAGXOA010000176	18	0.8142857142857143	0.3111111111111111	-1
Cmr6gr7_2_CAS-III-B-III-C	JAGXOA010000055_10	206	262	0.048	10.8	7032	7649	JAGXOA010000055	10	0.41262135922330095	0.33587786259541985	-1
CorA_0_CAS-III-B-III-D	JAGXOA010000053_16	363	551	5.6e-06	22.8	15363	16451	JAGXOA010000053	16	0.18732782369146006	0.12159709618874773	1
CorA_0_CAS-III-B-III-D	JAGXOA010000115_3	363	551	9.5e-06	22.1	1064	2152	JAGXOA010000115	3	0.17079889807162535	0.11796733212341198	-1
CorA_0_CAS-III-B-III-D	JAGXOA010000256_4	364	551	1.4e-05	21.6	2712	3803	JAGXOA010000256	4	0.17307692307692307	0.11252268602540835	1
CorA_1_CAS-III-B	JAGXOA010000028_6	74	125	0.021	12.2	6473	6694	JAGXOA010000028	6	0.5405405405405406	0.328	1
CorA_1_CAS-III-B	JAGXOA010000134_5	187	125	0.5	7.8	2962	3522	JAGXOA010000134	5	0.6363636363636364	0.584	-1
CorA_1_CAS-III-B	JAGXOA010000176_18	70	125	0.002	15.6	11951	12160	JAGXOA010000176	18	0.7714285714285715	0.44	-1
CorA_1_CAS-III-B	JAGXOA010000214_21	66	125	0.0086	13.5	20022	20219	JAGXOA010000214	21	0.5454545454545454	0.296	-1
CorA_1_CAS-III-B	JAGXOA010000245_13	139	125	1.9	5.9	9542	9958	JAGXOA010000245	13	0.5251798561151079	0.448	-1
Csa3_1_CAS-I-II-III-IV-V-VI	JAGXOA010000003_5	637	118	0.00018	19.4	3988	5898	JAGXOA010000003	5	0.13343799058084774	0.6779661016949152	1
Csa3_1_CAS-I-II-III-IV-V-VI	JAGXOA010000017_11	755	118	2.9e-07	28.4	13366	15630	JAGXOA010000017	11	0.15364238410596026	0.6864406779661016	1
Csa3_1_CAS-I-II-III-IV-V-VI	JAGXOA010000039_4	467	118	6.6e-08	30.5	6856	8256	JAGXOA010000039	4	0.15845824411134904	0.6864406779661016	-1
Csa3_1_CAS-I-II-III-IV-V-VI	JAGXOA010000045_3	216	118	0.00022	19.1	1505	2152	JAGXOA010000045	3	0.35648148148148145	0.5677966101694916	-1
Csa3_1_CAS-I-II-III-IV-V-VI	JAGXOA010000051_6	118	118	0.0013	16.6	3891	4244	JAGXOA010000051	6	0.7542372881355932	0.5932203389830508	1
Csa3_1_CAS-I-II-III-IV-V-VI	JAGXOA010000063_16	153	118	0.0003	18.7	11396	11854	JAGXOA010000063	16	0.5686274509803921	0.5847457627118644	1
Csa3_1_CAS-I-II-III-IV-V-VI	JAGXOA010000063_19	423	118	0.00016	19.5	15344	16612	JAGXOA010000063	19	0.17257683215130024	0.4067796610169492	1
Csa3_1_CAS-I-II-III-IV-V-VI	JAGXOA010000077_4	100	118	1.9e-05	22.5	2135	2434	JAGXOA010000077	4	0.83	0.7033898305084746	-1
Csa3_1_CAS-I-II-III-IV-V-VI	JAGXOA010000078_2	135	118	8.8e-14	49.4	1959	2363	JAGXOA010000078	2	0.562962962962963	0.7203389830508474	-1
Csa3_1_CAS-I-II-III-IV-V-VI	JAGXOA010000093_4	179	118	0.00082	17.3	1509	2045	JAGXOA010000093	4	0.22905027932960895	0.3983050847457627	-1
Csa3_1_CAS-I-II-III-IV-V-VI	JAGXOA010000093_8	131	118	3e-09	34.8	5042	5434	JAGXOA010000093	8	0.7099236641221374	0.6864406779661016	1
Csa3_1_CAS-I-II-III-IV-V-VI	JAGXOA010000098_4	100	118	0.00011	20.0	2316	2615	JAGXOA010000098	4	0.83	0.7033898305084746	1
Csa3_1_CAS-I-II-III-IV-V-VI	JAGXOA010000121_6	116	118	1.6e-08	32.5	5099	5446	JAGXOA010000121	6	0.853448275862069	0.8050847457627118	-1
Csa3_1_CAS-I-II-III-IV-V-VI	JAGXOA010000125_12	86	118	0.00024	19.0	10075	10332	JAGXOA010000125	12	0.8255813953488372	0.6864406779661016	-1
Csa3_1_CAS-I-II-III-IV-V-VI	JAGXOA010000127_2	114	118	0.0067	14.3	919	1260	JAGXOA010000127	2	0.8245614035087719	0.7966101694915254	1
Csa3_1_CAS-I-II-III-IV-V-VI	JAGXOA010000132_7	108	118	4.5e-12	43.9	5971	6294	JAGXOA010000132	7	0.6296296296296297	0.6440677966101694	-1
Csa3_1_CAS-I-II-III-IV-V-VI	JAGXOA010000141_35	134	118	1.2e-11	42.5	34741	35142	JAGXOA010000141	35	0.5597014925373134	0.711864406779661	-1
Csa3_1_CAS-I-II-III-IV-V-VI	JAGXOA010000147_2	256	118	4.1e-07	27.9	408	1175	JAGXOA010000147	2	0.29296875	0.6610169491525424	1
Csa3_1_CAS-I-II-III-IV-V-VI	JAGXOA010000151_1	577	118	0.00015	19.7	3	1733	JAGXOA010000151	1	0.22357019064124783	0.711864406779661	-1
Csa3_1_CAS-I-II-III-IV-V-VI	JAGXOA010000175_3	296	118	0.025	12.5	1912	2799	JAGXOA010000175	3	0.16554054054054054	0.3559322033898305	1
Csa3_1_CAS-I-II-III-IV-V-VI	JAGXOA010000182_6	118	118	1.5e-14	51.9	4877	5230	JAGXOA010000182	6	0.711864406779661	0.7627118644067796	-1
Csa3_1_CAS-I-II-III-IV-V-VI	JAGXOA010000188_8	237	118	0.00068	17.5	7168	7878	JAGXOA010000188	8	0.16033755274261605	0.3474576271186441	1
Csa3_1_CAS-I-II-III-IV-V-VI	JAGXOA010000192_1	140	118	0.0012	16.8	409	828	JAGXOA010000192	1	0.6	0.6101694915254238	1
Csa3_1_CAS-I-II-III-IV-V-VI	JAGXOA010000196_3	97	118	0.00015	19.7	1649	1939	JAGXOA010000196	3	0.6804123711340206	0.5932203389830508	1
Csa3_1_CAS-I-II-III-IV-V-VI	JAGXOA010000202_29	740	118	3e-08	31.6	27878	30097	JAGXOA010000202	29	0.15945945945945947	0.5932203389830508	-1
Csa3_1_CAS-I-II-III-IV-V-VI	JAGXOA010000219_8	360	118	0.043	11.7	9901	10980	JAGXOA010000219	8	0.2361111111111111	0.635593220338983	1
Csa3_1_CAS-I-II-III-IV-V-VI	JAGXOA010000235_1	419	118	4.6e-05	21.3	171	1427	JAGXOA010000235	1	0.1288782816229117	0.3644067796610169	-1
Csa3_1_CAS-I-II-III-IV-V-VI	JAGXOA010000238_10	471	118	1.7e-07	29.1	12506	13918	JAGXOA010000238	10	0.13588110403397027	0.6016949152542372	1
Csa3_1_CAS-I-II-III-IV-V-VI	JAGXOA010000243_23	470	118	1.6e-10	38.9	24781	26190	JAGXOA010000243	23	0.1595744680851064	0.635593220338983	-1
Csa3_1_CAS-I-II-III-IV-V-VI	JAGXOA010000245_2	318	118	0.00023	19.1	350	1303	JAGXOA010000245	2	0.24213836477987422	0.4067796610169492	-1
Csa3_1_CAS-I-II-III-IV-V-VI	JAGXOA010000266_4	297	118	0.0034	15.3	4002	4892	JAGXOA010000266	4	0.4276094276094276	0.4830508474576271	-1
Csa5gr11_0_CAS-I-A	JAGXOA010000090_23	87	135	0.0014	16.1	25428	25688	JAGXOA010000090	23	0.6781609195402298	0.4222222222222222	-1
Csa5gr11_10_CAS-I-A	JAGXOA010000198_11	185	106	0.014	13.2	13490	14044	JAGXOA010000198	11	0.2864864864864865	0.4811320754716981	1
Csa5gr11_5_CAS-I-A	JAGXOA010000026_10	135	127	0.057	11.1	8551	8955	JAGXOA010000026	10	0.48148148148148145	0.5196850393700787	1
Csa5gr11_5_CAS-I-A	JAGXOA010000168_11	331	127	0.017	12.9	10956	11948	JAGXOA010000168	11	0.21148036253776434	0.5826771653543307	1
Csa5gr11_7_CAS-I-A	JAGXOA010000178_4	228	125	0.0091	13.8	3241	3924	JAGXOA010000178	4	0.40350877192982454	0.712	-1
Csa5gr11_8_CAS-I-A	JAGXOA010000235_15	382	109	0.013	13.0	18901	20046	JAGXOA010000235	15	0.17277486910994763	0.5963302752293578	1
Csb3_0_CAS-I-U	JAGXOA010000243_24	101	341	0.0042	13.9	26251	26553	JAGXOA010000243	24	0.7920792079207921	0.2404692082111437	-1
Csf1_0_IV	JAGXOA010000083_14	193	227	0.062	10.3	11241	11819	JAGXOA010000083	14	0.44041450777202074	0.2555066079295154	1
Csf1_0_IV	JAGXOA010000117_7	90	227	0.00071	16.7	6433	6702	JAGXOA010000117	7	0.8555555555555555	0.30837004405286345	1
Csf1_0_IV	JAGXOA010000157_7	133	227	0.12	9.4	5998	6396	JAGXOA010000157	7	0.5263157894736842	0.2290748898678414	-1
Csf1_0_IV	JAGXOA010000212_4	260	227	0.064	10.3	3179	3958	JAGXOA010000212	4	0.27307692307692305	0.33480176211453744	-1
Csf1_2_IVA3	JAGXOA010000033_27	490	267	0.0046	13.8	28644	30113	JAGXOA010000033	27	0.13673469387755102	0.23595505617977527	1
Csf1_2_IVA3	JAGXOA010000146_10	333	267	0.34	7.7	8221	9219	JAGXOA010000146	10	0.4114114114114114	0.1797752808988764	-1
Csf4_0_IVA	JAGXOA010000120_31	553	666	6.8e-06	22.4	32733	34391	JAGXOA010000120	31	0.25316455696202533	0.22522522522522523	-1
Csf4_0_IVA	JAGXOA010000156_6	394	666	0.0096	12.0	5035	6216	JAGXOA010000156	6	0.116751269035533	0.06906906906906907	1
Csf4_0_IVA	JAGXOA010000181_1	548	666	0.0022	14.1	1	1644	JAGXOA010000181	1	0.25364963503649635	0.20270270270270271	1
Csf4_1_IVA1	JAGXOA010000181_1	548	802	0.0002	17.2	1	1644	JAGXOA010000181	1	0.2062043795620438	0.13092269326683292	1
Csf4_3_IVE	JAGXOA010000120_31	553	648	6.7e-08	29.1	32733	34391	JAGXOA010000120	31	0.5895117540687161	0.48919753086419754	-1
Csm2_1_IIIA	JAGXOA010000106_12	151	139	0.019	12.7	8709	9161	JAGXOA010000106	12	0.7284768211920529	0.5971223021582733	-1
Csm2gr11_1_CAS-III-A	JAGXOA010000156_27	212	192	7.7e-05	20.2	27058	27693	JAGXOA010000156	27	0.38207547169811323	0.4010416666666667	1
Csm2gr11_2_CAS-III-D	JAGXOA010000017_5	623	145	0.014	13.1	3703	5571	JAGXOA010000017	5	0.18138041733547353	0.5448275862068965	1
Csm2gr11_7_CAS-III-A	JAGXOA010000033_2	250	110	0.018	13.5	1405	2154	JAGXOA010000033	2	0.4	0.5272727272727272	1
Csm3_1_IIIAD	JAGXOA010000260_16	176	189	0.04	11.6	13641	14168	JAGXOA010000260	16	0.7840909090909091	0.5873015873015873	1
Csm3gr7_4_CAS-III-A-III-D	JAGXOA010000192_28	386	640	0.027	10.9	31208	32365	JAGXOA010000192	28	0.23575129533678757	0.1328125	-1
Csm3gr7_8_CAS-III-A-III-D	JAGXOA010000017_26	457	256	0.00013	19.0	32829	34199	JAGXOA010000017	26	0.23194748358862144	0.43359375	1
Csm4gr5_0_CAS-III-D	JAGXOA010000248_14	200	652	0.017	10.8	13898	14497	JAGXOA010000248	14	0.46	0.13957055214723926	1
Csm6_0_IIIA	JAGXOA010000116_13	141	362	0.0046	13.4	13853	14275	JAGXOA010000116	13	0.46808510638297873	0.17679558011049723	1
Csn2_10_CAS-II-A	JAGXOA010000046_9	260	321	0.0052	13.5	8531	9310	JAGXOA010000046	9	0.2923076923076923	0.2367601246105919	1
Csn2_7_CAS-II-A	JAGXOA010000065_38	247	372	0.0014	15.2	37124	37864	JAGXOA010000065	38	0.6396761133603239	0.4381720430107527	1
Csn2_7_CAS-II-A	JAGXOA010000229_14	239	372	4.3e-07	26.7	10248	10964	JAGXOA010000229	14	0.4895397489539749	0.3172043010752688	1
Csx19_0_IIID	JAGXOA010000053_5	702	146	0.0035	14.8	1979	4084	JAGXOA010000053	5	0.20655270655270655	0.6917808219178082	1
Csx19_10_CAS-III-D	JAGXOA010000017_19	411	121	3.3	5.4	25921	27153	JAGXOA010000017	19	0.40632603406326034	0.7024793388429752	1
Csx19_10_CAS-III-D	JAGXOA010000204_51	151	121	0.0021	15.8	65021	65473	JAGXOA010000204	51	0.4900662251655629	0.6198347107438017	1
Csx19_14_CAS-III-D	JAGXOA010000202_6	84	163	0.007	13.9	3799	4050	JAGXOA010000202	6	0.7380952380952381	0.3619631901840491	-1
Csx19_14_CAS-III-D	JAGXOA010000224_23	495	163	0.0052	14.3	19755	21239	JAGXOA010000224	23	0.20606060606060606	0.5398773006134969	-1
Csx19_7_CAS-III-D	JAGXOA010000238_2	316	141	0.082	10.5	1576	2523	JAGXOA010000238	2	0.43037974683544306	0.6312056737588653	-1
Csx1_13_CAS-III	JAGXOA010000110_5	83	426	0.0039	13.7	6738	6986	JAGXOA010000110	5	0.7831325301204819	0.15258215962441316	1
Csx1_18_CAS-III	JAGXOA010000204_72	251	376	9.8	3.1	90062	90814	JAGXOA010000204	72	0.601593625498008	0.3696808510638298	1
Csx1_18_CAS-III	JAGXOA010000242_1	226	376	0.0045	14.1	2	679	JAGXOA010000242	1	0.3805309734513274	0.19946808510638298	-1
Csx1_4_CAS-III	JAGXOA010000266_9	1072	380	0.012	11.9	9455	12670	JAGXOA010000266	9	0.10354477611940298	0.2868421052631579	1
Csx1_9_CAS-III	JAGXOA010000130_10	166	378	0.00049	16.6	7636	8133	JAGXOA010000130	10	0.7289156626506024	0.24603174603174602	1
Csx28_0_CAS-VI-B	JAGXOA010000100_14	869	186	0.003	14.8	14589	17195	JAGXOA010000100	14	0.07710011507479862	0.3978494623655914	1
Csx3_2_CAS-I-III	JAGXOA010000100_8	75	277	0.013	12.1	6421	6645	JAGXOA010000100	8	0.8	0.21299638989169675	-1
Csx3_2_CAS-I-III	JAGXOA010000141_17	279	277	0.0052	13.4	18065	18901	JAGXOA010000141	17	0.2114695340501792	0.23104693140794225	1
Csx3_2_CAS-I-III	JAGXOA010000156_25	268	277	0.00067	16.4	25577	26380	JAGXOA010000156	25	0.13059701492537312	0.1263537906137184	-1
Csx3_2_CAS-I-III	JAGXOA010000169_5	553	277	0.00093	15.9	5872	7530	JAGXOA010000169	5	0.07233273056057866	0.1371841155234657	1
Csx3_2_CAS-I-III	JAGXOA010000209_18	501	277	0.018	11.7	18754	20256	JAGXOA010000209	18	0.1497005988023952	0.24187725631768953	-1
Csx3_2_CAS-I-III	JAGXOA010000230_17	263	277	0.018	11.6	12244	13032	JAGXOA010000230	17	0.3193916349809886	0.30324909747292417	1
CysH_0_IVB	JAGXOA010000001_9	238	249	0.008	13.4	7414	8127	JAGXOA010000001	9	0.31092436974789917	0.2971887550200803	-1
CysH_0_IVB	JAGXOA010000164_7	320	249	0.0042	14.3	6168	7127	JAGXOA010000164	7	0.19375	0.24899598393574296	-1
CysH_0_IVB	JAGXOA010000214_10	253	249	0.0014	15.8	8783	9541	JAGXOA010000214	10	0.3241106719367589	0.3092369477911647	-1
DEDDh_0_CAS-I-II-III-IV-V-VI	JAGXOA010000219_4	177	160	8.3e-21	72.3	2620	3150	JAGXOA010000219	4	0.9096045197740112	0.9875	-1
HEAT_CxxC_PDDEXK_0_CAS-I-C	JAGXOA010000166_5	559	288	5.3e-12	43.0	3689	5365	JAGXOA010000166	5	0.4275491949910555	0.2777777777777778	-1
HTH_0_CAS-III-A	JAGXOA010000245_5	246	364	0.19	8.3	3037	3774	JAGXOA010000245	5	0.524390243902439	0.24175824175824176	-1
Mem_DnaJ_0_CAS-III-AM	JAGXOA010000115_5	303	284	0.01	12.7	3180	4088	JAGXOA010000115	5	0.33993399339933994	0.3415492957746479	1
Mem_DnaJ_0_CAS-III-AM	JAGXOA010000132_19	387	284	0.0093	12.8	18798	19958	JAGXOA010000132	19	0.21188630490956073	0.27816901408450706	-1
Mem_DnaJ_0_CAS-III-AM	JAGXOA010000246_2	368	284	0.0054	13.6	942	2045	JAGXOA010000246	2	0.14673913043478262	0.20774647887323944	-1
NYN_0_CAS-III-B	JAGXOA010000055_14	379	320	0.0018	15.0	10168	11304	JAGXOA010000055	14	0.13192612137203166	0.159375	1
NYN_0_CAS-III-B	JAGXOA010000100_2	171	320	3.4e-18	63.4	382	894	JAGXOA010000100	2	0.9181286549707602	0.48125	1
NYN_0_CAS-III-B	JAGXOA010000187_2	159	320	3.7	4.1	542	1018	JAGXOA010000187	2	0.5911949685534591	0.29375	1
PD_DExK_2_CAS-I-II-III-IV-V-VI	JAGXOA010000017_23	434	127	0.007	13.4	29340	30641	JAGXOA010000017	23	0.20506912442396313	0.5275590551181102	-1
RecD_0_IVD	JAGXOA010000022_6	591	763	0.00042	16.0	7109	8881	JAGXOA010000022	6	0.16412859560067683	0.12450851900393185	1
SSgr11_1_CAS-III-F	JAGXOA010000262_2	240	97	0.005	14.3	798	1517	JAGXOA010000262	2	0.38333333333333336	0.6185567010309279	1
TPR_0_CAS-III-A	JAGXOA010000073_4	561	435	2.5e-06	24.3	1511	3193	JAGXOA010000073	4	0.8324420677361853	0.767816091954023	-1
TPR_0_CAS-III-A	JAGXOA010000100_6	170	435	5.2e-10	36.4	4246	4755	JAGXOA010000100	6	0.8705882352941177	0.19540229885057472	1
TPR_0_CAS-III-A	JAGXOA010000130_10	166	435	0.0022	14.6	7636	8133	JAGXOA010000130	10	0.6807228915662651	0.17471264367816092	1
TPR_0_CAS-III-B	JAGXOA010000041_1	867	488	2.2e-10	37.4	285	2885	JAGXOA010000041	1	0.44521337946943484	0.5840163934426229	1
TPR_0_CAS-III-B	JAGXOA010000076_2	739	488	4.7e-10	36.3	950	3166	JAGXOA010000076	2	0.5047361299052774	0.4918032786885246	1
TPR_0_CAS-III-B	JAGXOA010000076_3	729	488	2.6e-14	50.3	3315	5501	JAGXOA010000076	3	0.6982167352537723	0.5102459016393442	1
TPR_0_CAS-III-B	JAGXOA010000105_2	553	488	2.3e-26	90.0	374	2032	JAGXOA010000105	2	0.8047016274864376	0.48155737704918034	1
TPR_0_CAS-III-B	JAGXOA010000109_3	308	488	1.1e-12	44.9	2472	3395	JAGXOA010000109	3	0.6753246753246753	0.35860655737704916	1
TPR_0_CAS-III-B	JAGXOA010000109_4	474	488	7.5e-09	32.3	3510	4931	JAGXOA010000109	4	0.630801687763713	0.45081967213114754	1
TPR_0_CAS-III-B	JAGXOA010000129_3	726	488	4.2e-13	46.4	1622	3799	JAGXOA010000129	3	0.3443526170798898	0.45901639344262296	1
TPR_0_CAS-III-B	JAGXOA010000148_15	735	488	1.2e-13	48.1	10962	13166	JAGXOA010000148	15	0.4326530612244898	0.48155737704918034	1
TPR_0_CAS-III-B	JAGXOA010000148_16	743	488	1e-19	68.2	13339	15567	JAGXOA010000148	16	0.4899057873485868	0.39549180327868855	1
TPR_0_CAS-III-B	JAGXOA010000148_17	730	488	3.1e-23	79.8	15747	17936	JAGXOA010000148	17	0.6671232876712329	0.4959016393442623	1
TPR_0_CAS-III-B	JAGXOA010000148_18	733	488	7.2e-13	45.6	18196	20394	JAGXOA010000148	18	0.514324693042292	0.39549180327868855	1
TPR_0_CAS-III-B	JAGXOA010000148_19	731	488	4.3e-11	39.7	20520	22712	JAGXOA010000148	19	0.6320109439124487	0.39344262295081966	1
TPR_0_CAS-III-B	JAGXOA010000150_4	162	488	6.6e-10	35.8	3861	4346	JAGXOA010000150	4	0.6975308641975309	0.23565573770491804	1
TPR_0_CAS-III-B	JAGXOA010000172_2	737	488	8.2e-10	35.5	784	2994	JAGXOA010000172	2	0.42469470827679784	0.47540983606557374	1
TPR_0_CAS-III-B	JAGXOA010000172_3	733	488	8.4e-14	48.6	3165	5363	JAGXOA010000172	3	0.5661664392905866	0.5122950819672131	1
TPR_0_CAS-III-B	JAGXOA010000193_4	601	488	6.9e-07	25.8	1113	2915	JAGXOA010000193	4	0.2928452579034942	0.3463114754098361	-1
TPR_0_CAS-III-B	JAGXOA010000218_11	738	488	2.8e-12	43.6	8315	10528	JAGXOA010000218	11	0.43902439024390244	0.47950819672131145	-1
TPR_0_CAS-III-B	JAGXOA010000220_4	601	488	6e-07	26.1	2607	4409	JAGXOA010000220	4	0.3011647254575707	0.2459016393442623	-1
TPR_0_CAS-III-B	JAGXOA010000222_10	744	488	5.8e-10	36.0	11791	14022	JAGXOA010000222	10	0.4032258064516129	0.4610655737704918	-1
TPR_0_CAS-III-B	JAGXOA010000259_66	706	488	1.9e-17	60.7	64875	66992	JAGXOA010000259	66	0.7209631728045326	0.5102459016393442	1
TPR_0_CAS-III-B	JAGXOA010000263_18	108	488	0.006	12.8	11822	12145	JAGXOA010000263	18	0.6388888888888888	0.15368852459016394	-1
TPR_0_CAS-III-B	JAGXOA010000279_10	264	488	9.1e-05	18.9	11514	12305	JAGXOA010000279	10	0.5795454545454546	0.3094262295081967	-1
TPR_1_CAS-III-A	JAGXOA010000108_23	94	462	0.014	11.6	22722	23003	JAGXOA010000108	23	0.648936170212766	0.12987012987012986	-1
TPR_1_CAS-III-A	JAGXOA010000130_10	166	462	0.00068	15.9	7636	8133	JAGXOA010000130	10	0.6024096385542169	0.16883116883116883	1
TPR_1_CAS-III-A	JAGXOA010000148_17	730	462	3.3e-05	20.3	15747	17936	JAGXOA010000148	17	0.3410958904109589	0.48268398268398266	1
TPR_1_CAS-III-A	JAGXOA010000185_15	201	462	0.00082	15.6	12219	12821	JAGXOA010000185	15	0.5970149253731343	0.27056277056277056	-1
TPR_1_CAS-III-B	JAGXOA010000076_2	739	537	0.012	11.9	950	3166	JAGXOA010000076	2	0.2625169147496617	0.2569832402234637	1
TPR_1_CAS-III-B	JAGXOA010000076_3	729	537	0.012	11.9	3315	5501	JAGXOA010000076	3	0.31550068587105623	0.28305400372439476	1
TPR_1_CAS-III-B	JAGXOA010000129_3	726	537	0.0001	18.7	1622	3799	JAGXOA010000129	3	0.2865013774104683	0.3612662942271881	1
TPR_1_CAS-III-B	JAGXOA010000148_18	733	537	2.7e-05	20.6	18196	20394	JAGXOA010000148	18	0.2305593451568895	0.297951582867784	1
TPR_1_CAS-III-B	JAGXOA010000150_4	162	537	0.00096	15.5	3861	4346	JAGXOA010000150	4	0.4876543209876543	0.14338919925512103	1
TPR_1_CAS-III-B	JAGXOA010000172_2	737	537	0.00039	16.8	784	2994	JAGXOA010000172	2	0.24016282225237448	0.30353817504655495	1
TPR_1_CAS-III-B	JAGXOA010000176_11	542	537	6.5e-09	32.5	5536	7161	JAGXOA010000176	11	0.7749077490774908	0.4823091247672253	-1
TPR_1_CAS-III-B	JAGXOA010000218_11	738	537	0.00045	16.6	8315	10528	JAGXOA010000218	11	0.3008130081300813	0.3202979515828678	-1
TniQ_0_CAS-I-F	JAGXOA010000008_37	800	139	0.077	11.4	44635	47034	JAGXOA010000008	37	0.09625	0.4244604316546763	1
TniQ_1_I-F	JAGXOA010000017_28	78	400	0.017	11.7	35715	35948	JAGXOA010000017	28	0.8974358974358975	0.185	1
TnpB_0_Competitive	JAGXOA010000012_4	76	400	5e-06	23.2	3814	4041	JAGXOA010000012	4	0.8421052631578947	0.16	-1
TnpB_0_Competitive	JAGXOA010000038_3	396	400	3.9e-17	59.8	1848	3035	JAGXOA010000038	3	0.7828282828282829	0.745	-1
TnpB_0_Competitive	JAGXOA010000075_12	141	400	1.3e-07	28.4	12934	13356	JAGXOA010000075	12	0.5531914893617021	0.2025	-1
TnpB_0_Competitive	JAGXOA010000108_27	51	400	0.0031	14.0	27542	27694	JAGXOA010000108	27	0.8235294117647058	0.105	1
TnpB_0_Competitive	JAGXOA010000116_14	235	400	1.6e-51	173.0	14265	14969	JAGXOA010000116	14	0.9744680851063829	0.5575	1
TnpB_0_Competitive	JAGXOA010000162_8	108	400	1.1e-11	41.9	5152	5475	JAGXOA010000162	8	0.9351851851851852	0.235	1
TnpB_0_Competitive	JAGXOA010000245_22	88	400	0.023	11.2	14384	14647	JAGXOA010000245	22	0.5113636363636364	0.12	-1
TnpB_0_Competitive	JAGXOA010000270_1	107	400	0.0017	14.8	2	322	JAGXOA010000270	1	0.8598130841121495	0.2325	1
TnpB_0_Competitive	JAGXOA010000282_1	73	400	5.7e-07	26.3	2	220	JAGXOA010000282	1	0.8904109589041096	0.1725	-1
TnpB_1_Competitive	JAGXOA010000024_5	296	409	3.9e-07	26.7	4268	5155	JAGXOA010000024	5	0.5472972972972973	0.38141809290953543	1
TnpB_1_Competitive	JAGXOA010000038_3	396	409	1.3999999999999999e-24	84.2	1848	3035	JAGXOA010000038	3	0.8813131313131313	0.8190709046454768	-1
TnpB_1_Competitive	JAGXOA010000075_12	141	409	6.9e-20	68.7	12934	13356	JAGXOA010000075	12	0.8156028368794326	0.24938875305623473	-1
TnpB_1_Competitive	JAGXOA010000076_10	99	409	0.025	10.8	10209	10505	JAGXOA010000076	10	0.36363636363636365	0.08312958435207823	1
TnpB_1_Competitive	JAGXOA010000092_1	723	409	9.6e-08	28.7	205	2373	JAGXOA010000092	1	0.2793914246196404	0.4572127139364303	-1
TnpB_1_Competitive	JAGXOA010000100_10	111	409	0.0014	14.9	7085	7417	JAGXOA010000100	10	0.5675675675675675	0.15892420537897312	-1
TnpB_1_Competitive	JAGXOA010000109_11	67	409	0.00018	17.9	14514	14714	JAGXOA010000109	11	0.4626865671641791	0.07823960880195599	-1
TnpB_1_Competitive	JAGXOA010000116_14	235	409	1.6000000000000002e-23	80.7	14265	14969	JAGXOA010000116	14	0.9787234042553191	0.5501222493887531	1
TnpB_1_Competitive	JAGXOA010000124_3	66	409	0.00038	16.8	1718	1915	JAGXOA010000124	3	0.3484848484848485	0.05867970660146699	-1
TnpB_1_Competitive	JAGXOA010000160_1	73	409	3.7e-05	20.1	2	220	JAGXOA010000160	1	0.3835616438356164	0.07090464547677261	1
TnpB_1_Competitive	JAGXOA010000200_1	70	409	4.9e-05	19.8	2	211	JAGXOA010000200	1	0.4714285714285714	0.08312958435207823	1
TnpB_1_Competitive	JAGXOA010000204_1	65	409	0.00068	16.0	1	195	JAGXOA010000204	1	0.35384615384615387	0.05867970660146699	1
TnpB_1_Competitive	JAGXOA010000215_2	77	409	5.6e-06	22.9	2543	2773	JAGXOA010000215	2	0.42857142857142855	0.08312958435207823	-1
TnpB_1_Competitive	JAGXOA010000229_1	53	409	5.5e-07	26.2	3	161	JAGXOA010000229	1	0.7169811320754716	0.09535452322738386	-1
TnpB_1_Competitive	JAGXOA010000241_19	65	409	0.00056	16.3	18905	19099	JAGXOA010000241	19	0.38461538461538464	0.06356968215158924	-1
TnpB_1_Competitive	JAGXOA010000245_22	88	409	9e-11	38.7	14384	14647	JAGXOA010000245	22	0.5227272727272727	0.11491442542787286	-1
TnpB_1_Competitive	JAGXOA010000263_1	94	409	3.4e-09	33.5	1	282	JAGXOA010000263	1	0.5	0.11735941320293398	1
TnpB_1_Competitive	JAGXOA010000270_1	107	409	1.8e-07	27.8	2	322	JAGXOA010000270	1	0.5887850467289719	0.15892420537897312	1
TnpB_1_Competitive	JAGXOA010000282_1	73	409	7.1e-18	62.0	2	220	JAGXOA010000282	1	0.9178082191780822	0.16625916870415647	-1
Unk_03_0_CAS-III-B	JAGXOA010000134_5	187	186	0.0036	14.9	2962	3522	JAGXOA010000134	5	0.48663101604278075	0.45161290322580644	-1
htpX_0_CAS-III-B	JAGXOA010000182_7	571	343	3.5e-13	46.9	5380	7092	JAGXOA010000182	7	0.18914185639229422	0.31486880466472306	-1
