Hmm	ORF	tlen	qlen	Eval	score	start	end	Acc	Pos	Cov_seq	Cov_hmm	strand
AbiEii_0_CAS-III	DXJN01000005_65	316	284	0.003	14.9	66793	67740	DXJN01000005	65	0.08227848101265822	0.09154929577464789	1
AbiEii_0_CAS-III	DXJN01000007_54	1485	284	6.3e-05	20.5	74999	79453	DXJN01000007	54	0.15016835016835017	0.4964788732394366	-1
AbiEii_0_CAS-III	DXJN01000011_18	748	284	0.0006	17.3	16768	19011	DXJN01000011	18	0.053475935828877004	0.07394366197183098	1
AbiEii_0_CAS-III	DXJN01000017_6	247	284	0.0019	15.6	12254	12994	DXJN01000017	6	0.2591093117408907	0.21830985915492956	1
AbiEii_0_CAS-III	DXJN01000017_7	235	284	4.7e-08	30.7	12987	13691	DXJN01000017	7	0.451063829787234	0.352112676056338	1
AbiEii_0_CAS-III	DXJN01000017_92	1158	284	9.9e-06	23.1	91191	94664	DXJN01000017	92	0.16839378238341968	0.5	1
AbiEii_0_CAS-III	DXJN01000024_146	364	284	3.5e-06	24.6	136930	138021	DXJN01000024	146	0.3076923076923077	0.39436619718309857	-1
AbiEii_0_CAS-III	DXJN01000024_39	266	284	0.0001	19.8	40869	41666	DXJN01000024	39	0.3007518796992481	0.2711267605633803	1
AbiEii_0_CAS-III	DXJN01000025_111	255	284	0.0025	15.2	126215	126979	DXJN01000025	111	0.27058823529411763	0.2323943661971831	-1
AbiEii_0_CAS-III	DXJN01000025_112	259	284	0.0021	15.5	126996	127772	DXJN01000025	112	0.2277992277992278	0.20422535211267606	-1
AbiEii_0_CAS-III	DXJN01000025_48	243	284	1.5e-08	32.3	55450	56178	DXJN01000025	48	0.3292181069958848	0.2676056338028169	-1
AbiEii_0_CAS-III	DXJN01000025_59	374	284	5.7e-05	20.6	67024	68145	DXJN01000025	59	0.3449197860962567	0.43309859154929575	1
AbiEii_0_CAS-III	DXJN01000025_99	316	284	7e-08	30.2	114780	115727	DXJN01000025	99	0.3322784810126582	0.352112676056338	-1
AbiEii_0_CAS-III	DXJN01000029_124	877	284	1.4e-06	25.9	126435	129065	DXJN01000029	124	0.12314709236031927	0.3591549295774648	-1
AbiEii_0_CAS-III	DXJN01000029_44	316	284	6.5e-05	20.4	49388	50335	DXJN01000029	44	0.2974683544303797	0.31690140845070425	1
AbiEii_0_CAS-III	DXJN01000031_5	616	284	0.0027	15.1	2379	4226	DXJN01000031	5	0.32305194805194803	0.4225352112676056	1
AbiEii_0_CAS-III	DXJN01000033_33	821	284	1.6e-09	35.6	27122	29584	DXJN01000033	33	0.11327649208282582	0.30985915492957744	1
AbiEii_0_CAS-III	DXJN01000038_10	181	284	0.034	11.5	10361	10903	DXJN01000038	10	0.19337016574585636	0.1267605633802817	-1
AbiEii_0_CAS-III	DXJN01000038_20	162	284	1.8e-06	25.5	23069	23554	DXJN01000038	20	0.2839506172839506	0.15492957746478872	1
AbiEii_0_CAS-III	DXJN01000041_4	442	284	3.4e-06	24.6	2710	4035	DXJN01000041	4	0.17194570135746606	0.2746478873239437	-1
AbiEii_0_CAS-III	DXJN01000041_6	340	284	1.8e-06	25.5	5026	6045	DXJN01000041	6	0.23529411764705882	0.2711267605633803	-1
AbiEii_0_CAS-III	DXJN01000043_4	198	284	0.03	11.7	3667	4260	DXJN01000043	4	0.11616161616161616	0.07746478873239436	1
AbiEii_0_CAS-III	DXJN01000047_172	308	284	9.6e-07	26.4	193135	194058	DXJN01000047	172	0.45454545454545453	0.4859154929577465	-1
AbiEii_0_CAS-III	DXJN01000047_231	328	284	7.7e-06	23.5	265330	266313	DXJN01000047	231	0.39939024390243905	0.45422535211267606	1
AbiEii_0_CAS-III	DXJN01000049_24	258	284	2.9e-06	24.9	18981	19754	DXJN01000049	24	0.26356589147286824	0.22535211267605634	1
AbiEii_0_CAS-III	DXJN01000049_29	742	284	0.00037	17.9	23798	26023	DXJN01000049	29	0.05256064690026954	0.07042253521126761	-1
AbiEii_0_CAS-III	DXJN01000049_42	324	284	1.8e-10	38.6	40355	41326	DXJN01000049	42	0.4567901234567901	0.49295774647887325	1
AbiEii_0_CAS-III	DXJN01000050_26	321	284	0.00074	16.9	25005	25967	DXJN01000050	26	0.24610591900311526	0.2746478873239437	1
AbiEii_0_CAS-III	DXJN01000051_71	231	284	0.00029	18.3	73223	73915	DXJN01000051	71	0.7792207792207793	0.6936619718309859	1
AbiEii_0_CAS-III	DXJN01000051_77	177	284	0.0023	15.4	81661	82191	DXJN01000051	77	0.519774011299435	0.3345070422535211	-1
AbiEii_0_CAS-III	DXJN01000051_98	776	284	9.4e-05	19.9	97505	99832	DXJN01000051	98	0.055412371134020616	0.07746478873239436	1
AbiEii_0_CAS-III	DXJN01000052_11	320	284	2.3e-06	25.2	9611	10570	DXJN01000052	11	0.303125	0.3345070422535211	1
AbiEii_0_CAS-III	DXJN01000052_27	268	284	3.4e-08	31.2	25942	26745	DXJN01000052	27	0.40298507462686567	0.36619718309859156	1
AbiEii_0_CAS-III	DXJN01000052_69	331	284	0.0014	16.0	67082	68074	DXJN01000052	69	0.3685800604229607	0.3908450704225352	1
AbiEii_0_CAS-III	DXJN01000056_28	242	284	0.0016	15.8	20372	21097	DXJN01000056	28	0.3925619834710744	0.31338028169014087	-1
AbiEii_0_CAS-III	DXJN01000056_53	253	284	0.00023	18.6	49126	49884	DXJN01000056	53	0.36363636363636365	0.30985915492957744	-1
AbiEii_0_CAS-III	DXJN01000064_16	293	284	5.3e-05	20.7	13161	14039	DXJN01000064	16	0.6040955631399317	0.6619718309859155	-1
AbiEii_0_CAS-III	DXJN01000064_17	279	284	0.00033	18.1	14052	14888	DXJN01000064	17	0.25448028673835127	0.24295774647887325	-1
AbiEii_0_CAS-III	DXJN01000064_73	407	284	0.0005	17.5	68372	69592	DXJN01000064	73	0.07862407862407862	0.10915492957746478	-1
AbiEii_0_CAS-III	DXJN01000071_15	824	284	1.2e-05	22.9	9500	11971	DXJN01000071	15	0.05218446601941747	0.1443661971830986	1
AbiEii_0_CAS-III	DXJN01000071_38	654	284	3.3e-05	21.4	42385	44346	DXJN01000071	38	0.06116207951070336	0.13732394366197184	1
AbiEii_1_CAS-III-A	DXJN01000006_4	699	335	0.0005	17.1	3344	5440	DXJN01000006	4	0.26895565092989987	0.5402985074626866	-1
AbiEii_1_CAS-III-A	DXJN01000017_7	235	335	0.00075	16.5	12987	13691	DXJN01000017	7	0.23404255319148937	0.16417910447761194	1
AbiEii_1_CAS-III-A	DXJN01000045_9	627	335	1.1e-06	25.9	8001	9881	DXJN01000045	9	0.1291866028708134	0.23283582089552238	-1
AbiEii_1_CAS-III-A	DXJN01000049_24	258	335	0.029	11.3	18981	19754	DXJN01000049	24	0.2751937984496124	0.21791044776119403	1
AbiEii_1_CAS-III-A	DXJN01000071_38	654	335	1.6e-05	22.0	42385	44346	DXJN01000071	38	0.14984709480122324	0.28955223880597014	1
AbiEii_2_CAS-III-C	DXJN01000006_4	699	440	1.6e-05	22.1	3344	5440	DXJN01000006	4	0.17453505007153075	0.26136363636363635	-1
AbiEii_2_CAS-III-C	DXJN01000025_59	374	440	8.4e-14	49.4	67024	68145	DXJN01000025	59	0.37967914438502676	0.32045454545454544	1
AbiEii_2_CAS-III-C	DXJN01000071_38	654	440	6.1e-07	26.8	42385	44346	DXJN01000071	38	0.09327217125382263	0.1431818181818182	1
Can2_Card1_17_CAS-III	DXJN01000048_10	218	380	0.009	12.5	12639	13292	DXJN01000048	10	0.25688073394495414	0.14473684210526316	1
Can2_Card1_17_CAS-III	DXJN01000071_32	262	380	0.00014	18.4	32147	32932	DXJN01000071	32	0.3702290076335878	0.23684210526315788	-1
Cas10-like_2_IVC	DXJN01000047_90	239	578	0.0042	13.2	91875	92591	DXJN01000047	90	0.49372384937238495	0.19377162629757785	1
Cas10_0_CAS-III	DXJN01000023_1	917	511	5.6e-13	46.3	1630	4380	DXJN01000023	1	0.44601962922573607	0.6692759295499021	1
Cas10_0_III	DXJN01000023_1	917	414	1.5e-06	25.3	1630	4380	DXJN01000023	1	0.1504907306434024	0.35990338164251207	1
Cas10_0_IIIA	DXJN01000023_1	917	650	2.6e-113	377.8	1630	4380	DXJN01000023	1	0.8833151581243184	0.9969230769230769	1
Cas10_0_IIIB	DXJN01000020_16	665	510	0.0027	14.3	12146	14140	DXJN01000020	16	0.43609022556390975	0.492156862745098	-1
Cas10_0_IIIB	DXJN01000023_1	917	510	1.4e-07	28.5	1630	4380	DXJN01000023	1	0.2039258451472192	0.35490196078431374	1
Cas10_0_IIIB	DXJN01000064_96	596	510	0.006	13.2	89946	91733	DXJN01000064	96	0.2063758389261745	0.24313725490196078	-1
Cas10_1_CAS-III	DXJN01000017_81	199	654	2.9e-05	20.6	82208	82804	DXJN01000017	81	0.39195979899497485	0.1162079510703364	-1
Cas10_1_CAS-III	DXJN01000023_1	917	654	2.8e-136	453.5	1630	4380	DXJN01000023	1	0.8091603053435115	0.9969418960244648	1
Cas10_1_CAS-III	DXJN01000055_8	157	654	8.9	2.5	9442	9912	DXJN01000055	8	0.4585987261146497	0.07951070336391437	-1
Cas10_1_CAS-III	DXJN01000056_149	268	654	5.2e-05	19.8	145042	145845	DXJN01000056	149	0.6194029850746269	0.23853211009174313	-1
Cas10_1_CAS-III	DXJN01000056_59	197	654	0.014	11.7	54181	54771	DXJN01000056	59	0.43147208121827413	0.12538226299694188	1
Cas10_1_IIIB	DXJN01000047_91	100	116	0.17	10.1	92762	93061	DXJN01000047	91	0.32	0.27586206896551724	1
Cas10_4_CAS-III	DXJN01000023_1	917	772	1.5e-08	31.0	1630	4380	DXJN01000023	1	0.19956379498364232	0.23834196891191708	1
Cas10_5_CAS-III	DXJN01000023_1	917	838	9.099999999999999e-90	299.8	1630	4380	DXJN01000023	1	0.9138495092693566	0.9522673031026253	1
Cas10_7_CAS-III	DXJN01000023_1	917	410	2.6e-07	27.8	1630	4380	DXJN01000023	1	0.1559432933478735	0.37317073170731707	1
Cas10d_8_CAS-I-D	DXJN01000024_126	413	899	0.0072	12.2	120491	121729	DXJN01000024	126	0.36077481840193704	0.16796440489432704	-1
Cas11_1_IVC	DXJN01000049_5	76	120	0.015	13.3	2959	3186	DXJN01000049	5	0.5394736842105263	0.3416666666666667	1
Cas11b_0_CAS-I-B	DXJN01000024_63	267	170	0.11	10.1	63422	64222	DXJN01000024	63	0.41198501872659177	0.43529411764705883	-1
Cas12a_1_CAS-V-A	DXJN01000014_23	111	1086	0.0037	13.0	19631	19963	DXJN01000014	23	0.7387387387387387	0.072744014732965	1
Cas12a_M31_0_V-A	DXJN01000015_30	140	1311	0.15	7.6	26021	26440	DXJN01000015	30	0.4928571428571429	0.05339435545385202	1
Cas12c_0_VC	DXJN01000024_177	427	1256	0.013	10.7	173151	174431	DXJN01000024	177	0.117096018735363	0.04219745222929936	-1
Cas12c_1_CAS-V-C	DXJN01000005_12	214	1268	0.00064	15.2	10805	11446	DXJN01000005	12	0.3037383177570093	0.04968454258675079	-1
Cas12f2_1_CAS-V-F	DXJN01000039_14	201	422	1.2	5.9	12037	12639	DXJN01000039	14	0.2885572139303483	0.07819905213270142	1
Cas12f2_1_CAS-V-F	DXJN01000053_1	68	422	0.041	10.7	186	389	DXJN01000053	1	0.45588235294117646	0.06872037914691943	-1
Cas12f2_1_CAS-V-F	DXJN01000056_168	56	422	0.036	10.9	158712	158879	DXJN01000056	168	0.5892857142857143	0.04739336492890995	1
Cas12f2_1_CAS-V-F	DXJN01000059_19	438	422	0.039	10.8	20143	21456	DXJN01000059	19	0.0547945205479452	0.06635071090047394	1
Cas12f2_1_CAS-V-F	DXJN01000064_78	193	422	0.013	12.4	74945	75523	DXJN01000064	78	0.20207253886010362	0.08056872037914692	1
Cas12f2_1_CAS-V-F	DXJN01000070_24	280	422	0.0023	14.8	23634	24473	DXJN01000070	24	0.33214285714285713	0.10426540284360189	-1
Cas12m_0_V-M	DXJN01000029_102	306	577	0.00067	16.0	106841	107758	DXJN01000029	102	0.3562091503267974	0.19064124783362218	-1
Cas12m_0_V-M	DXJN01000039_14	201	577	3.9	3.6	12037	12639	DXJN01000039	14	0.3034825870646766	0.0658578856152513	1
Cas12m_0_V-M	DXJN01000070_24	280	577	0.039	10.2	23634	24473	DXJN01000070	24	0.3107142857142857	0.07105719237435008	-1
Cas1_0_CAS-I-II-III-IV-V-VI	DXJN01000057_41	386	317	0.0078	13.1	48380	49537	DXJN01000057	41	0.16321243523316062	0.2082018927444795	-1
Cas1_0_I-II-III	DXJN01000057_41	386	327	0.022	11.6	48380	49537	DXJN01000057	41	0.16062176165803108	0.19877675840978593	-1
Cas1_0_I-II-III-V	DXJN01000057_41	386	315	0.024	11.3	48380	49537	DXJN01000057	41	0.17098445595854922	0.21587301587301588	-1
Cas1_6_CAS-I-II-III-IV-V-VI	DXJN01000033_3	176	320	0.0035	14.4	1022	1549	DXJN01000033	3	0.7045454545454546	0.2625	1
Cas2_0_I-II-III-V	DXJN01000007_2	436	83	0.022	12.9	671	1978	DXJN01000007	2	0.16972477064220184	0.7228915662650602	1
Cas2_10_CAS-I-II-III-IV-V-VI	DXJN01000048_28	400	86	0.015	13.2	25546	26745	DXJN01000048	28	0.125	0.5813953488372093	1
Cas2_11_CAS-I-II-III-IV-V-VI	DXJN01000004_21	185	71	0.13	10.3	21652	22206	DXJN01000004	21	0.2756756756756757	0.7183098591549296	-1
Cas2_3_CAS-I-II-III-IV-V-VI	DXJN01000048_28	400	62	0.0057	14.6	25546	26745	DXJN01000048	28	0.1225	0.7903225806451613	1
Cas2_5_CAS-I-II-III-IV-V-VI	DXJN01000025_147	196	116	0.0037	15.3	164077	164664	DXJN01000025	147	0.4744897959183674	0.6293103448275862	1
Cas3HD_0_CAS-I	DXJN01000006_2	303	203	3e-06	25.0	609	1517	DXJN01000006	2	0.41254125412541254	0.7044334975369458	1
Cas3HD_0_CAS-I	DXJN01000010_8	520	203	0.012	13.3	5262	6821	DXJN01000010	8	0.15576923076923077	0.3103448275862069	-1
Cas3HD_0_CAS-I	DXJN01000017_81	199	203	0.00073	17.2	82208	82804	DXJN01000017	81	0.4020100502512563	0.4975369458128079	-1
Cas3HD_0_CAS-I	DXJN01000020_94	401	203	0.0061	14.2	90569	91771	DXJN01000020	94	0.3316708229426434	0.7192118226600985	1
Cas3HD_0_CAS-I	DXJN01000023_1	917	203	4.2	5.0	1630	4380	DXJN01000023	1	0.1450381679389313	0.625615763546798	1
Cas3HD_0_CAS-I	DXJN01000029_114	230	203	0.0015	16.2	116868	117557	DXJN01000029	114	0.5782608695652174	0.5467980295566502	1
Cas3HD_0_CAS-I	DXJN01000056_149	268	203	4.7e-05	21.1	145042	145845	DXJN01000056	149	0.47761194029850745	0.6650246305418719	-1
Cas3HD_0_CAS-I	DXJN01000056_154	179	203	9.1e-05	20.2	148967	149503	DXJN01000056	154	0.7597765363128491	0.7044334975369458	1
Cas3HD_1_CAS-I	DXJN01000017_81	199	191	0.0018	16.0	82208	82804	DXJN01000017	81	0.27638190954773867	0.3036649214659686	-1
Cas3HD_2_CAS-I	DXJN01000006_2	303	231	0.0068	13.8	609	1517	DXJN01000006	2	0.10891089108910891	0.14285714285714285	1
Cas3_0_CAS-I	DXJN01000017_28	325	353	0.004	14.1	35601	36575	DXJN01000017	28	0.4369230769230769	0.2577903682719547	1
Cas3_0_CAS-I	DXJN01000023_27	477	353	3.6e-11	40.5	35290	36720	DXJN01000023	27	0.18448637316561844	0.24645892351274787	1
Cas3_0_CAS-I	DXJN01000023_31	831	353	6.1e-10	36.5	38467	40959	DXJN01000023	31	0.21179302045728038	0.49291784702549574	-1
Cas3_0_CAS-I	DXJN01000024_211	341	353	3.7e-11	40.5	213743	214765	DXJN01000024	211	0.5806451612903226	0.5524079320113314	1
Cas3_0_CAS-I	DXJN01000038_12	770	353	3.7e-07	27.4	11387	13696	DXJN01000038	12	0.4090909090909091	0.8895184135977338	-1
Cas3_0_CAS-I	DXJN01000047_250	881	353	1.6e-08	31.8	285674	288316	DXJN01000047	250	0.4097616345062429	0.8356940509915014	-1
Cas3_0_CAS-I	DXJN01000049_136	797	353	2.9e-09	34.3	143043	145433	DXJN01000049	136	0.28858218318695106	0.6657223796033994	1
Cas3_0_CAS-I	DXJN01000052_81	718	353	1.3e-10	38.8	84802	86955	DXJN01000052	81	0.24373259052924792	0.47592067988668557	-1
Cas3_0_CAS-I-D	DXJN01000038_12	770	626	1.6e-07	27.7	11387	13696	DXJN01000038	12	0.3103896103896104	0.3546325878594249	-1
Cas3_0_I	DXJN01000017_28	325	358	0.012	12.5	35601	36575	DXJN01000017	28	0.4153846153846154	0.24581005586592178	1
Cas3_0_I	DXJN01000023_27	477	358	4.9e-11	40.1	35290	36720	DXJN01000023	27	0.33542976939203356	0.43575418994413406	1
Cas3_0_I	DXJN01000023_31	831	358	3.2e-09	34.1	38467	40959	DXJN01000023	31	0.2683513838748496	0.6871508379888268	-1
Cas3_0_I	DXJN01000024_211	341	358	5.3e-12	43.3	213743	214765	DXJN01000024	211	0.7096774193548387	0.6787709497206704	1
Cas3_0_I	DXJN01000038_12	770	358	9.6e-07	26.0	11387	13696	DXJN01000038	12	0.4077922077922078	0.8854748603351955	-1
Cas3_0_I	DXJN01000047_250	881	358	1.1e-08	32.4	285674	288316	DXJN01000047	250	0.49943246311010214	0.8379888268156425	-1
Cas3_0_I	DXJN01000049_136	797	358	4.7e-09	33.6	143043	145433	DXJN01000049	136	0.3450439146800502	0.6312849162011173	1
Cas3_0_I	DXJN01000052_81	718	358	2.9e-10	37.5	84802	86955	DXJN01000052	81	0.26740947075208915	0.5167597765363129	-1
Cas3_0_ID	DXJN01000024_211	341	357	0.001	16.0	213743	214765	DXJN01000024	211	0.46920821114369504	0.4173669467787115	1
Cas3_0_ID	DXJN01000038_12	770	357	0.00029	17.8	11387	13696	DXJN01000038	12	0.14155844155844155	0.2801120448179272	-1
Cas3_0_ID	DXJN01000047_250	881	357	2.3e-06	24.7	285674	288316	DXJN01000047	250	0.3518728717366629	0.7058823529411765	-1
Cas3_0_IU	DXJN01000033_40	957	864	0.016	10.9	38354	41224	DXJN01000033	40	0.054336468129571575	0.056712962962962965	1
Cas3_0_IU	DXJN01000049_136	797	864	0.00056	15.7	143043	145433	DXJN01000049	136	0.25094102885821834	0.1886574074074074	1
Cas3_1_CAS-I-D	DXJN01000024_211	341	353	0.00022	18.2	213743	214765	DXJN01000024	211	0.45454545454545453	0.40793201133144474	1
Cas3_1_CAS-I-D	DXJN01000038_12	770	353	8.4e-06	22.9	11387	13696	DXJN01000038	12	0.2506493506493506	0.5184135977337111	-1
Cas3_1_CAS-I-D	DXJN01000047_250	881	353	4.7e-06	23.7	285674	288316	DXJN01000047	250	0.3677639046538025	0.7592067988668555	-1
Cas3_1_I	DXJN01000006_2	303	178	2.2e-07	28.9	609	1517	DXJN01000006	2	0.4521452145214521	0.7471910112359551	1
Cas3_1_I	DXJN01000010_8	520	178	0.00094	17.0	5262	6821	DXJN01000010	8	0.19615384615384615	0.5	-1
Cas3_1_I	DXJN01000017_81	199	178	0.0041	15.0	82208	82804	DXJN01000017	81	0.4120603015075377	0.5561797752808989	-1
Cas3_1_I	DXJN01000023_1	917	178	0.00012	20.0	1630	4380	DXJN01000023	1	0.1134133042529989	0.449438202247191	1
Cas3_1_I	DXJN01000029_114	230	178	0.0032	15.3	116868	117557	DXJN01000029	114	0.39565217391304347	0.449438202247191	1
Cas3_1_I	DXJN01000056_149	268	178	0.00061	17.7	145042	145845	DXJN01000056	149	0.34328358208955223	0.5730337078651685	-1
Cas3_1_I	DXJN01000056_154	179	178	0.0065	14.3	148967	149503	DXJN01000056	154	0.35195530726256985	0.398876404494382	1
Cas3_2_CAS-I	DXJN01000024_211	341	967	3.7e-08	29.7	213743	214765	DXJN01000024	211	0.4868035190615836	0.16856256463288521	1
Cas3_2_CAS-I	DXJN01000038_12	770	967	1.5e-17	60.8	11387	13696	DXJN01000038	12	0.34415584415584416	0.26680455015511895	-1
Cas3_2_CAS-I	DXJN01000047_250	881	967	6.9e-07	25.5	285674	288316	DXJN01000047	250	0.2565266742338252	0.2202688728024819	-1
Cas3d_0_CAS-I-D	DXJN01000038_12	770	639	2.4e-08	30.6	11387	13696	DXJN01000038	12	0.23376623376623376	0.27230046948356806	-1
Cas4_0_CAS-I-II-III-IV-V-VI	DXJN01000002_23	322	179	0.0067	14.4	11660	12625	DXJN01000002	23	0.5031055900621118	0.7932960893854749	-1
Cas4_0_CAS-I-II-III-IV-V-VI	DXJN01000002_42	1040	179	0.013	13.5	26863	29982	DXJN01000002	42	0.09423076923076923	0.43575418994413406	-1
Cas4_0_CAS-I-II-III-IV-V-VI	DXJN01000007_84	248	179	0.015	13.3	107959	108702	DXJN01000007	84	0.3225806451612903	0.48044692737430167	-1
Cas4_0_CAS-I-II-III-IV-V-VI	DXJN01000013_37	229	179	3.8e-05	21.8	32725	33411	DXJN01000013	37	0.5502183406113537	0.6256983240223464	1
Cas4_0_CAS-I-II-III-IV-V-VI	DXJN01000013_40	265	179	9.6e-10	36.7	35247	36041	DXJN01000013	40	0.5924528301886792	0.8100558659217877	-1
Cas4_0_CAS-I-II-III-IV-V-VI	DXJN01000024_90	513	179	0.0099	13.9	82164	83702	DXJN01000024	90	0.2378167641325536	0.6033519553072626	1
Cas4_0_CAS-I-II-III-IV-V-VI	DXJN01000064_65	779	179	0.017	13.2	60648	62984	DXJN01000064	65	0.17073170731707318	0.5307262569832403	1
Cas4_0_CAS-I-II-III-IV-V-VI	DXJN01000071_31	893	179	2.8e-16	58.0	29247	31925	DXJN01000071	31	0.1948488241881299	0.9608938547486033	-1
Cas4_0_I-II	DXJN01000002_23	322	180	0.0002	19.0	11660	12625	DXJN01000002	23	0.32298136645962733	0.5777777777777777	-1
Cas4_0_I-II	DXJN01000007_84	248	180	0.021	12.4	107959	108702	DXJN01000007	84	0.3225806451612903	0.4722222222222222	-1
Cas4_0_I-II	DXJN01000013_37	229	180	0.00017	19.2	32725	33411	DXJN01000013	37	0.4847161572052402	0.5611111111111111	1
Cas4_0_I-II	DXJN01000013_40	265	180	6.3e-07	27.2	35247	36041	DXJN01000013	40	0.5849056603773585	0.7944444444444444	-1
Cas4_0_I-II	DXJN01000071_31	893	180	1.5e-15	55.3	29247	31925	DXJN01000071	31	0.1690929451287794	0.8388888888888889	-1
Cas4_0_I-II-V	DXJN01000013_40	265	177	3.1e-07	28.4	35247	36041	DXJN01000013	40	0.5962264150943396	0.8192090395480226	-1
Cas4_0_I-II-V	DXJN01000029_115	548	177	0.00021	19.1	117563	119206	DXJN01000029	115	0.2591240875912409	0.7344632768361582	-1
Cas4_0_I-II-V	DXJN01000071_31	893	177	5e-13	47.3	29247	31925	DXJN01000071	31	0.13213885778275475	0.6610169491525424	-1
Cas4_3_CAS-I-II-III-IV-V-VI	DXJN01000013_40	265	197	0.00049	18.0	35247	36041	DXJN01000013	40	0.5584905660377358	0.700507614213198	-1
Cas4_3_CAS-I-II-III-IV-V-VI	DXJN01000071_31	893	197	5.3e-13	47.3	29247	31925	DXJN01000071	31	0.19932810750279956	0.9238578680203046	-1
Cas4_5_CAS-I-II-III-IV-V-VI	DXJN01000013_40	265	161	0.00045	18.2	35247	36041	DXJN01000013	40	0.569811320754717	0.7639751552795031	-1
Cas4_5_CAS-I-II-III-IV-V-VI	DXJN01000024_90	513	161	7.6e-08	30.5	82164	83702	DXJN01000024	90	0.24366471734892786	0.6583850931677019	1
Cas4_5_CAS-I-II-III-IV-V-VI	DXJN01000071_31	893	161	9.6e-08	30.1	29247	31925	DXJN01000071	31	0.18141097424412095	0.9254658385093167	-1
Cas5_0_CAS-III-A	DXJN01000020_108	205	208	2.2	6.0	105441	106055	DXJN01000020	108	0.6536585365853659	0.3798076923076923	-1
Cas5_1_CAS-I-B	DXJN01000035_87	381	276	0.028	11.5	89492	90634	DXJN01000035	87	0.2572178477690289	0.3695652173913043	-1
Cas5_3_CAS-I-B	DXJN01000035_19	259	174	0.14	9.9	17966	18742	DXJN01000035	19	0.33976833976833976	0.3563218390804598	1
Cas6_0_CAS-I-II-III-IV-V-VI	DXJN01000023_6	259	194	5.9e-13	47.5	8073	8849	DXJN01000023	6	0.7413127413127413	0.9020618556701031	1
Cas6_0_CAS-I-III-B	DXJN01000023_6	259	282	5.3e-05	20.1	8073	8849	DXJN01000023	6	0.6718146718146718	0.648936170212766	1
Cas6_0_CAS-I-III-B	DXJN01000056_46	223	282	0.036	10.8	41169	41837	DXJN01000056	46	0.14349775784753363	0.11347517730496454	-1
Cas6_0_I-III	DXJN01000059_11	152	200	0.0088	14.3	12535	12990	DXJN01000059	11	0.5592105263157895	0.465	1
Cas6_0_IA	DXJN01000048_93	219	197	0.036	11.8	67656	68312	DXJN01000048	93	0.5388127853881278	0.45685279187817257	-1
Cas6_10_CAS-I-II-III-IV-V-VI	DXJN01000023_6	259	322	0.027	11.5	8073	8849	DXJN01000023	6	0.5405405405405406	0.4409937888198758	1
Cas6_15_CAS-I-II-III-IV-V-VI	DXJN01000023_6	259	112	6e-16	56.9	8073	8849	DXJN01000023	6	0.46332046332046334	1.0	1
Cas6_1_CAS-I-II-III-IV-V-VI	DXJN01000048_93	219	194	0.018	12.9	67656	68312	DXJN01000048	93	0.54337899543379	0.4896907216494845	-1
Cas6_1_IVE	DXJN01000049_106	178	247	0.0042	14.4	106177	106710	DXJN01000049	106	0.3258426966292135	0.23076923076923078	-1
Cas6_3_IVA	DXJN01000015_79	182	192	0.025	12.2	67838	68383	DXJN01000015	79	0.23076923076923078	0.22395833333333334	1
Cas6_6_IVD	DXJN01000023_6	259	259	1.8e-18	64.7	8073	8849	DXJN01000023	6	0.8223938223938224	0.8301158301158301	1
Cas6_8_CAS-I-II-III-IV-V-VI	DXJN01000023_6	259	275	2.7e-20	70.7	8073	8849	DXJN01000023	6	0.7799227799227799	0.7381818181818182	1
Cas8a1_0_IA	DXJN01000023_4	368	152	0.047	11.8	5645	6748	DXJN01000023	4	0.23369565217391305	0.3157894736842105	1
Cas8a1_1_CAS-I-A	DXJN01000034_22	273	296	0.0016	15.5	23579	24397	DXJN01000034	22	0.2857142857142857	0.2668918918918919	1
Cas8a2_4_CAS-I-A	DXJN01000051_5	498	459	0.015	11.8	3552	5045	DXJN01000051	5	0.13855421686746988	0.15468409586056645	-1
Cas8b1_12_CAS-I-B	DXJN01000027_46	212	503	0.00074	16.0	43851	44486	DXJN01000027	46	0.330188679245283	0.15308151093439365	1
Cas8b2_5_CAS-I-B	DXJN01000005_25	699	496	0.00062	16.2	22306	24402	DXJN01000005	25	0.14163090128755365	0.1975806451612903	-1
Cas8b2_5_CAS-I-B	DXJN01000035_2	235	496	0.019	11.3	512	1216	DXJN01000035	2	0.19148936170212766	0.09475806451612903	1
Cas8b2_8_CAS-I-B	DXJN01000007_103	569	70	0.2	9.8	123904	125610	DXJN01000007	103	0.07908611599297012	0.3142857142857143	1
Cas8b3_1_CAS-I-B	DXJN01000023_4	368	152	0.048	11.7	5645	6748	DXJN01000023	4	0.20108695652173914	0.3223684210526316	1
Cas8c_2_CAS-I-C	DXJN01000015_79	182	713	0.014	11.7	67838	68383	DXJN01000015	79	0.5	0.1276297335203366	1
Cas9_0_II	DXJN01000024_92	227	830	8.3e-07	25.5	84189	84869	DXJN01000024	92	0.23788546255506607	0.07590361445783132	1
Cas9_0_II-C2	DXJN01000018_16	419	967	0.00014	17.9	15733	16989	DXJN01000018	16	0.2052505966587112	0.0889348500517063	-1
Cas9_0_II-C2	DXJN01000024_92	227	967	1.8e-07	27.5	84189	84869	DXJN01000024	92	0.2511013215859031	0.06204756980351603	1
Cas9_0_II-C2	DXJN01000033_24	231	967	7e-07	25.6	15985	16677	DXJN01000033	24	0.2554112554112554	0.06308169596690796	1
Cas9_0_II-C2	DXJN01000071_40	86	967	1.5e-06	24.4	44832	45089	DXJN01000071	40	0.7441860465116279	0.06928645294725956	1
Cas9_0_II-D	DXJN01000024_92	227	853	3.6e-10	36.7	84189	84869	DXJN01000024	92	0.20704845814977973	0.05744431418522861	1
Cas9_0_II-D	DXJN01000033_24	231	853	0.0022	14.2	15985	16677	DXJN01000033	24	0.2077922077922078	0.05744431418522861	1
Cas9_0_II-D	DXJN01000071_40	86	853	3.2e-07	26.9	44832	45089	DXJN01000071	40	0.5116279069767442	0.05861664712778429	1
Cas9_1_II	DXJN01000024_92	227	1120	0.0068	12.3	84189	84869	DXJN01000024	92	0.23788546255506607	0.05625	1
CasR_0_CAS-I-II-III-IV-V-VI	DXJN01000004_22	112	198	7.3e-07	26.8	22259	22594	DXJN01000004	22	0.6339285714285714	0.35858585858585856	-1
CasR_0_CAS-I-II-III-IV-V-VI	DXJN01000004_23	171	198	0.00077	16.9	22761	23273	DXJN01000004	23	0.45614035087719296	0.40404040404040403	1
CasR_0_CAS-I-II-III-IV-V-VI	DXJN01000007_101	85	198	0.0017	15.8	121408	121662	DXJN01000007	101	0.6235294117647059	0.2727272727272727	1
CasR_0_CAS-I-II-III-IV-V-VI	DXJN01000015_68	150	198	0.017	12.5	57437	57886	DXJN01000015	68	0.23333333333333334	0.17676767676767677	1
CasR_0_CAS-I-II-III-IV-V-VI	DXJN01000015_83	182	198	0.025	12.0	70649	71194	DXJN01000015	83	0.6318681318681318	0.5707070707070707	-1
CasR_0_CAS-I-II-III-IV-V-VI	DXJN01000017_89	132	198	3.8e-05	21.2	88869	89264	DXJN01000017	89	0.42424242424242425	0.30303030303030304	1
CasR_0_CAS-I-II-III-IV-V-VI	DXJN01000019_46	160	198	0.0049	14.3	49945	50424	DXJN01000019	46	0.35	0.2828282828282828	-1
CasR_0_CAS-I-II-III-IV-V-VI	DXJN01000020_100	789	198	0.11	9.9	95093	97459	DXJN01000020	100	0.1432192648922687	0.3838383838383838	-1
CasR_0_CAS-I-II-III-IV-V-VI	DXJN01000020_11	139	198	0.002	15.6	8479	8895	DXJN01000020	11	0.39568345323741005	0.2727272727272727	1
CasR_0_CAS-I-II-III-IV-V-VI	DXJN01000025_77	231	198	0.00021	18.7	83670	84362	DXJN01000025	77	0.1645021645021645	0.1919191919191919	-1
CasR_0_CAS-I-II-III-IV-V-VI	DXJN01000030_4	162	198	0.0075	13.7	2332	2817	DXJN01000030	4	0.4074074074074074	0.31313131313131315	1
CasR_0_CAS-I-II-III-IV-V-VI	DXJN01000034_1	399	198	0.034	11.5	1	1197	DXJN01000034	1	0.18546365914786966	0.3838383838383838	-1
CasR_0_CAS-I-II-III-IV-V-VI	DXJN01000035_116	559	198	0.00012	19.6	121822	123498	DXJN01000035	116	0.17173524150268335	0.21717171717171718	-1
CasR_0_CAS-I-II-III-IV-V-VI	DXJN01000035_61	108	198	1.7e-05	22.3	60258	60581	DXJN01000035	61	0.5740740740740741	0.3181818181818182	1
CasR_0_CAS-I-II-III-IV-V-VI	DXJN01000037_14	124	198	0.0076	13.7	11566	11937	DXJN01000037	14	0.46774193548387094	0.29292929292929293	-1
CasR_0_CAS-I-II-III-IV-V-VI	DXJN01000037_31	281	198	0.00013	19.5	26338	27180	DXJN01000037	31	0.40569395017793597	0.5707070707070707	-1
CasR_0_CAS-I-II-III-IV-V-VI	DXJN01000039_20	149	198	0.031	11.7	15900	16346	DXJN01000039	20	0.5637583892617449	0.41919191919191917	-1
CasR_0_CAS-I-II-III-IV-V-VI	DXJN01000046_6	244	198	0.00021	18.8	4231	4962	DXJN01000046	6	0.4180327868852459	0.32323232323232326	-1
CasR_0_CAS-I-II-III-IV-V-VI	DXJN01000047_10	418	198	1.4e-07	29.1	12207	13460	DXJN01000047	10	0.2607655502392344	0.3181818181818182	1
CasR_0_CAS-I-II-III-IV-V-VI	DXJN01000047_64	231	198	0.00074	17.0	70210	70902	DXJN01000047	64	0.2077922077922078	0.23737373737373738	1
CasR_0_CAS-I-II-III-IV-V-VI	DXJN01000047_82	140	198	4.7e-08	30.7	85095	85514	DXJN01000047	82	0.3142857142857143	0.2222222222222222	-1
CasR_0_CAS-I-II-III-IV-V-VI	DXJN01000047_85	266	198	0.0017	15.8	87265	88062	DXJN01000047	85	0.24060150375939848	0.31313131313131315	1
CasR_0_CAS-I-II-III-IV-V-VI	DXJN01000048_10	218	198	0.00018	19.0	12639	13292	DXJN01000048	10	0.23853211009174313	0.23232323232323232	1
CasR_0_CAS-I-II-III-IV-V-VI	DXJN01000048_17	91	198	0.00063	17.2	16845	17117	DXJN01000048	17	0.6153846153846154	0.2777777777777778	1
CasR_0_CAS-I-II-III-IV-V-VI	DXJN01000048_76	138	198	0.0014	16.1	56294	56707	DXJN01000048	76	0.644927536231884	0.3434343434343434	1
CasR_0_CAS-I-II-III-IV-V-VI	DXJN01000049_104	152	198	9.2e-05	19.9	104749	105204	DXJN01000049	104	0.32894736842105265	0.26262626262626265	1
CasR_0_CAS-I-II-III-IV-V-VI	DXJN01000049_107	144	198	1.1e-07	29.5	106824	107255	DXJN01000049	107	0.4097222222222222	0.29797979797979796	-1
CasR_0_CAS-I-II-III-IV-V-VI	DXJN01000049_28	259	198	0.0013	16.2	22971	23747	DXJN01000049	28	0.1891891891891892	0.25252525252525254	-1
CasR_0_CAS-I-II-III-IV-V-VI	DXJN01000049_46	154	198	0.0028	15.1	43914	44375	DXJN01000049	46	0.36363636363636365	0.25757575757575757	-1
CasR_0_CAS-I-II-III-IV-V-VI	DXJN01000049_55	152	198	7.9e-05	20.1	56331	56786	DXJN01000049	55	0.4605263157894737	0.2727272727272727	-1
CasR_0_CAS-I-II-III-IV-V-VI	DXJN01000050_65	166	198	6.8e-07	26.9	72287	72784	DXJN01000050	65	0.3614457831325301	0.30303030303030304	1
CasR_0_CAS-I-II-III-IV-V-VI	DXJN01000051_14	237	198	0.0014	16.0	11229	11939	DXJN01000051	14	0.2742616033755274	0.32323232323232326	-1
CasR_0_CAS-I-II-III-IV-V-VI	DXJN01000051_25	292	198	0.0047	14.4	22786	23661	DXJN01000051	25	0.19863013698630136	0.20202020202020202	1
CasR_0_CAS-I-II-III-IV-V-VI	DXJN01000056_104	224	198	4.5e-06	24.2	92916	93587	DXJN01000056	104	0.41964285714285715	0.2474747474747475	-1
CasR_0_CAS-I-II-III-IV-V-VI	DXJN01000056_20	312	198	0.0063	13.9	12510	13445	DXJN01000056	20	0.36217948717948717	0.2878787878787879	1
CasR_0_CAS-I-II-III-IV-V-VI	DXJN01000056_82	181	198	0.0027	15.1	70981	71523	DXJN01000056	82	0.43646408839779005	0.40404040404040403	1
CasR_0_CAS-I-II-III-IV-V-VI	DXJN01000071_32	262	198	2.4e-05	21.8	32147	32932	DXJN01000071	32	0.41603053435114506	0.5151515151515151	-1
CasR_0_CAS-I-II-III-IV-V-VI	DXJN01000071_4	84	198	0.00022	18.7	1168	1419	DXJN01000071	4	0.6666666666666666	0.2727272727272727	-1
CasR_0_CAS-I-II-III-IV-V-VI	DXJN01000071_45	223	198	1.8e-08	32.0	47819	48487	DXJN01000071	45	0.6278026905829597	0.6919191919191919	1
CasR_0_CAS-III-B-III-D	DXJN01000017_12	74	255	0.046	11.0	18162	18383	DXJN01000017	12	0.7972972972972973	0.20784313725490197	-1
CasR_0_CAS-III-B-III-D	DXJN01000020_41	474	255	1.4	6.2	35082	36503	DXJN01000020	41	0.40717299578059074	0.2784313725490196	1
CasR_0_CAS-III-B-III-D	DXJN01000020_88	224	255	2.3	5.5	82201	82872	DXJN01000020	88	0.8616071428571429	0.3803921568627451	-1
CasR_0_CAS-III-B-III-D	DXJN01000025_129	474	255	0.86	6.8	146144	147565	DXJN01000025	129	0.3438818565400844	0.29411764705882354	-1
CasR_0_CAS-III-B-III-D	DXJN01000047_214	945	255	0.036	11.3	248764	251598	DXJN01000047	214	0.18518518518518517	0.5333333333333333	-1
CasR_0_CAS-III-B-III-D	DXJN01000047_238	223	255	1.0	6.6	274965	275633	DXJN01000047	238	0.4484304932735426	0.27058823529411763	-1
CasR_0_CAS-III-B-III-D	DXJN01000048_1	515	255	4.2e-13	47.2	529	2073	DXJN01000048	1	0.29320388349514565	0.6196078431372549	1
CasR_0_CAS-III-B-III-D	DXJN01000064_52	264	255	8.1	3.7	47565	48356	DXJN01000064	52	0.23863636363636365	0.2549019607843137	-1
CasR_1_CAS-I-II-III-IV-V-VI	DXJN01000002_26	247	218	1e-05	22.6	14288	15028	DXJN01000002	26	0.44129554655870445	0.481651376146789	-1
CasR_1_CAS-I-II-III-IV-V-VI	DXJN01000004_22	112	218	1.4e-06	25.4	22259	22594	DXJN01000004	22	0.6875	0.3532110091743119	-1
CasR_1_CAS-I-II-III-IV-V-VI	DXJN01000004_23	171	218	1.5e-05	22.1	22761	23273	DXJN01000004	23	0.29239766081871343	0.22935779816513763	1
CasR_1_CAS-I-II-III-IV-V-VI	DXJN01000005_49	830	218	0.011	12.7	48719	51208	DXJN01000005	49	0.22048192771084338	0.6238532110091743	1
CasR_1_CAS-I-II-III-IV-V-VI	DXJN01000007_101	85	218	0.0016	15.4	121408	121662	DXJN01000007	101	0.6235294117647059	0.24770642201834864	1
CasR_1_CAS-I-II-III-IV-V-VI	DXJN01000015_68	150	218	0.0011	16.0	57437	57886	DXJN01000015	68	0.4666666666666667	0.3211009174311927	1
CasR_1_CAS-I-II-III-IV-V-VI	DXJN01000015_83	182	218	0.00096	16.2	70649	71194	DXJN01000015	83	0.27472527472527475	0.22935779816513763	-1
CasR_1_CAS-I-II-III-IV-V-VI	DXJN01000017_89	132	218	1.6e-05	22.0	88869	89264	DXJN01000017	89	0.4015151515151515	0.25229357798165136	1
CasR_1_CAS-I-II-III-IV-V-VI	DXJN01000019_46	160	218	0.0011	16.0	49945	50424	DXJN01000019	46	0.45	0.3302752293577982	-1
CasR_1_CAS-I-II-III-IV-V-VI	DXJN01000020_100	789	218	0.19	8.7	95093	97459	DXJN01000020	100	0.16730038022813687	0.3394495412844037	-1
CasR_1_CAS-I-II-III-IV-V-VI	DXJN01000020_11	139	218	0.00038	17.5	8479	8895	DXJN01000020	11	0.4028776978417266	0.25229357798165136	1
CasR_1_CAS-I-II-III-IV-V-VI	DXJN01000024_100	44	218	0.012	12.6	90104	90235	DXJN01000024	100	0.9545454545454546	0.19724770642201836	-1
CasR_1_CAS-I-II-III-IV-V-VI	DXJN01000025_77	231	218	7.8e-06	23.0	83670	84362	DXJN01000025	77	0.18614718614718614	0.19724770642201836	-1
CasR_1_CAS-I-II-III-IV-V-VI	DXJN01000030_4	162	218	0.00057	16.9	2332	2817	DXJN01000030	4	0.4876543209876543	0.3440366972477064	1
CasR_1_CAS-I-II-III-IV-V-VI	DXJN01000034_1	399	218	0.00071	16.6	1	1197	DXJN01000034	1	0.13283208020050125	0.24311926605504589	-1
CasR_1_CAS-I-II-III-IV-V-VI	DXJN01000035_116	559	218	6.4e-05	20.0	121822	123498	DXJN01000035	116	0.16279069767441862	0.19724770642201836	-1
CasR_1_CAS-I-II-III-IV-V-VI	DXJN01000035_61	108	218	2.9e-07	27.7	60258	60581	DXJN01000035	61	0.6944444444444444	0.3348623853211009	1
CasR_1_CAS-I-II-III-IV-V-VI	DXJN01000037_31	281	218	0.0044	14.0	26338	27180	DXJN01000037	31	0.4092526690391459	0.5321100917431193	-1
CasR_1_CAS-I-II-III-IV-V-VI	DXJN01000039_20	149	218	0.0023	15.0	15900	16346	DXJN01000039	20	0.35570469798657717	0.24311926605504589	-1
CasR_1_CAS-I-II-III-IV-V-VI	DXJN01000046_6	244	218	0.00015	18.9	4231	4962	DXJN01000046	6	0.47950819672131145	0.3165137614678899	-1
CasR_1_CAS-I-II-III-IV-V-VI	DXJN01000047_10	418	218	2.7e-07	27.8	12207	13460	DXJN01000047	10	0.2631578947368421	0.27522935779816515	1
CasR_1_CAS-I-II-III-IV-V-VI	DXJN01000047_64	231	218	0.0046	13.9	70210	70902	DXJN01000047	64	0.18614718614718614	0.1926605504587156	1
CasR_1_CAS-I-II-III-IV-V-VI	DXJN01000047_82	140	218	6e-08	29.9	85095	85514	DXJN01000047	82	0.3142857142857143	0.2018348623853211	-1
CasR_1_CAS-I-II-III-IV-V-VI	DXJN01000047_85	266	218	0.00054	17.0	87265	88062	DXJN01000047	85	0.24060150375939848	0.28440366972477066	1
CasR_1_CAS-I-II-III-IV-V-VI	DXJN01000048_10	218	218	6.1e-05	20.1	12639	13292	DXJN01000048	10	0.3073394495412844	0.28440366972477066	1
CasR_1_CAS-I-II-III-IV-V-VI	DXJN01000048_17	91	218	2.2e-05	21.6	16845	17117	DXJN01000048	17	0.5494505494505495	0.22935779816513763	1
CasR_1_CAS-I-II-III-IV-V-VI	DXJN01000048_76	138	218	0.0017	15.4	56294	56707	DXJN01000048	76	0.4927536231884058	0.3165137614678899	1
CasR_1_CAS-I-II-III-IV-V-VI	DXJN01000049_104	152	218	0.00012	19.1	104749	105204	DXJN01000049	104	0.3223684210526316	0.23394495412844038	1
CasR_1_CAS-I-II-III-IV-V-VI	DXJN01000049_107	144	218	1.1e-08	32.3	106824	107255	DXJN01000049	107	0.3472222222222222	0.22935779816513763	-1
CasR_1_CAS-I-II-III-IV-V-VI	DXJN01000049_28	259	218	0.00033	17.7	22971	23747	DXJN01000049	28	0.21621621621621623	0.26146788990825687	-1
CasR_1_CAS-I-II-III-IV-V-VI	DXJN01000049_3	302	218	0.00083	16.4	1523	2428	DXJN01000049	3	0.2682119205298013	0.3761467889908257	-1
CasR_1_CAS-I-II-III-IV-V-VI	DXJN01000049_46	154	218	0.0019	15.2	43914	44375	DXJN01000049	46	0.36363636363636365	0.23394495412844038	-1
CasR_1_CAS-I-II-III-IV-V-VI	DXJN01000049_52	224	218	0.0086	13.1	51653	52324	DXJN01000049	52	0.35267857142857145	0.37155963302752293	1
CasR_1_CAS-I-II-III-IV-V-VI	DXJN01000049_55	152	218	1.7e-05	21.9	56331	56786	DXJN01000049	55	0.5328947368421053	0.3073394495412844	-1
CasR_1_CAS-I-II-III-IV-V-VI	DXJN01000050_65	166	218	3.3e-08	30.8	72287	72784	DXJN01000050	65	0.4879518072289157	0.38990825688073394	1
CasR_1_CAS-I-II-III-IV-V-VI	DXJN01000051_14	237	218	0.0059	13.6	11229	11939	DXJN01000051	14	0.2616033755274262	0.2798165137614679	-1
CasR_1_CAS-I-II-III-IV-V-VI	DXJN01000051_25	292	218	1.6e-05	22.0	22786	23661	DXJN01000051	25	0.3047945205479452	0.28440366972477066	1
CasR_1_CAS-I-II-III-IV-V-VI	DXJN01000056_104	224	218	8.8e-08	29.4	92916	93587	DXJN01000056	104	0.39285714285714285	0.23394495412844038	-1
CasR_1_CAS-I-II-III-IV-V-VI	DXJN01000056_20	312	218	0.00015	18.8	12510	13445	DXJN01000056	20	0.4967948717948718	0.4908256880733945	1
CasR_1_CAS-I-II-III-IV-V-VI	DXJN01000056_82	181	218	1.3e-05	22.2	70981	71523	DXJN01000056	82	0.44751381215469616	0.38073394495412843	1
CasR_1_CAS-I-II-III-IV-V-VI	DXJN01000056_83	190	218	0.00028	17.9	71551	72120	DXJN01000056	83	0.3736842105263158	0.3256880733944954	-1
CasR_1_CAS-I-II-III-IV-V-VI	DXJN01000057_17	295	218	0.00051	17.1	20104	20988	DXJN01000057	17	0.5389830508474577	0.27522935779816515	-1
CasR_1_CAS-I-II-III-IV-V-VI	DXJN01000071_32	262	218	2.8e-05	21.2	32147	32932	DXJN01000071	32	0.2748091603053435	0.3073394495412844	-1
CasR_1_CAS-I-II-III-IV-V-VI	DXJN01000071_4	84	218	0.00014	18.9	1168	1419	DXJN01000071	4	0.6785714285714286	0.26146788990825687	-1
CasR_1_CAS-I-II-III-IV-V-VI	DXJN01000071_45	223	218	1.4e-09	35.3	47819	48487	DXJN01000071	45	0.6098654708520179	0.6146788990825688	1
CasR_1_CAS-III-D	DXJN01000034_27	728	493	0.0009	15.9	26814	28997	DXJN01000034	27	0.10302197802197802	0.13793103448275862	1
CasR_1_CAS-III-D	DXJN01000047_248	400	493	0.023	11.2	283429	284628	DXJN01000047	248	0.18	0.1257606490872211	1
CasR_2_CAS-III-D	DXJN01000066_4	69	636	0.028	10.6	2684	2890	DXJN01000066	4	0.782608695652174	0.08333333333333333	1
Cmr1gr7_6_CAS-III-B-III-C	DXJN01000004_76	427	81	0.17	10.2	78315	79595	DXJN01000004	76	0.10304449648711944	0.5432098765432098	1
Cmr1gr7_7_CAS-III-B-III-C	DXJN01000057_52	227	346	0.0067	13.7	55260	55940	DXJN01000057	52	0.6255506607929515	0.3901734104046243	1
Cmr3gr5_0_CAS-III-B-III-C	DXJN01000025_32	180	373	0.006	13.1	41406	41945	DXJN01000025	32	0.5111111111111111	0.21715817694369974	-1
Cmr3gr5_1_CAS-III-B-III-C	DXJN01000020_5	93	324	0.0038	14.8	3073	3351	DXJN01000020	5	0.4838709677419355	0.1388888888888889	1
Cmr4_0_IIIB	DXJN01000023_3	268	283	1.2e-07	29.7	4811	5614	DXJN01000023	3	0.47388059701492535	0.392226148409894	1
Cmr4_1_IIIB	DXJN01000023_3	268	281	1.3e-06	26.1	4811	5614	DXJN01000023	3	0.15298507462686567	0.14590747330960854	1
Cmr4gr7_0_CAS-III-B-III-C	DXJN01000023_3	268	282	3.9e-08	31.1	4811	5614	DXJN01000023	3	0.5261194029850746	0.4219858156028369	1
Cmr4gr7_1_CAS-III-B-III-C	DXJN01000023_3	268	309	1.4e-11	42.1	4811	5614	DXJN01000023	3	0.5447761194029851	0.4336569579288026	1
Cmr4gr7_1_CAS-III-B-III-C	DXJN01000023_5	433	309	0.00013	19.4	6769	8067	DXJN01000023	5	0.19168591224018475	0.18770226537216828	1
Cmr5gr11_11_CAS-III-B	DXJN01000007_47	829	161	0.6	7.9	63367	65853	DXJN01000007	47	0.25814234016887816	0.7639751552795031	-1
Cmr5gr11_11_CAS-III-B	DXJN01000023_6	259	161	0.0033	15.2	8073	8849	DXJN01000023	6	0.1891891891891892	0.30434782608695654	1
Cmr5gr11_13_CAS-III-B	DXJN01000024_7	276	170	0.016	13.1	4906	5733	DXJN01000024	7	0.11594202898550725	0.18823529411764706	1
Cmr5gr11_14_CAS-III-B	DXJN01000041_9	250	118	0.021	13.0	8378	9127	DXJN01000041	9	0.288	0.4661016949152542	1
Cmr5gr11_1_CAS-III-C	DXJN01000004_75	213	180	0.11	10.1	77530	78168	DXJN01000004	75	0.4225352112676056	0.40555555555555556	-1
Cmr5gr11_5_CAS-III-B	DXJN01000024_154	627	156	0.92	7.4	145911	147791	DXJN01000024	154	0.32057416267942584	0.4807692307692308	-1
Cmr5gr11_9_CAS-III-B	DXJN01000051_92	231	137	0.018	12.3	93956	94648	DXJN01000051	92	0.42424242424242425	0.6204379562043796	1
Cmr6_0_IIIB	DXJN01000023_3	268	213	1.5e-05	22.7	4811	5614	DXJN01000023	3	0.44776119402985076	0.49295774647887325	1
Cmr6_0_IIIB	DXJN01000023_5	433	213	0.00022	18.9	6769	8067	DXJN01000023	5	0.19861431870669746	0.3004694835680751	1
Cmr6_0_IIIC	DXJN01000023_3	268	252	0.0061	14.0	4811	5614	DXJN01000023	3	0.29850746268656714	0.23015873015873015	1
Cmr6_1_IIIB	DXJN01000023_3	268	264	5.9e-06	23.9	4811	5614	DXJN01000023	3	0.43656716417910446	0.3977272727272727	1
Cmr6gr7_0_CAS-III-B-III-C	DXJN01000023_3	268	544	0.0044	13.7	4811	5614	DXJN01000023	3	0.19402985074626866	0.10661764705882353	1
Cmr6gr7_1_CAS-III-B-III-C	DXJN01000023_3	268	218	1.1e-06	26.2	4811	5614	DXJN01000023	3	0.6828358208955224	0.7660550458715596	1
Cmr6gr7_1_CAS-III-B-III-C	DXJN01000023_5	433	218	3.5e-05	21.4	6769	8067	DXJN01000023	5	0.18013856812933027	0.28440366972477066	1
Cmr6gr7_2_CAS-III-B-III-C	DXJN01000023_3	268	262	1.3e-06	26.1	4811	5614	DXJN01000023	3	0.4291044776119403	0.3702290076335878	1
Cmr6gr7_2_CAS-III-B-III-C	DXJN01000029_88	148	262	0.032	11.6	93897	94340	DXJN01000029	88	0.6351351351351351	0.30916030534351147	1
CorA_1_CAS-III-B	DXJN01000001_1	217	125	0.027	12.2	140	790	DXJN01000001	1	0.5576036866359447	0.52	1
CorA_1_CAS-III-B	DXJN01000007_35	269	125	5.6	4.7	44560	45366	DXJN01000007	35	0.3382899628252788	0.496	-1
CorA_1_CAS-III-B	DXJN01000025_39	132	125	1.7	6.4	48192	48587	DXJN01000025	39	0.6515151515151515	0.28	1
Csa3_0_CAS-I-II-III-IV-V-VI	DXJN01000023_40	134	164	0.011	13.3	50775	51176	DXJN01000023	40	0.21641791044776118	0.17682926829268292	1
Csa3_1_CAS-I-II-III-IV-V-VI	DXJN01000004_22	112	118	3.9e-14	50.8	22259	22594	DXJN01000004	22	0.8928571428571429	0.7627118644067796	-1
Csa3_1_CAS-I-II-III-IV-V-VI	DXJN01000005_49	830	118	0.012	13.8	48719	51208	DXJN01000005	49	0.20481927710843373	0.6440677966101694	1
Csa3_1_CAS-I-II-III-IV-V-VI	DXJN01000007_117	98	118	2e-06	26.0	136903	137196	DXJN01000007	117	0.8877551020408163	0.7627118644067796	-1
Csa3_1_CAS-I-II-III-IV-V-VI	DXJN01000015_68	150	118	0.0023	16.1	57437	57886	DXJN01000015	68	0.68	0.7542372881355932	1
Csa3_1_CAS-I-II-III-IV-V-VI	DXJN01000017_89	132	118	1.7e-13	48.7	88869	89264	DXJN01000017	89	0.5378787878787878	0.6779661016949152	1
Csa3_1_CAS-I-II-III-IV-V-VI	DXJN01000020_39	433	118	0.013	13.7	32672	33970	DXJN01000020	39	0.17782909930715934	0.3813559322033898	1
Csa3_1_CAS-I-II-III-IV-V-VI	DXJN01000020_8	473	118	5.4e-07	27.8	5162	6580	DXJN01000020	8	0.19873150105708245	0.6779661016949152	-1
Csa3_1_CAS-I-II-III-IV-V-VI	DXJN01000025_77	231	118	5e-05	21.5	83670	84362	DXJN01000025	77	0.2943722943722944	0.576271186440678	-1
Csa3_1_CAS-I-II-III-IV-V-VI	DXJN01000035_24	126	118	6.4e-06	24.4	22158	22535	DXJN01000035	24	0.42857142857142855	0.5084745762711864	-1
Csa3_1_CAS-I-II-III-IV-V-VI	DXJN01000035_61	108	118	4.7e-11	40.9	60258	60581	DXJN01000035	61	0.6944444444444444	0.6610169491525424	1
Csa3_1_CAS-I-II-III-IV-V-VI	DXJN01000046_6	244	118	8.3e-06	24.0	4231	4962	DXJN01000046	6	0.5778688524590164	0.7627118644067796	-1
Csa3_1_CAS-I-II-III-IV-V-VI	DXJN01000047_10	418	118	1.4e-06	26.5	12207	13460	DXJN01000047	10	0.34688995215311	0.6271186440677966	1
Csa3_1_CAS-I-II-III-IV-V-VI	DXJN01000048_17	91	118	0.019	13.1	16845	17117	DXJN01000048	17	0.6263736263736264	0.5338983050847458	1
Csa3_1_CAS-I-II-III-IV-V-VI	DXJN01000048_37	659	118	2.1e-05	22.7	31402	33378	DXJN01000048	37	0.13960546282245828	0.6440677966101694	1
Csa3_1_CAS-I-II-III-IV-V-VI	DXJN01000049_107	144	118	0.00042	18.5	106824	107255	DXJN01000049	107	0.3472222222222222	0.4322033898305085	-1
Csa3_1_CAS-I-II-III-IV-V-VI	DXJN01000049_28	259	118	1.6e-08	32.7	22971	23747	DXJN01000049	28	0.26640926640926643	0.6101694915254238	-1
Csa3_1_CAS-I-II-III-IV-V-VI	DXJN01000049_3	302	118	0.0036	15.5	1523	2428	DXJN01000049	3	0.18874172185430463	0.5169491525423728	-1
Csa3_1_CAS-I-II-III-IV-V-VI	DXJN01000056_167	118	118	6.9e-08	30.7	158206	158559	DXJN01000056	167	0.7033898305084746	0.6779661016949152	1
Csa3_1_CAS-I-II-III-IV-V-VI	DXJN01000057_17	295	118	0.023	12.9	20104	20988	DXJN01000057	17	0.19661016949152543	0.5254237288135594	-1
Csa3_1_CAS-I-II-III-IV-V-VI	DXJN01000059_12	110	118	0.0097	14.1	13008	13337	DXJN01000059	12	0.33636363636363636	0.3389830508474576	-1
Csa3_1_CAS-I-II-III-IV-V-VI	DXJN01000071_4	84	118	0.00065	17.9	1168	1419	DXJN01000071	4	0.7023809523809523	0.5423728813559322	-1
Csa3_1_CAS-I-II-III-IV-V-VI	DXJN01000071_45	223	118	0.0049	15.0	47819	48487	DXJN01000071	45	0.25112107623318386	0.3983050847457627	1
Csa5gr11_0_CAS-I-A	DXJN01000029_90	96	135	0.11	10.3	95091	95378	DXJN01000029	90	0.4791666666666667	0.2518518518518518	-1
Csa5gr11_10_CAS-I-A	DXJN01000011_13	454	106	0.08	11.1	12047	13408	DXJN01000011	13	0.29955947136563876	0.5660377358490566	-1
Csa5gr11_5_CAS-I-A	DXJN01000049_108	151	127	0.0053	14.8	107799	108251	DXJN01000049	108	0.2119205298013245	0.25984251968503935	-1
Csa5gr11_5_CAS-I-A	DXJN01000064_128	458	127	0.54	8.3	127362	128735	DXJN01000064	128	0.3078602620087336	0.7559055118110236	-1
Csa5gr11_7_CAS-I-A	DXJN01000049_54	530	125	0.022	12.8	54367	55956	DXJN01000049	54	0.16981132075471697	0.552	-1
Csa5gr11_9_CAS-I-A	DXJN01000018_5	389	115	0.018	12.6	6154	7320	DXJN01000018	5	0.15424164524421594	0.4434782608695652	-1
CsaX_0_IA	DXJN01000034_22	273	281	0.0013	15.8	23579	24397	DXJN01000034	22	0.2857142857142857	0.28113879003558717	1
Csc2gr7_0_CAS-I-D	DXJN01000023_3	268	274	0.03	11.6	4811	5614	DXJN01000023	3	0.16417910447761194	0.17518248175182483	1
Csc2gr7_0_CAS-I-D	DXJN01000029_154	433	274	0.024	11.9	149158	150456	DXJN01000029	154	0.15935334872979215	0.22992700729927007	1
Csf1_0_IV	DXJN01000034_31	697	227	0.11	9.9	33187	35277	DXJN01000034	31	0.13199426111908177	0.33480176211453744	1
Csf2_0_IV	DXJN01000023_3	268	329	2.6e-09	34.8	4811	5614	DXJN01000023	3	0.6007462686567164	0.5075987841945289	1
Csf2_0_IV	DXJN01000023_5	433	329	0.0078	13.5	6769	8067	DXJN01000023	5	0.06235565819861432	0.08206686930091185	1
Csf2_1_IVA3	DXJN01000020_49	346	263	0.59	7.1	40805	41842	DXJN01000020	49	0.16184971098265896	0.20912547528517111	1
Csf2_1_IVA3	DXJN01000024_21	492	263	2.2	5.3	21063	22538	DXJN01000024	21	0.4410569105691057	0.3231939163498099	1
Csf4_0_IVA	DXJN01000005_32	624	666	6.3e-07	26.1	31259	33130	DXJN01000005	32	0.25961538461538464	0.25825825825825827	-1
Csf4_0_IVA	DXJN01000024_211	341	666	9.2e-07	25.6	213743	214765	DXJN01000024	211	0.21114369501466276	0.1111111111111111	1
Csf4_0_IVA	DXJN01000049_65	306	666	1.1	5.5	63962	64879	DXJN01000049	65	0.630718954248366	0.13813813813813813	1
Csf4_1_IVA1	DXJN01000057_2	669	802	0.011	11.7	924	2930	DXJN01000057	2	0.14499252615844543	0.486284289276808	1
Csf4_3_IVE	DXJN01000005_32	624	648	2.7e-10	37.3	31259	33130	DXJN01000005	32	0.4967948717948718	0.4567901234567901	-1
Csm2_0_IIIA	DXJN01000023_2	130	96	1.8e-13	49.0	4420	4809	DXJN01000023	2	0.6461538461538462	0.9895833333333334	1
Csm2_0_IIIA	DXJN01000024_150	250	96	2.8	6.7	140746	141495	DXJN01000024	150	0.488	0.7916666666666666	-1
Csm2_0_IIIA	DXJN01000025_89	729	96	7.6	5.3	99107	101293	DXJN01000025	89	0.07956104252400549	0.5729166666666666	-1
Csm2_1_IIIA	DXJN01000023_2	130	139	5.2e-12	44.0	4420	4809	DXJN01000023	2	0.6923076923076923	0.6906474820143885	1
Csm2gr11_0_CAS-III-A	DXJN01000023_2	130	95	3.7e-13	48.0	4420	4809	DXJN01000023	2	0.6384615384615384	0.9894736842105263	1
Csm2gr11_0_CAS-III-A	DXJN01000024_150	250	95	1.1	8.0	140746	141495	DXJN01000024	150	0.492	0.8631578947368421	-1
Csm2gr11_0_CAS-III-A	DXJN01000025_89	729	95	0.76	8.6	99107	101293	DXJN01000025	89	0.09739368998628258	0.5263157894736842	-1
Csm2gr11_2_CAS-III-A	DXJN01000023_2	130	142	1.5e-13	49.2	4420	4809	DXJN01000023	2	0.7153846153846154	0.7112676056338029	1
Csm2gr11_2_CAS-III-A	DXJN01000029_147	167	142	0.0027	15.9	143907	144407	DXJN01000029	147	0.4491017964071856	0.49295774647887325	-1
Csm2gr11_5_CAS-III-A	DXJN01000023_2	130	120	0.004	15.0	4420	4809	DXJN01000023	2	0.7769230769230769	0.6916666666666667	1
Csm2gr11_6_CAS-III-A	DXJN01000023_2	130	139	1.1e-07	29.7	4420	4809	DXJN01000023	2	0.6384615384615384	0.6546762589928058	1
Csm2gr11_7_CAS-III-A	DXJN01000007_35	269	110	0.02	13.7	44560	45366	DXJN01000007	35	0.30111524163568776	0.7	-1
Csm2gr11_7_CAS-III-A	DXJN01000023_2	130	110	1.4e-20	72.2	4420	4809	DXJN01000023	2	0.7923076923076923	0.9818181818181818	1
Csm2gr11_7_CAS-III-A	DXJN01000024_150	250	110	1.7	7.5	140746	141495	DXJN01000024	150	0.408	0.6454545454545455	-1
Csm2gr11_7_CAS-III-A	DXJN01000025_89	729	110	4.2	6.3	99107	101293	DXJN01000025	89	0.24142661179698216	0.5909090909090909	-1
Csm3_0_IIIA	DXJN01000009_8	391	203	0.022	12.5	7172	8344	DXJN01000009	8	0.10485933503836317	0.1724137931034483	1
Csm3_0_IIIA	DXJN01000023_3	268	203	1.3e-64	215.7	4811	5614	DXJN01000023	3	0.7835820895522388	0.9950738916256158	1
Csm3_0_IIIA	DXJN01000023_4	368	203	0.00096	17.0	5645	6748	DXJN01000023	4	0.1875	0.3399014778325123	1
Csm3_0_IIIA	DXJN01000023_5	433	203	0.0069	14.1	6769	8067	DXJN01000023	5	0.10623556581986143	0.1477832512315271	1
Csm3_0_IIIAD	DXJN01000023_3	268	650	7.5e-05	19.5	4811	5614	DXJN01000023	3	0.3694029850746269	0.15538461538461537	1
Csm3_0_IIID	DXJN01000023_3	268	178	6.1e-17	60.9	4811	5614	DXJN01000023	3	0.7089552238805971	0.9662921348314607	1
Csm3_0_IIID	DXJN01000023_5	433	178	1.6e-08	33.5	6769	8067	DXJN01000023	5	0.5612009237875288	0.898876404494382	1
Csm3_1_IIIAD	DXJN01000023_3	268	189	4.8e-16	57.4	4811	5614	DXJN01000023	3	0.7388059701492538	0.9682539682539683	1
Csm3_1_IIIAD	DXJN01000023_5	433	189	9.4e-12	43.3	6769	8067	DXJN01000023	5	0.5842956120092379	0.8624338624338624	1
Csm3_1_IIID	DXJN01000023_3	268	257	3.1999999999999998e-62	208.2	4811	5614	DXJN01000023	3	0.914179104477612	0.9494163424124513	1
Csm3_1_IIID	DXJN01000023_4	368	257	0.0016	15.8	5645	6748	DXJN01000023	4	0.22826086956521738	0.311284046692607	1
Csm3_1_IIID	DXJN01000023_5	433	257	0.00016	19.2	6769	8067	DXJN01000023	5	0.18475750577367206	0.29571984435797666	1
Csm3gr7_0_CAS-III-A-III-D	DXJN01000023_3	268	210	3.2e-18	63.8	4811	5614	DXJN01000023	3	0.7985074626865671	0.9857142857142858	1
Csm3gr7_0_CAS-III-A-III-D	DXJN01000023_5	433	210	0.00048	17.5	6769	8067	DXJN01000023	5	0.19168591224018475	0.3476190476190476	1
Csm3gr7_10_CAS-III-A-III-D	DXJN01000023_5	433	228	0.00058	17.2	6769	8067	DXJN01000023	5	0.2471131639722864	0.4649122807017544	1
Csm3gr7_12_CAS-III-A-III-D	DXJN01000023_3	268	199	4.9e-19	67.3	4811	5614	DXJN01000023	3	0.753731343283582	1.0	1
Csm3gr7_12_CAS-III-A-III-D	DXJN01000023_5	433	199	1.2e-17	62.7	6769	8067	DXJN01000023	5	0.651270207852194	0.7989949748743719	1
Csm3gr7_1_CAS-III-A-III-D	DXJN01000009_8	391	215	0.021	12.4	7172	8344	DXJN01000009	8	0.10485933503836317	0.16279069767441862	1
Csm3gr7_1_CAS-III-A-III-D	DXJN01000023_3	268	215	7.4e-70	232.9	4811	5614	DXJN01000023	3	0.832089552238806	0.9906976744186047	1
Csm3gr7_1_CAS-III-A-III-D	DXJN01000023_4	368	215	6e-05	20.7	5645	6748	DXJN01000023	4	0.19293478260869565	0.3302325581395349	1
Csm3gr7_1_CAS-III-A-III-D	DXJN01000023_5	433	215	0.0033	15.1	6769	8067	DXJN01000023	5	0.09699769053117784	0.13023255813953488	1
Csm3gr7_2_CAS-III-A-III-D	DXJN01000023_3	268	180	2.9e-21	74.5	4811	5614	DXJN01000023	3	0.7276119402985075	0.9944444444444445	1
Csm3gr7_2_CAS-III-A-III-D	DXJN01000023_5	433	180	1.7e-11	42.7	6769	8067	DXJN01000023	5	0.42032332563510394	0.6944444444444444	1
Csm3gr7_4_CAS-III-A-III-D	DXJN01000023_3	268	640	0.00014	18.8	4811	5614	DXJN01000023	3	0.20149253731343283	0.084375	1
Csm3gr7_8_CAS-III-A-III-D	DXJN01000023_3	268	256	5.3999999999999995e-62	207.3	4811	5614	DXJN01000023	3	0.9216417910447762	0.953125	1
Csm3gr7_8_CAS-III-A-III-D	DXJN01000023_4	368	256	0.00029	18.2	5645	6748	DXJN01000023	4	0.23369565217391305	0.31640625	1
Csm3gr7_8_CAS-III-A-III-D	DXJN01000023_5	433	256	5.6e-05	20.5	6769	8067	DXJN01000023	5	0.19168591224018475	0.30859375	1
Csm3gr7_8_CAS-III-A-III-D	DXJN01000023_6	259	256	0.016	12.4	8073	8849	DXJN01000023	6	0.28957528957528955	0.16796875	1
Csm4_0_IIIA	DXJN01000023_3	268	302	8.9e-06	23.0	4811	5614	DXJN01000023	3	0.291044776119403	0.24834437086092714	1
Csm4_0_IIIA	DXJN01000023_4	368	302	9.1e-45	151.0	5645	6748	DXJN01000023	4	0.9157608695652174	0.9403973509933775	1
Csm4_1_IIIA	DXJN01000023_3	268	319	8.1e-05	19.6	4811	5614	DXJN01000023	3	0.17164179104477612	0.14733542319749215	1
Csm4_1_IIIA	DXJN01000023_4	368	319	1.4e-36	124.0	5645	6748	DXJN01000023	4	0.9103260869565217	0.9122257053291536	1
Csm4gr5_0_CAS-III-A	DXJN01000023_3	268	301	1.2e-05	22.6	4811	5614	DXJN01000023	3	0.26865671641791045	0.2292358803986711	1
Csm4gr5_0_CAS-III-A	DXJN01000023_4	368	301	3e-43	146.0	5645	6748	DXJN01000023	4	0.9157608695652174	0.9401993355481728	1
Csm4gr5_0_CAS-III-A-III-D	DXJN01000023_4	368	317	7.2e-19	66.0	5645	6748	DXJN01000023	4	0.8369565217391305	0.8454258675078864	1
Csm4gr5_0_CAS-III-A-III-D	DXJN01000029_131	117	317	5.4	4.0	134020	134370	DXJN01000029	131	0.8632478632478633	0.3186119873817035	1
Csm4gr5_1_CAS-III-A	DXJN01000023_3	268	315	3.4e-06	24.3	4811	5614	DXJN01000023	3	0.2835820895522388	0.23809523809523808	1
Csm4gr5_1_CAS-III-A	DXJN01000023_4	368	315	8.7e-42	141.3	5645	6748	DXJN01000023	4	0.9157608695652174	0.9206349206349206	1
Csm5_0_IIIA	DXJN01000023_3	268	364	9e-05	19.9	4811	5614	DXJN01000023	3	0.208955223880597	0.15384615384615385	1
Csm5_0_IIIA	DXJN01000023_5	433	364	4.3e-27	93.3	6769	8067	DXJN01000023	5	0.8683602771362586	0.8983516483516484	1
Csm5_1_IIIA	DXJN01000023_3	268	373	0.00066	17.1	4811	5614	DXJN01000023	3	0.4141791044776119	0.2734584450402145	1
Csm5_1_IIIA	DXJN01000023_5	433	373	5.5999999999999996e-24	83.1	6769	8067	DXJN01000023	5	0.9745958429561201	0.9946380697050938	1
Csm5gr7_0_CAS-III-A-III-D	DXJN01000023_3	268	365	8e-05	19.9	4811	5614	DXJN01000023	3	0.26865671641791045	0.2	1
Csm5gr7_0_CAS-III-A-III-D	DXJN01000023_5	433	365	3e-28	96.9	6769	8067	DXJN01000023	5	0.8337182448036952	0.8712328767123287	1
Csm5gr7_1_CAS-III-A-III-D	DXJN01000023_3	268	369	2e-05	22.3	4811	5614	DXJN01000023	3	0.26119402985074625	0.18699186991869918	1
Csm5gr7_1_CAS-III-A-III-D	DXJN01000023_5	433	369	4.8000000000000004e-30	103.3	6769	8067	DXJN01000023	5	0.9745958429561201	0.994579945799458	1
Csm5gr7_3_CAS-III-A-III-D	DXJN01000023_5	433	391	1.5e-17	61.5	6769	8067	DXJN01000023	5	0.8799076212471132	0.9539641943734015	1
Csm6_2_CAS-III	DXJN01000071_45	223	184	0.014	12.5	47819	48487	DXJN01000071	45	0.23766816143497757	0.27717391304347827	1
Csm6_6_CAS-III	DXJN01000002_26	247	136	0.0087	13.8	14288	15028	DXJN01000002	26	0.2834008097165992	0.49264705882352944	-1
Csm6_6_CAS-III	DXJN01000048_1	515	136	0.015	13.0	529	2073	DXJN01000048	1	0.3533980582524272	0.6764705882352942	1
Csm6_6_CAS-III	DXJN01000071_45	223	136	0.0019	16.0	47819	48487	DXJN01000071	45	0.24663677130044842	0.3897058823529412	1
Csm6_7_CAS-III	DXJN01000005_90	298	373	0.029	11.0	95182	96075	DXJN01000005	90	0.12751677852348994	0.10455764075067024	-1
Csn2_11_CAS-II-A	DXJN01000035_119	276	283	0.0031	15.0	125733	126560	DXJN01000035	119	0.2318840579710145	0.22968197879858657	1
Csn2_11_CAS-II-A	DXJN01000056_132	273	283	0.0021	15.5	124459	125277	DXJN01000056	132	0.2087912087912088	0.21554770318021202	-1
Csn2_7_CAS-II-A	DXJN01000017_6	247	372	0.0083	12.9	12254	12994	DXJN01000017	6	0.48582995951417	0.3225806451612903	1
Csn2_7_CAS-II-A	DXJN01000049_24	258	372	0.00034	17.5	18981	19754	DXJN01000049	24	0.313953488372093	0.21505376344086022	1
Csn2_7_CAS-II-A	DXJN01000056_28	242	372	2.9e-06	24.3	20372	21097	DXJN01000056	28	0.4297520661157025	0.271505376344086	-1
Csn2_7_CAS-II-A	DXJN01000064_16	293	372	0.1	9.3	13161	14039	DXJN01000064	16	0.4300341296928328	0.2956989247311828	-1
Csn2_8_CAS-II-A	DXJN01000025_99	316	335	0.0012	15.8	114780	115727	DXJN01000025	99	0.4588607594936709	0.42388059701492536	-1
Csx17_0_IU	DXJN01000029_73	118	718	0.037	10.5	75526	75879	DXJN01000029	73	0.3559322033898305	0.0584958217270195	-1
Csx19_11_CAS-III-D	DXJN01000035_89	201	139	0.0034	15.2	91683	92285	DXJN01000035	89	0.24875621890547264	0.3381294964028777	1
Csx19_13_CAS-III-D	DXJN01000002_30	592	136	0.0022	15.8	17971	19746	DXJN01000002	30	0.22804054054054054	0.4411764705882353	1
Csx19_15_CAS-III-D	DXJN01000051_30	240	149	0.0044	14.8	27354	28073	DXJN01000051	30	0.24166666666666667	0.3959731543624161	1
Csx19_17_CAS-III-D	DXJN01000056_26	112	157	0.015	12.8	19001	19336	DXJN01000056	26	0.5982142857142857	0.42038216560509556	1
Csx1_12_CAS-III	DXJN01000029_138	199	425	0.01	12.6	138445	139041	DXJN01000029	138	0.628140703517588	0.25882352941176473	1
Csx1_12_CAS-III	DXJN01000057_8	251	425	0.0084	12.9	10207	10959	DXJN01000057	8	0.3545816733067729	0.20941176470588235	-1
Csx1_13_CAS-III	DXJN01000013_19	198	426	0.012	12.3	15928	16521	DXJN01000013	19	0.4292929292929293	0.19953051643192488	-1
Csx1_16_CAS-III	DXJN01000048_1	515	420	5.4e-08	29.8	529	2073	DXJN01000048	1	0.43106796116504853	0.44047619047619047	1
Csx1_1_CAS-III	DXJN01000029_22	289	214	0.016	13.1	25099	25965	DXJN01000029	22	0.27335640138408307	0.3364485981308411	1
Csx1_1_CAS-III	DXJN01000064_121	563	214	0.13	10.1	119574	121262	DXJN01000064	121	0.14742451154529307	0.34579439252336447	-1
Csx1_20_CAS-III	DXJN01000002_26	247	379	1e-05	22.4	14288	15028	DXJN01000002	26	0.4008097165991903	0.21635883905013192	-1
Csx1_20_CAS-III	DXJN01000024_99	172	379	0.0054	13.4	89583	90098	DXJN01000024	99	0.47674418604651164	0.1820580474934037	1
Csx1_20_CAS-III	DXJN01000048_1	515	379	3.6e-53	178.5	529	2073	DXJN01000048	1	0.8	0.9868073878627969	1
Csx1_4_CAS-III	DXJN01000002_26	247	380	3.3e-05	20.6	14288	15028	DXJN01000002	26	0.2631578947368421	0.16578947368421051	-1
Csx1_4_CAS-III	DXJN01000048_1	515	380	3.3e-33	112.8	529	2073	DXJN01000048	1	0.7203883495145631	0.9552631578947368	1
Csx1_5_CAS-III	DXJN01000048_1	515	132	0.00035	18.5	529	2073	DXJN01000048	1	0.2174757281553398	0.946969696969697	1
Csx1_5_CAS-III	DXJN01000048_10	218	132	0.00075	17.4	12639	13292	DXJN01000048	10	0.3761467889908257	0.6060606060606061	1
Csx1_5_CAS-III	DXJN01000071_32	262	132	0.00018	19.4	32147	32932	DXJN01000071	32	0.2862595419847328	0.6060606060606061	-1
Csx1_9_CAS-III	DXJN01000002_26	247	378	2e-06	24.8	14288	15028	DXJN01000002	26	0.4008097165991903	0.21957671957671956	-1
Csx1_9_CAS-III	DXJN01000024_99	172	378	0.0079	12.9	89583	90098	DXJN01000024	99	0.4069767441860465	0.17195767195767195	1
Csx1_9_CAS-III	DXJN01000048_1	515	378	6.8e-57	190.9	529	2073	DXJN01000048	1	0.8077669902912621	0.9947089947089947	1
Csx20_1_CAS-I-III	DXJN01000064_49	190	125	0.023	13.1	44819	45388	DXJN01000064	49	0.4368421052631579	0.384	-1
Csx27_0_CAS-VI-B	DXJN01000004_65	238	238	0.0046	14.9	66512	67225	DXJN01000004	65	0.29831932773109243	0.3025210084033613	1
Csx27_0_CAS-VI-B	DXJN01000024_192	161	238	0.066	11.1	193246	193728	DXJN01000024	192	0.30434782608695654	0.20168067226890757	1
Csx27_0_CAS-VI-B	DXJN01000035_27	73	238	0.0038	15.2	25613	25831	DXJN01000035	27	0.8356164383561644	0.24789915966386555	-1
Csx3_2_CAS-I-III	DXJN01000017_30	449	277	0.013	12.5	37675	39021	DXJN01000017	30	0.0757238307349666	0.10469314079422383	1
Csx3_2_CAS-I-III	DXJN01000017_82	405	277	0.037	10.9	82848	84062	DXJN01000017	82	0.04938271604938271	0.07220216606498195	-1
Csx3_2_CAS-I-III	DXJN01000020_29	553	277	0.0059	13.5	24161	25819	DXJN01000020	29	0.06148282097649186	0.12274368231046931	-1
Csx3_2_CAS-I-III	DXJN01000038_5	263	277	0.017	12.0	3976	4764	DXJN01000038	5	0.1444866920152091	0.148014440433213	-1
Csx3_2_CAS-I-III	DXJN01000044_43	458	277	0.048	10.6	46151	47524	DXJN01000044	43	0.1091703056768559	0.18050541516245489	-1
Csx3_2_CAS-I-III	DXJN01000045_9	627	277	0.014	12.3	8001	9881	DXJN01000045	9	0.049441786283891544	0.11191335740072202	-1
Csx3_2_CAS-I-III	DXJN01000047_55	348	277	0.011	12.7	60029	61072	DXJN01000047	55	0.13218390804597702	0.16967509025270758	1
Csx3_2_CAS-I-III	DXJN01000049_29	742	277	0.0033	14.4	23798	26023	DXJN01000049	29	0.05525606469002695	0.08303249097472924	-1
Csx3_2_CAS-I-III	DXJN01000051_97	268	277	0.0022	15.0	96634	97437	DXJN01000051	97	0.12313432835820895	0.11913357400722022	1
Csx3_2_CAS-I-III	DXJN01000070_34	178	277	0.00077	16.4	31021	31554	DXJN01000070	34	0.15730337078651685	0.10108303249097472	-1
CysH_0_IVB	DXJN01000004_9	375	249	0.00021	18.9	7480	8604	DXJN01000004	9	0.144	0.20883534136546184	-1
CysH_0_IVB	DXJN01000050_32	396	249	5.2e-05	20.8	31859	33046	DXJN01000050	32	0.16414141414141414	0.2570281124497992	-1
CysH_0_IVB	DXJN01000050_69	518	249	0.00089	16.8	76424	77977	DXJN01000050	69	0.14671814671814673	0.3092369477911647	-1
CysH_0_IVB	DXJN01000056_127	275	249	0.0023	15.4	118779	119603	DXJN01000056	127	0.3781818181818182	0.42168674698795183	-1
CysH_0_IVB	DXJN01000062_41	328	249	0.0017	15.8	35405	36388	DXJN01000062	41	0.0701219512195122	0.09236947791164658	1
CysH_0_IVB	DXJN01000064_62	463	249	9.5e-23	78.9	57001	58389	DXJN01000064	62	0.34773218142548595	0.6506024096385542	-1
HEAT_CxxC_PDDEXK_0_CAS-I-C	DXJN01000007_39	1102	288	0.00031	17.8	49600	52905	DXJN01000007	39	0.09891107078039928	0.2777777777777778	-1
HEAT_CxxC_PDDEXK_0_CAS-I-C	DXJN01000017_8	481	288	4.6e-20	69.7	13704	15146	DXJN01000017	8	0.7817047817047817	0.4131944444444444	1
HTH_0_CAS-III-A	DXJN01000024_149	246	364	0.56	7.1	140009	140746	DXJN01000024	149	0.6788617886178862	0.25824175824175827	-1
Mem_02_0_CAS-III-D	DXJN01000015_32	185	270	0.01	13.1	26957	27511	DXJN01000015	32	0.40540540540540543	0.2814814814814815	1
Mem_DnaJ_0_CAS-III-AM	DXJN01000070_36	378	284	0.0071	13.5	32673	33806	DXJN01000070	36	0.14285714285714285	0.20774647887323944	-1
NYN_0_CAS-III-B	DXJN01000015_79	182	320	0.03	11.3	67838	68383	DXJN01000015	79	0.532967032967033	0.30625	1
NYN_0_CAS-III-B	DXJN01000023_42	178	320	4.3e-14	50.2	52660	53193	DXJN01000023	42	0.8764044943820225	0.478125	1
NYN_0_CAS-III-B	DXJN01000024_150	250	320	6.9	3.5	140746	141495	DXJN01000024	150	0.728	0.33125	-1
NYN_0_CAS-III-B	DXJN01000035_3	166	320	1.8e-18	64.6	1345	1842	DXJN01000035	3	0.9518072289156626	0.484375	1
NYN_0_CAS-III-B	DXJN01000036_15	178	320	2.1e-16	57.8	33747	34280	DXJN01000036	15	0.8820224719101124	0.48125	-1
PD_DExK_2_CAS-I-II-III-IV-V-VI	DXJN01000045_3	127	127	0.0056	14.0	1865	2245	DXJN01000045	3	0.7952755905511811	0.8267716535433071	1
PD_DExK_NucC_0_CAS-III-A	DXJN01000049_78	255	228	0.014	12.6	74780	75544	DXJN01000049	78	0.5490196078431373	0.6228070175438597	1
PrimPol_1_CAS-I-II-III-IV-V-VI	DXJN01000029_67	245	130	0.011	13.6	67995	68729	DXJN01000029	67	0.27346938775510204	0.4153846153846154	-1
PrimPol_1_CAS-I-II-III-IV-V-VI	DXJN01000049_55	152	130	0.023	12.6	56331	56786	DXJN01000049	55	0.2894736842105263	0.3384615384615385	-1
RT_0_CAS-I-II-III-IV-V-VI	DXJN01000033_48	1045	213	1.8e-11	41.9	49045	52179	DXJN01000033	48	0.1291866028708134	0.6807511737089202	1
RT_0_CAS-III-AM-III-B	DXJN01000014_53	115	298	0.0099	12.6	51032	51376	DXJN01000014	53	0.3739130434782609	0.14429530201342283	1
RT_0_CAS-III-AM-III-B	DXJN01000033_48	1045	298	1e-15	55.2	49045	52179	DXJN01000033	48	0.13014354066985645	0.4597315436241611	1
RecD_0_IVD	DXJN01000015_17	591	763	0.0021	14.0	14350	16122	DXJN01000015	17	0.1658206429780034	0.1258191349934469	1
RecD_0_IVD	DXJN01000029_148	291	763	0.02	10.8	144573	145445	DXJN01000029	148	0.20618556701030927	0.0799475753604194	-1
RecD_0_IVD	DXJN01000052_11	320	763	0.0033	13.3	9611	10570	DXJN01000052	11	0.39375	0.16644823066841416	1
RecD_0_IVD	DXJN01000056_13	300	763	0.0013	14.7	6539	7438	DXJN01000056	13	0.41333333333333333	0.15465268676277852	1
RecD_0_IVD	DXJN01000056_28	242	763	0.014	11.3	20372	21097	DXJN01000056	28	0.28512396694214875	0.0891218872870249	-1
SSgr11_1_CAS-III-F	DXJN01000068_17	214	97	0.00011	19.9	16134	16775	DXJN01000068	17	0.34579439252336447	0.6391752577319587	1
TPR_0_CAS-III-A	DXJN01000024_10	81	435	0.0012	15.7	6751	6993	DXJN01000024	10	0.8024691358024691	0.1425287356321839	-1
TPR_0_CAS-III-B	DXJN01000005_75	484	488	2.5e-14	50.7	80249	81700	DXJN01000005	75	0.609504132231405	0.4098360655737705	-1
TPR_0_CAS-III-B	DXJN01000005_78	309	488	6.5e-08	29.5	83033	83959	DXJN01000005	78	0.7637540453074434	0.29713114754098363	-1
TPR_0_CAS-III-B	DXJN01000019_26	794	488	7.4e-08	29.3	25518	27899	DXJN01000019	26	0.41183879093198994	0.4262295081967213	-1
TPR_0_CAS-III-B	DXJN01000019_27	832	488	1.1e-12	45.3	28035	30530	DXJN01000019	27	0.46274038461538464	0.6147540983606558	-1
TPR_0_CAS-III-B	DXJN01000019_30	795	488	8.7e-09	32.4	31539	33923	DXJN01000019	30	0.36981132075471695	0.47950819672131145	-1
TPR_0_CAS-III-B	DXJN01000019_33	652	488	3.6e-05	20.5	35771	37726	DXJN01000019	33	0.4125766871165644	0.45286885245901637	-1
TPR_0_CAS-III-B	DXJN01000024_13	1192	488	1.1e-58	197.0	8812	12387	DXJN01000024	13	0.6887583892617449	0.6045081967213115	-1
TPR_0_CAS-III-B	DXJN01000025_20	800	488	1.8e-09	34.6	23663	26062	DXJN01000025	20	0.34375	0.4692622950819672	1
TPR_0_CAS-III-B	DXJN01000027_3	609	488	1.3e-12	45.0	657	2483	DXJN01000027	3	0.6190476190476191	0.49385245901639346	-1
TPR_0_CAS-III-B	DXJN01000027_58	181	488	9.4e-05	19.1	55034	55576	DXJN01000027	58	0.5469613259668509	0.2028688524590164	1
TPR_1_CAS-III-A	DXJN01000005_49	830	462	0.0001	19.0	48719	51208	DXJN01000005	49	0.18795180722891566	0.22077922077922077	1
TPR_1_CAS-III-A	DXJN01000013_35	956	462	2.1e-09	34.4	29156	32023	DXJN01000013	35	0.45292887029288703	0.5086580086580087	-1
TPR_1_CAS-III-B	DXJN01000004_13	131	537	5.6e-05	19.9	12223	12615	DXJN01000004	13	0.6793893129770993	0.18063314711359404	-1
TPR_1_CAS-III-B	DXJN01000013_35	956	537	0.0008	16.0	29156	32023	DXJN01000013	35	0.2112970711297071	0.2644320297951583	-1
TPR_1_CAS-III-B	DXJN01000019_26	794	537	9.2e-06	22.4	25518	27899	DXJN01000019	26	0.29848866498740556	0.3743016759776536	-1
TPR_1_CAS-III-B	DXJN01000024_13	1192	537	1.3e-19	68.1	8812	12387	DXJN01000024	13	0.6057046979865772	0.4301675977653631	-1
TPR_1_CAS-III-B	DXJN01000024_154	627	537	1.1e-08	32.1	145911	147791	DXJN01000024	154	0.37161084529505584	0.1378026070763501	-1
TPR_1_CAS-III-B	DXJN01000024_99	172	537	0.0013	15.3	89583	90098	DXJN01000024	99	0.5290697674418605	0.1750465549348231	1
TPR_1_CAS-III-B	DXJN01000027_3	609	537	4.3e-05	20.2	657	2483	DXJN01000027	3	0.3694581280788177	0.4227188081936685	-1
TniQ_0_CAS-I-F	DXJN01000005_140	266	139	0.024	13.3	150825	151622	DXJN01000005	140	0.32706766917293234	0.45323741007194246	1
TniQ_0_CAS-I-F	DXJN01000007_104	60	139	0.0023	16.7	125633	125812	DXJN01000007	104	0.5333333333333333	0.22302158273381295	-1
TniQ_0_CAS-I-F	DXJN01000037_58	654	139	0.019	13.7	54825	56786	DXJN01000037	58	0.12538226299694188	0.43884892086330934	-1
TniQ_0_CAS-I-F	DXJN01000055_8	157	139	0.21	10.3	9442	9912	DXJN01000055	8	0.5668789808917197	0.26618705035971224	-1
TniQ_1_I-F	DXJN01000020_117	77	400	7.5e-05	19.7	114119	114349	DXJN01000020	117	0.922077922077922	0.1875	-1
TniQ_1_I-F	DXJN01000023_29	177	400	0.0015	15.5	37447	37977	DXJN01000023	29	0.4180790960451977	0.1725	1
TniQ_1_I-F	DXJN01000047_71	165	400	1.1	6.0	74922	75416	DXJN01000047	71	0.4121212121212121	0.115	1
TnsB_0_V-K	DXJN01000050_40	575	621	0.0031	13.6	39601	41325	DXJN01000050	40	0.04869565217391304	0.04508856682769726	1
TnsC_0_V-K	DXJN01000020_116	398	283	1.3e-08	32.1	112820	114013	DXJN01000020	116	0.550251256281407	0.7243816254416962	1
Unk_03_0_CAS-III-B	DXJN01000020_107	153	186	0.14	10.0	104618	105076	DXJN01000020	107	0.5555555555555556	0.27956989247311825	-1
Unk_03_0_CAS-III-B	DXJN01000025_89	729	186	0.78	7.6	99107	101293	DXJN01000025	89	0.12757201646090535	0.3709677419354839	-1
WYL_3_CAS-I-II-III-IV-V-VI	DXJN01000024_86	1215	172	2.9	5.8	77127	80771	DXJN01000024	86	0.11522633744855967	0.23255813953488372	1
WYL_3_CAS-I-II-III-IV-V-VI	DXJN01000071_39	98	172	0.00039	18.4	44434	44727	DXJN01000071	39	0.7959183673469388	0.436046511627907	1
htpX_0_CAS-III-B	DXJN01000014_43	530	343	1.1e-11	42.3	40140	41729	DXJN01000014	43	0.18867924528301888	0.2944606413994169	-1
tm_4_0_CAS-VI-B	DXJN01000004_65	238	225	0.014	13.3	66512	67225	DXJN01000004	65	0.3025210084033613	0.31555555555555553	1
