Hmm	ORF	tlen	qlen	Eval	score	start	end	Acc	Pos	Cov_seq	Cov_hmm	strand
AbiEii_0_CAS-III	BCNA01000001_1336	300	284	0.00039	18.0	1327375	1328274	BCNA01000001	1336	0.41333333333333333	0.4154929577464789	-1
AbiEii_0_CAS-III	BCNA01000001_1357	742	284	0.00085	16.9	1344908	1347133	BCNA01000001	1357	0.05256064690026954	0.07042253521126761	-1
AbiEii_0_CAS-III	BCNA01000001_1462	1196	284	5.6e-07	27.3	1442039	1445626	BCNA01000001	1462	0.08110367892976589	0.36619718309859156	-1
AbiEii_0_CAS-III	BCNA01000001_1476	250	284	6.8e-06	23.7	1457452	1458201	BCNA01000001	1476	0.372	0.31338028169014087	-1
AbiEii_0_CAS-III	BCNA01000001_1558	251	284	7.5e-06	23.6	1528302	1529054	BCNA01000001	1558	0.3944223107569721	0.3415492957746479	-1
AbiEii_0_CAS-III	BCNA01000001_1585	356	284	3.3e-05	21.5	1554432	1555499	BCNA01000001	1585	0.22191011235955055	0.2887323943661972	-1
AbiEii_0_CAS-III	BCNA01000001_1596	851	284	0.00055	17.5	1566572	1569124	BCNA01000001	1596	0.055229142185663924	0.09154929577464789	-1
AbiEii_0_CAS-III	BCNA01000001_1632	311	284	0.00011	19.8	1602463	1603395	BCNA01000001	1632	0.19935691318327975	0.20422535211267606	-1
AbiEii_0_CAS-III	BCNA01000001_1637	892	284	9.5e-05	20.0	1608777	1611452	BCNA01000001	1637	0.14798206278026907	0.46830985915492956	-1
AbiEii_0_CAS-III	BCNA01000001_1774	246	284	3.2e-05	21.5	1758154	1758891	BCNA01000001	1774	0.34959349593495936	0.2852112676056338	1
AbiEii_0_CAS-III	BCNA01000001_1775	239	284	0.00021	18.8	1758888	1759604	BCNA01000001	1775	0.401673640167364	0.3204225352112676	1
AbiEii_0_CAS-III	BCNA01000001_1811	449	284	0.0035	14.8	1795575	1796921	BCNA01000001	1811	0.26948775055679286	0.4154929577464789	1
AbiEii_0_CAS-III	BCNA01000001_1837	247	284	4.9e-07	27.5	1818773	1819513	BCNA01000001	1837	0.41700404858299595	0.3485915492957746	1
AbiEii_0_CAS-III	BCNA01000001_1847	315	284	2.5e-07	28.5	1828500	1829444	BCNA01000001	1847	0.2920634920634921	0.30633802816901406	-1
AbiEii_0_CAS-III	BCNA01000001_1863	610	284	8.1e-05	20.2	1842213	1844042	BCNA01000001	1863	0.17049180327868851	0.23943661971830985	1
AbiEii_0_CAS-III	BCNA01000001_1902	314	284	0.0097	13.4	1876374	1877315	BCNA01000001	1902	0.3184713375796178	0.33098591549295775	-1
AbiEii_0_CAS-III	BCNA01000001_1972	891	284	0.01	13.3	1937585	1940257	BCNA01000001	1972	0.20202020202020202	0.43661971830985913	1
AbiEii_0_CAS-III	BCNA01000001_2017	271	284	5.5e-07	27.3	1981595	1982407	BCNA01000001	2017	0.2140221402214022	0.19718309859154928	-1
AbiEii_0_CAS-III	BCNA01000001_2042	641	284	9.4e-05	20.0	2001965	2003887	BCNA01000001	2042	0.14508580343213728	0.3415492957746479	-1
AbiEii_0_CAS-III	BCNA01000001_2063	389	284	0.0055	14.2	2022191	2023357	BCNA01000001	2063	0.2467866323907455	0.3485915492957746	1
AbiEii_0_CAS-III	BCNA01000001_2098	235	284	4.9e-06	24.2	2057919	2058623	BCNA01000001	2098	0.33617021276595743	0.2746478873239437	-1
AbiEii_0_CAS-III	BCNA01000001_2143	241	284	6.5e-08	30.4	2100657	2101379	BCNA01000001	2143	0.3817427385892116	0.3204225352112676	-1
AbiEii_0_CAS-III	BCNA01000001_2144	271	284	3.5e-05	21.4	2101376	2102188	BCNA01000001	2144	0.4944649446494465	0.4471830985915493	-1
AbiEii_0_CAS-III	BCNA01000001_2210	339	284	0.0001	19.9	2166635	2167651	BCNA01000001	2210	0.2861356932153392	0.31690140845070425	1
AbiEii_0_CAS-III	BCNA01000001_226	228	284	0.0002	18.9	223792	224475	BCNA01000001	226	0.43859649122807015	0.3345070422535211	1
AbiEii_0_CAS-III	BCNA01000001_2314	519	284	0.0092	13.5	2263321	2264877	BCNA01000001	2314	0.19460500963391136	0.3380281690140845	-1
AbiEii_0_CAS-III	BCNA01000001_2356	214	284	0.0039	14.7	2308127	2308768	BCNA01000001	2356	0.29906542056074764	0.2535211267605634	-1
AbiEii_0_CAS-III	BCNA01000001_2470	450	284	0.0038	14.7	2417049	2418398	BCNA01000001	2470	0.10666666666666667	0.16901408450704225	1
AbiEii_0_CAS-III	BCNA01000001_2764	248	284	0.002	15.7	2694355	2695098	BCNA01000001	2764	0.4596774193548387	0.3873239436619718	-1
AbiEii_0_CAS-III	BCNA01000001_2765	253	284	2e-07	28.7	2695095	2695853	BCNA01000001	2765	0.4268774703557312	0.35563380281690143	-1
AbiEii_0_CAS-III	BCNA01000001_2821	407	284	0.015	12.8	2749173	2750393	BCNA01000001	2821	0.09090909090909091	0.1267605633802817	1
AbiEii_0_CAS-III	BCNA01000001_2882	272	284	0.023	12.2	2810171	2810986	BCNA01000001	2882	0.20220588235294118	0.19014084507042253	1
AbiEii_0_CAS-III	BCNA01000001_29	380	284	0.00041	17.9	30293	31432	BCNA01000001	29	0.4105263157894737	0.5528169014084507	1
AbiEii_0_CAS-III	BCNA01000001_2903	446	284	0.021	12.3	2826722	2828059	BCNA01000001	2903	0.17937219730941703	0.28169014084507044	-1
AbiEii_0_CAS-III	BCNA01000001_2950	193	284	0.0039	14.7	2869031	2869609	BCNA01000001	2950	0.15025906735751296	0.09507042253521127	-1
AbiEii_0_CAS-III	BCNA01000001_2977	405	284	3.3e-05	21.5	2897100	2898314	BCNA01000001	2977	0.18765432098765433	0.2605633802816901	-1
AbiEii_0_CAS-III	BCNA01000001_370	270	284	2.4e-06	25.2	356144	356953	BCNA01000001	370	0.22962962962962963	0.2112676056338028	1
AbiEii_0_CAS-III	BCNA01000001_391	301	284	9.7e-08	29.8	372121	373023	BCNA01000001	391	0.4119601328903654	0.38380281690140844	-1
AbiEii_0_CAS-III	BCNA01000001_464	334	284	4.5e-05	21.0	449446	450447	BCNA01000001	464	0.26047904191616766	0.2887323943661972	-1
AbiEii_0_CAS-III	BCNA01000001_47	314	284	5.3e-08	30.6	42685	43626	BCNA01000001	47	0.321656050955414	0.30633802816901406	1
AbiEii_0_CAS-III	BCNA01000001_476	251	284	7.7e-09	33.4	463450	464202	BCNA01000001	476	0.4262948207171315	0.3591549295774648	1
AbiEii_0_CAS-III	BCNA01000001_489	392	284	0.0025	15.3	478523	479698	BCNA01000001	489	0.061224489795918366	0.08450704225352113	-1
AbiEii_0_CAS-III	BCNA01000001_501	271	284	9.6e-07	26.5	496470	497282	BCNA01000001	501	0.35793357933579334	0.3204225352112676	1
AbiEii_0_CAS-III	BCNA01000001_502	233	284	0.00014	19.4	497279	497977	BCNA01000001	502	0.4978540772532189	0.4084507042253521	1
AbiEii_0_CAS-III	BCNA01000001_579	246	284	0.00056	17.5	571488	572225	BCNA01000001	579	0.45934959349593496	0.36971830985915494	-1
AbiEii_0_CAS-III	BCNA01000001_580	252	284	0.00031	18.3	572218	572973	BCNA01000001	580	0.14285714285714285	0.1267605633802817	-1
AbiEii_0_CAS-III	BCNA01000001_600	236	284	0.0001	19.9	592939	593646	BCNA01000001	600	0.652542372881356	0.5316901408450704	-1
AbiEii_0_CAS-III	BCNA01000001_719	758	284	0.00017	19.2	702282	704555	BCNA01000001	719	0.06860158311345646	0.10915492957746478	1
AbiEii_0_CAS-III	BCNA01000001_733	706	284	8.1e-05	20.2	716145	718262	BCNA01000001	733	0.1048158640226629	0.1795774647887324	1
AbiEii_0_CAS-III	BCNA01000001_748	277	284	0.038	11.4	730449	731279	BCNA01000001	748	0.23104693140794225	0.22183098591549297	1
AbiEii_0_CAS-III	BCNA01000001_749	252	284	2e-09	35.3	731276	732031	BCNA01000001	749	0.44047619047619047	0.3732394366197183	1
AbiEii_0_CAS-III	BCNA01000001_822	377	284	0.00017	19.2	797631	798761	BCNA01000001	822	0.38992042440318303	0.49295774647887325	1
AbiEii_0_CAS-III	BCNA01000001_832	399	284	0.00019	19.0	808657	809853	BCNA01000001	832	0.3182957393483709	0.44014084507042256	-1
AbiEii_0_CAS-III	BCNA01000001_917	234	284	0.00015	19.3	905952	906653	BCNA01000001	917	0.33760683760683763	0.2746478873239437	-1
AbiEii_0_CAS-III	BCNA01000002_11	242	284	1.2e-08	32.7	15672	16397	BCNA01000002	11	0.4628099173553719	0.3345070422535211	1
AbiEii_0_CAS-III	BCNA01000002_110	387	284	2.7e-06	25.0	107382	108542	BCNA01000002	110	0.19896640826873385	0.28169014084507044	-1
AbiEii_0_CAS-III	BCNA01000002_180	376	284	0.0002	18.9	192408	193535	BCNA01000002	180	0.3191489361702128	0.4225352112676056	1
AbiEii_0_CAS-III	BCNA01000002_248	311	284	3.7e-05	21.3	266172	267104	BCNA01000002	248	0.3022508038585209	0.30985915492957744	-1
AbiEii_0_CAS-III	BCNA01000002_339	320	284	2.3e-05	22.0	374466	375425	BCNA01000002	339	0.253125	0.2640845070422535	1
AbiEii_0_CAS-III	BCNA01000002_51	269	284	1.4e-05	22.7	48557	49363	BCNA01000002	51	0.26765799256505574	0.25	1
AbiEii_0_CAS-III	BCNA01000002_52	233	284	0.00084	16.9	49363	50061	BCNA01000002	52	0.3218884120171674	0.2535211267605634	1
AbiEii_0_CAS-III	BCNA01000002_88	250	284	0.00021	18.9	83168	83917	BCNA01000002	88	0.2	0.17253521126760563	1
AbiEii_0_CAS-III	BCNA01000003_185	570	284	0.026	12.0	212644	214353	BCNA01000003	185	0.13859649122807016	0.28169014084507044	1
AbiEii_0_CAS-III	BCNA01000003_22	380	284	0.0094	13.4	28035	29174	BCNA01000003	22	0.37105263157894736	0.5140845070422535	1
AbiEii_0_CAS-III	BCNA01000003_27	272	284	1.3e-05	22.8	34251	35066	BCNA01000003	27	0.35294117647058826	0.31338028169014087	1
AbiEii_0_CAS-III	BCNA01000003_272	645	284	8.1e-05	20.2	287132	289066	BCNA01000003	272	0.13643410852713178	0.3274647887323944	-1
AbiEii_0_CAS-III	BCNA01000003_300	235	284	4.2e-09	34.3	317247	317951	BCNA01000003	300	0.41702127659574467	0.3345070422535211	-1
AbiEii_0_CAS-III	BCNA01000003_301	276	284	0.0095	13.4	317948	318775	BCNA01000003	301	0.25	0.23591549295774647	-1
AbiEii_0_CAS-III	BCNA01000003_326	377	284	7.8e-05	20.3	349221	350351	BCNA01000003	326	0.22811671087533156	0.3204225352112676	1
AbiEii_0_CAS-III	BCNA01000003_330	255	284	0.0005	17.6	353192	353956	BCNA01000003	330	0.4235294117647059	0.3873239436619718	-1
AbiEii_0_CAS-III	BCNA01000003_53	582	284	1.3e-09	35.9	77393	79138	BCNA01000003	53	0.3402061855670103	0.4154929577464789	1
AbiEii_0_CAS-III	BCNA01000004_37	411	284	0.00037	18.1	43309	44541	BCNA01000004	37	0.20194647201946472	0.3028169014084507	1
AbiEii_0_CAS-III	BCNA01000004_48	488	284	0.012	13.1	62354	63817	BCNA01000004	48	0.06147540983606557	0.1056338028169014	1
AbiEii_0_CAS-III	BCNA01000004_78	1159	284	0.00011	19.8	99913	103389	BCNA01000004	78	0.1544434857635893	0.6408450704225352	1
AbiEii_0_CAS-III	BCNA01000005_44	449	284	0.0045	14.5	40849	42195	BCNA01000005	44	0.0779510022271715	0.11971830985915492	1
AbiEii_0_CAS-III	BCNA01000006_85	624	284	3.9e-07	27.8	76581	78452	BCNA01000006	85	0.16666666666666666	0.29225352112676056	-1
AbiEii_1_CAS-III-A	BCNA01000001_1336	300	335	3e-06	24.5	1327375	1328274	BCNA01000001	1336	0.28	0.25671641791044775	-1
AbiEii_1_CAS-III-A	BCNA01000001_1558	251	335	0.00027	18.1	1528302	1529054	BCNA01000001	1558	0.35856573705179284	0.2716417910447761	-1
AbiEii_1_CAS-III-A	BCNA01000001_1632	311	335	0.0091	13.1	1602463	1603395	BCNA01000001	1632	0.09646302250803858	0.08955223880597014	-1
AbiEii_1_CAS-III-A	BCNA01000001_1774	246	335	0.034	11.2	1758154	1758891	BCNA01000001	1774	0.12195121951219512	0.08955223880597014	1
AbiEii_1_CAS-III-A	BCNA01000001_1902	314	335	1.4e-05	22.3	1876374	1877315	BCNA01000001	1902	0.267515923566879	0.25671641791044775	-1
AbiEii_1_CAS-III-A	BCNA01000001_2017	271	335	0.024	11.7	1981595	1982407	BCNA01000001	2017	0.1033210332103321	0.08358208955223881	-1
AbiEii_1_CAS-III-A	BCNA01000001_2063	389	335	0.0017	15.5	2022191	2023357	BCNA01000001	2063	0.2467866323907455	0.3074626865671642	1
AbiEii_1_CAS-III-A	BCNA01000001_2144	271	335	0.00024	18.3	2101376	2102188	BCNA01000001	2144	0.33210332103321033	0.9104477611940298	-1
AbiEii_1_CAS-III-A	BCNA01000001_2764	248	335	0.0014	15.8	2694355	2695098	BCNA01000001	2764	0.3225806451612903	0.22686567164179106	-1
AbiEii_1_CAS-III-A	BCNA01000001_2765	253	335	0.012	12.7	2695095	2695853	BCNA01000001	2765	0.12648221343873517	0.0955223880597015	-1
AbiEii_1_CAS-III-A	BCNA01000001_2882	272	335	0.017	12.2	2810171	2810986	BCNA01000001	2882	0.27941176470588236	0.23582089552238805	1
AbiEii_1_CAS-III-A	BCNA01000001_476	251	335	7.4e-08	29.8	463450	464202	BCNA01000001	476	0.38247011952191234	0.28955223880597014	1
AbiEii_1_CAS-III-A	BCNA01000001_748	277	335	0.0016	15.5	730449	731279	BCNA01000001	748	0.296028880866426	0.2507462686567164	1
AbiEii_1_CAS-III-A	BCNA01000001_749	252	335	0.023	11.8	731276	732031	BCNA01000001	749	0.16666666666666666	0.11940298507462686	1
AbiEii_1_CAS-III-A	BCNA01000002_11	242	335	0.024	11.7	15672	16397	BCNA01000002	11	0.16942148760330578	0.11641791044776119	1
AbiEii_1_CAS-III-A	BCNA01000002_248	311	335	0.0091	13.1	266172	267104	BCNA01000002	248	0.0932475884244373	0.08656716417910448	-1
AbiEii_1_CAS-III-A	BCNA01000002_339	320	335	0.0029	14.7	374466	375425	BCNA01000002	339	0.225	0.2208955223880597	1
AbiEii_1_CAS-III-A	BCNA01000002_51	269	335	0.035	11.1	48557	49363	BCNA01000002	51	0.22676579925650558	0.18208955223880596	1
AbiEii_1_CAS-III-A	BCNA01000003_300	235	335	0.017	12.1	317247	317951	BCNA01000003	300	0.1829787234042553	0.12238805970149254	-1
Cas10_0_IIIA	BCNA01000001_109	181	650	0.002	14.8	96380	96922	BCNA01000001	109	0.48066298342541436	0.12	1
Cas10_1_CAS-III	BCNA01000001_1063	222	654	0.044	10.2	1055141	1055806	BCNA01000001	1063	0.35135135135135137	0.11926605504587157	-1
Cas10_1_CAS-III	BCNA01000001_1212	325	654	0.024	11.1	1203884	1204858	BCNA01000001	1212	0.14461538461538462	0.07492354740061162	1
Cas10_1_CAS-III	BCNA01000001_1422	62	654	0.026	10.9	1407148	1407333	BCNA01000001	1422	0.6612903225806451	0.05963302752293578	-1
Cas10_1_CAS-III	BCNA01000001_2262	69	654	0.02	11.3	2212816	2213022	BCNA01000001	2262	0.6666666666666666	0.0672782874617737	-1
Cas10_1_CAS-III	BCNA01000001_2878	54	654	0.022	11.2	2807378	2807539	BCNA01000001	2878	0.6851851851851852	0.05657492354740061	1
Cas10d_0_CAS-I-D	BCNA01000001_524	822	807	0.0	1304.8	518375	520840	BCNA01000001	524	0.9647201946472019	0.9838909541511772	1
Cas10d_0_ID	BCNA01000001_524	822	946	7.5e-05	18.8	518375	520840	BCNA01000001	524	0.22141119221411193	0.19661733615221988	1
Cas10d_7_CAS-I-D	BCNA01000001_524	822	955	1.5e-06	24.5	518375	520840	BCNA01000001	524	0.18369829683698297	0.16020942408376965	1
Cas11b_0_CAS-I-B	BCNA01000001_457	439	170	3.8	5.2	442803	444119	BCNA01000001	457	0.3416856492027335	0.4588235294117647	-1
Cas12a_0_CAS-V-A	BCNA01000001_2103	796	1244	0.083	8.5	2062205	2064592	BCNA01000001	2103	0.48115577889447236	0.17282958199356913	1
Cas12a_0_VA	BCNA01000001_1306	205	1288	0.014	10.9	1296931	1297545	BCNA01000001	1306	0.34146341463414637	0.05512422360248447	-1
Cas12a_0_VA	BCNA01000002_147	653	1288	5.5	2.3	152519	154477	BCNA01000002	147	0.4349157733537519	0.1110248447204969	1
Cas12a_1_CAS-V-A	BCNA01000001_237	60	1086	1.6	4.4	232365	232544	BCNA01000001	237	0.5166666666666667	0.03314917127071823	-1
Cas12a_1_CAS-V-A	BCNA01000001_686	425	1086	0.0004	16.3	669429	670703	BCNA01000001	686	0.09411764705882353	0.04511970534069982	1
Cas12a_1_CAS-V-A	BCNA01000001_958	172	1086	0.00025	17.0	958605	959120	BCNA01000001	958	0.3023255813953488	0.055248618784530384	-1
Cas12b1_0_CAS-V-B	BCNA01000001_958	172	1125	2.8e-09	33.3	958605	959120	BCNA01000001	958	0.5523255813953488	0.09244444444444444	-1
Cas12b1_0_CAS-V-B	BCNA01000005_89	424	1125	8.7e-05	18.4	85331	86602	BCNA01000005	89	0.21462264150943397	0.08088888888888889	1
Cas12b2_0_CAS-V-B	BCNA01000001_2352	421	747	0.0091	12.3	2305477	2306739	BCNA01000001	2352	0.052256532066508314	0.029451137884872823	1
Cas12b2_0_CAS-V-B	BCNA01000001_686	425	747	2.3e-08	30.8	669429	670703	BCNA01000001	686	0.4164705882352941	0.24096385542168675	1
Cas12b2_0_CAS-V-B	BCNA01000001_958	172	747	0.00067	16.1	958605	959120	BCNA01000001	958	0.6395348837209303	0.16198125836680052	-1
Cas12b2_0_CAS-V-B	BCNA01000003_146	388	747	0.00054	16.4	175120	176283	BCNA01000003	146	0.2912371134020619	0.14859437751004015	1
Cas12b2_0_CAS-V-B	BCNA01000005_89	424	747	1.4e-10	38.1	85331	86602	BCNA01000005	89	0.22877358490566038	0.13119143239625167	1
Cas12b2_1_CAS-V-B	BCNA01000005_89	424	769	6.6e-07	25.8	85331	86602	BCNA01000005	89	0.23113207547169812	0.13003901170351106	1
Cas12b_0_VB	BCNA01000001_958	172	1130	5.9e-06	22.4	958605	959120	BCNA01000001	958	0.5232558139534884	0.08584070796460178	-1
Cas12b_0_VB	BCNA01000005_89	424	1130	0.018	10.8	85331	86602	BCNA01000005	89	0.22641509433962265	0.08495575221238938	1
Cas12c_0_CAS-V-C	BCNA01000001_1496	130	1272	0.47	5.8	1473226	1473615	BCNA01000001	1496	0.7307692307692307	0.07232704402515723	1
Cas12c_0_CAS-V-C	BCNA01000001_686	425	1272	0.058	8.8	669429	670703	BCNA01000001	686	0.1011764705882353	0.03537735849056604	1
Cas12c_0_CAS-V-C	BCNA01000001_958	172	1272	4.2e-06	22.5	958605	959120	BCNA01000001	958	0.2441860465116279	0.03459119496855346	-1
Cas12c_0_CAS-V-C	BCNA01000005_89	424	1272	0.053	9.0	85331	86602	BCNA01000005	89	0.10849056603773585	0.03537735849056604	1
Cas12c_0_VC	BCNA01000001_2203	307	1256	0.78	4.9	2155010	2155930	BCNA01000001	2203	0.501628664495114	0.12022292993630573	-1
Cas12c_0_VC	BCNA01000001_958	172	1256	0.00012	17.6	958605	959120	BCNA01000001	958	0.1511627906976744	0.022292993630573247	-1
Cas12c_1_CAS-V-C	BCNA01000001_958	172	1268	0.00076	15.0	958605	959120	BCNA01000001	958	0.23255813953488372	0.033123028391167195	-1
Cas12d_0_CAS-V-D	BCNA01000001_686	425	1163	0.0064	12.2	669429	670703	BCNA01000001	686	0.14823529411764705	0.058469475494411005	1
Cas12d_0_CAS-V-D	BCNA01000001_958	172	1163	0.015	11.0	958605	959120	BCNA01000001	958	0.20930232558139536	0.03181427343078246	-1
Cas12e_0_CAS-V-E	BCNA01000001_958	172	855	1.3e-05	21.4	958605	959120	BCNA01000001	958	0.29651162790697677	0.05964912280701754	-1
Cas12e_1_CAS-V-E	BCNA01000001_958	172	986	1.6e-05	20.8	958605	959120	BCNA01000001	958	0.23255813953488372	0.04056795131845842	-1
Cas12f1_0_CAS-V-F	BCNA01000001_2352	421	512	6.7e-09	33.0	2305477	2306739	BCNA01000001	2352	0.48931116389548696	0.431640625	1
Cas12f1_0_CAS-V-F	BCNA01000001_340	414	512	1.9e-06	24.9	325783	327024	BCNA01000001	340	0.357487922705314	0.30859375	-1
Cas12f1_0_CAS-V-F	BCNA01000001_686	425	512	6e-10	36.4	669429	670703	BCNA01000001	686	0.4988235294117647	0.443359375	1
Cas12f1_0_CAS-V-F	BCNA01000001_958	172	512	1.7e-11	41.5	958605	959120	BCNA01000001	958	0.627906976744186	0.23046875	-1
Cas12f1_0_CAS-V-F	BCNA01000003_146	388	512	6.4e-07	26.4	175120	176283	BCNA01000003	146	0.5283505154639175	0.4296875	1
Cas12f1_0_CAS-V-F	BCNA01000005_89	424	512	9.4e-13	45.7	85331	86602	BCNA01000005	89	0.5188679245283019	0.453125	1
Cas12f1_1_CAS-V-F	BCNA01000001_2352	421	557	1.2e-16	58.4	2305477	2306739	BCNA01000001	2352	0.3515439429928741	0.27827648114901254	1
Cas12f1_1_CAS-V-F	BCNA01000001_340	414	557	3.6e-11	40.2	325783	327024	BCNA01000001	340	0.5169082125603864	0.40754039497307004	-1
Cas12f1_1_CAS-V-F	BCNA01000001_686	425	557	3.4000000000000003e-22	76.7	669429	670703	BCNA01000001	686	0.46352941176470586	0.38061041292639136	1
Cas12f1_1_CAS-V-F	BCNA01000001_958	172	557	1e-19	68.4	958605	959120	BCNA01000001	958	0.6627906976744186	0.23159784560143626	-1
Cas12f1_1_CAS-V-F	BCNA01000003_146	388	557	1.5e-15	54.7	175120	176283	BCNA01000003	146	0.35309278350515466	0.26032315978456017	1
Cas12f1_1_CAS-V-F	BCNA01000005_89	424	557	1.1e-15	55.2	85331	86602	BCNA01000005	89	0.4410377358490566	0.35547576301615796	1
Cas12f1_2_CAS-V-F	BCNA01000001_196	100	429	0.72	6.7	192464	192763	BCNA01000001	196	0.59	0.07925407925407925	-1
Cas12f1_2_CAS-V-F	BCNA01000001_2352	421	429	2.0000000000000002e-28	97.5	2305477	2306739	BCNA01000001	2352	0.4845605700712589	0.49417249417249415	1
Cas12f1_2_CAS-V-F	BCNA01000001_340	414	429	4e-12	43.7	325783	327024	BCNA01000001	340	0.5072463768115942	0.5198135198135199	-1
Cas12f1_2_CAS-V-F	BCNA01000001_686	425	429	1.3999999999999998e-29	101.2	669429	670703	BCNA01000001	686	0.5435294117647059	0.5547785547785548	1
Cas12f1_2_CAS-V-F	BCNA01000001_958	172	429	5.9e-34	115.7	958605	959120	BCNA01000001	958	0.6395348837209303	0.2517482517482518	-1
Cas12f1_2_CAS-V-F	BCNA01000001_959	264	429	9.7e-05	19.4	959089	959880	BCNA01000001	959	0.4659090909090909	0.28205128205128205	-1
Cas12f1_2_CAS-V-F	BCNA01000003_146	388	429	5.5e-26	89.4	175120	176283	BCNA01000003	146	0.5231958762886598	0.49184149184149184	1
Cas12f1_2_CAS-V-F	BCNA01000005_89	424	429	2.5e-28	97.1	85331	86602	BCNA01000005	89	0.6674528301886793	0.6736596736596736	1
Cas12f2_0_CAS-V-F	BCNA01000001_2352	421	517	1.4e-10	38.3	2305477	2306739	BCNA01000001	2352	0.5154394299287411	0.44874274661508706	1
Cas12f2_0_CAS-V-F	BCNA01000001_340	414	517	3.1e-39	132.8	325783	327024	BCNA01000001	340	0.7367149758454107	0.5996131528046421	-1
Cas12f2_0_CAS-V-F	BCNA01000001_686	425	517	0.0024	14.5	669429	670703	BCNA01000001	686	0.1623529411764706	0.13346228239845262	1
Cas12f2_0_CAS-V-F	BCNA01000001_958	172	517	1e-11	42.0	958605	959120	BCNA01000001	958	0.4011627906976744	0.13346228239845262	-1
Cas12f2_0_CAS-V-F	BCNA01000003_146	388	517	1.1e-08	32.1	175120	176283	BCNA01000003	146	0.35309278350515466	0.2611218568665377	1
Cas12f2_0_CAS-V-F	BCNA01000005_89	424	517	0.0003	17.4	85331	86602	BCNA01000005	89	0.25471698113207547	0.20502901353965183	1
Cas12f2_1_CAS-V-F	BCNA01000001_1001	60	422	0.018	12.0	996694	996873	BCNA01000001	1001	0.5666666666666667	0.07109004739336493	-1
Cas12f2_1_CAS-V-F	BCNA01000001_1346	67	422	0.41	7.5	1336161	1336361	BCNA01000001	1346	0.5074626865671642	0.08056872037914692	-1
Cas12f2_1_CAS-V-F	BCNA01000001_2010	60	422	0.027	11.4	1973934	1974113	BCNA01000001	2010	0.6333333333333333	0.0971563981042654	-1
Cas12f2_1_CAS-V-F	BCNA01000001_2044	40	422	0.12	9.3	2005112	2005231	BCNA01000001	2044	0.7	0.07109004739336493	1
Cas12f2_1_CAS-V-F	BCNA01000001_2193	422	422	0.0068	13.4	2145770	2147035	BCNA01000001	2193	0.0947867298578199	0.0947867298578199	-1
Cas12f2_1_CAS-V-F	BCNA01000001_2352	421	422	7.9e-37	125.2	2305477	2306739	BCNA01000001	2352	0.7909738717339667	0.8151658767772512	1
Cas12f2_1_CAS-V-F	BCNA01000001_237	60	422	0.91	6.4	232365	232544	BCNA01000001	237	0.8666666666666667	0.07582938388625593	-1
Cas12f2_1_CAS-V-F	BCNA01000001_2701	56	422	0.0019	15.2	2641375	2641542	BCNA01000001	2701	0.625	0.08293838862559241	1
Cas12f2_1_CAS-V-F	BCNA01000001_283	108	422	0.0051	13.8	272215	272538	BCNA01000001	283	0.9351851851851852	0.13507109004739337	-1
Cas12f2_1_CAS-V-F	BCNA01000001_340	414	422	1.4e-51	173.8	325783	327024	BCNA01000001	340	0.9251207729468599	0.9786729857819905	-1
Cas12f2_1_CAS-V-F	BCNA01000001_686	425	422	6.1e-21	72.8	669429	670703	BCNA01000001	686	0.3129411764705882	0.3293838862559242	1
Cas12f2_1_CAS-V-F	BCNA01000001_958	172	422	1.1e-20	72.0	958605	959120	BCNA01000001	958	0.6918604651162791	0.3033175355450237	-1
Cas12f2_1_CAS-V-F	BCNA01000001_959	264	422	2.3e-07	28.1	959089	959880	BCNA01000001	959	0.5265151515151515	0.3033175355450237	-1
Cas12f2_1_CAS-V-F	BCNA01000003_146	388	422	1.2e-33	114.7	175120	176283	BCNA01000003	146	0.8582474226804123	0.8151658767772512	1
Cas12f2_1_CAS-V-F	BCNA01000004_43	839	422	0.092	9.7	54233	56749	BCNA01000004	43	0.04767580452920143	0.0924170616113744	-1
Cas12f2_1_CAS-V-F	BCNA01000005_111	304	422	1.2	6.1	114067	114978	BCNA01000005	111	0.22039473684210525	0.17061611374407584	-1
Cas12f2_1_CAS-V-F	BCNA01000005_64	122	422	0.041	10.8	67213	67578	BCNA01000005	64	0.4918032786885246	0.13270142180094788	-1
Cas12f2_1_CAS-V-F	BCNA01000005_89	424	422	6.9999999999999995e-25	85.8	85331	86602	BCNA01000005	89	0.5636792452830188	0.5758293838862559	1
Cas12f2_1_CAS-V-F	BCNA01000006_10	300	422	0.2	8.6	7925	8824	BCNA01000006	10	0.23666666666666666	0.18009478672985782	-1
Cas12f2_2_CAS-V-F	BCNA01000001_122	204	493	0.034	10.7	110565	111176	BCNA01000001	122	0.2647058823529412	0.10547667342799188	-1
Cas12f2_2_CAS-V-F	BCNA01000001_2193	422	493	0.0074	12.8	2145770	2147035	BCNA01000001	2193	0.0971563981042654	0.08519269776876268	-1
Cas12f2_2_CAS-V-F	BCNA01000001_2352	421	493	4.4e-20	69.7	2305477	2306739	BCNA01000001	2352	0.5249406175771971	0.4908722109533469	1
Cas12f2_2_CAS-V-F	BCNA01000001_237	60	493	2.6	4.5	232365	232544	BCNA01000001	237	0.8	0.06490872210953347	-1
Cas12f2_2_CAS-V-F	BCNA01000001_283	108	493	0.029	10.9	272215	272538	BCNA01000001	283	0.8981481481481481	0.12778904665314403	-1
Cas12f2_2_CAS-V-F	BCNA01000001_3106	58	493	0.016	11.7	3014626	3014799	BCNA01000001	3106	0.6724137931034483	0.07910750507099391	-1
Cas12f2_2_CAS-V-F	BCNA01000001_340	414	493	4.7999999999999997e-35	119.0	325783	327024	BCNA01000001	340	0.5531400966183575	0.5030425963488844	-1
Cas12f2_2_CAS-V-F	BCNA01000001_686	425	493	2e-11	41.1	669429	670703	BCNA01000001	686	0.4588235294117647	0.39553752535496955	1
Cas12f2_2_CAS-V-F	BCNA01000001_958	172	493	2.8e-14	50.5	958605	959120	BCNA01000001	958	0.5755813953488372	0.20486815415821502	-1
Cas12f2_2_CAS-V-F	BCNA01000001_959	264	493	0.00042	17.0	959089	959880	BCNA01000001	959	0.5378787878787878	0.2778904665314402	-1
Cas12f2_2_CAS-V-F	BCNA01000003_146	388	493	9.9e-21	71.8	175120	176283	BCNA01000003	146	0.5721649484536082	0.49290060851926976	1
Cas12f2_2_CAS-V-F	BCNA01000005_89	424	493	5.2e-13	46.3	85331	86602	BCNA01000005	89	0.5070754716981132	0.4178498985801217	1
Cas12f3_0_CAS-V-F	BCNA01000001_2352	421	496	1.6e-07	28.5	2305477	2306739	BCNA01000001	2352	0.24465558194774348	0.1774193548387097	1
Cas12f3_0_CAS-V-F	BCNA01000001_340	414	496	2.3e-26	90.7	325783	327024	BCNA01000001	340	0.5193236714975845	0.4737903225806452	-1
Cas12f3_0_CAS-V-F	BCNA01000001_686	425	496	1.4e-06	25.5	669429	670703	BCNA01000001	686	0.25176470588235295	0.18951612903225806	1
Cas12f3_0_CAS-V-F	BCNA01000001_958	172	496	1.2e-08	32.2	958605	959120	BCNA01000001	958	0.38953488372093026	0.11491935483870967	-1
Cas12f3_0_CAS-V-F	BCNA01000003_146	388	496	9.4e-06	22.7	175120	176283	BCNA01000003	146	0.29896907216494845	0.1310483870967742	1
Cas12f3_0_CAS-V-F	BCNA01000005_89	424	496	5.2e-08	30.1	85331	86602	BCNA01000005	89	0.25	0.19153225806451613	1
Cas12f6_0_CAS-V-F	BCNA01000005_89	424	587	4.8e-06	23.6	85331	86602	BCNA01000005	89	0.2429245283018868	0.1686541737649063	1
Cas12f7_0_CAS-V-F	BCNA01000001_2352	421	566	0.98	6.0	2305477	2306739	BCNA01000001	2352	0.27315914489311166	0.20318021201413428	1
Cas12f7_0_CAS-V-F	BCNA01000001_3106	58	566	0.0024	14.6	3014626	3014799	BCNA01000001	3106	0.6379310344827587	0.06537102473498234	-1
Cas12f7_0_CAS-V-F	BCNA01000001_340	414	566	2.3e-09	34.5	325783	327024	BCNA01000001	340	0.5700483091787439	0.4028268551236749	-1
Cas12f7_0_CAS-V-F	BCNA01000003_146	388	566	0.062	9.9	175120	176283	BCNA01000003	146	0.44072164948453607	0.3392226148409894	1
Cas12f7_0_CAS-V-F	BCNA01000005_89	424	566	0.0026	14.5	85331	86602	BCNA01000005	89	0.2665094339622642	0.19434628975265017	1
Cas12g_0_CAS-V-G	BCNA01000001_2352	421	771	5.5e-05	19.4	2305477	2306739	BCNA01000001	2352	0.2494061757719715	0.10376134889753567	1
Cas12g_0_CAS-V-G	BCNA01000001_958	172	771	6.4e-06	22.5	958605	959120	BCNA01000001	958	0.6104651162790697	0.1543450064850843	-1
Cas12g_0_CAS-V-G	BCNA01000005_89	424	771	4.3e-06	23.1	85331	86602	BCNA01000005	89	0.29009433962264153	0.16990920881971466	1
Cas12i_0_CAS-V-I	BCNA01000001_958	172	1062	0.06	8.9	958605	959120	BCNA01000001	958	0.5058139534883721	0.0847457627118644	-1
Cas12j_0_V-J	BCNA01000001_2044	40	758	0.011	11.5	2005112	2005231	BCNA01000001	2044	0.7	0.03825857519788918	1
Cas12j_0_V-J	BCNA01000001_2352	421	758	0.00013	18.0	2305477	2306739	BCNA01000001	2352	0.13539192399049882	0.07255936675461741	1
Cas12j_0_V-J	BCNA01000001_340	414	758	0.00077	15.4	325783	327024	BCNA01000001	340	0.2946859903381642	0.1741424802110818	-1
Cas12j_0_V-J	BCNA01000001_686	425	758	9.6e-13	44.8	669429	670703	BCNA01000001	686	0.12941176470588237	0.07387862796833773	1
Cas12j_0_V-J	BCNA01000001_958	172	758	4.1e-14	49.3	958605	959120	BCNA01000001	958	0.313953488372093	0.0712401055408971	-1
Cas12j_0_V-J	BCNA01000003_146	388	758	2.4e-05	20.3	175120	176283	BCNA01000003	146	0.15463917525773196	0.07651715039577836	1
Cas12j_0_V-J	BCNA01000005_89	424	758	2.5e-06	23.6	85331	86602	BCNA01000005	89	0.33726415094339623	0.18733509234828497	1
Cas12m_0_V-M	BCNA01000001_1085	220	577	0.49	6.6	1079708	1080367	BCNA01000001	1085	0.5954545454545455	0.18890814558058924	1
Cas12m_0_V-M	BCNA01000001_2352	421	577	4.9e-10	36.3	2305477	2306739	BCNA01000001	2352	0.38954869358669836	0.29116117850953205	1
Cas12m_0_V-M	BCNA01000001_2790	195	577	0.0045	13.3	2718163	2718747	BCNA01000001	2790	0.4153846153846154	0.1386481802426343	1
Cas12m_0_V-M	BCNA01000001_340	414	577	2e-11	41.0	325783	327024	BCNA01000001	340	0.4613526570048309	0.3431542461005199	-1
Cas12m_0_V-M	BCNA01000001_461	366	577	0.016	11.5	446463	447560	BCNA01000001	461	0.1912568306010929	0.12305025996533796	1
Cas12m_0_V-M	BCNA01000001_686	425	577	9.7e-06	22.2	669429	670703	BCNA01000001	686	0.20470588235294118	0.15424610051993068	1
Cas12m_0_V-M	BCNA01000001_958	172	577	5.6e-08	29.6	958605	959120	BCNA01000001	958	0.38953488372093026	0.1195840554592721	-1
Cas12m_0_V-M	BCNA01000003_146	388	577	8.8e-09	32.2	175120	176283	BCNA01000003	146	0.4020618556701031	0.2772963604852686	1
Cas12m_0_V-M	BCNA01000005_89	424	577	6.1e-07	26.1	85331	86602	BCNA01000005	89	0.4339622641509434	0.30329289428076256	1
Cas13X_0_VI-X	BCNA01000001_1502	818	854	0.026	10.4	1476387	1478840	BCNA01000001	1502	0.04767726161369193	0.04566744730679157	1
Cas13b_0_CAS-VI-B	BCNA01000005_36	206	1142	0.0016	14.5	31943	32560	BCNA01000005	36	0.35436893203883496	0.06304728546409807	-1
Cas13b_1_VIB2	BCNA01000005_36	206	1142	0.0016	14.5	31943	32560	BCNA01000005	36	0.35436893203883496	0.06304728546409807	-1
Cas1_0_CAS-I-II-III-IV-V-VI	BCNA01000001_529	332	317	6.8e-86	286.1	524982	525977	BCNA01000001	529	0.9246987951807228	0.9936908517350158	1
Cas1_0_I-II-III	BCNA01000001_529	332	327	2.5999999999999997e-69	231.6	524982	525977	BCNA01000001	529	0.9367469879518072	0.9908256880733946	1
Cas1_0_I-II-III-V	BCNA01000001_529	332	315	4.500000000000001e-74	247.0	524982	525977	BCNA01000001	529	0.927710843373494	0.9968253968253968	1
Cas1_0_IA	BCNA01000001_529	332	347	1.6e-36	123.9	524982	525977	BCNA01000001	529	0.9427710843373494	0.9481268011527377	1
Cas1_0_IC	BCNA01000001_1006	95	340	0.052	10.6	999777	1000061	BCNA01000001	1006	0.28421052631578947	0.07941176470588235	-1
Cas1_0_IC	BCNA01000001_529	332	340	2.7e-67	225.2	524982	525977	BCNA01000001	529	0.9518072289156626	0.9823529411764705	1
Cas1_0_IE	BCNA01000001_529	332	269	9.2e-07	26.2	524982	525977	BCNA01000001	529	0.6566265060240963	0.7360594795539034	1
Cas1_0_II	BCNA01000001_529	332	278	2.5e-17	60.9	524982	525977	BCNA01000001	529	0.7650602409638554	0.8633093525179856	1
Cas1_0_V	BCNA01000001_529	332	317	4.8e-27	92.7	524982	525977	BCNA01000001	529	0.7771084337349398	0.8107255520504731	1
Cas1_1_CAS-I-II-III-IV-V-VI	BCNA01000001_529	332	261	2e-59	198.9	524982	525977	BCNA01000001	529	0.7620481927710844	1.0	1
Cas1_3_CAS-I-II-III-IV-V-VI	BCNA01000001_529	332	262	1.1e-06	26.1	524982	525977	BCNA01000001	529	0.5963855421686747	0.7557251908396947	1
Cas1_4_CAS-I-II-III-IV-V-VI	BCNA01000001_529	332	275	2.8e-17	60.7	524982	525977	BCNA01000001	529	0.7289156626506024	0.8254545454545454	1
Cas1_5_CAS-I-II-III-IV-V-VI	BCNA01000001_529	332	338	3.4e-67	224.9	524982	525977	BCNA01000001	529	0.9487951807228916	0.985207100591716	1
Cas1_6_CAS-I-II-III-IV-V-VI	BCNA01000001_529	332	320	6.5e-54	181.2	524982	525977	BCNA01000001	529	0.9487951807228916	0.99375	1
Cas1_7_CAS-I-II-III-IV-V-VI	BCNA01000001_529	332	328	1.6e-70	235.6	524982	525977	BCNA01000001	529	0.9427710843373494	0.9725609756097561	1
Cas1_8_CAS-I-II-III-IV-V-VI	BCNA01000001_1006	95	283	0.041	10.9	999777	1000061	BCNA01000001	1006	0.25263157894736843	0.08480565371024736	-1
Cas1_8_CAS-I-II-III-IV-V-VI	BCNA01000001_529	332	283	2.1e-76	254.7	524982	525977	BCNA01000001	529	0.8192771084337349	0.9964664310954063	1
Cas2_0_CAS-I-II-III-IV-V-VI	BCNA01000001_530	91	90	2.2e-15	54.8	525974	526246	BCNA01000001	530	0.8791208791208791	0.9111111111111111	1
Cas2_0_CAS-III-AM	BCNA01000001_1804	141	95	0.017	13.4	1787521	1787943	BCNA01000001	1804	0.425531914893617	0.6	1
Cas2_0_CAS-III-AM	BCNA01000001_530	91	95	6.3e-05	21.2	525974	526246	BCNA01000001	530	0.8021978021978022	0.7578947368421053	1
Cas2_0_I-II-III	BCNA01000001_530	91	96	5.3e-16	56.6	525974	526246	BCNA01000001	530	0.9340659340659341	0.9166666666666666	1
Cas2_0_I-II-III-V	BCNA01000001_530	91	83	6.9e-19	65.8	525974	526246	BCNA01000001	530	0.7802197802197802	0.8795180722891566	1
Cas2_11_CAS-I-II-III-IV-V-VI	BCNA01000001_530	91	71	1.4e-20	71.2	525974	526246	BCNA01000001	530	0.7802197802197802	0.9859154929577465	1
Cas2_2_CAS-I-II-III-IV-V-VI	BCNA01000001_530	91	79	1.6000000000000002e-23	80.7	525974	526246	BCNA01000001	530	0.8351648351648352	0.9493670886075949	1
Cas2_4_CAS-I-II-III-IV-V-VI	BCNA01000001_530	91	89	3.3e-18	63.7	525974	526246	BCNA01000001	530	0.9120879120879121	0.9325842696629213	1
Cas2_6_CAS-I-II-III-IV-V-VI	BCNA01000001_530	91	90	0.00063	18.0	525974	526246	BCNA01000001	530	0.3956043956043956	0.4	1
Cas2_7_CAS-I-II-III-IV-V-VI	BCNA01000001_530	91	94	5.2e-10	37.6	525974	526246	BCNA01000001	530	0.8241758241758241	0.7978723404255319	1
Cas3HD_0_CAS-I	BCNA01000001_1625	239	203	0.0005	17.8	1596119	1596835	BCNA01000001	1625	0.28870292887029286	0.3793103448275862	-1
Cas3HD_0_CAS-I	BCNA01000001_3138	408	203	0.0011	16.7	3044046	3045269	BCNA01000001	3138	0.10294117647058823	0.2315270935960591	1
Cas3HD_0_CAS-I	BCNA01000003_315	195	203	0.00084	17.1	336128	336712	BCNA01000003	315	0.4153846153846154	0.4039408866995074	1
Cas3_0_CAS-I	BCNA01000001_1015	945	353	4.4e-15	53.5	1007830	1010664	BCNA01000001	1015	0.346031746031746	0.9320113314447592	1
Cas3_0_CAS-I	BCNA01000001_2349	846	353	4.1e-07	27.3	2300808	2303345	BCNA01000001	2349	0.14893617021276595	0.34844192634560905	1
Cas3_0_CAS-I	BCNA01000001_2596	824	353	1e-06	26.0	2525032	2527503	BCNA01000001	2596	0.15898058252427186	0.3626062322946176	1
Cas3_0_CAS-I	BCNA01000001_527	630	353	1.1e-14	52.2	522509	524398	BCNA01000001	527	0.5	0.9065155807365439	1
Cas3_0_CAS-I	BCNA01000001_558	460	353	0.0063	13.5	551997	553376	BCNA01000001	558	0.19782608695652174	0.24645892351274787	1
Cas3_0_CAS-I	BCNA01000001_613	816	353	0.013	12.6	605454	607901	BCNA01000001	613	0.08088235294117647	0.18413597733711048	-1
Cas3_0_CAS-I	BCNA01000001_866	917	353	1.3e-12	45.4	843914	846664	BCNA01000001	866	0.35986913849509267	0.8781869688385269	-1
Cas3_0_CAS-I	BCNA01000003_30	972	353	6.3e-08	30.0	37432	40347	BCNA01000003	30	0.18724279835390947	0.4985835694050991	-1
Cas3_0_CAS-I	BCNA01000004_35	586	353	0.00013	19.1	39496	41253	BCNA01000004	35	0.3412969283276451	0.5609065155807366	-1
Cas3_0_CAS-I-D	BCNA01000001_1015	945	626	6.5e-06	22.5	1007830	1010664	BCNA01000001	1015	0.15026455026455027	0.20607028753993611	1
Cas3_0_CAS-I-D	BCNA01000001_2365	726	626	0.00021	17.5	2318951	2321128	BCNA01000001	2365	0.06611570247933884	0.07188498402555911	-1
Cas3_0_CAS-I-D	BCNA01000001_2520	799	626	0.018	11.1	2458173	2460569	BCNA01000001	2520	0.12390488110137672	0.1485623003194888	1
Cas3_0_CAS-I-D	BCNA01000001_2976	821	626	3.2e-06	23.5	2894567	2897029	BCNA01000001	2976	0.18879415347137637	0.2380191693290735	-1
Cas3_0_CAS-I-D	BCNA01000001_527	630	626	4.8e-08	29.5	522509	524398	BCNA01000001	527	0.3761904761904762	0.36421725239616615	1
Cas3_0_CAS-I-U	BCNA01000005_35	1270	843	9.5e-06	21.6	27732	31541	BCNA01000005	35	0.10393700787401575	0.15302491103202848	-1
Cas3_0_I	BCNA01000001_1015	945	358	4.5e-15	53.5	1007830	1010664	BCNA01000001	1015	0.3291005291005291	0.88268156424581	1
Cas3_0_I	BCNA01000001_2349	846	358	2.6e-07	27.9	2300808	2303345	BCNA01000001	2349	0.15484633569739953	0.36033519553072624	1
Cas3_0_I	BCNA01000001_2596	824	358	1.1e-06	25.8	2525032	2527503	BCNA01000001	2596	0.10922330097087378	0.24581005586592178	1
Cas3_0_I	BCNA01000001_527	630	358	3e-15	54.0	522509	524398	BCNA01000001	527	0.4936507936507937	0.8910614525139665	1
Cas3_0_I	BCNA01000001_558	460	358	0.018	12.0	551997	553376	BCNA01000001	558	0.18695652173913044	0.23184357541899442	1
Cas3_0_I	BCNA01000001_613	816	358	0.009	13.0	605454	607901	BCNA01000001	613	0.0821078431372549	0.18435754189944134	-1
Cas3_0_I	BCNA01000001_866	917	358	4.2e-12	43.7	843914	846664	BCNA01000001	866	0.35986913849509267	0.8770949720670391	-1
Cas3_0_I	BCNA01000003_30	972	358	1.7e-08	31.9	37432	40347	BCNA01000003	30	0.19135802469135801	0.5139664804469274	-1
Cas3_0_I	BCNA01000004_35	586	358	0.0003	17.9	39496	41253	BCNA01000004	35	0.32764505119453924	0.5558659217877095	-1
Cas3_0_ID	BCNA01000001_1015	945	357	0.00013	19.1	1007830	1010664	BCNA01000001	1015	0.13968253968253969	0.33613445378151263	1
Cas3_0_ID	BCNA01000001_2414	682	357	0.019	11.9	2361045	2363090	BCNA01000001	2414	0.19941348973607037	0.3473389355742297	1
Cas3_0_ID	BCNA01000001_2596	824	357	0.0016	15.5	2525032	2527503	BCNA01000001	2596	0.1407766990291262	0.31932773109243695	1
Cas3_0_ID	BCNA01000001_2976	821	357	1.4e-07	28.8	2894567	2897029	BCNA01000001	2976	0.1656516443361754	0.43977591036414565	-1
Cas3_0_ID	BCNA01000001_527	630	357	8.7e-28	95.3	522509	524398	BCNA01000001	527	0.4873015873015873	0.9523809523809523	1
Cas3_0_ID	BCNA01000001_558	460	357	0.0011	16.0	551997	553376	BCNA01000001	558	0.22826086956521738	0.2857142857142857	1
Cas3_0_ID	BCNA01000001_866	917	357	1.6e-05	22.1	843914	846664	BCNA01000001	866	0.17448200654307525	0.38095238095238093	-1
Cas3_0_IU	BCNA01000005_35	1270	864	2.7e-06	23.5	27732	31541	BCNA01000005	35	0.10393700787401575	0.1527777777777778	-1
Cas3_1_CAS-I	BCNA01000001_1015	945	745	4.3e-08	29.8	1007830	1010664	BCNA01000001	1015	0.1724867724867725	0.22416107382550335	1
Cas3_1_CAS-I	BCNA01000001_2349	846	745	0.0033	13.7	2300808	2303345	BCNA01000001	2349	0.17257683215130024	0.19865771812080538	1
Cas3_1_CAS-I	BCNA01000001_527	630	745	1e-10	38.5	522509	524398	BCNA01000001	527	0.5428571428571428	0.4818791946308725	1
Cas3_1_CAS-I	BCNA01000001_558	460	745	0.00011	18.5	551997	553376	BCNA01000001	558	0.43478260869565216	0.287248322147651	1
Cas3_1_CAS-I	BCNA01000001_613	816	745	0.00034	16.9	605454	607901	BCNA01000001	613	0.07598039215686274	0.087248322147651	-1
Cas3_1_CAS-I	BCNA01000001_866	917	745	8.1e-08	28.9	843914	846664	BCNA01000001	866	0.3675027262813522	0.4469798657718121	-1
Cas3_1_CAS-I-D	BCNA01000001_1015	945	353	3.9e-06	24.0	1007830	1010664	BCNA01000001	1015	0.15132275132275133	0.37393767705382436	1
Cas3_1_CAS-I-D	BCNA01000001_2414	682	353	0.0016	15.5	2361045	2363090	BCNA01000001	2414	0.24780058651026393	0.4447592067988669	1
Cas3_1_CAS-I-D	BCNA01000001_2596	824	353	0.0002	18.5	2525032	2527503	BCNA01000001	2596	0.13592233009708737	0.31444759206798867	1
Cas3_1_CAS-I-D	BCNA01000001_2976	821	353	6.5e-09	33.2	2894567	2897029	BCNA01000001	2976	0.1656516443361754	0.43342776203966005	-1
Cas3_1_CAS-I-D	BCNA01000001_527	630	353	9.700000000000002e-28	95.1	522509	524398	BCNA01000001	527	0.4873015873015873	0.9518413597733711	1
Cas3_1_CAS-I-D	BCNA01000001_558	460	353	0.00026	18.1	551997	553376	BCNA01000001	558	0.2717391304347826	0.34560906515580736	1
Cas3_1_CAS-I-D	BCNA01000001_866	917	353	1.5e-05	22.1	843914	846664	BCNA01000001	866	0.25190839694656486	0.6288951841359773	-1
Cas3_1_I	BCNA01000001_1625	239	178	0.02	12.8	1596119	1596835	BCNA01000001	1625	0.14644351464435146	0.23595505617977527	-1
Cas3_1_I	BCNA01000001_3138	408	178	0.039	11.9	3044046	3045269	BCNA01000001	3138	0.14460784313725492	0.3539325842696629	1
Cas3_1_I	BCNA01000003_315	195	178	0.0025	15.8	336128	336712	BCNA01000003	315	0.39487179487179486	0.42134831460674155	1
Cas3_2_CAS-I	BCNA01000001_1015	945	967	8e-06	22.1	1007830	1010664	BCNA01000001	1015	0.21164021164021163	0.19855222337125128	1
Cas3_2_CAS-I	BCNA01000001_2349	846	967	0.00053	16.0	2300808	2303345	BCNA01000001	2349	0.1111111111111111	0.09307135470527404	1
Cas3_2_CAS-I	BCNA01000001_2414	682	967	0.0054	12.7	2361045	2363090	BCNA01000001	2414	0.21114369501466276	0.1468459152016546	1
Cas3_2_CAS-I	BCNA01000001_2976	821	967	2.6e-13	46.8	2894567	2897029	BCNA01000001	2976	0.2935444579780755	0.2450879007238883	-1
Cas3_2_CAS-I	BCNA01000001_527	630	967	1.2e-06	24.8	522509	524398	BCNA01000001	527	0.31746031746031744	0.2109617373319545	1
Cas3d_0_CAS-I-D	BCNA01000001_527	630	639	8.4e-06	22.3	522509	524398	BCNA01000001	527	0.38571428571428573	0.36619718309859156	1
Cas3d_0_CAS-I-D	BCNA01000001_866	917	639	0.0074	12.6	843914	846664	BCNA01000001	866	0.16030534351145037	0.21283255086071987	-1
Cas3d_1_CAS-I-D	BCNA01000001_527	630	627	0.0	1083.2	522509	524398	BCNA01000001	527	0.9984126984126984	1.0	1
Cas4_0_CAS-I-II-III-IV-V-VI	BCNA01000001_2271	221	179	0.0026	15.9	2217556	2218218	BCNA01000001	2271	0.5429864253393665	0.6815642458100558	-1
Cas4_0_CAS-I-II-III-IV-V-VI	BCNA01000001_528	197	179	9.4e-31	105.3	524395	524985	BCNA01000001	528	0.8578680203045685	0.994413407821229	1
Cas4_0_CAS-I-II-III-IV-V-VI	BCNA01000001_862	896	179	3.7e-13	48.0	838543	841230	BCNA01000001	862	0.23102678571428573	0.9888268156424581	1
Cas4_0_CAS-I-II-III-IV-V-VI	BCNA01000003_114	955	179	8.3e-05	20.8	145435	148299	BCNA01000003	114	0.07958115183246073	0.4301675977653631	-1
Cas4_0_CAS-I-II-III-IV-V-VI	BCNA01000004_32	1213	179	0.025	12.7	31356	34994	BCNA01000004	32	0.06924979389942292	0.44692737430167595	-1
Cas4_0_CAS-I-II-III-IV-V-VI	BCNA01000004_33	1063	179	0.052	11.6	34987	38175	BCNA01000004	33	0.16086547507055504	0.7932960893854749	-1
Cas4_0_CAS-I-II-III-IV-V-VI	BCNA01000004_50	429	179	0.0081	14.3	65003	66289	BCNA01000004	50	0.16783216783216784	0.31843575418994413	-1
Cas4_0_I-II	BCNA01000001_2271	221	180	3.8e-05	21.4	2217556	2218218	BCNA01000001	2271	0.665158371040724	0.8222222222222222	-1
Cas4_0_I-II	BCNA01000001_528	197	180	3.5000000000000004e-32	109.6	524395	524985	BCNA01000001	528	0.868020304568528	1.0	1
Cas4_0_I-II	BCNA01000001_862	896	180	4.3e-12	44.1	838543	841230	BCNA01000001	862	0.23214285714285715	0.9833333333333333	1
Cas4_0_I-II	BCNA01000003_114	955	180	0.00017	19.3	145435	148299	BCNA01000003	114	0.07958115183246073	0.4166666666666667	-1
Cas4_0_I-II	BCNA01000004_32	1213	180	0.0054	14.4	31356	34994	BCNA01000004	32	0.08491343775762572	0.5388888888888889	-1
Cas4_0_I-II	BCNA01000004_33	1063	180	0.0013	16.4	34987	38175	BCNA01000004	33	0.12041392285983067	0.6388888888888888	-1
Cas4_0_I-II	BCNA01000004_50	429	180	0.017	12.9	65003	66289	BCNA01000004	50	0.16083916083916083	0.3111111111111111	-1
Cas4_0_I-II-V	BCNA01000001_528	197	177	2.4e-27	94.0	524395	524985	BCNA01000001	528	0.8578680203045685	0.9943502824858758	1
Cas4_0_I-II-V	BCNA01000001_862	896	177	2e-09	35.6	838543	841230	BCNA01000001	862	0.20535714285714285	0.943502824858757	1
Cas4_0_I-II-V	BCNA01000003_114	955	177	9.1e-05	20.5	145435	148299	BCNA01000003	114	0.07958115183246073	0.423728813559322	-1
Cas4_0_IA	BCNA01000001_528	197	273	1.2e-07	29.6	524395	524985	BCNA01000001	528	0.7868020304568528	0.5824175824175825	1
Cas4_0_V	BCNA01000001_528	197	178	3.2e-12	44.7	524395	524985	BCNA01000001	528	0.8578680203045685	0.9831460674157303	1
Cas4_1_CAS-I-II-III-IV-V-VI	BCNA01000001_528	197	270	6.9e-08	30.2	524395	524985	BCNA01000001	528	0.6294416243654822	0.4666666666666667	1
Cas4_3_CAS-I-II-III-IV-V-VI	BCNA01000001_2271	221	197	1.3e-07	29.8	2217556	2218218	BCNA01000001	2271	0.9140271493212669	0.8883248730964467	-1
Cas4_3_CAS-I-II-III-IV-V-VI	BCNA01000001_528	197	197	3.9000000000000004e-27	93.5	524395	524985	BCNA01000001	528	0.8781725888324873	0.9238578680203046	1
Cas4_3_CAS-I-II-III-IV-V-VI	BCNA01000001_862	896	197	1.5e-05	23.1	838543	841230	BCNA01000001	862	0.26785714285714285	0.8984771573604061	1
Cas4_4_CAS-I-II-III-IV-V-VI	BCNA01000001_528	197	284	1.2e-05	22.8	524395	524985	BCNA01000001	528	0.6192893401015228	0.45422535211267606	1
Cas4_5_CAS-I-II-III-IV-V-VI	BCNA01000001_528	197	161	4.8e-26	89.7	524395	524985	BCNA01000001	528	0.8578680203045685	0.9937888198757764	1
Cas4_6_CAS-I-II-III-IV-V-VI	BCNA01000001_528	197	292	3e-07	28.0	524395	524985	BCNA01000001	528	0.649746192893401	0.4589041095890411	1
Cas5_0_IA	BCNA01000001_2527	186	173	0.031	12.1	2464798	2465355	BCNA01000001	2527	0.3548387096774194	0.3815028901734104	1
Cas5_1_CAS-I-A	BCNA01000001_317	285	192	0.23	8.9	299893	300747	BCNA01000001	317	0.22807017543859648	0.24479166666666666	1
Cas5_1_IB	BCNA01000001_469	242	241	0.022	12.3	455386	456111	BCNA01000001	469	0.30991735537190085	0.3070539419087137	-1
Cas5_7_CAS-I-B	BCNA01000001_469	242	239	0.008	13.7	455386	456111	BCNA01000001	469	0.30165289256198347	0.3054393305439331	-1
Cas6_0_CAS-I-II-III-IV-V-VI	BCNA01000001_523	283	194	4.5e-05	21.9	517530	518378	BCNA01000001	523	0.4911660777385159	0.6443298969072165	1
Cas6_0_CAS-I-III-B	BCNA01000001_523	283	282	3.1000000000000003e-119	395.0	517530	518378	BCNA01000001	523	0.9929328621908127	0.9787234042553191	1
Cas6_0_I-III	BCNA01000001_523	283	200	1.5e-08	33.2	517530	518378	BCNA01000001	523	0.47703180212014135	0.61	1
Cas6_10_CAS-I-II-III-IV-V-VI	BCNA01000001_2698	135	322	0.036	11.2	2639311	2639715	BCNA01000001	2698	0.45925925925925926	0.20186335403726707	-1
Cas6_10_CAS-I-II-III-IV-V-VI	BCNA01000001_523	283	322	0.0036	14.4	517530	518378	BCNA01000001	523	0.6431095406360424	0.546583850931677	1
Cas6_15_CAS-I-II-III-IV-V-VI	BCNA01000001_523	283	112	4e-12	44.7	517530	518378	BCNA01000001	523	0.45229681978798586	1.0	1
Cas6_6_IVD	BCNA01000001_523	283	259	3.2e-11	41.1	517530	518378	BCNA01000001	523	0.519434628975265	0.5212355212355212	1
Cas6_8_CAS-I-II-III-IV-V-VI	BCNA01000001_523	283	275	1.7e-08	32.2	517530	518378	BCNA01000001	523	0.5795053003533569	0.4218181818181818	1
Cas7_0_CAS-I-C	BCNA01000001_780	177	268	0.0072	13.8	760873	761403	BCNA01000001	780	0.4632768361581921	0.29850746268656714	1
Cas8a1_1_IB	BCNA01000001_1179	109	571	0.0042	13.4	1173482	1173808	BCNA01000001	1179	0.7798165137614679	0.14711033274956217	1
Cas8b5_0_CAS-I-B	BCNA01000001_1085	220	825	0.1	8.4	1079708	1080367	BCNA01000001	1085	0.5181818181818182	0.14666666666666667	1
Cas8c_0_IC	BCNA01000003_269	134	588	0.024	11.0	284718	285119	BCNA01000003	269	0.5746268656716418	0.1292517006802721	1
CasR_0_CAS-I-II-III-IV-V-VI	BCNA01000001_1	316	198	0.0018	15.8	10	957	BCNA01000001	1	0.22468354430379747	0.3686868686868687	-1
CasR_0_CAS-I-II-III-IV-V-VI	BCNA01000001_1004	92	198	0.00045	17.8	998753	999028	BCNA01000001	1004	0.5869565217391305	0.2727272727272727	-1
CasR_0_CAS-I-II-III-IV-V-VI	BCNA01000001_1114	165	198	0.012	13.1	1111225	1111719	BCNA01000001	1114	0.2606060606060606	0.21717171717171718	-1
CasR_0_CAS-I-II-III-IV-V-VI	BCNA01000001_1130	143	198	8.9e-07	26.6	1127388	1127816	BCNA01000001	1130	0.3146853146853147	0.22727272727272727	1
CasR_0_CAS-I-II-III-IV-V-VI	BCNA01000001_1156	137	198	3e-05	21.6	1152409	1152819	BCNA01000001	1156	0.4306569343065693	0.30303030303030304	-1
CasR_0_CAS-I-II-III-IV-V-VI	BCNA01000001_1193	255	198	7.3e-05	20.4	1185899	1186663	BCNA01000001	1193	0.1843137254901961	0.23737373737373738	-1
CasR_0_CAS-I-II-III-IV-V-VI	BCNA01000001_145	168	198	0.023	12.2	133344	133847	BCNA01000001	145	0.32142857142857145	0.2727272727272727	-1
CasR_0_CAS-I-II-III-IV-V-VI	BCNA01000001_1474	164	198	6.6e-05	20.5	1456243	1456734	BCNA01000001	1474	0.3902439024390244	0.3181818181818182	-1
CasR_0_CAS-I-II-III-IV-V-VI	BCNA01000001_1540	306	198	0.00051	17.6	1509616	1510533	BCNA01000001	1540	0.4542483660130719	0.6717171717171717	1
CasR_0_CAS-I-II-III-IV-V-VI	BCNA01000001_156	357	198	0.027	12.0	146991	148061	BCNA01000001	156	0.31932773109243695	0.5606060606060606	-1
CasR_0_CAS-I-II-III-IV-V-VI	BCNA01000001_1608	202	198	0.00025	18.6	1581566	1582171	BCNA01000001	1608	0.31683168316831684	0.32323232323232326	1
CasR_0_CAS-I-II-III-IV-V-VI	BCNA01000001_1628	145	198	0.00025	18.6	1598526	1598960	BCNA01000001	1628	0.5862068965517241	0.41919191919191917	-1
CasR_0_CAS-I-II-III-IV-V-VI	BCNA01000001_1728	78	198	0.0073	13.8	1702868	1703101	BCNA01000001	1728	0.7564102564102564	0.2777777777777778	-1
CasR_0_CAS-I-II-III-IV-V-VI	BCNA01000001_1751	255	198	1.6e-05	22.5	1730066	1730830	BCNA01000001	1751	0.19607843137254902	0.2474747474747475	-1
CasR_0_CAS-I-II-III-IV-V-VI	BCNA01000001_1757	257	198	0.0016	16.0	1739160	1739930	BCNA01000001	1757	0.2178988326848249	0.2828282828282828	1
CasR_0_CAS-I-II-III-IV-V-VI	BCNA01000001_1960	293	198	0.0013	16.3	1930134	1931012	BCNA01000001	1960	0.19112627986348124	0.2828282828282828	1
CasR_0_CAS-I-II-III-IV-V-VI	BCNA01000001_2008	117	198	0.0047	14.4	1972680	1973030	BCNA01000001	2008	0.27350427350427353	0.16161616161616163	-1
CasR_0_CAS-I-II-III-IV-V-VI	BCNA01000001_208	251	198	1.3e-05	22.8	203660	204412	BCNA01000001	208	0.199203187250996	0.25252525252525254	1
CasR_0_CAS-I-II-III-IV-V-VI	BCNA01000001_2113	99	198	0.02	12.4	2075005	2075301	BCNA01000001	2113	0.47474747474747475	0.23737373737373738	1
CasR_0_CAS-I-II-III-IV-V-VI	BCNA01000001_2215	124	198	0.0012	16.3	2171074	2171445	BCNA01000001	2215	0.27419354838709675	0.1717171717171717	1
CasR_0_CAS-I-II-III-IV-V-VI	BCNA01000001_2286	153	198	0.0002	18.9	2233519	2233977	BCNA01000001	2286	0.3137254901960784	0.24242424242424243	1
CasR_0_CAS-I-II-III-IV-V-VI	BCNA01000001_2326	130	198	2.1e-05	22.1	2275803	2276192	BCNA01000001	2326	0.46923076923076923	0.31313131313131315	-1
CasR_0_CAS-I-II-III-IV-V-VI	BCNA01000001_2338	365	198	0.031	11.8	2288151	2289245	BCNA01000001	2338	0.19452054794520549	0.3484848484848485	-1
CasR_0_CAS-I-II-III-IV-V-VI	BCNA01000001_2434	153	198	6.9e-07	27.0	2385553	2386011	BCNA01000001	2434	0.30718954248366015	0.23737373737373738	-1
CasR_0_CAS-I-II-III-IV-V-VI	BCNA01000001_2541	115	198	0.0039	14.7	2476795	2477139	BCNA01000001	2541	0.3739130434782609	0.2222222222222222	1
CasR_0_CAS-I-II-III-IV-V-VI	BCNA01000001_2697	250	198	0.00024	18.6	2638347	2639096	BCNA01000001	2697	0.152	0.1919191919191919	-1
CasR_0_CAS-I-II-III-IV-V-VI	BCNA01000001_2704	175	198	5.1e-07	27.4	2642795	2643319	BCNA01000001	2704	0.4	0.3484848484848485	-1
CasR_0_CAS-I-II-III-IV-V-VI	BCNA01000001_282	260	198	0.0013	16.3	271439	272218	BCNA01000001	282	0.29615384615384616	0.3939393939393939	1
CasR_0_CAS-I-II-III-IV-V-VI	BCNA01000001_2971	138	198	0.00041	17.9	2890644	2891057	BCNA01000001	2971	0.34782608695652173	0.24242424242424243	1
CasR_0_CAS-I-II-III-IV-V-VI	BCNA01000001_3001	117	198	0.016	12.7	2920430	2920780	BCNA01000001	3001	0.23931623931623933	0.1414141414141414	1
CasR_0_CAS-I-II-III-IV-V-VI	BCNA01000001_3046	216	198	1.6e-06	25.8	2962023	2962670	BCNA01000001	3046	0.4166666666666667	0.23737373737373738	-1
CasR_0_CAS-I-II-III-IV-V-VI	BCNA01000001_306	247	198	0.0014	16.2	290780	291520	BCNA01000001	306	0.7327935222672065	0.8737373737373737	1
CasR_0_CAS-I-II-III-IV-V-VI	BCNA01000001_308	254	198	3.1e-05	21.6	293062	293823	BCNA01000001	308	0.1889763779527559	0.24242424242424243	1
CasR_0_CAS-I-II-III-IV-V-VI	BCNA01000001_3089	93	198	0.0074	13.8	2999173	2999451	BCNA01000001	3089	0.3655913978494624	0.1717171717171717	-1
CasR_0_CAS-I-II-III-IV-V-VI	BCNA01000001_3094	256	198	0.00043	17.8	3004951	3005718	BCNA01000001	3094	0.203125	0.2676767676767677	-1
CasR_0_CAS-I-II-III-IV-V-VI	BCNA01000001_368	197	198	0.00067	17.2	354317	354907	BCNA01000001	368	0.24873096446700507	0.2474747474747475	-1
CasR_0_CAS-I-II-III-IV-V-VI	BCNA01000001_374	231	198	0.00061	17.4	359169	359861	BCNA01000001	374	0.16017316017316016	0.18686868686868688	-1
CasR_0_CAS-I-II-III-IV-V-VI	BCNA01000001_414	178	198	0.00039	18.0	400402	400935	BCNA01000001	414	0.3258426966292135	0.2676767676767677	1
CasR_0_CAS-I-II-III-IV-V-VI	BCNA01000001_444	283	198	0.0049	14.4	430559	431407	BCNA01000001	444	0.21554770318021202	0.30808080808080807	-1
CasR_0_CAS-I-II-III-IV-V-VI	BCNA01000001_448	134	198	0.00025	18.6	433181	433582	BCNA01000001	448	0.35074626865671643	0.24242424242424243	-1
CasR_0_CAS-I-II-III-IV-V-VI	BCNA01000001_522	214	198	1.5e-21	74.8	516712	517353	BCNA01000001	522	0.9158878504672897	0.9848484848484849	-1
CasR_0_CAS-I-II-III-IV-V-VI	BCNA01000001_553	545	198	0.0042	14.6	547675	549309	BCNA01000001	553	0.08623853211009175	0.23737373737373738	-1
CasR_0_CAS-I-II-III-IV-V-VI	BCNA01000001_729	177	198	0.00029	18.4	713185	713715	BCNA01000001	729	0.4406779661016949	0.37373737373737376	-1
CasR_0_CAS-I-II-III-IV-V-VI	BCNA01000001_737	76	198	0.025	12.1	720939	721166	BCNA01000001	737	0.6578947368421053	0.22727272727272727	-1
CasR_0_CAS-I-II-III-IV-V-VI	BCNA01000001_827	351	198	0.0032	15.0	803358	804410	BCNA01000001	827	0.18803418803418803	0.25757575757575757	-1
CasR_0_CAS-I-II-III-IV-V-VI	BCNA01000001_836	359	198	0.0072	13.9	813677	814753	BCNA01000001	836	0.15598885793871867	0.2828282828282828	-1
CasR_0_CAS-I-II-III-IV-V-VI	BCNA01000001_868	275	198	0.00095	16.7	847781	848605	BCNA01000001	868	0.20363636363636364	0.2878787878787879	1
CasR_0_CAS-I-II-III-IV-V-VI	BCNA01000001_955	461	198	0.026	12.0	953630	955012	BCNA01000001	955	0.09327548806941431	0.2222222222222222	1
CasR_0_CAS-I-II-III-IV-V-VI	BCNA01000002_101	158	198	0.0021	15.6	95496	95969	BCNA01000002	101	0.3291139240506329	0.25757575757575757	1
CasR_0_CAS-I-II-III-IV-V-VI	BCNA01000002_115	256	198	2e-05	22.2	113594	114361	BCNA01000002	115	0.20703125	0.26262626262626265	1
CasR_0_CAS-I-II-III-IV-V-VI	BCNA01000002_13	176	198	0.0011	16.5	17209	17736	BCNA01000002	13	0.5625	0.3181818181818182	-1
CasR_0_CAS-I-II-III-IV-V-VI	BCNA01000002_26	131	198	0.00052	17.6	28750	29142	BCNA01000002	26	0.2595419847328244	0.1717171717171717	-1
CasR_0_CAS-I-II-III-IV-V-VI	BCNA01000002_316	94	198	0.016	12.7	347490	347771	BCNA01000002	316	0.6595744680851063	0.29797979797979796	-1
CasR_0_CAS-I-II-III-IV-V-VI	BCNA01000002_322	186	198	0.0013	16.3	356043	356600	BCNA01000002	322	0.22580645161290322	0.21717171717171718	-1
CasR_0_CAS-I-II-III-IV-V-VI	BCNA01000002_83	255	198	0.0016	16.0	77356	78120	BCNA01000002	83	0.11372549019607843	0.14646464646464646	-1
CasR_0_CAS-I-II-III-IV-V-VI	BCNA01000002_87	290	198	0.0023	15.5	82133	83002	BCNA01000002	87	0.2413793103448276	0.3686868686868687	-1
CasR_0_CAS-I-II-III-IV-V-VI	BCNA01000003_101	97	198	0.0038	14.8	131490	131780	BCNA01000003	101	0.5463917525773195	0.2676767676767677	1
CasR_0_CAS-I-II-III-IV-V-VI	BCNA01000003_136	215	198	0.012	13.1	170233	170877	BCNA01000003	136	0.29767441860465116	0.32323232323232326	-1
CasR_0_CAS-I-II-III-IV-V-VI	BCNA01000003_201	242	198	0.02	12.4	225799	226524	BCNA01000003	201	0.1446280991735537	0.1717171717171717	1
CasR_0_CAS-I-II-III-IV-V-VI	BCNA01000003_224	130	198	3.6e-05	21.4	241649	242038	BCNA01000003	224	0.5461538461538461	0.3484848484848485	-1
CasR_0_CAS-I-II-III-IV-V-VI	BCNA01000003_250	391	198	0.0057	14.2	267921	269093	BCNA01000003	250	0.14066496163682865	0.2676767676767677	1
CasR_0_CAS-I-II-III-IV-V-VI	BCNA01000003_257	161	198	0.00024	18.7	274146	274628	BCNA01000003	257	0.33540372670807456	0.2777777777777778	-1
CasR_0_CAS-I-II-III-IV-V-VI	BCNA01000003_317	249	198	1e-05	23.1	338519	339265	BCNA01000003	317	0.1927710843373494	0.23737373737373738	-1
CasR_0_CAS-I-II-III-IV-V-VI	BCNA01000003_328	251	198	0.0006	17.4	351446	352198	BCNA01000003	328	0.2151394422310757	0.2727272727272727	1
CasR_0_CAS-I-II-III-IV-V-VI	BCNA01000003_336	257	198	0.0025	15.3	361372	362142	BCNA01000003	336	0.17509727626459143	0.22727272727272727	1
CasR_0_CAS-I-II-III-IV-V-VI	BCNA01000003_77	174	198	0.0025	15.3	110049	110570	BCNA01000003	77	0.39655172413793105	0.3434343434343434	-1
CasR_0_CAS-I-II-III-IV-V-VI	BCNA01000004_64	371	198	0.0086	13.6	82915	84027	BCNA01000004	64	0.16172506738544473	0.2828282828282828	1
CasR_0_CAS-I-II-III-IV-V-VI	BCNA01000004_89	317	198	0.0039	14.7	114006	114956	BCNA01000004	89	0.3186119873817035	0.2828282828282828	1
CasR_0_CAS-I-II-III-IV-V-VI	BCNA01000005_74	81	198	0.022	12.3	76241	76483	BCNA01000005	74	0.3950617283950617	0.16161616161616163	-1
CasR_0_CAS-I-II-III-IV-V-VI	BCNA01000006_105	271	198	0.00011	19.7	94032	94844	BCNA01000006	105	0.13653136531365315	0.20202020202020202	-1
CasR_0_CAS-I-II-III-IV-V-VI	BCNA01000006_87	196	198	5.2e-05	20.8	79909	80496	BCNA01000006	87	0.2602040816326531	0.25757575757575757	-1
CasR_0_CAS-III-B	BCNA01000001_1702	710	480	0.00053	16.7	1680121	1682250	BCNA01000001	1702	0.07605633802816901	0.10833333333333334	1
CasR_0_CAS-III-B	BCNA01000003_155	243	480	0.025	11.2	183772	184500	BCNA01000003	155	0.16872427983539096	0.08541666666666667	1
CasR_1_CAS-I-II-III-IV-V-VI	BCNA01000001_1	316	218	0.0016	15.5	10	957	BCNA01000001	1	0.13924050632911392	0.20642201834862386	-1
CasR_1_CAS-I-II-III-IV-V-VI	BCNA01000001_1004	92	218	2.8e-05	21.3	998753	999028	BCNA01000001	1004	0.4891304347826087	0.21100917431192662	-1
CasR_1_CAS-I-II-III-IV-V-VI	BCNA01000001_1114	165	218	0.029	11.4	1111225	1111719	BCNA01000001	1114	0.2545454545454545	0.1926605504587156	-1
CasR_1_CAS-I-II-III-IV-V-VI	BCNA01000001_1130	143	218	5.7e-07	26.8	1127388	1127816	BCNA01000001	1130	0.32167832167832167	0.21100917431192662	1
CasR_1_CAS-I-II-III-IV-V-VI	BCNA01000001_1156	137	218	4.4e-06	23.9	1152409	1152819	BCNA01000001	1156	0.40875912408759124	0.25688073394495414	-1
CasR_1_CAS-I-II-III-IV-V-VI	BCNA01000001_1193	255	218	6.5e-07	26.6	1185899	1186663	BCNA01000001	1193	0.1843137254901961	0.21559633027522937	-1
CasR_1_CAS-I-II-III-IV-V-VI	BCNA01000001_145	168	218	0.012	12.7	133344	133847	BCNA01000001	145	0.2916666666666667	0.22477064220183487	-1
CasR_1_CAS-I-II-III-IV-V-VI	BCNA01000001_1474	164	218	5.3e-05	20.4	1456243	1456734	BCNA01000001	1474	0.27439024390243905	0.2018348623853211	-1
CasR_1_CAS-I-II-III-IV-V-VI	BCNA01000001_1540	306	218	0.00025	18.2	1509616	1510533	BCNA01000001	1540	0.42810457516339867	0.5779816513761468	1
CasR_1_CAS-I-II-III-IV-V-VI	BCNA01000001_156	357	218	0.002	15.2	146991	148061	BCNA01000001	156	0.3333333333333333	0.536697247706422	-1
CasR_1_CAS-I-II-III-IV-V-VI	BCNA01000001_1608	202	218	2.4e-05	21.5	1581566	1582171	BCNA01000001	1608	0.24752475247524752	0.24770642201834864	1
CasR_1_CAS-I-II-III-IV-V-VI	BCNA01000001_1628	145	218	0.00057	17.0	1598526	1598960	BCNA01000001	1628	0.5103448275862069	0.3486238532110092	-1
CasR_1_CAS-I-II-III-IV-V-VI	BCNA01000001_1728	78	218	0.03	11.4	1702868	1703101	BCNA01000001	1728	0.41025641025641024	0.14678899082568808	-1
CasR_1_CAS-I-II-III-IV-V-VI	BCNA01000001_1751	255	218	9.8e-05	19.5	1730066	1730830	BCNA01000001	1751	0.19215686274509805	0.22018348623853212	-1
CasR_1_CAS-I-II-III-IV-V-VI	BCNA01000001_1757	257	218	0.00018	18.6	1739160	1739930	BCNA01000001	1757	0.19844357976653695	0.23394495412844038	1
CasR_1_CAS-I-II-III-IV-V-VI	BCNA01000001_1960	293	218	2.7e-05	21.3	1930134	1931012	BCNA01000001	1960	0.21843003412969283	0.29357798165137616	1
CasR_1_CAS-I-II-III-IV-V-VI	BCNA01000001_2008	117	218	0.00026	18.1	1972680	1973030	BCNA01000001	2008	0.358974358974359	0.19724770642201836	-1
CasR_1_CAS-I-II-III-IV-V-VI	BCNA01000001_2065	351	218	0.024	11.7	2025694	2026746	BCNA01000001	2065	0.22507122507122507	0.3669724770642202	1
CasR_1_CAS-I-II-III-IV-V-VI	BCNA01000001_208	251	218	1.7e-06	25.3	203660	204412	BCNA01000001	208	0.199203187250996	0.22935779816513763	1
CasR_1_CAS-I-II-III-IV-V-VI	BCNA01000001_2113	99	218	0.0014	15.7	2075005	2075301	BCNA01000001	2113	0.45454545454545453	0.20642201834862386	1
CasR_1_CAS-I-II-III-IV-V-VI	BCNA01000001_2215	124	218	0.00032	17.8	2171074	2171445	BCNA01000001	2215	0.28225806451612906	0.16055045871559634	1
CasR_1_CAS-I-II-III-IV-V-VI	BCNA01000001_2286	153	218	0.00025	18.2	2233519	2233977	BCNA01000001	2286	0.3137254901960784	0.22018348623853212	1
CasR_1_CAS-I-II-III-IV-V-VI	BCNA01000001_2326	130	218	3.9e-07	27.4	2275803	2276192	BCNA01000001	2326	0.4846153846153846	0.29357798165137616	-1
CasR_1_CAS-I-II-III-IV-V-VI	BCNA01000001_2434	153	218	1.3e-07	28.9	2385553	2386011	BCNA01000001	2434	0.39215686274509803	0.2889908256880734	-1
CasR_1_CAS-I-II-III-IV-V-VI	BCNA01000001_2541	115	218	0.003	14.7	2476795	2477139	BCNA01000001	2541	0.3565217391304348	0.1926605504587156	1
CasR_1_CAS-I-II-III-IV-V-VI	BCNA01000001_2697	250	218	0.00013	19.1	2638347	2639096	BCNA01000001	2697	0.152	0.1743119266055046	-1
CasR_1_CAS-I-II-III-IV-V-VI	BCNA01000001_2704	175	218	9.9e-08	29.3	2642795	2643319	BCNA01000001	2704	0.38857142857142857	0.3165137614678899	-1
CasR_1_CAS-I-II-III-IV-V-VI	BCNA01000001_282	260	218	0.00018	18.6	271439	272218	BCNA01000001	282	0.3346153846153846	0.29357798165137616	1
CasR_1_CAS-I-II-III-IV-V-VI	BCNA01000001_2971	138	218	8.5e-05	19.7	2890644	2891057	BCNA01000001	2971	0.47101449275362317	0.3165137614678899	1
CasR_1_CAS-I-II-III-IV-V-VI	BCNA01000001_3001	117	218	0.0032	14.6	2920430	2920780	BCNA01000001	3001	0.2564102564102564	0.13761467889908258	1
CasR_1_CAS-I-II-III-IV-V-VI	BCNA01000001_3046	216	218	1.3e-07	28.9	2962023	2962670	BCNA01000001	3046	0.39814814814814814	0.20642201834862386	-1
CasR_1_CAS-I-II-III-IV-V-VI	BCNA01000001_306	247	218	0.0013	15.8	290780	291520	BCNA01000001	306	0.7651821862348178	0.8440366972477065	1
CasR_1_CAS-I-II-III-IV-V-VI	BCNA01000001_308	254	218	1.4e-06	25.5	293062	293823	BCNA01000001	308	0.1889763779527559	0.22018348623853212	1
CasR_1_CAS-I-II-III-IV-V-VI	BCNA01000001_3089	93	218	0.0019	15.3	2999173	2999451	BCNA01000001	3089	0.45161290322580644	0.19724770642201836	-1
CasR_1_CAS-I-II-III-IV-V-VI	BCNA01000001_3094	256	218	0.00016	18.8	3004951	3005718	BCNA01000001	3094	0.17578125	0.21559633027522937	-1
CasR_1_CAS-I-II-III-IV-V-VI	BCNA01000001_368	197	218	0.00059	17.0	354317	354907	BCNA01000001	368	0.24873096446700507	0.22477064220183487	-1
CasR_1_CAS-I-II-III-IV-V-VI	BCNA01000001_374	231	218	0.00031	17.9	359169	359861	BCNA01000001	374	0.16017316017316016	0.16972477064220184	-1
CasR_1_CAS-I-II-III-IV-V-VI	BCNA01000001_414	178	218	0.001	16.2	400402	400935	BCNA01000001	414	0.29213483146067415	0.21559633027522937	1
CasR_1_CAS-I-II-III-IV-V-VI	BCNA01000001_444	283	218	0.0021	15.2	430559	431407	BCNA01000001	444	0.21554770318021202	0.2798165137614679	-1
CasR_1_CAS-I-II-III-IV-V-VI	BCNA01000001_448	134	218	3.7e-05	20.9	433181	433582	BCNA01000001	448	0.3582089552238806	0.22477064220183487	-1
CasR_1_CAS-I-II-III-IV-V-VI	BCNA01000001_522	214	218	2.6999999999999997e-24	83.5	516712	517353	BCNA01000001	522	0.9252336448598131	0.9174311926605505	-1
CasR_1_CAS-I-II-III-IV-V-VI	BCNA01000001_552	73	218	0.027	11.5	547121	547339	BCNA01000001	552	0.6301369863013698	0.21100917431192662	-1
CasR_1_CAS-I-II-III-IV-V-VI	BCNA01000001_553	545	218	0.0084	13.2	547675	549309	BCNA01000001	553	0.08440366972477065	0.21100917431192662	-1
CasR_1_CAS-I-II-III-IV-V-VI	BCNA01000001_6	264	218	0.014	12.4	5675	6466	BCNA01000001	6	0.1893939393939394	0.23394495412844038	-1
CasR_1_CAS-I-II-III-IV-V-VI	BCNA01000001_729	177	218	0.00038	17.6	713185	713715	BCNA01000001	729	0.4011299435028249	0.3211009174311927	-1
CasR_1_CAS-I-II-III-IV-V-VI	BCNA01000001_786	188	218	0.0086	13.2	765720	766283	BCNA01000001	786	0.2553191489361702	0.22477064220183487	1
CasR_1_CAS-I-II-III-IV-V-VI	BCNA01000001_827	351	218	0.00055	17.1	803358	804410	BCNA01000001	827	0.28774928774928776	0.46788990825688076	-1
CasR_1_CAS-I-II-III-IV-V-VI	BCNA01000001_868	275	218	0.00012	19.3	847781	848605	BCNA01000001	868	0.23636363636363636	0.30275229357798167	1
CasR_1_CAS-I-II-III-IV-V-VI	BCNA01000001_955	461	218	0.013	12.6	953630	955012	BCNA01000001	955	0.09761388286334056	0.21100917431192662	1
CasR_1_CAS-I-II-III-IV-V-VI	BCNA01000002_101	158	218	0.0041	14.2	95496	95969	BCNA01000002	101	0.3227848101265823	0.22935779816513763	1
CasR_1_CAS-I-II-III-IV-V-VI	BCNA01000002_115	256	218	2.2e-06	24.9	113594	114361	BCNA01000002	115	0.20703125	0.23853211009174313	1
CasR_1_CAS-I-II-III-IV-V-VI	BCNA01000002_13	176	218	0.00015	18.9	17209	17736	BCNA01000002	13	0.5340909090909091	0.23853211009174313	-1
CasR_1_CAS-I-II-III-IV-V-VI	BCNA01000002_179	261	218	0.0071	13.4	191126	191908	BCNA01000002	179	0.2796934865900383	0.3348623853211009	-1
CasR_1_CAS-I-II-III-IV-V-VI	BCNA01000002_26	131	218	0.00022	18.4	28750	29142	BCNA01000002	26	0.2748091603053435	0.1651376146788991	-1
CasR_1_CAS-I-II-III-IV-V-VI	BCNA01000002_316	94	218	0.007	13.4	347490	347771	BCNA01000002	316	0.7446808510638298	0.3073394495412844	-1
CasR_1_CAS-I-II-III-IV-V-VI	BCNA01000002_322	186	218	0.00086	16.4	356043	356600	BCNA01000002	322	0.22580645161290322	0.19724770642201836	-1
CasR_1_CAS-I-II-III-IV-V-VI	BCNA01000002_83	255	218	0.00073	16.7	77356	78120	BCNA01000002	83	0.11764705882352941	0.13761467889908258	-1
CasR_1_CAS-I-II-III-IV-V-VI	BCNA01000002_87	290	218	0.00014	19.0	82133	83002	BCNA01000002	87	0.2482758620689655	0.3440366972477064	-1
CasR_1_CAS-I-II-III-IV-V-VI	BCNA01000002_94	118	218	0.0032	14.6	88059	88412	BCNA01000002	94	0.4745762711864407	0.26146788990825687	1
CasR_1_CAS-I-II-III-IV-V-VI	BCNA01000003_101	97	218	0.00065	16.8	131490	131780	BCNA01000003	101	0.4948453608247423	0.22477064220183487	1
CasR_1_CAS-I-II-III-IV-V-VI	BCNA01000003_136	215	218	0.00088	16.4	170233	170877	BCNA01000003	136	0.3023255813953488	0.2981651376146789	-1
CasR_1_CAS-I-II-III-IV-V-VI	BCNA01000003_189	135	218	0.019	12.1	215310	215714	BCNA01000003	189	0.3851851851851852	0.23853211009174313	1
CasR_1_CAS-I-II-III-IV-V-VI	BCNA01000003_201	242	218	0.016	12.3	225799	226524	BCNA01000003	201	0.16115702479338842	0.1743119266055046	1
CasR_1_CAS-I-II-III-IV-V-VI	BCNA01000003_224	130	218	0.00087	16.4	241649	242038	BCNA01000003	224	0.5230769230769231	0.30275229357798167	-1
CasR_1_CAS-I-II-III-IV-V-VI	BCNA01000003_250	391	218	0.00028	18.0	267921	269093	BCNA01000003	250	0.14578005115089515	0.26146788990825687	1
CasR_1_CAS-I-II-III-IV-V-VI	BCNA01000003_257	161	218	6.5e-05	20.1	274146	274628	BCNA01000003	257	0.33540372670807456	0.25229357798165136	-1
CasR_1_CAS-I-II-III-IV-V-VI	BCNA01000003_317	249	218	1.7e-05	22.0	338519	339265	BCNA01000003	317	0.18473895582329317	0.20642201834862386	-1
CasR_1_CAS-I-II-III-IV-V-VI	BCNA01000003_328	251	218	3.9e-05	20.8	351446	352198	BCNA01000003	328	0.21115537848605578	0.24311926605504589	1
CasR_1_CAS-I-II-III-IV-V-VI	BCNA01000003_336	257	218	0.001	16.2	361372	362142	BCNA01000003	336	0.17509727626459143	0.20642201834862386	1
CasR_1_CAS-I-II-III-IV-V-VI	BCNA01000003_77	174	218	0.0029	14.7	110049	110570	BCNA01000003	77	0.40804597701149425	0.3256880733944954	-1
CasR_1_CAS-I-II-III-IV-V-VI	BCNA01000004_64	371	218	0.026	11.6	82915	84027	BCNA01000004	64	0.14555256064690028	0.23394495412844038	1
CasR_1_CAS-I-II-III-IV-V-VI	BCNA01000004_89	317	218	0.00034	17.7	114006	114956	BCNA01000004	89	0.2996845425867508	0.23394495412844038	1
CasR_1_CAS-I-II-III-IV-V-VI	BCNA01000005_28	135	218	0.018	12.1	21096	21500	BCNA01000005	28	0.3851851851851852	0.23853211009174313	-1
CasR_1_CAS-I-II-III-IV-V-VI	BCNA01000005_74	81	218	0.005	13.9	76241	76483	BCNA01000005	74	0.4074074074074074	0.15137614678899083	-1
CasR_1_CAS-I-II-III-IV-V-VI	BCNA01000006_105	271	218	8.1e-06	23.1	94032	94844	BCNA01000006	105	0.17343173431734318	0.22935779816513763	-1
CasR_1_CAS-I-II-III-IV-V-VI	BCNA01000006_87	196	218	3e-05	21.2	79909	80496	BCNA01000006	87	0.2602040816326531	0.23394495412844038	-1
Cmr5gr11_1_CAS-III-C	BCNA01000001_1085	220	180	6.4	4.5	1079708	1080367	BCNA01000001	1085	0.5909090909090909	0.32222222222222224	1
Cmr5gr11_1_CAS-III-C	BCNA01000001_2754	154	180	0.47	8.2	2686198	2686659	BCNA01000001	2754	0.512987012987013	0.2722222222222222	1
Cmr5gr11_1_CAS-III-C	BCNA01000001_2946	229	180	0.00084	17.1	2866427	2867113	BCNA01000001	2946	0.2794759825327511	0.37777777777777777	-1
Cmr5gr11_1_CAS-III-C	BCNA01000004_34	397	180	0.049	11.4	38313	39503	BCNA01000004	34	0.1561712846347607	0.3388888888888889	-1
CorA_0_CAS-III-B-III-D	BCNA01000001_1154	326	551	4.7e-07	26.8	1150155	1151132	BCNA01000001	1154	0.25766871165644173	0.1560798548094374	1
CorA_1_CAS-III-B	BCNA01000001_1085	220	125	2.0	6.2	1079708	1080367	BCNA01000001	1085	0.7272727272727273	0.784	1
CorA_1_CAS-III-B	BCNA01000001_2172	568	125	0.87	7.4	2125010	2126713	BCNA01000001	2172	0.29577464788732394	0.424	1
Csa3_1_CAS-I-II-III-IV-V-VI	BCNA01000001_1	316	118	0.012	13.9	10	957	BCNA01000001	1	0.18037974683544303	0.5423728813559322	-1
Csa3_1_CAS-I-II-III-IV-V-VI	BCNA01000001_1004	92	118	1.7e-09	35.9	998753	999028	BCNA01000001	1004	0.6739130434782609	0.5847457627118644	-1
Csa3_1_CAS-I-II-III-IV-V-VI	BCNA01000001_105	113	118	9.8e-06	23.8	92922	93260	BCNA01000001	105	0.6548672566371682	0.5169491525423728	-1
Csa3_1_CAS-I-II-III-IV-V-VI	BCNA01000001_1114	165	118	0.0095	14.2	1111225	1111719	BCNA01000001	1114	0.26666666666666666	0.423728813559322	-1
Csa3_1_CAS-I-II-III-IV-V-VI	BCNA01000001_1130	143	118	0.003	15.8	1127388	1127816	BCNA01000001	1130	0.2937062937062937	0.4067796610169492	1
Csa3_1_CAS-I-II-III-IV-V-VI	BCNA01000001_1156	137	118	3.7e-10	38.1	1152409	1152819	BCNA01000001	1156	0.5620437956204379	0.5847457627118644	-1
Csa3_1_CAS-I-II-III-IV-V-VI	BCNA01000001_123	127	118	0.0018	16.6	111274	111654	BCNA01000001	123	0.4409448818897638	0.5338983050847458	1
Csa3_1_CAS-I-II-III-IV-V-VI	BCNA01000001_145	168	118	8.7e-10	36.9	133344	133847	BCNA01000001	145	0.6428571428571429	0.6271186440677966	-1
Csa3_1_CAS-I-II-III-IV-V-VI	BCNA01000001_1474	164	118	0.00096	17.4	1456243	1456734	BCNA01000001	1474	0.1951219512195122	0.2966101694915254	-1
Csa3_1_CAS-I-II-III-IV-V-VI	BCNA01000001_1502	818	118	0.035	12.4	1476387	1478840	BCNA01000001	1502	0.035452322738386305	0.2711864406779661	1
Csa3_1_CAS-I-II-III-IV-V-VI	BCNA01000001_1608	202	118	1.1e-05	23.7	1581566	1582171	BCNA01000001	1608	0.42574257425742573	0.4661016949152542	1
Csa3_1_CAS-I-II-III-IV-V-VI	BCNA01000001_1614	90	118	0.00031	19.0	1586750	1587019	BCNA01000001	1614	0.3888888888888889	0.3220338983050847	-1
Csa3_1_CAS-I-II-III-IV-V-VI	BCNA01000001_1757	257	118	0.0044	15.3	1739160	1739930	BCNA01000001	1757	0.30739299610894943	0.5932203389830508	1
Csa3_1_CAS-I-II-III-IV-V-VI	BCNA01000001_2008	117	118	1.1e-05	23.7	1972680	1973030	BCNA01000001	2008	0.8290598290598291	0.7627118644067796	-1
Csa3_1_CAS-I-II-III-IV-V-VI	BCNA01000001_208	251	118	7.2e-05	21.1	203660	204412	BCNA01000001	208	0.32270916334661354	0.711864406779661	1
Csa3_1_CAS-I-II-III-IV-V-VI	BCNA01000001_2215	124	118	0.00031	19.0	2171074	2171445	BCNA01000001	2215	0.532258064516129	0.6016949152542372	1
Csa3_1_CAS-I-II-III-IV-V-VI	BCNA01000001_2326	130	118	0.00027	19.2	2275803	2276192	BCNA01000001	2326	0.6076923076923076	0.652542372881356	-1
Csa3_1_CAS-I-II-III-IV-V-VI	BCNA01000001_2369	228	118	1.9e-10	39.1	2323543	2324226	BCNA01000001	2369	0.32894736842105265	0.652542372881356	-1
Csa3_1_CAS-I-II-III-IV-V-VI	BCNA01000001_2434	153	118	0.00028	19.1	2385553	2386011	BCNA01000001	2434	0.2679738562091503	0.4067796610169492	-1
Csa3_1_CAS-I-II-III-IV-V-VI	BCNA01000001_2541	115	118	2.7e-05	22.4	2476795	2477139	BCNA01000001	2541	0.5304347826086957	0.559322033898305	1
Csa3_1_CAS-I-II-III-IV-V-VI	BCNA01000001_2697	250	118	0.026	12.8	2638347	2639096	BCNA01000001	2697	0.204	0.4830508474576271	-1
Csa3_1_CAS-I-II-III-IV-V-VI	BCNA01000001_2704	175	118	3.1e-05	22.2	2642795	2643319	BCNA01000001	2704	0.3314285714285714	0.4152542372881356	-1
Csa3_1_CAS-I-II-III-IV-V-VI	BCNA01000001_2932	92	118	0.0004	18.7	2855897	2856172	BCNA01000001	2932	0.42391304347826086	0.3305084745762712	-1
Csa3_1_CAS-I-II-III-IV-V-VI	BCNA01000001_3001	117	118	2.3e-05	22.7	2920430	2920780	BCNA01000001	3001	0.47863247863247865	0.5338983050847458	1
Csa3_1_CAS-I-II-III-IV-V-VI	BCNA01000001_3007	245	118	0.012	13.9	2925387	2926121	BCNA01000001	3007	0.20408163265306123	0.4745762711864407	1
Csa3_1_CAS-I-II-III-IV-V-VI	BCNA01000001_3046	216	118	1.5e-12	45.9	2962023	2962670	BCNA01000001	3046	0.3055555555555556	0.6101694915254238	-1
Csa3_1_CAS-I-II-III-IV-V-VI	BCNA01000001_3089	93	118	1.3e-06	26.7	2999173	2999451	BCNA01000001	3089	0.5268817204301075	0.4576271186440678	-1
Csa3_1_CAS-I-II-III-IV-V-VI	BCNA01000001_3094	256	118	0.00082	17.6	3004951	3005718	BCNA01000001	3094	0.18359375	0.3644067796610169	-1
Csa3_1_CAS-I-II-III-IV-V-VI	BCNA01000001_362	121	118	8.1e-06	24.1	346776	347138	BCNA01000001	362	0.5041322314049587	0.559322033898305	1
Csa3_1_CAS-I-II-III-IV-V-VI	BCNA01000001_368	197	118	0.00071	17.9	354317	354907	BCNA01000001	368	0.233502538071066	0.4406779661016949	-1
Csa3_1_CAS-I-II-III-IV-V-VI	BCNA01000001_448	134	118	6.6e-05	21.2	433181	433582	BCNA01000001	448	0.753731343283582	0.8305084745762712	-1
Csa3_1_CAS-I-II-III-IV-V-VI	BCNA01000001_514	79	118	0.00096	17.4	509385	509621	BCNA01000001	514	0.6962025316455697	0.5084745762711864	1
Csa3_1_CAS-I-II-III-IV-V-VI	BCNA01000001_522	214	118	3.1e-06	25.4	516712	517353	BCNA01000001	522	0.17757009345794392	0.3474576271186441	-1
Csa3_1_CAS-I-II-III-IV-V-VI	BCNA01000001_780	177	118	0.0019	16.5	760873	761403	BCNA01000001	780	0.4576271186440678	0.6440677966101694	1
Csa3_1_CAS-I-II-III-IV-V-VI	BCNA01000001_786	188	118	2.6e-07	28.9	765720	766283	BCNA01000001	786	0.35106382978723405	0.6016949152542372	1
Csa3_1_CAS-I-II-III-IV-V-VI	BCNA01000001_827	351	118	0.00022	19.5	803358	804410	BCNA01000001	827	0.29914529914529914	0.6440677966101694	-1
Csa3_1_CAS-I-II-III-IV-V-VI	BCNA01000001_868	275	118	1.2e-11	42.9	847781	848605	BCNA01000001	868	0.2727272727272727	0.6440677966101694	1
Csa3_1_CAS-I-II-III-IV-V-VI	BCNA01000002_115	256	118	8.4e-06	24.1	113594	114361	BCNA01000002	115	0.19921875	0.4745762711864407	1
Csa3_1_CAS-I-II-III-IV-V-VI	BCNA01000002_13	176	118	2.7e-12	45.0	17209	17736	BCNA01000002	13	0.7840909090909091	0.8898305084745762	-1
Csa3_1_CAS-I-II-III-IV-V-VI	BCNA01000002_207	206	118	0.0004	18.7	223045	223662	BCNA01000002	207	0.2766990291262136	0.5423728813559322	1
Csa3_1_CAS-I-II-III-IV-V-VI	BCNA01000002_316	94	118	2.6e-07	28.9	347490	347771	BCNA01000002	316	0.7659574468085106	0.6440677966101694	-1
Csa3_1_CAS-I-II-III-IV-V-VI	BCNA01000002_317	212	118	0.0042	15.4	348562	349197	BCNA01000002	317	0.1792452830188679	0.3389830508474576	1
Csa3_1_CAS-I-II-III-IV-V-VI	BCNA01000002_87	290	118	0.0039	15.5	82133	83002	BCNA01000002	87	0.16206896551724137	0.4576271186440678	-1
Csa3_1_CAS-I-II-III-IV-V-VI	BCNA01000002_94	118	118	1.5e-07	29.7	88059	88412	BCNA01000002	94	0.6440677966101694	0.652542372881356	1
Csa3_1_CAS-I-II-III-IV-V-VI	BCNA01000003_101	97	118	5e-09	34.5	131490	131780	BCNA01000003	101	0.6082474226804123	0.559322033898305	1
Csa3_1_CAS-I-II-III-IV-V-VI	BCNA01000003_136	215	118	1.4e-08	33.0	170233	170877	BCNA01000003	136	0.32558139534883723	0.6101694915254238	-1
Csa3_1_CAS-I-II-III-IV-V-VI	BCNA01000003_224	130	118	3.2e-16	57.6	241649	242038	BCNA01000003	224	0.5769230769230769	0.652542372881356	-1
Csa3_1_CAS-I-II-III-IV-V-VI	BCNA01000003_232	119	118	0.0021	16.3	246782	247138	BCNA01000003	232	0.40336134453781514	0.4406779661016949	1
Csa3_1_CAS-I-II-III-IV-V-VI	BCNA01000003_257	161	118	2.7e-08	32.1	274146	274628	BCNA01000003	257	0.453416149068323	0.635593220338983	-1
Csa3_1_CAS-I-II-III-IV-V-VI	BCNA01000003_317	249	118	0.00032	19.0	338519	339265	BCNA01000003	317	0.21686746987951808	0.4745762711864407	-1
Csa3_1_CAS-I-II-III-IV-V-VI	BCNA01000003_328	251	118	0.00024	19.4	351446	352198	BCNA01000003	328	0.2549800796812749	0.4406779661016949	1
Csa3_1_CAS-I-II-III-IV-V-VI	BCNA01000004_64	371	118	1.4e-05	23.4	82915	84027	BCNA01000004	64	0.14016172506738545	0.4830508474576271	1
Csa3_1_CAS-I-II-III-IV-V-VI	BCNA01000004_89	317	118	0.0015	16.8	114006	114956	BCNA01000004	89	0.29337539432176657	0.559322033898305	1
Csa3_1_CAS-I-II-III-IV-V-VI	BCNA01000006_105	271	118	0.01	14.1	94032	94844	BCNA01000006	105	0.25092250922509224	0.5508474576271186	-1
Csa3_1_CAS-I-II-III-IV-V-VI	BCNA01000006_50	199	118	0.0044	15.3	43915	44511	BCNA01000006	50	0.36180904522613067	0.6186440677966102	-1
Csa3_1_CAS-I-II-III-IV-V-VI	BCNA01000006_87	196	118	0.034	12.5	79909	80496	BCNA01000006	87	0.25	0.4661016949152542	-1
Csa5gr11_8_CAS-I-A	BCNA01000002_93	168	109	0.041	11.8	87409	87912	BCNA01000002	93	0.5714285714285714	0.6697247706422018	-1
Csc1_0_ID	BCNA01000001_526	239	225	6.9e-06	23.5	521796	522512	BCNA01000001	526	0.5564853556485355	0.56	1
Csc1gr5_0_CAS-I-D	BCNA01000001_526	239	234	4.3e-126	417.0	521796	522512	BCNA01000001	526	0.9748953974895398	0.9957264957264957	1
Csc1gr5_1_CAS-I-D	BCNA01000001_526	239	210	1.6e-06	25.8	521796	522512	BCNA01000001	526	0.5857740585774058	0.5714285714285714	1
Csc1gr5_2_CAS-I-D	BCNA01000002_254	206	257	0.041	11.4	272752	273369	BCNA01000002	254	0.4854368932038835	0.3657587548638132	-1
Csc2_0_ID	BCNA01000001_525	314	282	2.9e-24	83.8	520862	521803	BCNA01000001	525	0.6496815286624203	0.74822695035461	1
Csc2gr7_0_CAS-I-D	BCNA01000001_525	314	274	6.7e-24	82.7	520862	521803	BCNA01000001	525	0.678343949044586	0.7883211678832117	1
Cse2gr11_0_CAS-I-E	BCNA01000002_294	181	160	0.014	13.6	318339	318881	BCNA01000002	294	0.4585635359116022	0.5375	1
Cse2gr11_1_CAS-I-E	BCNA01000002_294	181	143	0.018	13.2	318339	318881	BCNA01000002	294	0.36464088397790057	0.4405594405594406	1
Csf1_0_IV	BCNA01000001_1244	102	227	0.007	13.8	1228912	1229217	BCNA01000001	1244	0.43137254901960786	0.20704845814977973	-1
Csf1_2_IVA3	BCNA01000001_602	155	267	0.022	11.9	594807	595271	BCNA01000001	602	0.3032258064516129	0.16853932584269662	-1
Csf2_0_IV	BCNA01000001_523	283	329	0.02	12.3	517530	518378	BCNA01000001	523	0.26855123674911663	0.23708206686930092	1
Csf4_0_IVA	BCNA01000001_1247	327	666	0.048	10.1	1231599	1232579	BCNA01000001	1247	0.327217125382263	0.16366366366366367	-1
Csf4_0_IVA	BCNA01000001_2365	726	666	2.2e-26	90.5	2318951	2321128	BCNA01000001	2365	0.7286501377410468	0.7672672672672672	-1
Csf4_0_IVA	BCNA01000001_2545	576	666	0.0061	13.1	2478173	2479900	BCNA01000001	2545	0.3159722222222222	0.2672672672672673	1
Csf4_0_IVA	BCNA01000001_613	816	666	8.2e-10	35.8	605454	607901	BCNA01000001	613	0.33455882352941174	0.4039039039039039	-1
Csf4_1_IVA1	BCNA01000001_2365	726	802	3.2e-11	40.0	2318951	2321128	BCNA01000001	2365	0.2741046831955923	0.24688279301745636	-1
Csf4_1_IVA1	BCNA01000001_2545	576	802	0.00011	18.3	2478173	2479900	BCNA01000001	2545	0.14756944444444445	0.10224438902743142	1
Csf4_1_IVA1	BCNA01000001_613	816	802	1.2e-09	34.9	605454	607901	BCNA01000001	613	0.26715686274509803	0.2630922693266833	-1
Csf4_2_IVA1	BCNA01000001_2365	726	526	4.1e-05	20.3	2318951	2321128	BCNA01000001	2365	0.22865013774104684	0.3155893536121673	-1
Csf4_3_IVE	BCNA01000001_2365	726	648	0.013	12.0	2318951	2321128	BCNA01000001	2365	0.13085399449035812	0.13734567901234568	-1
Csf4_3_IVE	BCNA01000001_2545	576	648	0.0033	14.0	2478173	2479900	BCNA01000001	2545	0.2743055555555556	0.2515432098765432	1
Csm2gr11_5_CAS-III-D	BCNA01000003_241	61	121	0.0071	14.3	254237	254419	BCNA01000003	241	0.639344262295082	0.32231404958677684	-1
Csm2gr11_7_CAS-III-A	BCNA01000004_78	1159	110	1.3	8.0	99913	103389	BCNA01000004	78	0.12079378774805867	0.8	1
Csm3gr7_5_CAS-III-A-III-D	BCNA01000001_1276	387	620	0.0069	12.7	1265820	1266980	BCNA01000001	1276	0.2558139534883721	0.15645161290322582	1
Csm5gr7_2_CAS-III-A-III-D	BCNA01000001_1085	220	258	2.5	5.3	1079708	1080367	BCNA01000001	1085	0.5272727272727272	0.2131782945736434	1
Csm5gr7_2_CAS-III-A-III-D	BCNA01000002_147	653	258	2.2	5.5	152519	154477	BCNA01000002	147	0.2450229709035222	0.22093023255813954	1
Csm6_6_CAS-III	BCNA01000001_306	247	136	0.033	12.0	290780	291520	BCNA01000001	306	0.22672064777327935	0.40441176470588236	1
Csn2_10_CAS-II-A	BCNA01000001_2314	519	321	0.013	12.5	2263321	2264877	BCNA01000001	2314	0.19460500963391136	0.1806853582554517	-1
Csn2_10_CAS-II-A	BCNA01000003_228	123	321	0.036	11.1	244837	245205	BCNA01000003	228	0.6016260162601627	0.2367601246105919	1
Csn2_7_CAS-II-A	BCNA01000001_1632	311	372	0.046	10.6	1602463	1603395	BCNA01000001	1632	0.2282958199356913	0.1881720430107527	-1
Csn2_7_CAS-II-A	BCNA01000001_2098	235	372	0.034	11.0	2057919	2058623	BCNA01000001	2098	0.15319148936170213	0.0967741935483871	-1
Csn2_7_CAS-II-A	BCNA01000001_2314	519	372	0.027	11.3	2263321	2264877	BCNA01000001	2314	0.14258188824662812	0.1989247311827957	-1
Csn2_7_CAS-II-A	BCNA01000001_501	271	372	0.0022	14.9	496470	497282	BCNA01000001	501	0.2915129151291513	0.21505376344086022	1
Csn2_7_CAS-II-A	BCNA01000001_580	252	372	0.026	11.4	572218	572973	BCNA01000001	580	0.15476190476190477	0.10483870967741936	-1
Csn2_7_CAS-II-A	BCNA01000002_248	311	372	0.059	10.2	266172	267104	BCNA01000002	248	0.2572347266881029	0.21505376344086022	-1
Csx10gr5_2_CAS-III-D	BCNA01000001_711	139	482	0.0095	12.3	696455	696871	BCNA01000001	711	0.3669064748201439	0.11618257261410789	-1
Csx19_4_CAS-III-D	BCNA01000001_497	899	171	0.032	11.6	490354	493050	BCNA01000001	497	0.07563959955506118	0.24561403508771928	-1
Csx1_1_CAS-III	BCNA01000001_2405	205	214	0.017	13.1	2354643	2355257	BCNA01000001	2405	0.5804878048780487	0.37383177570093457	1
Csx1_20_CAS-III	BCNA01000001_306	247	379	0.00023	18.0	290780	291520	BCNA01000001	306	0.41700404858299595	0.2638522427440633	1
Csx1_9_CAS-III	BCNA01000001_306	247	378	0.00035	17.5	290780	291520	BCNA01000001	306	0.42105263157894735	0.2698412698412698	1
Csx25_0_CAS-III-D	BCNA01000001_2025	146	248	0.0021	15.4	1987611	1988048	BCNA01000001	2025	0.7397260273972602	0.4314516129032258	-1
Csx3_2_CAS-I-III	BCNA01000001_1254	370	277	0.0093	13.0	1242535	1243644	BCNA01000001	1254	0.06486486486486487	0.08664259927797834	-1
Csx3_2_CAS-I-III	BCNA01000001_1357	742	277	0.019	12.0	1344908	1347133	BCNA01000001	1357	0.057951482479784364	0.08303249097472924	-1
Csx3_2_CAS-I-III	BCNA01000001_1702	710	277	0.0026	14.8	1680121	1682250	BCNA01000001	1702	0.0647887323943662	0.16967509025270758	1
Csx3_2_CAS-I-III	BCNA01000001_2083	332	277	0.0026	14.8	2039916	2040911	BCNA01000001	2083	0.12048192771084337	0.15162454873646208	1
Csx3_2_CAS-I-III	BCNA01000001_2950	193	277	0.003	14.6	2869031	2869609	BCNA01000001	2950	0.13471502590673576	0.09386281588447654	-1
Csx3_2_CAS-I-III	BCNA01000001_370	270	277	0.02	11.9	356144	356953	BCNA01000001	370	0.14074074074074075	0.1371841155234657	1
Csx3_2_CAS-I-III	BCNA01000001_719	758	277	0.019	11.9	702282	704555	BCNA01000001	719	0.059366754617414245	0.08664259927797834	1
Csx3_2_CAS-I-III	BCNA01000001_998	228	277	0.0018	15.3	994274	994957	BCNA01000001	998	0.3201754385964912	0.26714801444043323	1
Csx3_2_CAS-I-III	BCNA01000002_248	311	277	0.0026	14.8	266172	267104	BCNA01000002	248	0.09646302250803858	0.10469314079422383	-1
CysH_0_IVB	BCNA01000001_1783	332	249	0.0077	13.8	1766728	1767723	BCNA01000001	1783	0.21987951807228914	0.2891566265060241	-1
CysH_0_IVB	BCNA01000001_2511	294	249	0.0014	16.3	2450102	2450983	BCNA01000001	2511	0.29931972789115646	0.357429718875502	-1
CysH_0_IVB	BCNA01000001_3069	306	249	0.0032	15.1	2983789	2984706	BCNA01000001	3069	0.33986928104575165	0.37349397590361444	1
CysH_0_IVB	BCNA01000001_587	326	249	5.3e-10	37.3	581600	582577	BCNA01000001	587	0.5337423312883436	0.5461847389558233	-1
DEDDh_0_CAS-I-II-III-IV-V-VI	BCNA01000001_2305	246	160	9.6e-07	27.0	2254762	2255499	BCNA01000001	2305	0.2601626016260163	0.4125	1
HEAT_CxxC_PDDEXK_0_CAS-I-C	BCNA01000001_1074	284	288	0.00018	18.7	1065911	1066762	BCNA01000001	1074	0.4154929577464789	0.2361111111111111	1
HEAT_CxxC_PDDEXK_0_CAS-I-C	BCNA01000001_1451	122	288	0.023	11.7	1433637	1434002	BCNA01000001	1451	0.4262295081967213	0.18055555555555555	1
HEAT_CxxC_PDDEXK_0_CAS-I-C	BCNA01000001_1956	411	288	4.5e-12	43.6	1926981	1928213	BCNA01000001	1956	0.7055961070559611	0.2916666666666667	1
HEAT_CxxC_PDDEXK_0_CAS-I-C	BCNA01000003_42	305	288	1.4e-05	22.3	63173	64087	BCNA01000003	42	0.5245901639344263	0.23958333333333334	-1
HEAT_CxxC_PDDEXK_0_CAS-I-C	BCNA01000003_75	489	288	0.00029	18.0	106585	108051	BCNA01000003	75	0.40899795501022496	0.2673611111111111	-1
HTH_0_CAS-I-D	BCNA01000001_1665	606	65	0.034	11.9	1638884	1640701	BCNA01000001	1665	0.039603960396039604	0.36923076923076925	1
Mem_03_0_CAS-III-D	BCNA01000001_1140	856	286	0.0032	14.8	1137067	1139634	BCNA01000001	1140	0.10981308411214953	0.34615384615384615	1
Mem_DnaJ_0_CAS-III-AM	BCNA01000001_318	220	284	0.016	12.4	300820	301479	BCNA01000001	318	0.22272727272727272	0.17253521126760563	-1
Mem_DnaJ_0_CAS-III-AM	BCNA01000001_348	91	284	0.0012	16.1	333857	334129	BCNA01000001	348	0.6483516483516484	0.1795774647887324	-1
NYN_0_CAS-III-B	BCNA01000001_1085	220	320	0.8	6.7	1079708	1080367	BCNA01000001	1085	0.75	0.346875	1
NYN_0_CAS-III-B	BCNA01000001_1334	149	320	2.7e-05	21.4	1326023	1326469	BCNA01000001	1334	0.48322147651006714	0.2125	1
NYN_0_CAS-III-B	BCNA01000001_186	166	320	3.5e-09	34.2	186507	187004	BCNA01000001	186	0.9036144578313253	0.478125	1
RecD_0_IVD	BCNA01000001_1585	356	763	0.044	9.7	1554432	1555499	BCNA01000001	1585	0.10393258426966293	0.04849279161205767	-1
RecD_0_IVD	BCNA01000001_2755	429	763	0.0084	12.1	2686667	2687953	BCNA01000001	2755	0.2097902097902098	0.11402359108781127	1
RecD_0_IVD	BCNA01000001_329	742	763	0.0011	15.0	313795	316020	BCNA01000001	329	0.12129380053908356	0.11009174311926606	-1
RecD_0_IVD	BCNA01000001_862	896	763	2.3e-11	40.4	838543	841230	BCNA01000001	862	0.2265625	0.254259501965924	1
RecD_0_IVD	BCNA01000004_32	1213	763	0.016	11.2	31356	34994	BCNA01000004	32	0.0807914262159934	0.1258191349934469	-1
STAND_TPR_0_CAS-I-E	BCNA01000004_67	287	1210	0.052	9.3	85818	86678	BCNA01000004	67	0.2229965156794425	0.05289256198347107	1
TPR_1_CAS-III-B	BCNA01000001_2743	243	537	3.4e-09	33.9	2680859	2681587	BCNA01000001	2743	0.6378600823045267	0.19553072625698323	-1
TPR_1_CAS-III-B	BCNA01000001_2871	86	537	0.019	11.6	2799590	2799847	BCNA01000001	2871	0.8023255813953488	0.1266294227188082	1
TniQ_0_CAS-I-F	BCNA01000004_22	113	139	0.027	13.3	21974	22312	BCNA01000004	22	0.5486725663716814	0.5107913669064749	-1
TniQ_0_V-K	BCNA01000001_2599	241	184	0.00053	17.6	2528992	2529714	BCNA01000001	2599	0.27800829875518673	0.1793478260869565	1
TniQ_1_I-F	BCNA01000001_512	159	400	0.053	10.5	508462	508938	BCNA01000001	512	0.18238993710691823	0.0725	-1
TnpB_0_Competitive	BCNA01000001_2352	421	400	3.2e-08	30.8	2305477	2306739	BCNA01000001	2352	0.505938242280285	0.5225	1
TnpB_0_Competitive	BCNA01000001_340	414	400	1.1e-50	170.6	325783	327024	BCNA01000001	340	0.9202898550724637	0.9375	-1
TnpB_0_Competitive	BCNA01000001_686	425	400	6.2e-06	23.3	669429	670703	BCNA01000001	686	0.3035294117647059	0.3125	1
TnpB_0_Competitive	BCNA01000001_958	172	400	2.3e-07	28.0	958605	959120	BCNA01000001	958	0.4127906976744186	0.185	-1
TnpB_0_Competitive	BCNA01000003_146	388	400	9.3e-08	29.3	175120	176283	BCNA01000003	146	0.5489690721649485	0.5225	1
TnpB_0_Competitive	BCNA01000005_89	424	400	0.02	11.7	85331	86602	BCNA01000005	89	0.36792452830188677	0.375	1
TnpB_1_Competitive	BCNA01000001_2352	421	409	2.9e-21	73.6	2305477	2306739	BCNA01000001	2352	0.8076009501187649	0.7970660146699267	1
TnpB_1_Competitive	BCNA01000001_340	414	409	3.2999999999999996e-62	208.4	325783	327024	BCNA01000001	340	0.9057971014492754	0.8973105134474327	-1
TnpB_1_Competitive	BCNA01000001_686	425	409	6.9e-13	46.0	669429	670703	BCNA01000001	686	0.3788235294117647	0.3765281173594132	1
TnpB_1_Competitive	BCNA01000001_958	172	409	1.6e-13	48.2	958605	959120	BCNA01000001	958	0.6162790697674418	0.22982885085574573	-1
TnpB_1_Competitive	BCNA01000001_959	264	409	1e-07	29.0	959089	959880	BCNA01000001	959	0.7803030303030303	0.4938875305623472	-1
TnpB_1_Competitive	BCNA01000003_146	388	409	3.8e-19	66.6	175120	176283	BCNA01000003	146	0.8608247422680413	0.784841075794621	1
TnpB_1_Competitive	BCNA01000005_89	424	409	7.1e-09	32.8	85331	86602	BCNA01000005	89	0.5424528301886793	0.5330073349633252	1
Unk_04_0_CAS-I-E	BCNA01000001_2896	107	63	0.73	7.9	2823096	2823416	BCNA01000001	2896	0.38317757009345793	0.5555555555555556	-1
WYL_0_CAS-I-II-III-IV-V-VI	BCNA01000001_1130	143	313	0.018	12.5	1127388	1127816	BCNA01000001	1130	0.3076923076923077	0.14057507987220447	1
WYL_0_CAS-I-II-III-IV-V-VI	BCNA01000001_1474	164	313	1.8e-05	22.4	1456243	1456734	BCNA01000001	1474	0.3048780487804878	0.13738019169329074	-1
WYL_0_CAS-I-II-III-IV-V-VI	BCNA01000001_1608	202	313	0.016	12.6	1581566	1582171	BCNA01000001	1608	0.19306930693069307	0.12460063897763578	1
WYL_0_CAS-I-II-III-IV-V-VI	BCNA01000001_2286	153	313	0.02	12.3	2233519	2233977	BCNA01000001	2286	0.40522875816993464	0.18849840255591055	1
WYL_0_CAS-I-II-III-IV-V-VI	BCNA01000001_2697	250	313	0.0018	15.7	2638347	2639096	BCNA01000001	2697	0.436	0.3194888178913738	-1
WYL_0_CAS-I-II-III-IV-V-VI	BCNA01000001_3001	117	313	0.014	12.8	2920430	2920780	BCNA01000001	3001	0.28205128205128205	0.10543130990415335	1
WYL_0_CAS-I-II-III-IV-V-VI	BCNA01000001_308	254	313	6.6e-07	27.0	293062	293823	BCNA01000001	308	0.1732283464566929	0.14057507987220447	1
WYL_0_CAS-I-II-III-IV-V-VI	BCNA01000002_13	176	313	0.0034	14.9	17209	17736	BCNA01000002	13	0.2897727272727273	0.15654952076677317	-1
WYL_0_CAS-I-II-III-IV-V-VI	BCNA01000002_26	131	313	0.012	13.0	28750	29142	BCNA01000002	26	0.3969465648854962	0.15654952076677317	-1
WYL_0_CAS-I-II-III-IV-V-VI	BCNA01000002_83	255	313	0.009	13.5	77356	78120	BCNA01000002	83	0.21176470588235294	0.1501597444089457	-1
htpX_0_CAS-III-B	BCNA01000001_1146	331	343	6.4e-18	62.9	1143680	1144672	BCNA01000001	1146	0.6193353474320241	0.6151603498542274	1
htpX_0_CAS-III-B	BCNA01000001_1209	382	343	4.3e-12	43.7	1200903	1202048	BCNA01000001	1209	0.7172774869109948	0.8075801749271136	-1
htpX_0_CAS-III-B	BCNA01000001_2550	293	343	2.2e-17	61.1	2483441	2484319	BCNA01000001	2550	0.6962457337883959	0.5947521865889213	1
htpX_0_CAS-III-B	BCNA01000001_2664	304	343	5.4e-06	23.7	2604779	2605690	BCNA01000001	2664	0.6973684210526315	0.6005830903790087	-1
htpX_0_CAS-III-B	BCNA01000001_2703	158	343	0.0092	13.1	2642289	2642762	BCNA01000001	2703	0.3670886075949367	0.1661807580174927	1
htpX_0_CAS-III-B	BCNA01000001_3134	348	343	2.3e-09	34.8	3040125	3041168	BCNA01000001	3134	0.6781609195402298	0.5597667638483965	1
htpX_0_CAS-III-B	BCNA01000002_234	275	343	1.3e-14	52.0	248874	249698	BCNA01000002	234	0.8109090909090909	0.6559766763848397	1
