Contig	Start	End	Strand	Pos
JAWAJX010000001	3	419	-1	1
JAWAJX010000001	421	1134	-1	2
JAWAJX010000001	1317	2417	1	3
JAWAJX010000001	2414	2914	1	4
JAWAJX010000001	2930	4432	1	5
JAWAJX010000001	4429	5964	1	6
JAWAJX010000001	5961	6251	1	7
JAWAJX010000001	6257	7144	1	8
JAWAJX010000001	7131	8765	1	9
JAWAJX010000001	8768	9298	1	10
JAWAJX010000001	9288	9767	1	11
JAWAJX010000001	9727	10056	1	12
JAWAJX010000001	10419	10619	-1	13
JAWAJX010000001	10616	11413	-1	14
JAWAJX010000001	11427	13397	-1	15
JAWAJX010000001	13470	13820	1	16
JAWAJX010000001	13830	14336	-1	17
JAWAJX010000001	14333	15442	-1	18
JAWAJX010000001	15447	16193	-1	19
JAWAJX010000001	16262	16603	-1	20
JAWAJX010000001	16613	16981	-1	21
JAWAJX010000001	16981	17265	-1	22
JAWAJX010000001	17298	17915	-1	23
JAWAJX010000001	17920	18468	-1	24
JAWAJX010000001	18471	19088	-1	25
JAWAJX010000001	19141	20160	-1	26
JAWAJX010000001	20174	20701	-1	27
JAWAJX010000001	21017	22081	-1	28
JAWAJX010000001	22526	23248	-1	29
JAWAJX010000001	24016	25491	1	30
JAWAJX010000001	25481	26605	1	31
JAWAJX010000001	26681	26860	1	32
JAWAJX010000001	27355	27603	1	33
JAWAJX010000001	27656	27946	-1	34
JAWAJX010000001	28126	29133	1	35
JAWAJX010000001	29177	29584	-1	36
JAWAJX010000001	29660	30415	-1	37
JAWAJX010000001	30556	31860	-1	38
JAWAJX010000001	31943	33109	1	39
JAWAJX010000001	33136	33564	-1	40
JAWAJX010000001	34555	35385	-1	41
JAWAJX010000001	35448	36155	1	42
JAWAJX010000001	36194	36706	1	43
JAWAJX010000001	36703	36915	-1	44
JAWAJX010000001	36936	37136	-1	45
JAWAJX010000001	37105	37980	-1	46
JAWAJX010000001	37952	38551	-1	47
JAWAJX010000001	38618	40294	1	48
JAWAJX010000001	40540	41637	1	49
JAWAJX010000001	41638	43476	-1	50
JAWAJX010000001	43617	44300	1	51
JAWAJX010000001	44322	45026	-1	52
JAWAJX010000001	45020	45610	-1	53
JAWAJX010000001	45610	46443	-1	54
JAWAJX010000001	46427	47065	-1	55
JAWAJX010000001	47119	47487	-1	56
JAWAJX010000001	47516	47842	-1	57
JAWAJX010000001	47916	49241	-1	58
JAWAJX010000001	49264	50622	-1	59
JAWAJX010000001	50661	51542	-1	60
JAWAJX010000001	52079	52627	1	61
JAWAJX010000001	52680	53363	1	62
JAWAJX010000001	53374	54195	1	63
JAWAJX010000001	54156	55076	1	64
JAWAJX010000001	55119	55448	1	65
JAWAJX010000001	55445	56332	1	66
JAWAJX010000001	56459	57652	1	67
JAWAJX010000001	57721	58065	1	68
JAWAJX010000001	58043	58594	-1	69
JAWAJX010000001	58591	59511	-1	70
JAWAJX010000001	59593	60300	-1	71
JAWAJX010000001	60322	61554	-1	72
JAWAJX010000001	61602	61802	1	73
JAWAJX010000001	62050	63402	1	74
JAWAJX010000001	63395	65314	1	75
JAWAJX010000001	65549	66454	1	76
JAWAJX010000001	66441	67511	1	77
JAWAJX010000001	67535	67819	1	78
JAWAJX010000001	68259	68810	1	79
JAWAJX010000001	68861	69208	-1	80
JAWAJX010000001	69375	71030	1	81
JAWAJX010000001	71135	71458	1	82
JAWAJX010000001	71484	72509	1	83
JAWAJX010000001	72539	74626	1	84
JAWAJX010000001	74633	75091	-1	85
JAWAJX010000001	75113	75397	-1	86
JAWAJX010000001	75398	75709	-1	87
JAWAJX010000001	75733	77049	1	88
JAWAJX010000001	77082	77336	-1	89
JAWAJX010000001	77522	78211	1	90
JAWAJX010000001	78236	79564	-1	91
JAWAJX010000001	79561	81000	-1	92
JAWAJX010000001	81068	81643	-1	93
JAWAJX010000001	81733	82800	1	94
JAWAJX010000001	82836	83354	1	95
JAWAJX010000001	83356	84060	1	96
JAWAJX010000001	84057	84971	1	97
JAWAJX010000001	84968	85786	-1	98
JAWAJX010000001	85861	86271	1	99
JAWAJX010000001	86294	86593	1	100
JAWAJX010000001	86882	87151	1	101
JAWAJX010000001	87124	88032	1	102
JAWAJX010000001	88183	88593	1	103
JAWAJX010000001	88683	89984	-1	104
JAWAJX010000001	90068	90364	1	105
JAWAJX010000001	90365	91153	-1	106
JAWAJX010000001	91179	91688	1	107
JAWAJX010000001	91685	92407	1	108
JAWAJX010000001	92397	92981	-1	109
JAWAJX010000001	93198	94796	-1	110
JAWAJX010000001	94858	95394	1	111
JAWAJX010000001	95391	96224	-1	112
JAWAJX010000001	96365	97327	1	113
JAWAJX010000001	97336	98847	1	114
JAWAJX010000001	98879	101347	1	115
JAWAJX010000001	101383	102453	1	116
JAWAJX010000001	102468	102749	-1	117
JAWAJX010000001	102875	103489	1	118
JAWAJX010000001	103559	103966	1	119
JAWAJX010000001	103976	104482	-1	120
JAWAJX010000001	104530	105201	-1	121
JAWAJX010000001	105265	106887	1	122
JAWAJX010000001	106829	107227	-1	123
JAWAJX010000001	107233	107604	-1	124
JAWAJX010000001	107668	109419	-1	125
JAWAJX010000001	109525	110382	1	126
JAWAJX010000001	110395	110574	-1	127
JAWAJX010000001	110635	110961	1	128
JAWAJX010000001	111000	111962	-1	129
JAWAJX010000001	112264	112866	-1	130
JAWAJX010000001	112859	114055	-1	131
JAWAJX010000001	114377	114634	1	132
JAWAJX010000001	114631	118101	1	133
JAWAJX010000001	118106	120754	1	134
JAWAJX010000001	120761	121993	1	135
JAWAJX010000001	121974	122312	1	136
JAWAJX010000001	122313	122762	1	137
JAWAJX010000001	122827	123273	1	138
JAWAJX010000001	123285	123881	1	139
JAWAJX010000001	124069	125484	1	140
JAWAJX010000001	125563	125874	1	141
JAWAJX010000001	126204	126680	1	142
JAWAJX010000001	126692	127210	1	143
JAWAJX010000001	127222	127623	1	144
JAWAJX010000001	127638	128471	1	145
JAWAJX010000001	128468	128833	1	146
JAWAJX010000001	128793	129293	1	147
JAWAJX010000001	129290	129718	1	148
JAWAJX010000001	129936	130559	1	149
JAWAJX010000001	130701	131555	1	150
JAWAJX010000001	131605	132732	1	151
JAWAJX010000001	132729	133235	1	152
JAWAJX010000001	133198	134955	1	153
JAWAJX010000001	135073	135459	1	154
JAWAJX010000001	135596	135868	-1	155
JAWAJX010000001	135957	136142	1	156
JAWAJX010000001	136145	137974	-1	157
JAWAJX010000001	138055	138705	1	158
JAWAJX010000001	138750	139499	1	159
JAWAJX010000001	139529	139651	1	160
JAWAJX010000001	139644	140054	1	161
JAWAJX010000001	140106	140669	1	162
JAWAJX010000001	140677	140889	1	163
JAWAJX010000001	140873	141376	1	164
JAWAJX010000001	141388	141723	1	165
JAWAJX010000001	141918	142994	1	166
JAWAJX010000001	142982	143665	1	167
JAWAJX010000001	143655	144209	1	168
JAWAJX010000001	144276	144761	1	169
JAWAJX010000001	144799	145935	1	170
JAWAJX010000001	145920	146219	1	171
JAWAJX010000001	146297	146938	1	172
JAWAJX010000001	147069	148316	1	173
JAWAJX010000001	148322	148711	1	174
JAWAJX010000001	148704	149933	-1	175
JAWAJX010000001	150009	150761	1	176
JAWAJX010000001	150725	151204	1	177
JAWAJX010000001	151284	151865	1	178
JAWAJX010000001	151867	152424	1	179
JAWAJX010000001	152605	152985	1	180
JAWAJX010000001	153053	153793	1	181
JAWAJX010000001	153854	154549	1	182
JAWAJX010000001	154553	155278	1	183
JAWAJX010000001	155275	156009	1	184
JAWAJX010000001	156009	156971	1	185
JAWAJX010000001	156974	157234	1	186
JAWAJX010000001	157240	157788	1	187
JAWAJX010000001	157778	158026	1	188
JAWAJX010000001	158019	158387	1	189
JAWAJX010000001	158425	158709	1	190
JAWAJX010000001	158900	161110	1	191
JAWAJX010000001	161379	162656	-1	192
JAWAJX010000001	162763	163134	1	193
JAWAJX010000001	163131	165752	1	194
JAWAJX010000001	165846	166133	1	195
JAWAJX010000001	166181	166534	1	196
JAWAJX010000001	166582	167061	1	197
JAWAJX010000001	167148	168056	-1	198
JAWAJX010000001	168199	168657	1	199
JAWAJX010000001	168658	168861	-1	200
JAWAJX010000002	3	497	1	1
JAWAJX010000002	510	1601	1	2
JAWAJX010000002	1846	2598	-1	3
JAWAJX010000002	2735	3403	-1	4
JAWAJX010000002	3451	4761	-1	5
JAWAJX010000002	4777	5244	-1	6
JAWAJX010000002	5241	6386	-1	7
JAWAJX010000002	6633	7190	1	8
JAWAJX010000002	7225	8460	-1	9
JAWAJX010000002	9082	9486	1	10
JAWAJX010000002	9600	10772	1	11
JAWAJX010000002	10964	11770	-1	12
JAWAJX010000002	11767	13092	-1	13
JAWAJX010000002	13213	13905	-1	14
JAWAJX010000002	13985	14338	1	15
JAWAJX010000002	14596	15102	1	16
JAWAJX010000002	15099	15437	1	17
JAWAJX010000002	15424	15582	1	18
JAWAJX010000002	15593	15886	1	19
JAWAJX010000002	15904	16596	1	20
JAWAJX010000002	16596	16859	1	21
JAWAJX010000002	16859	17323	1	22
JAWAJX010000002	17330	18220	1	23
JAWAJX010000002	18231	18410	1	24
JAWAJX010000002	18417	18890	1	25
JAWAJX010000002	18893	19402	1	26
JAWAJX010000002	19407	20054	1	27
JAWAJX010000002	20069	21082	1	28
JAWAJX010000002	21138	21467	1	29
JAWAJX010000002	21621	24455	1	30
JAWAJX010000002	24838	25518	1	31
JAWAJX010000002	25493	26797	-1	32
JAWAJX010000002	26889	27314	1	33
JAWAJX010000002	27314	27637	1	34
JAWAJX010000002	27641	28696	1	35
JAWAJX010000002	28697	29035	1	36
JAWAJX010000002	29032	29850	1	37
JAWAJX010000002	29820	30434	1	38
JAWAJX010000002	30687	30962	-1	39
JAWAJX010000002	30972	31181	-1	40
JAWAJX010000002	31328	31675	1	41
JAWAJX010000002	31675	32775	1	42
JAWAJX010000002	32781	33278	-1	43
JAWAJX010000002	33702	35891	1	44
JAWAJX010000002	35937	36167	1	45
JAWAJX010000002	36211	37269	1	46
JAWAJX010000002	37272	37946	-1	47
JAWAJX010000002	38021	38497	1	48
JAWAJX010000002	38438	39415	-1	49
JAWAJX010000002	39501	40334	1	50
JAWAJX010000002	40306	40842	1	51
JAWAJX010000002	40831	41976	-1	52
JAWAJX010000002	42036	42383	1	53
JAWAJX010000002	42404	42622	1	54
JAWAJX010000002	42725	43804	1	55
JAWAJX010000002	43811	44581	-1	56
JAWAJX010000002	44601	45008	-1	57
JAWAJX010000002	45069	45878	-1	58
JAWAJX010000002	45995	46408	1	59
JAWAJX010000002	46413	48071	1	60
JAWAJX010000002	48068	48736	-1	61
JAWAJX010000002	48805	49095	-1	62
JAWAJX010000002	49245	53027	1	63
JAWAJX010000002	52956	53225	-1	64
JAWAJX010000002	54119	54661	-1	65
JAWAJX010000002	54723	54977	1	66
JAWAJX010000002	55016	55915	-1	67
JAWAJX010000002	55983	56669	1	68
JAWAJX010000002	56684	57778	1	69
JAWAJX010000002	58013	59116	1	70
JAWAJX010000002	59236	59367	1	71
JAWAJX010000002	59378	59644	1	72
JAWAJX010000002	59898	60176	1	73
JAWAJX010000002	60309	62117	1	74
JAWAJX010000002	62204	63346	1	75
JAWAJX010000002	63396	64100	1	76
JAWAJX010000002	64285	65733	-1	77
JAWAJX010000002	65919	66023	1	78
JAWAJX010000002	66025	66510	-1	79
JAWAJX010000002	66494	66733	-1	80
JAWAJX010000002	66861	67394	-1	81
JAWAJX010000002	67427	68737	1	82
JAWAJX010000003	396	1832	-1	1
JAWAJX010000003	1895	2164	-1	2
JAWAJX010000003	2263	2619	1	3
JAWAJX010000003	2600	3238	-1	4
JAWAJX010000003	3210	3608	-1	5
JAWAJX010000003	3598	4764	-1	6
JAWAJX010000003	4769	6055	-1	7
JAWAJX010000003	6061	7302	-1	8
JAWAJX010000003	7306	7953	-1	9
JAWAJX010000003	8015	8641	1	10
JAWAJX010000003	8634	9149	1	11
JAWAJX010000003	9201	9491	1	12
JAWAJX010000003	9491	9691	1	13
JAWAJX010000003	9814	10104	1	14
JAWAJX010000003	10208	12043	1	15
JAWAJX010000003	12040	12642	1	16
JAWAJX010000003	12920	13756	1	17
JAWAJX010000003	13777	14904	1	18
JAWAJX010000003	14954	15352	1	19
JAWAJX010000003	15364	15723	-1	20
JAWAJX010000003	15773	16648	-1	21
JAWAJX010000003	16645	20724	-1	22
JAWAJX010000003	20912	21577	1	23
JAWAJX010000003	21582	22331	-1	24
JAWAJX010000003	22387	23361	-1	25
JAWAJX010000003	23447	25735	-1	26
JAWAJX010000003	25764	25988	-1	27
JAWAJX010000003	26060	26917	-1	28
JAWAJX010000003	26899	27594	-1	29
JAWAJX010000003	27605	28150	-1	30
JAWAJX010000003	28208	28513	-1	31
JAWAJX010000003	28585	29013	-1	32
JAWAJX010000003	29028	29273	-1	33
JAWAJX010000003	29285	30820	-1	34
JAWAJX010000003	30928	31137	-1	35
JAWAJX010000003	31239	32198	1	36
JAWAJX010000003	32212	32778	-1	37
JAWAJX010000003	32772	34148	-1	38
JAWAJX010000003	34261	35787	-1	39
JAWAJX010000003	35875	36081	-1	40
JAWAJX010000003	36111	37532	-1	41
JAWAJX010000003	37625	38323	1	42
JAWAJX010000003	38324	39346	1	43
JAWAJX010000003	39343	39837	1	44
JAWAJX010000003	39834	40556	-1	45
JAWAJX010000003	40607	40999	-1	46
JAWAJX010000003	41100	41510	-1	47
JAWAJX010000003	41515	42363	-1	48
JAWAJX010000003	42365	42892	-1	49
JAWAJX010000003	42932	43507	-1	50
JAWAJX010000003	43588	44022	1	51
JAWAJX010000003	44024	44593	1	52
JAWAJX010000003	44641	45426	1	53
JAWAJX010000003	45469	46107	1	54
JAWAJX010000003	46124	47500	1	55
JAWAJX010000003	47506	47838	-1	56
JAWAJX010000003	47887	48594	-1	57
JAWAJX010000003	48672	49502	1	58
JAWAJX010000003	49499	50545	-1	59
JAWAJX010000003	50600	51766	-1	60
JAWAJX010000003	51879	52241	1	61
JAWAJX010000003	53353	54303	-1	62
JAWAJX010000003	54714	54875	-1	63
JAWAJX010000003	55489	56670	-1	64
JAWAJX010000003	56872	57396	-1	65
JAWAJX010000003	57393	58346	-1	66
JAWAJX010000003	58436	59053	1	67
JAWAJX010000003	59062	59583	-1	68
JAWAJX010000003	59834	60658	1	69
JAWAJX010000003	60763	61881	-1	70
JAWAJX010000003	62001	62537	1	71
JAWAJX010000003	62560	63234	-1	72
JAWAJX010000003	63360	63686	1	73
JAWAJX010000003	63667	64845	1	74
JAWAJX010000003	64847	65431	-1	75
JAWAJX010000004	3	89	1	1
JAWAJX010000004	82	1446	1	2
JAWAJX010000004	1509	2756	-1	3
JAWAJX010000004	2776	4305	-1	4
JAWAJX010000004	4318	4725	-1	5
JAWAJX010000004	4871	6463	1	6
JAWAJX010000004	6475	7779	1	7
JAWAJX010000004	7808	8617	-1	8
JAWAJX010000004	8635	9558	-1	9
JAWAJX010000004	9707	10387	1	10
JAWAJX010000004	10588	11727	1	11
JAWAJX010000004	11781	12275	1	12
JAWAJX010000004	12272	13615	1	13
JAWAJX010000004	13726	14619	1	14
JAWAJX010000004	14633	15646	1	15
JAWAJX010000004	15685	17148	1	16
JAWAJX010000004	17332	17490	-1	17
JAWAJX010000004	17492	18127	-1	18
JAWAJX010000004	18213	20036	-1	19
JAWAJX010000004	20133	21176	1	20
JAWAJX010000004	21232	21453	1	21
JAWAJX010000004	21564	21812	-1	22
JAWAJX010000004	21796	22506	-1	23
JAWAJX010000004	22743	22922	-1	24
JAWAJX010000004	22949	23263	1	25
JAWAJX010000004	23253	24005	-1	26
JAWAJX010000004	23980	24288	-1	27
JAWAJX010000004	24356	24760	-1	28
JAWAJX010000004	24890	25399	-1	29
JAWAJX010000004	25414	26322	-1	30
JAWAJX010000004	26328	27512	-1	31
JAWAJX010000004	27514	27798	-1	32
JAWAJX010000004	27803	28381	-1	33
JAWAJX010000004	28514	28762	1	34
JAWAJX010000004	28834	29586	-1	35
JAWAJX010000004	29606	30022	1	36
JAWAJX010000004	30290	30601	-1	37
JAWAJX010000004	30664	31371	-1	38
JAWAJX010000004	31389	32843	-1	39
JAWAJX010000004	32870	35704	1	40
JAWAJX010000004	35699	37633	-1	41
JAWAJX010000004	37709	37975	1	42
JAWAJX010000004	37998	39356	1	43
JAWAJX010000004	39504	41162	1	44
JAWAJX010000004	41221	41343	1	45
JAWAJX010000004	41354	42193	1	46
JAWAJX010000004	42292	43581	1	47
JAWAJX010000004	43586	44413	1	48
JAWAJX010000004	44410	44685	1	49
JAWAJX010000004	44699	45415	1	50
JAWAJX010000004	45490	45942	1	51
JAWAJX010000004	45953	46426	1	52
JAWAJX010000004	46428	47087	1	53
JAWAJX010000004	47084	47284	1	54
JAWAJX010000004	47281	47583	1	55
JAWAJX010000004	47580	47942	1	56
JAWAJX010000004	47942	48370	1	57
JAWAJX010000004	48384	48797	1	58
JAWAJX010000004	48800	49561	1	59
JAWAJX010000004	49563	50126	1	60
JAWAJX010000004	50136	50300	1	61
JAWAJX010000004	50313	50714	1	62
JAWAJX010000004	50727	51281	1	63
JAWAJX010000004	51278	51694	1	64
JAWAJX010000004	51698	52156	1	65
JAWAJX010000004	52167	52763	1	66
JAWAJX010000004	52768	53418	1	67
JAWAJX010000004	53424	53921	1	68
JAWAJX010000004	53934	54398	1	69
JAWAJX010000004	54601	56028	1	70
JAWAJX010000004	56031	56486	1	71
JAWAJX010000004	56566	56844	1	72
JAWAJX010000004	56876	57403	1	73
JAWAJX010000004	57430	57723	1	74
JAWAJX010000004	57791	58063	1	75
JAWAJX010000004	58170	58865	1	76
JAWAJX010000004	58868	59443	1	77
JAWAJX010000004	59676	61088	-1	78
JAWAJX010000004	61176	61880	-1	79
JAWAJX010000004	62075	62662	1	80
JAWAJX010000004	62746	63306	1	81
JAWAJX010000005	126	1340	-1	1
JAWAJX010000005	1398	2741	-1	2
JAWAJX010000005	2742	3701	-1	3
JAWAJX010000005	3787	4452	1	4
JAWAJX010000005	4500	5243	1	5
JAWAJX010000005	5371	6534	1	6
JAWAJX010000005	6547	8148	-1	7
JAWAJX010000005	8231	9730	1	8
JAWAJX010000005	9766	10206	1	9
JAWAJX010000005	10278	11741	1	10
JAWAJX010000005	11830	13641	1	11
JAWAJX010000005	13630	15045	-1	12
JAWAJX010000005	15158	15472	-1	13
JAWAJX010000005	15774	16196	1	14
JAWAJX010000005	16518	16982	1	15
JAWAJX010000005	17053	18159	1	16
JAWAJX010000005	18279	19109	1	17
JAWAJX010000005	19106	19876	1	18
JAWAJX010000005	19873	20463	-1	19
JAWAJX010000005	20590	20868	1	20
JAWAJX010000005	20893	21255	1	21
JAWAJX010000005	21230	21679	1	22
JAWAJX010000005	21715	22116	-1	23
JAWAJX010000005	22132	22764	-1	24
JAWAJX010000005	22861	24024	1	25
JAWAJX010000005	24089	25123	1	26
JAWAJX010000005	25209	27674	1	27
JAWAJX010000005	27823	28350	1	28
JAWAJX010000005	28347	29021	-1	29
JAWAJX010000005	29063	29908	-1	30
JAWAJX010000005	29981	30910	1	31
JAWAJX010000005	30996	31421	1	32
JAWAJX010000005	31498	32595	1	33
JAWAJX010000005	32582	33775	1	34
JAWAJX010000005	33746	34963	-1	35
JAWAJX010000005	35057	36940	-1	36
JAWAJX010000005	36948	37547	-1	37
JAWAJX010000005	37558	38604	-1	38
JAWAJX010000005	38608	38907	-1	39
JAWAJX010000005	38909	40117	-1	40
JAWAJX010000005	40453	40743	-1	41
JAWAJX010000005	40744	41004	-1	42
JAWAJX010000005	41175	41675	1	43
JAWAJX010000005	41680	42483	1	44
JAWAJX010000005	42461	43651	-1	45
JAWAJX010000005	43764	44681	-1	46
JAWAJX010000005	44665	45744	-1	47
JAWAJX010000005	45746	47248	-1	48
JAWAJX010000005	47345	48679	-1	49
JAWAJX010000005	48793	49755	1	50
JAWAJX010000005	49873	50766	1	51
JAWAJX010000005	50791	51498	-1	52
JAWAJX010000005	51654	51878	1	53
JAWAJX010000005	51921	53567	1	54
JAWAJX010000005	53756	54247	1	55
JAWAJX010000005	54660	57263	-1	56
JAWAJX010000005	57376	57831	1	57
JAWAJX010000005	58136	59122	-1	58
JAWAJX010000005	59217	59690	1	59
JAWAJX010000006	2	727	-1	1
JAWAJX010000006	1690	3309	-1	2
JAWAJX010000006	3634	4050	-1	3
JAWAJX010000006	4053	5411	-1	4
JAWAJX010000006	6045	6179	1	5
JAWAJX010000006	6633	7901	-1	6
JAWAJX010000006	7868	9250	-1	7
JAWAJX010000006	9334	10629	-1	8
JAWAJX010000006	10626	11159	-1	9
JAWAJX010000006	11180	11467	-1	10
JAWAJX010000006	11479	11763	-1	11
JAWAJX010000006	11818	12675	1	12
JAWAJX010000006	12665	13252	1	13
JAWAJX010000006	13255	14127	-1	14
JAWAJX010000006	14162	14848	-1	15
JAWAJX010000006	14902	15150	1	16
JAWAJX010000006	15173	16654	-1	17
JAWAJX010000006	16998	17663	1	18
JAWAJX010000006	17653	20130	-1	19
JAWAJX010000006	20223	20588	-1	20
JAWAJX010000006	20614	21750	-1	21
JAWAJX010000006	21909	22547	-1	22
JAWAJX010000006	22516	23112	-1	23
JAWAJX010000006	23174	23488	1	24
JAWAJX010000006	23521	24009	-1	25
JAWAJX010000006	24083	24655	1	26
JAWAJX010000006	24663	25394	1	27
JAWAJX010000006	25401	26843	1	28
JAWAJX010000006	26847	27062	-1	29
JAWAJX010000006	27154	27585	1	30
JAWAJX010000006	27723	28508	-1	31
JAWAJX010000006	28568	29947	1	32
JAWAJX010000006	29979	30734	1	33
JAWAJX010000006	30739	31290	-1	34
JAWAJX010000006	31505	32785	1	35
JAWAJX010000006	32782	33030	-1	36
JAWAJX010000006	33128	34300	-1	37
JAWAJX010000006	34278	35033	-1	38
JAWAJX010000006	35115	35768	1	39
JAWAJX010000006	35779	36879	-1	40
JAWAJX010000006	37076	37291	-1	41
JAWAJX010000006	37547	39367	-1	42
JAWAJX010000006	39426	40025	1	43
JAWAJX010000006	40075	40242	1	44
JAWAJX010000006	40380	40685	-1	45
JAWAJX010000006	40749	41375	1	46
JAWAJX010000006	41401	41925	-1	47
JAWAJX010000006	41947	42936	-1	48
JAWAJX010000006	43212	44060	-1	49
JAWAJX010000006	44139	44834	1	50
JAWAJX010000006	44886	45899	1	51
JAWAJX010000006	46292	46951	1	52
JAWAJX010000006	47233	48312	1	53
JAWAJX010000006	48631	48837	-1	54
JAWAJX010000006	48927	49580	1	55
JAWAJX010000006	49667	49903	1	56
JAWAJX010000006	49900	51978	1	57
JAWAJX010000006	52268	53965	-1	58
JAWAJX010000006	53975	55690	-1	59
JAWAJX010000006	55701	56402	-1	60
JAWAJX010000006	56404	56931	-1	61
JAWAJX010000006	56946	57407	-1	62
JAWAJX010000006	57386	57787	-1	63
JAWAJX010000007	2	199	-1	1
JAWAJX010000007	252	1193	-1	2
JAWAJX010000007	1231	1476	-1	3
JAWAJX010000007	1525	1986	-1	4
JAWAJX010000007	2171	2560	-1	5
JAWAJX010000007	2772	3467	-1	6
JAWAJX010000007	3635	5440	1	7
JAWAJX010000007	5446	6417	1	8
JAWAJX010000007	6443	7294	1	9
JAWAJX010000007	7564	9993	-1	10
JAWAJX010000007	10013	10183	-1	11
JAWAJX010000007	11412	12839	-1	12
JAWAJX010000007	12914	13534	-1	13
JAWAJX010000007	13527	14429	-1	14
JAWAJX010000007	14442	15761	-1	15
JAWAJX010000007	16509	17810	1	16
JAWAJX010000007	17820	18317	1	17
JAWAJX010000007	18296	18577	1	18
JAWAJX010000007	18574	19713	1	19
JAWAJX010000007	19826	20083	1	20
JAWAJX010000007	20088	21674	1	21
JAWAJX010000007	21750	22289	-1	22
JAWAJX010000007	22484	22804	1	23
JAWAJX010000007	22797	23246	1	24
JAWAJX010000007	23281	24063	1	25
JAWAJX010000007	24052	24360	-1	26
JAWAJX010000007	24374	24604	-1	27
JAWAJX010000007	24635	25378	-1	28
JAWAJX010000007	25404	26279	-1	29
JAWAJX010000007	26409	27083	1	30
JAWAJX010000007	27116	27763	1	31
JAWAJX010000007	27925	28734	-1	32
JAWAJX010000007	28718	29518	-1	33
JAWAJX010000007	29515	30546	-1	34
JAWAJX010000007	31005	32942	1	35
JAWAJX010000007	33045	33488	1	36
JAWAJX010000007	33636	36302	1	37
JAWAJX010000007	36439	37317	1	38
JAWAJX010000007	37346	38491	1	39
JAWAJX010000007	38771	39235	-1	40
JAWAJX010000007	39238	40287	-1	41
JAWAJX010000007	40350	40892	-1	42
JAWAJX010000007	40947	41642	-1	43
JAWAJX010000007	41635	43014	-1	44
JAWAJX010000007	43315	44925	1	45
JAWAJX010000007	44937	45089	1	46
JAWAJX010000007	45095	45784	1	47
JAWAJX010000007	45785	46669	-1	48
JAWAJX010000007	46674	47069	-1	49
JAWAJX010000007	47066	47962	-1	50
JAWAJX010000007	47929	48942	-1	51
JAWAJX010000007	49006	49758	1	52
JAWAJX010000007	49923	51254	-1	53
JAWAJX010000007	51511	52746	1	54
JAWAJX010000007	52754	53566	1	55
JAWAJX010000007	53645	54412	-1	56
JAWAJX010000007	54486	54644	1	57
JAWAJX010000007	54769	55722	1	58
JAWAJX010000007	55732	56091	1	59
JAWAJX010000008	295	1452	-1	1
JAWAJX010000008	1496	2500	-1	2
JAWAJX010000008	2805	3992	1	3
JAWAJX010000008	3989	5488	1	4
JAWAJX010000008	5639	6637	-1	5
JAWAJX010000008	6638	7864	-1	6
JAWAJX010000008	7876	9435	-1	7
JAWAJX010000008	9488	10297	-1	8
JAWAJX010000008	10299	11264	-1	9
JAWAJX010000008	11255	12154	-1	10
JAWAJX010000008	12158	13189	-1	11
JAWAJX010000008	13192	14820	-1	12
JAWAJX010000008	15015	16976	1	13
JAWAJX010000008	17087	19312	1	14
JAWAJX010000008	19350	20207	1	15
JAWAJX010000008	20209	21450	1	16
JAWAJX010000008	21443	22453	1	17
JAWAJX010000008	22573	23775	1	18
JAWAJX010000008	23857	24549	-1	19
JAWAJX010000008	24592	25602	-1	20
JAWAJX010000008	25707	26384	1	21
JAWAJX010000008	26400	27140	-1	22
JAWAJX010000008	27304	28572	1	23
JAWAJX010000008	28636	28803	-1	24
JAWAJX010000008	29304	29846	-1	25
JAWAJX010000008	29874	30773	-1	26
JAWAJX010000008	30953	31558	1	27
JAWAJX010000008	31825	32787	1	28
JAWAJX010000008	32921	33301	-1	29
JAWAJX010000008	33395	34111	1	30
JAWAJX010000008	34124	37708	1	31
JAWAJX010000008	37695	38903	1	32
JAWAJX010000008	38963	39475	1	33
JAWAJX010000008	39703	40233	-1	34
JAWAJX010000008	40223	41059	-1	35
JAWAJX010000008	41050	42171	-1	36
JAWAJX010000008	42175	42435	-1	37
JAWAJX010000008	42628	43179	1	38
JAWAJX010000008	43182	43460	1	39
JAWAJX010000008	43463	44728	1	40
JAWAJX010000008	44728	45786	1	41
JAWAJX010000008	45793	46275	1	42
JAWAJX010000008	46250	47332	-1	43
JAWAJX010000008	47329	47703	-1	44
JAWAJX010000008	47651	47803	-1	45
JAWAJX010000008	47898	48620	-1	46
JAWAJX010000008	49166	49891	1	47
JAWAJX010000008	50057	51634	1	48
JAWAJX010000008	51698	53194	1	49
JAWAJX010000008	53201	54460	1	50
JAWAJX010000008	54457	54819	1	51
JAWAJX010000008	54935	55165	1	52
JAWAJX010000008	55245	55403	-1	53
JAWAJX010000008	55468	55788	1	54
JAWAJX010000009	2	169	-1	1
JAWAJX010000009	172	858	-1	2
JAWAJX010000009	1019	1894	-1	3
JAWAJX010000009	2270	3499	1	4
JAWAJX010000009	3652	5169	1	5
JAWAJX010000009	5246	7831	-1	6
JAWAJX010000009	7898	9181	-1	7
JAWAJX010000009	9195	9833	-1	8
JAWAJX010000009	9913	11760	-1	9
JAWAJX010000009	11774	12763	-1	10
JAWAJX010000009	13003	14358	-1	11
JAWAJX010000009	14594	15088	1	12
JAWAJX010000009	15355	16563	-1	13
JAWAJX010000009	17171	18343	1	14
JAWAJX010000009	18506	19021	-1	15
JAWAJX010000009	19228	20658	-1	16
JAWAJX010000009	20934	21146	-1	17
JAWAJX010000009	21149	22648	-1	18
JAWAJX010000009	22659	23807	-1	19
JAWAJX010000009	23905	25380	-1	20
JAWAJX010000009	25383	26864	-1	21
JAWAJX010000009	26865	27407	-1	22
JAWAJX010000009	27491	27802	-1	23
JAWAJX010000009	27879	28148	-1	24
JAWAJX010000009	28153	30018	-1	25
JAWAJX010000009	30200	31276	-1	26
JAWAJX010000009	31369	32217	-1	27
JAWAJX010000009	32391	33626	-1	28
JAWAJX010000009	34202	36424	1	29
JAWAJX010000009	36650	37609	-1	30
JAWAJX010000009	37617	38585	-1	31
JAWAJX010000009	38591	39496	-1	32
JAWAJX010000009	39480	40490	-1	33
JAWAJX010000009	40577	42466	-1	34
JAWAJX010000009	42609	44150	1	35
JAWAJX010000009	44147	44392	1	36
JAWAJX010000009	44389	44862	1	37
JAWAJX010000009	45085	46287	1	38
JAWAJX010000009	46414	47415	-1	39
JAWAJX010000009	47456	47683	1	40
JAWAJX010000009	47680	49101	1	41
JAWAJX010000010	1	441	-1	1
JAWAJX010000010	584	976	1	2
JAWAJX010000010	995	2497	1	3
JAWAJX010000010	2499	3773	1	4
JAWAJX010000010	3766	4749	-1	5
JAWAJX010000010	4997	7648	1	6
JAWAJX010000010	8169	8630	1	7
JAWAJX010000010	8982	9227	1	8
JAWAJX010000010	9757	10491	1	9
JAWAJX010000010	10502	11764	1	10
JAWAJX010000010	11761	13275	1	11
JAWAJX010000010	13262	14491	1	12
JAWAJX010000010	14493	14765	1	13
JAWAJX010000010	14743	15432	1	14
JAWAJX010000010	15432	17633	1	15
JAWAJX010000010	17637	19034	1	16
JAWAJX010000010	19039	20052	1	17
JAWAJX010000010	20039	21154	1	18
JAWAJX010000010	21164	22510	1	19
JAWAJX010000010	22518	23585	1	20
JAWAJX010000010	23833	24090	1	21
JAWAJX010000010	24685	24816	1	22
JAWAJX010000010	24841	24987	1	23
JAWAJX010000010	25197	25670	1	24
JAWAJX010000010	25642	26769	1	25
JAWAJX010000010	26872	27015	1	26
JAWAJX010000010	27288	27560	-1	27
JAWAJX010000010	27912	28181	-1	28
JAWAJX010000010	28741	28980	1	29
JAWAJX010000010	29050	29259	1	30
JAWAJX010000010	29265	29462	1	31
JAWAJX010000010	29592	29750	1	32
JAWAJX010000010	29797	30060	1	33
JAWAJX010000010	30280	31044	-1	34
JAWAJX010000010	31073	31591	1	35
JAWAJX010000010	31639	31815	1	36
JAWAJX010000010	31890	32990	1	37
JAWAJX010000010	33078	34244	1	38
JAWAJX010000010	34397	35392	-1	39
JAWAJX010000010	35398	35742	-1	40
JAWAJX010000010	35739	37334	-1	41
JAWAJX010000010	37346	37855	-1	42
JAWAJX010000010	37855	38253	-1	43
JAWAJX010000010	38256	39026	-1	44
JAWAJX010000010	39023	39295	-1	45
JAWAJX010000010	39292	39666	-1	46
JAWAJX010000010	39659	39928	-1	47
JAWAJX010000010	39928	40119	-1	48
JAWAJX010000011	2	202	-1	1
JAWAJX010000011	356	1153	1	2
JAWAJX010000011	1150	2493	1	3
JAWAJX010000011	2497	3351	-1	4
JAWAJX010000011	3344	4060	-1	5
JAWAJX010000011	4154	4579	-1	6
JAWAJX010000011	4730	5824	-1	7
JAWAJX010000011	5967	7370	1	8
JAWAJX010000011	7376	8935	1	9
JAWAJX010000011	8932	10302	1	10
JAWAJX010000011	10354	11007	1	11
JAWAJX010000011	11091	12023	1	12
JAWAJX010000011	12269	13369	1	13
JAWAJX010000011	13394	13921	-1	14
JAWAJX010000011	14009	14740	1	15
JAWAJX010000011	14915	15865	1	16
JAWAJX010000011	15888	16118	-1	17
JAWAJX010000011	16442	17143	1	18
JAWAJX010000011	17160	18512	-1	19
JAWAJX010000011	18514	19902	-1	20
JAWAJX010000011	20124	21599	-1	21
JAWAJX010000011	21713	22492	1	22
JAWAJX010000011	22506	23285	-1	23
JAWAJX010000011	23307	24215	-1	24
JAWAJX010000011	24351	25754	1	25
JAWAJX010000011	25834	27378	1	26
JAWAJX010000011	27379	28506	1	27
JAWAJX010000011	28500	29438	1	28
JAWAJX010000011	29614	30582	1	29
JAWAJX010000011	30579	31463	1	30
JAWAJX010000011	31483	32358	-1	31
JAWAJX010000011	32437	32841	-1	32
JAWAJX010000011	32838	34202	-1	33
JAWAJX010000011	34205	34591	-1	34
JAWAJX010000011	34761	35066	1	35
JAWAJX010000011	35063	36223	-1	36
JAWAJX010000011	36228	36947	-1	37
JAWAJX010000011	37069	37431	1	38
JAWAJX010000012	1	903	1	1
JAWAJX010000012	909	1772	1	2
JAWAJX010000012	1799	4747	-1	3
JAWAJX010000012	4926	5138	1	4
JAWAJX010000012	5316	6443	1	5
JAWAJX010000012	6558	7040	-1	6
JAWAJX010000012	7246	7965	-1	7
JAWAJX010000012	8052	8759	-1	8
JAWAJX010000012	9161	9793	1	9
JAWAJX010000012	10276	10848	1	10
JAWAJX010000012	11535	13121	1	11
JAWAJX010000012	13179	14423	-1	12
JAWAJX010000012	14582	15181	-1	13
JAWAJX010000012	15256	16926	-1	14
JAWAJX010000012	17028	17795	-1	15
JAWAJX010000012	17877	19694	-1	16
JAWAJX010000012	19935	22136	-1	17
JAWAJX010000012	22297	22797	1	18
JAWAJX010000012	22809	23720	1	19
JAWAJX010000012	23787	24917	-1	20
JAWAJX010000012	25009	26925	-1	21
JAWAJX010000012	27093	27425	-1	22
JAWAJX010000012	27514	27837	-1	23
JAWAJX010000012	27830	28690	-1	24
JAWAJX010000012	28739	30190	-1	25
JAWAJX010000012	30187	31452	-1	26
JAWAJX010000012	31635	32528	-1	27
JAWAJX010000012	32766	33410	1	28
JAWAJX010000012	33436	33786	-1	29
JAWAJX010000012	33942	35675	1	30
JAWAJX010000013	414	1841	1	1
JAWAJX010000013	1838	2500	1	2
JAWAJX010000013	2520	2801	1	3
JAWAJX010000013	2921	3313	1	4
JAWAJX010000013	3616	7809	1	5
JAWAJX010000013	8300	9556	1	6
JAWAJX010000013	9599	10405	1	7
JAWAJX010000013	10402	11712	-1	8
JAWAJX010000013	11853	12635	-1	9
JAWAJX010000013	12880	13269	-1	10
JAWAJX010000013	13623	13790	-1	11
JAWAJX010000013	13787	14788	-1	12
JAWAJX010000013	14897	15907	-1	13
JAWAJX010000013	16043	17410	1	14
JAWAJX010000013	17407	17961	-1	15
JAWAJX010000013	18114	18704	1	16
JAWAJX010000013	18691	20148	1	17
JAWAJX010000013	20132	20857	1	18
JAWAJX010000013	20975	21706	1	19
JAWAJX010000013	21853	23064	-1	20
JAWAJX010000013	23556	23666	-1	21
JAWAJX010000013	23717	24343	-1	22
JAWAJX010000013	24458	25048	1	23
JAWAJX010000013	25050	25574	-1	24
JAWAJX010000013	25674	26930	-1	25
JAWAJX010000013	26927	28084	-1	26
JAWAJX010000013	28198	28653	1	27
JAWAJX010000013	28716	28967	1	28
JAWAJX010000013	29055	29507	1	29
JAWAJX010000013	29500	29832	1	30
JAWAJX010000013	30074	31519	1	31
JAWAJX010000013	31538	31702	-1	32
JAWAJX010000014	2	364	1	1
JAWAJX010000014	361	723	1	2
JAWAJX010000014	768	1394	1	3
JAWAJX010000014	1387	1785	1	4
JAWAJX010000014	1804	2103	1	5
JAWAJX010000014	2100	4049	1	6
JAWAJX010000014	4117	4584	1	7
JAWAJX010000014	4601	5164	1	8
JAWAJX010000014	5170	6117	1	9
JAWAJX010000014	6114	6443	1	10
JAWAJX010000014	6486	8273	1	11
JAWAJX010000014	8251	9666	1	12
JAWAJX010000014	9681	10385	-1	13
JAWAJX010000014	10441	11127	1	14
JAWAJX010000014	11140	11400	-1	15
JAWAJX010000014	11499	12941	-1	16
JAWAJX010000014	12913	14493	-1	17
JAWAJX010000014	14616	15074	1	18
JAWAJX010000014	15082	16077	-1	19
JAWAJX010000014	16161	16979	-1	20
JAWAJX010000014	17147	17614	1	21
JAWAJX010000014	17611	18270	-1	22
JAWAJX010000014	18369	18959	1	23
JAWAJX010000014	18956	19915	-1	24
JAWAJX010000014	20607	20855	1	25
JAWAJX010000014	21034	21900	1	26
JAWAJX010000014	21940	23040	-1	27
JAWAJX010000014	23046	23873	-1	28
JAWAJX010000014	23870	24823	-1	29
JAWAJX010000014	24846	26186	-1	30
JAWAJX010000014	26313	27041	1	31
JAWAJX010000014	27020	29110	1	32
JAWAJX010000014	29192	30223	1	33
JAWAJX010000014	30264	31040	-1	34
JAWAJX010000015	1	447	-1	1
JAWAJX010000015	761	1876	-1	2
JAWAJX010000015	1873	2739	-1	3
JAWAJX010000015	2736	3623	-1	4
JAWAJX010000015	3640	4965	-1	5
JAWAJX010000015	5136	6101	-1	6
JAWAJX010000015	6430	8577	1	7
JAWAJX010000015	8754	9743	1	8
JAWAJX010000015	10305	11198	-1	9
JAWAJX010000015	11440	12690	1	10
JAWAJX010000015	12693	15368	-1	11
JAWAJX010000015	15447	16859	-1	12
JAWAJX010000015	16944	17582	1	13
JAWAJX010000015	17621	18151	1	14
JAWAJX010000015	18310	18594	1	15
JAWAJX010000015	18591	19463	1	16
JAWAJX010000015	19614	19982	-1	17
JAWAJX010000015	20055	21416	-1	18
JAWAJX010000015	21449	21826	-1	19
JAWAJX010000015	21881	22180	-1	20
JAWAJX010000015	22188	23189	-1	21
JAWAJX010000015	23182	24111	-1	22
JAWAJX010000015	24188	25663	1	23
JAWAJX010000015	25641	26129	-1	24
JAWAJX010000015	26110	26838	-1	25
JAWAJX010000015	26904	27752	1	26
JAWAJX010000015	27659	27862	-1	27
JAWAJX010000015	27890	29275	-1	28
JAWAJX010000015	29359	30438	1	29
JAWAJX010000016	3	146	-1	1
JAWAJX010000016	236	682	1	2
JAWAJX010000016	683	2260	-1	3
JAWAJX010000016	2323	3651	-1	4
JAWAJX010000016	3790	6300	-1	5
JAWAJX010000016	6399	8027	-1	6
JAWAJX010000016	8056	9276	-1	7
JAWAJX010000016	9348	9590	-1	8
JAWAJX010000016	9773	10399	-1	9
JAWAJX010000016	10550	13465	-1	10
JAWAJX010000016	13571	15211	1	11
JAWAJX010000016	15232	15984	1	12
JAWAJX010000016	16072	19248	1	13
JAWAJX010000016	19241	19642	1	14
JAWAJX010000016	19637	22096	-1	15
JAWAJX010000016	22107	24137	-1	16
JAWAJX010000016	24143	25468	-1	17
JAWAJX010000016	25465	26727	-1	18
JAWAJX010000016	26900	27526	-1	19
JAWAJX010000016	27691	28341	-1	20
JAWAJX010000016	28418	29257	-1	21
JAWAJX010000017	1	1662	-1	1
JAWAJX010000017	1726	3687	1	2
JAWAJX010000017	3757	4575	1	3
JAWAJX010000017	4631	5311	-1	4
JAWAJX010000017	5321	6457	-1	5
JAWAJX010000017	7116	8036	1	6
JAWAJX010000017	8127	8495	1	7
JAWAJX010000017	8595	11336	1	8
JAWAJX010000017	11483	12586	1	9
JAWAJX010000017	12597	14549	1	10
JAWAJX010000017	14655	15614	1	11
JAWAJX010000017	15596	16747	1	12
JAWAJX010000017	16773	17810	-1	13
JAWAJX010000017	17892	18950	1	14
JAWAJX010000017	18963	19379	1	15
JAWAJX010000017	19359	20957	-1	16
JAWAJX010000017	21000	22217	1	17
JAWAJX010000017	22306	23178	-1	18
JAWAJX010000017	23268	23609	1	19
JAWAJX010000017	23612	23989	1	20
JAWAJX010000017	23986	24261	1	21
JAWAJX010000017	24258	24998	1	22
JAWAJX010000017	25068	25478	1	23
JAWAJX010000017	25616	26797	1	24
JAWAJX010000017	26926	27288	1	25
JAWAJX010000017	27295	27564	1	26
JAWAJX010000017	28027	28755	-1	27
JAWAJX010000018	3	665	-1	1
JAWAJX010000018	878	2266	1	2
JAWAJX010000018	2247	3266	-1	3
JAWAJX010000018	3276	4781	-1	4
JAWAJX010000018	4835	6349	-1	5
JAWAJX010000018	6350	6700	-1	6
JAWAJX010000018	6828	7532	1	7
JAWAJX010000018	7492	8241	-1	8
JAWAJX010000018	8349	8849	1	9
JAWAJX010000018	8884	9057	-1	10
JAWAJX010000018	9058	9276	1	11
JAWAJX010000018	9231	9746	1	12
JAWAJX010000018	9810	10541	1	13
JAWAJX010000018	10570	11862	1	14
JAWAJX010000018	11875	12579	1	15
JAWAJX010000018	12589	13344	1	16
JAWAJX010000018	13505	14380	1	17
JAWAJX010000018	14555	15469	1	18
JAWAJX010000018	15511	16158	-1	19
JAWAJX010000018	16457	17359	1	20
JAWAJX010000018	17385	18341	-1	21
JAWAJX010000018	18338	19201	-1	22
JAWAJX010000018	19207	20931	-1	23
JAWAJX010000018	20924	22675	-1	24
JAWAJX010000018	22711	23646	-1	25
JAWAJX010000018	23803	24714	1	26
JAWAJX010000018	24968	26557	1	27
JAWAJX010000018	26677	28065	-1	28
JAWAJX010000018	28167	28475	1	29
JAWAJX010000019	2	1036	-1	1
JAWAJX010000019	1180	1806	1	2
JAWAJX010000019	1760	2590	1	3
JAWAJX010000019	2643	3116	1	4
JAWAJX010000019	3420	4109	-1	5
JAWAJX010000019	4324	5220	-1	6
JAWAJX010000019	5234	5896	-1	7
JAWAJX010000019	5898	6929	-1	8
JAWAJX010000019	7638	8501	-1	9
JAWAJX010000019	8674	9543	1	10
JAWAJX010000019	9667	10425	-1	11
JAWAJX010000019	10497	11135	-1	12
JAWAJX010000019	11288	11929	1	13
JAWAJX010000019	12041	13759	-1	14
JAWAJX010000019	13836	14324	-1	15
JAWAJX010000019	14538	16403	-1	16
JAWAJX010000019	16567	17823	1	17
JAWAJX010000019	17931	18683	-1	18
JAWAJX010000019	18687	19466	-1	19
JAWAJX010000019	19438	20508	-1	20
JAWAJX010000019	20505	21473	-1	21
JAWAJX010000019	21496	22845	-1	22
JAWAJX010000019	22851	23375	-1	23
JAWAJX010000019	23477	25033	-1	24
JAWAJX010000019	25017	25475	-1	25
JAWAJX010000019	25923	26525	-1	26
JAWAJX010000020	3	74	1	1
JAWAJX010000020	154	1545	-1	2
JAWAJX010000020	2110	2517	1	3
JAWAJX010000020	3118	3894	1	4
JAWAJX010000020	3900	4565	1	5
JAWAJX010000020	4555	5313	1	6
JAWAJX010000020	5316	6002	1	7
JAWAJX010000020	6122	6538	-1	8
JAWAJX010000020	6811	8172	-1	9
JAWAJX010000020	8182	9600	-1	10
JAWAJX010000020	9597	10610	-1	11
JAWAJX010000020	10780	11022	1	12
JAWAJX010000020	11054	12022	-1	13
JAWAJX010000020	12019	12975	-1	14
JAWAJX010000020	12981	13820	-1	15
JAWAJX010000020	13817	14827	-1	16
JAWAJX010000020	14934	16532	1	17
JAWAJX010000020	17242	18726	-1	18
JAWAJX010000020	19120	19506	-1	19
JAWAJX010000020	19671	21401	1	20
JAWAJX010000021	3	1697	-1	1
JAWAJX010000021	1760	2080	1	2
JAWAJX010000021	2077	2799	1	3
JAWAJX010000021	2786	3424	1	4
JAWAJX010000021	3505	3774	-1	5
JAWAJX010000021	4374	4532	-1	6
JAWAJX010000021	5088	6266	-1	7
JAWAJX010000021	6408	7454	-1	8
JAWAJX010000021	7572	8474	-1	9
JAWAJX010000021	8550	9395	-1	10
JAWAJX010000021	9468	10271	1	11
JAWAJX010000021	10255	10764	1	12
JAWAJX010000021	10825	11103	-1	13
JAWAJX010000021	11264	12721	1	14
JAWAJX010000021	12726	13235	1	15
JAWAJX010000021	13232	14581	-1	16
JAWAJX010000021	14720	15778	1	17
JAWAJX010000021	15849	16994	1	18
JAWAJX010000021	16978	18198	1	19
JAWAJX010000021	18260	18694	1	20
JAWAJX010000021	18678	19505	-1	21
JAWAJX010000021	19670	20386	-1	22
JAWAJX010000021	20411	20917	-1	23
JAWAJX010000022	3	611	-1	1
JAWAJX010000022	620	2155	-1	2
JAWAJX010000022	2152	2661	-1	3
JAWAJX010000022	2648	3064	-1	4
JAWAJX010000022	3071	3910	-1	5
JAWAJX010000022	3858	4127	-1	6
JAWAJX010000022	4137	4496	-1	7
JAWAJX010000022	4489	4764	-1	8
JAWAJX010000022	4953	5300	-1	9
JAWAJX010000022	5297	6070	-1	10
JAWAJX010000022	6061	6885	-1	11
JAWAJX010000022	6872	7816	-1	12
JAWAJX010000022	7893	8159	1	13
JAWAJX010000022	8156	8515	1	14
JAWAJX010000022	8512	8772	1	15
JAWAJX010000022	8769	9503	1	16
JAWAJX010000022	9487	9894	1	17
JAWAJX010000022	9894	10379	1	18
JAWAJX010000022	10394	11941	1	19
JAWAJX010000022	12027	12398	-1	20
JAWAJX010000022	12473	14299	-1	21
JAWAJX010000022	14643	15590	-1	22
JAWAJX010000022	15839	16669	1	23
JAWAJX010000022	16677	17246	-1	24
JAWAJX010000022	17477	18328	1	25
JAWAJX010000023	3	254	-1	1
JAWAJX010000023	352	1620	1	2
JAWAJX010000023	1581	2498	1	3
JAWAJX010000023	2452	3255	1	4
JAWAJX010000023	3235	3624	-1	5
JAWAJX010000023	3628	4950	-1	6
JAWAJX010000023	5054	5971	1	7
JAWAJX010000023	5968	7212	-1	8
JAWAJX010000023	7252	7791	1	9
JAWAJX010000023	7960	9339	1	10
JAWAJX010000023	9472	10149	1	11
JAWAJX010000023	10146	11006	1	12
JAWAJX010000023	10990	12390	1	13
JAWAJX010000023	12463	13185	1	14
JAWAJX010000023	13185	14195	1	15
JAWAJX010000023	14173	15417	-1	16
JAWAJX010000023	15448	16734	-1	17
JAWAJX010000023	16794	17186	1	18
JAWAJX010000023	17170	17571	1	19
JAWAJX010000024	3	692	1	1
JAWAJX010000024	745	1755	1	2
JAWAJX010000024	1749	2501	1	3
JAWAJX010000024	2563	2958	-1	4
JAWAJX010000024	2942	3505	-1	5
JAWAJX010000024	3680	4615	1	6
JAWAJX010000024	5196	6230	-1	7
JAWAJX010000024	6420	7661	-1	8
JAWAJX010000024	7828	8403	1	9
JAWAJX010000024	8425	9834	1	10
JAWAJX010000024	9777	10580	1	11
JAWAJX010000024	10561	10821	-1	12
JAWAJX010000024	11466	11744	1	13
JAWAJX010000024	11771	15472	-1	14
JAWAJX010000024	15465	16055	-1	15
JAWAJX010000024	16155	17123	1	16
JAWAJX010000025	3	1022	1	1
JAWAJX010000025	1038	2015	-1	2
JAWAJX010000025	2023	2379	-1	3
JAWAJX010000025	2376	3977	-1	4
JAWAJX010000025	3989	4495	-1	5
JAWAJX010000025	4500	4907	-1	6
JAWAJX010000025	4912	5694	-1	7
JAWAJX010000025	5681	5950	-1	8
JAWAJX010000025	5956	6330	-1	9
JAWAJX010000025	6323	6592	-1	10
JAWAJX010000025	6589	6990	-1	11
JAWAJX010000025	6987	8198	-1	12
JAWAJX010000025	8191	8640	-1	13
JAWAJX010000025	8627	9094	-1	14
JAWAJX010000025	9178	11502	-1	15
JAWAJX010000025	11553	12245	-1	16
JAWAJX010000025	12248	12688	-1	17
JAWAJX010000025	12681	13622	-1	18
JAWAJX010000025	13703	14590	1	19
JAWAJX010000025	14607	14981	1	20
JAWAJX010000026	207	1034	-1	1
JAWAJX010000026	1012	1710	-1	2
JAWAJX010000026	1797	2519	1	3
JAWAJX010000026	2516	3763	1	4
JAWAJX010000026	3794	5230	1	5
JAWAJX010000026	5275	6822	1	6
JAWAJX010000026	6842	8764	1	7
JAWAJX010000026	8782	10329	1	8
JAWAJX010000026	10397	11623	1	9
JAWAJX010000026	11645	11968	1	10
JAWAJX010000026	12115	12639	1	11
JAWAJX010000026	12649	13404	1	12
JAWAJX010000026	13421	13909	1	13
JAWAJX010000027	2	745	1	1
JAWAJX010000027	1081	2193	-1	2
JAWAJX010000027	2241	2960	1	3
JAWAJX010000027	2931	4007	-1	4
JAWAJX010000027	4091	6484	1	5
JAWAJX010000027	6490	7692	-1	6
JAWAJX010000027	7779	7973	-1	7
JAWAJX010000027	7988	8215	-1	8
JAWAJX010000027	8392	9090	1	9
JAWAJX010000027	9149	10225	-1	10
JAWAJX010000027	10306	10929	1	11
JAWAJX010000027	10987	12969	1	12
JAWAJX010000028	3	443	1	1
JAWAJX010000028	511	2205	1	2
JAWAJX010000028	2334	4565	1	3
JAWAJX010000028	4577	5656	1	4
JAWAJX010000028	5662	6240	-1	5
JAWAJX010000028	6324	7052	-1	6
JAWAJX010000028	7334	7654	1	7
JAWAJX010000028	7655	8029	-1	8
JAWAJX010000028	8256	8912	1	9
JAWAJX010000028	8974	10725	-1	10
JAWAJX010000028	10762	10998	-1	11
JAWAJX010000028	11130	11825	-1	12
JAWAJX010000028	11902	12606	1	13
JAWAJX010000029	1	810	1	1
JAWAJX010000029	978	1976	-1	2
JAWAJX010000029	2003	2476	-1	3
JAWAJX010000029	2477	2863	-1	4
JAWAJX010000029	2887	3684	-1	5
JAWAJX010000029	3687	4244	-1	6
JAWAJX010000029	4441	5445	1	7
JAWAJX010000029	5442	5699	1	8
JAWAJX010000029	5725	6642	-1	9
JAWAJX010000029	6807	7133	-1	10
JAWAJX010000029	7260	7604	-1	11
JAWAJX010000029	7675	8124	1	12
JAWAJX010000029	8131	9687	1	13
JAWAJX010000029	9644	10381	-1	14
JAWAJX010000029	10360	10872	-1	15
JAWAJX010000029	10877	12007	-1	16
JAWAJX010000030	3	248	1	1
JAWAJX010000030	391	1779	1	2
JAWAJX010000030	1796	3058	-1	3
JAWAJX010000030	3061	4068	-1	4
JAWAJX010000030	4274	4684	1	5
JAWAJX010000030	4681	5169	-1	6
JAWAJX010000030	5217	6059	-1	7
JAWAJX010000030	6139	6546	1	8
JAWAJX010000030	6627	7985	1	9
JAWAJX010000030	8080	9459	-1	10
JAWAJX010000030	9542	10543	-1	11
JAWAJX010000030	10648	11541	1	12
JAWAJX010000030	11590	11742	1	13
JAWAJX010000031	2	139	-1	1
JAWAJX010000031	143	574	-1	2
JAWAJX010000031	753	3854	1	3
JAWAJX010000031	4033	4368	-1	4
JAWAJX010000031	4631	4987	1	5
JAWAJX010000031	4980	5699	1	6
JAWAJX010000031	6095	7987	1	7
JAWAJX010000031	8288	8815	-1	8
JAWAJX010000031	9218	9967	-1	9
JAWAJX010000032	178	813	-1	1
JAWAJX010000032	872	2116	-1	2
JAWAJX010000032	2193	3110	1	3
JAWAJX010000032	3187	3915	1	4
JAWAJX010000032	3934	5838	-1	5
JAWAJX010000032	5896	6126	-1	6
JAWAJX010000032	6248	6913	1	7
JAWAJX010000032	6943	7866	-1	8
JAWAJX010000032	7888	8712	-1	9
JAWAJX010000033	1	993	1	1
JAWAJX010000033	1133	2410	1	2
JAWAJX010000033	2815	3711	1	3
JAWAJX010000033	3771	5036	-1	4
JAWAJX010000033	5038	5736	-1	5
JAWAJX010000033	5881	6738	-1	6
JAWAJX010000033	6852	7709	1	7
JAWAJX010000033	7760	8710	-1	8
JAWAJX010000034	1	132	1	1
JAWAJX010000034	187	1134	-1	2
JAWAJX010000034	1433	2464	1	3
JAWAJX010000034	2474	3052	-1	4
JAWAJX010000034	3334	4686	1	5
JAWAJX010000034	4695	5009	1	6
JAWAJX010000034	5006	5323	-1	7
JAWAJX010000034	5334	5870	-1	8
JAWAJX010000034	5957	6832	-1	9
JAWAJX010000034	6835	7965	-1	10
JAWAJX010000035	1	501	1	1
JAWAJX010000035	498	776	1	2
JAWAJX010000035	920	2173	1	3
JAWAJX010000035	2166	2885	1	4
JAWAJX010000035	2914	4395	-1	5
JAWAJX010000035	4516	4992	1	6
JAWAJX010000035	5242	5670	1	7
JAWAJX010000035	5675	6664	1	8
JAWAJX010000035	6661	7521	1	9
JAWAJX010000036	2	565	1	1
JAWAJX010000036	531	1115	1	2
JAWAJX010000036	1118	3154	-1	3
JAWAJX010000036	3184	4371	-1	4
JAWAJX010000036	4454	5473	1	5
JAWAJX010000036	5484	6509	1	6
JAWAJX010000036	6732	7049	1	7
JAWAJX010000037	3	1082	1	1
JAWAJX010000037	1082	2005	1	2
JAWAJX010000037	1998	2843	1	3
JAWAJX010000037	2843	3592	1	4
JAWAJX010000037	3592	4218	1	5
JAWAJX010000037	4218	4361	1	6
JAWAJX010000037	4513	5421	1	7
JAWAJX010000037	5595	6419	1	8
JAWAJX010000037	6426	7025	-1	9
JAWAJX010000038	3	155	-1	1
JAWAJX010000038	214	717	1	2
JAWAJX010000038	692	1438	1	3
JAWAJX010000038	1545	2984	-1	4
JAWAJX010000038	3222	4865	-1	5
JAWAJX010000038	4987	6519	1	6
JAWAJX010000038	6634	6795	-1	7
JAWAJX010000039	2	1222	1	1
JAWAJX010000039	1435	2043	1	2
JAWAJX010000039	2260	3366	-1	3
JAWAJX010000039	3713	4249	1	4
JAWAJX010000039	4402	5349	-1	5
JAWAJX010000039	5693	6418	-1	6
JAWAJX010000040	3	80	-1	1
JAWAJX010000040	180	989	1	2
JAWAJX010000040	984	2081	-1	3
JAWAJX010000040	2147	2350	1	4
JAWAJX010000040	2331	2687	-1	5
JAWAJX010000040	2930	3637	1	6
JAWAJX010000040	3724	4308	1	7
JAWAJX010000040	4358	5293	1	8
JAWAJX010000041	2	733	1	1
JAWAJX010000041	787	1434	1	2
JAWAJX010000041	1424	2068	1	3
JAWAJX010000041	2241	3587	1	4
JAWAJX010000041	3577	4074	1	5
JAWAJX010000041	4283	4594	1	6
JAWAJX010000041	4501	5358	-1	7
