Contig	Start	End	Strand	Pos
JAMOVR010000001	158	685	-1	1
JAMOVR010000001	682	1404	-1	2
JAMOVR010000001	1405	2958	-1	3
JAMOVR010000001	2992	4011	-1	4
JAMOVR010000001	4056	4451	-1	5
JAMOVR010000002	112	747	-1	1
JAMOVR010000002	910	1827	1	2
JAMOVR010000002	1836	2699	-1	3
JAMOVR010000002	2853	4598	-1	4
JAMOVR010000002	4867	5775	1	5
JAMOVR010000002	5871	7199	-1	6
JAMOVR010000002	7511	8404	-1	7
JAMOVR010000002	8594	9874	1	8
JAMOVR010000002	9881	11152	1	9
JAMOVR010000002	11154	12419	1	10
JAMOVR010000002	12494	14044	1	11
JAMOVR010000002	14260	15519	1	12
JAMOVR010000002	15668	16444	1	13
JAMOVR010000002	16516	17148	-1	14
JAMOVR010000002	17777	18157	1	15
JAMOVR010000003	3	302	1	1
JAMOVR010000003	335	1756	-1	2
JAMOVR010000003	1778	1984	-1	3
JAMOVR010000003	2199	2528	-1	4
JAMOVR010000003	2998	3282	1	5
JAMOVR010000003	3386	3955	1	6
JAMOVR010000003	4117	4461	1	7
JAMOVR010000003	5386	7065	1	8
JAMOVR010000003	7187	8263	1	9
JAMOVR010000003	8337	9968	1	10
JAMOVR010000003	9988	10392	-1	11
JAMOVR010000003	10612	11124	1	12
JAMOVR010000003	11198	12673	1	13
JAMOVR010000003	12828	13166	1	14
JAMOVR010000003	13200	14585	-1	15
JAMOVR010000003	14884	17049	1	16
JAMOVR010000003	16957	17277	-1	17
JAMOVR010000003	17461	18114	1	18
JAMOVR010000004	3	203	1	1
JAMOVR010000004	299	1861	1	2
JAMOVR010000004	1943	2593	1	3
JAMOVR010000004	2590	3141	1	4
JAMOVR010000004	3138	4160	1	5
JAMOVR010000005	53	718	-1	1
JAMOVR010000005	954	2279	-1	2
JAMOVR010000005	2436	3107	1	3
JAMOVR010000005	3097	5244	-1	4
JAMOVR010000005	5325	5672	-1	5
JAMOVR010000005	5694	5819	-1	6
JAMOVR010000005	5972	7516	1	7
JAMOVR010000005	7655	8458	1	8
JAMOVR010000005	8922	10040	1	9
JAMOVR010000005	10507	11040	-1	10
JAMOVR010000005	11043	11867	-1	11
JAMOVR010000005	11869	13020	-1	12
JAMOVR010000005	13626	14438	1	13
JAMOVR010000005	14484	15536	1	14
JAMOVR010000005	15679	17742	1	15
JAMOVR010000006	700	1491	-1	1
JAMOVR010000006	1613	1882	-1	2
JAMOVR010000006	1898	2080	-1	3
JAMOVR010000006	2301	3551	-1	4
JAMOVR010000006	3725	4708	-1	5
JAMOVR010000006	4736	5008	-1	6
JAMOVR010000006	5010	5591	-1	7
JAMOVR010000006	5666	5929	-1	8
JAMOVR010000006	6084	6704	-1	9
JAMOVR010000006	6820	7086	-1	10
JAMOVR010000006	7177	7629	-1	11
JAMOVR010000006	7693	8700	1	12
JAMOVR010000006	8738	10030	-1	13
JAMOVR010000006	10066	10791	-1	14
JAMOVR010000006	10906	11091	1	15
JAMOVR010000006	11218	11634	1	16
JAMOVR010000006	11734	12267	1	17
JAMOVR010000006	12712	12813	1	18
JAMOVR010000006	12800	13411	1	19
JAMOVR010000006	13481	14941	1	20
JAMOVR010000006	15515	15712	1	21
JAMOVR010000006	15760	16740	1	22
JAMOVR010000006	16768	17127	-1	23
JAMOVR010000006	17315	17749	-1	24
JAMOVR010000007	56	2152	-1	1
JAMOVR010000007	2368	3633	-1	2
JAMOVR010000007	3762	4151	-1	3
JAMOVR010000007	4158	4340	-1	4
JAMOVR010000008	3	86	1	1
JAMOVR010000008	247	942	-1	2
JAMOVR010000008	1067	1552	1	3
JAMOVR010000008	1557	2675	1	4
JAMOVR010000008	2877	5054	1	5
JAMOVR010000008	5570	5821	-1	6
JAMOVR010000008	5841	5963	-1	7
JAMOVR010000008	6269	6529	-1	8
JAMOVR010000008	6742	7461	1	9
JAMOVR010000008	7558	8838	1	10
JAMOVR010000008	8930	9388	1	11
JAMOVR010000008	9418	10647	1	12
JAMOVR010000008	10827	11411	1	13
JAMOVR010000008	11509	12156	1	14
JAMOVR010000008	12448	14136	1	15
JAMOVR010000008	14231	14662	-1	16
JAMOVR010000008	14808	15929	1	17
JAMOVR010000008	15926	17731	1	18
JAMOVR010000009	2	181	1	1
JAMOVR010000009	491	2326	1	2
JAMOVR010000009	2552	4051	1	3
JAMOVR010000009	4096	4908	-1	4
JAMOVR010000009	5312	6112	-1	5
JAMOVR010000009	6172	6687	-1	6
JAMOVR010000009	6906	8342	-1	7
JAMOVR010000009	8641	9045	1	8
JAMOVR010000009	9267	12299	-1	9
JAMOVR010000009	13704	17687	1	10
JAMOVR010000010	30	974	-1	1
JAMOVR010000010	1137	3416	-1	2
JAMOVR010000010	3675	4238	1	3
JAMOVR010000011	380	1906	-1	1
JAMOVR010000011	2021	3418	-1	2
JAMOVR010000011	3396	4073	-1	3
JAMOVR010000012	3	872	-1	1
JAMOVR010000012	1145	2413	-1	2
JAMOVR010000012	2544	3011	1	3
JAMOVR010000012	3049	4269	-1	4
JAMOVR010000012	4284	5105	-1	5
JAMOVR010000012	5472	6680	-1	6
JAMOVR010000012	6686	6967	-1	7
JAMOVR010000012	6964	8976	-1	8
JAMOVR010000012	8991	10316	-1	9
JAMOVR010000012	10345	10758	-1	10
JAMOVR010000012	10878	11123	-1	11
JAMOVR010000012	11427	11840	-1	12
JAMOVR010000012	11866	12363	-1	13
JAMOVR010000012	12687	14045	1	14
JAMOVR010000012	14158	14781	1	15
JAMOVR010000012	14898	16661	-1	16
JAMOVR010000012	16749	17645	-1	17
JAMOVR010000013	1	429	-1	1
JAMOVR010000013	439	633	-1	2
JAMOVR010000013	676	1368	-1	3
JAMOVR010000013	1922	2164	1	4
JAMOVR010000013	2161	2385	1	5
JAMOVR010000013	2366	2713	-1	6
JAMOVR010000013	2780	3643	-1	7
JAMOVR010000013	3698	4315	-1	8
JAMOVR010000014	2	295	-1	1
JAMOVR010000014	462	1823	1	2
JAMOVR010000014	2153	2530	-1	3
JAMOVR010000014	2553	3401	-1	4
JAMOVR010000014	3612	4649	-1	5
JAMOVR010000014	4745	5158	-1	6
JAMOVR010000014	5145	6119	-1	7
JAMOVR010000014	6252	9005	-1	8
JAMOVR010000014	9140	9394	-1	9
JAMOVR010000014	9423	10862	-1	10
JAMOVR010000014	11027	11518	-1	11
JAMOVR010000014	11601	14003	-1	12
JAMOVR010000014	14270	16090	1	13
JAMOVR010000014	16865	17431	1	14
JAMOVR010000015	3	371	1	1
JAMOVR010000015	494	1690	1	2
JAMOVR010000015	1865	2428	-1	3
JAMOVR010000015	2442	2831	-1	4
JAMOVR010000015	2850	3023	-1	5
JAMOVR010000015	3034	3588	-1	6
JAMOVR010000015	3591	4346	-1	7
JAMOVR010000015	4357	4899	-1	8
JAMOVR010000015	4918	5334	-1	9
JAMOVR010000015	5344	5685	-1	10
JAMOVR010000015	5693	6010	-1	11
JAMOVR010000015	6135	6338	-1	12
JAMOVR010000015	6366	7181	-1	13
JAMOVR010000015	7194	7655	-1	14
JAMOVR010000015	7746	8279	-1	15
JAMOVR010000015	8391	8597	-1	16
JAMOVR010000015	8719	9228	1	17
JAMOVR010000015	9264	10655	-1	18
JAMOVR010000015	10783	11877	1	19
JAMOVR010000015	12078	13649	-1	20
JAMOVR010000015	13804	14286	1	21
JAMOVR010000015	14448	16379	1	22
JAMOVR010000015	16448	16810	-1	23
JAMOVR010000015	16903	17307	-1	24
JAMOVR010000015	17390	17605	-1	25
JAMOVR010000016	27	689	1	1
JAMOVR010000016	774	1454	1	2
JAMOVR010000016	1572	1901	1	3
JAMOVR010000016	2052	2504	1	4
JAMOVR010000016	2516	3088	1	5
JAMOVR010000016	3090	3539	1	6
JAMOVR010000016	3613	4530	1	7
JAMOVR010000016	4760	6193	1	8
JAMOVR010000016	6226	7476	-1	9
JAMOVR010000016	7960	8421	-1	10
JAMOVR010000016	8896	9171	-1	11
JAMOVR010000016	9176	10153	-1	12
JAMOVR010000016	10156	10707	-1	13
JAMOVR010000016	10688	13231	-1	14
JAMOVR010000016	13225	13992	-1	15
JAMOVR010000016	14005	15000	-1	16
JAMOVR010000016	15032	17008	-1	17
JAMOVR010000016	17009	17554	-1	18
JAMOVR010000017	2	808	1	1
JAMOVR010000017	809	1489	1	2
JAMOVR010000017	1479	3707	1	3
JAMOVR010000017	3924	4154	1	4
JAMOVR010000018	2	406	1	1
JAMOVR010000018	502	2418	-1	2
JAMOVR010000018	2619	3467	-1	3
JAMOVR010000018	3549	4250	-1	4
JAMOVR010000019	235	402	-1	1
JAMOVR010000019	543	1016	1	2
JAMOVR010000019	1013	1807	-1	3
JAMOVR010000019	2981	4408	-1	4
JAMOVR010000019	4611	5087	1	5
JAMOVR010000019	5107	5721	-1	6
JAMOVR010000019	5727	6536	-1	7
JAMOVR010000019	6555	7544	-1	8
JAMOVR010000019	7641	7976	-1	9
JAMOVR010000019	8098	9993	-1	10
JAMOVR010000019	10139	10675	1	11
JAMOVR010000019	10709	11971	-1	12
JAMOVR010000019	12326	13399	-1	13
JAMOVR010000019	13495	15342	-1	14
JAMOVR010000019	15335	15565	-1	15
JAMOVR010000019	15834	16796	1	16
JAMOVR010000019	16804	17088	1	17
JAMOVR010000020	2	118	1	1
JAMOVR010000020	203	4030	-1	2
JAMOVR010000020	4100	4213	-1	3
JAMOVR010000021	2	844	1	1
JAMOVR010000021	1051	2898	-1	2
JAMOVR010000021	2920	5652	-1	3
JAMOVR010000021	6314	6838	1	4
JAMOVR010000021	6897	7955	-1	5
JAMOVR010000021	7987	9108	-1	6
JAMOVR010000021	9343	10029	1	7
JAMOVR010000021	10030	10749	-1	8
JAMOVR010000021	10817	12076	1	9
JAMOVR010000021	12154	12891	1	10
JAMOVR010000021	12903	13937	-1	11
JAMOVR010000021	14032	14721	-1	12
JAMOVR010000021	14845	15594	1	13
JAMOVR010000021	15878	16300	1	14
JAMOVR010000021	16304	16837	-1	15
JAMOVR010000022	3	347	-1	1
JAMOVR010000022	347	1555	-1	2
JAMOVR010000022	1555	3195	-1	3
JAMOVR010000022	3334	3972	1	4
JAMOVR010000022	4019	4105	-1	5
JAMOVR010000023	112	999	1	1
JAMOVR010000023	1097	2287	1	2
JAMOVR010000023	2476	4152	-1	3
JAMOVR010000023	4808	5518	-1	4
JAMOVR010000023	5612	6502	1	5
JAMOVR010000023	7146	8948	-1	6
JAMOVR010000023	9013	10884	-1	7
JAMOVR010000023	11160	12059	-1	8
JAMOVR010000023	12229	12939	1	9
JAMOVR010000023	12978	13652	1	10
JAMOVR010000024	1	1089	1	1
JAMOVR010000024	1520	3307	-1	2
JAMOVR010000024	3723	4262	1	3
JAMOVR010000024	4558	5463	1	4
JAMOVR010000024	5271	5654	-1	5
JAMOVR010000024	5735	7492	-1	6
JAMOVR010000024	7489	8160	-1	7
JAMOVR010000024	8242	9147	-1	8
JAMOVR010000024	10243	11061	-1	9
JAMOVR010000024	11170	11397	-1	10
JAMOVR010000024	12852	13796	1	11
JAMOVR010000024	13813	14634	-1	12
JAMOVR010000024	14739	15668	1	13
JAMOVR010000024	15843	16760	1	14
JAMOVR010000025	3	296	-1	1
JAMOVR010000025	540	842	1	2
JAMOVR010000025	854	1159	1	3
JAMOVR010000025	1102	1233	-1	4
JAMOVR010000025	1350	2360	1	5
JAMOVR010000025	2400	3239	-1	6
JAMOVR010000025	3376	3921	1	7
JAMOVR010000025	3983	4126	1	8
JAMOVR010000025	4236	5306	1	9
JAMOVR010000025	5610	6515	1	10
JAMOVR010000025	6678	7886	-1	11
JAMOVR010000025	8118	10781	-1	12
JAMOVR010000025	10887	11666	-1	13
JAMOVR010000025	11668	12759	-1	14
JAMOVR010000025	12771	15062	-1	15
JAMOVR010000026	2	1102	-1	1
JAMOVR010000027	1	1419	1	1
JAMOVR010000027	1430	3115	1	2
JAMOVR010000027	3132	4091	1	3
JAMOVR010000028	298	648	-1	1
JAMOVR010000028	831	2195	1	2
JAMOVR010000028	2230	2532	-1	3
JAMOVR010000028	2701	3564	-1	4
JAMOVR010000028	3910	5538	-1	5
JAMOVR010000028	5762	6742	-1	6
JAMOVR010000028	6940	7638	1	7
JAMOVR010000028	8222	8770	1	8
JAMOVR010000028	9331	9999	-1	9
JAMOVR010000028	10126	12762	-1	10
JAMOVR010000028	13327	14259	1	11
JAMOVR010000028	14326	16578	-1	12
JAMOVR010000029	2	721	1	1
JAMOVR010000029	718	1212	1	2
JAMOVR010000029	1459	1698	-1	3
JAMOVR010000029	1799	3211	-1	4
JAMOVR010000029	3620	3835	1	5
JAMOVR010000030	1	912	-1	1
JAMOVR010000030	1042	2949	-1	2
JAMOVR010000030	3314	3643	-1	3
JAMOVR010000031	3	335	-1	1
JAMOVR010000031	865	1887	1	2
JAMOVR010000031	3147	3926	1	3
JAMOVR010000032	3	263	1	1
JAMOVR010000032	260	1564	1	2
JAMOVR010000032	1640	2371	1	3
JAMOVR010000032	2365	3528	1	4
JAMOVR010000033	1	2202	1	1
JAMOVR010000033	2361	3674	-1	2
JAMOVR010000034	3	230	-1	1
JAMOVR010000034	227	1327	-1	2
JAMOVR010000034	1469	1681	-1	3
JAMOVR010000034	1772	2074	1	4
JAMOVR010000034	2084	2296	-1	5
JAMOVR010000034	2397	2699	1	6
JAMOVR010000034	2680	2928	-1	7
JAMOVR010000034	3056	3382	1	8
JAMOVR010000034	3385	3576	-1	9
JAMOVR010000035	8	1036	-1	1
JAMOVR010000035	1390	3846	1	2
JAMOVR010000036	3	524	1	1
JAMOVR010000036	543	1652	1	2
JAMOVR010000036	1679	2815	1	3
JAMOVR010000036	3236	4141	-1	4
JAMOVR010000036	4368	6491	1	5
JAMOVR010000036	7690	10761	1	6
JAMOVR010000036	10763	11638	1	7
JAMOVR010000036	11709	14741	1	8
JAMOVR010000036	14778	15470	1	9
JAMOVR010000036	15560	16006	1	10
JAMOVR010000037	1	1269	-1	1
JAMOVR010000037	1422	2978	-1	2
JAMOVR010000037	3123	3659	-1	3
JAMOVR010000037	3704	3913	-1	4
JAMOVR010000038	2	1429	1	1
JAMOVR010000038	1732	2373	1	2
JAMOVR010000038	2532	3125	1	3
JAMOVR010000038	3143	3328	1	4
JAMOVR010000039	1	198	-1	1
JAMOVR010000039	182	1837	-1	2
JAMOVR010000039	1809	2723	-1	3
JAMOVR010000039	2720	3607	-1	4
JAMOVR010000039	3586	3825	-1	5
JAMOVR010000040	2	592	1	1
JAMOVR010000040	875	2080	1	2
JAMOVR010000040	2221	3072	1	3
JAMOVR010000040	3248	3823	-1	4
JAMOVR010000041	3	593	1	1
JAMOVR010000041	708	1844	1	2
JAMOVR010000041	1887	3020	1	3
JAMOVR010000041	3010	4485	-1	4
JAMOVR010000041	4925	6055	1	5
JAMOVR010000041	6233	7327	1	6
JAMOVR010000041	7291	7743	1	7
JAMOVR010000042	3	1478	-1	1
JAMOVR010000042	2143	2388	-1	2
JAMOVR010000042	3404	3595	-1	3
JAMOVR010000043	646	2328	1	1
JAMOVR010000043	2355	2693	-1	2
JAMOVR010000043	2853	3341	1	3
JAMOVR010000043	3390	4559	1	4
JAMOVR010000043	4900	5982	1	5
JAMOVR010000043	6072	6857	1	6
JAMOVR010000043	7513	8898	-1	7
JAMOVR010000043	8973	9818	-1	8
JAMOVR010000043	9935	10165	-1	9
JAMOVR010000043	10169	10981	-1	10
JAMOVR010000043	11123	11899	1	11
JAMOVR010000043	12205	12903	1	12
JAMOVR010000043	12914	13765	-1	13
JAMOVR010000043	13752	14933	-1	14
JAMOVR010000044	3	545	1	1
JAMOVR010000044	780	2741	-1	2
JAMOVR010000044	2817	3611	-1	3
JAMOVR010000044	3691	4581	-1	4
JAMOVR010000044	4643	4996	-1	5
JAMOVR010000045	1	594	-1	1
JAMOVR010000045	722	1828	1	2
JAMOVR010000045	1882	2535	-1	3
JAMOVR010000045	2601	3218	-1	4
JAMOVR010000045	3373	4140	1	5
JAMOVR010000045	4293	6485	-1	6
JAMOVR010000045	6621	7334	-1	7
JAMOVR010000045	7363	7992	-1	8
JAMOVR010000045	9116	9550	1	9
JAMOVR010000045	9560	10156	1	10
JAMOVR010000046	1	357	-1	1
JAMOVR010000046	660	1355	1	2
JAMOVR010000046	1628	4381	1	3
JAMOVR010000046	4392	5234	-1	4
JAMOVR010000046	5361	7346	1	5
JAMOVR010000046	7514	7870	1	6
JAMOVR010000046	7871	8443	1	7
JAMOVR010000046	8684	8827	-1	8
JAMOVR010000046	8824	9333	-1	9
JAMOVR010000046	9804	10298	-1	10
JAMOVR010000046	10285	10896	-1	11
JAMOVR010000046	10948	11766	1	12
JAMOVR010000046	11775	12257	1	13
JAMOVR010000046	12350	12721	1	14
JAMOVR010000046	12741	14675	-1	15
JAMOVR010000046	14896	15303	-1	16
JAMOVR010000047	3	479	1	1
JAMOVR010000047	643	1833	1	2
JAMOVR010000047	2289	3338	1	3
JAMOVR010000047	3376	4581	-1	4
JAMOVR010000047	4634	5164	-1	5
JAMOVR010000047	5255	5776	-1	6
JAMOVR010000047	6355	7248	1	7
JAMOVR010000047	7461	7634	-1	8
JAMOVR010000047	7800	8069	-1	9
JAMOVR010000047	8175	8495	-1	10
JAMOVR010000047	8944	9663	1	11
JAMOVR010000047	9720	11003	1	12
JAMOVR010000047	11248	11514	1	13
JAMOVR010000047	11511	12785	1	14
JAMOVR010000047	13026	14162	-1	15
JAMOVR010000047	14323	15267	-1	16
JAMOVR010000048	2	124	-1	1
JAMOVR010000048	410	1378	-1	2
JAMOVR010000048	2543	2914	-1	3
JAMOVR010000048	3132	4250	-1	4
JAMOVR010000048	4247	5080	-1	5
JAMOVR010000048	5088	5399	-1	6
JAMOVR010000048	5396	6694	-1	7
JAMOVR010000048	7213	7482	-1	8
JAMOVR010000048	7469	9643	-1	9
JAMOVR010000048	10060	11436	-1	10
JAMOVR010000048	11512	12585	-1	11
JAMOVR010000049	2	871	-1	1
JAMOVR010000049	976	1128	-1	2
JAMOVR010000049	1233	1682	1	3
JAMOVR010000049	1863	2483	-1	4
JAMOVR010000050	1	1401	-1	1
JAMOVR010000050	1458	1976	-1	2
JAMOVR010000050	2121	3002	1	3
JAMOVR010000050	3007	4221	-1	4
JAMOVR010000050	4511	4999	1	5
JAMOVR010000050	5140	5841	1	6
JAMOVR010000050	5858	6676	-1	7
JAMOVR010000050	8085	8222	-1	8
JAMOVR010000050	8610	9362	-1	9
JAMOVR010000050	9421	9921	-1	10
JAMOVR010000050	10077	11780	-1	11
JAMOVR010000050	11801	12022	-1	12
JAMOVR010000050	12080	13858	-1	13
JAMOVR010000050	14195	14638	1	14
JAMOVR010000050	14736	15002	1	15
JAMOVR010000051	1	2343	1	1
JAMOVR010000051	2324	3106	1	2
JAMOVR010000051	3103	3675	1	3
JAMOVR010000052	3	275	1	1
JAMOVR010000052	181	642	-1	2
JAMOVR010000052	1250	1492	-1	3
JAMOVR010000052	1828	2922	-1	4
JAMOVR010000052	3054	3317	-1	5
JAMOVR010000052	3471	3653	1	6
JAMOVR010000053	93	290	1	1
JAMOVR010000053	407	1117	-1	2
JAMOVR010000053	1572	2126	-1	3
JAMOVR010000053	2614	3537	-1	4
JAMOVR010000053	3638	4045	-1	5
JAMOVR010000053	4059	5225	-1	6
JAMOVR010000053	5323	6366	-1	7
JAMOVR010000053	6681	7061	1	8
JAMOVR010000053	7203	8105	1	9
JAMOVR010000053	8162	8875	-1	10
JAMOVR010000053	8917	9261	-1	11
JAMOVR010000053	9321	10268	1	12
JAMOVR010000053	10335	12512	1	13
JAMOVR010000053	12529	12777	1	14
JAMOVR010000053	12807	13253	-1	15
JAMOVR010000053	13268	13759	-1	16
JAMOVR010000053	13792	14424	-1	17
JAMOVR010000053	14441	14758	-1	18
JAMOVR010000054	2	871	-1	1
JAMOVR010000054	1027	2007	-1	2
JAMOVR010000054	2038	2430	-1	3
JAMOVR010000054	2554	3651	-1	4
JAMOVR010000055	298	576	-1	1
JAMOVR010000055	576	851	-1	2
JAMOVR010000055	848	2017	-1	3
JAMOVR010000055	2203	2628	-1	4
JAMOVR010000055	2588	3004	-1	5
JAMOVR010000055	3027	3425	-1	6
JAMOVR010000055	3526	3651	-1	7
JAMOVR010000056	1	531	1	1
JAMOVR010000056	512	1159	1	2
JAMOVR010000056	1179	1631	1	3
JAMOVR010000056	1624	3399	1	4
JAMOVR010000056	3548	4762	1	5
JAMOVR010000056	4906	6786	-1	6
JAMOVR010000056	6776	7606	-1	7
JAMOVR010000056	7611	9716	-1	8
JAMOVR010000056	9818	10267	-1	9
JAMOVR010000056	10429	11922	-1	10
JAMOVR010000056	11934	12992	-1	11
JAMOVR010000056	13048	13824	-1	12
JAMOVR010000056	13828	14649	-1	13
JAMOVR010000057	3	134	1	1
JAMOVR010000057	111	1154	-1	2
JAMOVR010000057	1222	1689	1	3
JAMOVR010000057	1713	2774	1	4
JAMOVR010000057	2776	3549	1	5
JAMOVR010000058	2	364	-1	1
JAMOVR010000058	495	2003	-1	2
JAMOVR010000058	2109	3242	-1	3
JAMOVR010000058	3229	3612	-1	4
JAMOVR010000059	1	714	1	1
JAMOVR010000059	872	1312	-1	2
JAMOVR010000059	2222	2710	1	3
JAMOVR010000059	2761	3225	1	4
JAMOVR010000059	3275	3577	1	5
JAMOVR010000060	385	2985	-1	1
JAMOVR010000061	3	344	1	1
JAMOVR010000061	355	1737	-1	2
JAMOVR010000061	1852	2559	-1	3
JAMOVR010000061	2787	5168	1	4
JAMOVR010000061	5210	6838	-1	5
JAMOVR010000061	7088	9007	1	6
JAMOVR010000061	9012	13004	1	7
JAMOVR010000061	14004	14363	1	8
JAMOVR010000062	2	712	-1	1
JAMOVR010000062	706	1986	-1	2
JAMOVR010000062	1983	2615	-1	3
JAMOVR010000062	2617	2919	-1	4
JAMOVR010000062	3251	3541	1	5
JAMOVR010000063	1	447	-1	1
JAMOVR010000063	576	1742	-1	2
JAMOVR010000063	1750	3006	-1	3
JAMOVR010000063	3165	3527	-1	4
JAMOVR010000064	3	455	-1	1
JAMOVR010000064	594	1991	-1	2
JAMOVR010000064	2274	3137	1	3
JAMOVR010000064	3218	4075	1	4
JAMOVR010000064	4141	4395	-1	5
JAMOVR010000064	4480	5349	-1	6
JAMOVR010000064	5520	6422	-1	7
JAMOVR010000064	6589	7407	-1	8
JAMOVR010000064	7943	8674	-1	9
JAMOVR010000064	8844	10364	1	10
JAMOVR010000064	10597	10968	1	11
JAMOVR010000064	11182	12129	-1	12
JAMOVR010000064	12305	13594	1	13
JAMOVR010000064	13659	14138	1	14
JAMOVR010000065	3	578	-1	1
JAMOVR010000065	970	2841	-1	2
JAMOVR010000065	2848	4659	-1	3
JAMOVR010000065	4797	6725	1	4
JAMOVR010000065	6890	7309	1	5
JAMOVR010000065	7449	9167	-1	6
JAMOVR010000065	9297	9842	1	7
JAMOVR010000065	9989	11602	-1	8
JAMOVR010000065	11920	12546	1	9
JAMOVR010000065	13562	14740	1	10
JAMOVR010000065	14881	15165	1	11
JAMOVR010000065	15219	16319	-1	12
JAMOVR010000065	16355	18295	-1	13
JAMOVR010000065	18502	20037	-1	14
JAMOVR010000065	20284	20865	1	15
JAMOVR010000065	20870	21790	1	16
JAMOVR010000065	21809	22636	1	17
JAMOVR010000065	22728	24596	-1	18
JAMOVR010000065	24647	24928	-1	19
JAMOVR010000065	25023	25595	1	20
JAMOVR010000065	25708	26055	-1	21
JAMOVR010000065	26160	26939	-1	22
JAMOVR010000065	27158	28171	1	23
JAMOVR010000065	28376	28945	1	24
JAMOVR010000065	29045	29860	1	25
JAMOVR010000065	30314	30727	1	26
JAMOVR010000065	31730	32752	1	27
JAMOVR010000065	32925	34139	-1	28
JAMOVR010000065	34329	35099	-1	29
JAMOVR010000065	35211	36704	-1	30
JAMOVR010000065	36948	38195	1	31
JAMOVR010000065	38566	38844	-1	32
JAMOVR010000065	38897	40228	-1	33
JAMOVR010000065	40509	40718	1	34
JAMOVR010000065	40952	42316	1	35
JAMOVR010000065	42384	42593	-1	36
JAMOVR010000065	42704	43957	-1	37
JAMOVR010000065	44094	46163	-1	38
JAMOVR010000065	46357	48339	-1	39
JAMOVR010000065	48800	51700	-1	40
JAMOVR010000065	51774	51971	-1	41
JAMOVR010000065	52489	53955	-1	42
JAMOVR010000065	53977	55110	-1	43
JAMOVR010000065	55116	55997	-1	44
JAMOVR010000065	56391	56618	1	45
JAMOVR010000065	56628	57086	1	46
JAMOVR010000066	545	1216	1	1
JAMOVR010000066	1266	1541	1	2
JAMOVR010000066	2673	3731	-1	3
JAMOVR010000066	3966	7337	1	4
JAMOVR010000066	7401	8027	-1	5
JAMOVR010000066	8103	8441	-1	6
JAMOVR010000066	8790	9392	-1	7
JAMOVR010000066	9338	9520	-1	8
JAMOVR010000066	9520	10290	-1	9
JAMOVR010000066	10363	10824	-1	10
JAMOVR010000066	10975	11325	1	11
JAMOVR010000066	11339	13909	1	12
JAMOVR010000067	2	286	1	1
JAMOVR010000067	536	1519	1	2
JAMOVR010000067	1341	2126	-1	3
JAMOVR010000067	2197	2523	1	4
JAMOVR010000067	2803	3447	-1	5
JAMOVR010000068	3	194	1	1
JAMOVR010000068	596	1378	1	2
JAMOVR010000068	1478	1846	1	3
JAMOVR010000068	1897	2844	1	4
JAMOVR010000068	2877	3416	1	5
JAMOVR010000069	1	1110	-1	1
JAMOVR010000069	1132	2073	-1	2
JAMOVR010000069	2074	3408	-1	3
JAMOVR010000070	2	208	1	1
JAMOVR010000070	221	394	1	2
JAMOVR010000070	493	1818	-1	3
JAMOVR010000070	2101	2733	-1	4
JAMOVR010000070	3308	3400	-1	5
JAMOVR010000071	340	1092	1	1
JAMOVR010000071	1164	1589	1	2
JAMOVR010000071	1741	2406	-1	3
JAMOVR010000071	2403	2768	-1	4
JAMOVR010000071	3134	4066	-1	5
JAMOVR010000071	4308	5837	1	6
JAMOVR010000071	5946	6380	1	7
JAMOVR010000071	6475	7977	1	8
JAMOVR010000071	8013	9194	-1	9
JAMOVR010000071	9435	9953	1	10
JAMOVR010000071	9965	10516	-1	11
JAMOVR010000071	10503	11222	-1	12
JAMOVR010000071	11720	13234	1	13
JAMOVR010000071	13343	13519	1	14
JAMOVR010000072	191	1285	-1	1
JAMOVR010000072	1492	2088	1	2
JAMOVR010000072	2123	2698	1	3
JAMOVR010000072	2773	4446	1	4
JAMOVR010000072	4452	5147	1	5
JAMOVR010000072	5174	9226	-1	6
JAMOVR010000072	9295	10284	1	7
JAMOVR010000072	10230	10964	1	8
JAMOVR010000072	11134	12405	1	9
JAMOVR010000072	12674	13477	1	10
JAMOVR010000073	2	667	1	1
JAMOVR010000073	707	2293	1	2
JAMOVR010000074	451	636	1	1
JAMOVR010000074	776	3253	-1	2
JAMOVR010000074	3246	3350	-1	3
JAMOVR010000075	1	1968	1	1
JAMOVR010000075	1979	2509	1	2
JAMOVR010000075	2496	3305	1	3
JAMOVR010000076	249	461	-1	1
JAMOVR010000076	463	2406	-1	2
JAMOVR010000076	2416	3306	-1	3
JAMOVR010000077	343	594	-1	1
JAMOVR010000077	852	3023	-1	2
JAMOVR010000078	1	240	-1	1
JAMOVR010000078	243	1169	-1	2
JAMOVR010000078	1145	2113	-1	3
JAMOVR010000078	2141	3220	-1	4
JAMOVR010000078	3192	4163	-1	5
JAMOVR010000078	4166	4972	-1	6
JAMOVR010000078	4986	5747	-1	7
JAMOVR010000078	5747	5962	-1	8
JAMOVR010000078	6055	7158	-1	9
JAMOVR010000078	7161	8267	-1	10
JAMOVR010000078	8252	9418	-1	11
JAMOVR010000078	9483	12770	-1	12
JAMOVR010000078	12755	13096	-1	13
JAMOVR010000079	2	427	1	1
JAMOVR010000079	471	2093	1	2
JAMOVR010000079	2972	3262	1	3
JAMOVR010000080	21	116	-1	1
JAMOVR010000080	3088	4203	1	2
JAMOVR010000080	4305	5123	-1	3
JAMOVR010000080	5253	6950	1	4
JAMOVR010000080	7092	8159	1	5
JAMOVR010000080	8512	8607	1	6
JAMOVR010000080	9791	10774	1	7
JAMOVR010000080	11309	13465	1	8
JAMOVR010000080	13515	14237	-1	9
JAMOVR010000080	14292	15056	-1	10
JAMOVR010000080	15174	16217	-1	11
JAMOVR010000080	16302	16865	-1	12
JAMOVR010000080	17015	18214	1	13
JAMOVR010000080	18507	20477	-1	14
JAMOVR010000080	20514	21914	-1	15
JAMOVR010000080	21943	22758	-1	16
JAMOVR010000080	22861	24564	-1	17
JAMOVR010000080	24536	26080	-1	18
JAMOVR010000080	26220	26861	1	19
JAMOVR010000080	27151	28866	1	20
JAMOVR010000080	29013	30266	-1	21
JAMOVR010000080	30507	31997	-1	22
JAMOVR010000080	32196	33140	-1	23
JAMOVR010000080	33242	33970	-1	24
JAMOVR010000080	34195	34740	-1	25
JAMOVR010000080	35472	36983	-1	26
JAMOVR010000080	37129	37518	1	27
JAMOVR010000080	37605	40454	-1	28
JAMOVR010000080	41058	42152	1	29
JAMOVR010000080	42145	43131	1	30
JAMOVR010000080	43217	43507	-1	31
JAMOVR010000080	43723	44724	-1	32
JAMOVR010000080	44784	45044	-1	33
JAMOVR010000080	45548	46711	1	34
JAMOVR010000080	46749	47450	-1	35
JAMOVR010000080	48369	49481	-1	36
JAMOVR010000080	49635	50636	1	37
JAMOVR010000080	50917	52323	-1	38
JAMOVR010000080	52440	52655	1	39
JAMOVR010000080	52633	53232	1	40
JAMOVR010000080	53271	53573	1	41
JAMOVR010000080	53627	54058	1	42
JAMOVR010000081	1	105	1	1
JAMOVR010000081	215	730	1	2
JAMOVR010000081	841	1872	1	3
JAMOVR010000081	1900	2400	1	4
JAMOVR010000081	2482	2721	1	5
JAMOVR010000081	2947	3249	1	6
JAMOVR010000082	1	168	-1	1
JAMOVR010000082	380	703	1	2
JAMOVR010000082	820	1560	1	3
JAMOVR010000082	1557	2393	1	4
JAMOVR010000082	2484	2699	-1	5
JAMOVR010000082	2830	2907	1	6
JAMOVR010000083	166	1149	-1	1
JAMOVR010000083	1210	2277	1	2
JAMOVR010000083	2319	2492	-1	3
JAMOVR010000083	3085	3876	1	4
JAMOVR010000083	3900	5264	-1	5
JAMOVR010000083	6287	7039	1	6
JAMOVR010000083	7047	7859	1	7
JAMOVR010000083	7899	8399	1	8
JAMOVR010000083	8406	9128	-1	9
JAMOVR010000083	9125	10162	-1	10
JAMOVR010000083	10794	12395	1	11
JAMOVR010000084	3	515	1	1
JAMOVR010000084	629	3019	-1	2
JAMOVR010000084	3237	3632	1	3
JAMOVR010000084	3667	4647	1	4
JAMOVR010000084	4828	8298	1	5
JAMOVR010000084	8402	9217	1	6
JAMOVR010000084	9325	10752	1	7
JAMOVR010000085	1	558	1	1
JAMOVR010000085	752	1543	1	2
JAMOVR010000085	1744	2178	1	3
JAMOVR010000086	1	1590	-1	1
JAMOVR010000086	1550	2722	-1	2
JAMOVR010000086	2719	3231	-1	3
JAMOVR010000087	1023	1511	1	1
JAMOVR010000087	1563	1979	1	2
JAMOVR010000087	1995	3110	1	3
JAMOVR010000088	3	1286	-1	1
JAMOVR010000088	1647	3212	-1	2
JAMOVR010000089	2	484	1	1
JAMOVR010000089	537	2060	1	2
JAMOVR010000089	2066	2881	-1	3
JAMOVR010000090	3	326	1	1
JAMOVR010000090	498	1310	-1	2
JAMOVR010000090	1454	2296	-1	3
JAMOVR010000090	2446	2967	1	4
JAMOVR010000091	3	1286	1	1
JAMOVR010000091	1876	3033	-1	2
JAMOVR010000091	3303	3752	1	3
JAMOVR010000091	3837	4253	1	4
JAMOVR010000091	4267	4755	-1	5
JAMOVR010000091	4879	5595	-1	6
JAMOVR010000091	5681	6199	-1	7
JAMOVR010000091	6445	8331	-1	8
JAMOVR010000091	8563	9048	1	9
JAMOVR010000091	9032	9610	1	10
JAMOVR010000091	9633	10088	-1	11
JAMOVR010000091	10463	12538	1	12
JAMOVR010000092	1	1377	1	1
JAMOVR010000092	1528	3498	1	2
JAMOVR010000092	3629	4666	1	3
JAMOVR010000092	4770	5744	1	4
JAMOVR010000092	6269	7000	-1	5
JAMOVR010000092	7161	7694	-1	6
JAMOVR010000092	7912	8649	1	7
JAMOVR010000092	8733	9440	1	8
JAMOVR010000092	9433	10713	1	9
JAMOVR010000092	10713	11540	1	10
JAMOVR010000092	11551	11835	1	11
JAMOVR010000092	11872	12498	1	12
JAMOVR010000093	1	318	1	1
JAMOVR010000093	453	1304	-1	2
JAMOVR010000093	1353	3185	-1	3
JAMOVR010000094	317	1396	-1	1
JAMOVR010000094	1665	3176	-1	2
JAMOVR010000095	3	806	1	1
JAMOVR010000095	820	2013	1	2
JAMOVR010000095	2015	3631	1	3
JAMOVR010000095	4102	4800	1	4
JAMOVR010000095	4965	5816	-1	5
JAMOVR010000095	6024	6254	-1	6
JAMOVR010000095	6779	7672	-1	7
JAMOVR010000095	7803	8711	-1	8
JAMOVR010000095	8708	9763	-1	9
JAMOVR010000095	9903	10373	1	10
JAMOVR010000095	10370	10588	1	11
JAMOVR010000095	10648	11664	1	12
JAMOVR010000095	11776	13701	1	13
JAMOVR010000095	14405	14839	-1	14
JAMOVR010000095	15072	18035	1	15
JAMOVR010000095	18151	19521	1	16
JAMOVR010000095	19641	19802	1	17
JAMOVR010000095	19941	20546	1	18
JAMOVR010000095	20723	21190	1	19
JAMOVR010000095	21217	22302	-1	20
JAMOVR010000095	22722	23096	-1	21
JAMOVR010000095	23325	24698	1	22
JAMOVR010000095	25296	25820	1	23
JAMOVR010000095	25998	26192	1	24
JAMOVR010000095	26256	27344	-1	25
JAMOVR010000095	27370	28263	-1	26
JAMOVR010000095	28417	29355	1	27
JAMOVR010000095	29525	29926	1	28
JAMOVR010000095	30090	31133	1	29
JAMOVR010000095	31867	32436	1	30
JAMOVR010000095	32482	34155	1	31
JAMOVR010000095	34171	35280	-1	32
JAMOVR010000095	35339	36010	1	33
JAMOVR010000095	36007	36732	-1	34
JAMOVR010000095	36868	38502	-1	35
JAMOVR010000095	38536	39207	-1	36
JAMOVR010000095	39215	40408	-1	37
JAMOVR010000095	40484	41692	-1	38
JAMOVR010000095	41982	43454	-1	39
JAMOVR010000095	43441	43995	-1	40
JAMOVR010000095	44149	44730	1	41
JAMOVR010000095	44705	45226	1	42
JAMOVR010000095	45410	46429	1	43
JAMOVR010000095	46622	47806	1	44
JAMOVR010000095	47894	49231	1	45
JAMOVR010000095	49594	49824	1	46
JAMOVR010000095	50158	51165	-1	47
JAMOVR010000095	51169	51732	-1	48
JAMOVR010000095	51787	52701	-1	49
JAMOVR010000095	52685	52957	-1	50
JAMOVR010000096	3	905	-1	1
JAMOVR010000096	1346	1624	-1	2
JAMOVR010000096	1836	2663	1	3
JAMOVR010000096	2670	3170	1	4
JAMOVR010000097	2	2602	-1	1
JAMOVR010000098	1	333	1	1
JAMOVR010000098	381	1346	-1	2
JAMOVR010000098	1531	1935	-1	3
JAMOVR010000098	2225	3088	-1	4
JAMOVR010000098	3313	5214	1	5
JAMOVR010000098	5216	6319	1	6
JAMOVR010000098	6638	7372	1	7
JAMOVR010000098	7394	7693	1	8
JAMOVR010000098	7727	8254	1	9
JAMOVR010000098	8390	8995	1	10
JAMOVR010000098	9232	9597	1	11
JAMOVR010000098	9644	10624	-1	12
JAMOVR010000098	10723	12153	-1	13
JAMOVR010000099	1	648	-1	1
JAMOVR010000099	1078	1293	1	2
JAMOVR010000099	1400	2116	1	3
JAMOVR010000099	2427	2696	-1	4
JAMOVR010000099	2961	3152	1	5
JAMOVR010000100	2	562	1	1
JAMOVR010000100	562	690	1	2
JAMOVR010000100	736	933	1	3
JAMOVR010000100	1786	2127	1	4
JAMOVR010000100	2953	3147	1	5
JAMOVR010000101	3	230	1	1
JAMOVR010000101	347	1783	1	2
JAMOVR010000101	1798	3093	-1	3
JAMOVR010000102	1	477	-1	1
JAMOVR010000102	488	1744	-1	2
JAMOVR010000102	1983	2171	-1	3
JAMOVR010000102	3259	4050	-1	4
JAMOVR010000102	4218	4913	-1	5
JAMOVR010000102	5007	5771	-1	6
JAMOVR010000102	5928	8117	-1	7
JAMOVR010000102	8197	9117	-1	8
JAMOVR010000102	9238	10071	-1	9
JAMOVR010000102	10050	10955	-1	10
JAMOVR010000102	11021	11932	-1	11
JAMOVR010000102	11995	12456	-1	12
JAMOVR010000102	12541	12798	-1	13
JAMOVR010000102	13006	14262	-1	14
JAMOVR010000102	14471	15688	1	15
JAMOVR010000102	15678	16565	1	16
JAMOVR010000102	16601	17113	1	17
JAMOVR010000102	17140	18330	1	18
JAMOVR010000102	18425	20314	1	19
JAMOVR010000102	20356	21012	-1	20
JAMOVR010000102	21032	21859	-1	21
JAMOVR010000102	21969	22310	-1	22
JAMOVR010000102	22490	23920	-1	23
JAMOVR010000102	24205	24507	1	24
JAMOVR010000102	24743	25357	-1	25
JAMOVR010000102	25467	26201	-1	26
JAMOVR010000102	26855	27553	1	27
JAMOVR010000102	27876	28724	-1	28
JAMOVR010000102	28724	29809	-1	29
JAMOVR010000103	142	483	-1	1
JAMOVR010000103	1343	2275	1	2
JAMOVR010000103	2367	2972	-1	3
JAMOVR010000103	3121	4401	-1	4
JAMOVR010000103	4567	5967	1	5
JAMOVR010000103	6025	6384	-1	6
JAMOVR010000103	6582	7616	1	7
JAMOVR010000103	8016	8489	1	8
JAMOVR010000103	8512	8940	1	9
JAMOVR010000103	8973	9629	1	10
JAMOVR010000103	9684	10526	-1	11
JAMOVR010000103	10906	12459	-1	12
JAMOVR010000103	12806	13024	-1	13
JAMOVR010000103	13198	14904	-1	14
JAMOVR010000103	15058	15534	-1	15
JAMOVR010000103	15539	15751	-1	16
JAMOVR010000103	15886	16932	1	17
JAMOVR010000103	17035	18297	1	18
JAMOVR010000103	18657	19517	1	19
JAMOVR010000103	19706	21007	-1	20
JAMOVR010000103	21162	21971	-1	21
JAMOVR010000104	2	433	1	1
JAMOVR010000104	468	1583	-1	2
JAMOVR010000104	1580	2599	-1	3
JAMOVR010000104	2583	4826	-1	4
JAMOVR010000104	4828	5790	-1	5
JAMOVR010000104	5791	6843	-1	6
JAMOVR010000104	6867	7826	-1	7
JAMOVR010000104	7820	8383	-1	8
JAMOVR010000104	9097	10314	-1	9
JAMOVR010000104	10318	11106	-1	10
JAMOVR010000104	11144	12064	-1	11
JAMOVR010000104	12066	12281	-1	12
JAMOVR010000105	2	3088	-1	1
JAMOVR010000106	3	170	1	1
JAMOVR010000106	557	1378	-1	2
JAMOVR010000106	2218	2625	-1	3
JAMOVR010000107	43	1296	-1	1
JAMOVR010000107	1241	2461	-1	2
JAMOVR010000107	2829	3077	-1	3
JAMOVR010000108	3	4763	-1	1
JAMOVR010000108	5038	5439	1	2
JAMOVR010000108	5651	6112	-1	3
JAMOVR010000108	6214	7059	-1	4
JAMOVR010000108	7060	8064	-1	5
JAMOVR010000108	8197	8955	-1	6
JAMOVR010000108	9201	10754	-1	7
JAMOVR010000108	11041	11166	1	8
JAMOVR010000108	11170	11856	-1	9
JAMOVR010000108	11972	12049	-1	10
JAMOVR010000109	47	937	-1	1
JAMOVR010000109	1290	2453	-1	2
JAMOVR010000109	2423	3034	-1	3
JAMOVR010000110	3	614	-1	1
JAMOVR010000110	631	1500	-1	2
JAMOVR010000110	1497	2378	-1	3
JAMOVR010000110	2375	2740	-1	4
JAMOVR010000110	2715	4163	-1	5
JAMOVR010000110	4418	5557	1	6
JAMOVR010000110	5566	6291	1	7
JAMOVR010000110	6288	7337	1	8
JAMOVR010000110	7341	7949	1	9
JAMOVR010000110	7979	8104	1	10
JAMOVR010000110	8235	8408	1	11
JAMOVR010000110	8436	11609	1	12
JAMOVR010000110	11594	11995	1	13
JAMOVR010000111	1	2313	-1	1
JAMOVR010000111	2480	3487	-1	2
JAMOVR010000111	5267	5695	-1	3
JAMOVR010000111	6519	8219	1	4
JAMOVR010000111	8917	10053	1	5
JAMOVR010000111	10207	11085	1	6
JAMOVR010000111	11126	11425	-1	7
JAMOVR010000111	11625	11969	-1	8
JAMOVR010000112	1	624	-1	1
JAMOVR010000112	724	2091	-1	2
JAMOVR010000112	2101	2529	-1	3
JAMOVR010000112	2472	3014	-1	4
JAMOVR010000113	774	1526	1	1
JAMOVR010000113	1614	2342	-1	2
JAMOVR010000113	2456	3010	-1	3
JAMOVR010000114	2	550	-1	1
JAMOVR010000114	708	1763	-1	2
JAMOVR010000114	1855	2409	-1	3
JAMOVR010000114	2475	3221	-1	4
JAMOVR010000114	3736	4131	-1	5
JAMOVR010000114	4158	5378	-1	6
JAMOVR010000114	5635	8682	1	7
JAMOVR010000114	8697	9395	1	8
JAMOVR010000114	9397	11319	1	9
JAMOVR010000114	11379	11891	1	10
JAMOVR010000115	3	788	1	1
JAMOVR010000115	852	1589	1	2
JAMOVR010000115	1728	2975	1	3
JAMOVR010000116	2	838	1	1
JAMOVR010000116	968	1732	1	2
JAMOVR010000116	1753	2163	1	3
JAMOVR010000116	2105	2269	1	4
JAMOVR010000116	2259	2954	1	5
JAMOVR010000117	591	1370	-1	1
JAMOVR010000117	1375	2304	-1	2
JAMOVR010000117	2394	2951	-1	3
JAMOVR010000118	2	2053	1	1
JAMOVR010000118	2084	2557	1	2
JAMOVR010000118	2841	2951	1	3
JAMOVR010000119	3	176	-1	1
JAMOVR010000119	242	1276	-1	2
JAMOVR010000119	1621	2262	1	3
JAMOVR010000119	2275	2925	-1	4
JAMOVR010000120	2	1369	1	1
JAMOVR010000120	1390	2259	1	2
JAMOVR010000120	2314	2904	-1	3
JAMOVR010000121	2	652	1	1
JAMOVR010000121	669	1067	1	2
JAMOVR010000121	1230	2255	1	3
JAMOVR010000121	2266	3372	1	4
JAMOVR010000121	3400	4335	1	5
JAMOVR010000121	4479	4655	1	6
JAMOVR010000121	4926	5963	1	7
JAMOVR010000121	6189	8834	1	8
JAMOVR010000121	8856	11450	1	9
JAMOVR010000122	3	257	-1	1
JAMOVR010000122	295	1293	-1	2
JAMOVR010000122	1407	2876	-1	3
JAMOVR010000123	243	551	1	1
JAMOVR010000123	638	2284	1	2
JAMOVR010000123	2337	3389	1	3
JAMOVR010000123	3434	4645	-1	4
JAMOVR010000123	4775	5731	-1	5
JAMOVR010000123	5788	6486	1	6
JAMOVR010000123	6513	7142	-1	7
JAMOVR010000123	8412	9362	-1	8
JAMOVR010000123	9543	10556	1	9
JAMOVR010000123	10616	10897	-1	10
JAMOVR010000123	11121	11336	1	11
JAMOVR010000124	1	639	1	1
JAMOVR010000124	670	2196	-1	2
JAMOVR010000124	2329	2832	-1	3
JAMOVR010000125	133	1365	-1	1
JAMOVR010000125	1455	2813	-1	2
JAMOVR010000125	2922	4358	1	3
JAMOVR010000125	4462	5061	-1	4
JAMOVR010000125	5338	5562	-1	5
JAMOVR010000125	5650	7515	-1	6
JAMOVR010000125	7750	9522	1	7
JAMOVR010000125	9596	10408	-1	8
JAMOVR010000125	10418	11239	-1	9
JAMOVR010000126	3	500	-1	1
JAMOVR010000126	545	1339	-1	2
JAMOVR010000126	1648	2004	1	3
JAMOVR010000126	2039	2827	1	4
JAMOVR010000127	38	133	-1	1
JAMOVR010000127	238	1683	-1	2
JAMOVR010000127	1896	2108	1	3
JAMOVR010000127	2147	2806	-1	4
JAMOVR010000128	1	591	1	1
JAMOVR010000128	867	1415	-1	2
JAMOVR010000128	1526	1960	-1	3
JAMOVR010000128	2119	2406	1	4
JAMOVR010000128	2743	4803	1	5
JAMOVR010000128	5244	6143	1	6
JAMOVR010000128	6222	7430	1	7
JAMOVR010000128	7491	8852	1	8
JAMOVR010000128	8930	9901	1	9
JAMOVR010000128	9946	10443	1	10
JAMOVR010000128	10571	11041	1	11
JAMOVR010000129	3	1193	-1	1
JAMOVR010000129	1375	2100	-1	2
JAMOVR010000129	2138	2578	-1	3
JAMOVR010000129	2575	3237	-1	4
JAMOVR010000129	3320	3646	-1	5
JAMOVR010000129	3798	4478	-1	6
JAMOVR010000129	4493	4981	-1	7
JAMOVR010000129	4969	6126	-1	8
JAMOVR010000129	6240	6644	-1	9
JAMOVR010000129	6964	7980	-1	10
JAMOVR010000129	7998	8858	-1	11
JAMOVR010000129	8942	9175	-1	12
JAMOVR010000129	9306	9605	-1	13
JAMOVR010000129	10057	11034	1	14
JAMOVR010000130	1	792	1	1
JAMOVR010000130	850	1467	1	2
JAMOVR010000130	1839	2645	1	3
JAMOVR010000131	295	498	1	1
JAMOVR010000131	1161	1358	1	2
JAMOVR010000131	1342	1602	1	3
JAMOVR010000131	1985	2776	-1	4
JAMOVR010000132	1	1272	1	1
JAMOVR010000132	1290	1823	1	2
JAMOVR010000132	1942	2763	1	3
JAMOVR010000133	253	396	-1	1
JAMOVR010000133	736	2715	-1	2
JAMOVR010000134	3	206	1	1
JAMOVR010000134	264	1007	-1	2
JAMOVR010000134	1098	1571	-1	3
JAMOVR010000134	1684	1971	-1	4
JAMOVR010000135	1	2184	1	1
JAMOVR010000135	2168	2707	1	2
JAMOVR010000136	2	577	1	1
JAMOVR010000136	574	2133	1	2
JAMOVR010000136	2274	3356	1	3
JAMOVR010000136	3536	3709	-1	4
JAMOVR010000136	4182	4913	1	5
JAMOVR010000136	5051	5644	1	6
JAMOVR010000136	5860	6426	1	7
JAMOVR010000136	6549	7124	-1	8
JAMOVR010000136	7204	8169	-1	9
JAMOVR010000136	8351	8467	1	10
JAMOVR010000136	8653	9015	-1	11
JAMOVR010000136	9116	9529	-1	12
JAMOVR010000136	10100	10675	1	13
JAMOVR010000137	159	659	-1	1
JAMOVR010000137	800	976	-1	2
JAMOVR010000137	1394	2551	-1	3
JAMOVR010000138	135	2507	-1	1
JAMOVR010000138	2583	2687	-1	2
JAMOVR010000139	1	792	-1	1
JAMOVR010000139	776	1756	-1	2
JAMOVR010000139	1773	2675	-1	3
JAMOVR010000140	219	593	-1	1
JAMOVR010000140	730	2502	-1	2
JAMOVR010000140	2544	2717	-1	3
JAMOVR010000140	2912	4093	-1	4
JAMOVR010000140	4581	4784	1	5
JAMOVR010000140	4781	5593	1	6
JAMOVR010000140	5922	7187	-1	7
JAMOVR010000140	7315	8112	-1	8
JAMOVR010000140	8313	8702	1	9
JAMOVR010000140	8744	10426	-1	10
JAMOVR010000141	2	145	1	1
JAMOVR010000141	174	530	-1	2
JAMOVR010000141	740	2083	-1	3
JAMOVR010000142	2	838	1	1
JAMOVR010000142	947	1426	1	2
JAMOVR010000142	1468	2268	-1	3
JAMOVR010000143	1	249	-1	1
JAMOVR010000143	282	1373	-1	2
JAMOVR010000143	1468	2331	-1	3
JAMOVR010000143	2331	2657	-1	4
JAMOVR010000144	3	125	1	1
JAMOVR010000144	236	1771	1	2
JAMOVR010000144	1768	2637	-1	3
JAMOVR010000144	2840	3598	1	4
JAMOVR010000144	3634	5088	1	5
JAMOVR010000144	5117	5653	-1	6
JAMOVR010000144	6008	7456	-1	7
JAMOVR010000144	7720	9654	1	8
JAMOVR010000144	9651	10490	1	9
JAMOVR010000145	150	1886	-1	1
JAMOVR010000145	2079	2645	-1	2
JAMOVR010000146	3	134	1	1
JAMOVR010000146	223	1371	1	2
JAMOVR010000146	1368	2999	1	3
JAMOVR010000146	3049	4452	1	4
JAMOVR010000146	4464	7280	1	5
JAMOVR010000146	7333	7485	-1	6
JAMOVR010000146	7596	9710	-1	7
JAMOVR010000146	10196	10414	-1	8
JAMOVR010000147	3	278	1	1
JAMOVR010000147	304	489	1	2
JAMOVR010000147	659	814	1	3
JAMOVR010000147	801	1853	1	4
JAMOVR010000147	1871	2629	1	5
JAMOVR010000148	3	1424	1	1
JAMOVR010000148	1405	3345	1	2
JAMOVR010000148	3342	4514	1	3
JAMOVR010000148	4487	5359	1	4
JAMOVR010000148	5343	6419	1	5
JAMOVR010000148	6358	7719	1	6
JAMOVR010000148	7710	9032	1	7
JAMOVR010000148	9066	10139	1	8
JAMOVR010000148	10152	10370	1	9
JAMOVR010000149	3	221	1	1
JAMOVR010000149	305	1450	-1	2
JAMOVR010000149	1434	2243	-1	3
JAMOVR010000149	2247	2612	-1	4
JAMOVR010000150	3	650	1	1
JAMOVR010000150	752	1216	-1	2
JAMOVR010000150	1355	2605	1	3
JAMOVR010000151	1	1308	-1	1
JAMOVR010000151	1481	2023	-1	2
JAMOVR010000152	3	1172	-1	1
JAMOVR010000152	1169	1798	-1	2
JAMOVR010000152	1808	2572	-1	3
JAMOVR010000153	461	616	1	1
JAMOVR010000153	668	862	-1	2
JAMOVR010000153	862	1311	-1	3
JAMOVR010000153	1740	2279	-1	4
JAMOVR010000154	2	2536	-1	1
JAMOVR010000155	2	1201	-1	1
JAMOVR010000155	1480	2418	-1	2
JAMOVR010000155	2756	4552	1	3
JAMOVR010000155	5020	5184	1	4
JAMOVR010000155	5831	6154	-1	5
JAMOVR010000155	6212	7249	-1	6
JAMOVR010000155	7256	9367	-1	7
JAMOVR010000155	9539	9949	-1	8
JAMOVR010000156	397	1704	1	1
JAMOVR010000156	1701	2528	1	2
JAMOVR010000157	2	2350	-1	1
JAMOVR010000157	2340	2495	-1	2
JAMOVR010000158	2	1255	-1	1
JAMOVR010000158	1348	1767	-1	2
JAMOVR010000158	2109	3278	1	3
JAMOVR010000158	3290	3697	1	4
JAMOVR010000158	3790	4356	1	5
JAMOVR010000158	4395	4919	1	6
JAMOVR010000158	5269	5811	1	7
JAMOVR010000158	5820	6374	-1	8
JAMOVR010000158	6733	7419	1	9
JAMOVR010000158	7533	9449	-1	10
JAMOVR010000158	9623	9772	-1	11
JAMOVR010000159	2	403	1	1
JAMOVR010000159	537	863	-1	2
JAMOVR010000159	860	1174	-1	3
JAMOVR010000159	1338	1901	-1	4
JAMOVR010000159	2320	2484	-1	5
JAMOVR010000160	562	2106	-1	1
JAMOVR010000160	2224	2721	-1	2
JAMOVR010000160	2736	3629	-1	3
JAMOVR010000160	3783	5144	-1	4
JAMOVR010000160	5189	6562	-1	5
JAMOVR010000160	6908	7222	1	6
JAMOVR010000160	7239	8117	-1	7
JAMOVR010000160	8118	9680	-1	8
JAMOVR010000161	1	534	-1	1
JAMOVR010000161	772	1773	1	2
JAMOVR010000161	1819	2949	-1	3
JAMOVR010000161	3403	3681	-1	4
JAMOVR010000161	3638	4042	-1	5
JAMOVR010000161	4061	4540	-1	6
JAMOVR010000161	4556	4918	-1	7
JAMOVR010000161	4915	5778	-1	8
JAMOVR010000161	6062	7690	-1	9
JAMOVR010000161	7794	8516	-1	10
JAMOVR010000161	8792	9340	-1	11
JAMOVR010000161	9506	9604	-1	12
JAMOVR010000162	2	178	1	1
JAMOVR010000162	306	1997	1	2
JAMOVR010000162	2073	2438	1	3
JAMOVR010000163	1	405	-1	1
JAMOVR010000163	585	782	-1	2
JAMOVR010000163	813	1397	-1	3
JAMOVR010000163	1494	2144	-1	4
JAMOVR010000163	2257	5268	1	5
JAMOVR010000163	5731	6492	-1	6
JAMOVR010000163	6620	7300	-1	7
JAMOVR010000163	7497	8573	-1	8
JAMOVR010000163	8854	9420	-1	9
JAMOVR010000164	1	1032	-1	1
JAMOVR010000164	1424	2002	1	2
JAMOVR010000164	1999	3495	1	3
JAMOVR010000164	3871	4878	1	4
JAMOVR010000164	4891	5313	1	5
JAMOVR010000164	5396	7186	1	6
JAMOVR010000164	7292	8251	1	7
JAMOVR010000164	8263	9435	-1	8
JAMOVR010000165	2	2293	1	1
JAMOVR010000166	3	659	-1	1
JAMOVR010000166	656	2869	-1	2
JAMOVR010000166	2961	3431	-1	3
JAMOVR010000166	3435	4142	-1	4
JAMOVR010000166	4167	4529	-1	5
JAMOVR010000166	4526	5587	-1	6
JAMOVR010000167	121	741	1	1
JAMOVR010000167	745	1623	1	2
JAMOVR010000167	1667	2737	-1	3
JAMOVR010000167	2883	3383	1	4
JAMOVR010000167	3538	4506	-1	5
JAMOVR010000167	4747	5766	-1	6
JAMOVR010000167	6113	7360	1	7
JAMOVR010000167	7918	9150	-1	8
JAMOVR010000168	672	836	1	1
JAMOVR010000168	918	1118	1	2
JAMOVR010000168	1568	2383	1	3
JAMOVR010000169	29	787	1	1
JAMOVR010000169	784	2151	1	2
JAMOVR010000169	2175	2357	-1	3
JAMOVR010000170	1	186	-1	1
JAMOVR010000170	198	1172	-1	2
JAMOVR010000170	1179	1961	-1	3
JAMOVR010000170	1980	2345	-1	4
JAMOVR010000171	51	992	1	1
JAMOVR010000171	998	1510	1	2
JAMOVR010000171	1590	2345	1	3
JAMOVR010000172	2	1870	1	1
JAMOVR010000172	1898	3082	-1	2
JAMOVR010000172	3246	5468	1	3
JAMOVR010000172	5491	6525	1	4
JAMOVR010000172	6951	7646	-1	5
JAMOVR010000172	8118	8549	-1	6
JAMOVR010000172	8695	9234	-1	7
JAMOVR010000172	9531	10169	-1	8
JAMOVR010000172	10198	12051	-1	9
JAMOVR010000172	12264	13430	1	10
JAMOVR010000172	13470	14870	1	11
JAMOVR010000172	14909	16549	-1	12
JAMOVR010000172	16632	17585	-1	13
JAMOVR010000172	17722	19065	-1	14
JAMOVR010000172	19043	19684	-1	15
JAMOVR010000172	19730	21103	-1	16
JAMOVR010000172	21233	21586	-1	17
JAMOVR010000172	21683	21853	-1	18
JAMOVR010000172	21886	23247	-1	19
JAMOVR010000172	23319	25787	-1	20
JAMOVR010000172	26164	26991	-1	21
JAMOVR010000172	27017	27979	-1	22
JAMOVR010000172	28491	29750	1	23
JAMOVR010000172	30002	31084	-1	24
JAMOVR010000172	31151	31606	1	25
JAMOVR010000172	31607	32053	1	26
JAMOVR010000172	32434	33321	1	27
JAMOVR010000172	33448	33900	1	28
JAMOVR010000172	34166	34393	1	29
JAMOVR010000172	34869	35516	1	30
JAMOVR010000172	35516	36544	1	31
JAMOVR010000172	36606	36917	1	32
JAMOVR010000172	37061	37903	1	33
JAMOVR010000172	37982	38965	1	34
JAMOVR010000172	39010	40143	-1	35
JAMOVR010000172	40464	40625	-1	36
JAMOVR010000173	3	887	1	1
JAMOVR010000173	951	2102	1	2
JAMOVR010000174	2	697	-1	1
JAMOVR010000174	893	2089	-1	2
JAMOVR010000174	2099	2305	-1	3
JAMOVR010000175	626	1225	1	1
JAMOVR010000175	1255	3153	1	2
JAMOVR010000175	3941	4954	1	3
JAMOVR010000175	5040	6068	1	4
JAMOVR010000175	6034	6240	1	5
JAMOVR010000175	6302	7159	1	6
JAMOVR010000175	7213	7998	1	7
JAMOVR010000175	8072	8290	1	8
JAMOVR010000175	8336	8986	1	9
JAMOVR010000176	144	1967	1	1
JAMOVR010000176	2347	3384	1	2
JAMOVR010000176	3503	4240	1	3
JAMOVR010000176	4304	5122	-1	4
JAMOVR010000176	5119	6117	-1	5
JAMOVR010000176	6256	6450	1	6
JAMOVR010000176	6447	8282	-1	7
JAMOVR010000177	3	7598	1	1
JAMOVR010000178	3	1154	1	1
JAMOVR010000178	1147	2169	1	2
JAMOVR010000179	1076	1870	-1	1
JAMOVR010000179	2158	2259	-1	2
JAMOVR010000180	2	286	1	1
JAMOVR010000180	613	1842	1	2
JAMOVR010000180	1845	2096	1	3
JAMOVR010000180	2075	2257	-1	4
JAMOVR010000181	3	1475	1	1
JAMOVR010000181	1429	1992	1	2
JAMOVR010000181	2017	2220	1	3
JAMOVR010000182	58	930	1	1
JAMOVR010000182	1054	1818	-1	2
JAMOVR010000183	3	1820	-1	1
JAMOVR010000183	2068	2712	1	2
JAMOVR010000183	2726	3178	-1	3
JAMOVR010000183	3448	4827	-1	4
JAMOVR010000183	5428	5730	1	5
JAMOVR010000183	5762	6598	1	6
JAMOVR010000183	7084	7851	1	7
JAMOVR010000183	7994	8593	1	8
JAMOVR010000184	3	200	-1	1
JAMOVR010000184	379	1623	1	2
JAMOVR010000184	1782	1955	-1	3
JAMOVR010000184	2144	2239	-1	4
JAMOVR010000184	2868	4214	1	5
JAMOVR010000184	4576	4764	1	6
JAMOVR010000184	4915	5865	1	7
JAMOVR010000184	6134	6406	1	8
JAMOVR010000184	6419	6574	1	9
JAMOVR010000184	6574	7107	1	10
JAMOVR010000184	7163	7507	1	11
JAMOVR010000184	7582	8583	-1	12
JAMOVR010000185	1	384	-1	1
JAMOVR010000185	540	2174	-1	2
JAMOVR010000186	2	241	-1	1
JAMOVR010000186	456	776	-1	2
JAMOVR010000186	1028	2068	1	3
JAMOVR010000187	2	310	-1	1
JAMOVR010000187	715	1599	1	2
JAMOVR010000187	1618	2415	1	3
JAMOVR010000187	2594	4600	1	4
JAMOVR010000187	5072	5728	1	5
JAMOVR010000187	5885	7417	-1	6
JAMOVR010000187	7924	8508	-1	7
JAMOVR010000188	1	192	1	1
JAMOVR010000188	194	1666	-1	2
JAMOVR010000188	1910	2137	-1	3
JAMOVR010000189	1	768	-1	1
JAMOVR010000189	1803	3968	1	2
JAMOVR010000189	3982	4515	1	3
JAMOVR010000189	4652	5335	1	4
JAMOVR010000189	5776	6564	-1	5
JAMOVR010000189	6577	7086	-1	6
JAMOVR010000190	2	436	-1	1
JAMOVR010000190	589	2577	-1	2
JAMOVR010000190	2697	3293	1	3
JAMOVR010000190	3303	3671	-1	4
JAMOVR010000190	3896	4825	1	5
JAMOVR010000190	4843	5688	1	6
JAMOVR010000190	5774	7255	1	7
JAMOVR010000190	7568	8089	-1	8
JAMOVR010000191	3	326	-1	1
JAMOVR010000191	406	819	-1	2
JAMOVR010000191	785	913	-1	3
JAMOVR010000191	1070	1312	-1	4
JAMOVR010000192	2	1069	-1	1
JAMOVR010000192	1155	2294	-1	2
JAMOVR010000192	2278	2463	-1	3
JAMOVR010000192	2556	4727	-1	4
JAMOVR010000192	4961	5665	-1	5
JAMOVR010000192	5718	6191	-1	6
JAMOVR010000192	7125	8315	1	7
JAMOVR010000193	1	840	-1	1
JAMOVR010000193	830	1564	-1	2
JAMOVR010000193	1596	1898	-1	3
JAMOVR010000194	1	213	1	1
JAMOVR010000194	253	1896	-1	2
JAMOVR010000194	1905	2090	-1	3
JAMOVR010000195	2	370	1	1
JAMOVR010000195	950	2086	-1	2
JAMOVR010000196	25	318	-1	1
JAMOVR010000196	677	886	1	2
JAMOVR010000196	920	1936	1	3
JAMOVR010000197	3	845	1	1
JAMOVR010000197	987	2069	-1	2
JAMOVR010000197	2228	4609	1	3
JAMOVR010000197	4720	5760	1	4
JAMOVR010000197	5762	6667	1	5
JAMOVR010000198	3	113	1	1
JAMOVR010000198	397	1758	-1	2
JAMOVR010000198	1740	2042	-1	3
JAMOVR010000199	2	886	1	1
JAMOVR010000199	972	1787	1	2
JAMOVR010000199	1799	2749	-1	3
JAMOVR010000199	2803	3819	-1	4
JAMOVR010000199	3988	4632	1	5
JAMOVR010000199	4852	5355	1	6
JAMOVR010000199	5380	6489	1	7
JAMOVR010000199	6800	9523	1	8
JAMOVR010000199	9761	10072	1	9
JAMOVR010000199	10365	11360	1	10
JAMOVR010000199	11795	13348	1	11
JAMOVR010000199	13423	14811	1	12
JAMOVR010000199	14798	16333	1	13
JAMOVR010000199	16337	17104	1	14
JAMOVR010000199	17176	18483	1	15
JAMOVR010000199	18883	19305	1	16
JAMOVR010000199	19314	20690	1	17
JAMOVR010000199	20690	22213	1	18
JAMOVR010000199	22261	22737	-1	19
JAMOVR010000199	22881	24743	1	20
JAMOVR010000199	24985	25500	-1	21
JAMOVR010000199	25871	28477	1	22
JAMOVR010000199	28856	29062	1	23
JAMOVR010000199	29069	30769	1	24
JAMOVR010000199	30823	31692	1	25
JAMOVR010000199	31777	32412	1	26
JAMOVR010000199	32419	33801	1	27
JAMOVR010000199	33850	34776	-1	28
JAMOVR010000200	2	475	-1	1
JAMOVR010000200	563	1273	-1	2
JAMOVR010000200	1406	2455	1	3
JAMOVR010000200	2630	2836	-1	4
JAMOVR010000200	3001	3183	-1	5
JAMOVR010000200	3512	3778	-1	6
JAMOVR010000200	4011	4775	-1	7
JAMOVR010000200	4798	7002	-1	8
JAMOVR010000200	7556	8173	1	9
JAMOVR010000200	8225	8902	1	10
JAMOVR010000200	8924	9649	-1	11
JAMOVR010000200	9675	10301	-1	12
JAMOVR010000200	10264	11019	-1	13
JAMOVR010000200	11168	11695	-1	14
JAMOVR010000200	11728	12090	-1	15
JAMOVR010000201	3	1178	1	1
JAMOVR010000201	1302	2057	1	2
JAMOVR010000201	2194	4668	1	3
JAMOVR010000201	5423	5746	-1	4
JAMOVR010000201	5737	6477	-1	5
JAMOVR010000201	6534	7796	-1	6
JAMOVR010000201	8030	8284	-1	7
JAMOVR010000201	8441	8896	-1	8
JAMOVR010000201	9042	10424	-1	9
JAMOVR010000201	10601	11863	-1	10
JAMOVR010000201	12046	12618	1	11
JAMOVR010000201	12795	13337	-1	12
JAMOVR010000201	13498	14829	1	13
JAMOVR010000201	15159	16139	-1	14
JAMOVR010000201	16141	17214	-1	15
JAMOVR010000201	17345	17623	1	16
JAMOVR010000201	17890	18453	1	17
JAMOVR010000201	18487	18678	1	18
JAMOVR010000201	18744	19283	1	19
JAMOVR010000201	19557	20021	-1	20
JAMOVR010000201	20002	20595	-1	21
JAMOVR010000201	20650	21474	1	22
JAMOVR010000201	21465	22193	1	23
JAMOVR010000201	22214	22717	1	24
JAMOVR010000202	539	1663	-1	1
JAMOVR010000203	2	2560	-1	1
JAMOVR010000203	2579	4348	-1	2
JAMOVR010000203	4338	4820	-1	3
JAMOVR010000203	4969	5826	1	4
JAMOVR010000203	6087	6689	1	5
JAMOVR010000203	6742	7473	-1	6
JAMOVR010000203	7487	7894	-1	7
JAMOVR010000204	3	242	1	1
JAMOVR010000204	352	1197	-1	2
JAMOVR010000204	1319	1576	-1	3
JAMOVR010000204	1618	1992	-1	4
JAMOVR010000205	548	1993	1	1
JAMOVR010000206	77	454	1	1
JAMOVR010000206	523	1821	1	2
JAMOVR010000206	1927	1986	1	3
JAMOVR010000207	3	824	-1	1
JAMOVR010000207	851	1984	-1	2
JAMOVR010000208	177	1205	-1	1
JAMOVR010000208	1363	1947	-1	2
JAMOVR010000209	1	726	1	1
JAMOVR010000209	692	1279	1	2
JAMOVR010000209	1531	1980	1	3
JAMOVR010000210	1	966	1	1
JAMOVR010000210	1043	2260	1	2
JAMOVR010000210	2631	3653	1	3
JAMOVR010000210	3818	5791	-1	4
JAMOVR010000210	5918	7033	-1	5
JAMOVR010000210	7179	8075	1	6
JAMOVR010000210	8358	9794	1	7
JAMOVR010000210	10038	10370	-1	8
JAMOVR010000210	10389	11606	-1	9
JAMOVR010000210	11803	12309	1	10
JAMOVR010000210	12330	12626	-1	11
JAMOVR010000210	12721	13191	-1	12
JAMOVR010000210	13263	13454	-1	13
JAMOVR010000210	13583	15421	1	14
JAMOVR010000210	15501	15776	-1	15
JAMOVR010000210	16209	16397	-1	16
JAMOVR010000210	16501	16809	-1	17
JAMOVR010000210	17201	18400	1	18
JAMOVR010000210	18763	18948	1	19
JAMOVR010000210	19061	20608	1	20
JAMOVR010000210	20712	21476	1	21
JAMOVR010000210	21514	22197	-1	22
JAMOVR010000210	22300	23643	1	23
JAMOVR010000210	24482	25813	1	24
JAMOVR010000210	25822	26070	-1	25
JAMOVR010000210	26232	26960	1	26
JAMOVR010000210	26966	27124	-1	27
JAMOVR010000210	27234	27911	-1	28
JAMOVR010000210	27984	28361	-1	29
JAMOVR010000210	28406	28561	-1	30
JAMOVR010000210	28567	28902	-1	31
JAMOVR010000210	28964	29395	-1	32
JAMOVR010000210	29592	30512	1	33
JAMOVR010000210	30737	31822	-1	34
JAMOVR010000210	31874	32452	-1	35
JAMOVR010000210	32500	33696	-1	36
JAMOVR010000210	33805	33975	-1	37
JAMOVR010000211	1	573	1	1
JAMOVR010000211	855	5255	-1	2
JAMOVR010000211	5445	7757	1	3
JAMOVR010000212	1	693	-1	1
JAMOVR010000212	719	1189	-1	2
JAMOVR010000212	1189	1554	-1	3
JAMOVR010000212	1551	1973	-1	4
JAMOVR010000213	1	198	-1	1
JAMOVR010000213	214	678	-1	2
JAMOVR010000213	1034	1483	1	3
JAMOVR010000213	1518	2321	-1	4
JAMOVR010000213	2314	3060	-1	5
JAMOVR010000213	3193	4884	-1	6
JAMOVR010000213	4971	5840	-1	7
JAMOVR010000213	5936	7018	1	8
JAMOVR010000213	7585	9336	1	9
JAMOVR010000213	9402	10922	-1	10
JAMOVR010000213	11156	13027	1	11
JAMOVR010000213	13199	14209	-1	12
JAMOVR010000213	14321	15505	-1	13
JAMOVR010000213	15646	15852	-1	14
JAMOVR010000213	16027	16482	1	15
JAMOVR010000213	16502	17287	-1	16
JAMOVR010000213	17516	18643	1	17
JAMOVR010000213	19149	20606	1	18
JAMOVR010000213	20608	21375	1	19
JAMOVR010000213	21440	22636	-1	20
JAMOVR010000213	22666	23928	-1	21
JAMOVR010000213	24200	25906	-1	22
JAMOVR010000213	26130	26525	-1	23
JAMOVR010000213	26612	27043	-1	24
JAMOVR010000213	27299	29557	1	25
JAMOVR010000213	29786	30202	1	26
JAMOVR010000213	30319	32178	-1	27
JAMOVR010000213	32561	32908	-1	28
JAMOVR010000213	32905	33291	-1	29
JAMOVR010000213	33431	33838	-1	30
JAMOVR010000214	3	74	1	1
JAMOVR010000214	234	1097	-1	2
JAMOVR010000214	1081	1722	-1	3
JAMOVR010000215	2	823	-1	1
JAMOVR010000215	839	2425	-1	2
JAMOVR010000215	2415	2792	-1	3
JAMOVR010000215	3001	3174	-1	4
JAMOVR010000215	3440	4063	-1	5
JAMOVR010000215	4110	5297	-1	6
JAMOVR010000215	5294	6121	-1	7
JAMOVR010000215	6339	7187	-1	8
JAMOVR010000215	7236	7691	-1	9
JAMOVR010000216	2	613	-1	1
JAMOVR010000216	700	1314	-1	2
JAMOVR010000216	1587	1700	1	3
JAMOVR010000216	1932	2531	1	4
JAMOVR010000216	2532	4454	-1	5
JAMOVR010000216	4610	5266	1	6
JAMOVR010000216	5503	5871	-1	7
JAMOVR010000216	5896	6315	-1	8
JAMOVR010000216	6419	6970	-1	9
JAMOVR010000216	7046	7696	-1	10
JAMOVR010000216	7865	10126	-1	11
JAMOVR010000216	10607	11677	-1	12
JAMOVR010000216	11797	13296	-1	13
JAMOVR010000216	13482	14432	1	14
JAMOVR010000216	14478	15923	-1	15
JAMOVR010000216	16068	16739	1	16
JAMOVR010000216	16758	17324	1	17
JAMOVR010000216	17436	17849	-1	18
JAMOVR010000216	17968	20865	-1	19
JAMOVR010000216	21341	21607	-1	20
JAMOVR010000216	21692	22516	-1	21
JAMOVR010000216	22530	23483	-1	22
JAMOVR010000216	23485	24414	-1	23
JAMOVR010000216	24420	25397	-1	24
JAMOVR010000216	25532	26221	-1	25
JAMOVR010000216	26478	29228	-1	26
JAMOVR010000216	29215	29697	-1	27
JAMOVR010000216	29960	32002	-1	28
JAMOVR010000216	32101	33726	-1	29
JAMOVR010000217	2	382	1	1
JAMOVR010000217	430	855	1	2
JAMOVR010000217	926	1690	1	3
JAMOVR010000217	1734	1952	1	4
JAMOVR010000218	1	174	-1	1
JAMOVR010000218	576	1763	1	2
JAMOVR010000218	1797	4442	1	3
JAMOVR010000218	4447	5913	1	4
JAMOVR010000218	5897	6424	1	5
JAMOVR010000218	6512	7372	1	6
JAMOVR010000219	1	189	1	1
JAMOVR010000219	179	1066	1	2
JAMOVR010000219	1063	1944	1	3
JAMOVR010000220	22	345	-1	1
JAMOVR010000220	459	941	-1	2
JAMOVR010000220	1419	1688	1	3
JAMOVR010000220	2042	2416	1	4
JAMOVR010000220	2693	3034	-1	5
JAMOVR010000220	3155	4150	-1	6
JAMOVR010000220	4610	6502	-1	7
JAMOVR010000220	6465	6782	-1	8
JAMOVR010000220	6801	7613	-1	9
JAMOVR010000220	7949	8929	1	10
JAMOVR010000220	8971	10911	-1	11
JAMOVR010000220	11085	12419	1	12
JAMOVR010000220	12821	13378	-1	13
JAMOVR010000220	13394	14758	-1	14
JAMOVR010000220	15089	16783	1	15
JAMOVR010000220	16937	17368	1	16
JAMOVR010000220	17463	18704	1	17
JAMOVR010000220	18799	20421	1	18
JAMOVR010000220	20534	20812	1	19
JAMOVR010000220	20880	21059	-1	20
JAMOVR010000220	21263	22177	1	21
JAMOVR010000220	22383	22742	1	22
JAMOVR010000220	22841	23920	1	23
JAMOVR010000220	23953	25968	1	24
JAMOVR010000220	25984	26631	1	25
JAMOVR010000220	26628	27125	1	26
JAMOVR010000220	27185	27760	1	27
JAMOVR010000220	28051	29592	-1	28
JAMOVR010000220	29775	30536	-1	29
JAMOVR010000220	30728	33205	1	30
JAMOVR010000221	1	582	1	1
JAMOVR010000221	683	1792	1	2
JAMOVR010000222	3	800	-1	1
JAMOVR010000222	784	1848	-1	2
JAMOVR010000222	1832	1903	-1	3
JAMOVR010000223	2	898	1	1
JAMOVR010000223	906	1532	1	2
JAMOVR010000223	1471	1902	1	3
JAMOVR010000224	2	628	1	1
JAMOVR010000224	795	1835	1	2
JAMOVR010000224	2013	2840	1	3
JAMOVR010000224	2997	4196	1	4
JAMOVR010000224	4503	5186	1	5
JAMOVR010000224	5838	7139	-1	6
JAMOVR010000225	158	295	1	1
JAMOVR010000225	332	547	1	2
JAMOVR010000225	628	1866	-1	3
JAMOVR010000226	1	1209	1	1
JAMOVR010000226	1255	2049	1	2
JAMOVR010000226	2217	2681	1	3
JAMOVR010000226	2691	3530	1	4
JAMOVR010000226	3721	5103	-1	5
JAMOVR010000226	5146	5619	-1	6
JAMOVR010000226	5726	7081	-1	7
JAMOVR010000227	1	477	1	1
JAMOVR010000227	461	1273	1	2
JAMOVR010000227	1300	2055	1	3
JAMOVR010000227	2024	2935	-1	4
JAMOVR010000227	3099	4256	1	5
JAMOVR010000227	4273	6762	1	6
JAMOVR010000227	6759	7355	1	7
JAMOVR010000228	1	882	-1	1
JAMOVR010000228	941	1267	-1	2
JAMOVR010000228	1308	1865	-1	3
JAMOVR010000229	3	422	1	1
JAMOVR010000229	427	735	1	2
JAMOVR010000229	829	1854	1	3
JAMOVR010000229	1927	2418	1	4
JAMOVR010000229	2439	3446	1	5
JAMOVR010000229	3472	4317	1	6
JAMOVR010000229	4374	5651	-1	7
JAMOVR010000229	5668	6165	-1	8
JAMOVR010000229	6194	7117	-1	9
JAMOVR010000230	1	1347	1	1
JAMOVR010000230	1353	1862	1	2
JAMOVR010000231	3	461	-1	1
JAMOVR010000231	561	1943	-1	2
JAMOVR010000231	2194	3339	1	3
JAMOVR010000231	3353	4045	1	4
JAMOVR010000231	4060	4332	-1	5
JAMOVR010000231	4316	5755	-1	6
JAMOVR010000231	5903	6352	1	7
JAMOVR010000231	6639	7319	-1	8
JAMOVR010000232	152	874	1	1
JAMOVR010000232	871	1797	1	2
JAMOVR010000233	3	1118	-1	1
JAMOVR010000233	1121	1846	-1	2
JAMOVR010000234	1	1716	1	1
JAMOVR010000235	1	1371	-1	1
JAMOVR010000235	1658	3391	-1	2
JAMOVR010000235	3472	4323	-1	3
JAMOVR010000235	4368	5867	-1	4
JAMOVR010000235	6119	6706	-1	5
JAMOVR010000235	6969	7223	1	6
JAMOVR010000236	2	157	1	1
JAMOVR010000236	170	628	1	2
JAMOVR010000236	654	1007	1	3
JAMOVR010000236	1011	1442	-1	4
JAMOVR010000236	1655	2812	-1	5
JAMOVR010000236	3113	3520	1	6
JAMOVR010000236	3635	4381	1	7
JAMOVR010000236	4433	4999	-1	8
JAMOVR010000236	5095	5271	-1	9
JAMOVR010000236	5499	7559	1	10
JAMOVR010000236	7716	8525	1	11
JAMOVR010000236	8672	11983	1	12
JAMOVR010000236	12046	12516	-1	13
JAMOVR010000236	12991	14217	-1	14
JAMOVR010000236	14523	15755	-1	15
JAMOVR010000236	15898	16551	-1	16
JAMOVR010000236	16797	17156	1	17
JAMOVR010000236	17377	18324	1	18
JAMOVR010000236	18338	18934	1	19
JAMOVR010000236	19116	19448	-1	20
JAMOVR010000236	19635	20270	1	21
JAMOVR010000236	20454	21593	1	22
JAMOVR010000237	190	735	1	1
JAMOVR010000237	982	2256	-1	2
JAMOVR010000237	2486	3220	1	3
JAMOVR010000237	3241	3711	1	4
JAMOVR010000237	3811	5586	1	5
JAMOVR010000237	5605	6156	1	6
JAMOVR010000237	6143	6427	-1	7
JAMOVR010000237	6573	7106	1	8
JAMOVR010000237	7142	7942	1	9
JAMOVR010000237	7944	8735	1	10
JAMOVR010000237	9337	9957	-1	11
JAMOVR010000238	3	680	1	1
JAMOVR010000238	664	1575	1	2
JAMOVR010000238	1582	1824	1	3
JAMOVR010000239	2	364	-1	1
JAMOVR010000239	606	1046	1	2
JAMOVR010000239	1264	1821	1	3
JAMOVR010000240	1	444	-1	1
JAMOVR010000240	824	1561	-1	2
JAMOVR010000240	1637	2026	-1	3
JAMOVR010000240	2301	3125	1	4
JAMOVR010000240	3175	5106	-1	5
JAMOVR010000240	5491	6510	-1	6
JAMOVR010000240	6699	7121	1	7
JAMOVR010000241	1	2034	-1	1
JAMOVR010000241	2190	2798	-1	2
JAMOVR010000241	3108	5411	1	3
JAMOVR010000241	5528	5998	1	4
JAMOVR010000241	6286	6546	1	5
JAMOVR010000241	6550	6711	1	6
JAMOVR010000241	6808	7311	1	7
JAMOVR010000241	7574	8062	1	8
JAMOVR010000241	8111	9115	-1	9
JAMOVR010000241	9129	9320	-1	10
JAMOVR010000241	9293	9745	-1	11
JAMOVR010000241	9812	10342	-1	12
JAMOVR010000241	10366	10821	-1	13
JAMOVR010000241	10893	11195	-1	14
JAMOVR010000241	11358	12122	-1	15
JAMOVR010000241	12251	12787	-1	16
JAMOVR010000241	13175	13537	-1	17
JAMOVR010000241	13608	14837	1	18
JAMOVR010000241	15161	16513	-1	19
JAMOVR010000241	17128	18120	1	20
JAMOVR010000241	18914	20065	1	21
JAMOVR010000241	20148	21647	-1	22
JAMOVR010000241	21996	22583	1	23
JAMOVR010000241	23237	23437	1	24
JAMOVR010000241	23452	24999	-1	25
JAMOVR010000241	25458	26429	1	26
JAMOVR010000241	26513	28144	1	27
JAMOVR010000241	28141	30867	1	28
JAMOVR010000241	31087	31470	-1	29
JAMOVR010000242	2	1294	-1	1
JAMOVR010000242	1483	2580	1	2
JAMOVR010000242	2700	3779	1	3
JAMOVR010000242	3718	3900	1	4
JAMOVR010000242	3924	5492	1	5
JAMOVR010000242	5489	6379	1	6
JAMOVR010000242	6512	6673	1	7
JAMOVR010000242	6785	8167	1	8
JAMOVR010000242	8220	8927	1	9
JAMOVR010000242	8947	9288	1	10
JAMOVR010000242	9450	9749	1	11
JAMOVR010000242	9821	10051	1	12
JAMOVR010000242	10494	10889	-1	13
JAMOVR010000242	10926	12176	1	14
JAMOVR010000242	12191	13162	1	15
JAMOVR010000242	13302	13934	1	16
JAMOVR010000242	13974	14870	-1	17
JAMOVR010000242	15103	15861	1	18
JAMOVR010000242	16245	16709	1	19
JAMOVR010000242	16757	17314	1	20
JAMOVR010000242	18021	18197	1	21
JAMOVR010000242	18320	18463	1	22
JAMOVR010000242	18848	19441	1	23
JAMOVR010000242	19468	20202	1	24
JAMOVR010000242	20199	20816	1	25
JAMOVR010000242	20910	21467	1	26
JAMOVR010000242	21890	22696	1	27
JAMOVR010000242	22752	23336	1	28
JAMOVR010000242	23799	24521	1	29
JAMOVR010000242	24514	25011	1	30
JAMOVR010000242	25245	26942	-1	31
JAMOVR010000242	26946	27176	-1	32
JAMOVR010000242	27276	27755	-1	33
JAMOVR010000242	27934	28389	-1	34
JAMOVR010000242	28456	29301	-1	35
JAMOVR010000242	29412	29768	1	36
JAMOVR010000242	29879	30823	-1	37
JAMOVR010000242	31111	31326	1	38
JAMOVR010000243	3	1793	1	1
JAMOVR010000244	3	74	1	1
JAMOVR010000244	52	255	1	2
JAMOVR010000244	413	1792	1	3
JAMOVR010000245	170	1234	-1	1
JAMOVR010000245	1246	1791	-1	2
JAMOVR010000246	1	561	1	1
JAMOVR010000246	792	1055	1	2
JAMOVR010000246	1250	1453	1	3
JAMOVR010000247	2	916	1	1
JAMOVR010000247	1113	1985	-1	2
JAMOVR010000247	2008	3156	-1	3
JAMOVR010000247	3299	3607	-1	4
JAMOVR010000247	3859	5271	1	5
JAMOVR010000247	5649	6857	1	6
JAMOVR010000248	3	491	1	1
JAMOVR010000248	560	1765	1	2
JAMOVR010000249	1	1584	-1	1
JAMOVR010000250	2	1714	1	1
JAMOVR010000250	1859	2863	1	2
JAMOVR010000250	2872	3573	1	3
JAMOVR010000250	3567	5738	1	4
JAMOVR010000250	5742	6143	1	5
JAMOVR010000250	6146	8467	1	6
JAMOVR010000250	8464	9099	1	7
JAMOVR010000250	9113	10585	1	8
JAMOVR010000250	10633	11904	1	9
JAMOVR010000250	11950	12810	-1	10
JAMOVR010000250	13427	14455	1	11
JAMOVR010000250	14549	14947	1	12
JAMOVR010000250	15180	16013	-1	13
JAMOVR010000250	16262	17518	1	14
JAMOVR010000250	17662	18390	1	15
JAMOVR010000250	18727	19401	1	16
JAMOVR010000250	19431	21098	1	17
JAMOVR010000250	21674	22582	1	18
JAMOVR010000250	22938	24596	-1	19
JAMOVR010000250	24732	26114	1	20
JAMOVR010000250	26144	27349	-1	21
JAMOVR010000250	27366	28772	-1	22
JAMOVR010000250	28950	29615	1	23
JAMOVR010000250	29651	30562	-1	24
JAMOVR010000251	1	1422	-1	1
JAMOVR010000251	1644	2222	-1	2
JAMOVR010000251	2410	3933	-1	3
JAMOVR010000251	4855	6105	-1	4
JAMOVR010000251	6192	6899	-1	5
JAMOVR010000252	116	1078	1	1
JAMOVR010000252	1264	1545	1	2
JAMOVR010000252	1678	1743	1	3
JAMOVR010000253	1	348	1	1
JAMOVR010000253	356	886	-1	2
JAMOVR010000253	924	1076	1	3
JAMOVR010000253	1172	1582	1	4
JAMOVR010000254	1	606	-1	1
JAMOVR010000254	1450	1734	-1	2
JAMOVR010000255	149	745	-1	1
JAMOVR010000255	762	1259	-1	2
JAMOVR010000255	1272	2294	-1	3
JAMOVR010000255	2310	3311	-1	4
JAMOVR010000255	3301	5598	-1	5
JAMOVR010000255	5591	6823	-1	6
JAMOVR010000256	2	163	1	1
JAMOVR010000256	456	1514	-1	2
JAMOVR010000257	2	220	1	1
JAMOVR010000257	245	748	1	2
JAMOVR010000257	777	1304	1	3
JAMOVR010000257	1308	1724	1	4
JAMOVR010000258	175	837	-1	1
JAMOVR010000258	931	1071	-1	2
JAMOVR010000258	1223	1645	-1	3
JAMOVR010000258	1645	1719	-1	4
JAMOVR010000259	1	333	1	1
JAMOVR010000259	508	1593	1	2
JAMOVR010000259	1618	1716	-1	3
JAMOVR010000260	178	1272	1	1
JAMOVR010000261	3	203	-1	1
JAMOVR010000261	421	1623	-1	2
JAMOVR010000262	3	1337	-1	1
JAMOVR010000262	1334	1690	-1	2
JAMOVR010000263	379	1818	-1	1
JAMOVR010000263	2027	3247	1	2
JAMOVR010000263	3364	3795	1	3
JAMOVR010000263	3955	4737	1	4
JAMOVR010000263	5311	5598	1	5
JAMOVR010000263	5613	6632	-1	6
JAMOVR010000264	1	282	-1	1
JAMOVR010000264	376	537	1	2
JAMOVR010000264	567	1052	1	3
JAMOVR010000264	1049	1480	-1	4
JAMOVR010000265	3	1538	-1	1
JAMOVR010000266	3	458	1	1
JAMOVR010000266	482	1675	1	2
JAMOVR010000267	2	2203	-1	1
JAMOVR010000267	2220	3614	-1	2
JAMOVR010000267	3614	5293	-1	3
JAMOVR010000267	5408	6601	-1	4
JAMOVR010000268	3	1100	-1	1
JAMOVR010000268	1084	1188	-1	2
JAMOVR010000268	1418	2224	-1	3
JAMOVR010000268	2524	4326	1	4
JAMOVR010000268	4422	4904	1	5
JAMOVR010000268	4901	5806	-1	6
JAMOVR010000268	5796	6014	-1	7
JAMOVR010000268	6017	6184	-1	8
JAMOVR010000268	6174	6470	-1	9
JAMOVR010000268	6476	6826	-1	10
JAMOVR010000268	6856	7482	-1	11
JAMOVR010000268	7479	8750	-1	12
JAMOVR010000268	9013	10587	-1	13
JAMOVR010000268	10584	10976	-1	14
JAMOVR010000268	10984	11481	-1	15
JAMOVR010000268	11481	11744	-1	16
JAMOVR010000268	11748	12128	-1	17
JAMOVR010000268	12125	12322	-1	18
JAMOVR010000268	12319	12513	-1	19
JAMOVR010000268	12527	12706	-1	20
JAMOVR010000268	12807	12974	-1	21
JAMOVR010000268	13114	13377	1	22
JAMOVR010000268	13393	13875	1	23
JAMOVR010000268	13872	14099	1	24
JAMOVR010000268	14109	14492	1	25
JAMOVR010000268	14555	15892	-1	26
JAMOVR010000268	16134	20231	-1	27
JAMOVR010000268	20329	21435	1	28
JAMOVR010000268	21440	21928	1	29
JAMOVR010000268	21921	22667	1	30
JAMOVR010000268	22669	23709	1	31
JAMOVR010000268	23702	24748	1	32
JAMOVR010000268	24740	25000	-1	33
JAMOVR010000268	24939	25445	-1	34
JAMOVR010000268	25928	27712	-1	35
JAMOVR010000268	27712	27975	-1	36
JAMOVR010000268	28210	28926	-1	37
JAMOVR010000269	203	1657	1	1
JAMOVR010000269	1694	2644	1	2
JAMOVR010000269	2686	3573	1	3
JAMOVR010000269	3592	4518	1	4
JAMOVR010000269	4530	6575	-1	5
JAMOVR010000270	1	306	-1	1
JAMOVR010000270	577	1365	-1	2
JAMOVR010000270	1478	1663	-1	3
JAMOVR010000271	2	1150	-1	1
JAMOVR010000271	1157	1462	-1	2
JAMOVR010000271	1455	1790	-1	3
JAMOVR010000271	1794	2078	-1	4
JAMOVR010000271	2081	2449	-1	5
JAMOVR010000271	2463	3470	-1	6
JAMOVR010000271	3467	4657	-1	7
JAMOVR010000271	4657	5115	-1	8
JAMOVR010000271	5128	5691	-1	9
JAMOVR010000271	5693	6073	-1	10
JAMOVR010000271	6270	6497	-1	11
JAMOVR010000271	6549	8918	1	12
JAMOVR010000271	8902	9948	1	13
JAMOVR010000271	9993	10787	1	14
JAMOVR010000271	10886	11602	1	15
JAMOVR010000271	12070	12723	-1	16
JAMOVR010000271	12730	13023	-1	17
JAMOVR010000271	13708	15117	-1	18
JAMOVR010000271	15199	15690	-1	19
JAMOVR010000271	16234	16440	-1	20
JAMOVR010000271	17051	17635	-1	21
JAMOVR010000271	17793	18038	1	22
JAMOVR010000272	88	462	1	1
JAMOVR010000272	504	1355	1	2
JAMOVR010000273	22	858	-1	1
JAMOVR010000273	1065	1913	1	2
JAMOVR010000273	1973	2158	1	3
JAMOVR010000273	3810	4388	-1	4
JAMOVR010000273	4394	5161	-1	5
JAMOVR010000273	5416	6024	1	6
JAMOVR010000273	6073	7230	1	7
JAMOVR010000273	7353	8369	1	8
JAMOVR010000273	8366	8623	1	9
JAMOVR010000273	8877	9227	-1	10
JAMOVR010000273	9440	10276	-1	11
JAMOVR010000273	10282	10962	-1	12
JAMOVR010000273	11150	11521	-1	13
JAMOVR010000273	11579	11869	-1	14
JAMOVR010000273	12124	13656	1	15
JAMOVR010000273	14174	15157	1	16
JAMOVR010000273	15196	15945	-1	17
JAMOVR010000273	16061	16768	1	18
JAMOVR010000273	17319	18284	-1	19
JAMOVR010000273	18316	19131	1	20
JAMOVR010000273	19351	20700	1	21
JAMOVR010000273	20802	22373	1	22
JAMOVR010000273	22482	23327	1	23
JAMOVR010000273	23378	24217	1	24
JAMOVR010000273	24404	24838	1	25
JAMOVR010000273	24854	25306	1	26
JAMOVR010000273	26017	27723	1	27
JAMOVR010000273	27739	28491	1	28
JAMOVR010000273	28571	28651	-1	29
JAMOVR010000274	3	68	-1	1
JAMOVR010000274	238	1323	1	2
JAMOVR010000274	1416	2135	1	3
JAMOVR010000274	2174	2914	1	4
JAMOVR010000274	3044	4144	1	5
JAMOVR010000274	4159	5271	1	6
JAMOVR010000274	5532	6521	1	7
JAMOVR010000275	3	866	-1	1
JAMOVR010000275	882	2552	-1	2
JAMOVR010000275	2530	3915	-1	3
JAMOVR010000275	3912	4682	-1	4
JAMOVR010000275	4679	5467	-1	5
JAMOVR010000275	5469	6521	-1	6
JAMOVR010000276	1	888	1	1
JAMOVR010000276	900	1586	1	2
JAMOVR010000277	127	834	1	1
JAMOVR010000277	991	1704	-1	2
JAMOVR010000277	1992	4736	1	3
JAMOVR010000277	4757	5200	-1	4
JAMOVR010000277	5723	6106	-1	5
JAMOVR010000277	6261	6440	1	6
JAMOVR010000277	6573	6896	1	7
JAMOVR010000277	7058	7936	1	8
JAMOVR010000277	7941	8711	-1	9
JAMOVR010000277	8712	10094	1	10
JAMOVR010000277	10140	10424	-1	11
JAMOVR010000277	10506	11270	-1	12
JAMOVR010000277	11438	12514	1	13
JAMOVR010000277	12621	13349	1	14
JAMOVR010000277	13792	13995	-1	15
JAMOVR010000277	14156	15379	-1	16
JAMOVR010000277	15452	16348	-1	17
JAMOVR010000277	16473	17435	1	18
JAMOVR010000277	17428	18621	1	19
JAMOVR010000277	18615	20318	1	20
JAMOVR010000277	20302	21291	1	21
JAMOVR010000277	21288	22592	1	22
JAMOVR010000277	22589	23632	1	23
JAMOVR010000277	23636	25030	1	24
JAMOVR010000277	25049	26443	1	25
JAMOVR010000277	26486	27136	1	26
JAMOVR010000277	27391	28389	1	27
JAMOVR010000278	2	73	1	1
JAMOVR010000278	357	620	1	2
JAMOVR010000278	733	1497	1	3
JAMOVR010000279	124	753	-1	1
JAMOVR010000279	753	1316	-1	2
JAMOVR010000280	1	1065	1	1
JAMOVR010000280	1230	1943	1	2
JAMOVR010000280	2029	3231	-1	3
JAMOVR010000280	3447	4232	1	4
JAMOVR010000280	4250	5221	1	5
JAMOVR010000280	5344	6372	-1	6
JAMOVR010000281	1	90	-1	1
JAMOVR010000281	297	1607	1	2
JAMOVR010000282	63	596	-1	1
JAMOVR010000282	1061	1606	-1	2
JAMOVR010000283	3	263	1	1
JAMOVR010000283	520	1374	1	2
JAMOVR010000284	113	433	1	1
JAMOVR010000284	430	816	1	2
JAMOVR010000284	985	1569	1	3
JAMOVR010000285	221	1105	1	1
JAMOVR010000285	1482	1568	-1	2
JAMOVR010000286	1	1005	1	1
JAMOVR010000286	1082	1873	-1	2
JAMOVR010000286	2152	2649	1	3
JAMOVR010000286	2812	4221	1	4
JAMOVR010000286	4343	5470	1	5
JAMOVR010000286	6444	7823	1	6
JAMOVR010000286	8383	9114	1	7
JAMOVR010000286	9245	9796	1	8
JAMOVR010000286	10669	11157	1	9
JAMOVR010000286	12494	12868	-1	10
JAMOVR010000286	12937	13503	-1	11
JAMOVR010000286	15681	15866	-1	12
JAMOVR010000286	16337	17344	1	13
JAMOVR010000286	17365	17721	1	14
JAMOVR010000286	17811	18119	1	15
JAMOVR010000286	18956	19732	-1	16
JAMOVR010000286	19758	20018	-1	17
JAMOVR010000286	20018	20806	-1	18
JAMOVR010000286	20825	21838	-1	19
JAMOVR010000286	22474	23688	-1	20
JAMOVR010000286	24244	25248	1	21
JAMOVR010000286	25263	25544	-1	22
JAMOVR010000286	25711	26871	-1	23
JAMOVR010000287	217	624	-1	1
JAMOVR010000287	783	1301	-1	2
JAMOVR010000287	1461	3065	-1	3
JAMOVR010000287	3752	5692	-1	4
JAMOVR010000287	6027	6182	-1	5
JAMOVR010000288	2	118	1	1
JAMOVR010000288	187	726	-1	2
JAMOVR010000288	741	1376	-1	3
JAMOVR010000288	1804	3288	-1	4
JAMOVR010000288	3500	3991	-1	5
JAMOVR010000288	3991	4851	-1	6
JAMOVR010000288	4875	5366	-1	7
JAMOVR010000288	5389	6171	-1	8
JAMOVR010000289	1	1512	-1	1
JAMOVR010000289	1586	2830	-1	2
JAMOVR010000289	2945	3829	1	3
JAMOVR010000289	3962	4459	1	4
JAMOVR010000290	115	1548	-1	1
JAMOVR010000291	416	2800	-1	1
JAMOVR010000291	2757	4772	-1	2
JAMOVR010000291	4787	5770	-1	3
JAMOVR010000292	2	811	-1	1
JAMOVR010000292	784	1542	-1	2
JAMOVR010000293	788	1318	-1	1
JAMOVR010000293	1334	1540	-1	2
JAMOVR010000294	383	1459	-1	1
JAMOVR010000295	387	1331	-1	1
JAMOVR010000295	1324	2211	-1	2
JAMOVR010000295	2296	2850	-1	3
JAMOVR010000295	2981	5515	-1	4
JAMOVR010000296	3	824	1	1
JAMOVR010000296	1376	2170	1	2
JAMOVR010000296	2258	2680	1	3
JAMOVR010000296	2827	4140	1	4
JAMOVR010000296	4435	5322	-1	5
JAMOVR010000296	5344	6099	-1	6
JAMOVR010000296	6320	6469	1	7
JAMOVR010000296	6463	6792	1	8
JAMOVR010000296	6842	7543	1	9
JAMOVR010000296	7626	10154	-1	10
JAMOVR010000296	10157	11479	-1	11
JAMOVR010000296	11466	12965	-1	12
JAMOVR010000296	13081	14016	-1	13
JAMOVR010000296	14226	14678	1	14
JAMOVR010000296	14736	15914	-1	15
JAMOVR010000296	15943	17262	-1	16
JAMOVR010000296	17283	18530	-1	17
JAMOVR010000296	18792	19046	-1	18
JAMOVR010000296	19427	20881	1	19
JAMOVR010000296	21018	21305	1	20
JAMOVR010000296	21443	22177	1	21
JAMOVR010000296	22311	23081	1	22
JAMOVR010000296	23266	24519	1	23
JAMOVR010000296	24666	25481	1	24
JAMOVR010000297	2	514	1	1
JAMOVR010000297	546	983	-1	2
JAMOVR010000297	1094	1513	-1	3
JAMOVR010000298	2	217	1	1
JAMOVR010000298	243	1412	1	2
JAMOVR010000299	335	1453	-1	1
JAMOVR010000300	1	363	-1	1
JAMOVR010000300	364	1746	-1	2
JAMOVR010000300	1813	3009	-1	3
JAMOVR010000300	3304	4575	-1	4
JAMOVR010000300	4610	5737	-1	5
JAMOVR010000300	5734	6018	-1	6
JAMOVR010000301	84	1226	-1	1
JAMOVR010000301	1223	1516	-1	2
JAMOVR010000302	3	560	-1	1
JAMOVR010000302	689	1252	-1	2
JAMOVR010000302	1309	2151	-1	3
JAMOVR010000302	2153	3073	-1	4
JAMOVR010000302	3083	3961	-1	5
JAMOVR010000302	3958	4869	-1	6
JAMOVR010000302	4894	5787	-1	7
JAMOVR010000303	134	808	1	1
JAMOVR010000303	801	1688	-1	2
JAMOVR010000303	1996	2244	-1	3
JAMOVR010000303	2501	3397	1	4
JAMOVR010000303	3451	4242	-1	5
JAMOVR010000303	4193	4369	-1	6
JAMOVR010000303	4731	4973	-1	7
JAMOVR010000303	5041	5295	-1	8
JAMOVR010000304	2	325	1	1
JAMOVR010000304	306	1511	1	2
JAMOVR010000305	1	1308	-1	1
JAMOVR010000305	1341	3308	-1	2
JAMOVR010000305	3605	4735	-1	3
JAMOVR010000305	4732	5124	-1	4
JAMOVR010000305	5152	5769	-1	5
JAMOVR010000305	5855	5980	-1	6
JAMOVR010000306	309	1505	-1	1
JAMOVR010000307	141	893	-1	1
JAMOVR010000307	1052	1504	-1	2
JAMOVR010000308	2	241	-1	1
JAMOVR010000308	276	1025	1	2
JAMOVR010000308	1330	1500	1	3
JAMOVR010000309	1	774	-1	1
JAMOVR010000309	752	1633	-1	2
JAMOVR010000309	1815	4199	1	3
JAMOVR010000309	4274	4621	1	4
JAMOVR010000309	5413	6828	1	5
JAMOVR010000309	6944	8044	1	6
JAMOVR010000309	8286	10934	1	7
JAMOVR010000309	11703	13226	1	8
JAMOVR010000309	13232	14293	1	9
JAMOVR010000309	14446	15222	1	10
JAMOVR010000309	15189	15533	1	11
JAMOVR010000309	15626	16396	1	12
JAMOVR010000309	16402	17826	1	13
JAMOVR010000309	17823	19046	1	14
JAMOVR010000309	19110	19718	-1	15
JAMOVR010000309	19908	21485	1	16
JAMOVR010000309	21629	22048	1	17
JAMOVR010000309	22035	23027	1	18
JAMOVR010000309	23128	23850	-1	19
JAMOVR010000309	23866	24171	-1	20
JAMOVR010000309	24286	25434	-1	21
JAMOVR010000310	2	2434	1	1
JAMOVR010000310	2427	2819	1	2
JAMOVR010000310	2839	3669	1	3
JAMOVR010000310	3666	4661	1	4
JAMOVR010000310	4658	5464	1	5
JAMOVR010000311	176	1051	1	1
JAMOVR010000311	1063	2025	1	2
JAMOVR010000311	2124	2876	1	3
JAMOVR010000311	3221	4171	1	4
JAMOVR010000311	4214	4699	1	5
JAMOVR010000311	4725	5768	1	6
JAMOVR010000312	68	1582	-1	1
JAMOVR010000312	1588	2754	-1	2
JAMOVR010000312	2751	3578	-1	3
JAMOVR010000312	3986	5101	-1	4
JAMOVR010000312	5126	5740	-1	5
JAMOVR010000313	150	269	1	1
JAMOVR010000313	323	589	1	2
JAMOVR010000313	1159	3354	1	3
JAMOVR010000313	3369	4439	1	4
JAMOVR010000313	4484	5734	-1	5
JAMOVR010000314	1	2796	-1	1
JAMOVR010000314	2813	5893	-1	2
JAMOVR010000314	6080	6676	-1	3
JAMOVR010000314	6742	8064	-1	4
JAMOVR010000314	8192	8443	-1	5
JAMOVR010000314	8682	10523	-1	6
JAMOVR010000315	277	1044	-1	1
JAMOVR010000315	1085	2104	-1	2
JAMOVR010000315	2191	3168	-1	3
JAMOVR010000315	3570	4136	-1	4
JAMOVR010000315	4358	4942	-1	5
JAMOVR010000315	5128	6186	-1	6
JAMOVR010000315	6279	7538	-1	7
JAMOVR010000315	7602	8084	1	8
JAMOVR010000315	8217	9074	-1	9
JAMOVR010000315	9089	10933	-1	10
JAMOVR010000315	11126	11710	-1	11
JAMOVR010000315	11816	13216	-1	12
JAMOVR010000315	13279	13830	-1	13
JAMOVR010000316	1	477	-1	1
JAMOVR010000316	818	1003	1	2
JAMOVR010000316	948	1307	1	3
JAMOVR010000316	1337	2818	-1	4
JAMOVR010000316	2823	4727	-1	5
JAMOVR010000316	4731	5048	-1	6
JAMOVR010000316	5050	5631	-1	7
JAMOVR010000316	5634	6023	-1	8
JAMOVR010000316	6027	7040	-1	9
JAMOVR010000316	7045	8748	-1	10
JAMOVR010000316	8745	9263	-1	11
JAMOVR010000316	9260	9658	-1	12
JAMOVR010000316	10050	10364	1	13
JAMOVR010000316	10387	10626	1	14
JAMOVR010000316	10578	11420	1	15
JAMOVR010000316	11714	12877	-1	16
JAMOVR010000316	13243	14160	-1	17
JAMOVR010000316	14294	14887	1	18
JAMOVR010000316	15074	15352	1	19
JAMOVR010000316	15442	15825	-1	20
JAMOVR010000316	15926	16309	-1	21
JAMOVR010000316	16625	17206	1	22
JAMOVR010000316	17310	17768	1	23
JAMOVR010000316	18324	18953	-1	24
JAMOVR010000316	19431	21260	1	25
JAMOVR010000316	21911	22708	-1	26
JAMOVR010000316	22920	23606	-1	27
JAMOVR010000317	2	205	-1	1
JAMOVR010000317	210	1490	-1	2
JAMOVR010000317	1620	2717	-1	3
JAMOVR010000317	2714	3682	-1	4
JAMOVR010000317	3687	4469	-1	5
JAMOVR010000317	4483	4914	-1	6
JAMOVR010000317	4898	5671	-1	7
JAMOVR010000318	232	1206	-1	1
JAMOVR010000318	1510	2532	1	2
JAMOVR010000318	2526	3350	1	3
JAMOVR010000318	3739	4719	1	4
JAMOVR010000318	4735	5478	1	5
JAMOVR010000318	5655	5921	1	6
JAMOVR010000318	6022	6663	-1	7
JAMOVR010000318	6838	7416	-1	8
JAMOVR010000318	7569	7829	-1	9
JAMOVR010000318	7826	8278	-1	10
JAMOVR010000318	8275	10332	-1	11
JAMOVR010000318	10364	10591	-1	12
JAMOVR010000318	10881	11579	1	13
JAMOVR010000318	11626	11763	1	14
JAMOVR010000318	11854	12462	1	15
JAMOVR010000318	13009	13197	-1	16
JAMOVR010000318	13222	13443	-1	17
JAMOVR010000318	13468	13827	-1	18
JAMOVR010000318	14003	15919	-1	19
JAMOVR010000318	16635	17492	1	20
JAMOVR010000318	17694	18497	1	21
JAMOVR010000318	18610	19776	1	22
JAMOVR010000318	19782	20192	1	23
JAMOVR010000318	20338	20910	1	24
JAMOVR010000318	20903	21223	1	25
JAMOVR010000318	21225	22421	1	26
JAMOVR010000318	22433	23419	1	27
JAMOVR010000319	1	432	-1	1
JAMOVR010000319	414	1682	-1	2
JAMOVR010000319	1703	3301	-1	3
JAMOVR010000319	3509	5419	1	4
JAMOVR010000320	2	409	1	1
JAMOVR010000320	439	1002	-1	2
JAMOVR010000320	1266	2462	1	3
JAMOVR010000320	2728	4341	-1	4
JAMOVR010000320	4729	5427	1	5
JAMOVR010000320	5429	5617	-1	6
JAMOVR010000321	1	210	1	1
JAMOVR010000321	239	1159	-1	2
JAMOVR010000321	1171	2919	-1	3
JAMOVR010000321	3487	4068	1	4
JAMOVR010000321	4279	4542	1	5
JAMOVR010000321	4524	5162	1	6
JAMOVR010000321	5517	6104	1	7
JAMOVR010000321	6500	8032	1	8
JAMOVR010000321	8289	8816	-1	9
JAMOVR010000321	8877	9887	-1	10
JAMOVR010000321	10221	10970	1	11
JAMOVR010000321	11024	11488	1	12
JAMOVR010000321	11532	11834	-1	13
JAMOVR010000321	11993	12187	1	14
JAMOVR010000321	12237	12398	1	15
JAMOVR010000321	12673	13815	-1	16
JAMOVR010000321	13790	14746	-1	17
JAMOVR010000321	14791	15117	1	18
JAMOVR010000321	15124	15789	1	19
JAMOVR010000321	15830	16108	-1	20
JAMOVR010000321	16059	16436	-1	21
JAMOVR010000321	16429	17136	-1	22
JAMOVR010000321	17387	17776	-1	23
JAMOVR010000321	17951	18418	-1	24
JAMOVR010000321	18819	20648	-1	25
JAMOVR010000321	20654	22351	-1	26
JAMOVR010000321	22459	22662	-1	27
JAMOVR010000321	23094	23492	1	28
JAMOVR010000321	23461	23730	-1	29
JAMOVR010000322	270	974	1	1
JAMOVR010000322	985	1581	1	2
JAMOVR010000322	1609	2310	1	3
JAMOVR010000322	2330	2794	1	4
JAMOVR010000322	2931	3641	1	5
JAMOVR010000322	3684	5561	1	6
JAMOVR010000323	171	1184	-1	1
JAMOVR010000323	1244	2119	-1	2
JAMOVR010000323	2401	3690	-1	3
JAMOVR010000323	4443	4856	1	4
JAMOVR010000323	4941	6317	1	5
JAMOVR010000323	6330	8312	1	6
JAMOVR010000323	8439	8759	1	7
JAMOVR010000323	8787	9644	-1	8
JAMOVR010000323	9619	9816	-1	9
JAMOVR010000323	9922	11058	-1	10
JAMOVR010000323	11128	11430	-1	11
JAMOVR010000323	11617	12672	1	12
JAMOVR010000323	12850	13992	1	13
JAMOVR010000323	14040	15185	-1	14
JAMOVR010000323	15226	15891	-1	15
JAMOVR010000323	15931	16398	1	16
JAMOVR010000323	16661	17059	1	17
JAMOVR010000323	17330	17749	1	18
JAMOVR010000323	17773	18648	-1	19
JAMOVR010000323	18746	19792	-1	20
JAMOVR010000323	19919	20812	1	21
JAMOVR010000323	20989	21597	1	22
JAMOVR010000323	21634	23130	1	23
JAMOVR010000324	3	800	1	1
JAMOVR010000324	917	2488	-1	2
JAMOVR010000324	2520	4352	-1	3
JAMOVR010000324	4342	4611	-1	4
JAMOVR010000324	5115	5255	1	5
JAMOVR010000324	5186	5401	-1	6
JAMOVR010000325	2	475	-1	1
JAMOVR010000325	475	1401	-1	2
JAMOVR010000325	1398	1853	-1	3
JAMOVR010000325	1793	2245	-1	4
JAMOVR010000325	2242	5388	-1	5
JAMOVR010000326	2	121	-1	1
JAMOVR010000326	264	1688	-1	2
JAMOVR010000326	1988	2722	1	3
JAMOVR010000326	2715	2984	1	4
JAMOVR010000326	3014	4153	1	5
JAMOVR010000326	4167	5087	1	6
JAMOVR010000327	2	175	-1	1
JAMOVR010000327	187	843	-1	2
JAMOVR010000327	1196	2971	-1	3
JAMOVR010000327	3146	4102	-1	4
JAMOVR010000327	4188	5159	-1	5
JAMOVR010000328	285	1967	1	1
JAMOVR010000328	2135	2425	1	2
JAMOVR010000328	3449	4312	1	3
JAMOVR010000328	4312	5226	1	4
JAMOVR010000328	5168	5347	1	5
JAMOVR010000329	3	1196	-1	1
JAMOVR010000329	1374	2003	1	2
JAMOVR010000329	2000	2914	1	3
JAMOVR010000329	2915	4357	-1	4
JAMOVR010000329	4377	4934	-1	5
JAMOVR010000329	4934	5344	-1	6
JAMOVR010000330	2	394	1	1
JAMOVR010000330	401	1057	1	2
JAMOVR010000330	1322	1723	-1	3
JAMOVR010000330	1736	2236	-1	4
JAMOVR010000330	2233	2622	-1	5
JAMOVR010000330	2668	3141	-1	6
JAMOVR010000330	3368	3952	1	7
JAMOVR010000330	4203	5321	1	8
JAMOVR010000331	65	1084	-1	1
JAMOVR010000331	1209	2447	-1	2
JAMOVR010000331	2469	2816	-1	3
JAMOVR010000331	2917	3528	-1	4
JAMOVR010000331	3684	4310	-1	5
JAMOVR010000331	4546	5277	-1	6
JAMOVR010000332	1	432	-1	1
JAMOVR010000332	704	2221	1	2
JAMOVR010000332	2261	3613	-1	3
JAMOVR010000332	4245	5276	1	4
JAMOVR010000333	3	584	1	1
JAMOVR010000333	600	1541	1	2
JAMOVR010000333	1657	3891	1	3
JAMOVR010000333	3901	4926	1	4
JAMOVR010000333	5423	5749	1	5
JAMOVR010000333	6089	7030	1	6
JAMOVR010000333	7165	7968	1	7
JAMOVR010000333	7937	8512	1	8
JAMOVR010000333	8702	9190	-1	9
JAMOVR010000333	9379	9756	1	10
JAMOVR010000333	9878	11404	1	11
JAMOVR010000333	11829	12818	1	12
JAMOVR010000333	13008	13757	1	13
JAMOVR010000333	14022	14861	1	14
JAMOVR010000333	14896	16482	1	15
JAMOVR010000333	16472	17917	1	16
JAMOVR010000333	18091	19722	1	17
JAMOVR010000333	19722	20843	1	18
JAMOVR010000333	21052	22149	1	19
JAMOVR010000334	1	93	-1	1
JAMOVR010000334	90	1835	-1	2
JAMOVR010000334	2343	3257	-1	3
JAMOVR010000334	3360	3893	1	4
JAMOVR010000334	4072	5835	1	5
JAMOVR010000334	5853	6233	-1	6
JAMOVR010000334	6391	7995	-1	7
JAMOVR010000334	8509	8874	-1	8
JAMOVR010000334	9092	11881	-1	9
JAMOVR010000334	12571	13875	-1	10
JAMOVR010000334	14047	16059	1	11
JAMOVR010000334	16059	17633	1	12
JAMOVR010000334	17832	18440	-1	13
JAMOVR010000334	18613	20802	-1	14
JAMOVR010000334	20900	21121	-1	15
JAMOVR010000335	3	752	1	1
JAMOVR010000335	1337	1903	1	2
JAMOVR010000335	1996	4155	-1	3
JAMOVR010000335	4213	4803	-1	4
JAMOVR010000336	2	109	-1	1
JAMOVR010000336	457	3231	1	2
JAMOVR010000336	3343	3552	1	3
JAMOVR010000336	3599	3805	1	4
JAMOVR010000336	3902	4216	-1	5
JAMOVR010000336	4307	4654	-1	6
JAMOVR010000336	4635	5027	-1	7
JAMOVR010000337	1	549	-1	1
JAMOVR010000337	546	1739	-1	2
JAMOVR010000337	1739	2434	-1	3
JAMOVR010000337	2656	3489	-1	4
JAMOVR010000337	3854	5122	-1	5
JAMOVR010000337	5212	5484	-1	6
JAMOVR010000337	5560	5946	-1	7
JAMOVR010000337	6384	6563	-1	8
JAMOVR010000337	6574	7029	-1	9
JAMOVR010000337	7356	8297	-1	10
JAMOVR010000337	8319	8570	-1	11
JAMOVR010000337	8745	9095	1	12
JAMOVR010000337	9671	10219	1	13
JAMOVR010000337	10226	11134	-1	14
JAMOVR010000337	11231	12829	-1	15
JAMOVR010000337	13092	14069	1	16
JAMOVR010000337	14168	15820	1	17
JAMOVR010000337	15925	16311	-1	18
JAMOVR010000337	16449	16673	1	19
JAMOVR010000337	16699	17550	-1	20
JAMOVR010000337	17639	19147	-1	21
JAMOVR010000337	19827	20405	1	22
JAMOVR010000337	20551	21444	-1	23
JAMOVR010000338	3	926	-1	1
JAMOVR010000338	923	2761	-1	2
JAMOVR010000338	2761	3663	-1	3
JAMOVR010000338	3687	5330	-1	4
JAMOVR010000338	5327	5980	-1	5
JAMOVR010000338	5977	8145	-1	6
JAMOVR010000338	8190	9167	-1	7
JAMOVR010000338	9206	10195	-1	8
JAMOVR010000338	10378	10908	-1	9
JAMOVR010000338	11000	12052	-1	10
JAMOVR010000338	12189	13721	-1	11
JAMOVR010000339	1	687	-1	1
JAMOVR010000339	865	1491	1	2
JAMOVR010000339	1586	2800	1	3
JAMOVR010000339	2845	3465	-1	4
JAMOVR010000339	3520	3951	-1	5
JAMOVR010000339	4024	5535	-1	6
JAMOVR010000339	5746	7713	-1	7
JAMOVR010000340	2	124	-1	1
JAMOVR010000340	283	771	-1	2
JAMOVR010000340	984	1763	-1	3
JAMOVR010000340	1871	2725	-1	4
JAMOVR010000340	2874	3449	-1	5
JAMOVR010000340	3545	4582	-1	6
JAMOVR010000340	4599	5165	-1	7
JAMOVR010000341	1	108	1	1
JAMOVR010000341	60	773	-1	2
JAMOVR010000341	877	1245	-1	3
JAMOVR010000341	1614	1772	1	4
JAMOVR010000341	1829	2665	1	5
JAMOVR010000341	2801	3640	1	6
JAMOVR010000341	3713	5146	1	7
JAMOVR010000342	76	2178	1	1
JAMOVR010000342	2171	2923	1	2
JAMOVR010000342	2958	4259	1	3
JAMOVR010000342	4892	5134	-1	4
JAMOVR010000343	1	708	-1	1
JAMOVR010000343	855	1217	-1	2
JAMOVR010000343	1799	2638	-1	3
JAMOVR010000343	2711	3112	-1	4
JAMOVR010000343	3645	5087	1	5
JAMOVR010000344	3	320	1	1
JAMOVR010000344	298	978	1	2
JAMOVR010000344	980	2230	1	3
JAMOVR010000344	2945	3787	1	4
JAMOVR010000344	3891	4673	1	5
JAMOVR010000344	4836	4955	1	6
JAMOVR010000345	2	265	1	1
JAMOVR010000345	284	1465	1	2
JAMOVR010000345	1472	2470	1	3
JAMOVR010000345	2470	3567	1	4
JAMOVR010000345	3560	5011	1	5
JAMOVR010000346	2	664	1	1
JAMOVR010000346	661	1266	-1	2
JAMOVR010000346	1684	3138	1	3
JAMOVR010000346	3203	4621	1	4
JAMOVR010000346	4571	4936	-1	5
JAMOVR010000347	2	1045	-1	1
JAMOVR010000347	1008	2399	-1	2
JAMOVR010000347	2433	4403	-1	3
JAMOVR010000347	4694	4930	1	4
JAMOVR010000348	2	187	1	1
JAMOVR010000348	184	372	1	2
JAMOVR010000348	480	782	1	3
JAMOVR010000348	775	1569	1	4
JAMOVR010000348	1655	2974	1	5
JAMOVR010000348	2888	3091	-1	6
JAMOVR010000348	3126	3548	1	7
JAMOVR010000348	3545	4468	1	8
JAMOVR010000348	4702	4917	1	9
JAMOVR010000349	3	704	-1	1
JAMOVR010000349	914	1399	-1	2
JAMOVR010000349	1721	2404	-1	3
JAMOVR010000349	2450	3463	-1	4
JAMOVR010000349	3742	4896	-1	5
JAMOVR010000350	3	848	-1	1
JAMOVR010000350	845	2221	-1	2
JAMOVR010000350	2205	3230	-1	3
JAMOVR010000350	3357	3524	-1	4
JAMOVR010000350	3514	3747	-1	5
JAMOVR010000350	3744	3929	-1	6
JAMOVR010000351	2	229	1	1
JAMOVR010000351	305	1699	1	2
JAMOVR010000351	1699	2442	1	3
JAMOVR010000351	2439	3968	1	4
JAMOVR010000351	4014	4109	1	5
JAMOVR010000351	4346	4657	1	6
JAMOVR010000352	368	1756	-1	1
JAMOVR010000352	1823	2689	-1	2
JAMOVR010000352	3351	3539	1	3
JAMOVR010000353	2	64	-1	1
JAMOVR010000353	57	560	-1	2
JAMOVR010000353	904	1719	1	3
JAMOVR010000353	1811	3088	-1	4
JAMOVR010000353	3226	4848	-1	5
JAMOVR010000354	243	3461	1	1
JAMOVR010000354	3800	4621	1	2
JAMOVR010000354	4807	5985	1	3
JAMOVR010000354	6178	7131	1	4
JAMOVR010000354	7198	7725	-1	5
JAMOVR010000354	7688	8752	-1	6
JAMOVR010000354	9089	9544	1	7
JAMOVR010000354	9854	11680	1	8
JAMOVR010000354	11823	12629	1	9
JAMOVR010000354	13112	14368	-1	10
JAMOVR010000354	14552	15295	1	11
JAMOVR010000354	15426	16292	1	12
JAMOVR010000354	16424	17158	1	13
JAMOVR010000354	17236	17679	-1	14
JAMOVR010000354	17846	18787	-1	15
JAMOVR010000354	19094	19414	-1	16
JAMOVR010000354	19695	19898	-1	17
JAMOVR010000355	546	1379	1	1
JAMOVR010000355	1379	2305	1	2
JAMOVR010000355	2302	4287	1	3
JAMOVR010000355	4363	4824	-1	4
JAMOVR010000356	3	278	1	1
JAMOVR010000356	350	940	1	2
JAMOVR010000356	956	1666	1	3
JAMOVR010000356	1683	4067	1	4
JAMOVR010000356	4226	4804	1	5
JAMOVR010000357	70	1308	-1	1
JAMOVR010000357	1305	2588	-1	2
JAMOVR010000357	2581	3705	-1	3
JAMOVR010000357	3702	4520	-1	4
JAMOVR010000357	4543	4803	-1	5
JAMOVR010000358	2	349	-1	1
JAMOVR010000358	791	2572	-1	2
JAMOVR010000358	2585	2764	-1	3
JAMOVR010000358	2779	3366	-1	4
JAMOVR010000358	3428	4585	-1	5
JAMOVR010000358	4598	4801	-1	6
JAMOVR010000359	1	1260	-1	1
JAMOVR010000359	1697	4750	1	2
JAMOVR010000360	355	1467	1	1
JAMOVR010000360	1689	2552	-1	2
JAMOVR010000360	2753	3079	1	3
JAMOVR010000360	3302	3607	1	4
JAMOVR010000360	3935	4777	-1	5
JAMOVR010000361	2	367	-1	1
JAMOVR010000361	440	1243	-1	2
JAMOVR010000361	1240	2058	-1	3
JAMOVR010000361	2086	3246	-1	4
JAMOVR010000361	3252	4529	-1	5
JAMOVR010000361	4539	4763	-1	6
JAMOVR010000362	76	2448	1	1
JAMOVR010000362	2538	3647	1	2
JAMOVR010000362	3669	4349	-1	3
JAMOVR010000362	4413	5630	-1	4
JAMOVR010000362	5632	6249	-1	5
JAMOVR010000362	6339	6842	-1	6
JAMOVR010000362	6842	7525	-1	7
JAMOVR010000362	7522	8802	-1	8
JAMOVR010000362	9387	10142	1	9
JAMOVR010000362	10173	11285	1	10
JAMOVR010000362	11301	11612	-1	11
JAMOVR010000362	11734	13554	-1	12
JAMOVR010000362	13731	14357	1	13
JAMOVR010000362	14378	14911	1	14
JAMOVR010000362	15082	16398	1	15
JAMOVR010000362	16787	18436	-1	16
JAMOVR010000362	18451	19104	-1	17
JAMOVR010000363	677	1012	1	1
JAMOVR010000363	1114	1557	-1	2
JAMOVR010000363	1663	4572	1	3
JAMOVR010000363	4928	7426	1	4
JAMOVR010000363	7380	8057	1	5
JAMOVR010000363	8479	9195	-1	6
JAMOVR010000363	9342	9719	1	7
JAMOVR010000363	10656	11846	1	8
JAMOVR010000363	11964	13610	1	9
JAMOVR010000363	13616	14413	1	10
JAMOVR010000363	15170	16108	-1	11
JAMOVR010000363	16119	16784	1	12
JAMOVR010000363	16800	17150	1	13
JAMOVR010000363	17240	18040	1	14
JAMOVR010000363	18255	18992	1	15
JAMOVR010000363	19185	19547	1	16
JAMOVR010000364	52	276	-1	1
JAMOVR010000364	228	701	-1	2
JAMOVR010000364	921	2072	1	3
JAMOVR010000364	2277	3239	1	4
JAMOVR010000364	3482	4621	1	5
JAMOVR010000364	4635	5159	1	6
JAMOVR010000364	5161	5478	1	7
JAMOVR010000364	5482	7590	1	8
JAMOVR010000364	7625	9160	1	9
JAMOVR010000364	9342	10835	1	10
JAMOVR010000364	11066	11683	1	11
JAMOVR010000364	11745	12650	-1	12
JAMOVR010000364	12592	13386	-1	13
JAMOVR010000364	13429	14265	-1	14
JAMOVR010000364	14361	15398	-1	15
JAMOVR010000364	15399	16019	-1	16
JAMOVR010000364	16146	16532	-1	17
JAMOVR010000364	16666	17259	-1	18
JAMOVR010000364	17331	17663	-1	19
JAMOVR010000364	18121	19272	1	20
JAMOVR010000365	3	242	1	1
JAMOVR010000365	207	371	-1	2
JAMOVR010000365	683	1009	1	3
JAMOVR010000365	1412	1687	-1	4
JAMOVR010000365	2348	2650	1	5
JAMOVR010000365	2748	4256	1	6
JAMOVR010000365	4553	4675	1	7
JAMOVR010000366	1	744	1	1
JAMOVR010000366	755	1297	1	2
JAMOVR010000366	1311	2570	-1	3
JAMOVR010000366	2647	4284	-1	4
JAMOVR010000366	4311	4928	-1	5
JAMOVR010000366	5455	5730	-1	6
JAMOVR010000366	6271	7533	1	7
JAMOVR010000366	7530	7784	-1	8
JAMOVR010000366	7917	8507	-1	9
JAMOVR010000366	8842	9603	-1	10
JAMOVR010000366	9767	11056	1	11
JAMOVR010000366	11143	11307	1	12
JAMOVR010000366	11376	11711	-1	13
JAMOVR010000366	12139	13545	-1	14
JAMOVR010000366	13793	18028	1	15
JAMOVR010000366	18106	18684	-1	16
JAMOVR010000367	118	516	-1	1
JAMOVR010000367	516	1700	-1	2
JAMOVR010000367	1738	3060	-1	3
JAMOVR010000367	3227	3976	-1	4
JAMOVR010000367	4459	4653	-1	5
JAMOVR010000368	187	333	1	1
JAMOVR010000368	850	2307	-1	2
JAMOVR010000368	2465	3370	-1	3
JAMOVR010000368	4149	4568	1	4
JAMOVR010000369	3	707	-1	1
JAMOVR010000369	1297	1866	-1	2
JAMOVR010000369	2044	3351	-1	3
JAMOVR010000369	3743	4546	1	4
JAMOVR010000369	4611	5876	1	5
JAMOVR010000369	6161	6982	-1	6
JAMOVR010000369	7350	7832	-1	7
JAMOVR010000369	7997	8473	1	8
JAMOVR010000369	8586	10868	1	9
JAMOVR010000369	10983	11408	1	10
JAMOVR010000369	11427	11639	1	11
JAMOVR010000369	11697	12377	1	12
JAMOVR010000369	12515	19012	1	13
JAMOVR010000370	65	1114	-1	1
JAMOVR010000370	1818	2582	-1	2
JAMOVR010000370	2793	3680	1	3
JAMOVR010000370	3687	4514	1	4
JAMOVR010000371	3	881	1	1
JAMOVR010000371	907	2727	1	2
JAMOVR010000371	2734	4002	1	3
JAMOVR010000371	4018	4605	1	4
JAMOVR010000372	98	1708	1	1
JAMOVR010000372	1863	3455	1	2
JAMOVR010000372	3550	4806	1	3
JAMOVR010000372	5120	5722	1	4
JAMOVR010000372	5719	6102	1	5
JAMOVR010000373	3	551	1	1
JAMOVR010000373	570	815	1	2
JAMOVR010000373	827	1960	1	3
JAMOVR010000373	1974	3395	1	4
JAMOVR010000373	3562	4866	1	5
JAMOVR010000373	4972	6213	1	6
JAMOVR010000373	6217	8145	1	7
JAMOVR010000373	8146	9264	1	8
JAMOVR010000373	9290	10828	1	9
JAMOVR010000373	10918	12597	1	10
JAMOVR010000374	1	123	-1	1
JAMOVR010000374	191	940	-1	2
JAMOVR010000374	1049	2107	-1	3
JAMOVR010000374	2110	3846	-1	4
JAMOVR010000374	3895	5160	-1	5
JAMOVR010000374	5222	6136	1	6
JAMOVR010000374	6141	6632	-1	7
JAMOVR010000374	6906	7355	-1	8
JAMOVR010000374	7647	8387	1	9
JAMOVR010000374	8557	8886	1	10
JAMOVR010000374	8895	9119	-1	11
JAMOVR010000374	9211	9945	1	12
JAMOVR010000374	9908	10597	1	13
JAMOVR010000374	10694	11515	1	14
JAMOVR010000374	11566	12558	-1	15
JAMOVR010000374	12625	13044	1	16
JAMOVR010000374	13098	13730	1	17
JAMOVR010000374	13835	14692	-1	18
JAMOVR010000374	14830	16596	-1	19
JAMOVR010000374	16702	18474	-1	20
JAMOVR010000375	2	1072	-1	1
JAMOVR010000375	1745	1975	1	2
JAMOVR010000375	2385	2744	1	3
JAMOVR010000375	2921	3952	-1	4
JAMOVR010000375	4178	4903	1	5
JAMOVR010000375	5063	6079	1	6
JAMOVR010000375	6337	6456	-1	7
JAMOVR010000375	6747	8531	-1	8
JAMOVR010000375	8698	9513	1	9
JAMOVR010000375	9766	10089	1	10
JAMOVR010000375	10208	11491	1	11
JAMOVR010000375	11559	12002	1	12
JAMOVR010000375	12252	14186	1	13
JAMOVR010000375	14434	14826	1	14
JAMOVR010000375	14919	16271	-1	15
JAMOVR010000375	16449	18413	-1	16
JAMOVR010000376	513	899	1	1
JAMOVR010000376	931	1299	1	2
JAMOVR010000376	1319	1840	1	3
JAMOVR010000376	2028	2459	-1	4
JAMOVR010000376	2496	3449	-1	5
JAMOVR010000376	3654	3926	-1	6
JAMOVR010000376	3937	4140	-1	7
JAMOVR010000376	4282	4446	-1	8
JAMOVR010000377	1	2241	1	1
JAMOVR010000377	2557	3336	-1	2
JAMOVR010000377	3437	4462	-1	3
