Contig	Start	End	Strand	Pos
JAHWIN010000001	3	260	-1	1
JAHWIN010000001	262	804	-1	2
JAHWIN010000001	752	2467	-1	3
JAHWIN010000001	2464	4011	-1	4
JAHWIN010000001	4334	5281	1	5
JAHWIN010000001	5305	6525	-1	6
JAHWIN010000001	6522	7745	-1	7
JAHWIN010000001	7755	9083	-1	8
JAHWIN010000001	9118	9813	-1	9
JAHWIN010000001	9810	10289	-1	10
JAHWIN010000001	10467	10982	1	11
JAHWIN010000001	10979	11722	1	12
JAHWIN010000001	11722	12312	1	13
JAHWIN010000001	12365	12733	-1	14
JAHWIN010000001	12800	13546	1	15
JAHWIN010000001	13639	14469	1	16
JAHWIN010000001	14604	15032	1	17
JAHWIN010000001	15034	15597	1	18
JAHWIN010000001	15680	16429	1	19
JAHWIN010000001	16694	17581	-1	20
JAHWIN010000001	18314	18820	1	21
JAHWIN010000001	18851	19204	1	22
JAHWIN010000001	19208	19735	1	23
JAHWIN010000001	19827	22031	1	24
JAHWIN010000001	22028	23626	1	25
JAHWIN010000001	23771	24208	-1	26
JAHWIN010000001	24334	25494	1	27
JAHWIN010000001	25516	26334	1	28
JAHWIN010000001	26321	27112	1	29
JAHWIN010000001	27099	27488	-1	30
JAHWIN010000001	27512	27784	-1	31
JAHWIN010000001	27781	28461	-1	32
JAHWIN010000001	28668	28874	-1	33
JAHWIN010000001	28920	29552	1	34
JAHWIN010000001	29795	30358	1	35
JAHWIN010000001	30355	30741	1	36
JAHWIN010000001	30837	31073	1	37
JAHWIN010000001	31129	32067	1	38
JAHWIN010000001	32148	32447	1	39
JAHWIN010000001	32444	33595	1	40
JAHWIN010000001	33637	34017	1	41
JAHWIN010000001	34063	35307	-1	42
JAHWIN010000001	35325	36428	-1	43
JAHWIN010000001	36403	37812	-1	44
JAHWIN010000001	37888	38373	1	45
JAHWIN010000001	38381	38779	1	46
JAHWIN010000001	38866	39630	1	47
JAHWIN010000001	39667	40089	1	48
JAHWIN010000001	40086	40559	1	49
JAHWIN010000001	40636	40917	1	50
JAHWIN010000001	40931	41986	-1	51
JAHWIN010000001	42026	42661	-1	52
JAHWIN010000001	42723	43250	-1	53
JAHWIN010000001	43302	43940	-1	54
JAHWIN010000001	44084	44368	1	55
JAHWIN010000001	44370	44921	1	56
JAHWIN010000001	44939	46279	1	57
JAHWIN010000001	46361	47266	1	58
JAHWIN010000001	47259	47624	1	59
JAHWIN010000001	47654	48244	1	60
JAHWIN010000001	48237	49667	1	61
JAHWIN010000001	49672	50883	-1	62
JAHWIN010000001	50893	52416	-1	63
JAHWIN010000001	52578	53075	1	64
JAHWIN010000001	53063	54043	1	65
JAHWIN010000001	54186	54824	1	66
JAHWIN010000001	54884	55267	1	67
JAHWIN010000001	55274	55678	1	68
JAHWIN010000001	55707	56117	1	69
JAHWIN010000002	1	75	1	1
JAHWIN010000002	72	680	1	2
JAHWIN010000002	668	1429	1	3
JAHWIN010000002	1443	1874	1	4
JAHWIN010000002	1947	3479	1	5
JAHWIN010000002	3643	4917	1	6
JAHWIN010000002	5111	5944	1	7
JAHWIN010000002	5946	6701	1	8
JAHWIN010000002	6698	7468	1	9
JAHWIN010000002	7506	7904	1	10
JAHWIN010000002	8032	9048	1	11
JAHWIN010000002	9066	9734	-1	12
JAHWIN010000002	9731	10615	-1	13
JAHWIN010000002	10596	10862	-1	14
JAHWIN010000002	10919	11623	1	15
JAHWIN010000002	11631	12137	1	16
JAHWIN010000002	12225	13334	-1	17
JAHWIN010000002	13336	13878	-1	18
JAHWIN010000002	13907	15823	-1	19
JAHWIN010000002	15921	16280	-1	20
JAHWIN010000002	16273	16722	-1	21
JAHWIN010000002	16719	17144	-1	22
JAHWIN010000002	17284	17799	-1	23
JAHWIN010000002	17796	18245	-1	24
JAHWIN010000002	18551	18961	1	25
JAHWIN010000002	18958	20484	1	26
JAHWIN010000002	20492	20998	-1	27
JAHWIN010000002	21364	21990	-1	28
JAHWIN010000003	3	602	1	1
JAHWIN010000003	856	3414	1	2
JAHWIN010000003	3556	4926	-1	3
JAHWIN010000003	5198	6643	-1	4
JAHWIN010000003	6765	7181	1	5
JAHWIN010000003	7170	7919	-1	6
JAHWIN010000003	7921	9156	-1	7
JAHWIN010000003	9313	10452	1	8
JAHWIN010000004	2	286	1	1
JAHWIN010000004	349	582	1	2
JAHWIN010000004	582	1154	1	3
JAHWIN010000004	1192	1326	-1	4
JAHWIN010000004	1355	1960	1	5
JAHWIN010000004	1957	2475	1	6
JAHWIN010000004	2877	3086	-1	7
JAHWIN010000004	3106	3696	-1	8
JAHWIN010000004	3774	4640	-1	9
JAHWIN010000004	5285	6790	-1	10
JAHWIN010000004	6901	7260	1	11
JAHWIN010000004	7314	7571	-1	12
JAHWIN010000004	7568	8863	-1	13
JAHWIN010000004	8884	10095	-1	14
JAHWIN010000004	10092	12068	-1	15
JAHWIN010000004	12183	12299	-1	16
JAHWIN010000004	12287	12844	-1	17
JAHWIN010000004	13030	13614	-1	18
JAHWIN010000004	13886	14233	-1	19
JAHWIN010000004	14235	15470	-1	20
JAHWIN010000004	15727	17085	-1	21
JAHWIN010000004	17217	17483	1	22
JAHWIN010000004	17477	17719	1	23
JAHWIN010000004	17814	19676	-1	24
JAHWIN010000004	19889	20101	-1	25
JAHWIN010000004	20159	20974	-1	26
JAHWIN010000004	21225	21434	1	27
JAHWIN010000004	21436	23277	1	28
JAHWIN010000004	23274	25730	1	29
JAHWIN010000004	25768	26256	1	30
JAHWIN010000004	26257	27048	1	31
JAHWIN010000004	27173	28111	1	32
JAHWIN010000004	28108	28956	1	33
JAHWIN010000004	28963	29913	-1	34
JAHWIN010000004	30146	30328	1	35
JAHWIN010000004	30335	31597	1	36
JAHWIN010000004	31617	32105	1	37
JAHWIN010000004	32107	32592	1	38
JAHWIN010000004	32640	33929	1	39
JAHWIN010000005	1	381	1	1
JAHWIN010000005	374	2614	-1	2
JAHWIN010000006	2	1327	-1	1
JAHWIN010000006	1401	1856	1	2
JAHWIN010000006	1848	2384	-1	3
JAHWIN010000006	2384	3148	-1	4
JAHWIN010000006	3197	4261	-1	5
JAHWIN010000006	4263	4466	-1	6
JAHWIN010000006	4575	4889	-1	7
JAHWIN010000006	4959	5906	1	8
JAHWIN010000006	5903	6601	1	9
JAHWIN010000006	6591	6893	-1	10
JAHWIN010000006	6964	7869	1	11
JAHWIN010000006	8179	11649	1	12
JAHWIN010000006	11675	12181	-1	13
JAHWIN010000006	12162	12755	-1	14
JAHWIN010000006	12948	13553	1	15
JAHWIN010000006	13781	15769	-1	16
JAHWIN010000006	15942	16892	-1	17
JAHWIN010000006	16911	17060	-1	18
JAHWIN010000006	17076	17204	-1	19
JAHWIN010000006	17277	17588	-1	20
JAHWIN010000006	17719	17916	1	21
JAHWIN010000006	17934	18569	-1	22
JAHWIN010000006	18680	21079	1	23
JAHWIN010000006	21292	21852	1	24
JAHWIN010000006	21924	22553	1	25
JAHWIN010000006	22550	22852	1	26
JAHWIN010000006	22916	23869	1	27
JAHWIN010000006	23866	24153	-1	28
JAHWIN010000006	24225	25142	-1	29
JAHWIN010000006	25173	27497	-1	30
JAHWIN010000006	27669	28460	1	31
JAHWIN010000006	28567	30495	1	32
JAHWIN010000006	30659	31756	1	33
JAHWIN010000006	31957	32859	-1	34
JAHWIN010000007	2	241	-1	1
JAHWIN010000007	246	923	-1	2
JAHWIN010000007	920	1801	-1	3
JAHWIN010000007	1798	3021	-1	4
JAHWIN010000007	3099	3851	-1	5
JAHWIN010000007	3925	4962	-1	6
JAHWIN010000007	4959	6002	-1	7
JAHWIN010000007	6261	7028	1	8
JAHWIN010000007	7119	7964	1	9
JAHWIN010000007	7920	8204	-1	10
JAHWIN010000007	8330	8587	-1	11
JAHWIN010000007	8588	8806	-1	12
JAHWIN010000007	8885	9226	-1	13
JAHWIN010000007	9259	9660	-1	14
JAHWIN010000007	9657	10073	-1	15
JAHWIN010000007	10192	10557	-1	16
JAHWIN010000007	10703	11515	-1	17
JAHWIN010000007	11512	11910	-1	18
JAHWIN010000007	11907	12608	-1	19
JAHWIN010000007	12661	13149	-1	20
JAHWIN010000007	13319	14407	-1	21
JAHWIN010000007	14531	15607	-1	22
JAHWIN010000007	15765	15875	1	23
JAHWIN010000007	15857	16738	1	24
JAHWIN010000007	16716	17375	1	25
JAHWIN010000007	17370	17978	-1	26
JAHWIN010000007	18075	18263	-1	27
JAHWIN010000007	18381	18623	-1	28
JAHWIN010000007	18640	18879	-1	29
JAHWIN010000007	19160	19402	1	30
JAHWIN010000007	19452	21344	-1	31
JAHWIN010000007	21384	22028	-1	32
JAHWIN010000007	22279	24348	1	33
JAHWIN010000007	24503	24700	1	34
JAHWIN010000007	24703	25029	1	35
JAHWIN010000007	25424	25576	1	36
JAHWIN010000007	25566	28814	1	37
JAHWIN010000007	28833	29381	1	38
JAHWIN010000007	29378	30181	1	39
JAHWIN010000007	30171	32951	1	40
JAHWIN010000008	3	971	1	1
JAHWIN010000008	985	2325	-1	2
JAHWIN010000008	2430	3539	-1	3
JAHWIN010000008	3844	5718	-1	4
JAHWIN010000008	5785	6333	-1	5
JAHWIN010000008	6341	7630	-1	6
JAHWIN010000008	7618	8115	-1	7
JAHWIN010000008	8171	8512	-1	8
JAHWIN010000008	8509	9210	-1	9
JAHWIN010000008	9349	9426	1	10
JAHWIN010000009	3	74	-1	1
JAHWIN010000009	188	817	1	2
JAHWIN010000009	839	2032	1	3
JAHWIN010000009	2248	5493	-1	4
JAHWIN010000009	5490	5630	-1	5
JAHWIN010000009	5942	6727	1	6
JAHWIN010000009	6772	7275	-1	7
JAHWIN010000009	7277	7636	-1	8
JAHWIN010000009	7652	9298	-1	9
JAHWIN010000009	9355	10977	1	10
JAHWIN010000010	1	924	1	1
JAHWIN010000010	1135	1959	1	2
JAHWIN010000010	2181	2588	-1	3
JAHWIN010000010	2732	2989	1	4
JAHWIN010000010	3060	4274	-1	5
JAHWIN010000011	2	322	1	1
JAHWIN010000011	337	834	1	2
JAHWIN010000011	916	1395	1	3
JAHWIN010000011	1396	2805	-1	4
JAHWIN010000011	2762	3469	-1	5
JAHWIN010000011	3472	4725	-1	6
JAHWIN010000011	4854	5630	-1	7
JAHWIN010000011	5627	6325	-1	8
JAHWIN010000011	6408	7112	1	9
JAHWIN010000011	7255	8811	1	10
JAHWIN010000011	8813	9202	1	11
JAHWIN010000011	9264	9407	-1	12
JAHWIN010000011	9404	9643	-1	13
JAHWIN010000011	9770	10195	1	14
JAHWIN010000011	10269	10943	-1	15
JAHWIN010000011	10936	12819	-1	16
JAHWIN010000011	13053	13235	1	17
JAHWIN010000011	13331	14485	1	18
JAHWIN010000011	14556	15350	1	19
JAHWIN010000011	15350	16522	1	20
JAHWIN010000011	16734	17387	1	21
JAHWIN010000011	17389	18021	1	22
JAHWIN010000011	18023	18997	1	23
JAHWIN010000011	19013	19615	-1	24
JAHWIN010000011	20030	20560	-1	25
JAHWIN010000011	20636	20968	-1	26
JAHWIN010000011	21137	22195	-1	27
JAHWIN010000011	22203	22523	-1	28
JAHWIN010000011	22795	23418	-1	29
JAHWIN010000011	23552	24010	-1	30
JAHWIN010000011	24013	25188	-1	31
JAHWIN010000011	25331	26662	-1	32
JAHWIN010000011	26659	27246	-1	33
JAHWIN010000011	27239	27715	-1	34
JAHWIN010000011	27712	28740	-1	35
JAHWIN010000011	28742	29539	-1	36
JAHWIN010000011	29568	29885	-1	37
JAHWIN010000011	29935	31347	-1	38
JAHWIN010000011	31448	31600	-1	39
JAHWIN010000011	31600	32619	-1	40
JAHWIN010000011	32600	32743	-1	41
JAHWIN010000011	32929	33708	1	42
JAHWIN010000011	33715	34032	1	43
JAHWIN010000011	34035	34292	-1	44
JAHWIN010000011	34322	34717	-1	45
JAHWIN010000011	34819	35313	-1	46
JAHWIN010000011	35413	35892	-1	47
JAHWIN010000011	35898	36944	-1	48
JAHWIN010000011	37109	37621	-1	49
JAHWIN010000011	37680	37949	-1	50
JAHWIN010000011	37965	38711	-1	51
JAHWIN010000011	38736	40142	-1	52
JAHWIN010000011	40144	40596	-1	53
JAHWIN010000011	40597	41028	-1	54
JAHWIN010000011	41000	41821	-1	55
JAHWIN010000011	41823	42305	-1	56
JAHWIN010000011	42302	42745	-1	57
JAHWIN010000011	42763	43335	-1	58
JAHWIN010000011	43364	43924	-1	59
JAHWIN010000011	43971	44360	-1	60
JAHWIN010000011	44370	44600	-1	61
JAHWIN010000011	44603	45112	-1	62
JAHWIN010000011	45114	45806	-1	63
JAHWIN010000011	45803	46222	-1	64
JAHWIN010000011	46222	46623	-1	65
JAHWIN010000011	46595	47041	-1	66
JAHWIN010000011	47056	47364	-1	67
JAHWIN010000011	47361	47570	-1	68
JAHWIN010000011	47539	48306	-1	69
JAHWIN010000011	48303	48839	-1	70
JAHWIN010000011	48844	49227	-1	71
JAHWIN010000011	49252	49968	-1	72
JAHWIN010000011	50003	50263	-1	73
JAHWIN010000011	50265	51071	-1	74
JAHWIN010000011	51091	52053	-1	75
JAHWIN010000011	52234	52335	-1	76
JAHWIN010000011	52332	53984	-1	77
JAHWIN010000011	54017	54436	1	78
JAHWIN010000011	54580	55437	1	79
JAHWIN010000011	55574	57817	-1	80
JAHWIN010000011	57822	60038	-1	81
JAHWIN010000011	60100	60657	-1	82
JAHWIN010000011	60747	61076	-1	83
JAHWIN010000011	61080	61847	-1	84
JAHWIN010000011	61870	62601	-1	85
JAHWIN010000011	62731	63009	1	86
JAHWIN010000011	63336	63917	1	87
JAHWIN010000011	64028	64492	-1	88
JAHWIN010000012	3	581	-1	1
JAHWIN010000012	589	1065	-1	2
JAHWIN010000012	1072	2328	-1	3
JAHWIN010000012	2417	3601	1	4
JAHWIN010000012	3598	4383	1	5
JAHWIN010000012	4399	4779	1	6
JAHWIN010000012	4876	5454	1	7
JAHWIN010000012	5479	5664	1	8
JAHWIN010000012	5670	6005	1	9
JAHWIN010000012	6020	6226	1	10
JAHWIN010000012	6412	6837	-1	11
JAHWIN010000012	6974	8386	1	12
JAHWIN010000012	8433	9299	1	13
JAHWIN010000012	9348	9440	-1	14
JAHWIN010000013	292	1038	-1	1
JAHWIN010000013	1193	2353	1	2
JAHWIN010000013	2366	3331	1	3
JAHWIN010000013	3568	4983	1	4
JAHWIN010000013	4994	6145	1	5
JAHWIN010000013	6324	7673	-1	6
JAHWIN010000013	7645	8658	-1	7
JAHWIN010000013	8660	10084	-1	8
JAHWIN010000013	10302	11360	1	9
JAHWIN010000013	11357	12880	-1	10
JAHWIN010000013	13010	14473	-1	11
JAHWIN010000013	14495	15490	-1	12
JAHWIN010000013	15496	16602	-1	13
JAHWIN010000013	16722	16883	-1	14
JAHWIN010000013	16870	18018	-1	15
JAHWIN010000013	18005	19762	-1	16
JAHWIN010000013	19773	20024	-1	17
JAHWIN010000013	20021	20221	-1	18
JAHWIN010000013	20324	20956	-1	19
JAHWIN010000013	20940	21893	-1	20
JAHWIN010000013	21947	23794	1	21
JAHWIN010000013	23781	24878	-1	22
JAHWIN010000013	25069	26571	1	23
JAHWIN010000013	26688	27365	1	24
JAHWIN010000013	27374	28141	1	25
JAHWIN010000013	28190	29101	1	26
JAHWIN010000013	29077	29763	1	27
JAHWIN010000013	29739	30437	1	28
JAHWIN010000013	30434	30907	1	29
JAHWIN010000013	30929	32452	1	30
JAHWIN010000013	32465	33478	1	31
JAHWIN010000013	33523	35010	1	32
JAHWIN010000013	35151	35771	1	33
JAHWIN010000013	35891	36856	1	34
JAHWIN010000013	36849	37826	1	35
JAHWIN010000013	37826	37918	1	36
JAHWIN010000013	37911	39062	-1	37
JAHWIN010000013	39105	40529	-1	38
JAHWIN010000013	40526	41575	-1	39
JAHWIN010000013	41670	41909	1	40
JAHWIN010000013	41906	42865	1	41
JAHWIN010000013	42852	43799	1	42
JAHWIN010000014	2	127	-1	1
JAHWIN010000014	130	576	-1	2
JAHWIN010000014	647	1054	1	3
JAHWIN010000014	1144	2079	-1	4
JAHWIN010000015	1	315	1	1
JAHWIN010000015	456	941	1	2
JAHWIN010000015	1150	1974	-1	3
JAHWIN010000015	2224	2421	1	4
JAHWIN010000015	2446	2736	-1	5
JAHWIN010000015	2763	3071	-1	6
JAHWIN010000015	3072	3221	-1	7
JAHWIN010000015	3257	3502	-1	8
JAHWIN010000015	3504	4025	-1	9
JAHWIN010000015	4057	4563	-1	10
JAHWIN010000015	4585	5007	-1	11
JAHWIN010000015	5029	5766	-1	12
JAHWIN010000015	5843	5947	-1	13
JAHWIN010000015	6282	8081	-1	14
JAHWIN010000015	8181	8960	-1	15
JAHWIN010000015	9195	9380	-1	16
JAHWIN010000015	9377	10591	-1	17
JAHWIN010000015	10591	11811	-1	18
JAHWIN010000015	12073	12837	-1	19
JAHWIN010000015	12983	14485	-1	20
JAHWIN010000015	14543	15187	-1	21
JAHWIN010000015	15187	15558	-1	22
JAHWIN010000015	15503	16237	-1	23
JAHWIN010000015	16390	17136	1	24
JAHWIN010000015	17152	17736	-1	25
JAHWIN010000015	17938	18615	1	26
JAHWIN010000015	18590	20140	-1	27
JAHWIN010000015	20280	21293	1	28
JAHWIN010000015	21400	21876	-1	29
JAHWIN010000015	22012	22254	1	30
JAHWIN010000015	22247	22513	1	31
JAHWIN010000015	22691	25288	1	32
JAHWIN010000015	25336	25794	-1	33
JAHWIN010000015	25979	26704	1	34
JAHWIN010000015	26701	27633	1	35
JAHWIN010000015	27642	28196	1	36
JAHWIN010000015	28275	28760	-1	37
JAHWIN010000015	29095	30120	1	38
JAHWIN010000015	30267	30836	1	39
JAHWIN010000015	30833	31138	1	40
JAHWIN010000015	31143	32300	1	41
JAHWIN010000015	32297	33220	1	42
JAHWIN010000015	33286	33912	-1	43
JAHWIN010000015	34053	34667	1	44
JAHWIN010000015	34719	35222	1	45
JAHWIN010000015	35390	36280	1	46
JAHWIN010000015	36286	36792	1	47
JAHWIN010000015	36794	37603	1	48
JAHWIN010000015	37596	37856	1	49
JAHWIN010000015	37938	38099	1	50
JAHWIN010000016	3	1655	-1	1
JAHWIN010000016	1776	2792	-1	2
JAHWIN010000016	2789	3373	-1	3
JAHWIN010000016	3466	3843	1	4
JAHWIN010000016	3912	4997	1	5
JAHWIN010000016	5105	7204	1	6
JAHWIN010000017	580	1275	1	1
JAHWIN010000017	1341	1808	-1	2
JAHWIN010000017	1805	3670	-1	3
JAHWIN010000017	3695	4024	1	4
JAHWIN010000017	4026	4589	1	5
JAHWIN010000017	4586	5152	-1	6
JAHWIN010000017	5183	6940	-1	7
JAHWIN010000017	7767	8576	1	8
JAHWIN010000017	8619	8951	1	9
JAHWIN010000017	9064	9615	1	10
JAHWIN010000017	9629	9727	1	11
JAHWIN010000017	9857	9997	1	12
JAHWIN010000018	1	528	1	1
JAHWIN010000018	530	1375	1	2
JAHWIN010000018	1358	1987	-1	3
JAHWIN010000018	1988	2116	-1	4
JAHWIN010000018	2175	2786	-1	5
JAHWIN010000018	3102	3818	-1	6
JAHWIN010000018	4239	4967	-1	7
JAHWIN010000018	5028	6896	1	8
JAHWIN010000018	6893	7750	1	9
JAHWIN010000018	7747	8814	1	10
JAHWIN010000018	8915	10081	1	11
JAHWIN010000018	10122	11291	1	12
JAHWIN010000018	11297	12100	1	13
JAHWIN010000018	12097	12927	1	14
JAHWIN010000018	12995	13705	-1	15
JAHWIN010000018	13784	14434	-1	16
JAHWIN010000018	14545	15486	-1	17
JAHWIN010000018	15521	16798	-1	18
JAHWIN010000018	16865	17515	-1	19
JAHWIN010000018	17496	18575	-1	20
JAHWIN010000018	18732	19052	1	21
JAHWIN010000018	19045	21015	1	22
JAHWIN010000018	21066	21548	1	23
JAHWIN010000018	21790	22329	1	24
JAHWIN010000018	22338	23573	1	25
JAHWIN010000018	23570	23848	1	26
JAHWIN010000018	23883	25655	1	27
JAHWIN010000018	25657	27156	1	28
JAHWIN010000018	27166	27774	1	29
JAHWIN010000018	27778	27918	1	30
JAHWIN010000018	28055	28480	1	31
JAHWIN010000018	28520	29071	-1	32
JAHWIN010000018	29061	29630	-1	33
JAHWIN010000019	2	3835	-1	1
JAHWIN010000019	4285	4590	1	2
JAHWIN010000019	4713	5012	1	3
JAHWIN010000019	5019	5321	1	4
JAHWIN010000019	5311	5565	-1	5
JAHWIN010000019	5568	5900	-1	6
JAHWIN010000019	5902	6039	-1	7
JAHWIN010000019	6032	6382	-1	8
JAHWIN010000019	6701	7798	1	9
JAHWIN010000019	7913	8587	1	10
JAHWIN010000019	8691	10094	1	11
JAHWIN010000019	10171	10908	-1	12
JAHWIN010000019	11137	11304	-1	13
JAHWIN010000019	11401	11832	-1	14
JAHWIN010000019	12029	12976	1	15
JAHWIN010000019	13003	13794	1	16
JAHWIN010000019	13985	16231	1	17
JAHWIN010000019	16247	18046	1	18
JAHWIN010000019	18220	19152	1	19
JAHWIN010000019	19167	19562	1	20
JAHWIN010000019	19545	20021	-1	21
JAHWIN010000019	20002	21762	-1	22
JAHWIN010000019	21870	22916	1	23
JAHWIN010000019	22928	23206	-1	24
JAHWIN010000019	23208	23384	-1	25
JAHWIN010000019	23495	24100	-1	26
JAHWIN010000019	24106	25437	-1	27
JAHWIN010000019	25575	26372	-1	28
JAHWIN010000019	26430	27314	-1	29
JAHWIN010000019	27348	27800	-1	30
JAHWIN010000019	27807	28724	-1	31
JAHWIN010000019	29092	30471	1	32
JAHWIN010000019	30468	31070	1	33
JAHWIN010000019	31132	31350	-1	34
JAHWIN010000019	31443	31829	-1	35
JAHWIN010000019	31904	32074	-1	36
JAHWIN010000019	32025	32459	-1	37
JAHWIN010000019	32605	33102	-1	38
JAHWIN010000019	33173	33598	1	39
JAHWIN010000019	33620	34537	1	40
JAHWIN010000019	34540	34707	-1	41
JAHWIN010000020	234	368	-1	1
JAHWIN010000020	465	1733	-1	2
JAHWIN010000020	1896	2039	1	3
JAHWIN010000020	2041	4326	1	4
JAHWIN010000020	4333	6513	1	5
JAHWIN010000020	6923	7339	-1	6
JAHWIN010000020	7365	8819	-1	7
JAHWIN010000020	8992	9855	1	8
JAHWIN010000020	9859	11124	-1	9
JAHWIN010000020	11423	13840	1	10
JAHWIN010000020	14024	14623	1	11
JAHWIN010000020	14620	15276	1	12
JAHWIN010000020	15284	15421	-1	13
JAHWIN010000020	15381	16229	-1	14
JAHWIN010000020	16315	17712	-1	15
JAHWIN010000020	17996	18220	-1	16
JAHWIN010000021	1	711	1	1
JAHWIN010000021	875	1033	1	2
JAHWIN010000021	1045	2268	1	3
JAHWIN010000021	2515	2811	-1	4
JAHWIN010000021	2943	3212	-1	5
JAHWIN010000021	3764	3961	1	6
JAHWIN010000021	4194	5069	-1	7
JAHWIN010000021	5359	5826	1	8
JAHWIN010000021	6049	6378	-1	9
JAHWIN010000021	6842	7384	-1	10
JAHWIN010000021	7523	8275	-1	11
JAHWIN010000021	8849	9550	1	12
JAHWIN010000021	9898	10164	1	13
JAHWIN010000021	10223	10843	1	14
JAHWIN010000021	11202	11768	1	15
JAHWIN010000021	11952	12440	-1	16
JAHWIN010000021	12415	12969	-1	17
JAHWIN010000021	13118	13900	1	18
JAHWIN010000021	14187	14642	1	19
JAHWIN010000021	14659	15777	1	20
JAHWIN010000021	15833	17539	1	21
JAHWIN010000021	17663	18940	-1	22
JAHWIN010000021	18953	19864	1	23
JAHWIN010000021	19883	20308	-1	24
JAHWIN010000021	20406	20969	1	25
JAHWIN010000021	20959	22323	1	26
JAHWIN010000021	22320	22877	1	27
JAHWIN010000021	22874	23692	1	28
JAHWIN010000021	23694	24518	1	29
JAHWIN010000021	24515	24871	1	30
JAHWIN010000021	24855	25346	1	31
JAHWIN010000021	25514	26344	-1	32
JAHWIN010000021	26454	27038	1	33
JAHWIN010000021	27169	28371	1	34
JAHWIN010000021	28359	29105	-1	35
JAHWIN010000021	29354	30244	1	36
JAHWIN010000021	30290	30544	1	37
JAHWIN010000021	30801	31025	1	38
JAHWIN010000021	30982	31503	1	39
JAHWIN010000021	31543	32280	-1	40
JAHWIN010000022	2	238	1	1
JAHWIN010000022	384	890	-1	2
JAHWIN010000022	887	1342	-1	3
JAHWIN010000022	1344	1850	-1	4
JAHWIN010000022	1885	2223	-1	5
JAHWIN010000022	2225	2398	-1	6
JAHWIN010000022	2967	4130	-1	7
JAHWIN010000022	4179	7160	-1	8
JAHWIN010000022	7269	8099	-1	9
JAHWIN010000022	8092	8796	-1	10
JAHWIN010000022	8793	9752	-1	11
JAHWIN010000022	9877	10017	-1	12
JAHWIN010000022	10001	11143	-1	13
JAHWIN010000022	11220	11810	-1	14
JAHWIN010000022	11875	12831	-1	15
JAHWIN010000022	12828	14615	-1	16
JAHWIN010000022	14627	15712	-1	17
JAHWIN010000022	16003	17214	1	18
JAHWIN010000022	17211	18299	-1	19
JAHWIN010000022	18301	19401	-1	20
JAHWIN010000022	19445	20299	1	21
JAHWIN010000022	20377	20640	1	22
JAHWIN010000022	20704	21684	1	23
JAHWIN010000022	21779	21895	-1	24
JAHWIN010000022	22721	24205	-1	25
JAHWIN010000022	24299	24850	-1	26
JAHWIN010000023	278	799	1	1
JAHWIN010000023	829	1620	1	2
JAHWIN010000023	1706	2704	-1	3
JAHWIN010000023	3306	4451	1	4
JAHWIN010000023	4553	6451	1	5
JAHWIN010000023	6553	7818	1	6
JAHWIN010000023	7830	8327	1	7
JAHWIN010000023	8329	8670	1	8
JAHWIN010000024	2	1711	1	1
JAHWIN010000024	1752	2951	-1	2
JAHWIN010000024	3347	3961	1	3
JAHWIN010000024	4107	4736	1	4
JAHWIN010000024	5016	5972	-1	5
JAHWIN010000024	5983	7068	-1	6
JAHWIN010000024	7138	8445	-1	7
JAHWIN010000024	8454	11075	-1	8
JAHWIN010000024	11238	11360	-1	9
JAHWIN010000025	1	2700	1	1
JAHWIN010000025	2749	3393	-1	2
JAHWIN010000025	3428	3994	-1	3
JAHWIN010000025	4093	4206	-1	4
JAHWIN010000025	4238	4360	-1	5
JAHWIN010000025	4379	4600	-1	6
JAHWIN010000025	4602	4724	-1	7
JAHWIN010000025	5076	5336	1	8
JAHWIN010000025	5445	6800	-1	9
JAHWIN010000025	7055	7561	1	10
JAHWIN010000026	273	1160	1	1
JAHWIN010000026	1223	1852	-1	2
JAHWIN010000026	1849	2415	-1	3
JAHWIN010000026	2447	3163	-1	4
JAHWIN010000026	3474	4826	-1	5
JAHWIN010000026	4936	6012	-1	6
JAHWIN010000026	6090	6992	1	7
JAHWIN010000026	7435	7968	-1	8
JAHWIN010000026	7969	9144	-1	9
JAHWIN010000026	9178	10635	-1	10
JAHWIN010000026	10652	11173	-1	11
JAHWIN010000026	11327	12355	-1	12
JAHWIN010000026	12408	13532	-1	13
JAHWIN010000026	13643	14701	-1	14
JAHWIN010000026	14847	15707	1	15
JAHWIN010000026	15726	16343	-1	16
JAHWIN010000026	16331	17326	-1	17
JAHWIN010000026	17418	18161	1	18
JAHWIN010000026	18406	18828	1	19
JAHWIN010000026	18830	19060	1	20
JAHWIN010000026	19057	20757	1	21
JAHWIN010000026	21055	21678	-1	22
JAHWIN010000026	21694	22692	-1	23
JAHWIN010000026	22806	23300	-1	24
JAHWIN010000026	23792	24013	1	25
JAHWIN010000026	24030	25448	-1	26
JAHWIN010000026	25696	26223	1	27
JAHWIN010000027	252	872	-1	1
JAHWIN010000027	1058	3034	1	2
JAHWIN010000027	3538	4104	1	3
JAHWIN010000027	4064	4558	1	4
JAHWIN010000028	3	560	-1	1
JAHWIN010000028	557	1546	-1	2
JAHWIN010000028	1701	2579	-1	3
JAHWIN010000028	2590	3297	-1	4
JAHWIN010000028	3392	4045	1	5
JAHWIN010000028	4154	5440	-1	6
JAHWIN010000028	5561	6349	1	7
JAHWIN010000028	6593	6994	1	8
JAHWIN010000028	6997	8706	1	9
JAHWIN010000028	8703	9638	1	10
JAHWIN010000028	9687	10688	1	11
JAHWIN010000028	10719	12596	-1	12
JAHWIN010000028	12642	12827	-1	13
JAHWIN010000028	12878	13657	-1	14
JAHWIN010000028	13791	14765	1	15
JAHWIN010000028	14879	15484	1	16
JAHWIN010000028	15490	16491	-1	17
JAHWIN010000028	16526	16741	-1	18
JAHWIN010000028	16894	18954	-1	19
JAHWIN010000028	19028	19117	-1	20
JAHWIN010000028	19155	19691	-1	21
JAHWIN010000028	19657	19830	-1	22
JAHWIN010000028	19838	20167	-1	23
JAHWIN010000028	20169	20492	-1	24
JAHWIN010000028	20967	21092	1	25
JAHWIN010000028	21467	21598	-1	26
JAHWIN010000029	3	446	1	1
JAHWIN010000029	518	1909	1	2
JAHWIN010000029	1936	2646	-1	3
JAHWIN010000029	2748	4067	1	4
JAHWIN010000029	4071	4361	1	5
JAHWIN010000030	488	1759	1	1
JAHWIN010000030	1841	3112	-1	2
JAHWIN010000030	3126	4370	-1	3
JAHWIN010000030	4530	5663	1	4
JAHWIN010000030	5745	7322	1	5
JAHWIN010000030	7372	8634	-1	6
JAHWIN010000030	8718	9419	1	7
JAHWIN010000030	9475	9885	-1	8
JAHWIN010000030	9900	10202	-1	9
JAHWIN010000030	10308	10601	1	10
JAHWIN010000030	10598	11335	-1	11
JAHWIN010000030	11519	12562	-1	12
JAHWIN010000030	12900	13433	-1	13
JAHWIN010000030	13545	14180	-1	14
JAHWIN010000030	14248	16005	1	15
JAHWIN010000030	16053	16679	1	16
JAHWIN010000030	16783	18126	1	17
JAHWIN010000030	18812	18988	-1	18
JAHWIN010000030	18985	19152	-1	19
JAHWIN010000030	19149	19331	-1	20
JAHWIN010000030	19336	19638	-1	21
JAHWIN010000030	19865	20368	-1	22
JAHWIN010000030	20615	21742	-1	23
JAHWIN010000030	21762	22586	-1	24
JAHWIN010000031	1	933	-1	1
JAHWIN010000031	1187	2209	1	2
JAHWIN010000031	2211	3530	1	3
JAHWIN010000031	3630	4571	1	4
JAHWIN010000031	4568	6100	-1	5
JAHWIN010000031	6205	6687	-1	6
JAHWIN010000031	7007	8443	1	7
JAHWIN010000031	8483	9592	-1	8
JAHWIN010000031	10031	11401	-1	9
JAHWIN010000031	11398	12765	-1	10
JAHWIN010000031	12731	13723	-1	11
JAHWIN010000031	13744	14763	-1	12
JAHWIN010000031	14772	15791	-1	13
JAHWIN010000031	15965	17056	-1	14
JAHWIN010000031	17241	17882	1	15
JAHWIN010000031	17784	18713	-1	16
JAHWIN010000031	18910	19860	1	17
JAHWIN010000031	19857	21368	1	18
JAHWIN010000031	21365	22357	-1	19
JAHWIN010000031	22354	23001	-1	20
JAHWIN010000031	23056	23613	-1	21
JAHWIN010000031	23780	25048	1	22
JAHWIN010000031	25248	25475	1	23
JAHWIN010000031	25515	26168	-1	24
JAHWIN010000031	26262	26684	-1	25
JAHWIN010000031	26895	28808	-1	26
JAHWIN010000031	29079	29351	-1	27
JAHWIN010000031	29495	30292	1	28
JAHWIN010000031	30394	31119	1	29
JAHWIN010000031	31161	31778	1	30
JAHWIN010000031	31768	31995	1	31
JAHWIN010000031	32060	32872	1	32
JAHWIN010000031	32967	33431	1	33
JAHWIN010000031	33543	33851	1	34
JAHWIN010000031	33905	34090	1	35
JAHWIN010000031	34094	34867	1	36
JAHWIN010000031	34864	35040	1	37
JAHWIN010000031	35037	35819	1	38
JAHWIN010000031	35996	36913	1	39
JAHWIN010000031	36926	40567	1	40
JAHWIN010000031	40736	41383	1	41
JAHWIN010000031	41368	43614	1	42
JAHWIN010000031	43616	44716	1	43
JAHWIN010000031	44771	44920	-1	44
JAHWIN010000031	44995	45933	-1	45
JAHWIN010000031	46137	46271	1	46
JAHWIN010000031	46276	46386	1	47
JAHWIN010000031	46470	47726	-1	48
JAHWIN010000031	47730	48254	-1	49
JAHWIN010000031	48407	48736	-1	50
JAHWIN010000031	48743	49507	-1	51
JAHWIN010000031	49532	50566	-1	52
JAHWIN010000031	50729	51277	1	53
JAHWIN010000031	51288	52364	-1	54
JAHWIN010000031	52404	52937	-1	55
JAHWIN010000031	53039	53698	-1	56
JAHWIN010000031	53698	53859	-1	57
JAHWIN010000031	53938	54183	1	58
JAHWIN010000031	54298	55494	-1	59
JAHWIN010000031	55518	58016	-1	60
JAHWIN010000031	58018	58353	-1	61
JAHWIN010000032	2	841	-1	1
JAHWIN010000032	954	1916	1	2
JAHWIN010000032	1920	3155	1	3
JAHWIN010000032	3344	4888	1	4
JAHWIN010000032	4881	5219	1	5
JAHWIN010000032	5209	5622	-1	6
JAHWIN010000032	5576	7180	-1	7
JAHWIN010000033	184	2085	1	1
JAHWIN010000033	2107	2649	-1	2
JAHWIN010000033	2646	3140	-1	3
JAHWIN010000033	3321	6461	-1	4
JAHWIN010000033	6535	6771	-1	5
JAHWIN010000034	337	1245	1	1
JAHWIN010000034	1359	2159	1	2
JAHWIN010000034	2249	3217	1	3
JAHWIN010000034	3275	4156	1	4
JAHWIN010000035	1	2103	1	1
JAHWIN010000035	2797	3906	1	2
JAHWIN010000035	3903	4124	1	3
JAHWIN010000035	4228	4851	1	4
JAHWIN010000035	4858	4980	-1	5
JAHWIN010000035	4996	5196	-1	6
JAHWIN010000035	5193	5477	-1	7
JAHWIN010000035	5525	7186	-1	8
JAHWIN010000035	7188	7427	-1	9
JAHWIN010000035	7427	8950	-1	10
JAHWIN010000035	8998	9807	-1	11
JAHWIN010000035	9804	10652	-1	12
JAHWIN010000035	10684	11838	-1	13
JAHWIN010000035	11891	13171	-1	14
JAHWIN010000035	13202	14635	-1	15
JAHWIN010000035	14688	15659	-1	16
JAHWIN010000035	15686	16474	-1	17
JAHWIN010000035	16506	17444	-1	18
JAHWIN010000035	17446	18303	-1	19
JAHWIN010000035	18692	19495	-1	20
JAHWIN010000035	19797	20861	-1	21
JAHWIN010000035	21043	22308	1	22
JAHWIN010000035	22358	25228	1	23
JAHWIN010000036	3	431	1	1
JAHWIN010000036	472	1644	1	2
JAHWIN010000036	1641	3524	1	3
JAHWIN010000036	3532	4065	1	4
JAHWIN010000036	4178	4339	1	5
JAHWIN010000036	4326	8942	1	6
JAHWIN010000036	9008	10477	-1	7
JAHWIN010000037	2	124	-1	1
JAHWIN010000037	121	1479	-1	2
JAHWIN010000037	1700	2503	-1	3
JAHWIN010000037	2572	3162	-1	4
JAHWIN010000038	2	304	-1	1
JAHWIN010000038	451	1785	1	2
JAHWIN010000038	1860	2597	1	3
JAHWIN010000038	2599	3537	1	4
JAHWIN010000038	3537	4487	1	5
JAHWIN010000039	3	1877	-1	1
JAHWIN010000039	2299	4221	-1	2
JAHWIN010000039	4236	4382	-1	3
JAHWIN010000039	4425	4799	-1	4
JAHWIN010000039	4947	5324	-1	5
JAHWIN010000039	6031	6735	-1	6
JAHWIN010000039	6932	8602	1	7
JAHWIN010000039	8633	9343	1	8
JAHWIN010000039	9300	10541	-1	9
JAHWIN010000039	10570	11292	-1	10
JAHWIN010000039	11304	11600	-1	11
JAHWIN010000039	11697	11999	-1	12
JAHWIN010000040	1	384	1	1
JAHWIN010000040	408	1745	-1	2
JAHWIN010000041	2	1714	-1	1
JAHWIN010000041	1951	2817	1	2
JAHWIN010000041	3269	3580	1	3
JAHWIN010000041	3577	4092	1	4
JAHWIN010000041	4199	4522	1	5
JAHWIN010000041	4525	4851	1	6
JAHWIN010000041	4848	5060	1	7
JAHWIN010000041	5177	5635	-1	8
JAHWIN010000041	5921	6016	1	9
JAHWIN010000041	6046	6546	-1	10
JAHWIN010000041	6699	7904	-1	11
JAHWIN010000041	8052	8594	1	12
JAHWIN010000041	8700	11147	1	13
JAHWIN010000041	11381	13339	1	14
JAHWIN010000041	13358	14227	1	15
JAHWIN010000041	14249	16081	1	16
JAHWIN010000041	16115	16663	-1	17
JAHWIN010000041	16758	16877	-1	18
JAHWIN010000041	17236	17625	-1	19
JAHWIN010000041	17731	17826	1	20
JAHWIN010000042	70	642	-1	1
JAHWIN010000042	668	880	-1	2
JAHWIN010000042	894	1412	-1	3
JAHWIN010000042	1426	1908	-1	4
JAHWIN010000042	2102	3097	1	5
JAHWIN010000042	3090	3530	1	6
JAHWIN010000042	3532	4821	1	7
JAHWIN010000042	4846	5508	-1	8
JAHWIN010000042	5542	7182	-1	9
JAHWIN010000043	1	924	1	1
JAHWIN010000043	927	1952	-1	2
JAHWIN010000043	1965	2390	-1	3
JAHWIN010000043	2387	2935	-1	4
JAHWIN010000043	3291	4946	-1	5
JAHWIN010000044	2	1000	-1	1
JAHWIN010000044	1347	1682	1	2
JAHWIN010000044	2052	4205	-1	3
JAHWIN010000044	4347	5666	-1	4
JAHWIN010000044	5818	7122	-1	5
JAHWIN010000045	1	84	-1	1
JAHWIN010000045	544	798	1	2
JAHWIN010000045	847	1791	-1	3
JAHWIN010000045	1811	2683	-1	4
JAHWIN010000045	2920	5238	-1	5
JAHWIN010000046	288	1076	-1	1
JAHWIN010000046	1125	3008	-1	2
JAHWIN010000046	3159	3509	-1	3
JAHWIN010000046	3522	4451	-1	4
JAHWIN010000046	4551	5291	-1	5
JAHWIN010000046	5393	7165	-1	6
JAHWIN010000046	7908	9401	-1	7
JAHWIN010000046	9391	10431	-1	8
JAHWIN010000047	2	1387	1	1
JAHWIN010000047	1408	2058	1	2
JAHWIN010000047	2051	2494	1	3
JAHWIN010000047	2491	4371	1	4
JAHWIN010000048	319	681	-1	1
JAHWIN010000048	719	1132	-1	2
JAHWIN010000048	1149	1652	-1	3
JAHWIN010000048	1653	2102	-1	4
JAHWIN010000048	2141	2785	-1	5
JAHWIN010000048	3036	4235	1	6
JAHWIN010000048	4232	5212	1	7
JAHWIN010000048	5195	5488	-1	8
JAHWIN010000048	5543	6142	1	9
JAHWIN010000048	6221	6544	1	10
JAHWIN010000048	6554	7030	1	11
JAHWIN010000048	7244	9223	1	12
JAHWIN010000048	9213	9755	-1	13
JAHWIN010000048	9914	10612	1	14
JAHWIN010000048	10621	11136	1	15
JAHWIN010000048	11133	11411	-1	16
JAHWIN010000048	11412	11921	-1	17
JAHWIN010000048	11918	12208	-1	18
JAHWIN010000048	12964	13593	-1	19
JAHWIN010000048	13711	14097	1	20
JAHWIN010000049	1	423	-1	1
JAHWIN010000049	420	899	-1	2
JAHWIN010000049	896	1252	-1	3
JAHWIN010000049	1249	2424	-1	4
JAHWIN010000049	2421	2966	-1	5
JAHWIN010000049	2988	3395	-1	6
JAHWIN010000049	4186	4959	-1	7
JAHWIN010000049	5203	5424	-1	8
JAHWIN010000049	5635	5853	-1	9
JAHWIN010000049	5907	7538	-1	10
JAHWIN010000049	7535	7987	-1	11
JAHWIN010000049	8045	8458	-1	12
JAHWIN010000049	8746	11295	-1	13
JAHWIN010000050	3	425	1	1
JAHWIN010000050	679	1695	-1	2
JAHWIN010000050	1679	2254	-1	3
JAHWIN010000050	2287	4809	-1	4
JAHWIN010000051	3	125	1	1
JAHWIN010000051	122	2248	1	2
JAHWIN010000051	2250	2357	1	3
JAHWIN010000052	1	126	1	1
JAHWIN010000052	210	818	-1	2
JAHWIN010000052	1202	1345	1	3
JAHWIN010000052	1347	4412	1	4
JAHWIN010000052	4716	5288	1	5
JAHWIN010000052	5506	6903	1	6
JAHWIN010000052	7146	7733	1	7
JAHWIN010000052	7770	9401	1	8
JAHWIN010000052	9358	10002	1	9
JAHWIN010000052	10009	10668	-1	10
JAHWIN010000052	10754	11986	1	11
JAHWIN010000052	12026	13861	-1	12
JAHWIN010000052	14059	15489	-1	13
JAHWIN010000052	15473	16810	-1	14
JAHWIN010000052	16851	17240	-1	15
JAHWIN010000052	17394	18785	-1	16
JAHWIN010000052	19006	19497	-1	17
JAHWIN010000052	19597	19884	1	18
JAHWIN010000052	19886	20221	1	19
JAHWIN010000052	20532	20891	1	20
JAHWIN010000052	21136	22014	-1	21
JAHWIN010000052	22004	22618	-1	22
JAHWIN010000053	260	904	1	1
JAHWIN010000053	901	1239	1	2
JAHWIN010000053	1561	1752	-1	3
JAHWIN010000053	1876	2628	1	4
JAHWIN010000053	2619	2825	1	5
JAHWIN010000053	2899	3522	-1	6
JAHWIN010000054	3	2822	-1	1
JAHWIN010000054	3117	3824	-1	2
JAHWIN010000054	4061	4444	-1	3
JAHWIN010000055	154	1434	1	1
JAHWIN010000055	1563	1880	1	2
JAHWIN010000055	2038	2907	1	3
JAHWIN010000055	3197	3346	1	4
JAHWIN010000055	3336	4130	1	5
JAHWIN010000055	4149	5813	1	6
JAHWIN010000055	5860	6171	1	7
JAHWIN010000056	57	983	-1	1
JAHWIN010000056	1238	1612	1	2
JAHWIN010000056	1631	3064	-1	3
JAHWIN010000056	3218	4099	-1	4
JAHWIN010000056	4244	4783	1	5
JAHWIN010000056	4858	5667	1	6
JAHWIN010000056	5670	6809	1	7
JAHWIN010000056	6811	6999	1	8
JAHWIN010000056	7032	7517	1	9
JAHWIN010000056	7555	8325	1	10
JAHWIN010000056	8545	8739	1	11
JAHWIN010000056	8745	11435	1	12
JAHWIN010000056	11432	12382	1	13
JAHWIN010000056	12471	12911	-1	14
JAHWIN010000056	12908	13477	-1	15
JAHWIN010000056	14205	15659	-1	16
JAHWIN010000056	15775	16437	1	17
JAHWIN010000056	16408	17031	-1	18
JAHWIN010000057	2	319	1	1
JAHWIN010000057	316	4275	1	2
JAHWIN010000057	4277	5293	1	3
JAHWIN010000057	5373	6353	1	4
JAHWIN010000057	6379	7266	1	5
JAHWIN010000057	7303	9516	-1	6
JAHWIN010000057	9551	10996	-1	7
JAHWIN010000057	11307	13130	-1	8
JAHWIN010000057	13168	14121	-1	9
JAHWIN010000057	14118	16082	-1	10
JAHWIN010000057	16526	17749	-1	11
JAHWIN010000057	17769	19070	-1	12
JAHWIN010000058	1	1722	1	1
JAHWIN010000058	1770	3746	1	2
JAHWIN010000058	3804	4655	1	3
JAHWIN010000058	4652	10459	1	4
JAHWIN010000059	156	605	-1	1
JAHWIN010000059	1163	2851	1	2
JAHWIN010000059	2879	3061	1	3
JAHWIN010000059	3058	3606	-1	4
JAHWIN010000059	3617	4276	-1	5
JAHWIN010000060	1510	1914	1	1
JAHWIN010000060	1970	2953	1	2
JAHWIN010000060	2954	3175	-1	3
JAHWIN010000060	3232	5094	-1	4
JAHWIN010000060	5306	6283	1	5
JAHWIN010000060	6584	6853	1	6
JAHWIN010000060	7004	7987	1	7
JAHWIN010000060	7992	8270	1	8
JAHWIN010000060	8302	8961	1	9
JAHWIN010000060	8958	9212	1	10
JAHWIN010000060	9243	10139	-1	11
JAHWIN010000060	10359	10679	-1	12
JAHWIN010000060	10709	12304	-1	13
JAHWIN010000060	12297	13034	-1	14
JAHWIN010000060	13191	14249	1	15
JAHWIN010000060	14268	14540	-1	16
JAHWIN010000060	14645	15280	1	17
JAHWIN010000060	15277	16614	1	18
JAHWIN010000060	16688	17428	1	19
JAHWIN010000060	17490	18551	1	20
JAHWIN010000060	18587	20419	-1	21
JAHWIN010000061	3	125	1	1
JAHWIN010000061	122	2242	1	2
JAHWIN010000061	2244	5423	1	3
JAHWIN010000061	5428	5508	1	4
JAHWIN010000062	1	891	1	1
JAHWIN010000062	919	1998	1	2
JAHWIN010000062	2025	5249	1	3
JAHWIN010000062	5281	5889	1	4
JAHWIN010000062	5929	6666	1	5
JAHWIN010000062	6695	6886	1	6
JAHWIN010000062	6825	7067	1	7
JAHWIN010000062	7070	7324	1	8
JAHWIN010000062	7481	9829	1	9
JAHWIN010000063	226	1608	1	1
JAHWIN010000063	1984	3294	1	2
JAHWIN010000063	3296	4213	1	3
JAHWIN010000063	4210	5802	1	4
JAHWIN010000063	5804	6454	1	5
JAHWIN010000063	6561	8873	-1	6
JAHWIN010000063	9218	10618	-1	7
JAHWIN010000063	10611	11093	-1	8
JAHWIN010000063	11078	11605	-1	9
JAHWIN010000063	11598	12533	-1	10
JAHWIN010000063	12523	13425	-1	11
JAHWIN010000063	13422	13790	-1	12
JAHWIN010000063	14019	14768	1	13
JAHWIN010000063	14809	15042	1	14
JAHWIN010000063	15051	16187	-1	15
JAHWIN010000063	16235	16570	-1	16
JAHWIN010000063	16567	17226	-1	17
JAHWIN010000063	17227	20832	-1	18
JAHWIN010000063	20895	21296	-1	19
JAHWIN010000063	21355	22434	-1	20
JAHWIN010000063	22560	24356	1	21
JAHWIN010000063	24358	26907	1	22
JAHWIN010000064	79	1722	1	1
JAHWIN010000064	1791	2885	1	2
JAHWIN010000064	2892	3281	1	3
JAHWIN010000064	3639	5471	1	4
JAHWIN010000064	5468	6844	1	5
JAHWIN010000064	6924	7142	1	6
JAHWIN010000064	7117	7509	1	7
JAHWIN010000064	7677	8204	1	8
JAHWIN010000064	8201	9073	1	9
JAHWIN010000065	2	538	1	1
JAHWIN010000065	601	1887	1	2
JAHWIN010000065	1922	2251	1	3
JAHWIN010000065	2259	3917	-1	4
JAHWIN010000065	4102	4950	-1	5
JAHWIN010000065	5000	6310	-1	6
JAHWIN010000065	6376	6906	-1	7
JAHWIN010000065	6940	8577	-1	8
JAHWIN010000065	8657	8848	-1	9
JAHWIN010000065	8853	9284	-1	10
JAHWIN010000065	9250	9735	-1	11
JAHWIN010000065	9952	10500	-1	12
JAHWIN010000065	10521	10694	-1	13
JAHWIN010000065	10702	11025	-1	14
JAHWIN010000065	11018	11719	-1	15
JAHWIN010000065	11799	12122	-1	16
JAHWIN010000065	12341	12799	1	17
JAHWIN010000065	12826	15285	1	18
JAHWIN010000065	15369	15812	1	19
JAHWIN010000066	101	1711	-1	1
JAHWIN010000066	1723	1995	-1	2
JAHWIN010000066	2207	2614	1	3
JAHWIN010000066	2682	3668	1	4
JAHWIN010000066	3704	4585	1	5
JAHWIN010000066	4585	5535	1	6
JAHWIN010000066	5532	7070	1	7
JAHWIN010000066	7327	8580	1	8
JAHWIN010000066	8596	9585	-1	9
JAHWIN010000066	9653	10960	1	10
JAHWIN010000066	10957	11934	1	11
JAHWIN010000066	11931	12602	1	12
JAHWIN010000066	12607	13245	1	13
JAHWIN010000066	13242	13820	1	14
JAHWIN010000066	13822	14631	1	15
JAHWIN010000066	14710	14832	-1	16
JAHWIN010000067	337	666	1	1
JAHWIN010000067	693	1187	-1	2
JAHWIN010000067	1190	1591	-1	3
JAHWIN010000067	1657	3042	-1	4
JAHWIN010000067	3160	4440	1	5
JAHWIN010000067	4453	5580	-1	6
JAHWIN010000067	5577	5939	-1	7
JAHWIN010000067	6356	6637	-1	8
JAHWIN010000067	6661	6906	-1	9
JAHWIN010000067	6922	7701	-1	10
JAHWIN010000067	7694	8413	-1	11
JAHWIN010000067	8426	9160	-1	12
JAHWIN010000067	9181	9915	-1	13
JAHWIN010000067	9885	10634	-1	14
JAHWIN010000067	10654	10962	-1	15
JAHWIN010000067	11151	11399	-1	16
JAHWIN010000067	11550	12077	-1	17
JAHWIN010000067	12092	12601	-1	18
JAHWIN010000067	12789	14165	-1	19
JAHWIN010000067	14367	14711	1	20
JAHWIN010000067	14726	14920	1	21
JAHWIN010000067	14939	15157	1	22
JAHWIN010000067	15215	15868	1	23
JAHWIN010000067	15968	16315	-1	24
JAHWIN010000067	16451	16960	-1	25
JAHWIN010000067	16963	17556	-1	26
JAHWIN010000067	17582	18139	-1	27
JAHWIN010000067	18264	19121	1	28
JAHWIN010000067	19151	19255	-1	29
JAHWIN010000067	19307	20500	-1	30
JAHWIN010000067	20515	22056	-1	31
JAHWIN010000067	22077	22643	-1	32
JAHWIN010000067	22798	23307	-1	33
JAHWIN010000067	23401	23895	-1	34
JAHWIN010000067	23892	24446	-1	35
JAHWIN010000067	24443	26215	-1	36
JAHWIN010000067	26567	27280	1	37
JAHWIN010000067	27277	28473	-1	38
JAHWIN010000067	28470	29039	-1	39
JAHWIN010000067	29588	30691	1	40
JAHWIN010000067	30774	31238	-1	41
JAHWIN010000067	31475	31672	-1	42
JAHWIN010000067	31817	33361	1	43
JAHWIN010000067	33376	33759	1	44
JAHWIN010000067	33752	34228	1	45
JAHWIN010000067	34191	34616	1	46
JAHWIN010000067	34613	35437	1	47
JAHWIN010000067	35586	36494	1	48
JAHWIN010000067	36491	38011	1	49
JAHWIN010000067	38017	38907	1	50
JAHWIN010000067	38909	39883	1	51
JAHWIN010000067	40004	40456	-1	52
JAHWIN010000067	40498	41103	-1	53
JAHWIN010000067	41501	42211	1	54
JAHWIN010000067	42217	42912	1	55
JAHWIN010000067	42958	43572	-1	56
JAHWIN010000067	43732	45633	-1	57
JAHWIN010000067	45744	46094	-1	58
JAHWIN010000067	46408	47076	1	59
JAHWIN010000067	47113	47595	-1	60
JAHWIN010000067	47631	47831	-1	61
JAHWIN010000067	47828	48397	-1	62
JAHWIN010000067	48400	48969	-1	63
JAHWIN010000067	49034	49903	-1	64
JAHWIN010000067	50234	50455	1	65
JAHWIN010000067	50595	51308	-1	66
JAHWIN010000067	51305	52387	-1	67
JAHWIN010000067	52453	53199	1	68
JAHWIN010000068	1	138	1	1
JAHWIN010000068	141	1550	-1	2
JAHWIN010000068	1678	2850	1	3
JAHWIN010000068	2874	4496	-1	4
JAHWIN010000068	4646	5482	1	5
JAHWIN010000068	5567	5719	1	6
JAHWIN010000068	5721	6026	1	7
JAHWIN010000068	6070	6516	1	8
JAHWIN010000068	6548	7015	1	9
JAHWIN010000069	1	444	1	1
JAHWIN010000069	553	705	1	2
JAHWIN010000069	806	1492	1	3
JAHWIN010000069	1603	2337	1	4
JAHWIN010000069	2431	3618	-1	5
JAHWIN010000070	3	2582	-1	1
JAHWIN010000070	2575	3054	-1	2
JAHWIN010000070	3535	4341	-1	3
JAHWIN010000070	4607	6160	1	4
JAHWIN010000070	6462	7019	1	5
JAHWIN010000070	7176	10388	1	6
JAHWIN010000070	10354	11118	1	7
JAHWIN010000070	11110	11943	-1	8
JAHWIN010000070	11986	12720	-1	9
JAHWIN010000070	12771	13892	-1	10
JAHWIN010000070	13894	15024	-1	11
JAHWIN010000070	15077	16180	-1	12
JAHWIN010000070	16214	16714	-1	13
JAHWIN010000070	16864	17274	1	14
JAHWIN010000070	17234	17569	1	15
JAHWIN010000070	17587	21126	-1	16
JAHWIN010000070	21128	22696	-1	17
JAHWIN010000070	22727	23938	-1	18
JAHWIN010000070	24734	24976	-1	19
JAHWIN010000070	25190	25294	-1	20
JAHWIN010000070	25782	25925	1	21
JAHWIN010000070	26150	29113	1	22
JAHWIN010000071	2	70	-1	1
JAHWIN010000071	72	1238	-1	2
JAHWIN010000071	1287	2144	-1	3
JAHWIN010000071	2367	2525	1	4
JAHWIN010000072	365	2533	1	1
JAHWIN010000072	2715	6563	1	2
JAHWIN010000072	6565	7575	-1	3
JAHWIN010000072	7689	8489	1	4
JAHWIN010000072	8495	8728	1	5
JAHWIN010000072	8765	9139	1	6
JAHWIN010000073	1	942	1	1
JAHWIN010000073	1257	2282	1	2
JAHWIN010000073	2353	3318	1	3
JAHWIN010000074	3	1127	1	1
JAHWIN010000074	1108	2157	1	2
JAHWIN010000074	2205	3215	-1	3
JAHWIN010000074	3374	4060	1	4
JAHWIN010000074	4044	4526	1	5
JAHWIN010000074	4706	6673	-1	6
JAHWIN010000074	6670	7638	-1	7
JAHWIN010000074	7643	8848	-1	8
JAHWIN010000074	9002	9979	-1	9
JAHWIN010000074	9976	10698	-1	10
JAHWIN010000074	10893	11195	-1	11
JAHWIN010000075	58	888	1	1
JAHWIN010000075	923	2077	1	2
JAHWIN010000075	2186	2527	1	3
JAHWIN010000075	2547	3539	1	4
JAHWIN010000075	3637	4845	1	5
JAHWIN010000075	4852	5520	-1	6
JAHWIN010000075	5608	6678	1	7
JAHWIN010000075	6675	6785	-1	8
JAHWIN010000075	7144	8055	-1	9
JAHWIN010000075	8389	8535	1	10
JAHWIN010000075	8609	8740	1	11
JAHWIN010000075	9011	9541	1	12
JAHWIN010000075	9563	10159	1	13
JAHWIN010000076	2	640	-1	1
JAHWIN010000076	1031	1594	-1	2
JAHWIN010000076	1644	2078	-1	3
JAHWIN010000076	2194	2955	1	4
JAHWIN010000076	2959	3558	-1	5
JAHWIN010000076	3573	4010	-1	6
JAHWIN010000076	4115	4528	-1	7
JAHWIN010000076	4525	4809	-1	8
JAHWIN010000076	4817	5941	-1	9
JAHWIN010000076	5964	8747	-1	10
JAHWIN010000076	8755	10557	-1	11
JAHWIN010000076	10585	12066	-1	12
JAHWIN010000076	12059	12307	-1	13
JAHWIN010000076	12729	13499	1	14
JAHWIN010000076	13581	14132	1	15
JAHWIN010000076	14233	15981	1	16
JAHWIN010000076	15985	17070	1	17
JAHWIN010000076	17150	18046	-1	18
JAHWIN010000076	18043	18288	-1	19
JAHWIN010000076	18465	19598	-1	20
JAHWIN010000076	19651	19791	-1	21
JAHWIN010000076	19848	21242	1	22
JAHWIN010000076	21279	21419	1	23
JAHWIN010000076	21386	21553	1	24
JAHWIN010000076	21582	22871	1	25
JAHWIN010000076	23004	23792	1	26
JAHWIN010000076	23794	25092	1	27
JAHWIN010000076	25097	25678	1	28
JAHWIN010000076	25741	26784	1	29
JAHWIN010000076	26972	27163	1	30
JAHWIN010000076	27165	27650	1	31
JAHWIN010000076	27779	28333	1	32
JAHWIN010000076	28366	28605	1	33
JAHWIN010000077	3	437	1	1
JAHWIN010000077	434	1381	1	2
JAHWIN010000077	1395	1679	1	3
JAHWIN010000077	1683	2090	1	4
JAHWIN010000077	2111	3163	1	5
JAHWIN010000078	1	648	-1	1
JAHWIN010000078	645	812	-1	2
JAHWIN010000078	809	1456	-1	3
JAHWIN010000078	1621	1938	-1	4
JAHWIN010000078	1949	2392	-1	5
JAHWIN010000078	2579	3940	1	6
JAHWIN010000078	4006	4359	-1	7
JAHWIN010000078	4467	4658	-1	8
JAHWIN010000078	4655	4987	-1	9
JAHWIN010000078	5743	6504	1	10
JAHWIN010000078	6742	7632	-1	11
JAHWIN010000078	7778	8644	1	12
JAHWIN010000079	5	1510	-1	1
JAHWIN010000079	1703	2371	1	2
JAHWIN010000079	2467	3057	-1	3
JAHWIN010000079	3128	3583	-1	4
JAHWIN010000079	3880	4635	-1	5
JAHWIN010000079	4773	5414	1	6
JAHWIN010000080	165	2678	-1	1
JAHWIN010000080	2802	3122	-1	2
JAHWIN010000080	3112	3984	-1	3
JAHWIN010000080	4135	4821	1	4
JAHWIN010000081	1	267	1	1
JAHWIN010000081	328	1272	1	2
JAHWIN010000081	1354	2400	1	3
JAHWIN010000081	2390	2659	-1	4
JAHWIN010000082	91	306	1	1
JAHWIN010000082	344	736	1	2
JAHWIN010000082	743	904	1	3
JAHWIN010000082	942	2126	1	4
JAHWIN010000082	2209	3198	1	5
JAHWIN010000082	3215	3577	1	6
JAHWIN010000082	3628	4638	1	7
JAHWIN010000082	4654	4779	1	8
JAHWIN010000083	2	3823	1	1
JAHWIN010000083	3854	4411	1	2
JAHWIN010000083	4465	5031	-1	3
JAHWIN010000083	5083	5982	-1	4
JAHWIN010000083	5986	6822	1	5
JAHWIN010000083	6949	7518	-1	6
JAHWIN010000083	7481	7825	-1	7
JAHWIN010000083	7943	8476	-1	8
JAHWIN010000083	8473	8970	-1	9
JAHWIN010000083	9120	11345	-1	10
JAHWIN010000083	11347	12795	-1	11
JAHWIN010000083	12958	14445	-1	12
JAHWIN010000083	14569	16341	-1	13
JAHWIN010000083	16338	16481	-1	14
JAHWIN010000083	16759	16986	1	15
JAHWIN010000083	17000	17164	1	16
JAHWIN010000083	17259	17960	-1	17
JAHWIN010000083	18060	18341	-1	18
JAHWIN010000083	18436	19635	-1	19
JAHWIN010000083	19632	20126	-1	20
JAHWIN010000083	20220	20780	-1	21
JAHWIN010000083	20985	21527	-1	22
JAHWIN010000083	21599	22090	-1	23
JAHWIN010000083	22261	22635	-1	24
JAHWIN010000084	166	1320	1	1
JAHWIN010000084	1679	2506	-1	2
JAHWIN010000084	2506	3540	-1	3
JAHWIN010000084	3678	4730	-1	4
JAHWIN010000084	4850	5422	-1	5
JAHWIN010000084	5504	6397	1	6
JAHWIN010000084	6394	6780	1	7
JAHWIN010000084	6781	6972	-1	8
JAHWIN010000084	7154	8152	-1	9
JAHWIN010000084	8373	8762	-1	10
JAHWIN010000084	8752	9177	-1	11
JAHWIN010000084	9159	11696	-1	12
JAHWIN010000085	2	466	1	1
JAHWIN010000085	524	3286	1	2
JAHWIN010000085	3483	8897	1	3
JAHWIN010000085	9437	9715	1	4
JAHWIN010000085	9723	11150	1	5
JAHWIN010000085	11165	12349	1	6
JAHWIN010000085	12369	12899	-1	7
JAHWIN010000085	12896	13582	-1	8
JAHWIN010000085	14184	14870	1	9
JAHWIN010000085	15012	16190	1	10
JAHWIN010000085	16183	17910	1	11
JAHWIN010000085	17912	18298	1	12
JAHWIN010000085	18299	18649	1	13
JAHWIN010000085	18662	19609	-1	14
JAHWIN010000085	19770	20483	-1	15
JAHWIN010000085	20535	20648	-1	16
JAHWIN010000085	20691	21287	-1	17
JAHWIN010000085	21302	21892	-1	18
JAHWIN010000085	21923	22609	-1	19
JAHWIN010000085	22590	22757	-1	20
JAHWIN010000085	22754	23809	-1	21
JAHWIN010000085	23831	25099	-1	22
JAHWIN010000085	25099	25971	-1	23
JAHWIN010000085	26403	26771	-1	24
JAHWIN010000085	26916	27296	-1	25
JAHWIN010000085	27404	28015	1	26
JAHWIN010000086	3	419	1	1
JAHWIN010000086	946	1914	1	2
JAHWIN010000086	1906	2244	-1	3
JAHWIN010000086	2372	4438	1	4
JAHWIN010000087	3	719	-1	1
JAHWIN010000087	941	1339	1	2
JAHWIN010000087	1329	1943	1	3
JAHWIN010000087	2030	3328	1	4
JAHWIN010000087	3325	3834	1	5
JAHWIN010000087	3831	4955	1	6
JAHWIN010000087	5033	6352	1	7
JAHWIN010000087	6418	6717	1	8
JAHWIN010000087	6720	6932	-1	9
JAHWIN010000087	6960	8039	-1	10
JAHWIN010000087	8069	8872	-1	11
JAHWIN010000087	8869	9033	-1	12
JAHWIN010000087	9047	10225	-1	13
JAHWIN010000087	10222	11016	-1	14
JAHWIN010000087	11013	11651	-1	15
JAHWIN010000087	11648	12415	-1	16
JAHWIN010000087	12531	13049	1	17
JAHWIN010000087	13072	14082	-1	18
JAHWIN010000087	14085	14744	-1	19
JAHWIN010000087	14741	15319	-1	20
JAHWIN010000087	15316	16917	-1	21
JAHWIN010000087	17442	18389	1	22
JAHWIN010000087	18408	19445	-1	23
JAHWIN010000087	20093	20563	-1	24
JAHWIN010000087	20571	20780	-1	25
JAHWIN010000087	20786	21586	-1	26
JAHWIN010000087	21607	21717	-1	27
JAHWIN010000087	21787	21930	1	28
JAHWIN010000087	21858	22313	-1	29
JAHWIN010000087	22509	22697	1	30
