Contig	Start	End	Strand	Pos
JAVYTI010000001	505	1068	-1	1
JAVYTI010000001	1221	2054	-1	2
JAVYTI010000001	2172	2792	1	3
JAVYTI010000001	2805	3536	-1	4
JAVYTI010000001	3503	5176	-1	5
JAVYTI010000001	5188	6780	-1	6
JAVYTI010000001	6915	8153	1	7
JAVYTI010000001	8160	9545	-1	8
JAVYTI010000001	9609	12206	-1	9
JAVYTI010000001	12196	12597	-1	10
JAVYTI010000001	12611	13522	1	11
JAVYTI010000001	13592	14656	1	12
JAVYTI010000001	14764	16041	1	13
JAVYTI010000001	16022	16939	-1	14
JAVYTI010000001	17051	17401	1	15
JAVYTI010000001	17477	18385	-1	16
JAVYTI010000001	18870	22022	1	17
JAVYTI010000001	22123	22866	-1	18
JAVYTI010000001	22933	23448	-1	19
JAVYTI010000001	23433	23921	-1	20
JAVYTI010000001	24063	25463	1	21
JAVYTI010000001	25456	25932	1	22
JAVYTI010000001	25947	26198	1	23
JAVYTI010000001	26191	27321	1	24
JAVYTI010000001	27351	28337	1	25
JAVYTI010000001	28353	30002	-1	26
JAVYTI010000001	30086	31714	-1	27
JAVYTI010000001	31753	31950	1	28
JAVYTI010000001	31986	34646	1	29
JAVYTI010000001	34639	35169	-1	30
JAVYTI010000001	35254	35844	-1	31
JAVYTI010000001	35910	36272	1	32
JAVYTI010000001	36277	37560	-1	33
JAVYTI010000001	37670	38437	1	34
JAVYTI010000001	38442	38705	-1	35
JAVYTI010000001	38827	39048	1	36
JAVYTI010000001	39066	40037	1	37
JAVYTI010000001	40122	41660	1	38
JAVYTI010000001	41657	42460	1	39
JAVYTI010000001	42544	43056	1	40
JAVYTI010000001	43116	44375	1	41
JAVYTI010000001	44372	44881	1	42
JAVYTI010000001	44887	47280	1	43
JAVYTI010000001	47755	48429	1	44
JAVYTI010000001	48519	49079	-1	45
JAVYTI010000001	49175	50239	1	46
JAVYTI010000001	50299	50760	1	47
JAVYTI010000001	50819	51907	1	48
JAVYTI010000001	51908	52684	1	49
JAVYTI010000001	52674	53444	1	50
JAVYTI010000001	53448	54530	-1	51
JAVYTI010000001	54622	55176	1	52
JAVYTI010000001	55239	56114	1	53
JAVYTI010000001	56145	56828	-1	54
JAVYTI010000001	56914	57846	1	55
JAVYTI010000001	57888	58550	1	56
JAVYTI010000001	58553	59293	1	57
JAVYTI010000001	59262	60164	-1	58
JAVYTI010000001	60245	61669	1	59
JAVYTI010000001	61787	62038	1	60
JAVYTI010000001	62025	62435	1	61
JAVYTI010000001	62498	63457	-1	62
JAVYTI010000001	63684	64142	1	63
JAVYTI010000001	64184	64765	1	64
JAVYTI010000001	64770	66089	-1	65
JAVYTI010000001	66271	66435	-1	66
JAVYTI010000001	66532	66873	1	67
JAVYTI010000001	67037	67780	1	68
JAVYTI010000001	67993	68286	1	69
JAVYTI010000001	68365	69591	1	70
JAVYTI010000001	69588	70052	-1	71
JAVYTI010000001	70139	71857	1	72
JAVYTI010000001	71862	72704	1	73
JAVYTI010000001	72709	73401	-1	74
JAVYTI010000001	73440	74183	-1	75
JAVYTI010000001	74202	75266	-1	76
JAVYTI010000001	75408	77249	1	77
JAVYTI010000001	77269	78072	-1	78
JAVYTI010000001	78069	80156	-1	79
JAVYTI010000001	80149	80394	-1	80
JAVYTI010000001	80468	81763	-1	81
JAVYTI010000001	81957	82409	1	82
JAVYTI010000001	82399	84630	-1	83
JAVYTI010000001	84712	85416	1	84
JAVYTI010000001	85413	86585	-1	85
JAVYTI010000001	86774	87010	-1	86
JAVYTI010000001	87572	89020	-1	87
JAVYTI010000001	89380	89856	1	88
JAVYTI010000001	89868	91193	-1	89
JAVYTI010000001	91244	91654	-1	90
JAVYTI010000001	91788	92489	1	91
JAVYTI010000001	92523	92828	1	92
JAVYTI010000001	92833	93423	1	93
JAVYTI010000001	93392	93874	1	94
JAVYTI010000001	94006	94254	1	95
JAVYTI010000001	94422	95339	-1	96
JAVYTI010000001	95576	96703	1	97
JAVYTI010000001	96758	97051	1	98
JAVYTI010000001	97064	98155	1	99
JAVYTI010000001	98191	98514	1	100
JAVYTI010000001	98524	99213	1	101
JAVYTI010000001	99408	100097	-1	102
JAVYTI010000001	100208	101329	1	103
JAVYTI010000001	101308	102330	1	104
JAVYTI010000001	102282	103157	-1	105
JAVYTI010000001	103269	104405	1	106
JAVYTI010000001	104402	106303	1	107
JAVYTI010000001	106311	106943	1	108
JAVYTI010000001	106966	107940	1	109
JAVYTI010000001	107937	108449	-1	110
JAVYTI010000001	108458	109930	1	111
JAVYTI010000001	109979	110947	1	112
JAVYTI010000001	111236	113971	1	113
JAVYTI010000001	114054	115661	-1	114
JAVYTI010000001	115727	116347	-1	115
JAVYTI010000001	116414	117061	-1	116
JAVYTI010000001	117113	118087	-1	117
JAVYTI010000001	118150	118491	-1	118
JAVYTI010000001	118589	119527	1	119
JAVYTI010000001	119539	120408	-1	120
JAVYTI010000001	120464	121402	1	121
JAVYTI010000001	121395	121778	1	122
JAVYTI010000001	121775	122554	1	123
JAVYTI010000001	122726	123031	1	124
JAVYTI010000001	123018	123383	1	125
JAVYTI010000001	123380	123517	1	126
JAVYTI010000001	123517	124221	1	127
JAVYTI010000001	124225	125097	-1	128
JAVYTI010000001	125137	126393	-1	129
JAVYTI010000001	126456	127280	-1	130
JAVYTI010000001	127393	128322	-1	131
JAVYTI010000001	128490	129197	-1	132
JAVYTI010000001	129202	129738	-1	133
JAVYTI010000001	129921	130439	-1	134
JAVYTI010000001	130580	131731	1	135
JAVYTI010000001	131738	133096	1	136
JAVYTI010000001	133098	133979	1	137
JAVYTI010000001	133962	134753	-1	138
JAVYTI010000001	134793	135809	-1	139
JAVYTI010000001	135891	136802	-1	140
JAVYTI010000001	136841	138046	-1	141
JAVYTI010000001	138182	139006	1	142
JAVYTI010000001	139046	139783	1	143
JAVYTI010000001	139780	141234	-1	144
JAVYTI010000001	141503	143434	1	145
JAVYTI010000001	143425	145074	1	146
JAVYTI010000001	145063	145494	-1	147
JAVYTI010000001	145496	146251	-1	148
JAVYTI010000001	146290	147591	-1	149
JAVYTI010000001	147606	148580	-1	150
JAVYTI010000001	148836	150395	1	151
JAVYTI010000001	150388	151236	-1	152
JAVYTI010000001	151539	153248	1	153
JAVYTI010000001	153249	153632	-1	154
JAVYTI010000001	153717	153980	1	155
JAVYTI010000001	154002	154634	-1	156
JAVYTI010000001	154637	154990	-1	157
JAVYTI010000001	154969	155301	-1	158
JAVYTI010000001	155346	156701	-1	159
JAVYTI010000001	156792	156959	-1	160
JAVYTI010000001	157017	157904	1	161
JAVYTI010000001	157932	158762	-1	162
JAVYTI010000001	158895	161702	-1	163
JAVYTI010000001	161804	162994	1	164
JAVYTI010000001	162997	163401	1	165
JAVYTI010000001	163415	164056	1	166
JAVYTI010000001	164091	164729	1	167
JAVYTI010000001	164789	165040	-1	168
JAVYTI010000001	165100	165495	1	169
JAVYTI010000001	165492	166163	-1	170
JAVYTI010000001	166315	167910	1	171
JAVYTI010000001	167930	168271	-1	172
JAVYTI010000001	168264	169901	-1	173
JAVYTI010000001	170011	171897	1	174
JAVYTI010000001	171903	172532	1	175
JAVYTI010000001	172561	173685	1	176
JAVYTI010000001	173666	174256	-1	177
JAVYTI010000001	174263	176134	-1	178
JAVYTI010000001	176168	176569	1	179
JAVYTI010000001	176599	177480	1	180
JAVYTI010000001	177553	179031	1	181
JAVYTI010000001	179088	179942	1	182
JAVYTI010000001	180008	180754	1	183
JAVYTI010000001	180757	181188	-1	184
JAVYTI010000001	181200	181961	-1	185
JAVYTI010000001	182011	183240	-1	186
JAVYTI010000001	183347	183895	-1	187
JAVYTI010000001	183964	184197	1	188
JAVYTI010000001	184257	185000	-1	189
JAVYTI010000001	185112	185957	1	190
JAVYTI010000001	185960	187303	1	191
JAVYTI010000001	187300	187635	-1	192
JAVYTI010000001	187637	188041	-1	193
JAVYTI010000001	188042	189211	-1	194
JAVYTI010000001	189217	190302	-1	195
JAVYTI010000001	190317	191030	-1	196
JAVYTI010000001	191092	191877	1	197
JAVYTI010000001	191996	192430	1	198
JAVYTI010000001	192433	195024	1	199
JAVYTI010000001	195062	195766	-1	200
JAVYTI010000001	195753	197039	-1	201
JAVYTI010000001	197468	197566	1	202
JAVYTI010000001	197695	198723	1	203
JAVYTI010000001	198720	198977	-1	204
JAVYTI010000001	199104	199961	1	205
JAVYTI010000001	199970	200428	-1	206
JAVYTI010000001	200451	201353	-1	207
JAVYTI010000001	201461	202069	1	208
JAVYTI010000001	202074	202367	1	209
JAVYTI010000001	202369	203106	1	210
JAVYTI010000001	203116	203847	1	211
JAVYTI010000001	203892	205157	1	212
JAVYTI010000001	205195	205992	-1	213
JAVYTI010000001	206203	206487	1	214
JAVYTI010000001	206537	207811	1	215
JAVYTI010000001	207846	208310	-1	216
JAVYTI010000001	208350	208958	-1	217
JAVYTI010000001	209026	209811	-1	218
JAVYTI010000001	209811	210650	-1	219
JAVYTI010000001	210650	211540	-1	220
JAVYTI010000001	211637	212797	-1	221
JAVYTI010000001	212923	214869	-1	222
JAVYTI010000001	214850	216070	-1	223
JAVYTI010000001	216077	216358	-1	224
JAVYTI010000001	216398	217285	-1	225
JAVYTI010000001	217282	218001	-1	226
JAVYTI010000001	218127	219698	-1	227
JAVYTI010000001	219673	220767	-1	228
JAVYTI010000001	220767	221816	-1	229
JAVYTI010000001	221898	222845	1	230
JAVYTI010000001	222892	223365	1	231
JAVYTI010000001	223362	223793	-1	232
JAVYTI010000001	223875	224861	-1	233
JAVYTI010000001	225059	226885	-1	234
JAVYTI010000001	226939	227280	-1	235
JAVYTI010000001	227359	228267	-1	236
JAVYTI010000001	228336	228899	1	237
JAVYTI010000001	228937	230748	-1	238
JAVYTI010000001	230807	231778	-1	239
JAVYTI010000001	231870	232511	-1	240
JAVYTI010000001	232492	232986	-1	241
JAVYTI010000001	232983	233681	-1	242
JAVYTI010000001	233663	235498	-1	243
JAVYTI010000001	235485	236027	-1	244
JAVYTI010000001	236020	236778	-1	245
JAVYTI010000001	236890	238176	-1	246
JAVYTI010000002	1	129	1	1
JAVYTI010000002	131	1189	1	2
JAVYTI010000002	1190	2530	-1	3
JAVYTI010000002	2527	3972	-1	4
JAVYTI010000002	4108	4749	1	5
JAVYTI010000002	4746	5222	-1	6
JAVYTI010000002	5215	6477	-1	7
JAVYTI010000002	6474	7433	-1	8
JAVYTI010000002	7450	7737	-1	9
JAVYTI010000002	7737	8639	-1	10
JAVYTI010000002	8722	9612	-1	11
JAVYTI010000002	9602	10072	-1	12
JAVYTI010000002	10072	10290	-1	13
JAVYTI010000002	10354	11505	1	14
JAVYTI010000002	11599	12165	1	15
JAVYTI010000002	12218	13726	1	16
JAVYTI010000002	13726	13902	1	17
JAVYTI010000002	13959	14270	1	18
JAVYTI010000002	14311	14955	1	19
JAVYTI010000002	14977	16038	1	20
JAVYTI010000002	16031	16645	1	21
JAVYTI010000002	16684	18114	1	22
JAVYTI010000002	18248	18667	1	23
JAVYTI010000002	18840	21533	1	24
JAVYTI010000002	21646	22710	1	25
JAVYTI010000002	22723	24150	1	26
JAVYTI010000002	24162	25130	1	27
JAVYTI010000002	25136	26128	1	28
JAVYTI010000002	26154	26708	1	29
JAVYTI010000002	26719	28062	-1	30
JAVYTI010000002	28076	28855	-1	31
JAVYTI010000002	28878	29594	1	32
JAVYTI010000002	29671	30186	1	33
JAVYTI010000002	30230	30820	1	34
JAVYTI010000002	30817	31974	-1	35
JAVYTI010000002	32085	33659	1	36
JAVYTI010000002	33729	34259	1	37
JAVYTI010000002	34316	35872	1	38
JAVYTI010000002	35865	36146	1	39
JAVYTI010000002	36129	37352	-1	40
JAVYTI010000002	37393	39123	-1	41
JAVYTI010000002	39174	39884	1	42
JAVYTI010000002	39881	43066	-1	43
JAVYTI010000002	43288	43527	1	44
JAVYTI010000002	43552	45045	-1	45
JAVYTI010000002	45085	45807	1	46
JAVYTI010000002	45804	46535	1	47
JAVYTI010000002	46532	47125	1	48
JAVYTI010000002	47129	47518	-1	49
JAVYTI010000002	47515	48315	-1	50
JAVYTI010000002	48326	49087	-1	51
JAVYTI010000002	49188	50105	1	52
JAVYTI010000002	50247	51161	1	53
JAVYTI010000002	51162	52673	-1	54
JAVYTI010000002	52712	53506	-1	55
JAVYTI010000002	53568	54446	1	56
JAVYTI010000002	54443	55099	1	57
JAVYTI010000002	55161	55526	1	58
JAVYTI010000002	55555	56721	1	59
JAVYTI010000002	56675	57439	-1	60
JAVYTI010000002	57569	58873	1	61
JAVYTI010000002	58935	59735	1	62
JAVYTI010000002	59825	61066	1	63
JAVYTI010000002	61072	61764	1	64
JAVYTI010000002	62036	62695	1	65
JAVYTI010000002	62692	63162	1	66
JAVYTI010000002	63164	64051	1	67
JAVYTI010000002	64088	64663	-1	68
JAVYTI010000002	64702	65010	-1	69
JAVYTI010000002	65080	65406	1	70
JAVYTI010000002	65440	65697	-1	71
JAVYTI010000002	65816	66553	1	72
JAVYTI010000002	66562	67128	-1	73
JAVYTI010000002	67217	67621	1	74
JAVYTI010000002	67677	68357	1	75
JAVYTI010000002	68344	68754	-1	76
JAVYTI010000002	68744	69154	-1	77
JAVYTI010000002	69192	69428	-1	78
JAVYTI010000002	69434	71278	-1	79
JAVYTI010000002	71382	72917	1	80
JAVYTI010000002	72963	73376	1	81
JAVYTI010000002	73393	74826	1	82
JAVYTI010000002	74810	75121	-1	83
JAVYTI010000002	75378	75539	1	84
JAVYTI010000002	75662	76168	1	85
JAVYTI010000002	76240	77364	-1	86
JAVYTI010000002	77374	78561	-1	87
JAVYTI010000002	78563	80380	-1	88
JAVYTI010000002	80544	80678	1	89
JAVYTI010000002	80706	81074	1	90
JAVYTI010000002	81017	81499	-1	91
JAVYTI010000002	81645	82838	1	92
JAVYTI010000002	82909	83433	1	93
JAVYTI010000002	83430	84236	1	94
JAVYTI010000002	84236	85069	1	95
JAVYTI010000002	85079	86146	1	96
JAVYTI010000002	86148	86999	-1	97
JAVYTI010000002	87065	87328	1	98
JAVYTI010000002	87441	88511	1	99
JAVYTI010000002	88590	90245	1	100
JAVYTI010000002	90235	91305	-1	101
JAVYTI010000002	91388	92341	-1	102
JAVYTI010000002	92532	93116	1	103
JAVYTI010000002	93113	94702	1	104
JAVYTI010000002	94699	95406	1	105
JAVYTI010000002	95403	96167	-1	106
JAVYTI010000002	96204	96725	-1	107
JAVYTI010000002	96752	97180	-1	108
JAVYTI010000002	97191	97898	-1	109
JAVYTI010000002	97930	98712	-1	110
JAVYTI010000002	98712	99431	-1	111
JAVYTI010000002	99453	100799	-1	112
JAVYTI010000002	100901	101431	-1	113
JAVYTI010000002	101784	102215	-1	114
JAVYTI010000002	102991	103791	1	115
JAVYTI010000002	103788	104696	-1	116
JAVYTI010000002	104693	105814	-1	117
JAVYTI010000003	2	1432	-1	1
JAVYTI010000003	1437	1955	-1	2
JAVYTI010000003	2270	2368	1	3
JAVYTI010000003	2410	3501	-1	4
JAVYTI010000003	3486	3875	-1	5
JAVYTI010000003	3928	4287	-1	6
JAVYTI010000003	4298	4693	-1	7
JAVYTI010000003	4937	5146	-1	8
JAVYTI010000003	5275	6207	-1	9
JAVYTI010000003	6292	6690	1	10
JAVYTI010000003	6704	7315	1	11
JAVYTI010000003	7379	8233	1	12
JAVYTI010000003	8267	8752	-1	13
JAVYTI010000003	8752	10197	-1	14
JAVYTI010000003	10344	11969	1	15
JAVYTI010000003	11966	13150	1	16
JAVYTI010000003	13284	13523	1	17
JAVYTI010000003	13520	13807	-1	18
JAVYTI010000003	13804	14073	-1	19
JAVYTI010000003	14359	14622	-1	20
JAVYTI010000003	14725	15297	-1	21
JAVYTI010000003	15708	15836	1	22
JAVYTI010000003	15978	17585	-1	23
JAVYTI010000003	17582	18583	-1	24
JAVYTI010000003	18837	19721	1	25
JAVYTI010000003	19958	20191	1	26
JAVYTI010000003	20191	20607	1	27
JAVYTI010000003	20910	22280	1	28
JAVYTI010000003	22499	23650	1	29
JAVYTI010000003	23767	25206	1	30
JAVYTI010000003	25208	25894	-1	31
JAVYTI010000003	26027	27211	1	32
JAVYTI010000003	27218	28897	1	33
JAVYTI010000003	28968	29216	1	34
JAVYTI010000003	29204	29392	1	35
JAVYTI010000003	29332	29850	-1	36
JAVYTI010000003	30001	30423	-1	37
JAVYTI010000003	30399	30671	-1	38
JAVYTI010000003	31051	31713	1	39
JAVYTI010000003	31835	32167	-1	40
JAVYTI010000003	32178	32921	-1	41
JAVYTI010000003	33146	33310	-1	42
JAVYTI010000003	33323	33418	-1	43
JAVYTI010000003	33643	34065	-1	44
JAVYTI010000003	34468	35889	-1	45
JAVYTI010000003	36004	37287	1	46
JAVYTI010000003	37637	38053	-1	47
JAVYTI010000003	38144	38503	-1	48
JAVYTI010000003	38994	39164	1	49
JAVYTI010000003	39199	40098	1	50
JAVYTI010000003	40116	40967	-1	51
JAVYTI010000003	40930	41769	-1	52
JAVYTI010000003	41753	42760	-1	53
JAVYTI010000003	42904	44799	1	54
JAVYTI010000003	44853	45281	1	55
JAVYTI010000003	45325	46893	1	56
JAVYTI010000003	46904	48085	1	57
JAVYTI010000003	48078	48821	1	58
JAVYTI010000003	48796	49155	-1	59
JAVYTI010000003	49217	49669	-1	60
JAVYTI010000003	50272	50829	-1	61
JAVYTI010000003	51211	51567	1	62
JAVYTI010000003	51599	51826	1	63
JAVYTI010000003	51820	52179	1	64
JAVYTI010000003	52258	52767	1	65
JAVYTI010000003	52764	54641	1	66
JAVYTI010000003	54658	55206	1	67
JAVYTI010000003	55393	56094	-1	68
JAVYTI010000003	56256	57077	1	69
JAVYTI010000003	57127	57522	1	70
JAVYTI010000003	57612	59003	1	71
JAVYTI010000003	59442	59846	-1	72
JAVYTI010000003	59849	61165	-1	73
JAVYTI010000003	61400	63922	1	74
JAVYTI010000003	63936	64532	1	75
JAVYTI010000003	64539	65384	1	76
JAVYTI010000003	65438	66067	1	77
JAVYTI010000003	66267	66926	1	78
JAVYTI010000003	66923	68353	1	79
JAVYTI010000003	68833	69072	-1	80
JAVYTI010000003	69274	70527	1	81
JAVYTI010000003	70537	71358	-1	82
JAVYTI010000003	71501	72367	1	83
JAVYTI010000003	72784	73494	1	84
JAVYTI010000003	73512	74336	-1	85
JAVYTI010000003	74392	75246	-1	86
JAVYTI010000003	75326	76384	1	87
JAVYTI010000003	76384	77295	1	88
JAVYTI010000003	77267	78067	1	89
JAVYTI010000003	78081	79028	1	90
JAVYTI010000003	78961	79938	-1	91
JAVYTI010000003	79935	80897	-1	92
JAVYTI010000003	80872	81867	-1	93
JAVYTI010000003	81980	83425	-1	94
JAVYTI010000003	83472	84224	-1	95
JAVYTI010000003	84282	85136	-1	96
JAVYTI010000003	85136	86611	-1	97
JAVYTI010000003	86654	88153	-1	98
JAVYTI010000003	88304	90349	1	99
JAVYTI010000003	90362	93805	-1	100
JAVYTI010000003	93835	95013	-1	101
JAVYTI010000003	95257	96444	-1	102
JAVYTI010000003	96734	96916	-1	103
JAVYTI010000003	96996	97793	-1	104
JAVYTI010000003	97798	98367	-1	105
JAVYTI010000003	98392	99897	-1	106
JAVYTI010000004	1	789	1	1
JAVYTI010000004	786	2822	1	2
JAVYTI010000004	2844	3971	-1	3
JAVYTI010000004	4076	4396	1	4
JAVYTI010000004	4432	5439	1	5
JAVYTI010000004	5507	6415	1	6
JAVYTI010000004	6405	7964	-1	7
JAVYTI010000004	7967	9244	-1	8
JAVYTI010000004	9419	10426	1	9
JAVYTI010000004	10430	12055	-1	10
JAVYTI010000004	12057	12869	-1	11
JAVYTI010000004	12873	13661	-1	12
JAVYTI010000004	13746	14477	1	13
JAVYTI010000004	14528	14992	-1	14
JAVYTI010000004	15063	15383	1	15
JAVYTI010000004	15401	16690	-1	16
JAVYTI010000004	16918	17586	1	17
JAVYTI010000004	17606	19207	-1	18
JAVYTI010000004	19305	20192	1	19
JAVYTI010000004	20198	20602	1	20
JAVYTI010000004	20681	21184	1	21
JAVYTI010000004	21198	22310	1	22
JAVYTI010000004	22284	23519	-1	23
JAVYTI010000004	23530	25359	-1	24
JAVYTI010000004	25362	26519	-1	25
JAVYTI010000004	26629	28374	1	26
JAVYTI010000004	28386	28658	-1	27
JAVYTI010000004	28707	29459	1	28
JAVYTI010000004	29546	30061	1	29
JAVYTI010000004	30094	31383	-1	30
JAVYTI010000004	31472	32845	-1	31
JAVYTI010000004	32842	34917	-1	32
JAVYTI010000004	34920	36425	-1	33
JAVYTI010000004	36428	36727	-1	34
JAVYTI010000004	36720	37214	-1	35
JAVYTI010000004	37201	37677	-1	36
JAVYTI010000004	37670	38683	-1	37
JAVYTI010000004	38689	39894	-1	38
JAVYTI010000004	39887	40372	-1	39
JAVYTI010000004	40353	40868	-1	40
JAVYTI010000004	40865	41230	-1	41
JAVYTI010000004	41360	42664	-1	42
JAVYTI010000004	42666	44333	-1	43
JAVYTI010000004	44339	44638	-1	44
JAVYTI010000004	44631	45074	-1	45
JAVYTI010000004	45076	46050	-1	46
JAVYTI010000004	46047	46757	-1	47
JAVYTI010000004	46763	48376	-1	48
JAVYTI010000004	48380	48802	-1	49
JAVYTI010000004	49183	50190	1	50
JAVYTI010000004	50230	50565	1	51
JAVYTI010000004	50576	51217	-1	52
JAVYTI010000004	51514	51771	1	53
JAVYTI010000004	51789	52787	1	54
JAVYTI010000004	52827	53816	-1	55
JAVYTI010000004	53816	54337	-1	56
JAVYTI010000004	54399	55277	-1	57
JAVYTI010000004	55277	56482	-1	58
JAVYTI010000004	56506	57192	-1	59
JAVYTI010000004	57388	58110	-1	60
JAVYTI010000004	58257	59645	-1	61
JAVYTI010000004	59703	59993	-1	62
JAVYTI010000004	60270	60854	-1	63
JAVYTI010000004	60863	61642	-1	64
JAVYTI010000004	61741	62133	1	65
JAVYTI010000004	62130	62699	1	66
JAVYTI010000004	62683	63630	1	67
JAVYTI010000004	63611	64141	1	68
JAVYTI010000004	64152	65183	-1	69
JAVYTI010000004	65241	65768	-1	70
JAVYTI010000004	65889	66962	1	71
JAVYTI010000004	67026	67352	1	72
JAVYTI010000004	67387	68193	-1	73
JAVYTI010000004	68304	71111	1	74
JAVYTI010000004	71125	72138	-1	75
JAVYTI010000004	72209	72388	-1	76
JAVYTI010000004	72466	73344	1	77
JAVYTI010000004	73341	73904	-1	78
JAVYTI010000004	74007	74681	-1	79
JAVYTI010000004	74765	75193	-1	80
JAVYTI010000004	75277	76116	1	81
JAVYTI010000004	76201	76575	-1	82
JAVYTI010000004	76557	76853	-1	83
JAVYTI010000004	76907	77620	1	84
JAVYTI010000004	77675	78805	1	85
JAVYTI010000005	1	201	-1	1
JAVYTI010000005	591	884	1	2
JAVYTI010000005	981	1739	-1	3
JAVYTI010000005	1902	3152	-1	4
JAVYTI010000005	3139	6102	-1	5
JAVYTI010000005	6104	6526	-1	6
JAVYTI010000005	6523	9723	-1	7
JAVYTI010000005	9713	12730	-1	8
JAVYTI010000005	12842	13081	1	9
JAVYTI010000005	13171	13530	1	10
JAVYTI010000005	13571	14053	1	11
JAVYTI010000005	14748	16775	-1	12
JAVYTI010000005	17297	18055	1	13
JAVYTI010000005	18123	19265	1	14
JAVYTI010000005	19299	19553	-1	15
JAVYTI010000005	19587	20153	-1	16
JAVYTI010000005	20231	20881	-1	17
JAVYTI010000005	20966	21118	-1	18
JAVYTI010000005	21093	21506	-1	19
JAVYTI010000005	21901	22266	1	20
JAVYTI010000005	22553	22846	-1	21
JAVYTI010000005	23203	23787	1	22
JAVYTI010000005	23813	24202	-1	23
JAVYTI010000005	24348	24914	-1	24
JAVYTI010000005	25228	25716	-1	25
JAVYTI010000005	25783	26007	-1	26
JAVYTI010000005	26373	27278	-1	27
JAVYTI010000005	27598	28149	-1	28
JAVYTI010000005	28116	28394	-1	29
JAVYTI010000005	28521	29297	1	30
JAVYTI010000005	29368	29826	-1	31
JAVYTI010000005	30080	30400	-1	32
JAVYTI010000005	30376	30549	-1	33
JAVYTI010000005	30643	31338	-1	34
JAVYTI010000005	31386	32942	-1	35
JAVYTI010000005	32944	33750	-1	36
JAVYTI010000005	33765	34916	-1	37
JAVYTI010000005	35007	35834	-1	38
JAVYTI010000005	35840	36691	-1	39
JAVYTI010000005	36697	37542	-1	40
JAVYTI010000005	37621	38214	-1	41
JAVYTI010000005	38299	39063	1	42
JAVYTI010000005	39047	40369	1	43
JAVYTI010000005	40366	41463	1	44
JAVYTI010000005	41493	41894	-1	45
JAVYTI010000005	42023	44116	1	46
JAVYTI010000005	44132	44449	-1	47
JAVYTI010000005	44433	44816	-1	48
JAVYTI010000005	44901	45176	-1	49
JAVYTI010000005	45173	45805	-1	50
JAVYTI010000005	45911	47212	1	51
JAVYTI010000005	47218	48135	-1	52
JAVYTI010000005	48128	49072	-1	53
JAVYTI010000005	49080	50831	-1	54
JAVYTI010000005	51017	51517	1	55
JAVYTI010000005	51595	52041	1	56
JAVYTI010000005	52170	52880	1	57
JAVYTI010000005	52933	53616	1	58
JAVYTI010000005	53668	54195	-1	59
JAVYTI010000005	54183	54620	-1	60
JAVYTI010000005	54745	55191	-1	61
JAVYTI010000005	55199	56395	-1	62
JAVYTI010000005	56399	56854	-1	63
JAVYTI010000005	56866	58890	-1	64
JAVYTI010000005	59056	60480	1	65
JAVYTI010000005	60525	61394	1	66
JAVYTI010000005	61391	62221	1	67
JAVYTI010000005	62236	63156	-1	68
JAVYTI010000005	63216	64517	1	69
JAVYTI010000005	64522	65919	-1	70
JAVYTI010000005	66126	66593	-1	71
JAVYTI010000005	66666	67397	-1	72
JAVYTI010000005	67542	69446	1	73
JAVYTI010000005	69494	70705	-1	74
JAVYTI010000005	70698	71426	-1	75
JAVYTI010000005	71498	72643	-1	76
JAVYTI010000005	72760	73683	1	77
JAVYTI010000005	73799	74347	1	78
JAVYTI010000006	1	669	1	1
JAVYTI010000006	687	1304	-1	2
JAVYTI010000006	1538	1789	1	3
JAVYTI010000006	1995	2435	1	4
JAVYTI010000006	2450	2629	1	5
JAVYTI010000006	2620	3771	1	6
JAVYTI010000006	3815	4078	1	7
JAVYTI010000006	4075	6462	1	8
JAVYTI010000006	6530	7060	1	9
JAVYTI010000006	7074	7832	-1	10
JAVYTI010000006	7859	8572	-1	11
JAVYTI010000006	8755	9495	1	12
JAVYTI010000006	9501	10463	1	13
JAVYTI010000006	10460	11164	1	14
JAVYTI010000006	11151	12917	-1	15
JAVYTI010000006	12924	13319	-1	16
JAVYTI010000006	13422	14666	1	17
JAVYTI010000006	14728	15855	1	18
JAVYTI010000006	16045	16677	1	19
JAVYTI010000006	16674	17789	-1	20
JAVYTI010000006	17869	19719	1	21
JAVYTI010000006	19800	20429	1	22
JAVYTI010000006	20614	22761	1	23
JAVYTI010000006	22813	24009	1	24
JAVYTI010000006	24103	25665	1	25
JAVYTI010000006	25791	27995	1	26
JAVYTI010000006	28005	29078	1	27
JAVYTI010000006	29129	29878	1	28
JAVYTI010000006	29996	30403	1	29
JAVYTI010000006	30417	30650	1	30
JAVYTI010000006	30675	31856	1	31
JAVYTI010000006	31859	32251	1	32
JAVYTI010000006	32319	33731	-1	33
JAVYTI010000006	33741	34463	-1	34
JAVYTI010000006	34483	34713	1	35
JAVYTI010000006	34710	35372	-1	36
JAVYTI010000006	35424	35942	-1	37
JAVYTI010000006	36094	36381	-1	38
JAVYTI010000006	36453	38861	-1	39
JAVYTI010000006	38986	39996	1	40
JAVYTI010000006	40014	40670	1	41
JAVYTI010000006	40663	41358	1	42
JAVYTI010000006	41478	42536	1	43
JAVYTI010000006	42595	42918	1	44
JAVYTI010000006	43141	43587	-1	45
JAVYTI010000006	43592	45493	1	46
JAVYTI010000006	45515	46591	-1	47
JAVYTI010000006	46736	47317	1	48
JAVYTI010000006	47356	48069	1	49
JAVYTI010000006	48081	49163	-1	50
JAVYTI010000006	49164	49976	-1	51
JAVYTI010000006	49978	50850	-1	52
JAVYTI010000006	50887	52248	-1	53
JAVYTI010000006	52396	53829	-1	54
JAVYTI010000006	53832	54875	-1	55
JAVYTI010000006	54872	55651	-1	56
JAVYTI010000006	55778	56251	-1	57
JAVYTI010000006	56244	58001	-1	58
JAVYTI010000006	58108	59004	-1	59
JAVYTI010000006	58997	60148	-1	60
JAVYTI010000006	60233	61780	-1	61
JAVYTI010000006	61921	62574	1	62
JAVYTI010000006	62576	62935	-1	63
JAVYTI010000006	63315	63518	1	64
JAVYTI010000006	63694	64029	1	65
JAVYTI010000006	64034	64864	1	66
JAVYTI010000006	64912	65388	1	67
JAVYTI010000007	1	387	1	1
JAVYTI010000007	391	531	1	2
JAVYTI010000007	615	842	1	3
JAVYTI010000007	848	1993	-1	4
JAVYTI010000007	1986	3521	-1	5
JAVYTI010000007	3733	3852	-1	6
JAVYTI010000007	3936	5765	1	7
JAVYTI010000007	5881	6060	1	8
JAVYTI010000007	6123	6548	-1	9
JAVYTI010000007	6923	7198	1	10
JAVYTI010000007	7433	8029	1	11
JAVYTI010000007	8310	9839	1	12
JAVYTI010000007	10324	11622	-1	13
JAVYTI010000007	12564	13121	-1	14
JAVYTI010000007	13162	14526	-1	15
JAVYTI010000007	14997	16091	1	16
JAVYTI010000007	16203	18035	1	17
JAVYTI010000007	18050	18526	1	18
JAVYTI010000007	18677	19006	1	19
JAVYTI010000007	19043	19537	-1	20
JAVYTI010000007	19624	20094	1	21
JAVYTI010000007	20097	21395	1	22
JAVYTI010000007	21436	21990	1	23
JAVYTI010000007	21987	22502	1	24
JAVYTI010000007	22603	23244	1	25
JAVYTI010000007	23269	24000	-1	26
JAVYTI010000007	23978	24844	-1	27
JAVYTI010000007	24807	25694	-1	28
JAVYTI010000007	25713	26909	-1	29
JAVYTI010000007	26951	27943	1	30
JAVYTI010000007	27946	28971	-1	31
JAVYTI010000007	29293	30453	-1	32
JAVYTI010000007	30515	30973	1	33
JAVYTI010000007	30968	32020	-1	34
JAVYTI010000007	32017	33087	-1	35
JAVYTI010000007	33089	35671	-1	36
JAVYTI010000007	35668	36441	-1	37
JAVYTI010000007	36448	36999	-1	38
JAVYTI010000007	37107	37826	1	39
JAVYTI010000007	37826	38194	1	40
JAVYTI010000007	38200	39354	1	41
JAVYTI010000007	39359	40768	1	42
JAVYTI010000007	40819	41175	1	43
JAVYTI010000007	41184	41696	-1	44
JAVYTI010000007	41698	42480	-1	45
JAVYTI010000007	42823	44271	1	46
JAVYTI010000007	44338	44670	1	47
JAVYTI010000007	44725	45198	1	48
JAVYTI010000007	45208	45411	-1	49
JAVYTI010000007	45454	45819	1	50
JAVYTI010000007	45883	47103	1	51
JAVYTI010000007	47156	49141	-1	52
JAVYTI010000007	49147	50046	-1	53
JAVYTI010000007	50112	50567	-1	54
JAVYTI010000007	50595	50798	-1	55
JAVYTI010000007	50924	51646	-1	56
JAVYTI010000007	51647	52150	-1	57
JAVYTI010000007	52316	55153	1	58
JAVYTI010000008	2	85	-1	1
JAVYTI010000008	179	922	1	2
JAVYTI010000008	974	1432	1	3
JAVYTI010000008	1436	2377	-1	4
JAVYTI010000008	2433	2612	1	5
JAVYTI010000008	2602	2985	1	6
JAVYTI010000008	2966	3313	1	7
JAVYTI010000008	3441	5396	-1	8
JAVYTI010000008	5393	6097	-1	9
JAVYTI010000008	6155	6517	1	10
JAVYTI010000008	6545	7636	-1	11
JAVYTI010000008	7772	9430	-1	12
JAVYTI010000008	9483	10157	1	13
JAVYTI010000008	10176	11084	-1	14
JAVYTI010000008	11084	11890	-1	15
JAVYTI010000008	11896	13203	-1	16
JAVYTI010000008	13221	13694	-1	17
JAVYTI010000008	13700	14653	-1	18
JAVYTI010000008	14702	15223	-1	19
JAVYTI010000008	15220	15927	-1	20
JAVYTI010000008	16022	17293	1	21
JAVYTI010000008	17410	18939	-1	22
JAVYTI010000008	18948	19826	-1	23
JAVYTI010000008	19829	20683	-1	24
JAVYTI010000008	20715	22118	-1	25
JAVYTI010000008	22171	23067	-1	26
JAVYTI010000008	23174	23872	1	27
JAVYTI010000008	23853	25358	1	28
JAVYTI010000008	25345	26370	-1	29
JAVYTI010000008	26499	27263	1	30
JAVYTI010000008	27342	27980	1	31
JAVYTI010000008	28383	29234	1	32
JAVYTI010000008	29281	29829	1	33
JAVYTI010000008	30119	31897	-1	34
JAVYTI010000008	32117	32866	-1	35
JAVYTI010000008	32867	33646	-1	36
JAVYTI010000008	33650	34648	-1	37
JAVYTI010000008	34740	35816	-1	38
JAVYTI010000008	35832	36701	-1	39
JAVYTI010000008	36759	37484	-1	40
JAVYTI010000008	37571	38617	-1	41
JAVYTI010000008	38628	39431	-1	42
JAVYTI010000008	39419	40282	-1	43
JAVYTI010000008	40309	41613	-1	44
JAVYTI010000008	41747	42157	-1	45
JAVYTI010000008	42352	43929	1	46
JAVYTI010000008	44007	45161	1	47
JAVYTI010000008	45176	45835	1	48
JAVYTI010000008	45836	46213	1	49
JAVYTI010000008	46203	46550	1	50
JAVYTI010000008	46567	47610	-1	51
JAVYTI010000008	47763	48614	-1	52
JAVYTI010000008	48699	49418	-1	53
JAVYTI010000009	24	1787	1	1
JAVYTI010000009	1784	3037	1	2
JAVYTI010000009	3027	3392	1	3
JAVYTI010000009	3441	3968	-1	4
JAVYTI010000009	4014	5141	-1	5
JAVYTI010000009	5209	6546	-1	6
JAVYTI010000009	6577	7245	-1	7
JAVYTI010000009	7309	7758	1	8
JAVYTI010000009	7851	8912	-1	9
JAVYTI010000009	8995	10305	1	10
JAVYTI010000009	10340	11287	1	11
JAVYTI010000009	11290	12129	1	12
JAVYTI010000009	12134	13210	1	13
JAVYTI010000009	13203	14216	-1	14
JAVYTI010000009	14275	14562	-1	15
JAVYTI010000009	14614	16707	-1	16
JAVYTI010000009	16704	17381	-1	17
JAVYTI010000009	17452	17574	1	18
JAVYTI010000009	17677	18189	1	19
JAVYTI010000009	18186	18623	-1	20
JAVYTI010000009	18643	19518	-1	21
JAVYTI010000009	19554	20489	-1	22
JAVYTI010000009	20489	21304	-1	23
JAVYTI010000009	21427	23001	1	24
JAVYTI010000009	23057	23890	1	25
JAVYTI010000009	23940	25130	1	26
JAVYTI010000009	25272	26096	1	27
JAVYTI010000009	26100	26954	-1	28
JAVYTI010000009	27125	28627	-1	29
JAVYTI010000009	28706	29317	-1	30
JAVYTI010000009	29387	30859	1	31
JAVYTI010000009	31091	31252	1	32
JAVYTI010000009	31507	32364	1	33
JAVYTI010000009	32673	34265	1	34
JAVYTI010000009	34294	35316	1	35
JAVYTI010000009	35316	36197	1	36
JAVYTI010000009	36194	37141	1	37
JAVYTI010000009	37119	38120	1	38
JAVYTI010000009	38117	38809	-1	39
JAVYTI010000009	38950	39780	1	40
JAVYTI010000009	39811	41757	1	41
JAVYTI010000009	41814	42155	1	42
JAVYTI010000009	42180	42869	1	43
JAVYTI010000009	42882	45989	-1	44
JAVYTI010000009	46164	47642	1	45
JAVYTI010000009	47687	48196	1	46
JAVYTI010000010	3	341	-1	1
JAVYTI010000010	418	1122	-1	2
JAVYTI010000010	1115	1891	-1	3
JAVYTI010000010	1884	2930	-1	4
JAVYTI010000010	2937	3887	-1	5
JAVYTI010000010	3904	5316	-1	6
JAVYTI010000010	5417	6379	-1	7
JAVYTI010000010	6558	8087	-1	8
JAVYTI010000010	8158	9174	-1	9
JAVYTI010000010	9231	10460	-1	10
JAVYTI010000010	10465	11328	-1	11
JAVYTI010000010	11338	12057	-1	12
JAVYTI010000010	12059	12811	-1	13
JAVYTI010000010	12813	13592	-1	14
JAVYTI010000010	13595	14392	-1	15
JAVYTI010000010	14398	15969	-1	16
JAVYTI010000010	16164	16898	1	17
JAVYTI010000010	16919	17884	-1	18
JAVYTI010000010	17890	19062	-1	19
JAVYTI010000010	19135	19749	-1	20
JAVYTI010000010	19848	21617	1	21
JAVYTI010000010	21625	23073	-1	22
JAVYTI010000010	23063	23764	-1	23
JAVYTI010000010	23880	24242	-1	24
JAVYTI010000010	24334	25689	1	25
JAVYTI010000010	25909	26352	1	26
JAVYTI010000010	26295	27242	1	27
JAVYTI010000010	27430	27678	1	28
JAVYTI010000010	27683	27985	1	29
JAVYTI010000010	27985	29892	1	30
JAVYTI010000010	29882	30823	1	31
JAVYTI010000010	30838	31365	-1	32
JAVYTI010000010	31403	32407	-1	33
JAVYTI010000010	32609	33028	-1	34
JAVYTI010000010	33038	33889	-1	35
JAVYTI010000010	33894	35132	-1	36
JAVYTI010000010	35234	36376	1	37
JAVYTI010000010	36387	36620	-1	38
JAVYTI010000010	36667	37257	-1	39
JAVYTI010000010	37259	37501	-1	40
JAVYTI010000010	37661	39643	-1	41
JAVYTI010000010	39615	39896	-1	42
JAVYTI010000010	39896	40642	-1	43
JAVYTI010000010	40834	41112	1	44
JAVYTI010000010	41109	41897	-1	45
JAVYTI010000010	41990	42691	1	46
JAVYTI010000010	42720	43517	1	47
JAVYTI010000010	43680	43991	1	48
JAVYTI010000011	1307	1900	-1	1
JAVYTI010000011	1964	2350	1	2
JAVYTI010000011	2380	3687	-1	3
JAVYTI010000011	3772	4251	-1	4
JAVYTI010000011	4269	4547	-1	5
JAVYTI010000011	4605	5564	-1	6
JAVYTI010000011	5658	7016	1	7
JAVYTI010000011	7087	7485	1	8
JAVYTI010000011	7545	8093	1	9
JAVYTI010000011	8034	8267	-1	10
JAVYTI010000011	8273	9295	-1	11
JAVYTI010000011	9309	10310	-1	12
JAVYTI010000011	10386	10595	-1	13
JAVYTI010000011	10588	11175	-1	14
JAVYTI010000011	11354	11944	-1	15
JAVYTI010000011	12015	12974	1	16
JAVYTI010000011	13040	13528	1	17
JAVYTI010000011	13515	13706	-1	18
JAVYTI010000011	13720	13941	-1	19
JAVYTI010000011	14007	14177	-1	20
JAVYTI010000011	14289	14666	1	21
JAVYTI010000011	14750	15070	1	22
JAVYTI010000011	15073	15423	-1	23
JAVYTI010000011	15488	16510	1	24
JAVYTI010000011	16535	18136	1	25
JAVYTI010000011	18120	19118	1	26
JAVYTI010000011	19185	20084	1	27
JAVYTI010000011	20092	21000	-1	28
JAVYTI010000011	21021	21422	-1	29
JAVYTI010000011	21429	21692	-1	30
JAVYTI010000011	22039	22350	1	31
JAVYTI010000011	22400	23056	1	32
JAVYTI010000011	23148	23555	1	33
JAVYTI010000011	23577	23894	-1	34
JAVYTI010000011	24091	24336	1	35
JAVYTI010000011	24377	25423	-1	36
JAVYTI010000011	25494	26066	1	37
JAVYTI010000011	26059	26355	1	38
JAVYTI010000011	26352	27536	1	39
JAVYTI010000011	27547	28485	1	40
JAVYTI010000011	28569	32408	1	41
JAVYTI010000011	32413	32940	-1	42
JAVYTI010000011	33768	34493	-1	43
JAVYTI010000011	34478	35470	-1	44
JAVYTI010000011	35480	35638	-1	45
JAVYTI010000011	35643	35954	-1	46
JAVYTI010000011	36278	36793	1	47
JAVYTI010000011	36790	37809	-1	48
JAVYTI010000011	37827	38123	-1	49
JAVYTI010000011	38258	38518	1	50
JAVYTI010000011	38530	39576	1	51
JAVYTI010000011	39756	41105	1	52
JAVYTI010000011	41146	41376	1	53
JAVYTI010000011	41380	41616	1	54
JAVYTI010000011	41776	42099	-1	55
JAVYTI010000011	42228	42338	1	56
JAVYTI010000012	3	317	-1	1
JAVYTI010000012	310	984	-1	2
JAVYTI010000012	1054	1377	1	3
JAVYTI010000012	1600	2022	-1	4
JAVYTI010000012	2003	2245	-1	5
JAVYTI010000012	2395	3153	1	6
JAVYTI010000012	3153	4658	1	7
JAVYTI010000012	4775	5023	1	8
JAVYTI010000012	5008	5403	1	9
JAVYTI010000012	5581	6483	-1	10
JAVYTI010000012	6801	8435	1	11
JAVYTI010000012	8500	8781	1	12
JAVYTI010000012	8816	9175	-1	13
JAVYTI010000012	9200	9598	-1	14
JAVYTI010000012	9710	10984	1	15
JAVYTI010000012	11041	11676	1	16
JAVYTI010000012	11673	11882	1	17
JAVYTI010000012	11857	14247	1	18
JAVYTI010000012	15156	15968	1	19
JAVYTI010000012	15948	16220	-1	20
JAVYTI010000012	16274	17116	-1	21
JAVYTI010000012	17118	17852	-1	22
JAVYTI010000012	17849	18547	-1	23
JAVYTI010000012	18556	19263	-1	24
JAVYTI010000012	19338	20051	-1	25
JAVYTI010000012	20124	21272	-1	26
JAVYTI010000012	21323	21727	1	27
JAVYTI010000012	21791	22030	1	28
JAVYTI010000012	22120	22680	1	29
JAVYTI010000012	22673	24763	1	30
JAVYTI010000012	24780	27005	1	31
JAVYTI010000012	27083	28924	-1	32
JAVYTI010000012	29067	29252	-1	33
JAVYTI010000012	29402	30733	-1	34
JAVYTI010000012	30985	31392	-1	35
JAVYTI010000012	31571	32878	-1	36
JAVYTI010000012	32912	34120	-1	37
JAVYTI010000012	34139	34597	-1	38
JAVYTI010000012	34667	34978	-1	39
JAVYTI010000012	35038	35211	-1	40
JAVYTI010000012	35255	36139	-1	41
JAVYTI010000012	36440	37294	1	42
JAVYTI010000012	37518	39548	1	43
JAVYTI010000012	39926	40051	1	44
JAVYTI010000013	70	456	1	1
JAVYTI010000013	459	764	1	2
JAVYTI010000013	751	2646	-1	3
JAVYTI010000013	2653	4014	-1	4
JAVYTI010000013	4168	4320	1	5
JAVYTI010000013	4333	4704	-1	6
JAVYTI010000013	4701	4991	-1	7
JAVYTI010000013	5157	5771	-1	8
JAVYTI010000013	5895	6359	1	9
JAVYTI010000013	6375	7145	-1	10
JAVYTI010000013	7103	8473	-1	11
JAVYTI010000013	8460	9023	-1	12
JAVYTI010000013	9016	9429	-1	13
JAVYTI010000013	9539	10324	1	14
JAVYTI010000013	10335	11027	-1	15
JAVYTI010000013	11084	12028	-1	16
JAVYTI010000013	12175	12750	-1	17
JAVYTI010000013	13011	13295	-1	18
JAVYTI010000013	13400	14671	1	19
JAVYTI010000013	14668	15369	1	20
JAVYTI010000013	15431	16354	1	21
JAVYTI010000013	16416	17570	1	22
JAVYTI010000013	17557	17988	-1	23
JAVYTI010000013	18054	18611	-1	24
JAVYTI010000013	18701	19255	-1	25
JAVYTI010000013	19298	20287	-1	26
JAVYTI010000013	20294	21256	-1	27
JAVYTI010000013	21237	22142	-1	28
JAVYTI010000013	22172	22489	-1	29
JAVYTI010000013	22479	23249	-1	30
JAVYTI010000013	23263	23745	-1	31
JAVYTI010000013	23723	24274	-1	32
JAVYTI010000013	24323	25348	-1	33
JAVYTI010000013	25412	26029	1	34
JAVYTI010000013	26110	28500	1	35
JAVYTI010000013	28511	29164	-1	36
JAVYTI010000013	29165	29437	-1	37
JAVYTI010000013	29523	30500	-1	38
JAVYTI010000013	30579	31046	1	39
JAVYTI010000013	31102	31455	1	40
JAVYTI010000013	31458	31784	-1	41
JAVYTI010000013	32175	33074	-1	42
JAVYTI010000013	33944	34738	1	43
JAVYTI010000013	35579	36244	1	44
JAVYTI010000014	1	453	1	1
JAVYTI010000014	462	1790	-1	2
JAVYTI010000014	1787	3178	-1	3
JAVYTI010000014	3259	4269	1	4
JAVYTI010000014	4286	5398	1	5
JAVYTI010000014	5395	6402	-1	6
JAVYTI010000014	6475	6912	1	7
JAVYTI010000014	6902	7429	-1	8
JAVYTI010000014	7429	7857	-1	9
JAVYTI010000014	7848	8126	-1	10
JAVYTI010000014	8271	9335	1	11
JAVYTI010000014	9376	9813	1	12
JAVYTI010000014	9810	10286	-1	13
JAVYTI010000014	10371	10763	-1	14
JAVYTI010000014	11035	11373	-1	15
JAVYTI010000014	11484	11738	1	16
JAVYTI010000014	11726	12145	1	17
JAVYTI010000014	12142	13341	-1	18
JAVYTI010000014	13462	14769	1	19
JAVYTI010000014	14772	15035	1	20
JAVYTI010000014	15032	15574	1	21
JAVYTI010000014	15589	16077	1	22
JAVYTI010000014	16058	16669	1	23
JAVYTI010000014	16614	17327	-1	24
JAVYTI010000014	17328	17561	-1	25
JAVYTI010000014	17711	18394	1	26
JAVYTI010000014	18438	18914	1	27
JAVYTI010000014	18914	19330	1	28
JAVYTI010000014	19341	20111	1	29
JAVYTI010000014	20141	20494	1	30
JAVYTI010000014	20613	21350	-1	31
JAVYTI010000014	21353	22852	-1	32
JAVYTI010000014	22947	23429	1	33
JAVYTI010000014	23484	24017	-1	34
JAVYTI010000014	24050	24715	-1	35
JAVYTI010000014	24858	26273	1	36
JAVYTI010000014	26357	27211	1	37
JAVYTI010000014	27266	28036	1	38
JAVYTI010000014	28021	28860	1	39
JAVYTI010000014	28857	29657	1	40
JAVYTI010000014	29669	30952	-1	41
JAVYTI010000014	30952	31854	-1	42
JAVYTI010000014	32059	32295	1	43
JAVYTI010000014	32276	32725	1	44
JAVYTI010000014	32830	32988	-1	45
JAVYTI010000014	33122	33703	1	46
JAVYTI010000014	33815	34366	1	47
JAVYTI010000014	34406	34513	1	48
JAVYTI010000015	1	3234	1	1
JAVYTI010000015	3244	5910	1	2
JAVYTI010000015	5903	7105	1	3
JAVYTI010000015	7111	7422	1	4
JAVYTI010000015	7419	7868	1	5
JAVYTI010000015	7960	8403	1	6
JAVYTI010000015	8410	9282	1	7
JAVYTI010000015	9328	9690	1	8
JAVYTI010000015	9705	10163	1	9
JAVYTI010000015	10170	10568	1	10
JAVYTI010000015	10747	10989	-1	11
JAVYTI010000015	11051	11797	1	12
JAVYTI010000015	12938	13582	1	13
JAVYTI010000015	13644	14513	1	14
JAVYTI010000015	14532	15626	1	15
JAVYTI010000015	15636	16082	1	16
JAVYTI010000015	16089	16478	-1	17
JAVYTI010000015	16552	18000	1	18
JAVYTI010000015	18058	18660	1	19
JAVYTI010000015	18741	19718	1	20
JAVYTI010000015	19725	20990	1	21
JAVYTI010000015	20981	22285	-1	22
JAVYTI010000015	22381	22866	-1	23
JAVYTI010000015	22848	23960	-1	24
JAVYTI010000015	23951	24823	-1	25
JAVYTI010000015	25156	25632	1	26
JAVYTI010000015	25635	26144	1	27
JAVYTI010000015	26147	26635	1	28
JAVYTI010000015	26868	27689	1	29
JAVYTI010000015	27773	28978	1	30
JAVYTI010000015	29021	29383	-1	31
JAVYTI010000015	29489	30040	-1	32
JAVYTI010000015	30003	30419	-1	33
JAVYTI010000015	30445	31212	-1	34
JAVYTI010000015	31250	31498	-1	35
JAVYTI010000016	2	394	1	1
JAVYTI010000016	391	1389	1	2
JAVYTI010000016	1425	2483	-1	3
JAVYTI010000016	2484	3170	-1	4
JAVYTI010000016	3186	3551	1	5
JAVYTI010000016	3555	5021	1	6
JAVYTI010000016	5055	5567	1	7
JAVYTI010000016	5584	7581	1	8
JAVYTI010000016	7649	9550	1	9
JAVYTI010000016	9547	10152	-1	10
JAVYTI010000016	10159	10452	-1	11
JAVYTI010000016	10531	11235	-1	12
JAVYTI010000016	11279	11791	-1	13
JAVYTI010000016	11877	12686	-1	14
JAVYTI010000016	12751	13392	-1	15
JAVYTI010000016	13680	14312	1	16
JAVYTI010000016	14414	14710	-1	17
JAVYTI010000016	14984	15784	1	18
JAVYTI010000016	15868	17100	-1	19
JAVYTI010000016	17401	18177	-1	20
JAVYTI010000016	18235	19860	1	21
JAVYTI010000016	19843	20739	-1	22
JAVYTI010000016	20740	21912	-1	23
JAVYTI010000016	21909	22169	-1	24
JAVYTI010000016	22150	22707	-1	25
JAVYTI010000016	22772	24103	1	26
JAVYTI010000016	24533	25870	1	27
JAVYTI010000016	26010	26588	-1	28
JAVYTI010000016	27060	27452	-1	29
JAVYTI010000016	28571	28831	1	30
JAVYTI010000016	28782	29429	1	31
JAVYTI010000016	29812	30024	-1	32
JAVYTI010000017	470	1324	-1	1
JAVYTI010000017	1297	1686	-1	2
JAVYTI010000017	1683	2522	-1	3
JAVYTI010000017	2519	3919	-1	4
JAVYTI010000017	3937	4617	-1	5
JAVYTI010000017	5252	5470	1	6
JAVYTI010000017	5415	5549	1	7
JAVYTI010000017	5658	6437	1	8
JAVYTI010000017	6944	7252	1	9
JAVYTI010000017	7596	10010	-1	10
JAVYTI010000017	10036	10212	-1	11
JAVYTI010000017	10622	11116	1	12
JAVYTI010000017	11442	11642	1	13
JAVYTI010000017	11639	11875	1	14
JAVYTI010000017	12737	13108	1	15
JAVYTI010000017	13095	14042	-1	16
JAVYTI010000017	14722	14910	1	17
JAVYTI010000017	15053	15994	1	18
JAVYTI010000017	15984	16622	-1	19
JAVYTI010000017	16755	17201	-1	20
JAVYTI010000017	17378	17986	-1	21
JAVYTI010000017	18127	18633	-1	22
JAVYTI010000017	18620	19207	-1	23
JAVYTI010000017	19415	23266	1	24
JAVYTI010000017	23571	25892	1	25
JAVYTI010000018	1	1530	-1	1
JAVYTI010000018	1601	2656	1	2
JAVYTI010000018	2661	3641	1	3
JAVYTI010000018	3692	5029	1	4
JAVYTI010000018	5073	5918	1	5
JAVYTI010000018	5972	6823	1	6
JAVYTI010000018	6859	7152	1	7
JAVYTI010000018	7149	7697	-1	8
JAVYTI010000018	8041	8781	1	9
JAVYTI010000018	8967	9899	1	10
JAVYTI010000018	9899	11137	1	11
JAVYTI010000018	11180	12052	-1	12
JAVYTI010000018	12129	12605	-1	13
JAVYTI010000018	12678	13487	1	14
JAVYTI010000018	13529	13861	-1	15
JAVYTI010000018	14041	14568	-1	16
JAVYTI010000018	14534	15832	-1	17
JAVYTI010000018	15947	16618	-1	18
JAVYTI010000018	16660	18123	-1	19
JAVYTI010000018	18128	19189	-1	20
JAVYTI010000018	19168	20142	-1	21
JAVYTI010000018	20379	21041	1	22
JAVYTI010000018	21800	22990	1	23
JAVYTI010000018	23027	23680	-1	24
JAVYTI010000018	23816	24004	-1	25
JAVYTI010000019	353	2011	1	1
JAVYTI010000019	2077	2661	1	2
JAVYTI010000019	2658	3104	1	3
JAVYTI010000019	3094	4053	-1	4
JAVYTI010000019	4046	5131	-1	5
JAVYTI010000019	5124	6209	-1	6
JAVYTI010000019	6276	7616	-1	7
JAVYTI010000019	7839	8249	1	8
JAVYTI010000019	8338	9327	1	9
JAVYTI010000019	9372	10214	1	10
JAVYTI010000019	10169	10852	1	11
JAVYTI010000019	10849	11529	-1	12
JAVYTI010000019	11511	12158	-1	13
JAVYTI010000019	12201	13130	1	14
JAVYTI010000019	13175	13672	1	15
JAVYTI010000019	13720	14082	1	16
JAVYTI010000019	14104	15444	1	17
JAVYTI010000019	15447	17840	1	18
JAVYTI010000019	17848	18885	-1	19
JAVYTI010000019	19101	21266	-1	20
JAVYTI010000019	21370	22512	1	21
JAVYTI010000019	22518	22889	-1	22
JAVYTI010000020	1	705	1	1
JAVYTI010000020	711	1925	-1	2
JAVYTI010000020	1985	2710	1	3
JAVYTI010000020	2768	3454	1	4
JAVYTI010000020	3546	4292	-1	5
JAVYTI010000020	4289	4939	-1	6
JAVYTI010000020	5007	6365	-1	7
JAVYTI010000020	6471	7361	-1	8
JAVYTI010000020	7548	8366	-1	9
JAVYTI010000020	8496	9263	1	10
JAVYTI010000020	9277	9996	1	11
JAVYTI010000020	10050	10475	1	12
JAVYTI010000020	10536	11696	1	13
JAVYTI010000020	11649	13241	-1	14
JAVYTI010000020	13309	14718	-1	15
JAVYTI010000020	14718	15557	-1	16
JAVYTI010000020	15767	16810	-1	17
JAVYTI010000020	16932	18689	1	18
JAVYTI010000020	18738	19337	1	19
JAVYTI010000020	19339	20322	1	20
JAVYTI010000020	20319	21662	-1	21
JAVYTI010000020	21659	22270	-1	22
JAVYTI010000021	2	202	1	1
JAVYTI010000021	327	554	1	2
JAVYTI010000021	861	1196	1	3
JAVYTI010000021	1730	3664	1	4
JAVYTI010000021	3934	4161	1	5
JAVYTI010000021	4198	4566	1	6
JAVYTI010000021	4667	6091	-1	7
JAVYTI010000021	6177	6824	-1	8
JAVYTI010000021	6787	7692	-1	9
JAVYTI010000021	7699	9048	-1	10
JAVYTI010000021	9321	10619	-1	11
JAVYTI010000021	10884	11747	-1	12
JAVYTI010000021	11917	12411	-1	13
JAVYTI010000021	12408	12653	-1	14
JAVYTI010000021	13044	13271	1	15
JAVYTI010000021	13268	13384	1	16
JAVYTI010000021	13384	13530	1	17
JAVYTI010000021	14224	15900	1	18
JAVYTI010000021	15962	16795	1	19
JAVYTI010000021	16782	17351	1	20
JAVYTI010000021	17425	18237	1	21
JAVYTI010000021	18296	18535	1	22
JAVYTI010000021	18877	19839	-1	23
JAVYTI010000021	19845	20846	-1	24
JAVYTI010000021	20843	21949	-1	25
JAVYTI010000021	21962	22270	-1	26
JAVYTI010000022	250	339	1	1
JAVYTI010000022	890	2032	-1	2
JAVYTI010000022	2051	3331	-1	3
JAVYTI010000022	3349	4359	-1	4
JAVYTI010000022	4381	6531	-1	5
JAVYTI010000022	6693	7031	1	6
JAVYTI010000022	7031	7339	1	7
JAVYTI010000022	7352	8350	1	8
JAVYTI010000022	8356	8976	-1	9
JAVYTI010000022	9048	10928	-1	10
JAVYTI010000022	11003	11710	-1	11
JAVYTI010000022	11688	12080	-1	12
JAVYTI010000022	12128	12673	1	13
JAVYTI010000022	12889	13197	-1	14
JAVYTI010000022	13267	14568	-1	15
JAVYTI010000022	14704	14991	1	16
JAVYTI010000022	14993	15190	1	17
JAVYTI010000022	15326	16126	1	18
JAVYTI010000022	16559	18769	-1	19
JAVYTI010000022	18811	19038	1	20
JAVYTI010000022	19081	19419	1	21
JAVYTI010000022	19419	20054	1	22
JAVYTI010000022	20079	20663	1	23
JAVYTI010000022	20650	21504	-1	24
JAVYTI010000022	21605	21799	1	25
JAVYTI010000023	2	658	-1	1
JAVYTI010000023	723	2132	-1	2
JAVYTI010000023	2190	3110	1	3
JAVYTI010000023	3127	4539	-1	4
JAVYTI010000023	4566	5228	-1	5
JAVYTI010000023	5230	6561	-1	6
JAVYTI010000023	6609	7490	-1	7
JAVYTI010000023	7611	7988	1	8
JAVYTI010000023	8028	9317	1	9
JAVYTI010000023	9351	10202	1	10
JAVYTI010000023	10204	10488	-1	11
JAVYTI010000023	10519	11505	-1	12
JAVYTI010000023	11624	12037	-1	13
JAVYTI010000023	12040	12783	-1	14
JAVYTI010000023	13016	13465	1	15
JAVYTI010000023	13489	14475	-1	16
JAVYTI010000023	14630	15709	1	17
JAVYTI010000023	15763	16242	1	18
JAVYTI010000023	16319	17158	1	19
JAVYTI010000023	17179	17514	-1	20
JAVYTI010000023	17511	17795	-1	21
JAVYTI010000023	17939	18790	1	22
JAVYTI010000023	18803	19789	-1	23
JAVYTI010000024	33	428	1	1
JAVYTI010000024	429	1157	1	2
JAVYTI010000024	1232	1618	1	3
JAVYTI010000024	1640	2494	-1	4
JAVYTI010000024	2591	3535	-1	5
JAVYTI010000024	3677	4711	-1	6
JAVYTI010000024	4831	6288	-1	7
JAVYTI010000024	6307	8265	-1	8
JAVYTI010000024	8307	9539	-1	9
JAVYTI010000024	9714	10577	-1	10
JAVYTI010000024	10673	11233	-1	11
JAVYTI010000024	11184	11684	-1	12
JAVYTI010000024	11686	11985	-1	13
JAVYTI010000024	12282	12524	-1	14
JAVYTI010000024	12521	12805	-1	15
JAVYTI010000024	12860	13159	-1	16
JAVYTI010000024	13417	13884	-1	17
JAVYTI010000024	13964	14392	-1	18
JAVYTI010000024	14752	14991	1	19
JAVYTI010000024	15110	15598	-1	20
JAVYTI010000024	15722	16957	-1	21
JAVYTI010000024	17094	17366	-1	22
JAVYTI010000024	17474	17710	-1	23
JAVYTI010000024	17912	18400	1	24
JAVYTI010000024	18372	18500	-1	25
JAVYTI010000025	3	515	-1	1
JAVYTI010000025	556	1413	-1	2
JAVYTI010000025	1503	2234	1	3
JAVYTI010000025	2361	4082	1	4
JAVYTI010000025	4129	4524	-1	5
JAVYTI010000025	4502	4738	-1	6
JAVYTI010000025	4883	7024	-1	7
JAVYTI010000025	7159	8403	1	8
JAVYTI010000025	8425	9549	-1	9
JAVYTI010000025	9923	10879	-1	10
JAVYTI010000025	10876	11856	-1	11
JAVYTI010000025	11859	12734	-1	12
JAVYTI010000025	12736	13749	-1	13
JAVYTI010000025	13801	15753	-1	14
JAVYTI010000025	15908	17464	1	15
JAVYTI010000025	17461	17694	1	16
JAVYTI010000025	17681	17905	1	17
JAVYTI010000026	1	1425	1	1
JAVYTI010000026	1510	3213	1	2
JAVYTI010000026	3210	4511	-1	3
JAVYTI010000026	4511	5809	-1	4
JAVYTI010000026	5887	6675	-1	5
JAVYTI010000026	6755	7312	-1	6
JAVYTI010000026	7418	8089	1	7
JAVYTI010000026	8141	9100	1	8
JAVYTI010000026	9108	10127	-1	9
JAVYTI010000026	10252	11310	-1	10
JAVYTI010000026	11324	12064	-1	11
JAVYTI010000026	12156	12485	-1	12
JAVYTI010000026	12507	13073	-1	13
JAVYTI010000026	13159	13422	-1	14
JAVYTI010000026	13583	14848	1	15
JAVYTI010000026	14865	15221	1	16
JAVYTI010000026	15218	16603	1	17
JAVYTI010000026	16647	16964	1	18
JAVYTI010000026	16927	17697	1	19
JAVYTI010000026	17699	17830	-1	20
JAVYTI010000027	175	381	-1	1
JAVYTI010000027	1023	2642	-1	2
JAVYTI010000027	2639	3472	-1	3
JAVYTI010000027	3485	4477	-1	4
JAVYTI010000027	4491	5657	-1	5
JAVYTI010000027	5671	7293	-1	6
JAVYTI010000027	8405	9346	-1	7
JAVYTI010000027	9446	9841	1	8
JAVYTI010000027	9767	10468	-1	9
JAVYTI010000027	10471	13038	-1	10
JAVYTI010000027	13035	13898	-1	11
JAVYTI010000027	14973	15095	-1	12
JAVYTI010000027	15372	15632	-1	13
JAVYTI010000027	15981	16145	1	14
JAVYTI010000028	1	69	1	1
JAVYTI010000028	78	680	1	2
JAVYTI010000028	680	1564	1	3
JAVYTI010000028	1572	1928	-1	4
JAVYTI010000028	1991	4828	-1	5
JAVYTI010000028	4934	6430	-1	6
JAVYTI010000028	6721	8634	1	7
JAVYTI010000028	8643	9521	-1	8
JAVYTI010000028	9531	9779	-1	9
JAVYTI010000028	9836	10528	-1	10
JAVYTI010000028	10634	13759	1	11
JAVYTI010000028	13790	15187	1	12
JAVYTI010000028	15242	15862	-1	13
JAVYTI010000029	1	726	1	1
JAVYTI010000029	794	1642	1	2
JAVYTI010000029	1635	2246	-1	3
JAVYTI010000029	2261	2914	-1	4
JAVYTI010000029	2892	3521	-1	5
JAVYTI010000029	3526	4758	-1	6
JAVYTI010000029	4898	5602	1	7
JAVYTI010000029	5599	6483	-1	8
JAVYTI010000029	6483	7598	-1	9
JAVYTI010000029	7702	8148	1	10
JAVYTI010000029	8194	9597	1	11
JAVYTI010000029	9590	10375	-1	12
JAVYTI010000029	10323	10904	-1	13
JAVYTI010000029	11372	12247	1	14
JAVYTI010000029	12253	12690	-1	15
JAVYTI010000029	12736	13287	-1	16
JAVYTI010000029	13302	15164	-1	17
JAVYTI010000030	2	739	-1	1
JAVYTI010000030	768	1430	-1	2
JAVYTI010000030	1423	1731	-1	3
JAVYTI010000030	1784	2119	-1	4
JAVYTI010000030	2319	3155	-1	5
JAVYTI010000030	3193	3543	-1	6
JAVYTI010000030	3608	4024	-1	7
JAVYTI010000030	4014	4292	-1	8
JAVYTI010000030	4362	5117	-1	9
JAVYTI010000030	5225	6343	1	10
JAVYTI010000030	6471	6713	1	11
JAVYTI010000030	6661	7056	1	12
JAVYTI010000030	7238	8422	1	13
JAVYTI010000030	8499	9473	1	14
JAVYTI010000030	9460	10269	1	15
JAVYTI010000030	10266	11042	1	16
JAVYTI010000030	11048	12094	-1	17
JAVYTI010000030	12203	12994	1	18
JAVYTI010000031	2	406	-1	1
JAVYTI010000031	480	1250	-1	2
JAVYTI010000031	1450	2190	-1	3
JAVYTI010000031	2192	3052	-1	4
JAVYTI010000031	3077	3583	-1	5
JAVYTI010000031	3631	3981	1	6
JAVYTI010000031	3988	5073	-1	7
JAVYTI010000031	5143	6453	1	8
JAVYTI010000031	6460	7488	1	9
JAVYTI010000031	7587	8030	1	10
JAVYTI010000031	8084	9445	-1	11
JAVYTI010000031	9507	10076	-1	12
JAVYTI010000031	10118	11929	-1	13
JAVYTI010000031	11989	12264	-1	14
JAVYTI010000031	12356	12484	-1	15
JAVYTI010000032	2	67	1	1
JAVYTI010000032	288	596	1	2
JAVYTI010000032	600	1271	1	3
JAVYTI010000032	1268	2953	-1	4
JAVYTI010000032	2970	3923	-1	5
JAVYTI010000032	3905	4165	-1	6
JAVYTI010000032	4224	6014	1	7
JAVYTI010000032	6015	6623	-1	8
JAVYTI010000032	6948	7418	1	9
JAVYTI010000032	7670	8125	1	10
JAVYTI010000032	8134	8751	1	11
JAVYTI010000032	8748	8981	1	12
JAVYTI010000032	8978	9262	1	13
JAVYTI010000032	9331	9660	1	14
JAVYTI010000032	9672	10097	1	15
JAVYTI010000032	10112	10801	1	16
JAVYTI010000032	10985	11542	1	17
JAVYTI010000032	11432	12265	-1	18
JAVYTI010000033	2	877	-1	1
JAVYTI010000033	917	3064	-1	2
JAVYTI010000033	3396	4460	1	3
JAVYTI010000033	4489	5106	1	4
JAVYTI010000033	5178	6539	1	5
JAVYTI010000033	6544	6807	1	6
JAVYTI010000033	6788	8047	1	7
JAVYTI010000033	8074	8514	-1	8
JAVYTI010000033	8574	9974	-1	9
JAVYTI010000033	10194	10652	1	10
JAVYTI010000033	10627	11082	1	11
JAVYTI010000033	11217	11501	-1	12
JAVYTI010000034	1	144	1	1
JAVYTI010000034	242	616	1	2
JAVYTI010000034	730	1383	-1	3
JAVYTI010000034	1851	2405	-1	4
JAVYTI010000034	2980	3195	-1	5
JAVYTI010000034	3444	3641	-1	6
JAVYTI010000034	4241	4636	-1	7
JAVYTI010000034	4718	5710	-1	8
JAVYTI010000034	5736	6227	-1	9
JAVYTI010000034	6343	6663	1	10
JAVYTI010000034	6804	7067	-1	11
JAVYTI010000034	7067	7690	-1	12
JAVYTI010000034	7810	8061	-1	13
JAVYTI010000034	8272	9177	-1	14
JAVYTI010000034	9219	9854	-1	15
JAVYTI010000034	9943	10074	-1	16
JAVYTI010000035	3	599	-1	1
JAVYTI010000035	670	1224	-1	2
JAVYTI010000035	1354	2232	-1	3
JAVYTI010000035	2334	2696	1	4
JAVYTI010000035	3097	3339	1	5
JAVYTI010000035	3320	3736	1	6
JAVYTI010000035	3910	5280	-1	7
JAVYTI010000035	5328	5777	-1	8
JAVYTI010000035	5862	7139	1	9
JAVYTI010000035	7164	7964	1	10
JAVYTI010000035	8228	9253	-1	11
JAVYTI010000036	395	1498	1	1
JAVYTI010000036	1943	2224	1	2
JAVYTI010000036	2184	3737	1	3
JAVYTI010000036	3861	4205	-1	4
JAVYTI010000036	4830	6158	-1	5
JAVYTI010000036	6383	6589	1	6
JAVYTI010000036	6692	7639	-1	7
JAVYTI010000036	7623	8012	-1	8
JAVYTI010000036	8164	8655	-1	9
JAVYTI010000036	8640	9164	-1	10
JAVYTI010000037	1	381	1	1
JAVYTI010000037	856	996	-1	2
JAVYTI010000037	1234	2229	-1	3
JAVYTI010000037	2226	3665	-1	4
JAVYTI010000037	3655	4947	-1	5
JAVYTI010000037	5333	6433	1	6
JAVYTI010000037	6619	7641	1	7
JAVYTI010000037	7643	8413	1	8
JAVYTI010000037	8612	8725	-1	9
JAVYTI010000037	8886	9050	-1	10
JAVYTI010000038	3	533	-1	1
JAVYTI010000038	539	1903	-1	2
JAVYTI010000038	2027	3145	1	3
JAVYTI010000038	3152	3781	1	4
JAVYTI010000038	3805	4848	1	5
JAVYTI010000038	4936	5331	1	6
JAVYTI010000038	5464	5862	1	7
JAVYTI010000038	5846	6601	1	8
JAVYTI010000038	6601	7149	1	9
JAVYTI010000038	7155	7319	1	10
JAVYTI010000038	7333	7722	1	11
JAVYTI010000038	7712	8209	1	12
JAVYTI010000038	8215	8667	1	13
JAVYTI010000038	8660	8785	1	14
JAVYTI010000039	220	969	1	1
JAVYTI010000039	981	2636	-1	2
JAVYTI010000039	2739	3047	1	3
JAVYTI010000039	3059	4360	-1	4
JAVYTI010000039	4370	4996	-1	5
JAVYTI010000039	5020	5343	-1	6
JAVYTI010000039	5435	5716	-1	7
JAVYTI010000039	5723	6070	-1	8
JAVYTI010000039	6132	6407	-1	9
JAVYTI010000039	6466	6726	-1	10
JAVYTI010000039	7387	8640	1	11
JAVYTI010000040	1	432	1	1
JAVYTI010000040	1084	1455	1	2
JAVYTI010000040	1517	1819	1	3
JAVYTI010000040	1816	3681	-1	4
JAVYTI010000040	3686	3901	-1	5
JAVYTI010000040	4328	5599	1	6
JAVYTI010000040	5632	6081	-1	7
JAVYTI010000040	6152	6721	-1	8
JAVYTI010000040	6851	7303	-1	9
JAVYTI010000040	7426	8598	1	10
JAVYTI010000041	1	1071	1	1
JAVYTI010000041	1105	2160	1	2
JAVYTI010000041	2171	3295	1	3
JAVYTI010000041	3299	4435	1	4
JAVYTI010000041	4655	7258	1	5
JAVYTI010000041	7645	8409	1	6
JAVYTI010000042	1	309	-1	1
JAVYTI010000042	465	1139	1	2
JAVYTI010000042	1208	1690	1	3
JAVYTI010000042	1732	2145	-1	4
JAVYTI010000042	2132	2446	-1	5
JAVYTI010000042	2466	3584	1	6
JAVYTI010000042	3574	3774	1	7
JAVYTI010000042	3861	4100	1	8
JAVYTI010000042	4090	6189	-1	9
JAVYTI010000042	6300	7412	-1	10
JAVYTI010000042	7501	7974	-1	11
JAVYTI010000043	3	389	1	1
JAVYTI010000043	431	1705	-1	2
JAVYTI010000043	1813	2331	1	3
JAVYTI010000043	2522	2749	1	4
JAVYTI010000043	2746	3102	1	5
JAVYTI010000043	3332	3574	-1	6
JAVYTI010000043	3590	3994	-1	7
JAVYTI010000043	4024	4209	-1	8
JAVYTI010000043	4332	5036	1	9
JAVYTI010000043	5116	5358	1	10
JAVYTI010000043	5451	6248	-1	11
JAVYTI010000043	6475	7524	1	12
JAVYTI010000043	7624	7737	1	13
JAVYTI010000044	2	532	1	1
JAVYTI010000044	540	2330	1	2
JAVYTI010000044	2340	3131	1	3
JAVYTI010000044	3128	4468	1	4
JAVYTI010000044	4479	5510	-1	5
JAVYTI010000044	5695	6462	1	6
JAVYTI010000044	6475	7185	1	7
JAVYTI010000044	7195	7734	1	8
JAVYTI010000045	3	1805	1	1
JAVYTI010000045	1866	2165	1	2
JAVYTI010000045	2261	3232	1	3
JAVYTI010000045	3410	4741	1	4
JAVYTI010000045	4965	5783	1	5
JAVYTI010000045	5849	7402	-1	6
JAVYTI010000045	7410	7694	-1	7
JAVYTI010000046	3	98	-1	1
JAVYTI010000046	95	601	-1	2
JAVYTI010000046	618	1043	-1	3
JAVYTI010000046	1282	2454	1	4
JAVYTI010000046	3544	3690	1	5
JAVYTI010000046	3736	4482	-1	6
JAVYTI010000046	4494	4778	-1	7
JAVYTI010000046	4775	5575	-1	8
JAVYTI010000046	5583	6587	-1	9
JAVYTI010000046	6821	7033	-1	10
JAVYTI010000046	7230	7412	1	11
JAVYTI010000047	3	791	-1	1
JAVYTI010000047	844	999	1	2
JAVYTI010000047	1109	1366	-1	3
JAVYTI010000047	1429	1674	-1	4
JAVYTI010000047	1703	2299	-1	5
JAVYTI010000047	2302	4728	-1	6
JAVYTI010000047	4848	5615	-1	7
JAVYTI010000047	5673	6221	-1	8
JAVYTI010000048	114	1097	-1	1
JAVYTI010000048	1094	1675	-1	2
JAVYTI010000048	1710	1991	-1	3
JAVYTI010000048	2005	4218	-1	4
JAVYTI010000048	4221	4943	-1	5
JAVYTI010000048	4940	6109	-1	6
JAVYTI010000049	1	852	-1	1
JAVYTI010000049	1091	1768	1	2
JAVYTI010000049	1765	2286	1	3
JAVYTI010000049	2306	4786	-1	4
JAVYTI010000050	2	853	-1	1
JAVYTI010000050	828	1316	-1	2
JAVYTI010000050	1774	2001	1	3
JAVYTI010000050	2004	2411	1	4
JAVYTI010000050	2519	2710	-1	5
JAVYTI010000050	4328	4651	-1	6
JAVYTI010000050	4656	4934	-1	7
JAVYTI010000051	3	167	1	1
JAVYTI010000051	167	913	1	2
JAVYTI010000051	958	1206	1	3
JAVYTI010000051	1203	1853	1	4
JAVYTI010000051	1887	2213	1	5
JAVYTI010000051	2223	2426	1	6
JAVYTI010000051	2480	2839	1	7
JAVYTI010000051	2836	3057	1	8
JAVYTI010000051	3029	3670	1	9
JAVYTI010000051	3612	4127	1	10
JAVYTI010000051	4265	4456	1	11
JAVYTI010000052	197	1126	-1	1
JAVYTI010000052	1126	1305	-1	2
JAVYTI010000052	1355	1483	-1	3
JAVYTI010000052	1483	1683	-1	4
JAVYTI010000052	1731	1988	1	5
JAVYTI010000052	1985	2275	1	6
JAVYTI010000052	2244	2447	1	7
JAVYTI010000052	2439	2783	-1	8
JAVYTI010000052	2914	3657	-1	9
JAVYTI010000052	3668	4435	-1	10
JAVYTI010000053	3	89	1	1
JAVYTI010000053	134	568	1	2
JAVYTI010000053	583	2712	-1	3
JAVYTI010000053	2886	3941	-1	4
JAVYTI010000053	3947	4429	-1	5
JAVYTI010000054	3	668	1	1
JAVYTI010000054	874	1998	-1	2
JAVYTI010000054	1985	3847	-1	3
JAVYTI010000054	3956	4273	1	4
JAVYTI010000055	1	576	1	1
JAVYTI010000055	725	1831	1	2
JAVYTI010000055	1855	2805	-1	3
JAVYTI010000055	2962	3426	-1	4
JAVYTI010000055	3462	4100	1	5
JAVYTI010000056	3	320	1	1
JAVYTI010000056	314	2827	1	2
JAVYTI010000056	2832	3194	-1	3
JAVYTI010000056	3191	3745	-1	4
JAVYTI010000056	3942	4130	-1	5
JAVYTI010000057	3	563	-1	1
JAVYTI010000057	603	1511	-1	2
JAVYTI010000057	1634	3838	1	3
JAVYTI010000057	3925	4107	1	4
JAVYTI010000058	1	150	1	1
JAVYTI010000058	647	1561	1	2
JAVYTI010000058	2059	2898	1	3
JAVYTI010000058	3171	3578	-1	4
JAVYTI010000058	3565	3936	-1	5
JAVYTI010000059	2	592	1	1
JAVYTI010000059	636	1244	1	2
JAVYTI010000059	1250	1720	1	3
JAVYTI010000059	1988	2452	1	4
JAVYTI010000059	2455	3801	1	5
JAVYTI010000060	2	2023	-1	1
JAVYTI010000060	2082	2969	-1	2
JAVYTI010000060	2966	3643	-1	3
JAVYTI010000061	3	272	-1	1
JAVYTI010000061	286	567	-1	2
JAVYTI010000061	706	1299	1	3
JAVYTI010000061	1279	1818	-1	4
JAVYTI010000061	1874	2662	1	5
JAVYTI010000061	2666	3649	-1	6
JAVYTI010000062	3	1625	-1	1
JAVYTI010000062	1699	2811	1	2
JAVYTI010000062	2822	3481	-1	3
JAVYTI010000062	3543	3632	-1	4
JAVYTI010000063	3	197	1	1
JAVYTI010000063	203	1558	1	2
JAVYTI010000063	1710	2726	1	3
JAVYTI010000063	2772	3539	1	4
JAVYTI010000064	1	732	1	1
JAVYTI010000064	783	1007	1	2
JAVYTI010000064	1042	1803	-1	3
JAVYTI010000064	1809	2795	-1	4
JAVYTI010000064	2836	3186	-1	5
JAVYTI010000065	1	828	1	1
JAVYTI010000065	1278	1439	1	2
JAVYTI010000065	1624	1977	1	3
JAVYTI010000065	2040	2639	1	4
JAVYTI010000065	2721	2852	1	5
JAVYTI010000066	322	1662	1	1
JAVYTI010000066	1659	1946	1	2
JAVYTI010000066	2087	2383	-1	3
JAVYTI010000066	2565	2711	-1	4
JAVYTI010000066	2817	3062	-1	5
JAVYTI010000067	3	1388	-1	1
JAVYTI010000067	1454	2050	-1	2
JAVYTI010000067	2166	3080	1	3
JAVYTI010000068	20	1870	-1	1
JAVYTI010000068	1987	3006	1	2
JAVYTI010000069	1	783	-1	1
JAVYTI010000069	790	2187	-1	2
JAVYTI010000069	2151	2639	-1	3
JAVYTI010000070	3	77	-1	1
JAVYTI010000070	686	928	-1	2
JAVYTI010000070	1032	1172	1	3
JAVYTI010000070	1340	1519	1	4
JAVYTI010000070	1612	2100	-1	5
JAVYTI010000070	2088	2630	-1	6
JAVYTI010000071	1	825	1	1
JAVYTI010000071	873	1007	-1	2
JAVYTI010000071	1303	2328	1	3
JAVYTI010000071	2362	2631	-1	4
JAVYTI010000072	1	534	1	1
JAVYTI010000072	667	1002	1	2
JAVYTI010000072	999	2081	1	3
JAVYTI010000072	2095	2343	-1	4
JAVYTI010000073	3	1676	-1	1
JAVYTI010000073	1721	1975	-1	2
JAVYTI010000073	2117	2473	1	3
JAVYTI010000073	2525	2602	1	4
JAVYTI010000074	36	377	-1	1
JAVYTI010000074	490	1755	-1	2
JAVYTI010000074	1778	2572	-1	3
JAVYTI010000075	1	234	1	1
JAVYTI010000075	239	772	1	2
JAVYTI010000075	795	1250	-1	3
JAVYTI010000075	1294	1584	-1	4
JAVYTI010000075	1702	2550	1	5
JAVYTI010000076	1	531	1	1
JAVYTI010000076	528	1622	1	2
JAVYTI010000076	1693	2535	1	3
