Hmm	ORF	tlen	qlen	Eval	score	start	end	Acc	Pos	Cov_seq	Cov_hmm	strand
AbiEii_0_CAS-III	JAVYTI010000001_211	244	284	9.2e-06	22.1	203116	203847	JAVYTI010000001	211	0.3073770491803279	0.25	1
AbiEii_0_CAS-III	JAVYTI010000001_218	262	284	0.00083	15.7	209026	209811	JAVYTI010000001	218	0.31679389312977096	0.28169014084507044	-1
AbiEii_0_CAS-III	JAVYTI010000001_48	363	284	1.4e-05	21.5	50819	51907	JAVYTI010000001	48	0.20385674931129477	0.25704225352112675	1
AbiEii_0_CAS-III	JAVYTI010000001_57	247	284	6.7e-08	29.1	58553	59293	JAVYTI010000001	57	0.46153846153846156	0.3873239436619718	1
AbiEii_0_CAS-III	JAVYTI010000002_104	530	284	1.2e-09	34.9	93113	94702	JAVYTI010000002	104	0.26037735849056604	0.4014084507042254	1
AbiEii_0_CAS-III	JAVYTI010000002_27	323	284	0.00021	17.6	24162	25130	JAVYTI010000002	27	0.43653250773993807	0.4823943661971831	1
AbiEii_0_CAS-III	JAVYTI010000002_51	254	284	9.6e-06	22.0	48326	49087	JAVYTI010000002	51	0.4251968503937008	0.36971830985915494	-1
AbiEii_0_CAS-III	JAVYTI010000003_106	502	284	2.1e-07	27.5	98392	99897	JAVYTI010000003	106	0.40836653386454186	0.6091549295774648	-1
AbiEii_0_CAS-III	JAVYTI010000003_53	336	284	1.5e-06	24.6	41753	42760	JAVYTI010000003	53	0.2916666666666667	0.2852112676056338	-1
AbiEii_0_CAS-III	JAVYTI010000003_58	248	284	0.0087	12.3	48078	48821	JAVYTI010000003	58	0.20161290322580644	0.176056338028169	1
AbiEii_0_CAS-III	JAVYTI010000003_88	304	284	0.0014	14.9	76384	77295	JAVYTI010000003	88	0.24013157894736842	0.2535211267605634	1
AbiEii_0_CAS-III	JAVYTI010000004_10	542	284	3.2e-12	43.3	10430	12055	JAVYTI010000004	10	0.3210332103321033	0.3873239436619718	-1
AbiEii_0_CAS-III	JAVYTI010000005_36	269	284	0.00084	15.7	32944	33750	JAVYTI010000005	36	0.23048327137546468	0.2112676056338028	-1
AbiEii_0_CAS-III	JAVYTI010000005_38	276	284	0.00099	15.4	35007	35834	JAVYTI010000005	38	0.40217391304347827	0.36619718309859156	-1
AbiEii_0_CAS-III	JAVYTI010000005_39	284	284	6.1e-05	19.4	35840	36691	JAVYTI010000005	39	0.3204225352112676	0.3028169014084507	-1
AbiEii_0_CAS-III	JAVYTI010000005_53	315	284	6.3e-06	22.6	48128	49072	JAVYTI010000005	53	0.39365079365079364	0.4084507042253521	-1
AbiEii_0_CAS-III	JAVYTI010000005_75	243	284	0.001	15.4	70698	71426	JAVYTI010000005	75	0.34156378600823045	0.27816901408450706	-1
AbiEii_0_CAS-III	JAVYTI010000006_42	232	284	2.5e-07	27.2	40663	41358	JAVYTI010000006	42	0.44396551724137934	0.3345070422535211	1
AbiEii_0_CAS-III	JAVYTI010000006_59	299	284	1e-06	25.3	58108	59004	JAVYTI010000006	59	0.38127090301003347	0.38028169014084506	-1
AbiEii_0_CAS-III	JAVYTI010000007_27	289	284	4.6e-06	23.1	23978	24844	JAVYTI010000007	27	0.46366782006920415	0.47183098591549294	-1
AbiEii_0_CAS-III	JAVYTI010000007_28	296	284	0.00043	16.6	24807	25694	JAVYTI010000007	28	0.21283783783783783	0.22183098591549297	-1
AbiEii_0_CAS-III	JAVYTI010000008_11	364	284	4.7e-05	19.8	6545	7636	JAVYTI010000008	11	0.32142857142857145	0.4154929577464789	-1
AbiEii_0_CAS-III	JAVYTI010000008_37	333	284	6.2e-06	22.6	33650	34648	JAVYTI010000008	37	0.37537537537537535	0.426056338028169	-1
AbiEii_0_CAS-III	JAVYTI010000009_13	359	284	0.00073	15.9	12134	13210	JAVYTI010000009	13	0.25348189415041783	0.3415492957746479	1
AbiEii_0_CAS-III	JAVYTI010000009_37	316	284	0.00066	16.0	36194	37141	JAVYTI010000009	37	0.3829113924050633	0.4084507042253521	1
AbiEii_0_CAS-III	JAVYTI010000009_38	334	284	0.011	12.0	37119	38120	JAVYTI010000009	38	0.27245508982035926	0.3028169014084507	1
AbiEii_0_CAS-III	JAVYTI010000010_12	240	284	0.0033	13.7	11338	12057	JAVYTI010000010	12	0.32916666666666666	0.2640845070422535	-1
AbiEii_0_CAS-III	JAVYTI010000010_13	251	284	1.5e-07	28.0	12059	12811	JAVYTI010000010	13	0.5099601593625498	0.4225352112676056	-1
AbiEii_0_CAS-III	JAVYTI010000010_2	235	284	2.6e-07	27.2	418	1122	JAVYTI010000010	2	0.4127659574468085	0.3380281690140845	-1
AbiEii_0_CAS-III	JAVYTI010000010_3	259	284	0.00074	15.8	1115	1891	JAVYTI010000010	3	0.12355212355212356	0.10211267605633803	-1
AbiEii_0_CAS-III	JAVYTI010000011_28	303	284	0.0026	14.1	20092	21000	JAVYTI010000011	28	0.07590759075907591	0.08450704225352113	-1
AbiEii_0_CAS-III	JAVYTI010000012_18	797	284	3.9e-07	26.6	11857	14247	JAVYTI010000012	18	0.36511919698870765	0.676056338028169	1
AbiEii_0_CAS-III	JAVYTI010000012_3	108	284	2.4e-06	24.0	1054	1377	JAVYTI010000012	3	0.3055555555555556	0.11619718309859155	1
AbiEii_0_CAS-III	JAVYTI010000012_6	253	284	4.4e-07	26.4	2395	3153	JAVYTI010000012	6	0.3675889328063241	0.3028169014084507	1
AbiEii_0_CAS-III	JAVYTI010000014_31	246	284	0.0025	14.1	20613	21350	JAVYTI010000014	31	0.2682926829268293	0.22887323943661972	-1
AbiEii_0_CAS-III	JAVYTI010000014_39	280	284	7.5e-05	19.1	28021	28860	JAVYTI010000014	39	0.2892857142857143	0.27816901408450706	1
AbiEii_0_CAS-III	JAVYTI010000014_40	267	284	0.00024	17.4	28857	29657	JAVYTI010000014	40	0.3595505617977528	0.323943661971831	1
AbiEii_0_CAS-III	JAVYTI010000015_21	422	284	0.00068	16.0	19725	20990	JAVYTI010000015	21	0.045023696682464455	0.06690140845070422	1
AbiEii_0_CAS-III	JAVYTI010000017_1	285	284	2.2e-08	30.7	470	1324	JAVYTI010000017	1	0.20350877192982456	0.2007042253521127	-1
AbiEii_0_CAS-III	JAVYTI010000018_1	510	284	0.0045	13.3	1	1530	JAVYTI010000018	1	0.20784313725490197	0.36971830985915494	-1
AbiEii_0_CAS-III	JAVYTI010000019_20	722	284	6.4e-06	22.6	19101	21266	JAVYTI010000019	20	0.062326869806094184	0.08450704225352113	-1
AbiEii_0_CAS-III	JAVYTI010000021_23	321	284	0.0031	13.8	18877	19839	JAVYTI010000021	23	0.2585669781931464	0.2887323943661972	-1
AbiEii_0_CAS-III	JAVYTI010000025_11	327	284	0.0043	13.3	10876	11856	JAVYTI010000025	11	0.345565749235474	0.36619718309859156	-1
AbiEii_0_CAS-III	JAVYTI010000027_9	234	284	1e-05	22.0	9767	10468	JAVYTI010000027	9	0.5555555555555556	0.44366197183098594	-1
AbiEii_0_CAS-III	JAVYTI010000030_14	325	284	0.0053	13.0	8499	9473	JAVYTI010000030	14	0.08	0.09507042253521127	1
AbiEii_0_CAS-III	JAVYTI010000037_7	341	284	6.4e-07	25.9	6619	7641	JAVYTI010000037	7	0.31378299120234604	0.3485915492957746	1
AbiEii_0_CAS-III	JAVYTI010000044_6	256	284	1.1e-07	28.4	5695	6462	JAVYTI010000044	6	0.3359375	0.2887323943661972	1
AbiEii_0_CAS-III	JAVYTI010000044_7	237	284	0.00047	16.5	6475	7185	JAVYTI010000044	7	0.08860759493670886	0.07394366197183098	1
AbiEii_0_CAS-III	JAVYTI010000064_3	254	284	0.006	12.9	1042	1803	JAVYTI010000064	3	0.35826771653543305	0.3028169014084507	-1
AbiEii_1_CAS-III-A	JAVYTI010000001_117	325	335	6.3	2.5	117113	118087	JAVYTI010000001	117	0.5723076923076923	0.2507462686567164	-1
AbiEii_1_CAS-III-A	JAVYTI010000001_218	262	335	0.00083	15.3	209026	209811	JAVYTI010000001	218	0.3244274809160305	0.25671641791044775	-1
AbiEii_1_CAS-III-A	JAVYTI010000002_104	530	335	4.9e-05	19.3	93113	94702	JAVYTI010000002	104	0.22641509433962265	0.26865671641791045	1
AbiEii_1_CAS-III-A	JAVYTI010000004_10	542	335	0.026	10.4	10430	12055	JAVYTI010000004	10	0.1918819188191882	0.24776119402985075	-1
AbiEii_1_CAS-III-A	JAVYTI010000005_36	269	335	0.0085	11.9	32944	33750	JAVYTI010000005	36	0.17100371747211895	0.12835820895522387	-1
AbiEii_1_CAS-III-A	JAVYTI010000005_75	243	335	0.014	11.2	70698	71426	JAVYTI010000005	75	0.1934156378600823	0.13432835820895522	-1
AbiEii_1_CAS-III-A	JAVYTI010000006_42	232	335	0.0014	14.5	40663	41358	JAVYTI010000006	42	0.33620689655172414	0.23283582089552238	1
AbiEii_1_CAS-III-A	JAVYTI010000012_6	253	335	0.00087	15.2	2395	3153	JAVYTI010000012	6	0.30434782608695654	0.2417910447761194	1
AbiEii_1_CAS-III-A	JAVYTI010000027_9	234	335	0.0012	14.7	9767	10468	JAVYTI010000027	9	0.39316239316239315	0.2746268656716418	-1
AbiEii_1_CAS-III-A	JAVYTI010000044_6	256	335	0.013	11.3	5695	6462	JAVYTI010000044	6	0.2265625	0.17313432835820897	1
AbiEii_1_CAS-III-A	JAVYTI010000044_7	237	335	0.0036	13.2	6475	7185	JAVYTI010000044	7	0.20675105485232068	0.14029850746268657	1
AbiEii_2_CAS-III-C	JAVYTI010000006_42	232	440	0.00091	15.2	40663	41358	JAVYTI010000006	42	0.3232758620689655	0.16818181818181818	1
AbiEii_2_CAS-III-C	JAVYTI010000027_9	234	440	0.0027	13.7	9767	10468	JAVYTI010000027	9	0.32905982905982906	0.16818181818181818	-1
Cas10_0_IIIA	JAVYTI010000014_4	337	650	0.0058	12.0	3259	4269	JAVYTI010000014	4	0.08902077151335312	0.05692307692307692	1
Cas10_1_CAS-III	JAVYTI010000007_49	68	654	0.0048	12.2	45208	45411	JAVYTI010000007	49	0.6764705882352942	0.07033639143730887	-1
Cas10_1_CAS-III	JAVYTI010000014_4	337	654	5.7e-05	18.5	3259	4269	JAVYTI010000014	4	0.2314540059347181	0.11314984709480122	1
Cas10_1_CAS-III	JAVYTI010000038_10	55	654	0.0063	11.8	7155	7319	JAVYTI010000038	10	0.7272727272727273	0.06116207951070336	1
Cas10_1_CAS-III-B	JAVYTI010000002_87	396	121	0.00068	16.6	77374	78561	JAVYTI010000002	87	0.33585858585858586	0.7851239669421488	-1
Cas11_0_IV	JAVYTI010000022_9	207	114	0.0072	13.0	8356	8976	JAVYTI010000022	9	0.42028985507246375	0.4824561403508772	-1
Cas12a_1_CAS-V-A	JAVYTI010000026_18	106	1086	0.0051	11.4	16647	16964	JAVYTI010000026	18	0.4056603773584906	0.04143646408839779	1
Cas12f1_2_CAS-V-F	JAVYTI010000011_45	53	429	0.0046	12.7	35480	35638	JAVYTI010000011	45	0.5849056603773585	0.07226107226107226	-1
Cas12f2_1_CAS-V-F	JAVYTI010000003_83	289	422	0.0045	12.8	71501	72367	JAVYTI010000003	83	0.10726643598615918	0.07582938388625593	1
Cas12f2_1_CAS-V-F	JAVYTI010000004_55	330	422	2.2	3.9	52827	53816	JAVYTI010000004	55	0.15151515151515152	0.07345971563981042	-1
Cas12f2_1_CAS-V-F	JAVYTI010000004_58	402	422	0.00089	15.1	55277	56482	JAVYTI010000004	58	0.08706467661691543	0.08530805687203792	-1
Cas12f2_1_CAS-V-F	JAVYTI010000007_24	172	422	0.014	11.2	21987	22502	JAVYTI010000007	24	0.14534883720930233	0.05924170616113744	1
Cas12f2_1_CAS-V-F	JAVYTI010000011_45	53	422	0.00097	15.0	35480	35638	JAVYTI010000011	45	0.5471698113207547	0.06872037914691943	-1
Cas12f2_1_CAS-V-F	JAVYTI010000012_20	91	422	0.00084	15.2	15948	16220	JAVYTI010000012	20	0.45054945054945056	0.0947867298578199	-1
Cas12f2_1_CAS-V-F	JAVYTI010000012_40	58	422	0.0063	12.3	35038	35211	JAVYTI010000012	40	0.4827586206896552	0.06398104265402843	-1
Cas12f2_1_CAS-V-F	JAVYTI010000022_12	131	422	0.0095	11.7	11688	12080	JAVYTI010000022	12	0.22137404580152673	0.07345971563981042	-1
Cas12f2_1_CAS-V-F	JAVYTI010000022_17	66	422	0.0025	13.6	14993	15190	JAVYTI010000022	17	0.4696969696969697	0.07345971563981042	1
Cas12f2_1_CAS-V-F	JAVYTI010000026_12	110	422	0.0062	12.3	12156	12485	JAVYTI010000026	12	0.37272727272727274	0.06635071090047394	-1
Cas12f2_1_CAS-V-F	JAVYTI010000026_18	106	422	0.0023	13.7	16647	16964	JAVYTI010000026	18	0.5	0.10900473933649289	1
Cas12f2_1_CAS-V-F	JAVYTI010000045_5	273	422	0.021	10.6	4965	5783	JAVYTI010000045	5	0.09523809523809523	0.06398104265402843	1
Cas12f2_1_CAS-V-F	JAVYTI010000063_2	452	422	0.0066	12.2	203	1558	JAVYTI010000063	2	0.059734513274336286	0.06635071090047394	1
Cas12f2_2_CAS-V-F	JAVYTI010000007_24	172	493	0.0053	12.1	21987	22502	JAVYTI010000007	24	0.22674418604651161	0.08113590263691683	1
Cas12f2_2_CAS-V-F	JAVYTI010000011_45	53	493	0.0075	11.6	35480	35638	JAVYTI010000011	45	0.5471698113207547	0.058823529411764705	-1
Cas12f2_2_CAS-V-F	JAVYTI010000012_20	91	493	0.0036	12.6	15948	16220	JAVYTI010000012	20	0.43956043956043955	0.08113590263691683	-1
Cas12f2_2_CAS-V-F	JAVYTI010000026_18	106	493	0.0015	13.9	16647	16964	JAVYTI010000026	18	0.46226415094339623	0.0872210953346856	1
Cas12l_0_V-L	JAVYTI010000017_15	124	857	2.1e-05	19.3	12737	13108	JAVYTI010000017	15	0.2661290322580645	0.038506417736289385	1
Cas12m_0_V-M	JAVYTI010000003_83	289	577	3.3e-05	19.2	71501	72367	JAVYTI010000003	83	0.14186851211072665	0.07452339688041594	1
Cas12m_0_V-M	JAVYTI010000005_78	183	577	0.036	9.1	73799	74347	JAVYTI010000005	78	0.6666666666666666	0.22530329289428075	1
Cas13b_0_VIB1	JAVYTI010000011_41	1280	1097	0.006	11.3	28569	32408	JAVYTI010000011	41	0.09765625	0.10847766636280766	1
Cas13b_1_CAS-VI-B	JAVYTI010000011_41	1280	1101	0.012	10.1	28569	32408	JAVYTI010000011	41	0.09765625	0.11262488646684832	1
Cas1_0_CAS-I-II-III-IV-V-VI	JAVYTI010000034_6	66	317	7.4e-09	31.8	3444	3641	JAVYTI010000034	6	0.6212121212121212	0.15457413249211358	-1
Cas1_0_CAS-I-II-III-IV-V-VI	JAVYTI010000048_1	328	317	1.9e-44	148.7	114	1097	JAVYTI010000048	1	0.9054878048780488	0.9905362776025236	-1
Cas1_0_I-II-III	JAVYTI010000034_6	66	327	8.7e-09	31.5	3444	3641	JAVYTI010000034	6	0.8636363636363636	0.18042813455657492	-1
Cas1_0_I-II-III	JAVYTI010000048_1	328	327	9.1e-38	126.8	114	1097	JAVYTI010000048	1	0.8871951219512195	0.9571865443425076	-1
Cas1_0_I-II-III-V	JAVYTI010000012_34	444	315	0.0034	13.0	29402	30733	JAVYTI010000012	34	0.16666666666666666	0.23174603174603176	-1
Cas1_0_I-II-III-V	JAVYTI010000034_6	66	315	1.9e-07	26.9	3444	3641	JAVYTI010000034	6	0.6212121212121212	0.15555555555555556	-1
Cas1_0_I-II-III-V	JAVYTI010000048_1	328	315	2.1000000000000002e-36	122.1	114	1097	JAVYTI010000048	1	0.8902439024390244	0.9746031746031746	-1
Cas1_0_IA	JAVYTI010000048_1	328	347	5.8e-15	51.7	114	1097	JAVYTI010000048	1	0.5030487804878049	0.4668587896253602	-1
Cas1_0_IC	JAVYTI010000034_6	66	340	8.7e-05	18.5	3444	3641	JAVYTI010000034	6	0.3333333333333333	0.06470588235294118	-1
Cas1_0_IC	JAVYTI010000048_1	328	340	1.2e-13	47.7	114	1097	JAVYTI010000048	1	0.774390243902439	0.7352941176470589	-1
Cas1_0_IE	JAVYTI010000048_1	328	269	1.7e-12	43.8	114	1097	JAVYTI010000048	1	0.5274390243902439	0.6431226765799256	-1
Cas1_0_II	JAVYTI010000048_1	328	278	9e-19	64.5	114	1097	JAVYTI010000048	1	0.7408536585365854	0.8381294964028777	-1
Cas1_0_V	JAVYTI010000048_1	328	317	5.6e-08	28.9	114	1097	JAVYTI010000048	1	0.6585365853658537	0.6813880126182965	-1
Cas1_1_CAS-I-II-III-IV-V-VI	JAVYTI010000034_6	66	261	1.3e-07	27.9	3444	3641	JAVYTI010000034	6	0.4090909090909091	0.10344827586206896	-1
Cas1_1_CAS-I-II-III-IV-V-VI	JAVYTI010000048_1	328	261	8.7e-34	113.6	114	1097	JAVYTI010000048	1	0.7073170731707317	0.9348659003831418	-1
Cas1_3_CAS-I-II-III-IV-V-VI	JAVYTI010000048_1	328	262	1.6e-12	43.9	114	1097	JAVYTI010000048	1	0.5335365853658537	0.6679389312977099	-1
Cas1_4_CAS-I-II-III-IV-V-VI	JAVYTI010000034_6	66	275	0.014	11.3	3444	3641	JAVYTI010000034	6	0.3939393939393939	0.09090909090909091	-1
Cas1_4_CAS-I-II-III-IV-V-VI	JAVYTI010000048_1	328	275	2.4e-18	63.0	114	1097	JAVYTI010000048	1	0.8262195121951219	0.9309090909090909	-1
Cas1_5_CAS-I-II-III-IV-V-VI	JAVYTI010000034_6	66	338	7.2e-05	18.7	3444	3641	JAVYTI010000034	6	0.3333333333333333	0.0650887573964497	-1
Cas1_5_CAS-I-II-III-IV-V-VI	JAVYTI010000048_1	328	338	2.4e-13	46.6	114	1097	JAVYTI010000048	1	0.8048780487804879	0.8224852071005917	-1
Cas1_6_CAS-I-II-III-IV-V-VI	JAVYTI010000034_6	66	320	0.00077	15.5	3444	3641	JAVYTI010000034	6	0.3939393939393939	0.08125	-1
Cas1_6_CAS-I-II-III-IV-V-VI	JAVYTI010000048_1	328	320	1.5e-14	50.7	114	1097	JAVYTI010000048	1	0.7439024390243902	0.775	-1
Cas1_7_CAS-I-II-III-IV-V-VI	JAVYTI010000034_6	66	328	1.3e-08	31.0	3444	3641	JAVYTI010000034	6	0.42424242424242425	0.08536585365853659	-1
Cas1_7_CAS-I-II-III-IV-V-VI	JAVYTI010000048_1	328	328	3.9e-37	124.8	114	1097	JAVYTI010000048	1	0.899390243902439	0.9420731707317073	-1
Cas1_8_CAS-I-II-III-IV-V-VI	JAVYTI010000034_6	66	283	6.9e-08	28.7	3444	3641	JAVYTI010000034	6	0.3939393939393939	0.09187279151943463	-1
Cas1_8_CAS-I-II-III-IV-V-VI	JAVYTI010000048_1	328	283	1.8e-36	122.5	114	1097	JAVYTI010000048	1	0.7987804878048781	0.9787985865724381	-1
Cas2_0_CAS-I-II-III-IV-V-VI	JAVYTI010000048_3	94	90	2.6e-12	43.7	1710	1991	JAVYTI010000048	3	0.7872340425531915	0.8555555555555555	-1
Cas2_0_I-II-III	JAVYTI010000048_3	94	96	1.2e-12	44.6	1710	1991	JAVYTI010000048	3	0.8191489361702128	0.84375	-1
Cas2_0_I-II-III-V	JAVYTI010000048_3	94	83	1.8e-08	31.3	1710	1991	JAVYTI010000048	3	0.776595744680851	0.9156626506024096	-1
Cas2_0_IE	JAVYTI010000048_3	94	87	0.0042	13.9	1710	1991	JAVYTI010000048	3	0.6702127659574468	0.6551724137931034	-1
Cas2_11_CAS-I-II-III-IV-V-VI	JAVYTI010000048_3	94	71	2.5e-13	46.8	1710	1991	JAVYTI010000048	3	0.7446808510638298	0.9859154929577465	-1
Cas2_1_CAS-I-II-III-IV-V-VI	JAVYTI010000048_3	94	93	0.0039	14.1	1710	1991	JAVYTI010000048	3	0.6808510638297872	0.6236559139784946	-1
Cas2_2_CAS-I-II-III-IV-V-VI	JAVYTI010000048_3	94	79	4.4e-11	39.6	1710	1991	JAVYTI010000048	3	0.7553191489361702	0.8987341772151899	-1
Cas2_4_CAS-I-II-III-IV-V-VI	JAVYTI010000048_3	94	89	8.3e-11	38.8	1710	1991	JAVYTI010000048	3	0.7978723404255319	0.8539325842696629	-1
Cas2_5_CAS-I-II-III-IV-V-VI	JAVYTI010000048_3	94	116	0.00047	17.1	1710	1991	JAVYTI010000048	3	0.7872340425531915	0.6896551724137931	-1
Cas2_6_CAS-I-II-III-IV-V-VI	JAVYTI010000048_3	94	90	0.0053	13.9	1710	1991	JAVYTI010000048	3	0.5531914893617021	0.5666666666666667	-1
Cas2_7_CAS-I-II-III-IV-V-VI	JAVYTI010000048_3	94	94	8.8e-26	86.9	1710	1991	JAVYTI010000048	3	0.8404255319148937	0.851063829787234	-1
Cas3-Cas2_0_CAS-I-F	JAVYTI010000027_2	540	1106	1.2e-07	26.6	1023	2642	JAVYTI010000027	2	0.26666666666666666	0.1256781193490054	-1
Cas3-Cas2_0_IF	JAVYTI010000027_2	540	1110	9.6e-08	26.9	1023	2642	JAVYTI010000027	2	0.26666666666666666	0.12522522522522522	-1
Cas3HD_0_CAS-I	JAVYTI010000008_13	225	203	0.00042	16.9	9483	10157	JAVYTI010000008	13	0.3511111111111111	0.4975369458128079	1
Cas3_0_CAS-I	JAVYTI010000001_29	887	353	1.3e-15	54.1	31986	34646	JAVYTI010000001	29	0.3878241262683202	0.9093484419263456	1
Cas3_0_CAS-I	JAVYTI010000001_83	744	353	4.2e-14	49.1	82399	84630	JAVYTI010000001	83	0.40456989247311825	0.8951841359773371	-1
Cas3_0_CAS-I	JAVYTI010000004_74	936	353	2.9e-17	59.5	68304	71111	JAVYTI010000004	74	0.31517094017094016	0.8810198300283286	1
Cas3_0_CAS-I	JAVYTI010000005_5	988	353	2.1e-11	40.2	3139	6102	JAVYTI010000005	5	0.21356275303643724	0.5807365439093485	-1
Cas3_0_CAS-I	JAVYTI010000006_21	617	353	0.011	11.5	17869	19719	JAVYTI010000006	21	0.1166936790923825	0.19263456090651557	1
Cas3_0_CAS-I	JAVYTI010000011_41	1280	353	1.2e-07	27.9	28569	32408	JAVYTI010000011	41	0.059375	0.21529745042492918	1
Cas3_0_CAS-I	JAVYTI010000012_31	742	353	4.2e-09	32.7	24780	27005	JAVYTI010000012	31	0.13881401617250674	0.29178470254957506	1
Cas3_0_CAS-I	JAVYTI010000015_20	326	353	3.5e-05	19.8	18741	19718	JAVYTI010000015	20	0.42024539877300615	0.39660056657223797	1
Cas3_0_CAS-I	JAVYTI010000022_10	627	353	9.2e-07	24.9	9048	10928	JAVYTI010000022	10	0.21052631578947367	0.38526912181303113	-1
Cas3_0_CAS-I	JAVYTI010000027_2	540	353	2.3e-35	119.0	1023	2642	JAVYTI010000027	2	0.6314814814814815	0.9376770538243626	-1
Cas3_0_CAS-I	JAVYTI010000028_11	1042	353	8.8e-15	51.3	10634	13759	JAVYTI010000028	11	0.3253358925143954	0.8243626062322946	1
Cas3_0_CAS-I	JAVYTI010000048_4	738	353	1.9e-06	23.9	2005	4218	JAVYTI010000048	4	0.1002710027100271	0.19830028328611898	-1
Cas3_0_CAS-I-D	JAVYTI010000001_29	887	626	0.005	11.7	31986	34646	JAVYTI010000001	29	0.11273957158962795	0.15495207667731628	1
Cas3_0_CAS-I-D	JAVYTI010000001_83	744	626	3.1999999999999997e-25	85.1	82399	84630	JAVYTI010000001	83	0.34543010752688175	0.4073482428115016	-1
Cas3_0_CAS-I-D	JAVYTI010000004_74	936	626	9.1e-07	24.1	68304	71111	JAVYTI010000004	74	0.12393162393162394	0.16932907348242812	1
Cas3_0_CAS-I-D	JAVYTI010000012_31	742	626	2.6e-06	22.6	24780	27005	JAVYTI010000012	31	0.1347708894878706	0.1485623003194888	1
Cas3_0_CAS-I-D	JAVYTI010000027_2	540	626	2.3e-25	85.5	1023	2642	JAVYTI010000027	2	0.5462962962962963	0.43769968051118213	-1
Cas3_0_CAS-I-D	JAVYTI010000028_11	1042	626	2.5e-12	42.5	10634	13759	JAVYTI010000028	11	0.06525911708253358	0.11022364217252396	1
Cas3_0_CAS-I-U	JAVYTI010000005_5	988	843	0.00029	15.5	3139	6102	JAVYTI010000005	5	0.11639676113360324	0.132858837485172	-1
Cas3_0_CAS-I-U	JAVYTI010000027_2	540	843	4.3e-14	48.0	1023	2642	JAVYTI010000027	2	0.2518518518518518	0.166073546856465	-1
Cas3_0_I	JAVYTI010000001_29	887	358	1.5e-16	57.1	31986	34646	JAVYTI010000001	29	0.38669673055242393	0.9022346368715084	1
Cas3_0_I	JAVYTI010000001_83	744	358	5.9e-13	45.3	82399	84630	JAVYTI010000001	83	0.4032258064516129	0.8910614525139665	-1
Cas3_0_I	JAVYTI010000001_97	376	358	0.0068	12.2	95576	96703	JAVYTI010000001	97	0.07180851063829788	0.07541899441340782	1
Cas3_0_I	JAVYTI010000004_74	936	358	1.4e-17	60.5	68304	71111	JAVYTI010000004	74	0.31517094017094016	0.8798882681564246	1
Cas3_0_I	JAVYTI010000005_5	988	358	6.4e-11	38.6	3139	6102	JAVYTI010000005	5	0.20445344129554655	0.5502793296089385	-1
Cas3_0_I	JAVYTI010000006_21	617	358	0.014	11.2	17869	19719	JAVYTI010000006	21	0.08914100486223663	0.1564245810055866	1
Cas3_0_I	JAVYTI010000011_41	1280	358	3.3e-07	26.4	28569	32408	JAVYTI010000011	41	0.06953125	0.3016759776536313	1
Cas3_0_I	JAVYTI010000012_31	742	358	4.5e-09	32.5	24780	27005	JAVYTI010000012	31	0.13746630727762804	0.2877094972067039	1
Cas3_0_I	JAVYTI010000015_20	326	358	7.8e-06	21.9	18741	19718	JAVYTI010000015	20	0.4233128834355828	0.4022346368715084	1
Cas3_0_I	JAVYTI010000022_10	627	358	1.2e-05	21.2	9048	10928	JAVYTI010000022	10	0.19138755980861244	0.35195530726256985	-1
Cas3_0_I	JAVYTI010000027_2	540	358	8.1e-36	120.5	1023	2642	JAVYTI010000027	2	0.6148148148148148	0.9134078212290503	-1
Cas3_0_I	JAVYTI010000028_11	1042	358	2.5e-14	49.8	10634	13759	JAVYTI010000028	11	0.2571976967370441	0.5251396648044693	1
Cas3_0_I	JAVYTI010000048_4	738	358	5.7e-06	22.3	2005	4218	JAVYTI010000048	4	0.09349593495934959	0.18435754189944134	-1
Cas3_0_ID	JAVYTI010000001_29	887	357	7.3e-05	18.7	31986	34646	JAVYTI010000001	29	0.20744081172491544	0.5238095238095238	1
Cas3_0_ID	JAVYTI010000001_83	744	357	5.4e-16	55.3	82399	84630	JAVYTI010000001	83	0.2903225806451613	0.5910364145658263	-1
Cas3_0_ID	JAVYTI010000004_74	936	357	6e-11	38.7	68304	71111	JAVYTI010000004	74	0.25961538461538464	0.6582633053221288	1
Cas3_0_ID	JAVYTI010000011_41	1280	357	0.0063	12.3	28569	32408	JAVYTI010000011	41	0.04140625	0.1400560224089636	1
Cas3_0_ID	JAVYTI010000022_10	627	357	1.7e-05	20.8	9048	10928	JAVYTI010000022	10	0.2807017543859649	0.38095238095238093	-1
Cas3_0_ID	JAVYTI010000027_2	540	357	6.3e-09	32.0	1023	2642	JAVYTI010000027	2	0.5055555555555555	0.7871148459383753	-1
Cas3_0_ID	JAVYTI010000028_11	1042	357	1.2e-19	67.3	10634	13759	JAVYTI010000028	11	0.2399232245681382	0.742296918767507	1
Cas3_0_ID	JAVYTI010000048_4	738	357	9e-15	51.3	2005	4218	JAVYTI010000048	4	0.3970189701897019	0.8067226890756303	-1
Cas3_0_IU	JAVYTI010000001_83	744	864	0.0029	12.3	82399	84630	JAVYTI010000001	83	0.11155913978494623	0.09143518518518519	-1
Cas3_0_IU	JAVYTI010000004_74	936	864	0.00024	15.8	68304	71111	JAVYTI010000004	74	0.125	0.1527777777777778	1
Cas3_0_IU	JAVYTI010000005_5	988	864	1e-06	23.7	3139	6102	JAVYTI010000005	5	0.1811740890688259	0.22337962962962962	-1
Cas3_0_IU	JAVYTI010000007_42	470	864	0.0083	10.7	39359	40768	JAVYTI010000007	42	0.10851063829787234	0.05555555555555555	1
Cas3_0_IU	JAVYTI010000027_2	540	864	9e-18	60.3	1023	2642	JAVYTI010000027	2	0.5666666666666667	0.3599537037037037	-1
Cas3_1_CAS-I	JAVYTI010000001_29	887	745	6.1e-06	21.5	31986	34646	JAVYTI010000001	29	0.34949267192784667	0.40268456375838924	1
Cas3_1_CAS-I	JAVYTI010000001_83	744	745	2.8e-13	45.8	82399	84630	JAVYTI010000001	83	0.33064516129032256	0.25100671140939596	-1
Cas3_1_CAS-I	JAVYTI010000004_74	936	745	9.9e-16	53.8	68304	71111	JAVYTI010000004	74	0.2745726495726496	0.3530201342281879	1
Cas3_1_CAS-I	JAVYTI010000005_5	988	745	0.0003	15.9	3139	6102	JAVYTI010000005	5	0.1811740890688259	0.18523489932885906	-1
Cas3_1_CAS-I	JAVYTI010000006_21	617	745	0.0019	13.2	17869	19719	JAVYTI010000006	21	0.18638573743922204	0.1704697986577181	1
Cas3_1_CAS-I	JAVYTI010000011_41	1280	745	6.3e-07	24.7	28569	32408	JAVYTI010000011	41	0.08515625	0.13288590604026845	1
Cas3_1_CAS-I	JAVYTI010000012_31	742	745	9.1e-09	30.8	24780	27005	JAVYTI010000012	31	0.12129380053908356	0.13020134228187918	1
Cas3_1_CAS-I	JAVYTI010000014_39	280	745	0.001	14.1	28021	28860	JAVYTI010000014	39	0.20357142857142857	0.08053691275167785	1
Cas3_1_CAS-I	JAVYTI010000027_2	540	745	5.4e-41	137.4	1023	2642	JAVYTI010000027	2	0.6648148148148149	0.487248322147651	-1
Cas3_1_CAS-I	JAVYTI010000028_11	1042	745	1.1e-08	30.6	10634	13759	JAVYTI010000028	11	0.32437619961612285	0.40268456375838924	1
Cas3_1_CAS-I	JAVYTI010000048_4	738	745	2.5e-09	32.7	2005	4218	JAVYTI010000048	4	0.1043360433604336	0.09664429530201342	-1
Cas3_1_CAS-I-D	JAVYTI010000001_29	887	353	2.7e-05	20.1	31986	34646	JAVYTI010000001	29	0.21420518602029312	0.5354107648725213	1
Cas3_1_CAS-I-D	JAVYTI010000001_83	744	353	4.4e-16	55.6	82399	84630	JAVYTI010000001	83	0.271505376344086	0.5580736543909348	-1
Cas3_1_CAS-I-D	JAVYTI010000004_74	936	353	5.4e-11	38.8	68304	71111	JAVYTI010000004	74	0.27136752136752135	0.6968838526912181	1
Cas3_1_CAS-I-D	JAVYTI010000011_41	1280	353	0.00042	16.1	28569	32408	JAVYTI010000011	41	0.0484375	0.1671388101983003	1
Cas3_1_CAS-I-D	JAVYTI010000012_31	742	353	0.0025	13.6	24780	27005	JAVYTI010000012	31	0.07951482479784366	0.15864022662889518	1
Cas3_1_CAS-I-D	JAVYTI010000022_10	627	353	3.1e-06	23.2	9048	10928	JAVYTI010000022	10	0.27910685805422647	0.38243626062322944	-1
Cas3_1_CAS-I-D	JAVYTI010000027_2	540	353	5.8e-10	35.4	1023	2642	JAVYTI010000027	2	0.5018518518518519	0.7790368271954674	-1
Cas3_1_CAS-I-D	JAVYTI010000028_11	1042	353	3.8e-20	68.9	10634	13759	JAVYTI010000028	11	0.21305182341650672	0.660056657223796	1
Cas3_1_CAS-I-D	JAVYTI010000048_4	738	353	2e-13	46.8	2005	4218	JAVYTI010000048	4	0.3956639566395664	0.8101983002832861	-1
Cas3_1_I	JAVYTI010000008_13	225	178	6.1e-06	23.1	9483	10157	JAVYTI010000008	13	0.5466666666666666	0.6235955056179775	1
Cas3_1_I	JAVYTI010000014_4	337	178	0.00078	16.2	3259	4269	JAVYTI010000014	4	0.26409495548961426	0.5	1
Cas3_2_CAS-I	JAVYTI010000001_83	744	967	1.2e-18	63.3	82399	84630	JAVYTI010000001	83	0.3629032258064516	0.2792140641158221	-1
Cas3_2_CAS-I	JAVYTI010000004_74	936	967	7.3e-06	21.0	68304	71111	JAVYTI010000004	74	0.24358974358974358	0.23371251292657705	1
Cas3_2_CAS-I	JAVYTI010000027_2	540	967	1.5e-09	33.2	1023	2642	JAVYTI010000027	2	0.28703703703703703	0.15201654601861428	-1
Cas3_2_CAS-I	JAVYTI010000028_11	1042	967	1.3e-05	20.2	10634	13759	JAVYTI010000028	11	0.07965451055662189	0.09203722854188211	1
Cas3d_0_CAS-I-D	JAVYTI010000001_29	887	639	0.00015	17.0	31986	34646	JAVYTI010000001	29	0.14656144306651633	0.18935837245696402	1
Cas3d_0_CAS-I-D	JAVYTI010000001_83	744	639	3e-10	35.8	82399	84630	JAVYTI010000001	83	0.16263440860215053	0.18779342723004694	-1
Cas3d_0_CAS-I-D	JAVYTI010000004_74	936	639	2.1e-08	29.7	68304	71111	JAVYTI010000004	74	0.12713675213675213	0.1784037558685446	1
Cas3d_0_CAS-I-D	JAVYTI010000012_31	742	639	0.0022	13.1	24780	27005	JAVYTI010000012	31	0.07816711590296496	0.09389671361502347	1
Cas3d_0_CAS-I-D	JAVYTI010000027_2	540	639	0.0041	12.2	1023	2642	JAVYTI010000027	2	0.20185185185185187	0.17683881064162754	-1
Cas3d_0_CAS-I-D	JAVYTI010000028_11	1042	639	2.5e-06	22.8	10634	13759	JAVYTI010000028	11	0.1324376199616123	0.22065727699530516	1
Cas3d_0_CAS-I-D	JAVYTI010000048_4	738	639	1.4e-19	66.7	2005	4218	JAVYTI010000048	4	0.4905149051490515	0.5539906103286385	-1
Cas3d_1_CAS-I-D	JAVYTI010000001_83	744	627	3.7e-13	45.3	82399	84630	JAVYTI010000001	83	0.32123655913978494	0.379585326953748	-1
Cas3d_1_CAS-I-D	JAVYTI010000004_74	936	627	8.7e-05	17.6	68304	71111	JAVYTI010000004	74	0.1891025641025641	0.2743221690590112	1
Cas3d_1_CAS-I-D	JAVYTI010000028_11	1042	627	8.2e-13	44.1	10634	13759	JAVYTI010000028	11	0.16218809980806143	0.2567783094098884	1
Cas3d_1_CAS-I-D	JAVYTI010000048_4	738	627	3.1e-05	19.1	2005	4218	JAVYTI010000048	4	0.1856368563685637	0.18022328548644337	-1
Cas4_0_I-II	JAVYTI010000048_2	194	180	0.00029	17.4	1094	1675	JAVYTI010000048	2	0.6288659793814433	0.6666666666666666	-1
Cas4_0_I-II-V	JAVYTI010000001_75	248	177	0.0013	15.5	73440	74183	JAVYTI010000001	75	0.4314516129032258	0.4632768361581921	-1
Cas4_1_CAS-I-II-III-IV-V-VI	JAVYTI010000001_92	102	270	0.0074	12.5	92523	92828	JAVYTI010000001	92	0.45098039215686275	0.16666666666666666	1
Cas4_3_CAS-I-II-III-IV-V-VI	JAVYTI010000006_21	617	197	0.0016	15.2	17869	19719	JAVYTI010000006	21	0.1912479740680713	0.6040609137055838	1
Cas4_5_CAS-I-II-III-IV-V-VI	JAVYTI010000001_75	248	161	0.00011	19.0	73440	74183	JAVYTI010000001	75	0.5362903225806451	0.5652173913043478	-1
Cas6_0_CAS-I-A-III-D	JAVYTI010000016_14	270	246	5.9e-11	38.8	11877	12686	JAVYTI010000016	14	0.9629629629629629	0.9349593495934959	-1
Cas6_0_CAS-I-D	JAVYTI010000034_4	185	278	0.0097	12.2	1851	2405	JAVYTI010000034	4	0.34594594594594597	0.2302158273381295	-1
Cas6_0_CAS-I-II-III-IV-V-VI	JAVYTI010000016_14	270	194	4.6e-14	50.0	11877	12686	JAVYTI010000016	14	0.5888888888888889	0.7010309278350515	-1
Cas6_0_CAS-I-II-III-IV-V-VI	JAVYTI010000034_4	185	194	1.6e-07	28.7	1851	2405	JAVYTI010000034	4	0.7837837837837838	0.6958762886597938	-1
Cas6_0_CAS-I-III-B	JAVYTI010000016_14	270	282	0.00083	15.1	11877	12686	JAVYTI010000016	14	0.2	0.19148936170212766	-1
Cas6_0_CAS-I-III-B	JAVYTI010000034_4	185	282	2.8e-06	23.2	1851	2405	JAVYTI010000034	4	0.4648648648648649	0.2907801418439716	-1
Cas6_0_I-III	JAVYTI010000016_14	270	200	3e-14	50.6	11877	12686	JAVYTI010000016	14	0.5851851851851851	0.665	-1
Cas6_0_I-III	JAVYTI010000034_4	185	200	4.2e-10	37.1	1851	2405	JAVYTI010000034	4	0.7567567567567568	0.665	-1
Cas6_10_CAS-I-II-III-IV-V-VI	JAVYTI010000034_4	185	322	0.00048	16.1	1851	2405	JAVYTI010000034	4	0.41081081081081083	0.2267080745341615	-1
Cas6_13_CAS-I-II-III-IV-V-VI	JAVYTI010000016_14	270	151	0.0023	15.0	11877	12686	JAVYTI010000016	14	0.2074074074074074	0.304635761589404	-1
Cas6_15_CAS-I-II-III-IV-V-VI	JAVYTI010000016_14	270	112	8.4e-15	52.1	11877	12686	JAVYTI010000016	14	0.4962962962962963	1.0	-1
Cas6_15_CAS-I-II-III-IV-V-VI	JAVYTI010000034_4	185	112	1.2e-18	64.4	1851	2405	JAVYTI010000034	4	0.6324324324324324	1.0	-1
Cas6_1_CAS-III-D	JAVYTI010000034_4	185	316	0.0017	14.4	1851	2405	JAVYTI010000034	4	0.5351351351351351	0.31329113924050633	-1
Cas6_6_IVD	JAVYTI010000016_14	270	259	0.00058	16.0	11877	12686	JAVYTI010000016	14	0.24814814814814815	0.25868725868725867	-1
Cas6_6_IVD	JAVYTI010000034_4	185	259	1.3e-07	28.0	1851	2405	JAVYTI010000034	4	0.6864864864864865	0.4864864864864865	-1
Cas6_8_CAS-I-II-III-IV-V-VI	JAVYTI010000016_14	270	275	4e-12	42.8	11877	12686	JAVYTI010000016	14	0.6814814814814815	0.6363636363636364	-1
Cas6_8_CAS-I-II-III-IV-V-VI	JAVYTI010000034_4	185	275	4.8e-14	49.1	1851	2405	JAVYTI010000034	4	0.6864864864864865	0.4509090909090909	-1
Cas6_8_IVD	JAVYTI010000052_4	67	255	0.0018	14.3	1483	1683	JAVYTI010000052	4	0.7014925373134329	0.1803921568627451	-1
Cas7_1_IB	JAVYTI010000003_106	502	321	0.013	11.2	98392	99897	JAVYTI010000003	106	0.1852589641434263	0.2554517133956386	-1
Cas7_2_CAS-I-B	JAVYTI010000027_5	389	295	1.7e-36	122.6	4491	5657	JAVYTI010000027	5	0.87146529562982	0.9559322033898305	-1
Cas8e_1_CAS-I-E	JAVYTI010000001_157	118	474	0.011	11.5	154637	154990	JAVYTI010000001	157	0.7542372881355932	0.1877637130801688	-1
Cas8e_4_CAS-I-E	JAVYTI010000001_157	118	465	0.002	13.8	154637	154990	JAVYTI010000001	157	0.7457627118644068	0.1935483870967742	-1
CasR_0_CAS-I-II-III-IV-V-VI	JAVYTI010000001_14	306	198	3.9e-06	23.3	16022	16939	JAVYTI010000001	14	0.12418300653594772	0.19696969696969696	-1
CasR_0_CAS-I-II-III-IV-V-VI	JAVYTI010000001_147	144	198	0.0085	12.4	145063	145494	JAVYTI010000001	147	0.4444444444444444	0.32323232323232326	-1
CasR_0_CAS-I-II-III-IV-V-VI	JAVYTI010000001_6	531	198	3.9e-06	23.3	5188	6780	JAVYTI010000001	6	0.1807909604519774	0.2878787878787879	-1
CasR_0_CAS-I-II-III-IV-V-VI	JAVYTI010000001_69	98	198	8.7e-05	18.9	67993	68286	JAVYTI010000001	69	0.5612244897959183	0.2828282828282828	1
CasR_0_CAS-I-II-III-IV-V-VI	JAVYTI010000002_101	357	198	0.00036	16.9	90235	91305	JAVYTI010000002	101	0.19607843137254902	0.35353535353535354	-1
CasR_0_CAS-I-II-III-IV-V-VI	JAVYTI010000002_21	205	198	6.2e-05	19.4	16031	16645	JAVYTI010000002	21	0.35609756097560974	0.37373737373737376	1
CasR_0_CAS-I-II-III-IV-V-VI	JAVYTI010000002_23	140	198	0.00063	16.1	18248	18667	JAVYTI010000002	23	0.34285714285714286	0.24242424242424243	1
CasR_0_CAS-I-II-III-IV-V-VI	JAVYTI010000002_69	103	198	4.4e-05	19.9	64702	65010	JAVYTI010000002	69	0.47572815533980584	0.26262626262626265	-1
CasR_0_CAS-I-II-III-IV-V-VI	JAVYTI010000002_83	104	198	0.003	13.9	74810	75121	JAVYTI010000002	83	0.4423076923076923	0.23232323232323232	-1
CasR_0_CAS-I-II-III-IV-V-VI	JAVYTI010000003_28	457	198	0.0059	12.9	20910	22280	JAVYTI010000003	28	0.11597374179431072	0.25757575757575757	1
CasR_0_CAS-I-II-III-IV-V-VI	JAVYTI010000004_6	303	198	0.00029	17.2	5507	6415	JAVYTI010000004	6	0.31683168316831684	0.5	1
CasR_0_CAS-I-II-III-IV-V-VI	JAVYTI010000005_45	134	198	0.00011	18.5	41493	41894	JAVYTI010000005	45	0.31343283582089554	0.20707070707070707	-1
CasR_0_CAS-I-II-III-IV-V-VI	JAVYTI010000005_49	92	198	0.0048	13.2	44901	45176	JAVYTI010000005	49	0.75	0.22727272727272727	-1
CasR_0_CAS-I-II-III-IV-V-VI	JAVYTI010000007_24	172	198	0.0067	12.8	21987	22502	JAVYTI010000007	24	0.5697674418604651	0.4898989898989899	1
CasR_0_CAS-I-II-III-IV-V-VI	JAVYTI010000007_25	214	198	0.0023	14.3	22603	23244	JAVYTI010000007	25	0.21495327102803738	0.23737373737373738	1
CasR_0_CAS-I-II-III-IV-V-VI	JAVYTI010000011_55	108	198	2.9e-07	27.0	41776	42099	JAVYTI010000011	55	0.6759259259259259	0.3787878787878788	-1
CasR_0_CAS-I-II-III-IV-V-VI	JAVYTI010000012_1	105	198	0.0005	16.4	3	317	JAVYTI010000012	1	0.7238095238095238	0.3838383838383838	-1
CasR_0_CAS-I-II-III-IV-V-VI	JAVYTI010000013_13	138	198	0.017	11.4	9016	9429	JAVYTI010000013	13	0.5362318840579711	0.36363636363636365	-1
CasR_0_CAS-I-II-III-IV-V-VI	JAVYTI010000014_23	204	198	0.0055	13.0	16058	16669	JAVYTI010000014	23	0.25980392156862747	0.26262626262626265	1
CasR_0_CAS-I-II-III-IV-V-VI	JAVYTI010000014_27	159	198	5.1e-06	22.9	18438	18914	JAVYTI010000014	27	0.3081761006289308	0.2474747474747475	1
CasR_0_CAS-I-II-III-IV-V-VI	JAVYTI010000014_46	194	198	2.5e-06	23.9	33122	33703	JAVYTI010000014	46	0.520618556701031	0.5	1
CasR_0_CAS-I-II-III-IV-V-VI	JAVYTI010000015_17	130	198	4.1e-06	23.2	16089	16478	JAVYTI010000015	17	0.5461538461538461	0.35353535353535354	-1
CasR_0_CAS-I-II-III-IV-V-VI	JAVYTI010000016_15	214	198	7.8e-21	71.3	12751	13392	JAVYTI010000016	15	0.9112149532710281	0.9797979797979798	-1
CasR_0_CAS-I-II-III-IV-V-VI	JAVYTI010000016_9	634	198	0.0012	15.2	7649	9550	JAVYTI010000016	9	0.15457413249211358	0.4797979797979798	1
CasR_0_CAS-I-II-III-IV-V-VI	JAVYTI010000018_6	284	198	6.7e-06	22.5	5972	6823	JAVYTI010000018	6	0.18661971830985916	0.26262626262626265	1
CasR_0_CAS-I-II-III-IV-V-VI	JAVYTI010000020_3	242	198	8.3e-06	22.2	1985	2710	JAVYTI010000020	3	0.2190082644628099	0.2777777777777778	1
CasR_0_CAS-I-II-III-IV-V-VI	JAVYTI010000021_21	271	198	0.0078	12.5	17425	18237	JAVYTI010000021	21	0.2730627306273063	0.41414141414141414	1
CasR_0_CAS-I-II-III-IV-V-VI	JAVYTI010000032_9	157	198	6.4e-06	22.6	6948	7418	JAVYTI010000032	9	0.6624203821656051	0.45454545454545453	1
CasR_0_CAS-I-II-III-IV-V-VI	JAVYTI010000035_3	293	198	7.4e-06	22.4	1354	2232	JAVYTI010000035	3	0.1945392491467577	0.2828282828282828	-1
CasR_0_CAS-I-II-III-IV-V-VI	JAVYTI010000042_11	158	198	0.006	12.9	7501	7974	JAVYTI010000042	11	0.3670886075949367	0.2878787878787879	-1
CasR_0_CAS-III-B	JAVYTI010000034_13	84	480	0.0095	11.3	7810	8061	JAVYTI010000034	13	0.6785714285714286	0.11875	-1
CasR_0_CAS-III-B-III-D	JAVYTI010000004_8	426	255	0.027	10.6	7967	9244	JAVYTI010000004	8	0.392018779342723	0.30980392156862746	-1
CasR_0_CAS-III-B-III-D	JAVYTI010000016_15	214	255	5.6e-05	19.5	12751	13392	JAVYTI010000016	15	0.35514018691588783	0.3137254901960784	-1
CasR_0_CAS-III-D	JAVYTI010000032_8	203	732	0.014	10.2	6015	6623	JAVYTI010000032	8	0.2019704433497537	0.05737704918032787	-1
CasR_1_CAS-I-II-III-IV-V-VI	JAVYTI010000001_14	306	218	1.3e-06	24.4	16022	16939	JAVYTI010000001	14	0.28431372549019607	0.4036697247706422	-1
CasR_1_CAS-I-II-III-IV-V-VI	JAVYTI010000001_147	144	218	0.0038	13.1	145063	145494	JAVYTI010000001	147	0.2638888888888889	0.1743119266055046	-1
CasR_1_CAS-I-II-III-IV-V-VI	JAVYTI010000001_6	531	218	5.7e-07	25.6	5188	6780	JAVYTI010000001	6	0.16760828625235405	0.2981651376146789	-1
CasR_1_CAS-I-II-III-IV-V-VI	JAVYTI010000001_69	98	218	3.9e-06	22.9	67993	68286	JAVYTI010000001	69	0.5306122448979592	0.24311926605504589	1
CasR_1_CAS-I-II-III-IV-V-VI	JAVYTI010000002_101	357	218	0.00011	18.2	90235	91305	JAVYTI010000002	101	0.1484593837535014	0.24311926605504589	-1
CasR_1_CAS-I-II-III-IV-V-VI	JAVYTI010000002_21	205	218	2.2e-05	20.4	16031	16645	JAVYTI010000002	21	0.45365853658536587	0.43577981651376146	1
CasR_1_CAS-I-II-III-IV-V-VI	JAVYTI010000002_23	140	218	6.6e-05	18.9	18248	18667	JAVYTI010000002	23	0.5857142857142857	0.39908256880733944	1
CasR_1_CAS-I-II-III-IV-V-VI	JAVYTI010000002_69	103	218	6.1e-06	22.2	64702	65010	JAVYTI010000002	69	0.6699029126213593	0.3119266055045872	-1
CasR_1_CAS-I-II-III-IV-V-VI	JAVYTI010000002_83	104	218	0.00081	15.3	74810	75121	JAVYTI010000002	83	0.4326923076923077	0.20642201834862386	-1
CasR_1_CAS-I-II-III-IV-V-VI	JAVYTI010000003_28	457	218	0.0051	12.7	20910	22280	JAVYTI010000003	28	0.10284463894967177	0.22018348623853212	1
CasR_1_CAS-I-II-III-IV-V-VI	JAVYTI010000004_6	303	218	0.0044	12.9	5507	6415	JAVYTI010000004	6	0.18811881188118812	0.25688073394495414	1
CasR_1_CAS-I-II-III-IV-V-VI	JAVYTI010000005_45	134	218	3.4e-06	23.1	41493	41894	JAVYTI010000005	45	0.5074626865671642	0.3119266055045872	-1
CasR_1_CAS-I-II-III-IV-V-VI	JAVYTI010000005_49	92	218	0.001	15.0	44901	45176	JAVYTI010000005	49	0.6521739130434783	0.22018348623853212	-1
CasR_1_CAS-I-II-III-IV-V-VI	JAVYTI010000007_24	172	218	0.0016	14.3	21987	22502	JAVYTI010000007	24	0.6511627906976745	0.44036697247706424	1
CasR_1_CAS-I-II-III-IV-V-VI	JAVYTI010000007_25	214	218	2.7e-05	20.1	22603	23244	JAVYTI010000007	25	0.308411214953271	0.3073394495412844	1
CasR_1_CAS-I-II-III-IV-V-VI	JAVYTI010000008_27	233	218	0.003	13.5	23174	23872	JAVYTI010000008	27	0.2875536480686695	0.24311926605504589	1
CasR_1_CAS-I-II-III-IV-V-VI	JAVYTI010000009_14	338	218	0.015	11.1	13203	14216	JAVYTI010000009	14	0.31952662721893493	0.38073394495412843	-1
CasR_1_CAS-I-II-III-IV-V-VI	JAVYTI010000011_55	108	218	1e-07	28.1	41776	42099	JAVYTI010000011	55	0.48148148148148145	0.24770642201834864	-1
CasR_1_CAS-I-II-III-IV-V-VI	JAVYTI010000012_1	105	218	2.4e-05	20.3	3	317	JAVYTI010000012	1	0.8	0.3944954128440367	-1
CasR_1_CAS-I-II-III-IV-V-VI	JAVYTI010000014_23	204	218	0.0068	12.3	16058	16669	JAVYTI010000014	23	0.30392156862745096	0.29357798165137616	1
CasR_1_CAS-I-II-III-IV-V-VI	JAVYTI010000014_27	159	218	8.1e-07	25.1	18438	18914	JAVYTI010000014	27	0.389937106918239	0.2981651376146789	1
CasR_1_CAS-I-II-III-IV-V-VI	JAVYTI010000014_46	194	218	3.3e-08	29.7	33122	33703	JAVYTI010000014	46	0.2422680412371134	0.21559633027522937	1
CasR_1_CAS-I-II-III-IV-V-VI	JAVYTI010000015_17	130	218	3.9e-08	29.4	16089	16478	JAVYTI010000015	17	0.5	0.29357798165137616	-1
CasR_1_CAS-I-II-III-IV-V-VI	JAVYTI010000016_15	214	218	1.9000000000000003e-28	95.9	12751	13392	JAVYTI010000016	15	0.9626168224299065	0.9541284403669725	-1
CasR_1_CAS-I-II-III-IV-V-VI	JAVYTI010000016_9	634	218	2.2e-05	20.4	7649	9550	JAVYTI010000016	9	0.09779179810725552	0.2981651376146789	1
CasR_1_CAS-I-II-III-IV-V-VI	JAVYTI010000018_6	284	218	4.1e-05	19.5	5972	6823	JAVYTI010000018	6	0.19014084507042253	0.24311926605504589	1
CasR_1_CAS-I-II-III-IV-V-VI	JAVYTI010000020_3	242	218	1.8e-06	24.0	1985	2710	JAVYTI010000020	3	0.2231404958677686	0.25688073394495414	1
CasR_1_CAS-I-II-III-IV-V-VI	JAVYTI010000032_9	157	218	2.5e-06	23.5	6948	7418	JAVYTI010000032	9	0.6751592356687898	0.4036697247706422	1
CasR_1_CAS-I-II-III-IV-V-VI	JAVYTI010000035_3	293	218	1.2e-07	27.9	1354	2232	JAVYTI010000035	3	0.32764505119453924	0.41743119266055045	-1
CasR_1_CAS-I-II-III-IV-V-VI	JAVYTI010000042_11	158	218	0.0023	13.8	7501	7974	JAVYTI010000042	11	0.37341772151898733	0.26605504587155965	-1
Cmr5gr11_1_CAS-III-C	JAVYTI010000006_47	359	180	0.0097	12.4	45515	46591	JAVYTI010000006	47	0.7019498607242339	0.5722222222222222	-1
Cmr5gr11_1_CAS-III-C	JAVYTI010000013_16	315	180	0.38	7.2	11084	12028	JAVYTI010000013	16	0.5396825396825397	0.4222222222222222	-1
CorA_1_CAS-III-B	JAVYTI010000001_221	387	125	0.0026	14.4	211637	212797	JAVYTI010000001	221	0.10077519379844961	0.32	-1
CorA_1_CAS-III-B	JAVYTI010000003_100	1148	125	0.0077	12.9	90362	93805	JAVYTI010000003	100	0.03484320557491289	0.328	-1
CorA_1_CAS-III-B	JAVYTI010000003_101	393	125	0.00029	17.5	93835	95013	JAVYTI010000003	101	0.21374045801526717	0.68	-1
CorA_1_CAS-III-B	JAVYTI010000006_24	399	125	0.00028	17.5	22813	24009	JAVYTI010000006	24	0.2656641604010025	0.72	1
CorA_1_CAS-III-B	JAVYTI010000036_2	94	125	0.0067	13.1	1943	2224	JAVYTI010000036	2	0.40425531914893614	0.312	1
Csa3_1_CAS-I-II-III-IV-V-VI	JAVYTI010000001_110	171	118	0.0036	14.4	107937	108449	JAVYTI010000001	110	0.391812865497076	0.4491525423728814	-1
Csa3_1_CAS-I-II-III-IV-V-VI	JAVYTI010000001_124	102	118	8.2e-10	35.8	122726	123031	JAVYTI010000001	124	0.8921568627450981	0.7711864406779662	1
Csa3_1_CAS-I-II-III-IV-V-VI	JAVYTI010000001_190	282	118	0.00013	19.0	185112	185957	JAVYTI010000001	190	0.3829787234042553	0.652542372881356	1
Csa3_1_CAS-I-II-III-IV-V-VI	JAVYTI010000001_216	155	118	0.00013	19.0	207846	208310	JAVYTI010000001	216	0.5806451612903226	0.5169491525423728	-1
Csa3_1_CAS-I-II-III-IV-V-VI	JAVYTI010000001_6	531	118	0.0008	16.5	5188	6780	JAVYTI010000001	6	0.3634651600753296	0.923728813559322	-1
Csa3_1_CAS-I-II-III-IV-V-VI	JAVYTI010000001_69	98	118	2.4e-08	31.1	67993	68286	JAVYTI010000001	69	0.7040816326530612	0.6101694915254238	1
Csa3_1_CAS-I-II-III-IV-V-VI	JAVYTI010000002_21	205	118	0.0042	14.2	16031	16645	JAVYTI010000002	21	0.2926829268292683	0.5254237288135594	1
Csa3_1_CAS-I-II-III-IV-V-VI	JAVYTI010000002_69	103	118	0.00012	19.1	64702	65010	JAVYTI010000002	69	0.7184466019417476	0.6694915254237288	-1
Csa3_1_CAS-I-II-III-IV-V-VI	JAVYTI010000005_45	134	118	4.9e-09	33.3	41493	41894	JAVYTI010000005	45	0.582089552238806	0.7457627118644068	-1
Csa3_1_CAS-I-II-III-IV-V-VI	JAVYTI010000005_49	92	118	3.4e-06	24.2	44901	45176	JAVYTI010000005	49	0.532608695652174	0.4661016949152542	-1
Csa3_1_CAS-I-II-III-IV-V-VI	JAVYTI010000007_24	172	118	2.6e-05	21.3	21987	22502	JAVYTI010000007	24	0.5697674418604651	0.7542372881355932	1
Csa3_1_CAS-I-II-III-IV-V-VI	JAVYTI010000007_33	153	118	1.8e-05	21.8	30515	30973	JAVYTI010000007	33	0.5032679738562091	0.6271186440677966	1
Csa3_1_CAS-I-II-III-IV-V-VI	JAVYTI010000011_55	108	118	2e-15	53.9	41776	42099	JAVYTI010000011	55	0.8148148148148148	0.8220338983050848	-1
Csa3_1_CAS-I-II-III-IV-V-VI	JAVYTI010000012_1	105	118	3.9e-06	24.0	3	317	JAVYTI010000012	1	0.7523809523809524	0.7627118644067796	-1
Csa3_1_CAS-I-II-III-IV-V-VI	JAVYTI010000013_9	155	118	0.0018	15.4	5895	6359	JAVYTI010000013	9	0.4838709677419355	0.4067796610169492	1
Csa3_1_CAS-I-II-III-IV-V-VI	JAVYTI010000014_46	194	118	0.005	13.9	33122	33703	JAVYTI010000014	46	0.22164948453608246	0.4152542372881356	1
Csa3_1_CAS-I-II-III-IV-V-VI	JAVYTI010000015_17	130	118	4.1e-06	23.9	16089	16478	JAVYTI010000015	17	0.5076923076923077	0.6101694915254238	-1
Csa3_1_CAS-I-II-III-IV-V-VI	JAVYTI010000016_15	214	118	0.0008	16.5	12751	13392	JAVYTI010000016	15	0.29906542056074764	0.5338983050847458	-1
Csa3_1_CAS-I-II-III-IV-V-VI	JAVYTI010000016_9	634	118	3e-10	37.2	7649	9550	JAVYTI010000016	9	0.1167192429022082	0.652542372881356	1
Csa3_1_CAS-I-II-III-IV-V-VI	JAVYTI010000035_3	293	118	2e-08	31.3	1354	2232	JAVYTI010000035	3	0.29692832764505117	0.6186440677966102	-1
Csa3_1_CAS-I-II-III-IV-V-VI	JAVYTI010000071_3	342	118	0.0035	14.4	1303	2328	JAVYTI010000071	3	0.18128654970760233	0.3050847457627119	1
Csa5_0_IA	JAVYTI010000004_78	188	107	0.011	12.7	73341	73904	JAVYTI010000004	78	0.2925531914893617	0.5607476635514018	-1
Csa5gr11_1_CAS-I-A	JAVYTI010000004_78	188	100	0.028	11.3	73341	73904	JAVYTI010000004	78	0.3351063829787234	0.66	-1
Csa5gr11_2_CAS-I-A	JAVYTI010000004_78	188	101	0.011	12.8	73341	73904	JAVYTI010000004	78	0.2393617021276596	0.45544554455445546	-1
Csa5gr11_7_CAS-I-A	JAVYTI010000006_47	359	125	0.56	7.2	45515	46591	JAVYTI010000006	47	0.4011142061281337	0.472	-1
Csc1gr5_4_CAS-I-D	JAVYTI010000048_5	241	255	2.3e-27	92.7	4221	4943	JAVYTI010000048	5	0.9253112033195021	0.9647058823529412	-1
Csc2_0_ID	JAVYTI010000048_6	390	282	3e-28	95.6	4940	6109	JAVYTI010000048	6	0.7076923076923077	0.8794326241134752	-1
Csc2gr7_0_CAS-I-D	JAVYTI010000048_6	390	274	9.100000000000001e-30	100.7	4940	6109	JAVYTI010000048	6	0.7076923076923077	0.8941605839416058	-1
Csf1_0_IV	JAVYTI010000007_8	60	227	0.83	5.9	5881	6060	JAVYTI010000007	8	0.43333333333333335	0.06167400881057269	1
Csf2_0_IV	JAVYTI010000048_6	390	329	0.00099	15.4	4940	6109	JAVYTI010000048	6	0.2128205128205128	0.2674772036474164	-1
Csf2_1_IVA3	JAVYTI010000001_157	118	263	5.2	2.9	154637	154990	JAVYTI010000001	157	0.6949152542372882	0.30038022813688214	-1
Csf3-Csf1_0_IVE	JAVYTI010000016_14	270	479	0.0034	12.7	11877	12686	JAVYTI010000016	14	0.1037037037037037	0.05636743215031315	-1
Csf3_1_IVC	JAVYTI010000016_14	270	300	0.01	11.7	11877	12686	JAVYTI010000016	14	0.1	0.09	-1
Csf4_0_IVA	JAVYTI010000001_83	744	666	6.5e-06	21.7	82399	84630	JAVYTI010000001	83	0.12634408602150538	0.14114114114114115	-1
Csf4_0_IVA	JAVYTI010000006_21	617	666	1.5e-16	56.8	17869	19719	JAVYTI010000006	21	0.7196110210696921	0.6906906906906907	1
Csf4_0_IVA	JAVYTI010000007_42	470	666	1.7e-06	23.6	39359	40768	JAVYTI010000007	42	0.1574468085106383	0.11411411411411411	1
Csf4_0_IVA	JAVYTI010000032_7	597	666	3.8e-15	52.2	4224	6014	JAVYTI010000032	7	0.3936348408710218	0.36486486486486486	1
Csf4_1_IVA1	JAVYTI010000001_83	744	802	0.00054	14.9	82399	84630	JAVYTI010000001	83	0.15456989247311828	0.1433915211970075	-1
Csf4_1_IVA1	JAVYTI010000006_21	617	802	1.9e-07	26.3	17869	19719	JAVYTI010000006	21	0.42949756888168555	0.3192019950124688	1
Csf4_1_IVA1	JAVYTI010000028_11	1042	802	0.018	9.9	10634	13759	JAVYTI010000028	11	0.10268714011516315	0.1433915211970075	1
Csf4_1_IVA1	JAVYTI010000032_7	597	802	3.7e-06	22.1	4224	6014	JAVYTI010000032	7	0.26800670016750416	0.2082294264339152	1
Csf4_2_IVA1	JAVYTI010000006_21	617	526	0.0028	13.1	17869	19719	JAVYTI010000006	21	0.4862236628849271	0.526615969581749	1
Csf4_2_IVA1	JAVYTI010000032_7	597	526	0.0039	12.6	4224	6014	JAVYTI010000032	7	0.18425460636515914	0.20912547528517111	1
Csf4_3_IVE	JAVYTI010000006_21	617	648	5.2e-05	18.7	17869	19719	JAVYTI010000006	21	0.21555915721231766	0.19290123456790123	1
Csf4_3_IVE	JAVYTI010000032_7	597	648	0.0047	12.3	4224	6014	JAVYTI010000032	7	0.2981574539363484	0.2515432098765432	1
Csm2gr11_2_CAS-III-D	JAVYTI010000006_61	516	145	0.0018	15.2	60233	61780	JAVYTI010000006	61	0.09883720930232558	0.33793103448275863	-1
Csm2gr11_2_CAS-III-D	JAVYTI010000016_29	131	145	0.0071	13.3	27060	27452	JAVYTI010000016	29	0.6412213740458015	0.5793103448275863	-1
Csm2gr11_3_CAS-III-D	JAVYTI010000037_1	127	130	0.0034	13.9	1	381	JAVYTI010000037	1	0.3228346456692913	0.3153846153846154	1
Csm2gr11_4_CAS-III-A	JAVYTI010000014_9	143	142	0.016	11.9	7429	7857	JAVYTI010000014	9	0.36363636363636365	0.3591549295774648	-1
Csm2gr11_6_CAS-III-A	JAVYTI010000040_8	190	139	0.002	14.8	6152	6721	JAVYTI010000040	8	0.30526315789473685	0.20863309352517986	-1
Csm3gr7_9_CAS-III-A-III-D	JAVYTI010000001_227	524	271	0.0021	14.6	218127	219698	JAVYTI010000001	227	0.17748091603053434	0.3210332103321033	-1
Csm4gr5_0_CAS-III-A-III-D	JAVYTI010000016_14	270	317	2.6e-05	20.3	11877	12686	JAVYTI010000016	14	0.17037037037037037	0.14511041009463724	-1
Csm4gr5_1_CAS-III-A	JAVYTI010000016_14	270	315	0.018	10.9	11877	12686	JAVYTI010000016	14	0.16666666666666666	0.14285714285714285	-1
Csm5gr7_2_CAS-III-A-III-D	JAVYTI010000001_157	118	258	0.12	8.5	154637	154990	JAVYTI010000001	157	0.6949152542372882	0.29844961240310075	-1
Csm6_0_CAS-III	JAVYTI010000021_21	271	189	3.1999999999999997e-29	98.4	17425	18237	JAVYTI010000021	21	0.5756457564575646	0.8465608465608465	1
Csm6_2_CAS-III	JAVYTI010000021_21	271	184	2e-37	125.0	17425	18237	JAVYTI010000021	21	0.5904059040590406	0.9184782608695652	1
Csm6_5_CAS-III	JAVYTI010000021_21	271	278	7.8e-34	113.8	17425	18237	JAVYTI010000021	21	0.8597785977859779	0.8273381294964028	1
Csm6_6_CAS-III	JAVYTI010000021_21	271	136	6.500000000000001e-33	110.3	17425	18237	JAVYTI010000021	21	0.4797047970479705	0.9852941176470589	1
Csn2_7_CAS-II-A	JAVYTI010000002_104	530	372	7.9e-07	25.0	93113	94702	JAVYTI010000002	104	0.3433962264150943	0.3118279569892473	1
Csn2_7_CAS-II-A	JAVYTI010000003_45	474	372	0.00094	14.9	34468	35889	JAVYTI010000003	45	0.2489451476793249	0.2956989247311828	-1
Csn2_7_CAS-II-A	JAVYTI010000005_38	276	372	0.0023	13.6	35007	35834	JAVYTI010000005	38	0.33695652173913043	0.24731182795698925	-1
Csn2_7_CAS-II-A	JAVYTI010000006_42	232	372	0.00075	15.2	40663	41358	JAVYTI010000006	42	0.41810344827586204	0.25806451612903225	1
Csn2_7_CAS-II-A	JAVYTI010000007_27	289	372	0.00033	16.4	23978	24844	JAVYTI010000007	27	0.314878892733564	0.24193548387096775	-1
Csn2_7_CAS-II-A	JAVYTI010000010_2	235	372	0.0012	14.6	418	1122	JAVYTI010000010	2	0.28085106382978725	0.1774193548387097	-1
Csn2_8_CAS-II-A	JAVYTI010000001_218	262	335	0.0011	14.8	209026	209811	JAVYTI010000001	218	0.23282442748091603	0.18507462686567164	-1
Csn2_8_CAS-II-A	JAVYTI010000003_53	336	335	0.012	11.5	41753	42760	JAVYTI010000003	53	0.29464285714285715	0.2955223880597015	-1
Csx1_18_CAS-III	JAVYTI010000006_47	359	376	9.1	2.4	45515	46591	JAVYTI010000006	47	0.6963788300835655	0.44148936170212766	-1
Csx1_4_CAS-III	JAVYTI010000016_15	214	380	0.0027	13.2	12751	13392	JAVYTI010000016	15	0.2757009345794392	0.16052631578947368	-1
Csx1_5_CAS-III	JAVYTI010000021_21	271	132	0.00077	16.3	17425	18237	JAVYTI010000021	21	0.4022140221402214	0.8560606060606061	1
Csx20_0_CAS-I-III	JAVYTI010000019_18	798	131	0.00018	18.4	15447	17840	JAVYTI010000019	18	0.05263157894736842	0.32061068702290074	1
Csx20_2_CAS-I-III	JAVYTI010000019_18	798	131	0.0022	14.7	15447	17840	JAVYTI010000019	18	0.05639097744360902	0.366412213740458	1
Csx3_2_CAS-I-III	JAVYTI010000001_138	264	277	0.0024	13.7	133962	134753	JAVYTI010000001	138	0.09848484848484848	0.09386281588447654	-1
Csx3_2_CAS-I-III	JAVYTI010000001_89	442	277	0.0044	12.8	89868	91193	JAVYTI010000001	89	0.06561085972850679	0.10108303249097472	-1
Csx3_2_CAS-I-III	JAVYTI010000002_104	530	277	0.0059	12.4	93113	94702	JAVYTI010000002	104	0.13962264150943396	0.17328519855595667	1
Csx3_2_CAS-I-III	JAVYTI010000007_41	385	277	0.00041	16.2	38200	39354	JAVYTI010000007	41	0.19220779220779222	0.23465703971119134	1
Csx3_2_CAS-I-III	JAVYTI010000013_14	262	277	0.0044	12.8	9539	10324	JAVYTI010000013	14	0.21374045801526717	0.19855595667870035	1
Csx3_2_CAS-I-III	JAVYTI010000013_33	342	277	0.0011	14.9	24323	25348	JAVYTI010000013	33	0.09941520467836257	0.1299638989169675	-1
Csx3_2_CAS-I-III	JAVYTI010000019_20	722	277	0.014	11.2	19101	21266	JAVYTI010000019	20	0.054016620498614956	0.07220216606498195	-1
CysH_0_IVB	JAVYTI010000001_37	324	249	0.00079	15.9	39066	40037	JAVYTI010000001	37	0.08641975308641975	0.11244979919678715	1
CysH_0_IVB	JAVYTI010000004_79	225	249	0.02	11.3	74007	74681	JAVYTI010000004	79	0.16	0.14056224899598393	-1
CysH_0_IVB	JAVYTI010000007_7	610	249	3.3e-18	63.0	3936	5765	JAVYTI010000007	7	0.3016393442622951	0.714859437751004	1
HTH_0_CAS-III-A	JAVYTI010000002_102	318	364	0.007	12.2	91388	92341	JAVYTI010000002	102	0.07861635220125786	0.06868131868131869	-1
PD_DExK_NucC_0_CAS-III-A	JAVYTI010000002_35	386	228	0.002	14.3	30817	31974	JAVYTI010000002	35	0.24611398963730569	0.4166666666666667	-1
RecD_0_IVD	JAVYTI010000001_83	744	763	3.7e-05	18.7	82399	84630	JAVYTI010000001	83	0.09274193548387097	0.08650065530799476	-1
RecD_0_IVD	JAVYTI010000011_28	303	763	0.0057	11.5	20092	21000	JAVYTI010000011	28	0.37623762376237624	0.14809960681520315	-1
RecD_0_IVD	JAVYTI010000016_18	267	763	0.013	10.3	14984	15784	JAVYTI010000016	18	0.1198501872659176	0.04193971166448231	1
TnpB_1_Competitive	JAVYTI010000012_20	91	409	0.0027	13.2	15948	16220	JAVYTI010000012	20	0.5054945054945055	0.10757946210268948	-1
Unk_03_0_CAS-III-B	JAVYTI010000013_16	315	186	0.32	7.7	11084	12028	JAVYTI010000013	16	0.5238095238095238	0.478494623655914	-1
WYL_0_CAS-I-II-III-IV-V-VI	JAVYTI010000014_46	194	313	0.002	14.4	33122	33703	JAVYTI010000014	46	0.211340206185567	0.13099041533546327	1
htpX_0_CAS-III-B	JAVYTI010000030_10	373	343	2.7e-17	59.6	5225	6343	JAVYTI010000030	10	0.7533512064343163	0.8629737609329446	1
htpX_0_CAS-III-B	JAVYTI010000074_2	422	343	0.00028	16.8	490	1755	JAVYTI010000074	2	0.0971563981042654	0.119533527696793	-1
