Contig	Start	End	Strand	Pos
JAKPPB010000001	3	170	-1	1
JAKPPB010000001	273	716	-1	2
JAKPPB010000001	792	1997	-1	3
JAKPPB010000001	2045	2941	1	4
JAKPPB010000001	3196	3840	1	5
JAKPPB010000001	3913	4065	1	6
JAKPPB010000002	3	257	1	1
JAKPPB010000002	254	817	-1	2
JAKPPB010000002	954	1160	1	3
JAKPPB010000002	1170	1904	-1	4
JAKPPB010000003	3	938	-1	1
JAKPPB010000003	956	1306	1	2
JAKPPB010000003	1389	1784	1	3
JAKPPB010000003	2099	2491	-1	4
JAKPPB010000003	2495	2722	-1	5
JAKPPB010000003	3198	3632	-1	6
JAKPPB010000003	3629	4015	-1	7
JAKPPB010000003	4057	4245	-1	8
JAKPPB010000003	4242	5171	-1	9
JAKPPB010000003	6056	7144	-1	10
JAKPPB010000003	7161	7541	-1	11
JAKPPB010000003	7531	7746	-1	12
JAKPPB010000003	7838	9271	-1	13
JAKPPB010000003	9272	10186	-1	14
JAKPPB010000003	10188	11276	-1	15
JAKPPB010000003	11273	11950	-1	16
JAKPPB010000003	12105	12866	1	17
JAKPPB010000003	12949	13179	1	18
JAKPPB010000003	13339	14229	1	19
JAKPPB010000003	14233	14823	1	20
JAKPPB010000003	14990	15841	1	21
JAKPPB010000003	15838	16902	1	22
JAKPPB010000003	17061	18140	1	23
JAKPPB010000003	18140	18322	1	24
JAKPPB010000003	18319	19476	1	25
JAKPPB010000003	19528	20373	-1	26
JAKPPB010000003	20653	22314	-1	27
JAKPPB010000003	22379	23302	-1	28
JAKPPB010000003	23365	24636	1	29
JAKPPB010000003	24476	25492	-1	30
JAKPPB010000003	25520	25972	-1	31
JAKPPB010000003	25969	27333	-1	32
JAKPPB010000003	27373	27726	-1	33
JAKPPB010000003	28250	29212	-1	34
JAKPPB010000003	32153	33277	1	35
JAKPPB010000003	33946	34515	1	36
JAKPPB010000003	34512	35267	1	37
JAKPPB010000003	35270	36625	1	38
JAKPPB010000003	36963	37247	1	39
JAKPPB010000003	37244	38161	-1	40
JAKPPB010000003	38494	39783	1	41
JAKPPB010000003	39783	41084	1	42
JAKPPB010000003	41086	41520	1	43
JAKPPB010000003	41529	42815	-1	44
JAKPPB010000003	43563	44072	-1	45
JAKPPB010000003	44136	45128	-1	46
JAKPPB010000003	45193	46401	-1	47
JAKPPB010000003	46398	46952	-1	48
JAKPPB010000003	46955	47512	-1	49
JAKPPB010000003	47541	47729	-1	50
JAKPPB010000003	47726	48736	-1	51
JAKPPB010000003	48855	49289	1	52
JAKPPB010000003	49280	49996	1	53
JAKPPB010000003	50027	50947	1	54
JAKPPB010000003	50935	51237	-1	55
JAKPPB010000003	51416	52693	1	56
JAKPPB010000003	52725	53033	1	57
JAKPPB010000003	53044	54693	1	58
JAKPPB010000003	55309	56445	-1	59
JAKPPB010000003	56451	57629	-1	60
JAKPPB010000003	57812	59038	1	61
JAKPPB010000003	59040	59756	1	62
JAKPPB010000003	59740	60711	1	63
JAKPPB010000003	60980	62833	1	64
JAKPPB010000003	62973	63341	1	65
JAKPPB010000003	63349	63558	1	66
JAKPPB010000003	63566	63757	1	67
JAKPPB010000003	63718	64215	1	68
JAKPPB010000003	64675	65475	1	69
JAKPPB010000003	65601	66818	1	70
JAKPPB010000003	66935	67366	1	71
JAKPPB010000003	67473	68366	-1	72
JAKPPB010000003	68363	69520	-1	73
JAKPPB010000003	69522	69782	-1	74
JAKPPB010000003	69785	70336	-1	75
JAKPPB010000003	70459	71334	-1	76
JAKPPB010000003	71407	72294	-1	77
JAKPPB010000003	72325	73299	1	78
JAKPPB010000003	73325	74491	1	79
JAKPPB010000003	74568	76100	1	80
JAKPPB010000003	76165	76659	1	81
JAKPPB010000003	76703	77827	1	82
JAKPPB010000003	77882	78847	1	83
JAKPPB010000003	78943	79620	1	84
JAKPPB010000003	79818	80192	-1	85
JAKPPB010000003	81006	81242	-1	86
JAKPPB010000003	81802	82380	-1	87
JAKPPB010000003	82562	83455	1	88
JAKPPB010000003	83745	83936	1	89
JAKPPB010000003	83961	84464	-1	90
JAKPPB010000003	84663	84989	-1	91
JAKPPB010000003	85159	86040	1	92
JAKPPB010000003	86010	87236	-1	93
JAKPPB010000003	87375	88181	1	94
JAKPPB010000003	88138	89778	-1	95
JAKPPB010000003	89780	91228	-1	96
JAKPPB010000003	91230	92486	-1	97
JAKPPB010000003	92498	93505	-1	98
JAKPPB010000003	93879	94463	1	99
JAKPPB010000003	94467	94862	1	100
JAKPPB010000003	94859	96427	1	101
JAKPPB010000003	96435	99287	1	102
JAKPPB010000003	99277	100869	1	103
JAKPPB010000003	100883	101104	1	104
JAKPPB010000003	101589	102443	-1	105
JAKPPB010000003	102558	102929	-1	106
JAKPPB010000003	102987	103958	-1	107
JAKPPB010000003	103955	104758	-1	108
JAKPPB010000003	104755	105225	-1	109
JAKPPB010000003	105222	106436	-1	110
JAKPPB010000003	106433	107563	-1	111
JAKPPB010000003	107535	108824	-1	112
JAKPPB010000003	108821	109792	-1	113
JAKPPB010000003	109774	110691	-1	114
JAKPPB010000003	110964	111848	-1	115
JAKPPB010000003	112275	112538	1	116
JAKPPB010000003	112573	113736	1	117
JAKPPB010000003	113746	114327	1	118
JAKPPB010000003	114333	115223	1	119
JAKPPB010000003	115239	117359	1	120
JAKPPB010000003	117359	117784	1	121
JAKPPB010000003	117856	118200	1	122
JAKPPB010000003	118201	119517	1	123
JAKPPB010000003	119518	121227	1	124
JAKPPB010000003	121237	122037	1	125
JAKPPB010000003	122385	123035	1	126
JAKPPB010000004	3	131	-1	1
JAKPPB010000004	288	542	1	2
JAKPPB010000004	539	844	1	3
JAKPPB010000004	859	1185	-1	4
JAKPPB010000005	68	1090	1	1
JAKPPB010000005	1521	2462	1	2
JAKPPB010000005	2477	3289	1	3
JAKPPB010000005	3286	3825	1	4
JAKPPB010000005	3975	6128	1	5
JAKPPB010000005	6128	6640	1	6
JAKPPB010000005	6696	7190	-1	7
JAKPPB010000005	7358	7561	1	8
JAKPPB010000005	8036	9343	1	9
JAKPPB010000005	9351	9842	1	10
JAKPPB010000005	9852	11012	1	11
JAKPPB010000005	11301	12311	1	12
JAKPPB010000005	12308	12490	1	13
JAKPPB010000005	12717	13637	1	14
JAKPPB010000005	13642	14538	1	15
JAKPPB010000005	14528	15124	1	16
JAKPPB010000005	15448	15519	1	17
JAKPPB010000006	1	285	-1	1
JAKPPB010000006	296	577	-1	2
JAKPPB010000006	579	1427	-1	3
JAKPPB010000006	1437	2273	-1	4
JAKPPB010000006	2276	3175	-1	5
JAKPPB010000006	3486	5189	-1	6
JAKPPB010000006	5195	5959	-1	7
JAKPPB010000006	5967	6587	-1	8
JAKPPB010000006	6596	7063	-1	9
JAKPPB010000006	7078	7878	-1	10
JAKPPB010000007	3	431	1	1
JAKPPB010000007	474	824	-1	2
JAKPPB010000007	1316	2344	-1	3
JAKPPB010000007	2391	3440	1	4
JAKPPB010000007	3504	4220	1	5
JAKPPB010000007	4522	4887	-1	6
JAKPPB010000007	5296	5991	1	7
JAKPPB010000007	6160	6678	1	8
JAKPPB010000007	6897	7364	-1	9
JAKPPB010000007	7471	8166	-1	10
JAKPPB010000007	8326	9111	1	11
JAKPPB010000007	9084	10943	-1	12
JAKPPB010000007	11231	11566	-1	13
JAKPPB010000007	12090	13805	-1	14
JAKPPB010000007	13836	14756	-1	15
JAKPPB010000007	14753	15091	-1	16
JAKPPB010000007	15103	15630	-1	17
JAKPPB010000007	15617	15973	-1	18
JAKPPB010000007	16061	16381	-1	19
JAKPPB010000007	16460	18328	-1	20
JAKPPB010000007	18318	19553	-1	21
JAKPPB010000007	19550	21031	-1	22
JAKPPB010000007	21074	21604	-1	23
JAKPPB010000007	21792	23027	1	24
JAKPPB010000007	23040	23804	1	25
JAKPPB010000007	23842	24606	1	26
JAKPPB010000007	24660	25196	1	27
JAKPPB010000007	25272	26231	1	28
JAKPPB010000007	26225	26794	1	29
JAKPPB010000007	26791	27063	1	30
JAKPPB010000007	27078	28160	1	31
JAKPPB010000007	28157	28945	1	32
JAKPPB010000007	28942	29481	1	33
JAKPPB010000007	29478	30563	1	34
JAKPPB010000007	30560	31426	1	35
JAKPPB010000007	31513	32388	1	36
JAKPPB010000007	32599	33882	1	37
JAKPPB010000007	33860	34777	1	38
JAKPPB010000007	34779	35489	1	39
JAKPPB010000007	35486	36067	1	40
JAKPPB010000008	58	1092	1	1
JAKPPB010000009	1	741	-1	1
JAKPPB010000009	738	2687	-1	2
JAKPPB010000009	2848	3807	-1	3
JAKPPB010000009	3903	5966	-1	4
JAKPPB010000009	6384	8165	1	5
JAKPPB010000009	8143	9135	1	6
JAKPPB010000009	9132	9800	1	7
JAKPPB010000009	9797	11017	1	8
JAKPPB010000009	11021	14623	1	9
JAKPPB010000009	14980	15306	-1	10
JAKPPB010000009	15563	16288	-1	11
JAKPPB010000009	16288	17244	-1	12
JAKPPB010000009	17487	18002	1	13
JAKPPB010000009	18002	19210	1	14
JAKPPB010000009	19224	20285	1	15
JAKPPB010000009	20282	21055	1	16
JAKPPB010000009	21059	24781	1	17
JAKPPB010000009	24976	25626	1	18
JAKPPB010000009	25725	26057	1	19
JAKPPB010000009	26158	26376	-1	20
JAKPPB010000009	26460	26942	1	21
JAKPPB010000009	27111	27644	1	22
JAKPPB010000009	27785	29257	-1	23
JAKPPB010000009	29412	29990	1	24
JAKPPB010000009	30144	30371	1	25
JAKPPB010000009	30284	30595	-1	26
JAKPPB010000009	30665	31729	-1	27
JAKPPB010000009	31737	31904	-1	28
JAKPPB010000009	32148	32741	1	29
JAKPPB010000009	32768	33454	-1	30
JAKPPB010000009	33978	34331	-1	31
JAKPPB010000010	199	576	-1	1
JAKPPB010000010	679	1326	-1	2
JAKPPB010000010	1383	1655	1	3
JAKPPB010000010	1655	2311	1	4
JAKPPB010000010	2417	2641	1	5
JAKPPB010000010	2659	3669	1	6
JAKPPB010000011	3	1775	-1	1
JAKPPB010000012	3	818	-1	1
JAKPPB010000013	2	2956	1	1
JAKPPB010000013	3336	5027	1	2
JAKPPB010000013	5812	6795	-1	3
JAKPPB010000013	6926	9508	-1	4
JAKPPB010000013	10302	10682	1	5
JAKPPB010000013	10679	11287	1	6
JAKPPB010000013	11284	13152	1	7
JAKPPB010000013	13332	16316	1	8
JAKPPB010000013	16573	17100	-1	9
JAKPPB010000013	17198	17734	-1	10
JAKPPB010000013	17757	18161	-1	11
JAKPPB010000013	18264	18575	1	12
JAKPPB010000013	18587	20200	1	13
JAKPPB010000013	20447	21082	-1	14
JAKPPB010000013	21102	21803	-1	15
JAKPPB010000013	21803	22141	-1	16
JAKPPB010000013	22199	22558	-1	17
JAKPPB010000013	22644	24260	1	18
JAKPPB010000013	24315	24686	1	19
JAKPPB010000013	24689	24976	1	20
JAKPPB010000013	24839	25111	-1	21
JAKPPB010000013	25451	26365	-1	22
JAKPPB010000013	26702	27223	-1	23
JAKPPB010000013	27318	27614	1	24
JAKPPB010000013	27687	29186	1	25
JAKPPB010000013	29211	29420	1	26
JAKPPB010000013	29425	30180	1	27
JAKPPB010000013	30246	31067	-1	28
JAKPPB010000013	31080	31349	-1	29
JAKPPB010000013	31712	31801	1	30
JAKPPB010000014	2	442	-1	1
JAKPPB010000014	445	1314	-1	2
JAKPPB010000014	1283	1639	-1	3
JAKPPB010000014	2064	2765	-1	4
JAKPPB010000015	177	1406	1	1
JAKPPB010000015	1760	1909	1	2
JAKPPB010000015	1896	2279	1	3
JAKPPB010000015	2269	2466	1	4
JAKPPB010000015	2486	5560	1	5
JAKPPB010000015	5557	5667	1	6
JAKPPB010000015	5668	6297	1	7
JAKPPB010000015	6334	6513	1	8
JAKPPB010000015	6510	6896	1	9
JAKPPB010000015	6841	7005	1	10
JAKPPB010000016	95	571	1	1
JAKPPB010000016	568	912	1	2
JAKPPB010000016	909	1370	1	3
JAKPPB010000016	1355	1972	1	4
JAKPPB010000016	2207	2500	-1	5
JAKPPB010000017	1	234	-1	1
JAKPPB010000017	274	729	-1	2
JAKPPB010000018	3	272	-1	1
JAKPPB010000018	504	1232	-1	2
JAKPPB010000018	1233	1703	-1	3
JAKPPB010000018	1700	2092	-1	4
JAKPPB010000018	2085	2510	-1	5
JAKPPB010000018	2627	3802	-1	6
JAKPPB010000018	4207	4596	-1	7
JAKPPB010000018	4637	5812	-1	8
JAKPPB010000018	5956	6879	-1	9
JAKPPB010000018	6917	7996	-1	10
JAKPPB010000018	7993	8157	-1	11
JAKPPB010000018	8176	8640	-1	12
JAKPPB010000018	8642	8881	-1	13
JAKPPB010000018	8878	9138	-1	14
JAKPPB010000018	9152	10051	-1	15
JAKPPB010000019	150	1070	1	1
JAKPPB010000020	1	177	1	1
JAKPPB010000020	402	1565	-1	2
JAKPPB010000020	2154	2555	1	3
JAKPPB010000020	2767	4089	-1	4
JAKPPB010000020	4521	4907	-1	5
JAKPPB010000020	5112	6464	1	6
JAKPPB010000020	6802	7389	1	7
JAKPPB010000020	7592	8017	-1	8
JAKPPB010000020	8360	9268	-1	9
JAKPPB010000020	9265	9702	-1	10
JAKPPB010000020	9763	10602	-1	11
JAKPPB010000020	10792	11337	-1	12
JAKPPB010000020	11337	11933	-1	13
JAKPPB010000020	11939	12511	-1	14
JAKPPB010000020	12514	13926	-1	15
JAKPPB010000020	13968	14393	-1	16
JAKPPB010000020	14398	14859	-1	17
JAKPPB010000020	14859	15476	-1	18
JAKPPB010000020	15478	16005	-1	19
JAKPPB010000020	16007	16459	-1	20
JAKPPB010000020	16452	16898	-1	21
JAKPPB010000020	16904	17428	-1	22
JAKPPB010000020	17447	17839	-1	23
JAKPPB010000020	17856	18011	-1	24
JAKPPB010000020	18013	18519	-1	25
JAKPPB010000020	18516	19241	-1	26
JAKPPB010000020	19241	19606	-1	27
JAKPPB010000020	19617	20015	-1	28
JAKPPB010000020	20012	20338	-1	29
JAKPPB010000020	20338	20622	-1	30
JAKPPB010000020	20624	20827	-1	31
JAKPPB010000020	20828	21541	-1	32
JAKPPB010000020	21541	22002	-1	33
JAKPPB010000020	22010	22423	-1	34
JAKPPB010000020	22434	23150	-1	35
JAKPPB010000020	23160	23408	-1	36
JAKPPB010000020	23410	24156	-1	37
JAKPPB010000020	24164	25177	-1	38
JAKPPB010000020	25762	26166	-1	39
JAKPPB010000020	26382	27221	1	40
JAKPPB010000020	27295	28224	-1	41
JAKPPB010000020	28306	29295	-1	42
JAKPPB010000020	29749	30939	1	43
JAKPPB010000020	31015	31962	-1	44
JAKPPB010000020	31963	32400	-1	45
JAKPPB010000020	32626	34017	-1	46
JAKPPB010000020	34303	35829	-1	47
JAKPPB010000020	36065	38608	-1	48
JAKPPB010000020	39073	39789	1	49
JAKPPB010000020	39940	40566	-1	50
JAKPPB010000020	40563	41423	-1	51
JAKPPB010000020	41488	42699	-1	52
JAKPPB010000020	42782	43489	1	53
JAKPPB010000020	43486	44376	1	54
JAKPPB010000020	44575	45360	-1	55
JAKPPB010000020	45357	45962	-1	56
JAKPPB010000020	45959	47728	-1	57
JAKPPB010000020	47974	48432	1	58
JAKPPB010000020	48448	48975	-1	59
JAKPPB010000020	49153	50547	-1	60
JAKPPB010000020	50588	51346	1	61
JAKPPB010000020	51343	52248	1	62
JAKPPB010000020	52308	53093	1	63
JAKPPB010000020	53220	53747	1	64
JAKPPB010000020	53839	54330	1	65
JAKPPB010000020	54325	54924	-1	66
JAKPPB010000020	54939	55613	-1	67
JAKPPB010000020	55663	56043	-1	68
JAKPPB010000020	56182	56343	1	69
JAKPPB010000020	56340	56747	1	70
JAKPPB010000020	56668	58416	-1	71
JAKPPB010000020	58428	59036	1	72
JAKPPB010000020	59069	59230	1	73
JAKPPB010000020	59234	59491	1	74
JAKPPB010000020	59550	60497	-1	75
JAKPPB010000020	60844	61872	-1	76
JAKPPB010000020	62198	62488	-1	77
JAKPPB010000020	62485	62742	-1	78
JAKPPB010000020	62804	63931	1	79
JAKPPB010000020	63940	64815	1	80
JAKPPB010000020	64860	66137	1	81
JAKPPB010000020	66139	66858	1	82
JAKPPB010000020	66948	67223	1	83
JAKPPB010000020	67516	68136	-1	84
JAKPPB010000020	68441	69433	-1	85
JAKPPB010000020	69434	70492	1	86
JAKPPB010000020	70901	72325	1	87
JAKPPB010000020	72315	72620	-1	88
JAKPPB010000020	72796	73677	1	89
JAKPPB010000020	73652	74566	1	90
JAKPPB010000020	75040	75678	1	91
JAKPPB010000020	75773	76333	-1	92
JAKPPB010000020	76447	76929	1	93
JAKPPB010000020	77003	77491	-1	94
JAKPPB010000020	77709	78188	1	95
JAKPPB010000020	78704	80896	-1	96
JAKPPB010000020	80929	81510	-1	97
JAKPPB010000020	81517	81945	-1	98
JAKPPB010000020	82114	82527	1	99
JAKPPB010000020	82514	83122	1	100
JAKPPB010000020	83126	83797	1	101
JAKPPB010000020	83794	84303	1	102
JAKPPB010000020	84378	85184	1	103
JAKPPB010000020	85204	86496	1	104
JAKPPB010000020	86500	88164	1	105
JAKPPB010000020	88262	89038	1	106
JAKPPB010000020	89035	90627	1	107
JAKPPB010000020	91116	91595	1	108
JAKPPB010000020	91605	92726	-1	109
JAKPPB010000020	92753	93583	-1	110
JAKPPB010000020	94248	96107	-1	111
JAKPPB010000020	96629	97507	-1	112
JAKPPB010000020	97696	98475	1	113
JAKPPB010000020	98507	99157	1	114
JAKPPB010000020	99172	99318	-1	115
JAKPPB010000020	99389	99943	-1	116
JAKPPB010000020	99940	101535	-1	117
JAKPPB010000020	101626	101814	-1	118
JAKPPB010000020	101817	102113	-1	119
JAKPPB010000020	102189	102683	-1	120
JAKPPB010000020	102683	102895	-1	121
JAKPPB010000020	102873	103466	-1	122
JAKPPB010000020	103483	103896	-1	123
JAKPPB010000020	103860	105095	-1	124
JAKPPB010000020	105245	106135	-1	125
JAKPPB010000020	106210	106965	-1	126
JAKPPB010000020	107034	107456	1	127
JAKPPB010000020	107453	107746	-1	128
JAKPPB010000020	107802	108977	1	129
JAKPPB010000020	108993	109973	-1	130
JAKPPB010000020	109974	112643	-1	131
JAKPPB010000020	112780	113976	1	132
JAKPPB010000020	113959	115386	-1	133
JAKPPB010000020	115489	116463	1	134
JAKPPB010000020	116486	117106	1	135
JAKPPB010000020	117140	118294	1	136
JAKPPB010000020	118308	118925	1	137
JAKPPB010000020	118928	119707	1	138
JAKPPB010000020	119727	120929	1	139
JAKPPB010000020	120926	121654	1	140
JAKPPB010000020	121727	123172	1	141
JAKPPB010000020	123156	124217	1	142
JAKPPB010000020	124311	126185	1	143
JAKPPB010000020	126299	127744	1	144
JAKPPB010000020	127802	128929	1	145
JAKPPB010000021	213	683	1	1
JAKPPB010000021	786	2429	1	2
JAKPPB010000021	2442	3188	-1	3
JAKPPB010000021	3369	5414	-1	4
JAKPPB010000021	5572	6342	1	5
JAKPPB010000021	6377	8206	-1	6
JAKPPB010000021	8252	8761	1	7
JAKPPB010000021	8715	9275	1	8
JAKPPB010000022	2	790	1	1
JAKPPB010000022	796	1083	1	2
JAKPPB010000022	1126	1422	1	3
JAKPPB010000022	1567	3045	-1	4
JAKPPB010000023	2	187	-1	1
JAKPPB010000023	221	484	-1	2
JAKPPB010000023	1600	1695	1	3
JAKPPB010000024	3	401	-1	1
JAKPPB010000024	582	1061	1	2
JAKPPB010000024	1063	1662	1	3
JAKPPB010000024	1667	1738	1	4
JAKPPB010000025	1	963	1	1
JAKPPB010000025	1032	1760	1	2
JAKPPB010000025	1938	2075	-1	3
JAKPPB010000025	2338	2547	-1	4
JAKPPB010000026	54	479	-1	1
JAKPPB010000026	467	691	-1	2
JAKPPB010000026	642	794	-1	3
JAKPPB010000026	1014	1187	-1	4
JAKPPB010000026	2036	2248	-1	5
JAKPPB010000026	2235	2726	-1	6
JAKPPB010000027	1027	1566	-1	1
JAKPPB010000027	1577	2455	-1	2
JAKPPB010000027	2664	3473	-1	3
JAKPPB010000027	3421	4308	-1	4
JAKPPB010000027	4371	5237	1	5
JAKPPB010000027	5244	7715	1	6
JAKPPB010000027	8248	9585	1	7
JAKPPB010000027	9709	10059	1	8
JAKPPB010000027	10056	11597	1	9
JAKPPB010000027	11561	11857	-1	10
JAKPPB010000027	12111	14024	-1	11
JAKPPB010000027	14195	14833	-1	12
JAKPPB010000027	14988	16067	-1	13
JAKPPB010000027	16064	17881	-1	14
JAKPPB010000027	17963	18850	1	15
JAKPPB010000027	19000	19827	-1	16
JAKPPB010000027	20156	21619	1	17
JAKPPB010000027	21609	22223	1	18
JAKPPB010000027	22220	23890	1	19
JAKPPB010000027	23868	25001	-1	20
JAKPPB010000027	25042	25323	1	21
JAKPPB010000027	25379	26110	1	22
JAKPPB010000027	26090	29275	-1	23
JAKPPB010000027	29622	31082	1	24
JAKPPB010000027	31079	31537	1	25
JAKPPB010000027	31509	33362	-1	26
JAKPPB010000027	33356	34561	-1	27
JAKPPB010000027	34558	34734	-1	28
JAKPPB010000027	34879	35541	-1	29
JAKPPB010000027	35715	35906	-1	30
JAKPPB010000028	194	1669	-1	1
JAKPPB010000028	1805	2305	1	2
JAKPPB010000028	2299	2853	1	3
JAKPPB010000028	2850	4142	1	4
JAKPPB010000028	4139	5056	1	5
JAKPPB010000028	5145	5327	-1	6
JAKPPB010000028	5897	6655	1	7
JAKPPB010000028	6652	9516	1	8
JAKPPB010000028	9545	10510	1	9
JAKPPB010000028	10547	11506	1	10
JAKPPB010000028	11658	11948	-1	11
JAKPPB010000028	11959	13458	-1	12
JAKPPB010000028	13603	14604	-1	13
JAKPPB010000028	14616	14930	1	14
JAKPPB010000028	15017	15262	1	15
JAKPPB010000028	15374	15652	1	16
JAKPPB010000028	15649	16158	1	17
JAKPPB010000028	16268	16615	1	18
JAKPPB010000028	16608	17189	-1	19
JAKPPB010000028	17357	18121	1	20
JAKPPB010000028	18136	19980	-1	21
JAKPPB010000028	20078	21445	-1	22
JAKPPB010000028	21562	23232	-1	23
JAKPPB010000028	23413	23721	-1	24
JAKPPB010000028	23876	24349	1	25
JAKPPB010000028	24548	25045	1	26
JAKPPB010000028	24863	26080	-1	27
JAKPPB010000028	26097	26723	-1	28
JAKPPB010000028	26730	28121	-1	29
JAKPPB010000028	28118	29884	-1	30
JAKPPB010000028	29875	30177	-1	31
JAKPPB010000028	30177	31232	-1	32
JAKPPB010000028	31245	31823	-1	33
JAKPPB010000028	31836	32105	-1	34
JAKPPB010000028	32109	34079	-1	35
JAKPPB010000028	34066	34395	-1	36
JAKPPB010000028	34556	34900	-1	37
JAKPPB010000028	35068	37002	-1	38
JAKPPB010000028	36999	38732	-1	39
JAKPPB010000028	38867	39691	1	40
JAKPPB010000028	39688	40386	1	41
JAKPPB010000028	40383	40616	-1	42
JAKPPB010000028	40634	40900	-1	43
JAKPPB010000028	40903	42186	-1	44
JAKPPB010000028	42173	43504	-1	45
JAKPPB010000028	43509	45425	-1	46
JAKPPB010000028	45510	46361	1	47
JAKPPB010000028	46352	47350	1	48
JAKPPB010000028	47334	47789	1	49
JAKPPB010000028	47811	48431	1	50
JAKPPB010000028	48514	50130	1	51
JAKPPB010000028	50506	50715	-1	52
JAKPPB010000028	51116	51586	-1	53
JAKPPB010000028	51665	52636	-1	54
JAKPPB010000028	52979	55240	-1	55
JAKPPB010000028	55406	55678	-1	56
JAKPPB010000028	55996	56487	1	57
JAKPPB010000028	56678	57106	-1	58
JAKPPB010000028	57152	57856	-1	59
JAKPPB010000028	57853	58845	-1	60
JAKPPB010000028	58824	60140	-1	61
JAKPPB010000028	60310	60762	1	62
JAKPPB010000028	60813	61316	-1	63
JAKPPB010000028	61313	62989	-1	64
JAKPPB010000028	62961	64361	-1	65
JAKPPB010000028	64543	65232	-1	66
JAKPPB010000028	65772	66656	-1	67
JAKPPB010000028	66706	68223	-1	68
JAKPPB010000028	68647	69174	1	69
JAKPPB010000028	69177	71030	1	70
JAKPPB010000028	71036	72166	1	71
JAKPPB010000028	72298	73269	1	72
JAKPPB010000028	73334	74113	1	73
JAKPPB010000028	74159	74875	-1	74
JAKPPB010000028	74958	75770	-1	75
JAKPPB010000028	75781	76557	-1	76
JAKPPB010000028	76612	77028	1	77
JAKPPB010000028	77173	77901	-1	78
JAKPPB010000028	77971	78423	-1	79
JAKPPB010000028	78438	78908	1	80
JAKPPB010000028	79001	79891	1	81
JAKPPB010000028	79892	80200	1	82
JAKPPB010000028	80314	81837	1	83
JAKPPB010000028	81801	83102	-1	84
JAKPPB010000028	83345	83944	1	85
JAKPPB010000028	83947	85065	1	86
JAKPPB010000028	85072	86109	1	87
JAKPPB010000028	86596	90795	1	88
JAKPPB010000028	91139	93070	-1	89
JAKPPB010000028	93067	94617	-1	90
JAKPPB010000028	94614	97421	-1	91
JAKPPB010000028	97715	99331	1	92
JAKPPB010000028	99354	99632	-1	93
JAKPPB010000028	100244	100438	1	94
JAKPPB010000028	100439	100534	1	95
JAKPPB010000028	100749	100946	1	96
JAKPPB010000028	101179	102117	-1	97
JAKPPB010000028	102281	102685	1	98
JAKPPB010000028	102694	103887	-1	99
JAKPPB010000028	104059	107226	-1	100
JAKPPB010000028	107226	108290	-1	101
JAKPPB010000028	108487	109098	1	102
JAKPPB010000028	109095	109577	-1	103
JAKPPB010000028	109595	110200	-1	104
JAKPPB010000028	110205	112190	-1	105
JAKPPB010000028	112193	113221	-1	106
JAKPPB010000028	113226	113588	-1	107
JAKPPB010000028	113727	114533	-1	108
JAKPPB010000028	114556	115713	-1	109
JAKPPB010000028	115715	117313	-1	110
JAKPPB010000028	117314	119182	-1	111
JAKPPB010000028	119184	119930	-1	112
JAKPPB010000028	120004	120492	-1	113
JAKPPB010000028	120506	120988	-1	114
JAKPPB010000028	120994	121794	-1	115
JAKPPB010000029	1	1923	-1	1
JAKPPB010000029	2077	2355	-1	2
JAKPPB010000029	2352	3095	-1	3
JAKPPB010000029	3247	4794	-1	4
JAKPPB010000030	152	535	1	1
JAKPPB010000030	516	1847	1	2
JAKPPB010000030	1852	2052	1	3
JAKPPB010000030	2064	3755	1	4
JAKPPB010000030	3755	3940	1	5
JAKPPB010000031	2	319	1	1
JAKPPB010000031	411	3104	1	2
JAKPPB010000031	3208	4806	1	3
JAKPPB010000031	4803	5303	1	4
JAKPPB010000031	5315	6406	1	5
JAKPPB010000031	6409	7155	1	6
JAKPPB010000031	7160	7855	1	7
JAKPPB010000031	7866	8756	1	8
JAKPPB010000031	8761	9060	1	9
JAKPPB010000032	2	1063	-1	1
JAKPPB010000032	1166	1654	-1	2
JAKPPB010000032	1925	3163	1	3
JAKPPB010000032	3177	3302	-1	4
JAKPPB010000033	2	109	-1	1
JAKPPB010000033	256	1623	-1	2
JAKPPB010000033	1647	2186	-1	3
JAKPPB010000033	2369	2638	1	4
JAKPPB010000033	2638	4821	1	5
JAKPPB010000033	5027	5470	-1	6
JAKPPB010000033	5454	6071	-1	7
JAKPPB010000033	6176	7642	-1	8
JAKPPB010000033	7645	8331	-1	9
JAKPPB010000033	8340	9047	1	10
JAKPPB010000033	9038	9658	1	11
JAKPPB010000033	9615	12197	-1	12
JAKPPB010000033	12376	13572	1	13
JAKPPB010000033	13762	14343	1	14
JAKPPB010000033	14338	14604	-1	15
JAKPPB010000033	14645	15349	-1	16
JAKPPB010000033	15620	16090	1	17
JAKPPB010000033	16139	16924	1	18
JAKPPB010000033	16921	18099	-1	19
JAKPPB010000033	18153	19097	1	20
JAKPPB010000033	19395	19715	-1	21
JAKPPB010000033	19800	20969	-1	22
JAKPPB010000033	21013	21603	1	23
JAKPPB010000033	21608	22447	1	24
JAKPPB010000033	22780	23214	1	25
JAKPPB010000033	23222	23380	-1	26
JAKPPB010000033	23388	24593	-1	27
JAKPPB010000033	24680	25501	1	28
JAKPPB010000033	25593	26873	1	29
JAKPPB010000033	26870	27490	1	30
JAKPPB010000033	27549	27863	1	31
JAKPPB010000033	27860	28105	1	32
JAKPPB010000033	28227	28664	1	33
JAKPPB010000033	28675	29016	1	34
JAKPPB010000033	29013	29621	1	35
JAKPPB010000033	29618	29770	1	36
JAKPPB010000033	29776	30039	1	37
JAKPPB010000033	30041	30703	1	38
JAKPPB010000033	30712	30903	1	39
JAKPPB010000033	30893	31363	1	40
JAKPPB010000033	31386	32411	1	41
JAKPPB010000033	32411	33730	1	42
JAKPPB010000033	33740	34315	1	43
JAKPPB010000033	34309	35538	1	44
JAKPPB010000033	35544	35834	1	45
JAKPPB010000033	35869	36219	1	46
JAKPPB010000033	36228	36788	1	47
JAKPPB010000033	36785	37555	1	48
JAKPPB010000033	37552	38124	1	49
JAKPPB010000033	38163	38513	-1	50
JAKPPB010000033	39178	40146	-1	51
JAKPPB010000033	40201	42243	-1	52
JAKPPB010000033	42270	42434	1	53
JAKPPB010000033	42787	43119	-1	54
JAKPPB010000033	43344	44141	-1	55
JAKPPB010000033	44146	45582	-1	56
JAKPPB010000033	45583	46101	-1	57
JAKPPB010000033	46394	47194	1	58
JAKPPB010000033	47262	47876	1	59
JAKPPB010000033	48024	48857	1	60
JAKPPB010000033	48903	50237	-1	61
JAKPPB010000033	50523	52016	1	62
JAKPPB010000033	52149	52286	1	63
JAKPPB010000033	52644	53510	-1	64
JAKPPB010000033	53513	56455	-1	65
JAKPPB010000033	56654	57088	1	66
JAKPPB010000033	57239	57658	-1	67
JAKPPB010000033	58191	58721	1	68
JAKPPB010000033	58723	58965	1	69
JAKPPB010000033	58952	60937	1	70
JAKPPB010000033	61126	62049	-1	71
JAKPPB010000033	62167	63381	1	72
JAKPPB010000033	63565	63756	1	73
JAKPPB010000033	63948	64541	1	74
JAKPPB010000033	64899	65447	-1	75
JAKPPB010000033	65530	67671	-1	76
JAKPPB010000033	67834	68331	1	77
JAKPPB010000033	68582	70408	1	78
JAKPPB010000033	70429	70614	-1	79
JAKPPB010000033	70702	71193	-1	80
JAKPPB010000033	71425	73599	1	81
JAKPPB010000033	73634	74140	-1	82
JAKPPB010000033	74255	74695	-1	83
JAKPPB010000033	75540	76364	-1	84
JAKPPB010000033	77087	77485	-1	85
JAKPPB010000033	77620	78285	1	86
JAKPPB010000033	78243	80072	-1	87
JAKPPB010000033	80138	80695	-1	88
JAKPPB010000033	80770	81744	-1	89
JAKPPB010000033	81785	82042	-1	90
JAKPPB010000033	82017	82766	-1	91
JAKPPB010000033	82774	83460	-1	92
JAKPPB010000033	83473	86313	-1	93
JAKPPB010000033	86322	87761	-1	94
JAKPPB010000033	87758	89062	-1	95
JAKPPB010000033	89062	89331	-1	96
JAKPPB010000033	89542	89775	-1	97
JAKPPB010000033	89800	90819	-1	98
JAKPPB010000033	90816	91847	-1	99
JAKPPB010000033	91927	92232	-1	100
JAKPPB010000033	92338	93573	1	101
JAKPPB010000033	93705	94025	1	102
JAKPPB010000033	94263	94748	1	103
JAKPPB010000033	95019	96506	-1	104
JAKPPB010000033	96628	97347	-1	105
JAKPPB010000033	97512	97832	-1	106
JAKPPB010000033	98236	99159	-1	107
JAKPPB010000033	99277	102702	1	108
JAKPPB010000033	103222	105270	1	109
JAKPPB010000033	105974	110620	-1	110
JAKPPB010000033	111063	111374	-1	111
JAKPPB010000034	17	208	-1	1
JAKPPB010000034	584	1831	1	2
JAKPPB010000034	2195	2461	1	3
JAKPPB010000034	2623	3567	1	4
JAKPPB010000034	3558	3668	1	5
JAKPPB010000034	3960	7538	1	6
JAKPPB010000034	7618	10527	1	7
JAKPPB010000034	10531	11706	1	8
JAKPPB010000034	11739	12287	1	9
JAKPPB010000034	12287	15622	1	10
JAKPPB010000034	15792	16226	1	11
JAKPPB010000034	16328	16672	1	12
JAKPPB010000034	16836	18071	1	13
JAKPPB010000034	18068	18883	-1	14
JAKPPB010000034	18897	20213	-1	15
JAKPPB010000034	20229	21482	-1	16
JAKPPB010000034	21879	22184	-1	17
JAKPPB010000035	1	123	1	1
JAKPPB010000035	187	372	1	2
JAKPPB010000035	569	1030	-1	3
JAKPPB010000035	1011	1472	-1	4
JAKPPB010000035	1526	1960	-1	5
JAKPPB010000035	2108	2353	-1	6
JAKPPB010000035	2759	5983	1	7
JAKPPB010000035	6233	7267	1	8
JAKPPB010000035	7264	7914	1	9
JAKPPB010000035	8239	8493	1	10
JAKPPB010000035	8757	9662	-1	11
JAKPPB010000035	9814	9993	-1	12
JAKPPB010000035	10130	10360	-1	13
JAKPPB010000035	10437	11300	-1	14
JAKPPB010000035	11635	11976	-1	15
JAKPPB010000035	12227	12316	1	16
JAKPPB010000036	1	819	1	1
JAKPPB010000036	1036	1491	1	2
JAKPPB010000036	1694	3013	-1	3
JAKPPB010000036	3151	3543	-1	4
JAKPPB010000036	3616	4623	-1	5
JAKPPB010000036	4743	5612	1	6
JAKPPB010000036	5653	7605	1	7
JAKPPB010000036	7620	8381	1	8
JAKPPB010000036	8393	9049	1	9
JAKPPB010000036	9333	10064	1	10
JAKPPB010000036	10061	10933	1	11
JAKPPB010000036	10946	11449	1	12
JAKPPB010000036	11446	12558	1	13
JAKPPB010000036	12578	13885	-1	14
JAKPPB010000036	14198	14422	-1	15
JAKPPB010000036	14529	14717	-1	16
JAKPPB010000037	1	210	1	1
JAKPPB010000037	323	952	1	2
JAKPPB010000037	964	1239	-1	3
JAKPPB010000037	1497	2072	1	4
JAKPPB010000038	502	2589	-1	1
JAKPPB010000038	2847	3989	1	2
JAKPPB010000038	3986	6424	1	3
JAKPPB010000038	6424	7452	1	4
JAKPPB010000038	7430	9052	1	5
JAKPPB010000038	9210	9395	1	6
JAKPPB010000038	9392	10570	1	7
JAKPPB010000038	10611	11171	-1	8
JAKPPB010000038	11168	11857	-1	9
JAKPPB010000038	12079	13440	1	10
JAKPPB010000038	13520	14038	-1	11
JAKPPB010000038	14062	15111	-1	12
JAKPPB010000038	15265	16515	1	13
JAKPPB010000038	16528	17691	-1	14
JAKPPB010000038	18005	18874	1	15
JAKPPB010000038	19007	20602	1	16
JAKPPB010000038	20764	21402	1	17
JAKPPB010000038	21399	21851	1	18
JAKPPB010000038	22052	22432	1	19
JAKPPB010000038	22552	23529	-1	20
JAKPPB010000038	23598	24419	-1	21
JAKPPB010000038	24714	25262	-1	22
JAKPPB010000038	25415	26338	1	23
JAKPPB010000038	26439	27263	1	24
JAKPPB010000038	27304	27930	-1	25
JAKPPB010000038	28176	28787	1	26
JAKPPB010000038	28974	29762	-1	27
JAKPPB010000038	29871	30494	-1	28
JAKPPB010000038	30614	30991	-1	29
JAKPPB010000038	31111	31467	-1	30
JAKPPB010000038	31795	31986	-1	31
JAKPPB010000038	31979	33025	-1	32
JAKPPB010000038	33194	33544	-1	33
JAKPPB010000038	34075	34446	-1	34
JAKPPB010000038	35170	35883	1	35
JAKPPB010000038	35969	36838	1	36
JAKPPB010000038	36904	37152	1	37
JAKPPB010000038	37287	37829	1	38
JAKPPB010000038	37898	38788	1	39
JAKPPB010000038	38824	39285	1	40
JAKPPB010000038	39309	39410	-1	41
JAKPPB010000038	39528	39803	1	42
JAKPPB010000038	39912	40502	1	43
JAKPPB010000038	40613	41731	-1	44
JAKPPB010000038	42082	43284	1	45
JAKPPB010000038	43286	43777	1	46
JAKPPB010000038	43859	44296	1	47
JAKPPB010000038	44322	45005	1	48
JAKPPB010000038	45191	46144	1	49
JAKPPB010000038	46141	46899	1	50
JAKPPB010000038	47174	47434	-1	51
JAKPPB010000038	47600	48295	1	52
JAKPPB010000038	48458	48685	-1	53
JAKPPB010000038	48958	49089	-1	54
JAKPPB010000038	49632	50276	-1	55
JAKPPB010000038	50432	50674	1	56
JAKPPB010000038	50699	52102	1	57
JAKPPB010000038	52390	52587	-1	58
JAKPPB010000038	53189	53761	1	59
JAKPPB010000038	54041	54235	1	60
JAKPPB010000038	54217	54768	1	61
JAKPPB010000038	55194	56030	-1	62
JAKPPB010000038	56249	56671	1	63
JAKPPB010000038	56975	57160	-1	64
JAKPPB010000038	57176	57316	-1	65
JAKPPB010000038	57651	58874	1	66
JAKPPB010000038	58960	60975	-1	67
JAKPPB010000038	61070	61684	-1	68
JAKPPB010000038	61776	62621	-1	69
JAKPPB010000038	62712	65027	-1	70
JAKPPB010000038	65669	65824	-1	71
JAKPPB010000039	58	834	-1	1
JAKPPB010000039	831	2075	-1	2
JAKPPB010000040	790	963	-1	1
JAKPPB010000040	960	1151	-1	2
JAKPPB010000040	1156	1566	-1	3
JAKPPB010000040	1569	1808	-1	4
JAKPPB010000040	1805	2200	-1	5
JAKPPB010000041	442	1164	1	1
JAKPPB010000041	1287	1550	-1	2
JAKPPB010000041	1547	3424	-1	3
JAKPPB010000041	3464	3997	1	4
JAKPPB010000041	4046	5275	1	5
JAKPPB010000041	5471	5929	1	6
JAKPPB010000041	5935	7152	1	7
JAKPPB010000041	7152	7370	1	8
JAKPPB010000041	7465	8058	1	9
JAKPPB010000041	8172	9407	1	10
JAKPPB010000041	9414	10277	1	11
JAKPPB010000041	10279	10770	1	12
JAKPPB010000041	11072	13114	-1	13
JAKPPB010000041	13111	13920	-1	14
JAKPPB010000041	13904	14416	-1	15
JAKPPB010000041	14474	16705	1	16
JAKPPB010000041	16762	18099	-1	17
JAKPPB010000041	18320	22135	-1	18
JAKPPB010000041	22440	22787	1	19
JAKPPB010000041	22917	23423	1	20
JAKPPB010000041	23576	25090	-1	21
JAKPPB010000041	25306	25626	-1	22
JAKPPB010000041	25730	26077	1	23
JAKPPB010000041	26205	26768	1	24
JAKPPB010000041	26802	27788	1	25
JAKPPB010000041	27793	28629	1	26
JAKPPB010000041	28631	30775	-1	27
JAKPPB010000041	31028	31138	1	28
JAKPPB010000041	31142	32707	1	29
JAKPPB010000041	32852	33586	-1	30
JAKPPB010000041	33684	34208	-1	31
JAKPPB010000041	34295	35563	-1	32
JAKPPB010000041	35738	36349	1	33
JAKPPB010000041	36368	36952	-1	34
JAKPPB010000041	37062	37481	-1	35
JAKPPB010000041	37936	39357	-1	36
JAKPPB010000041	39367	39528	-1	37
JAKPPB010000041	39593	39823	-1	38
JAKPPB010000041	40023	40520	1	39
JAKPPB010000041	40645	41016	1	40
JAKPPB010000041	41029	41565	1	41
JAKPPB010000041	41571	42566	-1	42
JAKPPB010000041	42559	43947	-1	43
JAKPPB010000041	43991	45646	1	44
JAKPPB010000041	45643	47106	1	45
JAKPPB010000041	47201	47434	1	46
JAKPPB010000041	47413	48675	-1	47
JAKPPB010000041	48739	49290	-1	48
JAKPPB010000041	49361	50602	1	49
JAKPPB010000041	50609	51763	-1	50
JAKPPB010000041	51917	52405	-1	51
JAKPPB010000041	52517	53056	-1	52
JAKPPB010000041	53148	53867	1	53
JAKPPB010000041	53868	54470	-1	54
JAKPPB010000041	54627	54860	1	55
JAKPPB010000041	54972	55097	1	56
JAKPPB010000041	55105	55449	1	57
JAKPPB010000041	55456	56097	1	58
JAKPPB010000041	56176	56790	1	59
JAKPPB010000041	56794	57405	1	60
JAKPPB010000041	57594	58751	-1	61
JAKPPB010000041	58763	59551	-1	62
JAKPPB010000041	59580	59885	-1	63
JAKPPB010000041	59885	60577	-1	64
JAKPPB010000041	60685	61311	-1	65
JAKPPB010000041	61413	61697	1	66
JAKPPB010000041	61704	62879	-1	67
JAKPPB010000041	62884	63756	-1	68
JAKPPB010000041	63753	64904	-1	69
JAKPPB010000041	64918	65376	-1	70
JAKPPB010000041	65408	66394	-1	71
JAKPPB010000041	66860	68761	1	72
JAKPPB010000041	68795	70048	1	73
JAKPPB010000041	70134	70772	1	74
JAKPPB010000041	70822	71577	1	75
JAKPPB010000041	71570	72094	1	76
JAKPPB010000041	72127	72402	-1	77
JAKPPB010000041	72645	73427	1	78
JAKPPB010000041	73581	73805	1	79
JAKPPB010000041	73844	74527	1	80
JAKPPB010000041	74554	75330	1	81
JAKPPB010000041	75899	77107	-1	82
JAKPPB010000041	77104	77778	-1	83
JAKPPB010000041	77785	79080	-1	84
JAKPPB010000041	79593	80009	1	85
JAKPPB010000041	79969	80097	-1	86
JAKPPB010000041	80326	81519	-1	87
JAKPPB010000041	81722	82102	1	88
JAKPPB010000041	82362	83201	1	89
JAKPPB010000041	83249	83509	-1	90
JAKPPB010000041	83628	84728	1	91
JAKPPB010000041	84740	85066	-1	92
JAKPPB010000041	85272	85694	1	93
JAKPPB010000041	85714	85935	1	94
JAKPPB010000041	86048	86578	1	95
JAKPPB010000041	86626	88335	-1	96
JAKPPB010000041	88474	88704	-1	97
JAKPPB010000041	89338	89967	1	98
JAKPPB010000041	90158	90901	1	99
JAKPPB010000041	90910	91605	-1	100
JAKPPB010000041	91701	92873	-1	101
JAKPPB010000041	92870	93442	-1	102
JAKPPB010000041	93439	94200	-1	103
JAKPPB010000041	94197	95210	-1	104
JAKPPB010000041	95210	95785	-1	105
JAKPPB010000041	95782	97209	-1	106
JAKPPB010000041	97590	97958	1	107
JAKPPB010000041	98044	98163	-1	108
JAKPPB010000042	3	110	-1	1
JAKPPB010000042	107	508	-1	2
JAKPPB010000042	505	651	-1	3
JAKPPB010000042	655	1125	-1	4
JAKPPB010000042	1126	1263	-1	5
JAKPPB010000043	53	568	1	1
JAKPPB010000043	571	1347	1	2
JAKPPB010000044	1	369	-1	1
JAKPPB010000044	450	1712	-1	2
JAKPPB010000044	1787	2245	1	3
JAKPPB010000044	2256	3461	-1	4
JAKPPB010000044	3540	4469	1	5
JAKPPB010000044	4737	5132	-1	6
JAKPPB010000044	5134	6297	-1	7
JAKPPB010000044	6294	7346	-1	8
JAKPPB010000044	7340	8050	-1	9
JAKPPB010000044	8175	8840	1	10
JAKPPB010000044	8837	9532	1	11
JAKPPB010000044	9754	9990	-1	12
JAKPPB010000044	9987	10583	-1	13
JAKPPB010000044	10580	11815	-1	14
JAKPPB010000044	11863	12138	1	15
JAKPPB010000044	12141	13025	-1	16
JAKPPB010000044	13224	14462	-1	17
JAKPPB010000044	14581	14943	-1	18
JAKPPB010000044	15053	15688	-1	19
JAKPPB010000044	15685	16614	-1	20
JAKPPB010000044	16659	17906	-1	21
JAKPPB010000044	17956	18873	1	22
JAKPPB010000044	18925	20589	1	23
JAKPPB010000044	20686	21051	1	24
JAKPPB010000044	21180	21431	-1	25
JAKPPB010000044	21428	21955	-1	26
JAKPPB010000044	21948	23060	-1	27
JAKPPB010000044	23054	23935	-1	28
JAKPPB010000044	24117	25745	-1	29
JAKPPB010000044	26076	26231	1	30
JAKPPB010000044	26655	26870	-1	31
JAKPPB010000044	27143	27634	-1	32
JAKPPB010000044	27836	28669	-1	33
JAKPPB010000044	28633	29301	-1	34
JAKPPB010000044	29344	30756	1	35
JAKPPB010000044	30840	31211	1	36
JAKPPB010000044	31208	31687	1	37
JAKPPB010000044	31814	32185	1	38
JAKPPB010000044	32201	32998	1	39
JAKPPB010000044	33003	35258	-1	40
JAKPPB010000044	35261	36331	-1	41
JAKPPB010000044	36492	37379	1	42
JAKPPB010000044	37380	38504	1	43
JAKPPB010000044	38600	39331	1	44
JAKPPB010000044	39316	40431	1	45
JAKPPB010000044	40459	41109	1	46
JAKPPB010000044	41114	41725	1	47
JAKPPB010000044	41731	42327	1	48
JAKPPB010000044	42358	43635	1	49
JAKPPB010000044	43649	44848	1	50
JAKPPB010000044	44862	46019	1	51
JAKPPB010000044	46022	47761	1	52
JAKPPB010000045	176	889	1	1
JAKPPB010000045	1163	1318	-1	2
JAKPPB010000045	1660	2121	1	3
JAKPPB010000045	2124	2390	1	4
JAKPPB010000045	2411	2536	1	5
JAKPPB010000046	3	1061	1	1
JAKPPB010000047	2	343	1	1
JAKPPB010000047	753	1523	-1	2
JAKPPB010000047	2090	3745	1	3
JAKPPB010000047	3829	4122	-1	4
JAKPPB010000047	4104	4817	-1	5
JAKPPB010000047	4804	5802	-1	6
JAKPPB010000047	5922	6569	1	7
JAKPPB010000047	6738	7544	-1	8
JAKPPB010000047	7541	8353	-1	9
JAKPPB010000047	8335	9177	-1	10
JAKPPB010000047	9179	10417	-1	11
JAKPPB010000047	10737	11216	1	12
JAKPPB010000047	11231	14671	1	13
JAKPPB010000047	14664	15404	1	14
JAKPPB010000047	15428	15577	1	15
JAKPPB010000048	2	151	-1	1
JAKPPB010000048	181	522	-1	2
JAKPPB010000048	612	1145	-1	3
JAKPPB010000048	1170	1820	-1	4
JAKPPB010000048	1821	2093	-1	5
JAKPPB010000048	2148	3602	-1	6
JAKPPB010000048	3599	4453	-1	7
JAKPPB010000048	4650	4964	1	8
JAKPPB010000048	5003	5311	1	9
JAKPPB010000048	5301	5708	1	10
JAKPPB010000048	5709	7148	1	11
JAKPPB010000048	7145	7720	1	12
JAKPPB010000048	7754	8176	1	13
JAKPPB010000048	8137	9159	1	14
JAKPPB010000048	9199	9765	1	15
JAKPPB010000048	9762	10454	1	16
JAKPPB010000048	10430	11128	1	17
JAKPPB010000048	11110	11763	1	18
JAKPPB010000048	11826	13565	1	19
JAKPPB010000048	13562	15037	1	20
JAKPPB010000048	15302	16111	1	21
JAKPPB010000048	16354	16428	1	22
JAKPPB010000049	1	1272	-1	1
JAKPPB010000049	1269	1484	-1	2
JAKPPB010000050	2	139	1	1
JAKPPB010000050	369	2399	-1	2
JAKPPB010000050	2625	4022	-1	3
JAKPPB010000050	4188	5057	1	4
JAKPPB010000050	5070	6176	1	5
JAKPPB010000050	6155	7096	-1	6
JAKPPB010000050	7591	7893	-1	7
JAKPPB010000050	7979	9112	1	8
JAKPPB010000050	9261	9812	-1	9
JAKPPB010000050	9831	10265	-1	10
JAKPPB010000050	10258	10860	-1	11
JAKPPB010000050	10890	12176	1	12
JAKPPB010000050	12686	14065	-1	13
JAKPPB010000050	14178	14579	-1	14
JAKPPB010000050	14626	15756	1	15
JAKPPB010000050	15753	16211	1	16
JAKPPB010000050	16270	16677	1	17
JAKPPB010000050	16674	17807	1	18
JAKPPB010000050	17984	18343	1	19
JAKPPB010000050	18348	18830	1	20
JAKPPB010000050	18953	19762	1	21
JAKPPB010000050	19958	20890	1	22
JAKPPB010000050	20945	21634	1	23
JAKPPB010000050	21637	22773	1	24
JAKPPB010000050	22770	23459	1	25
JAKPPB010000050	23456	23908	1	26
JAKPPB010000050	24095	24580	1	27
JAKPPB010000050	24768	25898	1	28
JAKPPB010000050	25972	26241	-1	29
JAKPPB010000050	26238	26903	-1	30
JAKPPB010000050	26919	27287	-1	31
JAKPPB010000050	27508	28938	-1	32
JAKPPB010000050	29091	29450	-1	33
JAKPPB010000050	29530	30027	1	34
JAKPPB010000050	30527	31837	-1	35
JAKPPB010000050	31950	34025	1	36
JAKPPB010000050	34132	35496	1	37
JAKPPB010000050	35585	36724	1	38
JAKPPB010000050	36911	38695	1	39
JAKPPB010000050	38780	40261	1	40
JAKPPB010000050	40478	41287	-1	41
JAKPPB010000050	41453	42130	1	42
JAKPPB010000050	42439	42822	-1	43
JAKPPB010000051	1	114	1	1
JAKPPB010000051	216	1316	-1	2
JAKPPB010000051	1318	1716	-1	3
JAKPPB010000052	145	1110	-1	1
JAKPPB010000053	2	181	-1	1
JAKPPB010000053	263	1492	1	2
JAKPPB010000054	3	365	-1	1
JAKPPB010000054	617	1594	1	2
JAKPPB010000054	1624	2739	-1	3
JAKPPB010000054	2711	3709	-1	4
JAKPPB010000054	3706	4200	-1	5
JAKPPB010000054	4303	5568	-1	6
JAKPPB010000056	106	639	1	1
JAKPPB010000056	639	1163	1	2
JAKPPB010000056	1169	2344	1	3
JAKPPB010000056	2359	2580	1	4
JAKPPB010000056	2653	3087	1	5
JAKPPB010000056	3263	4312	-1	6
JAKPPB010000056	4572	5396	-1	7
JAKPPB010000056	5746	5928	-1	8
JAKPPB010000056	6133	7335	1	9
JAKPPB010000056	7689	7886	-1	10
JAKPPB010000056	8068	9333	1	11
JAKPPB010000056	9459	10019	1	12
JAKPPB010000056	10576	11835	1	13
JAKPPB010000056	12094	14331	-1	14
JAKPPB010000056	14420	14653	-1	15
JAKPPB010000056	14771	20521	1	16
JAKPPB010000056	20919	21497	1	17
JAKPPB010000056	21672	22163	1	18
JAKPPB010000056	22288	22428	-1	19
JAKPPB010000056	22476	22967	-1	20
JAKPPB010000056	23152	25257	-1	21
JAKPPB010000056	25756	25992	1	22
JAKPPB010000056	25989	26261	1	23
JAKPPB010000056	26561	27613	-1	24
JAKPPB010000056	27677	28150	-1	25
JAKPPB010000056	28363	29187	-1	26
JAKPPB010000056	29238	29456	-1	27
JAKPPB010000056	29665	29913	1	28
JAKPPB010000056	30059	30592	1	29
JAKPPB010000056	30839	32020	1	30
JAKPPB010000056	32221	32577	1	31
JAKPPB010000056	32941	35448	1	32
JAKPPB010000056	35801	36598	1	33
JAKPPB010000056	36861	36929	-1	34
JAKPPB010000057	1	471	-1	1
JAKPPB010000057	836	1489	-1	2
JAKPPB010000057	1560	2168	-1	3
JAKPPB010000057	2383	4107	1	4
JAKPPB010000057	4104	6338	1	5
JAKPPB010000057	6341	6721	-1	6
JAKPPB010000057	6908	7171	1	7
JAKPPB010000057	7230	7643	-1	8
JAKPPB010000057	7894	10350	-1	9
JAKPPB010000057	10340	12337	-1	10
JAKPPB010000057	12440	12748	-1	11
JAKPPB010000057	12788	13615	-1	12
JAKPPB010000057	13612	14445	-1	13
JAKPPB010000057	14499	14846	-1	14
JAKPPB010000057	14846	15484	-1	15
JAKPPB010000057	15546	16712	-1	16
JAKPPB010000057	16973	17335	1	17
JAKPPB010000057	17384	18652	1	18
JAKPPB010000057	18690	19463	-1	19
JAKPPB010000057	19474	20124	-1	20
JAKPPB010000057	20330	20962	1	21
JAKPPB010000057	20934	21866	-1	22
JAKPPB010000057	21878	22189	1	23
JAKPPB010000057	22627	23478	-1	24
JAKPPB010000057	23808	25139	1	25
JAKPPB010000057	25195	25755	1	26
JAKPPB010000057	25862	26236	1	27
JAKPPB010000057	26233	26937	-1	28
JAKPPB010000057	26934	27731	-1	29
JAKPPB010000057	27780	28700	1	30
JAKPPB010000057	28697	29629	1	31
JAKPPB010000057	29626	29847	1	32
JAKPPB010000057	29888	30349	-1	33
JAKPPB010000057	30572	30913	1	34
JAKPPB010000058	159	527	-1	1
JAKPPB010000058	764	970	-1	2
JAKPPB010000058	1151	1918	-1	3
JAKPPB010000058	1906	2919	-1	4
JAKPPB010000058	3002	4402	1	5
JAKPPB010000058	4375	4797	-1	6
JAKPPB010000058	4817	5338	1	7
JAKPPB010000058	5692	5892	1	8
JAKPPB010000058	6013	6357	-1	9
JAKPPB010000058	6354	7208	-1	10
JAKPPB010000058	7209	7853	-1	11
JAKPPB010000058	7906	8382	-1	12
JAKPPB010000058	8485	8958	-1	13
JAKPPB010000058	8964	9158	-1	14
JAKPPB010000058	9164	10255	-1	15
JAKPPB010000058	10252	11577	-1	16
JAKPPB010000058	11913	14195	1	17
JAKPPB010000059	2	370	1	1
JAKPPB010000059	419	1546	1	2
JAKPPB010000060	1	699	-1	1
JAKPPB010000060	708	3941	-1	2
JAKPPB010000060	3941	4987	-1	3
JAKPPB010000060	5258	5425	1	4
JAKPPB010000061	34	579	-1	1
JAKPPB010000061	845	1069	-1	2
JAKPPB010000062	2	244	1	1
JAKPPB010000062	698	817	1	2
JAKPPB010000062	932	2221	1	3
JAKPPB010000062	2462	3163	-1	4
JAKPPB010000062	3127	4137	-1	5
JAKPPB010000062	4127	4624	-1	6
JAKPPB010000062	4614	6173	-1	7
JAKPPB010000062	6170	6841	-1	8
JAKPPB010000062	6881	7924	-1	9
JAKPPB010000062	8043	8381	-1	10
JAKPPB010000062	8381	8800	-1	11
JAKPPB010000062	9064	9774	1	12
JAKPPB010000063	2	61	-1	1
JAKPPB010000063	542	2335	1	2
JAKPPB010000063	2378	3619	-1	3
JAKPPB010000063	3609	5450	-1	4
JAKPPB010000063	5450	6244	-1	5
JAKPPB010000063	6245	7006	-1	6
JAKPPB010000063	7008	7967	-1	7
JAKPPB010000063	8319	9281	-1	8
JAKPPB010000063	9338	9466	-1	9
JAKPPB010000063	9463	10593	-1	10
JAKPPB010000063	10886	11944	1	11
JAKPPB010000063	11985	12659	1	12
JAKPPB010000063	12681	13784	-1	13
JAKPPB010000063	13844	14470	-1	14
JAKPPB010000063	14467	15414	-1	15
JAKPPB010000063	15392	15940	-1	16
JAKPPB010000063	15933	17030	-1	17
JAKPPB010000063	17023	19293	-1	18
JAKPPB010000063	19430	21043	1	19
JAKPPB010000063	21320	21676	-1	20
JAKPPB010000063	22035	22778	1	21
JAKPPB010000063	22805	23014	-1	22
JAKPPB010000063	23171	24043	1	23
JAKPPB010000063	24238	24654	1	24
JAKPPB010000063	24818	26593	1	25
JAKPPB010000063	26681	27058	1	26
JAKPPB010000063	27186	27893	1	27
JAKPPB010000063	27913	28476	1	28
JAKPPB010000063	28548	29903	1	29
JAKPPB010000063	30068	31144	1	30
JAKPPB010000063	31013	31318	-1	31
JAKPPB010000063	31331	33061	-1	32
JAKPPB010000063	33145	34338	1	33
JAKPPB010000063	34608	35396	-1	34
JAKPPB010000063	35562	36641	-1	35
JAKPPB010000063	36643	37329	-1	36
JAKPPB010000063	37524	38525	-1	37
JAKPPB010000063	38646	39899	1	38
JAKPPB010000063	40056	40577	-1	39
JAKPPB010000063	40686	42002	-1	40
JAKPPB010000063	41971	43788	-1	41
JAKPPB010000063	43795	44574	-1	42
JAKPPB010000063	44561	44857	-1	43
JAKPPB010000063	44882	45304	1	44
JAKPPB010000063	45508	47094	1	45
JAKPPB010000063	47108	48025	1	46
JAKPPB010000063	48053	49183	1	47
JAKPPB010000063	49197	49814	-1	48
JAKPPB010000063	50015	51094	1	49
JAKPPB010000063	51091	51603	1	50
JAKPPB010000063	51600	52196	1	51
JAKPPB010000063	52300	53304	-1	52
JAKPPB010000063	53333	53647	-1	53
JAKPPB010000063	53669	54592	1	54
JAKPPB010000063	54560	55516	-1	55
JAKPPB010000063	55564	56442	1	56
JAKPPB010000063	56573	56824	1	57
JAKPPB010000063	56806	57519	-1	58
JAKPPB010000063	57840	58811	-1	59
JAKPPB010000063	58845	60182	-1	60
JAKPPB010000063	60198	61490	-1	61
JAKPPB010000063	61487	62614	-1	62
JAKPPB010000063	62846	63175	1	63
JAKPPB010000063	63172	63939	1	64
JAKPPB010000063	64084	64458	1	65
JAKPPB010000063	64512	64715	1	66
JAKPPB010000063	64867	66519	1	67
JAKPPB010000063	66516	67367	1	68
JAKPPB010000063	67477	68724	1	69
JAKPPB010000063	68805	69494	1	70
JAKPPB010000063	69622	70269	-1	71
JAKPPB010000063	70365	71234	1	72
JAKPPB010000063	71256	71939	-1	73
JAKPPB010000063	71912	72640	-1	74
JAKPPB010000063	72939	73433	1	75
JAKPPB010000063	73482	75596	-1	76
JAKPPB010000063	75844	78510	1	77
JAKPPB010000063	78514	80307	1	78
JAKPPB010000063	80420	80761	1	79
JAKPPB010000063	80893	82266	1	80
JAKPPB010000063	82244	83092	1	81
JAKPPB010000063	83126	83305	-1	82
JAKPPB010000063	83456	84055	-1	83
JAKPPB010000063	84052	85095	-1	84
JAKPPB010000063	85073	85735	-1	85
JAKPPB010000063	85683	86396	-1	86
JAKPPB010000063	86449	87318	-1	87
JAKPPB010000063	87315	88031	-1	88
JAKPPB010000063	88033	88638	-1	89
JAKPPB010000063	88629	89162	-1	90
JAKPPB010000063	89325	90077	-1	91
JAKPPB010000063	90074	90958	-1	92
JAKPPB010000063	90943	92190	-1	93
JAKPPB010000063	92177	93142	-1	94
JAKPPB010000063	93139	94422	-1	95
JAKPPB010000063	94419	95042	-1	96
JAKPPB010000063	95915	96043	-1	97
JAKPPB010000063	96085	96846	-1	98
JAKPPB010000063	96896	97495	-1	99
JAKPPB010000063	97670	99439	1	100
JAKPPB010000063	99465	100781	-1	101
JAKPPB010000063	100863	101591	1	102
JAKPPB010000063	101607	102299	1	103
JAKPPB010000063	102539	103504	-1	104
JAKPPB010000063	103501	104382	-1	105
JAKPPB010000063	104415	105740	-1	106
JAKPPB010000063	105902	106186	-1	107
JAKPPB010000063	106464	107024	-1	108
JAKPPB010000063	107041	107226	-1	109
JAKPPB010000063	107223	107909	-1	110
JAKPPB010000063	108056	108736	1	111
JAKPPB010000063	108723	110672	1	112
JAKPPB010000063	110687	112054	1	113
JAKPPB010000063	112107	112640	1	114
JAKPPB010000063	112644	113201	1	115
JAKPPB010000063	113455	113880	1	116
JAKPPB010000063	113918	114265	1	117
JAKPPB010000063	114262	115140	1	118
JAKPPB010000063	115140	115802	1	119
JAKPPB010000063	115799	116302	1	120
JAKPPB010000063	116408	116809	-1	121
JAKPPB010000063	116806	117825	-1	122
JAKPPB010000063	117822	119051	-1	123
JAKPPB010000063	119053	119688	-1	124
JAKPPB010000063	119685	120119	-1	125
JAKPPB010000063	120116	120466	-1	126
JAKPPB010000063	120471	122045	-1	127
JAKPPB010000063	122042	122386	-1	128
JAKPPB010000063	122389	122856	-1	129
JAKPPB010000063	122843	123127	-1	130
JAKPPB010000063	123124	123378	-1	131
JAKPPB010000063	123375	123731	-1	132
JAKPPB010000063	123728	123985	-1	133
JAKPPB010000063	123982	124509	-1	134
JAKPPB010000063	124840	126249	1	135
JAKPPB010000063	126227	126835	1	136
JAKPPB010000063	126874	127383	-1	137
JAKPPB010000063	127595	128527	1	138
JAKPPB010000063	128646	129269	1	139
JAKPPB010000063	129312	129881	-1	140
JAKPPB010000063	130019	130330	-1	141
JAKPPB010000063	130299	130637	-1	142
JAKPPB010000063	130634	130855	-1	143
JAKPPB010000063	130852	131160	-1	144
JAKPPB010000063	131167	131550	-1	145
JAKPPB010000063	131567	132061	-1	146
JAKPPB010000063	132288	133085	1	147
JAKPPB010000063	133360	135036	-1	148
JAKPPB010000063	135558	135806	1	149
JAKPPB010000063	136150	136788	-1	150
JAKPPB010000063	136811	139552	-1	151
JAKPPB010000063	139615	139938	-1	152
JAKPPB010000063	139908	140636	-1	153
JAKPPB010000063	140727	142235	1	154
JAKPPB010000063	142232	142624	1	155
JAKPPB010000063	142684	143976	-1	156
JAKPPB010000063	144081	144791	1	157
JAKPPB010000063	144925	145527	1	158
JAKPPB010000063	145595	146158	-1	159
JAKPPB010000063	146209	146499	1	160
JAKPPB010000063	146492	147016	1	161
JAKPPB010000063	147013	148089	1	162
JAKPPB010000063	148097	148609	1	163
JAKPPB010000063	148602	149108	1	164
JAKPPB010000063	149086	149598	-1	165
JAKPPB010000063	150042	150299	1	166
JAKPPB010000063	150699	151619	-1	167
JAKPPB010000063	151958	155359	1	168
JAKPPB010000063	155443	156969	-1	169
JAKPPB010000063	157259	158482	-1	170
JAKPPB010000063	158612	160675	-1	171
JAKPPB010000063	160765	161178	-1	172
JAKPPB010000063	161175	162656	-1	173
JAKPPB010000064	236	1408	1	1
JAKPPB010000065	2	562	1	1
JAKPPB010000065	884	1189	-1	2
JAKPPB010000066	2	148	1	1
JAKPPB010000066	201	1013	1	2
JAKPPB010000067	3	275	1	1
JAKPPB010000067	322	1731	1	2
JAKPPB010000067	2309	2743	-1	3
JAKPPB010000067	2682	3080	-1	4
JAKPPB010000068	3	344	1	1
JAKPPB010000068	319	795	-1	2
JAKPPB010000068	897	1592	-1	3
JAKPPB010000068	1746	2087	1	4
JAKPPB010000069	1	1038	-1	1
JAKPPB010000069	1401	2180	-1	2
JAKPPB010000069	2430	2513	1	3
JAKPPB010000070	293	1291	-1	1
JAKPPB010000070	1367	2161	1	2
JAKPPB010000070	2190	2474	-1	3
JAKPPB010000070	2536	3780	-1	4
JAKPPB010000070	3943	4269	-1	5
JAKPPB010000070	4431	5729	-1	6
JAKPPB010000070	5920	7395	1	7
JAKPPB010000070	7667	7840	1	8
JAKPPB010000070	7987	9465	-1	9
JAKPPB010000070	9866	11539	-1	10
JAKPPB010000070	11670	13337	-1	11
JAKPPB010000070	13463	14017	1	12
JAKPPB010000070	14018	16708	-1	13
JAKPPB010000070	16686	17453	-1	14
JAKPPB010000070	17450	18226	-1	15
JAKPPB010000070	18490	24705	1	16
JAKPPB010000070	24889	25857	1	17
JAKPPB010000070	25850	27991	1	18
JAKPPB010000070	28033	28356	1	19
JAKPPB010000070	28357	29184	1	20
JAKPPB010000070	29234	29527	1	21
JAKPPB010000070	29529	30569	1	22
JAKPPB010000070	30572	31444	1	23
JAKPPB010000070	31441	32613	1	24
JAKPPB010000070	33151	33966	1	25
JAKPPB010000070	33963	34694	1	26
JAKPPB010000070	34681	35694	1	27
JAKPPB010000070	35675	36403	1	28
JAKPPB010000070	36448	37794	-1	29
JAKPPB010000070	37896	38390	-1	30
JAKPPB010000070	38518	38778	1	31
JAKPPB010000070	38775	40559	1	32
JAKPPB010000070	40579	41436	1	33
JAKPPB010000070	41433	42401	1	34
JAKPPB010000070	42405	43700	1	35
JAKPPB010000070	43700	44167	1	36
JAKPPB010000070	44164	44976	1	37
JAKPPB010000070	44930	45913	-1	38
JAKPPB010000070	45920	46825	-1	39
JAKPPB010000070	47103	50717	1	40
JAKPPB010000070	51248	54463	1	41
JAKPPB010000070	54494	55114	1	42
JAKPPB010000071	1	90	-1	1
JAKPPB010000071	346	831	-1	2
JAKPPB010000071	887	1471	1	3
JAKPPB010000071	1581	2741	-1	4
JAKPPB010000071	2738	2968	-1	5
JAKPPB010000071	3348	3764	1	6
JAKPPB010000071	3780	5684	-1	7
JAKPPB010000071	5919	6998	-1	8
JAKPPB010000071	6995	8437	-1	9
JAKPPB010000071	8610	10382	-1	10
JAKPPB010000071	10688	11251	1	11
JAKPPB010000071	11430	11798	1	12
JAKPPB010000071	12853	13092	-1	13
JAKPPB010000071	13420	14922	-1	14
JAKPPB010000071	14919	15026	-1	15
JAKPPB010000071	15343	15954	1	16
JAKPPB010000071	15961	16500	1	17
JAKPPB010000071	16501	18237	1	18
JAKPPB010000071	18239	19543	1	19
JAKPPB010000071	19533	20144	1	20
JAKPPB010000071	20141	21928	1	21
JAKPPB010000071	21944	22399	1	22
JAKPPB010000071	22631	23500	-1	23
JAKPPB010000071	24525	24845	1	24
JAKPPB010000071	24852	26804	1	25
JAKPPB010000071	27025	27243	1	26
JAKPPB010000071	27315	27896	1	27
JAKPPB010000071	27902	28954	1	28
JAKPPB010000071	28947	29267	1	29
JAKPPB010000071	29272	31011	1	30
JAKPPB010000071	31008	32405	1	31
JAKPPB010000071	32409	33059	1	32
JAKPPB010000071	33045	33383	-1	33
JAKPPB010000071	33642	33776	-1	34
JAKPPB010000071	33923	34264	-1	35
JAKPPB010000071	34423	36378	1	36
JAKPPB010000071	36375	37241	1	37
JAKPPB010000071	37238	37693	1	38
JAKPPB010000071	37690	38070	1	39
JAKPPB010000071	38055	39134	1	40
JAKPPB010000071	39142	39540	1	41
JAKPPB010000071	39744	40313	-1	42
JAKPPB010000071	40321	41016	-1	43
JAKPPB010000071	41235	42026	1	44
JAKPPB010000071	42055	44385	1	45
JAKPPB010000071	45448	47508	-1	46
JAKPPB010000071	47581	49170	1	47
JAKPPB010000071	49222	49308	1	48
JAKPPB010000072	3	107	1	1
JAKPPB010000072	104	601	1	2
JAKPPB010000072	883	1158	1	3
JAKPPB010000073	2	1153	1	1
JAKPPB010000073	1351	1605	1	2
JAKPPB010000074	371	658	1	1
JAKPPB010000074	655	786	1	2
JAKPPB010000074	812	1330	-1	3
JAKPPB010000075	2	499	1	1
JAKPPB010000075	540	1211	1	2
JAKPPB010000076	2	1186	-1	1
JAKPPB010000077	314	4174	-1	1
JAKPPB010000077	4288	4797	-1	2
JAKPPB010000077	4784	5644	-1	3
JAKPPB010000077	5650	6360	-1	4
JAKPPB010000077	6427	7668	-1	5
JAKPPB010000077	7745	8929	-1	6
JAKPPB010000077	8926	10173	-1	7
JAKPPB010000077	10293	10736	-1	8
JAKPPB010000077	10812	12017	-1	9
JAKPPB010000077	12069	12971	1	10
JAKPPB010000077	13051	14313	1	11
JAKPPB010000077	14336	14782	-1	12
JAKPPB010000077	15008	15658	1	13
JAKPPB010000077	16155	17135	1	14
JAKPPB010000077	17249	18541	1	15
JAKPPB010000077	18549	19454	1	16
JAKPPB010000077	19263	19751	-1	17
JAKPPB010000077	19811	20395	-1	18
JAKPPB010000077	20453	21994	-1	19
JAKPPB010000077	22056	24476	-1	20
JAKPPB010000077	24516	25703	1	21
JAKPPB010000077	25700	26401	1	22
JAKPPB010000077	26426	26983	1	23
JAKPPB010000077	27011	27697	1	24
JAKPPB010000077	27706	28623	-1	25
JAKPPB010000077	28645	29586	-1	26
JAKPPB010000077	29650	30459	1	27
JAKPPB010000077	30536	32149	1	28
JAKPPB010000077	32160	33689	1	29
JAKPPB010000077	33686	34144	1	30
JAKPPB010000077	34146	34595	1	31
JAKPPB010000077	34592	35827	1	32
JAKPPB010000077	35828	36409	1	33
JAKPPB010000077	36406	37344	1	34
JAKPPB010000077	37378	37926	-1	35
JAKPPB010000077	38072	39667	-1	36
JAKPPB010000077	39830	40279	1	37
JAKPPB010000077	40276	42105	-1	38
JAKPPB010000077	42102	42554	-1	39
JAKPPB010000077	42585	44402	-1	40
JAKPPB010000077	44414	45007	-1	41
JAKPPB010000077	45092	46054	-1	42
JAKPPB010000077	46692	46814	-1	43
JAKPPB010000078	1	888	-1	1
JAKPPB010000078	830	1390	-1	2
JAKPPB010000078	1424	1498	-1	3
JAKPPB010000079	3	143	-1	1
JAKPPB010000079	623	1462	1	2
JAKPPB010000079	1651	1962	1	3
JAKPPB010000079	2238	2786	-1	4
JAKPPB010000079	2923	3009	1	5
JAKPPB010000080	987	1142	1	1
JAKPPB010000080	1129	1497	1	2
JAKPPB010000080	1517	4594	1	3
JAKPPB010000080	4591	5223	1	4
JAKPPB010000080	5220	5381	1	5
JAKPPB010000080	5381	5701	1	6
JAKPPB010000080	5689	6207	1	7
JAKPPB010000080	6408	6647	-1	8
JAKPPB010000080	6644	6958	-1	9
JAKPPB010000080	7152	7319	1	10
JAKPPB010000080	7518	9188	1	11
JAKPPB010000080	9203	10090	1	12
JAKPPB010000080	10102	10842	1	13
JAKPPB010000080	10839	13091	1	14
JAKPPB010000080	13088	13765	1	15
JAKPPB010000080	13770	14753	1	16
JAKPPB010000080	14750	15043	1	17
JAKPPB010000080	15049	15639	1	18
JAKPPB010000080	16299	16802	1	19
JAKPPB010000080	16900	17085	1	20
JAKPPB010000080	17057	17437	1	21
JAKPPB010000080	17806	18093	-1	22
JAKPPB010000080	18295	18501	1	23
JAKPPB010000080	19052	19822	1	24
JAKPPB010000080	19819	20091	1	25
JAKPPB010000080	20088	20282	1	26
JAKPPB010000080	20286	20486	1	27
JAKPPB010000080	20486	20767	1	28
JAKPPB010000080	20764	20889	1	29
JAKPPB010000080	20889	21317	1	30
JAKPPB010000080	21335	21529	1	31
JAKPPB010000080	22293	22487	-1	32
JAKPPB010000080	22718	22837	-1	33
JAKPPB010000080	22882	24150	-1	34
JAKPPB010000081	244	696	-1	1
JAKPPB010000081	948	1223	-1	2
JAKPPB010000081	1235	2251	-1	3
JAKPPB010000081	2297	2470	-1	4
JAKPPB010000081	2544	3305	-1	5
JAKPPB010000081	3298	4173	-1	6
JAKPPB010000081	4187	4375	-1	7
JAKPPB010000081	4810	5160	1	8
JAKPPB010000081	5204	5416	-1	9
JAKPPB010000082	2	181	1	1
JAKPPB010000082	181	1011	1	2
JAKPPB010000082	1008	2123	1	3
JAKPPB010000082	2154	2831	1	4
JAKPPB010000082	2850	3515	1	5
JAKPPB010000082	3516	4784	1	6
JAKPPB010000082	4779	5417	-1	7
JAKPPB010000083	3	536	1	1
JAKPPB010000083	605	880	-1	2
JAKPPB010000083	1010	2239	-1	3
JAKPPB010000083	2285	2827	-1	4
JAKPPB010000083	2940	3116	1	5
JAKPPB010000083	3109	4137	-1	6
JAKPPB010000083	4137	4880	-1	7
JAKPPB010000083	4981	5589	1	8
JAKPPB010000083	5567	6445	1	9
JAKPPB010000083	6533	7036	1	10
JAKPPB010000083	7051	8226	1	11
JAKPPB010000083	8645	9166	-1	12
JAKPPB010000083	9326	10717	-1	13
JAKPPB010000083	10674	11561	-1	14
JAKPPB010000083	11565	13205	-1	15
JAKPPB010000083	13202	14647	-1	16
JAKPPB010000083	14779	15003	-1	17
JAKPPB010000083	15338	15562	1	18
JAKPPB010000083	15650	15904	-1	19
JAKPPB010000083	15942	18260	-1	20
JAKPPB010000083	18688	19266	-1	21
JAKPPB010000083	19713	20273	1	22
JAKPPB010000083	20270	20938	-1	23
JAKPPB010000083	20981	23605	-1	24
JAKPPB010000083	23665	24300	1	25
JAKPPB010000083	24287	24697	-1	26
JAKPPB010000083	24804	25808	-1	27
JAKPPB010000083	25805	27190	-1	28
JAKPPB010000083	27187	28455	-1	29
JAKPPB010000083	28446	29243	-1	30
JAKPPB010000083	29240	30031	-1	31
JAKPPB010000083	30071	31057	-1	32
JAKPPB010000083	31054	31839	-1	33
JAKPPB010000083	31836	32636	-1	34
JAKPPB010000083	32910	33428	-1	35
JAKPPB010000083	33460	34698	1	36
JAKPPB010000083	34999	35304	1	37
JAKPPB010000083	35291	35791	-1	38
JAKPPB010000083	35930	37093	-1	39
JAKPPB010000083	37138	37560	1	40
JAKPPB010000083	37588	38022	1	41
JAKPPB010000083	38082	39182	1	42
JAKPPB010000083	39195	39848	1	43
JAKPPB010000083	39925	40467	-1	44
JAKPPB010000083	40727	41419	1	45
JAKPPB010000083	41555	42907	-1	46
JAKPPB010000083	42969	44972	1	47
JAKPPB010000083	44969	45412	1	48
JAKPPB010000083	45592	46176	1	49
JAKPPB010000083	46171	46863	-1	50
JAKPPB010000083	47019	47420	1	51
JAKPPB010000083	47522	47704	-1	52
JAKPPB010000083	47730	47993	-1	53
JAKPPB010000083	48033	48617	-1	54
JAKPPB010000083	48622	48879	-1	55
JAKPPB010000083	49036	50220	1	56
JAKPPB010000083	50388	50984	1	57
JAKPPB010000083	51041	51295	1	58
JAKPPB010000084	1	642	-1	1
JAKPPB010000084	639	1466	-1	2
JAKPPB010000085	479	1591	1	1
JAKPPB010000085	1722	2237	-1	2
JAKPPB010000085	2372	3493	-1	3
JAKPPB010000085	3763	4557	1	4
JAKPPB010000085	4389	4898	-1	5
JAKPPB010000085	4917	5624	-1	6
JAKPPB010000085	5654	6703	-1	7
JAKPPB010000085	6703	7983	-1	8
JAKPPB010000085	7976	8467	-1	9
JAKPPB010000085	8498	8956	1	10
JAKPPB010000085	9305	9913	-1	11
JAKPPB010000085	10726	11196	-1	12
JAKPPB010000085	11193	12089	-1	13
JAKPPB010000086	252	773	1	1
JAKPPB010000086	1657	1962	-1	2
JAKPPB010000086	1997	2896	1	3
JAKPPB010000086	3088	4413	1	4
JAKPPB010000086	4541	6208	1	5
JAKPPB010000086	6209	7240	-1	6
JAKPPB010000086	7368	8153	-1	7
JAKPPB010000086	8317	9720	1	8
JAKPPB010000086	9887	10882	1	9
JAKPPB010000086	11255	11722	1	10
JAKPPB010000086	11988	13424	-1	11
JAKPPB010000086	13435	13995	-1	12
JAKPPB010000086	13988	14836	-1	13
JAKPPB010000086	14849	15928	1	14
JAKPPB010000086	15934	16380	1	15
JAKPPB010000086	16389	17273	-1	16
JAKPPB010000086	17357	17593	1	17
JAKPPB010000086	17600	19174	1	18
JAKPPB010000086	19171	20337	1	19
JAKPPB010000086	20324	20947	1	20
JAKPPB010000086	20985	21263	1	21
JAKPPB010000086	21270	21458	1	22
JAKPPB010000086	21467	22252	1	23
JAKPPB010000086	22249	22410	1	24
JAKPPB010000086	22398	23150	1	25
JAKPPB010000086	23128	24279	1	26
JAKPPB010000086	24322	24546	1	27
JAKPPB010000086	24530	25726	1	28
JAKPPB010000086	25715	26383	-1	29
JAKPPB010000086	26439	27092	1	30
JAKPPB010000086	27152	28513	1	31
JAKPPB010000086	28596	29810	1	32
JAKPPB010000086	29770	30435	1	33
JAKPPB010000087	2	91	-1	1
JAKPPB010000087	151	1083	1	2
JAKPPB010000088	15	1217	1	1
JAKPPB010000089	219	704	1	1
JAKPPB010000089	578	1435	-1	2
JAKPPB010000089	1486	2076	-1	3
JAKPPB010000089	2139	2270	1	4
JAKPPB010000089	2435	3304	-1	5
JAKPPB010000089	3645	4439	-1	6
JAKPPB010000089	4673	5479	1	7
JAKPPB010000089	5678	6475	1	8
JAKPPB010000089	6707	7597	1	9
JAKPPB010000089	7674	8009	-1	10
JAKPPB010000089	8108	8314	1	11
JAKPPB010000089	8306	8827	-1	12
JAKPPB010000089	9482	9721	1	13
JAKPPB010000089	9984	10496	-1	14
JAKPPB010000089	10866	11222	1	15
JAKPPB010000089	11371	13731	1	16
JAKPPB010000089	14099	14581	1	17
JAKPPB010000089	14718	15293	-1	18
JAKPPB010000089	15311	15406	1	19
JAKPPB010000089	15493	15684	-1	20
JAKPPB010000089	15766	15966	1	21
JAKPPB010000089	16193	16399	-1	22
JAKPPB010000089	16905	17195	1	23
JAKPPB010000089	17543	17683	1	24
JAKPPB010000090	2	229	1	1
JAKPPB010000090	274	729	1	2
JAKPPB010000090	740	2734	1	3
JAKPPB010000091	3	1613	-1	1
JAKPPB010000092	1	123	1	1
JAKPPB010000092	943	1221	-1	2
JAKPPB010000092	1565	1966	-1	3
JAKPPB010000092	1963	2763	-1	4
JAKPPB010000092	3170	3397	1	5
JAKPPB010000092	3399	4130	1	6
JAKPPB010000092	4153	5535	-1	7
JAKPPB010000092	6267	6581	-1	8
JAKPPB010000092	6693	7235	1	9
JAKPPB010000092	7269	7940	1	10
JAKPPB010000092	7967	8257	-1	11
JAKPPB010000092	8619	9482	-1	12
JAKPPB010000093	2	1174	-1	1
JAKPPB010000094	48	1937	1	1
JAKPPB010000094	1934	2893	1	2
JAKPPB010000095	2	757	1	1
JAKPPB010000095	773	1969	1	2
JAKPPB010000096	2	625	-1	1
JAKPPB010000096	847	2574	1	2
JAKPPB010000096	2581	2916	-1	3
JAKPPB010000097	3	1703	-1	1
JAKPPB010000097	2105	2449	1	2
JAKPPB010000097	2559	3293	1	3
JAKPPB010000097	3421	4602	1	4
JAKPPB010000097	4717	5694	-1	5
JAKPPB010000097	5850	5975	1	6
JAKPPB010000098	779	1318	-1	1
JAKPPB010000098	1328	2596	-1	2
JAKPPB010000098	2814	3356	1	3
JAKPPB010000098	3422	5128	1	4
JAKPPB010000098	5196	5378	-1	5
JAKPPB010000098	6053	6559	-1	6
JAKPPB010000098	6725	7321	1	7
JAKPPB010000098	7321	8169	1	8
JAKPPB010000098	8574	9530	-1	9
JAKPPB010000098	9647	10456	-1	10
JAKPPB010000098	11130	11489	1	11
JAKPPB010000098	11496	12095	1	12
JAKPPB010000098	12114	13220	1	13
JAKPPB010000098	13439	13774	1	14
JAKPPB010000098	13829	14389	-1	15
JAKPPB010000099	1	201	-1	1
JAKPPB010000099	351	1298	1	2
JAKPPB010000099	1901	2692	1	3
JAKPPB010000100	82	1068	-1	1
JAKPPB010000101	3	1286	-1	1
JAKPPB010000101	1298	1969	-1	2
JAKPPB010000101	2108	3259	1	3
JAKPPB010000101	3501	4130	1	4
JAKPPB010000101	4138	5319	1	5
JAKPPB010000101	5324	5980	-1	6
JAKPPB010000101	6093	6815	-1	7
JAKPPB010000101	7072	8082	1	8
JAKPPB010000101	8066	8569	1	9
JAKPPB010000101	8566	8982	-1	10
JAKPPB010000101	9156	11303	1	11
JAKPPB010000101	11284	12276	1	12
JAKPPB010000101	12347	12829	1	13
JAKPPB010000101	12826	13422	1	14
JAKPPB010000101	13428	14420	1	15
JAKPPB010000101	14564	16555	1	16
JAKPPB010000101	16626	17057	1	17
JAKPPB010000101	17026	18069	1	18
JAKPPB010000101	18053	18823	1	19
JAKPPB010000101	18820	19632	1	20
JAKPPB010000101	19681	21459	-1	21
JAKPPB010000101	21456	22559	-1	22
JAKPPB010000101	22556	24445	-1	23
JAKPPB010000101	24470	25087	-1	24
JAKPPB010000101	25204	26049	-1	25
JAKPPB010000101	26046	26483	-1	26
JAKPPB010000101	26521	27570	-1	27
JAKPPB010000101	27617	27775	1	28
JAKPPB010000101	27929	28195	1	29
JAKPPB010000101	28228	28398	1	30
JAKPPB010000101	28994	29947	1	31
JAKPPB010000101	29934	30926	1	32
JAKPPB010000101	31258	31581	1	33
JAKPPB010000101	31578	32684	1	34
JAKPPB010000101	32672	33466	1	35
JAKPPB010000101	33472	34497	-1	36
JAKPPB010000101	34494	36389	-1	37
JAKPPB010000101	36500	36976	1	38
JAKPPB010000101	36994	38772	1	39
JAKPPB010000101	39436	40833	-1	40
JAKPPB010000102	3	1508	-1	1
JAKPPB010000103	3	125	1	1
JAKPPB010000103	142	1269	-1	2
JAKPPB010000103	1295	2197	-1	3
JAKPPB010000104	8	1195	-1	1
JAKPPB010000105	82	1272	1	1
JAKPPB010000106	2	1960	-1	1
JAKPPB010000106	2376	2672	-1	2
JAKPPB010000106	2869	3564	1	3
JAKPPB010000106	3607	4548	-1	4
JAKPPB010000106	4545	5120	-1	5
JAKPPB010000106	5122	5802	-1	6
JAKPPB010000106	5987	6910	-1	7
JAKPPB010000106	6949	7506	1	8
JAKPPB010000106	7573	8112	-1	9
JAKPPB010000106	8202	8678	-1	10
JAKPPB010000106	9407	10945	-1	11
JAKPPB010000106	11582	11911	-1	12
JAKPPB010000106	11924	13120	-1	13
JAKPPB010000106	13668	13997	-1	14
JAKPPB010000106	14252	15580	-1	15
JAKPPB010000106	15757	16767	1	16
JAKPPB010000106	16764	18272	1	17
JAKPPB010000106	18250	19020	1	18
JAKPPB010000106	19029	20051	1	19
JAKPPB010000106	20202	20873	1	20
JAKPPB010000106	21048	23315	1	21
JAKPPB010000106	23392	24384	1	22
JAKPPB010000106	24381	25160	1	23
JAKPPB010000106	25180	25824	-1	24
JAKPPB010000106	25821	27599	-1	25
JAKPPB010000106	27720	28286	-1	26
JAKPPB010000106	28304	30961	-1	27
JAKPPB010000106	31223	32464	1	28
JAKPPB010000106	32477	33277	-1	29
JAKPPB010000106	33292	33777	-1	30
JAKPPB010000106	33787	35370	-1	31
JAKPPB010000106	35508	36236	1	32
JAKPPB010000106	36233	38083	1	33
JAKPPB010000106	38094	38801	1	34
JAKPPB010000106	38798	39961	1	35
JAKPPB010000106	40012	40761	1	36
JAKPPB010000106	40758	41330	1	37
JAKPPB010000106	41431	42456	1	38
JAKPPB010000106	42495	42950	1	39
JAKPPB010000106	42951	43286	-1	40
JAKPPB010000106	43231	43683	-1	41
JAKPPB010000106	44200	44931	-1	42
JAKPPB010000106	45086	46351	1	43
JAKPPB010000106	46354	46848	1	44
JAKPPB010000106	46830	47945	1	45
JAKPPB010000106	48012	48458	-1	46
JAKPPB010000106	48570	49718	-1	47
JAKPPB010000106	49711	50739	-1	48
JAKPPB010000106	50723	51541	-1	49
JAKPPB010000106	51623	53080	-1	50
JAKPPB010000106	53149	54111	-1	51
JAKPPB010000106	54208	55395	-1	52
JAKPPB010000106	55405	55563	-1	53
JAKPPB010000106	55638	56261	1	54
JAKPPB010000106	56431	56583	-1	55
JAKPPB010000106	56950	58059	1	56
JAKPPB010000106	58290	58631	1	57
JAKPPB010000106	58628	59623	1	58
JAKPPB010000106	59625	60197	-1	59
JAKPPB010000106	60185	61006	-1	60
JAKPPB010000106	60978	62120	-1	61
JAKPPB010000106	62521	62922	1	62
JAKPPB010000106	62927	64141	1	63
JAKPPB010000106	64132	65211	1	64
JAKPPB010000106	65208	66590	1	65
JAKPPB010000106	66636	67502	1	66
JAKPPB010000106	67760	69493	1	67
JAKPPB010000106	69825	70151	1	68
JAKPPB010000106	70186	70908	1	69
JAKPPB010000106	71075	71500	1	70
JAKPPB010000106	71510	71659	1	71
JAKPPB010000106	71679	73139	1	72
JAKPPB010000106	73242	73889	1	73
JAKPPB010000106	73916	74311	-1	74
JAKPPB010000106	74458	75057	-1	75
JAKPPB010000106	75164	76096	-1	76
JAKPPB010000106	76321	76737	-1	77
JAKPPB010000106	77107	78408	1	78
JAKPPB010000106	78540	78953	-1	79
JAKPPB010000106	78958	79242	-1	80
JAKPPB010000106	79239	80051	-1	81
JAKPPB010000106	80446	81276	1	82
JAKPPB010000106	81434	82633	1	83
JAKPPB010000106	82725	83219	-1	84
JAKPPB010000106	83398	84039	-1	85
JAKPPB010000106	84312	87830	1	86
JAKPPB010000106	87928	87996	-1	87
JAKPPB010000107	1	123	1	1
JAKPPB010000107	333	1922	-1	2
JAKPPB010000107	2130	3251	-1	3
JAKPPB010000107	3413	3901	-1	4
JAKPPB010000107	4115	4855	-1	5
JAKPPB010000107	4917	6044	-1	6
JAKPPB010000107	6180	6323	-1	7
JAKPPB010000107	6328	8820	-1	8
JAKPPB010000107	8874	10115	-1	9
JAKPPB010000107	10122	10814	-1	10
JAKPPB010000107	10819	11553	1	11
JAKPPB010000107	11637	12560	-1	12
JAKPPB010000107	12764	13447	-1	13
JAKPPB010000108	268	2781	-1	1
JAKPPB010000108	2987	4309	1	2
JAKPPB010000108	4388	4819	1	3
JAKPPB010000108	5205	5987	-1	4
JAKPPB010000108	6067	7263	-1	5
JAKPPB010000108	7359	8633	-1	6
JAKPPB010000108	8900	9268	1	7
JAKPPB010000108	9689	10117	-1	8
JAKPPB010000108	10126	10527	-1	9
JAKPPB010000108	10904	11437	-1	10
JAKPPB010000108	11467	12336	1	11
JAKPPB010000108	12764	13948	-1	12
JAKPPB010000108	14482	15255	1	13
JAKPPB010000109	83	940	-1	1
JAKPPB010000109	1377	1736	1	2
JAKPPB010000109	1736	2371	1	3
JAKPPB010000109	2648	3238	-1	4
JAKPPB010000109	3407	3868	1	5
JAKPPB010000109	3873	4991	1	6
JAKPPB010000109	5088	5309	-1	7
JAKPPB010000109	5309	5593	-1	8
JAKPPB010000109	5747	7561	-1	9
JAKPPB010000109	7688	8656	-1	10
JAKPPB010000109	8653	9426	-1	11
JAKPPB010000109	9423	9971	-1	12
JAKPPB010000109	9931	11019	-1	13
JAKPPB010000109	11368	12642	1	14
JAKPPB010000109	12720	13061	-1	15
JAKPPB010000109	13075	13311	-1	16
JAKPPB010000109	13386	14483	-1	17
JAKPPB010000109	14577	15017	-1	18
JAKPPB010000109	15059	17662	-1	19
JAKPPB010000109	17717	18994	1	20
JAKPPB010000109	19000	19566	-1	21
JAKPPB010000109	19793	20542	-1	22
JAKPPB010000109	20547	21761	1	23
JAKPPB010000109	21877	22206	1	24
JAKPPB010000109	22266	22490	-1	25
JAKPPB010000109	22435	22938	-1	26
JAKPPB010000109	23166	23681	1	27
JAKPPB010000109	23695	24102	-1	28
JAKPPB010000109	24259	24495	-1	29
JAKPPB010000109	24998	27934	1	30
JAKPPB010000109	28239	28682	-1	31
JAKPPB010000110	2	61	-1	1
JAKPPB010000110	143	868	1	2
JAKPPB010000110	993	2681	-1	3
JAKPPB010000110	2683	3645	-1	4
JAKPPB010000110	3669	5006	-1	5
JAKPPB010000110	5006	6085	-1	6
JAKPPB010000110	6078	6848	-1	7
JAKPPB010000110	6841	7710	-1	8
JAKPPB010000110	7712	8503	-1	9
JAKPPB010000110	8533	9141	-1	10
JAKPPB010000110	9138	10334	-1	11
JAKPPB010000110	10341	10511	-1	12
JAKPPB010000110	10618	10806	-1	13
JAKPPB010000110	10839	11240	-1	14
JAKPPB010000110	11255	11677	-1	15
JAKPPB010000110	11684	12052	-1	16
JAKPPB010000110	12033	12878	-1	17
JAKPPB010000110	12878	13273	-1	18
JAKPPB010000110	13277	13822	-1	19
JAKPPB010000110	13840	14292	-1	20
JAKPPB010000110	14624	15715	-1	21
JAKPPB010000110	15834	16610	-1	22
JAKPPB010000110	16607	17446	-1	23
JAKPPB010000110	17452	18396	-1	24
JAKPPB010000110	18470	19222	-1	25
JAKPPB010000110	19219	19788	-1	26
JAKPPB010000110	19999	20640	1	27
JAKPPB010000110	20650	21012	1	28
JAKPPB010000110	21019	21396	1	29
JAKPPB010000110	21413	21718	-1	30
JAKPPB010000110	21814	23466	-1	31
JAKPPB010000110	23512	24954	1	32
JAKPPB010000110	24951	25040	1	33
JAKPPB010000110	25083	25421	1	34
JAKPPB010000110	25449	25715	-1	35
JAKPPB010000110	25985	27265	-1	36
JAKPPB010000110	27272	27799	-1	37
JAKPPB010000110	27796	28572	-1	38
JAKPPB010000110	28622	28963	1	39
JAKPPB010000110	28975	30207	1	40
JAKPPB010000110	30191	31999	1	41
JAKPPB010000110	31989	33080	1	42
JAKPPB010000110	33228	34418	-1	43
JAKPPB010000110	34420	35343	-1	44
JAKPPB010000110	35340	37595	-1	45
JAKPPB010000110	37656	38354	-1	46
JAKPPB010000110	38358	38705	-1	47
JAKPPB010000110	38903	39553	1	48
JAKPPB010000110	39566	40141	1	49
JAKPPB010000110	40216	41001	1	50
JAKPPB010000110	40998	41195	1	51
JAKPPB010000110	41389	42942	-1	52
JAKPPB010000110	43048	43671	-1	53
JAKPPB010000110	43727	44623	1	54
JAKPPB010000110	44625	44993	1	55
JAKPPB010000110	45427	47256	1	56
JAKPPB010000110	47312	50080	1	57
JAKPPB010000110	50084	50401	-1	58
JAKPPB010000110	50419	51165	1	59
JAKPPB010000110	51171	51563	1	60
JAKPPB010000110	51937	52188	1	61
JAKPPB010000110	52323	52769	-1	62
JAKPPB010000110	52774	53064	-1	63
JAKPPB010000110	53075	54238	-1	64
JAKPPB010000110	54240	56879	-1	65
JAKPPB010000110	56891	58705	-1	66
JAKPPB010000110	58702	60213	-1	67
JAKPPB010000110	60282	60500	-1	68
JAKPPB010000110	60800	61255	-1	69
JAKPPB010000110	61384	62529	1	70
JAKPPB010000110	62770	62841	1	71
JAKPPB010000111	1	633	-1	1
JAKPPB010000111	634	2703	-1	2
JAKPPB010000111	3448	3810	-1	3
JAKPPB010000111	3855	6773	1	4
JAKPPB010000111	6941	7405	1	5
JAKPPB010000111	7424	8155	-1	6
JAKPPB010000111	8232	9491	-1	7
JAKPPB010000111	9494	10429	-1	8
JAKPPB010000111	10729	11628	1	9
JAKPPB010000111	11642	12046	1	10
JAKPPB010000111	12134	12793	-1	11
JAKPPB010000111	13170	13790	-1	12
JAKPPB010000111	14027	14860	1	13
JAKPPB010000111	15227	17767	1	14
JAKPPB010000111	18122	19204	1	15
JAKPPB010000111	19430	20404	1	16
JAKPPB010000111	20393	21187	-1	17
JAKPPB010000111	21230	23218	1	18
JAKPPB010000111	23266	23820	-1	19
JAKPPB010000111	23870	24235	-1	20
JAKPPB010000111	24937	25620	-1	21
JAKPPB010000111	26022	26687	-1	22
JAKPPB010000111	26660	26857	-1	23
JAKPPB010000111	27430	29652	-1	24
JAKPPB010000111	29809	30135	1	25
JAKPPB010000111	30162	31217	-1	26
JAKPPB010000111	31654	33183	1	27
JAKPPB010000111	33206	33568	-1	28
JAKPPB010000111	33565	33825	-1	29
JAKPPB010000111	34089	34223	-1	30
JAKPPB010000111	34231	34521	-1	31
JAKPPB010000111	34576	35277	-1	32
JAKPPB010000111	35288	36013	-1	33
JAKPPB010000111	36020	36505	-1	34
JAKPPB010000111	36502	37143	-1	35
JAKPPB010000111	37174	37764	-1	36
JAKPPB010000111	37901	38380	-1	37
JAKPPB010000111	38377	39777	-1	38
JAKPPB010000111	39933	41330	1	39
JAKPPB010000111	41305	41829	1	40
JAKPPB010000111	41792	42097	1	41
JAKPPB010000111	42090	42815	1	42
JAKPPB010000111	43012	44004	1	43
JAKPPB010000111	44450	45385	1	44
JAKPPB010000111	45816	46259	1	45
JAKPPB010000111	46670	47119	1	46
JAKPPB010000111	47414	48346	1	47
JAKPPB010000111	48494	50479	1	48
JAKPPB010000111	50481	51338	-1	49
JAKPPB010000111	51331	53283	-1	50
JAKPPB010000111	53280	54137	-1	51
JAKPPB010000111	54164	55084	1	52
JAKPPB010000111	55244	55990	1	53
JAKPPB010000111	55974	56672	-1	54
JAKPPB010000111	56679	57950	-1	55
JAKPPB010000111	58014	58787	1	56
JAKPPB010000111	58784	59530	-1	57
JAKPPB010000111	59596	60567	1	58
JAKPPB010000111	60624	61922	1	59
JAKPPB010000111	61944	63551	-1	60
JAKPPB010000111	63565	65508	-1	61
JAKPPB010000111	65978	66367	-1	62
JAKPPB010000111	66364	68025	-1	63
JAKPPB010000111	68144	69124	-1	64
JAKPPB010000111	69121	72114	-1	65
JAKPPB010000111	72111	74801	-1	66
JAKPPB010000111	74802	78035	-1	67
JAKPPB010000112	1	711	1	1
JAKPPB010000112	879	1592	1	2
JAKPPB010000112	1607	2413	-1	3
JAKPPB010000112	2511	2699	1	4
JAKPPB010000112	2783	3991	1	5
JAKPPB010000112	4317	4415	-1	6
JAKPPB010000112	4412	4696	-1	7
JAKPPB010000112	4958	5395	-1	8
JAKPPB010000112	5541	5678	-1	9
JAKPPB010000113	1	234	-1	1
JAKPPB010000113	259	612	-1	2
JAKPPB010000113	793	1023	1	3
JAKPPB010000114	1	96	1	1
JAKPPB010000114	198	2114	1	2
JAKPPB010000114	2111	2503	1	3
JAKPPB010000114	2500	3732	1	4
JAKPPB010000114	3816	5858	1	5
JAKPPB010000115	1	558	1	1
JAKPPB010000115	564	1118	1	2
JAKPPB010000116	2	1693	1	1
JAKPPB010000117	36	689	1	1
JAKPPB010000117	776	1762	1	2
JAKPPB010000117	1800	2243	1	3
JAKPPB010000117	2258	2521	1	4
JAKPPB010000117	2522	2587	1	5
JAKPPB010000118	3	851	-1	1
JAKPPB010000118	930	1712	1	2
JAKPPB010000119	427	2415	1	1
JAKPPB010000119	2412	2834	1	2
JAKPPB010000119	2874	3323	1	3
JAKPPB010000119	3341	4522	1	4
JAKPPB010000120	2	76	-1	1
JAKPPB010000120	145	1269	-1	2
JAKPPB010000120	1332	2192	-1	3
JAKPPB010000120	2698	3855	-1	4
JAKPPB010000120	3867	4043	-1	5
JAKPPB010000120	4254	5252	1	6
JAKPPB010000120	5240	5863	1	7
JAKPPB010000120	5963	7195	1	8
JAKPPB010000120	7192	8181	-1	9
JAKPPB010000120	8508	9623	1	10
JAKPPB010000121	3	1058	1	1
JAKPPB010000121	1351	1479	-1	2
JAKPPB010000121	1517	1690	1	3
JAKPPB010000121	2329	2874	-1	4
JAKPPB010000121	2886	3290	1	5
JAKPPB010000121	3713	3982	-1	6
JAKPPB010000121	4155	5333	1	7
JAKPPB010000121	5336	5881	-1	8
JAKPPB010000121	5992	8109	1	9
JAKPPB010000121	8121	8660	1	10
JAKPPB010000121	8693	10084	-1	11
JAKPPB010000121	10113	11012	1	12
JAKPPB010000121	11156	12550	1	13
JAKPPB010000121	12575	13945	-1	14
JAKPPB010000121	14003	14194	-1	15
JAKPPB010000121	14852	17476	1	16
JAKPPB010000121	17657	18502	-1	17
JAKPPB010000121	18495	19688	-1	18
JAKPPB010000121	19994	20656	-1	19
JAKPPB010000121	21118	22302	1	20
JAKPPB010000121	22644	24377	1	21
JAKPPB010000121	24607	24702	1	22
JAKPPB010000122	46	525	1	1
JAKPPB010000122	640	783	1	2
JAKPPB010000122	780	3248	1	3
JAKPPB010000122	3307	3513	-1	4
JAKPPB010000122	3608	4117	-1	5
JAKPPB010000122	4366	5430	1	6
JAKPPB010000123	273	887	1	1
JAKPPB010000123	888	1292	-1	2
JAKPPB010000123	1455	3320	-1	3
JAKPPB010000123	4063	4935	1	4
JAKPPB010000123	5064	6365	-1	5
JAKPPB010000123	6481	6948	1	6
JAKPPB010000123	7100	7906	1	7
JAKPPB010000123	7903	9681	1	8
JAKPPB010000123	9662	10927	1	9
JAKPPB010000123	11183	11311	1	10
JAKPPB010000123	11396	11674	1	11
JAKPPB010000123	11777	12184	1	12
JAKPPB010000123	12370	12498	1	13
JAKPPB010000123	12602	13171	1	14
JAKPPB010000123	13211	17497	-1	15
JAKPPB010000123	17598	18362	-1	16
JAKPPB010000123	18359	20059	-1	17
JAKPPB010000123	20059	21345	-1	18
JAKPPB010000123	21335	21724	-1	19
JAKPPB010000123	21721	22332	-1	20
JAKPPB010000123	22334	23425	-1	21
JAKPPB010000123	23422	23874	-1	22
JAKPPB010000123	23871	24260	-1	23
JAKPPB010000123	24257	24499	-1	24
JAKPPB010000123	24496	25338	-1	25
JAKPPB010000123	25341	25544	-1	26
JAKPPB010000123	25554	26207	-1	27
JAKPPB010000123	26204	26806	-1	28
JAKPPB010000123	26812	27261	-1	29
JAKPPB010000123	27258	27497	-1	30
JAKPPB010000123	27494	27745	-1	31
JAKPPB010000123	27717	27974	-1	32
JAKPPB010000123	27971	28468	-1	33
JAKPPB010000123	28701	30170	-1	34
JAKPPB010000123	30467	30595	-1	35
JAKPPB010000123	31121	31624	1	36
JAKPPB010000123	31636	32409	-1	37
JAKPPB010000123	32625	32897	1	38
JAKPPB010000123	33025	33711	1	39
JAKPPB010000123	33731	34576	-1	40
JAKPPB010000123	34843	35838	1	41
JAKPPB010000123	35835	36953	-1	42
JAKPPB010000123	36925	37923	-1	43
JAKPPB010000123	37920	38411	-1	44
JAKPPB010000123	38645	40705	-1	45
JAKPPB010000123	40726	41349	-1	46
JAKPPB010000123	41346	42599	-1	47
JAKPPB010000123	42811	43836	1	48
JAKPPB010000123	43836	44615	1	49
JAKPPB010000123	44666	45091	1	50
JAKPPB010000123	45365	46405	1	51
JAKPPB010000123	46440	47711	-1	52
JAKPPB010000123	47748	48023	-1	53
JAKPPB010000123	48130	48612	-1	54
JAKPPB010000123	48726	49196	1	55
JAKPPB010000123	49277	49753	1	56
JAKPPB010000123	49579	50130	-1	57
JAKPPB010000123	50254	50448	1	58
JAKPPB010000123	50534	50926	1	59
JAKPPB010000123	51052	51792	-1	60
JAKPPB010000123	52269	52373	-1	61
JAKPPB010000123	52553	52744	-1	62
JAKPPB010000123	52734	53189	-1	63
JAKPPB010000123	53520	54200	1	64
JAKPPB010000123	54571	57150	1	65
JAKPPB010000123	57113	57736	-1	66
JAKPPB010000123	57882	59342	-1	67
JAKPPB010000123	59437	62199	-1	68
JAKPPB010000123	62307	62783	-1	69
JAKPPB010000123	63106	65085	1	70
JAKPPB010000123	65195	66388	1	71
JAKPPB010000123	66423	68432	-1	72
JAKPPB010000123	68564	68686	-1	73
JAKPPB010000123	68921	69076	-1	74
JAKPPB010000123	69088	69393	1	75
JAKPPB010000123	69433	70242	1	76
JAKPPB010000123	70239	70589	1	77
JAKPPB010000123	70558	70818	-1	78
JAKPPB010000123	71235	72416	-1	79
JAKPPB010000123	72413	72901	-1	80
JAKPPB010000123	72888	73403	-1	81
JAKPPB010000123	73400	74500	-1	82
JAKPPB010000123	74555	76756	-1	83
JAKPPB010000123	77301	78134	1	84
JAKPPB010000123	78220	82479	-1	85
JAKPPB010000123	82824	83444	1	86
JAKPPB010000123	83499	84359	1	87
JAKPPB010000123	84461	85084	-1	88
JAKPPB010000123	85258	85983	1	89
JAKPPB010000123	85976	87382	1	90
JAKPPB010000123	87473	88051	1	91
JAKPPB010000123	88416	91076	1	92
JAKPPB010000123	91162	91584	1	93
JAKPPB010000123	91807	93657	-1	94
JAKPPB010000123	93654	97928	-1	95
JAKPPB010000123	98109	98936	1	96
JAKPPB010000123	99007	100449	1	97
JAKPPB010000123	100781	101242	1	98
JAKPPB010000123	101890	102585	1	99
JAKPPB010000123	102582	103319	1	100
JAKPPB010000123	103309	103665	1	101
JAKPPB010000123	103905	104297	-1	102
JAKPPB010000123	105049	105255	-1	103
JAKPPB010000123	105482	105697	-1	104
JAKPPB010000123	106031	106744	1	105
JAKPPB010000123	106844	107128	-1	106
JAKPPB010000123	107941	108975	1	107
JAKPPB010000123	108915	110543	1	108
JAKPPB010000123	110583	111290	-1	109
JAKPPB010000123	111292	112494	-1	110
JAKPPB010000123	112487	113725	-1	111
JAKPPB010000123	113935	114456	1	112
JAKPPB010000123	114399	114641	1	113
JAKPPB010000123	114950	115042	1	114
JAKPPB010000124	985	1212	1	1
JAKPPB010000124	1408	1563	1	2
JAKPPB010000124	1676	2026	1	3
JAKPPB010000124	2016	2261	1	4
JAKPPB010000124	2320	5385	1	5
JAKPPB010000124	5561	5842	-1	6
JAKPPB010000125	2	316	-1	1
JAKPPB010000125	454	1053	-1	2
JAKPPB010000126	1	774	1	1
JAKPPB010000126	886	1026	1	2
JAKPPB010000127	2	685	1	1
JAKPPB010000127	809	2425	1	2
JAKPPB010000127	3110	4000	1	3
JAKPPB010000127	4188	4310	-1	4
JAKPPB010000128	371	1918	1	1
JAKPPB010000128	1936	2547	1	2
