Hmm	ORF	tlen	qlen	Eval	score	start	end	Acc	Pos	Cov_seq	Cov_hmm	strand
AbiEii_0_CAS-III	JAKPPB010000007_26	255	284	0.003	14.2	23842	24606	JAKPPB010000007	26	0.38823529411764707	0.3345070422535211	1
AbiEii_0_CAS-III	JAKPPB010000009_12	319	284	6.9e-08	29.5	16288	17244	JAKPPB010000009	12	0.3385579937304075	0.35563380281690143	-1
AbiEii_0_CAS-III	JAKPPB010000009_16	258	284	4.3e-06	23.6	20282	21055	JAKPPB010000009	16	0.3372093023255814	0.2992957746478873	1
AbiEii_0_CAS-III	JAKPPB010000020_81	426	284	0.0028	14.4	64860	66137	JAKPPB010000020	81	0.13380281690140844	0.18661971830985916	1
AbiEii_0_CAS-III	JAKPPB010000027_15	296	284	0.00012	18.9	17963	18850	JAKPPB010000027	15	0.30743243243243246	0.30633802816901406	1
AbiEii_0_CAS-III	JAKPPB010000028_91	936	284	0.012	12.2	94614	97421	JAKPPB010000028	91	0.13247863247863248	0.31690140845070425	-1
AbiEii_0_CAS-III	JAKPPB010000033_56	479	284	9.6e-09	32.3	44146	45582	JAKPPB010000033	56	0.4718162839248434	0.43309859154929575	-1
AbiEii_0_CAS-III	JAKPPB010000034_8	392	284	1.2e-06	25.4	10531	11706	JAKPPB010000034	8	0.8724489795918368	0.8802816901408451	1
AbiEii_0_CAS-III	JAKPPB010000036_8	254	284	0.00015	18.5	7620	8381	JAKPPB010000036	8	0.2755905511811024	0.24295774647887325	1
AbiEii_0_CAS-III	JAKPPB010000038_3	813	284	6.3e-05	19.8	3986	6424	JAKPPB010000038	3	0.13038130381303814	0.323943661971831	1
AbiEii_0_CAS-III	JAKPPB010000038_49	318	284	1.3e-09	35.1	45191	46144	JAKPPB010000038	49	0.49056603773584906	0.5598591549295775	1
AbiEii_0_CAS-III	JAKPPB010000041_25	329	284	2.8e-07	27.5	26802	27788	JAKPPB010000041	25	0.270516717325228	0.323943661971831	1
AbiEii_0_CAS-III	JAKPPB010000041_61	386	284	7.5e-05	19.5	57594	58751	JAKPPB010000041	61	0.22538860103626943	0.2887323943661972	-1
AbiEii_0_CAS-III	JAKPPB010000041_83	225	284	0.0046	13.6	77104	77778	JAKPPB010000041	83	0.24	0.19014084507042253	-1
AbiEii_0_CAS-III	JAKPPB010000041_89	280	284	3.4e-05	20.6	82362	83201	JAKPPB010000041	89	0.3107142857142857	0.2887323943661972	1
AbiEii_0_CAS-III	JAKPPB010000044_44	244	284	2.9e-07	27.4	38600	39331	JAKPPB010000044	44	0.3360655737704918	0.2746478873239437	1
AbiEii_0_CAS-III	JAKPPB010000047_13	1147	284	5.9e-06	23.1	11231	14671	JAKPPB010000047	13	0.1952920662598082	0.426056338028169	1
AbiEii_0_CAS-III	JAKPPB010000048_16	231	284	3.6e-05	20.6	9762	10454	JAKPPB010000048	16	0.30735930735930733	0.2535211267605634	1
AbiEii_0_CAS-III	JAKPPB010000050_25	230	284	1.2e-05	22.1	22770	23459	JAKPPB010000050	25	0.4260869565217391	0.3415492957746479	1
AbiEii_0_CAS-III	JAKPPB010000057_13	278	284	0.00022	18.0	13612	14445	JAKPPB010000057	13	0.4028776978417266	0.38028169014084506	-1
AbiEii_0_CAS-III	JAKPPB010000063_102	243	284	0.00078	16.2	100863	101591	JAKPPB010000063	102	0.23868312757201646	0.20774647887323944	1
AbiEii_0_CAS-III	JAKPPB010000063_103	231	284	8.3e-06	22.6	101607	102299	JAKPPB010000063	103	0.4675324675324675	0.3732394366197183	1
AbiEii_0_CAS-III	JAKPPB010000063_35	360	284	0.0012	15.5	35562	36641	JAKPPB010000063	35	0.25833333333333336	0.30985915492957744	-1
AbiEii_0_CAS-III	JAKPPB010000063_5	265	284	0.00018	18.2	5450	6244	JAKPPB010000063	5	0.2037735849056604	0.18661971830985916	-1
AbiEii_0_CAS-III	JAKPPB010000077_20	807	284	0.00063	16.5	22056	24476	JAKPPB010000077	20	0.048327137546468404	0.07042253521126761	-1
AbiEii_0_CAS-III	JAKPPB010000101_19	257	284	4.8e-06	23.4	18053	18823	JAKPPB010000101	19	0.30739299610894943	0.2711267605633803	1
AbiEii_0_CAS-III	JAKPPB010000101_39	593	284	0.0036	14.0	36994	38772	JAKPPB010000101	39	0.07419898819561552	0.09154929577464789	1
AbiEii_0_CAS-III	JAKPPB010000109_19	868	284	3.5e-05	20.6	15059	17662	JAKPPB010000109	19	0.04608294930875576	0.07394366197183098	-1
AbiEii_0_CAS-III	JAKPPB010000123_109	236	284	0.00074	16.2	110583	111290	JAKPPB010000123	109	0.3177966101694915	0.25704225352112675	-1
AbiEii_0_CAS-III	JAKPPB010000123_47	418	284	2e-09	34.5	41346	42599	JAKPPB010000123	47	0.2822966507177033	0.397887323943662	-1
AbiEii_0_CAS-III	JAKPPB010000123_48	342	284	2.4e-05	21.1	42811	43836	JAKPPB010000123	48	0.24853801169590642	0.2852112676056338	1
AbiEii_0_CAS-III	JAKPPB010000123_89	242	284	4.6e-06	23.5	85258	85983	JAKPPB010000123	89	0.44214876033057854	0.3591549295774648	1
AbiEii_1_CAS-III-A	JAKPPB010000009_16	258	335	0.0071	12.6	20282	21055	JAKPPB010000009	16	0.16279069767441862	0.11940298507462686	1
AbiEii_1_CAS-III-A	JAKPPB010000034_8	392	335	2.3e-05	20.8	10531	11706	JAKPPB010000034	8	0.2066326530612245	0.2507462686567164	1
AbiEii_1_CAS-III-A	JAKPPB010000036_8	254	335	0.001	15.3	7620	8381	JAKPPB010000036	8	0.33070866141732286	0.25671641791044775	1
AbiEii_1_CAS-III-A	JAKPPB010000044_44	244	335	0.014	11.6	38600	39331	JAKPPB010000044	44	0.1557377049180328	0.10746268656716418	1
AbiEii_1_CAS-III-A	JAKPPB010000048_16	231	335	0.025	10.8	9762	10454	JAKPPB010000048	16	0.2857142857142857	0.19701492537313434	1
AbiEii_1_CAS-III-A	JAKPPB010000123_47	418	335	0.00072	15.9	41346	42599	JAKPPB010000123	47	0.18181818181818182	0.23880597014925373	-1
AbiEii_2_CAS-III-C	JAKPPB010000034_8	392	440	7.6e-07	25.8	10531	11706	JAKPPB010000034	8	0.2576530612244898	0.23863636363636365	1
AbiEii_2_CAS-III-C	JAKPPB010000123_47	418	440	6.8e-06	22.6	41346	42599	JAKPPB010000123	47	0.2607655502392344	0.20227272727272727	-1
Cas10_0_III	JAKPPB010000009_18	217	414	0.0026	13.9	24976	25626	JAKPPB010000009	18	0.6359447004608295	0.3115942028985507	1
Cas10_6_CAS-III	JAKPPB010000006_6	568	717	0.0031	13.2	3486	5189	JAKPPB010000006	6	0.13908450704225353	0.1101813110181311	-1
Cas12a_1_CAS-V-A	JAKPPB010000020_73	54	1086	0.22	6.4	59069	59230	JAKPPB010000020	73	0.6851851851851852	0.03867403314917127	1
Cas12b2_0_CAS-V-B	JAKPPB010000020_73	54	747	0.003	13.1	59069	59230	JAKPPB010000020	73	0.5370370370370371	0.038821954484605084	1
Cas12e_0_CAS-V-E	JAKPPB010000077_34	313	855	0.025	9.8	36406	37344	JAKPPB010000077	34	0.1597444089456869	0.05964912280701754	1
Cas12f1_2_CAS-V-F	JAKPPB010000111_31	97	429	0.016	11.3	34231	34521	JAKPPB010000111	31	0.32989690721649484	0.07692307692307693	-1
Cas12f2_1_CAS-V-F	JAKPPB010000003_89	64	422	0.016	11.4	83745	83936	JAKPPB010000003	89	0.703125	0.08293838862559241	1
Cas12f2_1_CAS-V-F	JAKPPB010000010_6	337	422	1.8e-05	21.1	2659	3669	JAKPPB010000010	6	0.13353115727002968	0.1066350710900474	1
Cas12f2_1_CAS-V-F	JAKPPB010000044_24	122	422	0.038	10.1	20686	21051	JAKPPB010000044	24	0.5245901639344263	0.07345971563981042	1
Cas12f7_0_CAS-V-F	JAKPPB010000086_22	63	566	0.005	12.7	21270	21458	JAKPPB010000086	22	0.6666666666666666	0.07420494699646643	1
Cas12j_0_V-J	JAKPPB010000111_31	97	758	0.021	9.8	34231	34521	JAKPPB010000111	31	0.3402061855670103	0.04353562005277045	-1
Cas12m_0_V-M	JAKPPB010000020_24	52	577	0.0099	11.4	17856	18011	JAKPPB010000020	24	0.6538461538461539	0.06239168110918544	-1
Cas1_0_CAS-I-II-III-IV-V-VI	JAKPPB010000003_40	306	317	1.5e-46	156.1	37244	38161	JAKPPB010000003	40	0.9444444444444444	0.9400630914826499	-1
Cas1_0_CAS-I-II-III-IV-V-VI	JAKPPB010000031_8	297	317	1.7e-20	70.4	7866	8756	JAKPPB010000031	8	0.6835016835016835	0.637223974763407	1
Cas1_0_CAS-I-II-III-IV-V-VI	JAKPPB010000080_16	328	317	3.5e-86	286.2	13770	14753	JAKPPB010000080	16	0.9786585365853658	0.9968454258675079	1
Cas1_0_I-II-III	JAKPPB010000003_40	306	327	6.4e-45	150.7	37244	38161	JAKPPB010000003	40	0.9771241830065359	0.9571865443425076	-1
Cas1_0_I-II-III	JAKPPB010000031_8	297	327	2.6e-49	165.1	7866	8756	JAKPPB010000031	8	0.7441077441077442	0.6819571865443425	1
Cas1_0_I-II-III	JAKPPB010000080_16	328	327	6e-95	315.1	13770	14753	JAKPPB010000080	16	0.9786585365853658	0.981651376146789	1
Cas1_0_I-II-III-V	JAKPPB010000003_40	306	315	6.2e-33	111.1	37244	38161	JAKPPB010000003	40	0.8823529411764706	0.8825396825396825	-1
Cas1_0_I-II-III-V	JAKPPB010000031_8	297	315	1.1e-09	34.7	7866	8756	JAKPPB010000031	8	0.5791245791245792	0.546031746031746	1
Cas1_0_I-II-III-V	JAKPPB010000080_16	328	315	9.8e-72	238.5	13770	14753	JAKPPB010000080	16	0.9695121951219512	0.9873015873015873	1
Cas1_0_IA	JAKPPB010000003_40	306	347	8.3e-16	54.9	37244	38161	JAKPPB010000003	40	0.8529411764705882	0.7896253602305475	-1
Cas1_0_IA	JAKPPB010000031_8	297	347	8.2e-05	18.7	7866	8756	JAKPPB010000031	8	0.3838383838383838	0.3227665706051873	1
Cas1_0_IA	JAKPPB010000080_16	328	347	1.3e-38	129.9	13770	14753	JAKPPB010000080	16	0.8628048780487805	0.8184438040345822	1
Cas1_0_IC	JAKPPB010000003_40	306	340	4.0000000000000004e-24	82.5	37244	38161	JAKPPB010000003	40	0.8627450980392157	0.8205882352941176	-1
Cas1_0_IC	JAKPPB010000031_8	297	340	0.00097	15.4	7866	8756	JAKPPB010000031	8	0.41414141414141414	0.36470588235294116	1
Cas1_0_IC	JAKPPB010000080_16	328	340	7.7e-46	153.8	13770	14753	JAKPPB010000080	16	0.8963414634146342	0.8735294117647059	1
Cas1_0_IE	JAKPPB010000003_40	306	269	1.1e-07	28.5	37244	38161	JAKPPB010000003	40	0.37254901960784315	0.4349442379182156	-1
Cas1_0_IE	JAKPPB010000031_8	297	269	3.2e-110	364.6	7866	8756	JAKPPB010000031	8	0.8922558922558923	0.9888475836431226	1
Cas1_0_IE	JAKPPB010000080_16	328	269	2.4e-12	43.7	13770	14753	JAKPPB010000080	16	0.35060975609756095	0.42379182156133827	1
Cas1_0_IF	JAKPPB010000003_40	306	307	1.3e-08	31.6	37244	38161	JAKPPB010000003	40	0.630718954248366	0.6514657980456026	-1
Cas1_0_IF	JAKPPB010000031_8	297	307	1e-19	68.1	7866	8756	JAKPPB010000031	8	0.696969696969697	0.6710097719869706	1
Cas1_0_IF	JAKPPB010000080_16	328	307	0.00065	16.2	13770	14753	JAKPPB010000080	16	0.5091463414634146	0.5342019543973942	1
Cas1_0_II	JAKPPB010000003_40	306	278	1.4e-09	34.7	37244	38161	JAKPPB010000003	40	0.4803921568627451	0.5287769784172662	-1
Cas1_0_II	JAKPPB010000031_8	297	278	0.017	11.5	7866	8756	JAKPPB010000031	8	0.15824915824915825	0.1618705035971223	1
Cas1_0_II	JAKPPB010000080_16	328	278	6.6e-31	104.7	13770	14753	JAKPPB010000080	16	0.7926829268292683	0.841726618705036	1
Cas1_0_V	JAKPPB010000003_40	306	317	3.2e-10	36.6	37244	38161	JAKPPB010000003	40	0.8071895424836601	0.7791798107255521	-1
Cas1_0_V	JAKPPB010000031_8	297	317	0.031	10.4	7866	8756	JAKPPB010000031	8	0.2558922558922559	0.22082018927444794	1
Cas1_0_V	JAKPPB010000080_16	328	317	1.5e-34	116.5	13770	14753	JAKPPB010000080	16	0.7987804878048781	0.7854889589905363	1
Cas1_1_CAS-I-II-III-IV-V-VI	JAKPPB010000003_40	306	261	1.1999999999999999e-39	133.2	37244	38161	JAKPPB010000003	40	0.8431372549019608	0.9540229885057471	-1
Cas1_1_CAS-I-II-III-IV-V-VI	JAKPPB010000031_8	297	261	3.8e-49	164.4	7866	8756	JAKPPB010000031	8	0.7474747474747475	0.8582375478927203	1
Cas1_1_CAS-I-II-III-IV-V-VI	JAKPPB010000080_16	328	261	6.8e-80	265.2	13770	14753	JAKPPB010000080	16	0.801829268292683	0.9923371647509579	1
Cas1_2_CAS-I-II-III-IV-V-VI	JAKPPB010000003_40	306	306	9.4e-09	32.1	37244	38161	JAKPPB010000003	40	0.630718954248366	0.6503267973856209	-1
Cas1_2_CAS-I-II-III-IV-V-VI	JAKPPB010000031_8	297	306	1.1e-19	68.0	7866	8756	JAKPPB010000031	8	0.696969696969697	0.673202614379085	1
Cas1_2_CAS-I-II-III-IV-V-VI	JAKPPB010000080_16	328	306	0.00042	16.8	13770	14753	JAKPPB010000080	16	0.551829268292683	0.5816993464052288	1
Cas1_3_CAS-I-II-III-IV-V-VI	JAKPPB010000003_40	306	262	1.9e-07	27.7	37244	38161	JAKPPB010000003	40	0.369281045751634	0.44274809160305345	-1
Cas1_3_CAS-I-II-III-IV-V-VI	JAKPPB010000031_8	297	262	1.3000000000000001e-108	359.3	7866	8756	JAKPPB010000031	8	0.8787878787878788	0.9961832061068703	1
Cas1_3_CAS-I-II-III-IV-V-VI	JAKPPB010000080_16	328	262	1.4e-12	44.5	13770	14753	JAKPPB010000080	16	0.4024390243902439	0.5076335877862596	1
Cas1_4_CAS-I-II-III-IV-V-VI	JAKPPB010000003_40	306	275	1.4e-09	34.7	37244	38161	JAKPPB010000003	40	0.477124183006536	0.5309090909090909	-1
Cas1_4_CAS-I-II-III-IV-V-VI	JAKPPB010000031_8	297	275	0.032	10.5	7866	8756	JAKPPB010000031	8	0.1447811447811448	0.15636363636363637	1
Cas1_4_CAS-I-II-III-IV-V-VI	JAKPPB010000080_16	328	275	2.6999999999999997e-31	105.8	13770	14753	JAKPPB010000080	16	0.7957317073170732	0.8472727272727273	1
Cas1_5_CAS-I-II-III-IV-V-VI	JAKPPB010000003_40	306	338	4.5e-24	82.3	37244	38161	JAKPPB010000003	40	0.8627450980392157	0.8254437869822485	-1
Cas1_5_CAS-I-II-III-IV-V-VI	JAKPPB010000031_8	297	338	0.0011	15.3	7866	8756	JAKPPB010000031	8	0.4175084175084175	0.3698224852071006	1
Cas1_5_CAS-I-II-III-IV-V-VI	JAKPPB010000080_16	328	338	7.7e-46	153.9	13770	14753	JAKPPB010000080	16	0.8963414634146342	0.878698224852071	1
Cas1_6_CAS-I-II-III-IV-V-VI	JAKPPB010000003_40	306	320	4.8e-23	79.0	37244	38161	JAKPPB010000003	40	0.8888888888888888	0.859375	-1
Cas1_6_CAS-I-II-III-IV-V-VI	JAKPPB010000031_8	297	320	1.4e-08	31.4	7866	8756	JAKPPB010000031	8	0.3771043771043771	0.35	1
Cas1_6_CAS-I-II-III-IV-V-VI	JAKPPB010000080_16	328	320	7.399999999999999e-41	137.5	13770	14753	JAKPPB010000080	16	0.9542682926829268	0.953125	1
Cas1_7_CAS-I-II-III-IV-V-VI	JAKPPB010000003_40	306	328	7.6e-43	143.9	37244	38161	JAKPPB010000003	40	0.8888888888888888	0.8414634146341463	-1
Cas1_7_CAS-I-II-III-IV-V-VI	JAKPPB010000025_3	46	328	0.027	10.6	1938	2075	JAKPPB010000025	3	0.5869565217391305	0.08231707317073171	-1
Cas1_7_CAS-I-II-III-IV-V-VI	JAKPPB010000031_8	297	328	2.8e-50	168.3	7866	8756	JAKPPB010000031	8	0.9225589225589226	0.8475609756097561	1
Cas1_7_CAS-I-II-III-IV-V-VI	JAKPPB010000080_16	328	328	1.5e-75	251.4	13770	14753	JAKPPB010000080	16	0.9817073170731707	0.9603658536585366	1
Cas1_8_CAS-I-II-III-IV-V-VI	JAKPPB010000003_40	306	283	2.7e-50	168.2	37244	38161	JAKPPB010000003	40	0.8856209150326797	0.9858657243816255	-1
Cas1_8_CAS-I-II-III-IV-V-VI	JAKPPB010000031_8	297	283	8.3e-18	61.6	7866	8756	JAKPPB010000031	8	0.7138047138047138	0.7526501766784452	1
Cas1_8_CAS-I-II-III-IV-V-VI	JAKPPB010000080_16	328	283	1.3e-86	287.4	13770	14753	JAKPPB010000080	16	0.8780487804878049	1.0	1
Cas2_0_CAS-I-II-III-IV-V-VI	JAKPPB010000080_17	98	90	3.6e-17	59.7	14750	15043	JAKPPB010000080	17	0.8673469387755102	0.9444444444444444	1
Cas2_0_I-II-III	JAKPPB010000079_3	104	96	0.0067	13.8	1651	1962	JAKPPB010000079	3	0.5576923076923077	0.6041666666666666	1
Cas2_0_I-II-III	JAKPPB010000080_17	98	96	1.8e-15	54.1	14750	15043	JAKPPB010000080	17	0.8469387755102041	0.8958333333333334	1
Cas2_0_I-II-III-V	JAKPPB010000080_17	98	83	2.1e-19	66.7	14750	15043	JAKPPB010000080	17	0.7959183673469388	0.9759036144578314	1
Cas2_0_IE	JAKPPB010000031_9	100	87	2.1e-31	105.0	8761	9060	JAKPPB010000031	9	0.86	1.0	1
Cas2_10_CAS-I-II-III-IV-V-VI	JAKPPB010000031_9	100	86	2.3000000000000002e-33	111.3	8761	9060	JAKPPB010000031	9	0.86	1.0	1
Cas2_10_CAS-I-II-III-IV-V-VI	JAKPPB010000083_54	195	86	0.0079	13.4	48033	48617	JAKPPB010000083	54	0.15384615384615385	0.3372093023255814	-1
Cas2_11_CAS-I-II-III-IV-V-VI	JAKPPB010000080_17	98	71	1.7e-20	70.1	14750	15043	JAKPPB010000080	17	0.7448979591836735	1.0	1
Cas2_1_CAS-I-II-III-IV-V-VI	JAKPPB010000031_9	100	93	5.400000000000001e-32	106.9	8761	9060	JAKPPB010000031	9	0.91	1.0	1
Cas2_2_CAS-I-II-III-IV-V-VI	JAKPPB010000080_17	98	79	1.3e-22	77.0	14750	15043	JAKPPB010000080	17	0.7959183673469388	0.9746835443037974	1
Cas2_3_CAS-I-II-III-IV-V-VI	JAKPPB010000031_9	100	62	1.9e-27	92.2	8761	9060	JAKPPB010000031	9	0.62	1.0	1
Cas2_4_CAS-I-II-III-IV-V-VI	JAKPPB010000080_17	98	89	1.9e-18	63.7	14750	15043	JAKPPB010000080	17	0.8163265306122449	0.898876404494382	1
Cas2_7_CAS-I-II-III-IV-V-VI	JAKPPB010000080_17	98	94	1.6e-18	64.1	14750	15043	JAKPPB010000080	17	0.826530612244898	0.8617021276595744	1
Cas3-Cas2_0_CAS-I-F	JAKPPB010000031_2	898	1106	8.8e-10	34.1	411	3104	JAKPPB010000031	2	0.27728285077951004	0.22784810126582278	1
Cas3-Cas2_0_CAS-I-F	JAKPPB010000080_14	751	1106	1.2e-15	53.5	10839	13091	JAKPPB010000080	14	0.27430093209054596	0.18806509945750452	1
Cas3-Cas2_0_IF	JAKPPB010000031_2	898	1110	6.3e-10	34.5	411	3104	JAKPPB010000031	2	0.2795100222717149	0.22882882882882882	1
Cas3-Cas2_0_IF	JAKPPB010000080_14	751	1110	1.5e-15	53.2	10839	13091	JAKPPB010000080	14	0.2729693741677763	0.1864864864864865	1
Cas3HD_0_CAS-I	JAKPPB010000001_3	402	203	4.4e-05	20.5	792	1997	JAKPPB010000001	3	0.10696517412935323	0.23645320197044334	-1
Cas3HD_0_CAS-I	JAKPPB010000031_2	898	203	8.000000000000001e-29	98.0	411	3104	JAKPPB010000031	2	0.23608017817371937	0.9852216748768473	1
Cas3HD_0_CAS-I	JAKPPB010000071_42	190	203	0.0032	14.4	39744	40313	JAKPPB010000071	42	0.2	0.22660098522167488	-1
Cas3HD_0_CAS-I	JAKPPB010000077_9	402	203	0.0013	15.7	10812	12017	JAKPPB010000077	9	0.10696517412935323	0.23645320197044334	-1
Cas3HD_0_CAS-I	JAKPPB010000080_14	751	203	1.6e-13	48.1	10839	13091	JAKPPB010000080	14	0.3209054593874834	0.9605911330049262	1
Cas3HD_1_CAS-I	JAKPPB010000031_2	898	191	0.0085	13.1	411	3104	JAKPPB010000031	2	0.043429844097995544	0.15706806282722513	1
Cas3HD_1_CAS-I	JAKPPB010000080_14	751	191	1.4e-06	25.4	10839	13091	JAKPPB010000080	14	0.15712383488681758	0.5392670157068062	1
Cas3HD_1_CAS-I	JAKPPB010000106_6	227	191	0.018	12.0	5122	5802	JAKPPB010000106	6	0.30837004405286345	0.3612565445026178	-1
Cas3HD_2_CAS-I	JAKPPB010000080_14	751	231	0.00075	16.2	10839	13091	JAKPPB010000080	14	0.05725699067909454	0.1471861471861472	1
Cas3_0_CAS-I	JAKPPB010000005_5	718	353	2.5e-05	20.6	3975	6128	JAKPPB010000005	5	0.12395543175487465	0.24929178470254956	1
Cas3_0_CAS-I	JAKPPB010000031_2	898	353	5.4e-66	220.2	411	3104	JAKPPB010000031	2	0.410913140311804	0.9150141643059491	1
Cas3_0_CAS-I	JAKPPB010000034_6	1193	353	0.0016	14.7	3960	7538	JAKPPB010000034	6	0.13243922883487008	0.43059490084985835	1
Cas3_0_CAS-I	JAKPPB010000041_27	715	353	1.8e-16	57.3	28631	30775	JAKPPB010000041	27	0.34405594405594403	0.6940509915014165	-1
Cas3_0_CAS-I	JAKPPB010000057_5	745	353	1.3e-10	38.1	4104	6338	JAKPPB010000057	5	0.2348993288590604	0.48725212464589235	1
Cas3_0_CAS-I	JAKPPB010000070_13	897	353	8.7e-11	38.6	14018	16708	JAKPPB010000070	13	0.3255295429208473	0.8810198300283286	-1
Cas3_0_CAS-I	JAKPPB010000080_14	751	353	2.3000000000000002e-71	237.8	10839	13091	JAKPPB010000080	14	0.4274300932090546	0.9490084985835694	1
Cas3_0_CAS-I	JAKPPB010000086_4	442	353	4.4e-12	42.8	3088	4413	JAKPPB010000086	4	0.6719457013574661	0.8951841359773371	1
Cas3_0_CAS-I	JAKPPB010000091_1	537	353	0.00011	18.5	3	1613	JAKPPB010000091	1	0.15828677839851024	0.24645892351274787	-1
Cas3_0_CAS-I	JAKPPB010000120_2	375	353	0.022	10.9	145	1269	JAKPPB010000120	2	0.16	0.16147308781869688	-1
Cas3_0_CAS-I-D	JAKPPB010000005_5	718	626	0.018	10.3	3975	6128	JAKPPB010000005	5	0.20055710306406685	0.22523961661341854	1
Cas3_0_CAS-I-D	JAKPPB010000031_2	898	626	6.1e-07	25.1	411	3104	JAKPPB010000031	2	0.16926503340757237	0.23482428115015974	1
Cas3_0_CAS-I-D	JAKPPB010000034_10	1112	626	0.0072	11.6	12287	15622	JAKPPB010000034	10	0.03327338129496403	0.05910543130990415	1
Cas3_0_CAS-I-D	JAKPPB010000041_27	715	626	6.4e-08	28.3	28631	30775	JAKPPB010000041	27	0.25314685314685315	0.268370607028754	-1
Cas3_0_CAS-I-D	JAKPPB010000044_40	752	626	6.2e-09	31.7	33003	35258	JAKPPB010000044	40	0.30319148936170215	0.36261980830670926	-1
Cas3_0_CAS-I-D	JAKPPB010000070_13	897	626	6e-07	25.1	14018	16708	JAKPPB010000070	13	0.13377926421404682	0.17252396166134185	-1
Cas3_0_CAS-I-D	JAKPPB010000080_14	751	626	3.5e-14	49.0	10839	13091	JAKPPB010000080	14	0.28761651131824234	0.3242811501597444	1
Cas3_0_CAS-I-U	JAKPPB010000031_2	898	843	1.6e-07	26.6	411	3104	JAKPPB010000031	2	0.051224944320712694	0.05219454329774614	1
Cas3_0_CAS-I-U	JAKPPB010000034_6	1193	843	0.0021	13.0	3960	7538	JAKPPB010000034	6	0.08801341156747695	0.11743772241992882	1
Cas3_0_CAS-I-U	JAKPPB010000041_27	715	843	0.001	14.0	28631	30775	JAKPPB010000041	27	0.07412587412587412	0.05931198102016608	-1
Cas3_0_CAS-I-U	JAKPPB010000080_14	751	843	1.3e-10	36.9	10839	13091	JAKPPB010000080	14	0.10652463382157124	0.09489916963226572	1
Cas3_0_I	JAKPPB010000005_5	718	358	7.7e-06	22.3	3975	6128	JAKPPB010000005	5	0.1309192200557103	0.2541899441340782	1
Cas3_0_I	JAKPPB010000031_2	898	358	1.6000000000000002e-65	218.6	411	3104	JAKPPB010000031	2	0.4064587973273942	0.9022346368715084	1
Cas3_0_I	JAKPPB010000034_6	1193	358	0.0023	14.1	3960	7538	JAKPPB010000034	6	0.1357921207041073	0.43575418994413406	1
Cas3_0_I	JAKPPB010000041_27	715	358	2e-16	57.1	28631	30775	JAKPPB010000041	27	0.33986013986013985	0.6843575418994413	-1
Cas3_0_I	JAKPPB010000057_5	745	358	1.7e-10	37.6	4104	6338	JAKPPB010000057	5	0.22550335570469798	0.4748603351955307	1
Cas3_0_I	JAKPPB010000070_13	897	358	1.3e-10	38.0	14018	16708	JAKPPB010000070	13	0.3255295429208473	0.8798882681564246	-1
Cas3_0_I	JAKPPB010000080_14	751	358	2.6e-72	240.9	10839	13091	JAKPPB010000080	14	0.4274300932090546	0.9497206703910615	1
Cas3_0_I	JAKPPB010000086_4	442	358	7.1e-11	38.8	3088	4413	JAKPPB010000086	4	0.5746606334841629	0.723463687150838	1
Cas3_0_I	JAKPPB010000091_1	537	358	3.7e-05	20.0	3	1613	JAKPPB010000091	1	0.1564245810055866	0.2430167597765363	-1
Cas3_0_ID	JAKPPB010000009_7	223	357	0.023	10.8	9132	9800	JAKPPB010000009	7	0.2556053811659193	0.16526610644257703	1
Cas3_0_ID	JAKPPB010000031_2	898	357	0.0096	12.1	411	3104	JAKPPB010000031	2	0.24498886414253898	0.6022408963585434	1
Cas3_0_ID	JAKPPB010000041_27	715	357	1.9e-08	30.8	28631	30775	JAKPPB010000041	27	0.26433566433566436	0.484593837535014	-1
Cas3_0_ID	JAKPPB010000044_40	752	357	1.1e-06	25.0	33003	35258	JAKPPB010000044	40	0.19547872340425532	0.41456582633053224	-1
Cas3_0_ID	JAKPPB010000070_13	897	357	5.3e-05	19.5	14018	16708	JAKPPB010000070	13	0.09810479375696766	0.23809523809523808	-1
Cas3_0_ID	JAKPPB010000080_14	751	357	2.2e-09	34.0	10839	13091	JAKPPB010000080	14	0.3488681757656458	0.7759103641456583	1
Cas3_0_ID	JAKPPB010000086_4	442	357	6.4e-06	22.5	3088	4413	JAKPPB010000086	4	0.36425339366515835	0.41456582633053224	1
Cas3_0_IU	JAKPPB010000031_2	898	864	1.2e-07	27.2	411	3104	JAKPPB010000031	2	0.04899777282850779	0.04861111111111111	1
Cas3_0_IU	JAKPPB010000034_6	1193	864	0.0021	13.1	3960	7538	JAKPPB010000034	6	0.04610226320201174	0.06018518518518518	1
Cas3_0_IU	JAKPPB010000041_27	715	864	1.5e-05	20.2	28631	30775	JAKPPB010000041	27	0.08391608391608392	0.06481481481481481	-1
Cas3_0_IU	JAKPPB010000057_5	745	864	0.00032	15.8	4104	6338	JAKPPB010000057	5	0.22416107382550335	0.20601851851851852	1
Cas3_0_IU	JAKPPB010000080_14	751	864	2.6e-12	42.6	10839	13091	JAKPPB010000080	14	0.118508655126498	0.10300925925925926	1
Cas3_1_CAS-I	JAKPPB010000005_5	718	745	0.002	13.6	3975	6128	JAKPPB010000005	5	0.12116991643454039	0.11946308724832215	1
Cas3_1_CAS-I	JAKPPB010000028_89	644	745	0.00037	16.0	91139	93070	JAKPPB010000028	89	0.2127329192546584	0.18389261744966443	-1
Cas3_1_CAS-I	JAKPPB010000031_2	898	745	1.2e-67	226.0	411	3104	JAKPPB010000031	2	0.5189309576837416	0.5798657718120805	1
Cas3_1_CAS-I	JAKPPB010000041_27	715	745	2.4e-18	62.9	28631	30775	JAKPPB010000041	27	0.22097902097902097	0.21476510067114093	-1
Cas3_1_CAS-I	JAKPPB010000044_40	752	745	0.0014	14.1	33003	35258	JAKPPB010000044	40	0.11170212765957446	0.12348993288590604	-1
Cas3_1_CAS-I	JAKPPB010000070_13	897	745	4.1e-08	29.1	14018	16708	JAKPPB010000070	13	0.1716833890746934	0.22550335570469798	-1
Cas3_1_CAS-I	JAKPPB010000080_14	751	745	2.3e-75	251.4	10839	13091	JAKPPB010000080	14	0.42609853528628494	0.46174496644295304	1
Cas3_1_CAS-I	JAKPPB010000086_4	442	745	9.1e-05	18.0	3088	4413	JAKPPB010000086	4	0.40497737556561086	0.25771812080536916	1
Cas3_1_CAS-I	JAKPPB010000091_1	537	745	0.00024	16.6	3	1613	JAKPPB010000091	1	0.13221601489757914	0.10201342281879194	-1
Cas3_1_CAS-I-D	JAKPPB010000031_2	898	353	0.016	11.4	411	3104	JAKPPB010000031	2	0.11024498886414254	0.29461756373937675	1
Cas3_1_CAS-I-D	JAKPPB010000041_27	715	353	2.2e-08	30.6	28631	30775	JAKPPB010000041	27	0.23916083916083916	0.4447592067988669	-1
Cas3_1_CAS-I-D	JAKPPB010000044_40	752	353	2.7e-06	23.8	33003	35258	JAKPPB010000044	40	0.1196808510638298	0.24362606232294617	-1
Cas3_1_CAS-I-D	JAKPPB010000057_5	745	353	0.00035	16.8	4104	6338	JAKPPB010000057	5	0.40134228187919463	0.7252124645892352	1
Cas3_1_CAS-I-D	JAKPPB010000070_13	897	353	9.1e-06	22.0	14018	16708	JAKPPB010000070	13	0.12597547380156077	0.29178470254957506	-1
Cas3_1_CAS-I-D	JAKPPB010000080_14	751	353	1.2e-09	34.8	10839	13091	JAKPPB010000080	14	0.22769640479360853	0.4730878186968839	1
Cas3_1_CAS-I-D	JAKPPB010000086_4	442	353	2e-06	24.2	3088	4413	JAKPPB010000086	4	0.38461538461538464	0.4447592067988669	1
Cas3_1_I	JAKPPB010000031_2	898	178	8.7e-24	81.6	411	3104	JAKPPB010000031	2	0.22494432071269488	1.0	1
Cas3_1_I	JAKPPB010000080_14	751	178	3.1e-12	44.0	10839	13091	JAKPPB010000080	14	0.3009320905459387	0.9325842696629213	1
Cas3_1_I	JAKPPB010000101_21	593	178	0.015	12.4	19681	21459	JAKPPB010000101	21	0.07082630691399663	0.2247191011235955	-1
Cas3_2_CAS-I	JAKPPB010000041_27	715	967	2.1e-11	39.7	28631	30775	JAKPPB010000041	27	0.25034965034965034	0.17993795243019647	-1
Cas3_2_CAS-I	JAKPPB010000044_40	752	967	4.8e-20	68.3	33003	35258	JAKPPB010000044	40	0.3151595744680851	0.2450879007238883	-1
Cas3_2_CAS-I	JAKPPB010000070_13	897	967	2.6e-06	22.9	14018	16708	JAKPPB010000070	13	0.2329988851727982	0.2140641158221303	-1
Cas3_2_CAS-I	JAKPPB010000080_14	751	967	1.4e-05	20.4	10839	13091	JAKPPB010000080	14	0.13315579227696406	0.10341261633919338	1
Cas3_2_CAS-I	JAKPPB010000086_4	442	967	4.3e-07	25.5	3088	4413	JAKPPB010000086	4	0.43891402714932126	0.19441571871768357	1
Cas3d_0_CAS-I-D	JAKPPB010000041_27	715	639	0.00016	17.3	28631	30775	JAKPPB010000041	27	0.16083916083916083	0.17214397496087636	-1
Cas3d_0_CAS-I-D	JAKPPB010000044_40	752	639	3.5e-07	26.1	33003	35258	JAKPPB010000044	40	0.2526595744680851	0.2863849765258216	-1
Cas3d_0_CAS-I-D	JAKPPB010000080_14	751	639	0.00073	15.1	10839	13091	JAKPPB010000080	14	0.17842876165113183	0.20657276995305165	1
Cas3d_1_CAS-I-D	JAKPPB010000041_27	715	627	9e-05	18.0	28631	30775	JAKPPB010000041	27	0.13706293706293707	0.1419457735247209	-1
Cas3d_1_CAS-I-D	JAKPPB010000044_40	752	627	0.00046	15.6	33003	35258	JAKPPB010000044	40	0.2526595744680851	0.3062200956937799	-1
Cas3d_1_CAS-I-D	JAKPPB010000057_5	745	627	0.01	11.2	4104	6338	JAKPPB010000057	5	0.1342281879194631	0.14992025518341306	1
Cas4_0_CAS-I-II-III-IV-V-VI	JAKPPB010000080_18	197	179	6.3e-39	131.1	15049	15639	JAKPPB010000080	18	0.9593908629441624	1.0	1
Cas4_0_CAS-I-II-III-IV-V-VI	JAKPPB010000106_3	232	179	2.6e-06	24.8	2869	3564	JAKPPB010000106	3	0.521551724137931	0.6871508379888268	1
Cas4_0_I-II	JAKPPB010000080_18	197	180	1.8999999999999998e-39	132.4	15049	15639	JAKPPB010000080	18	0.9593908629441624	0.9944444444444445	1
Cas4_0_I-II	JAKPPB010000106_3	232	180	2.7e-07	27.7	2869	3564	JAKPPB010000106	3	0.6422413793103449	0.8333333333333334	1
Cas4_0_I-II-V	JAKPPB010000080_18	197	177	5.6e-36	121.3	15049	15639	JAKPPB010000080	18	0.9593908629441624	1.0	1
Cas4_0_I-II-V	JAKPPB010000106_3	232	177	0.00043	17.5	2869	3564	JAKPPB010000106	3	0.5172413793103449	0.6779661016949152	1
Cas4_3_CAS-I-II-III-IV-V-VI	JAKPPB010000080_18	197	197	4.8e-15	53.2	15049	15639	JAKPPB010000080	18	0.9593908629441624	0.9086294416243654	1
Cas4_3_CAS-I-II-III-IV-V-VI	JAKPPB010000106_3	232	197	0.00025	18.2	2869	3564	JAKPPB010000106	3	0.5603448275862069	0.6649746192893401	1
Cas4_5_CAS-I-II-III-IV-V-VI	JAKPPB010000080_18	197	161	6.7e-13	46.2	15049	15639	JAKPPB010000080	18	0.949238578680203	0.9875776397515528	1
Cas5_0_CAS-I	JAKPPB010000031_6	249	201	7.2e-29	98.1	6409	7155	JAKPPB010000031	6	0.6867469879518072	0.7910447761194029	1
Cas5_0_CAS-I	JAKPPB010000080_13	247	201	3e-14	50.3	10102	10842	JAKPPB010000080	13	0.582995951417004	0.7014925373134329	1
Cas5_0_CAS-I-A	JAKPPB010000080_13	247	179	0.027	11.5	10102	10842	JAKPPB010000080	13	0.10526315789473684	0.1452513966480447	1
Cas5_0_CAS-I-B	JAKPPB010000080_13	247	221	1e-18	64.7	10102	10842	JAKPPB010000080	13	0.7773279352226721	0.6832579185520362	1
Cas5_0_CAS-I-E	JAKPPB010000031_6	249	182	1.1e-44	149.5	6409	7155	JAKPPB010000031	6	0.714859437751004	0.9395604395604396	1
Cas5_0_CAS-I-E	JAKPPB010000080_13	247	182	3.1e-10	37.2	10102	10842	JAKPPB010000080	13	0.5141700404858299	0.7362637362637363	1
Cas5_0_I	JAKPPB010000031_6	249	43	8.7e-09	32.1	6409	7155	JAKPPB010000031	6	0.1646586345381526	0.9534883720930233	1
Cas5_0_I	JAKPPB010000080_13	247	43	9.2e-12	41.7	10102	10842	JAKPPB010000080	13	0.1417004048582996	0.813953488372093	1
Cas5_0_IB	JAKPPB010000080_13	247	217	1.1e-16	58.2	10102	10842	JAKPPB010000080	13	0.6558704453441295	0.663594470046083	1
Cas5_0_IE	JAKPPB010000031_6	249	230	4e-47	157.9	6409	7155	JAKPPB010000031	6	0.927710843373494	0.9739130434782609	1
Cas5_0_IE	JAKPPB010000080_13	247	230	7e-09	32.8	10102	10842	JAKPPB010000080	13	0.47368421052631576	0.5478260869565217	1
Cas5_10_CAS-I-B	JAKPPB010000031_6	249	238	3.7e-05	20.3	6409	7155	JAKPPB010000031	6	0.30120481927710846	0.31512605042016806	1
Cas5_10_CAS-I-B	JAKPPB010000080_13	247	238	0.0002	17.9	10102	10842	JAKPPB010000080	13	0.2550607287449393	0.2605042016806723	1
Cas5_1_CAS-I	JAKPPB010000080_13	247	241	2.2e-09	34.4	10102	10842	JAKPPB010000080	13	0.23076923076923078	0.23236514522821577	1
Cas5_1_CAS-I-A	JAKPPB010000080_13	247	192	0.028	11.1	10102	10842	JAKPPB010000080	13	0.09716599190283401	0.125	1
Cas5_1_CAS-I-E	JAKPPB010000031_6	249	180	3.8e-43	144.5	6409	7155	JAKPPB010000031	6	0.7108433734939759	0.9444444444444444	1
Cas5_1_CAS-I-E	JAKPPB010000080_13	247	180	2.1e-10	37.8	10102	10842	JAKPPB010000080	13	0.5182186234817814	0.7444444444444445	1
Cas5_1_IB	JAKPPB010000080_13	247	241	4.2e-11	40.1	10102	10842	JAKPPB010000080	13	0.5708502024291497	0.5767634854771784	1
Cas5_2_CAS-I	JAKPPB010000031_6	249	213	1.2000000000000001e-30	104.1	6409	7155	JAKPPB010000031	6	0.9196787148594378	0.9765258215962441	1
Cas5_2_CAS-I	JAKPPB010000080_13	247	213	5.8e-14	49.6	10102	10842	JAKPPB010000080	13	0.6032388663967612	0.7089201877934272	1
Cas5_2_CAS-I-B	JAKPPB010000080_13	247	194	6.9e-17	59.2	10102	10842	JAKPPB010000080	13	0.6518218623481782	0.8350515463917526	1
Cas5_3_CAS-I-B	JAKPPB010000080_13	247	174	3.3e-05	20.9	10102	10842	JAKPPB010000080	13	0.1659919028340081	0.23563218390804597	1
Cas5_4_CAS-I-B	JAKPPB010000080_13	247	190	1.1e-08	32.0	10102	10842	JAKPPB010000080	13	0.1659919028340081	0.21578947368421053	1
Cas5_7_CAS-I-B	JAKPPB010000080_13	247	239	2.8e-11	40.6	10102	10842	JAKPPB010000080	13	0.5910931174089069	0.602510460251046	1
Cas6_0_I-III	JAKPPB010000080_15	226	200	0.013	13.0	13088	13765	JAKPPB010000080	15	0.6017699115044248	0.725	1
Cas6_0_IE	JAKPPB010000031_7	232	208	1.8e-45	152.9	7160	7855	JAKPPB010000031	7	0.9913793103448276	0.9951923076923077	1
Cas6_0_IVA3	JAKPPB010000031_7	232	189	1.1e-09	35.4	7160	7855	JAKPPB010000031	7	0.4353448275862069	0.5238095238095238	1
Cas6_10_CAS-I-II-III-IV-V-VI	JAKPPB010000101_6	219	322	0.03	10.6	5324	5980	JAKPPB010000101	6	0.1050228310502283	0.07142857142857142	-1
Cas6_1_IVE	JAKPPB010000080_15	226	247	0.0023	14.6	13088	13765	JAKPPB010000080	15	0.28761061946902655	0.2591093117408907	1
Cas6_2_IVA1	JAKPPB010000080_15	226	244	0.0093	12.5	13088	13765	JAKPPB010000080	15	0.37610619469026546	0.3729508196721312	1
Cas6_5_CAS-I-II-III-IV-V-VI	JAKPPB010000080_15	226	219	7.3e-78	258.2	13088	13765	JAKPPB010000080	15	0.9557522123893806	0.9863013698630136	1
Cas6_5_IV	JAKPPB010000031_7	232	188	6.6e-09	32.9	7160	7855	JAKPPB010000031	7	0.19827586206896552	0.25	1
Cas6e_0_CAS-I-II-III-IV-V-VI	JAKPPB010000031_7	232	210	9.999999999999999e-43	143.6	7160	7855	JAKPPB010000031	7	0.9913793103448276	0.9952380952380953	1
Cas6e_1_CAS-I-II-III-IV-V-VI	JAKPPB010000031_7	232	212	3.7e-50	168.0	7160	7855	JAKPPB010000031	7	0.9913793103448276	1.0	1
Cas6e_2_CAS-I-II-III-IV-V-VI	JAKPPB010000031_7	232	202	5.0999999999999995e-53	177.5	7160	7855	JAKPPB010000031	7	0.9870689655172413	1.0	1
Cas7_0_CAS-I	JAKPPB010000080_12	296	230	4.8999999999999995e-49	163.7	9203	10090	JAKPPB010000080	12	0.7297297297297297	0.9956521739130435	1
Cas7_0_CAS-I-B	JAKPPB010000080_12	296	306	3.4e-71	237.1	9203	10090	JAKPPB010000080	12	0.8817567567567568	0.8986928104575164	1
Cas7_0_CAS-I-E	JAKPPB010000031_5	364	325	3.4e-98	326.6	5315	6406	JAKPPB010000031	5	0.9148351648351648	1.0	1
Cas7_0_I	JAKPPB010000080_12	296	240	1e-48	162.6	9203	10090	JAKPPB010000080	12	0.75	0.9916666666666667	1
Cas7_0_IA	JAKPPB010000080_12	296	284	0.012	12.0	9203	10090	JAKPPB010000080	12	0.38175675675675674	0.4295774647887324	1
Cas7_0_IE	JAKPPB010000031_5	364	325	2.2e-98	327.2	5315	6406	JAKPPB010000031	5	0.9148351648351648	1.0	1
Cas7_1_CAS-I	JAKPPB010000080_12	296	274	0.0027	14.1	9203	10090	JAKPPB010000080	12	0.3108108108108108	0.38321167883211676	1
Cas7_1_CAS-I-E	JAKPPB010000031_5	364	359	2.2e-97	323.8	5315	6406	JAKPPB010000031	5	0.9395604395604396	0.9303621169916435	1
Cas7_1_CAS-I-E	JAKPPB010000080_12	296	359	0.018	11.6	9203	10090	JAKPPB010000080	12	0.3344594594594595	0.24233983286908078	1
Cas7_1_IB	JAKPPB010000080_12	296	321	1.6e-67	224.9	9203	10090	JAKPPB010000080	12	0.8445945945945946	0.8722741433021807	1
Cas7_1_IC	JAKPPB010000080_12	296	292	0.0033	13.9	9203	10090	JAKPPB010000080	12	0.36486486486486486	0.339041095890411	1
Cas7_2_CAS-I	JAKPPB010000080_12	296	338	2.3e-20	70.2	9203	10090	JAKPPB010000080	12	0.831081081081081	0.8254437869822485	1
Cas7_3_CAS-I	JAKPPB010000080_12	296	265	8.2e-21	71.3	9203	10090	JAKPPB010000080	12	0.7331081081081081	0.9320754716981132	1
Cas7_3_CAS-I-B	JAKPPB010000080_12	296	351	0.0071	12.7	9203	10090	JAKPPB010000080	12	0.20608108108108109	0.1623931623931624	1
Cas7b_0_CAS-I-B	JAKPPB010000080_12	296	292	0.0038	13.7	9203	10090	JAKPPB010000080	12	0.36486486486486486	0.339041095890411	1
Cas8a1_0_IB	JAKPPB010000033_34	114	308	0.0089	12.5	28675	29016	JAKPPB010000033	34	0.6754385964912281	0.2532467532467532	1
Cas8b1_11_CAS-I-B	JAKPPB010000080_11	557	503	1.4e-37	126.6	7518	9188	JAKPPB010000080	11	0.9802513464991023	0.9542743538767395	1
Cas8b2_4_CAS-I-B	JAKPPB010000020_5	129	65	0.71	7.3	4521	4907	JAKPPB010000020	5	0.24806201550387597	0.2923076923076923	-1
Cas8b2_4_CAS-I-B	JAKPPB010000080_11	557	65	0.00028	18.3	7518	9188	JAKPPB010000080	11	0.1059245960502693	0.9076923076923077	1
Cas8b2_8_CAS-I-B	JAKPPB010000020_5	129	70	0.14	9.6	4521	4907	JAKPPB010000020	5	0.2713178294573643	0.8285714285714286	-1
Cas8b2_8_CAS-I-B	JAKPPB010000080_11	557	70	0.0032	14.9	7518	9188	JAKPPB010000080	11	0.1059245960502693	0.9285714285714286	1
Cas8b8_0_CAS-I-B	JAKPPB010000080_11	557	594	4.8e-15	52.0	7518	9188	JAKPPB010000080	11	0.9569120287253142	0.9730639730639731	1
Cas8e_0_CAS-I-E	JAKPPB010000031_3	533	470	1.5e-67	225.8	3208	4806	JAKPPB010000031	3	0.9512195121951219	0.9553191489361702	1
Cas8e_1_CAS-I-E	JAKPPB010000031_3	533	474	1.2e-93	311.9	3208	4806	JAKPPB010000031	3	0.9061913696060038	0.9704641350210971	1
Cas8e_4_CAS-I-E	JAKPPB010000031_3	533	465	2.1e-87	291.1	3208	4806	JAKPPB010000031	3	0.900562851782364	0.9870967741935484	1
Cas8u2_2_CAS-I-U	JAKPPB010000038_67	672	310	0.00013	18.2	58960	60975	JAKPPB010000038	67	0.16220238095238096	0.12903225806451613	-1
CasR_0_CAS-I-II-III-IV-V-VI	JAKPPB010000013_11	135	198	0.0022	14.8	17757	18161	JAKPPB010000013	11	0.2518518518518518	0.17676767676767677	-1
CasR_0_CAS-I-II-III-IV-V-VI	JAKPPB010000018_7	130	198	0.0055	13.4	4207	4596	JAKPPB010000018	7	0.35384615384615387	0.24242424242424243	-1
CasR_0_CAS-I-II-III-IV-V-VI	JAKPPB010000034_17	102	198	1.9e-06	24.7	21879	22184	JAKPPB010000034	17	0.49019607843137253	0.2474747474747475	-1
CasR_0_CAS-I-II-III-IV-V-VI	JAKPPB010000041_14	270	198	0.0034	14.1	13111	13920	JAKPPB010000041	14	0.21851851851851853	0.29797979797979796	-1
CasR_0_CAS-I-II-III-IV-V-VI	JAKPPB010000044_10	222	198	0.0038	14.0	8175	8840	JAKPPB010000044	10	0.14864864864864866	0.16666666666666666	1
CasR_0_CAS-I-II-III-IV-V-VI	JAKPPB010000048_14	341	198	5.3e-05	20.0	8137	9159	JAKPPB010000048	14	0.12316715542521994	0.20707070707070707	1
CasR_0_CAS-I-II-III-IV-V-VI	JAKPPB010000062_12	237	198	1.3e-08	31.8	9064	9774	JAKPPB010000062	12	0.8734177215189873	0.9444444444444444	1
CasR_0_CAS-I-II-III-IV-V-VI	JAKPPB010000063_160	97	198	0.025	11.3	146209	146499	JAKPPB010000063	160	0.5051546391752577	0.2474747474747475	1
CasR_0_CAS-I-II-III-IV-V-VI	JAKPPB010000063_81	283	198	0.0028	14.4	82244	83092	JAKPPB010000063	81	0.2756183745583039	0.3838383838383838	1
CasR_0_CAS-I-II-III-IV-V-VI	JAKPPB010000071_44	264	198	4.3e-05	20.3	41235	42026	JAKPPB010000071	44	0.22348484848484848	0.30303030303030304	1
CasR_0_CAS-I-II-III-IV-V-VI	JAKPPB010000101_17	144	198	4.9e-06	23.4	16626	17057	JAKPPB010000101	17	0.3541666666666667	0.25252525252525254	1
CasR_0_CAS-I-II-III-IV-V-VI	JAKPPB010000109_15	114	198	0.0098	12.6	12720	13061	JAKPPB010000109	15	0.3157894736842105	0.18181818181818182	-1
CasR_0_CAS-I-II-III-IV-V-VI	JAKPPB010000109_23	405	198	0.024	11.3	20547	21761	JAKPPB010000109	23	0.20987654320987653	0.2828282828282828	1
CasR_0_CAS-III-A	JAKPPB010000089_17	161	398	0.0053	12.7	14099	14581	JAKPPB010000089	17	0.6770186335403726	0.2814070351758794	1
CasR_0_CAS-III-B	JAKPPB010000028_46	639	480	0.0023	13.8	43509	45425	JAKPPB010000028	46	0.10485133020344288	0.12708333333333333	-1
CasR_1_CAS-I-II-III-IV-V-VI	JAKPPB010000013_11	135	218	0.00032	17.0	17757	18161	JAKPPB010000013	11	0.28888888888888886	0.1834862385321101	-1
CasR_1_CAS-I-II-III-IV-V-VI	JAKPPB010000018_7	130	218	0.0023	14.2	4207	4596	JAKPPB010000018	7	0.34615384615384615	0.21559633027522937	-1
CasR_1_CAS-I-II-III-IV-V-VI	JAKPPB010000034_17	102	218	1.5e-07	27.9	21879	22184	JAKPPB010000034	17	0.5490196078431373	0.25688073394495414	-1
CasR_1_CAS-I-II-III-IV-V-VI	JAKPPB010000038_24	275	218	0.0032	13.8	26439	27263	JAKPPB010000038	24	0.21454545454545454	0.2889908256880734	1
CasR_1_CAS-I-II-III-IV-V-VI	JAKPPB010000039_2	415	218	0.031	10.5	831	2075	JAKPPB010000039	2	0.06506024096385542	0.12844036697247707	-1
CasR_1_CAS-I-II-III-IV-V-VI	JAKPPB010000041_14	270	218	0.002	14.4	13111	13920	JAKPPB010000041	14	0.23703703703703705	0.2981651376146789	-1
CasR_1_CAS-I-II-III-IV-V-VI	JAKPPB010000044_10	222	218	0.012	11.9	8175	8840	JAKPPB010000044	10	0.13963963963963963	0.14220183486238533	1
CasR_1_CAS-I-II-III-IV-V-VI	JAKPPB010000048_14	341	218	0.00055	16.3	8137	9159	JAKPPB010000048	14	0.12316715542521994	0.18807339449541285	1
CasR_1_CAS-I-II-III-IV-V-VI	JAKPPB010000062_12	237	218	1e-10	38.3	9064	9774	JAKPPB010000062	12	0.8607594936708861	0.8623853211009175	1
CasR_1_CAS-I-II-III-IV-V-VI	JAKPPB010000063_160	97	218	0.01	12.1	146209	146499	JAKPPB010000063	160	0.5670103092783505	0.25229357798165136	1
CasR_1_CAS-I-II-III-IV-V-VI	JAKPPB010000063_81	283	218	0.0031	13.8	82244	83092	JAKPPB010000063	81	0.16607773851590105	0.21559633027522937	1
CasR_1_CAS-I-II-III-IV-V-VI	JAKPPB010000071_44	264	218	1.7e-06	24.4	41235	42026	JAKPPB010000071	44	0.21212121212121213	0.26146788990825687	1
CasR_1_CAS-I-II-III-IV-V-VI	JAKPPB010000101_17	144	218	0.00026	17.3	16626	17057	JAKPPB010000101	17	0.3611111111111111	0.23394495412844038	1
CasR_1_CAS-I-II-III-IV-V-VI	JAKPPB010000109_15	114	218	0.011	12.0	12720	13061	JAKPPB010000109	15	0.3333333333333333	0.1743119266055046	-1
CasR_1_CAS-I-II-III-IV-V-VI	JAKPPB010000109_23	405	218	0.0018	14.5	20547	21761	JAKPPB010000109	23	0.24938271604938272	0.2889908256880734	1
CasR_1_CAS-I-II-III-IV-V-VI	JAKPPB010000123_7	269	218	0.0049	13.2	7100	7906	JAKPPB010000123	7	0.1895910780669145	0.23853211009174313	1
CorA_0_CAS-III-B-III-D	JAKPPB010000038_29	126	551	0.22	7.2	30614	30991	JAKPPB010000038	29	0.5714285714285714	0.1161524500907441	-1
CorA_0_CAS-III-B-III-D	JAKPPB010000050_22	311	551	0.00067	15.6	19958	20890	JAKPPB010000050	22	0.29260450160771706	0.1560798548094374	1
CorA_0_CAS-III-B-III-D	JAKPPB010000063_11	353	551	2.1e-06	23.9	10886	11944	JAKPPB010000063	11	0.26912181303116145	0.147005444646098	1
Csa3_1_CAS-I-II-III-IV-V-VI	JAKPPB010000013_11	135	118	2.2e-05	21.9	17757	18161	JAKPPB010000013	11	0.5555555555555556	0.6779661016949152	-1
Csa3_1_CAS-I-II-III-IV-V-VI	JAKPPB010000013_23	174	118	1.1e-09	35.8	26702	27223	JAKPPB010000013	23	0.40804597701149425	0.7203389830508474	-1
Csa3_1_CAS-I-II-III-IV-V-VI	JAKPPB010000018_7	130	118	5.1e-22	75.5	4207	4596	JAKPPB010000018	7	0.5461538461538461	0.6694915254237288	-1
Csa3_1_CAS-I-II-III-IV-V-VI	JAKPPB010000020_69	54	118	0.02	12.4	56182	56343	JAKPPB010000020	69	0.5370370370370371	0.2711864406779661	1
Csa3_1_CAS-I-II-III-IV-V-VI	JAKPPB010000031_1	106	118	9.3e-05	19.9	2	319	JAKPPB010000031	1	0.4056603773584906	0.3305084745762712	1
Csa3_1_CAS-I-II-III-IV-V-VI	JAKPPB010000033_7	206	118	9.8e-10	36.0	5454	6071	JAKPPB010000033	7	0.7233009708737864	0.7203389830508474	-1
Csa3_1_CAS-I-II-III-IV-V-VI	JAKPPB010000034_17	102	118	0.0017	15.9	21879	22184	JAKPPB010000034	17	0.5	0.4576271186440678	-1
Csa3_1_CAS-I-II-III-IV-V-VI	JAKPPB010000041_14	270	118	0.0084	13.6	13111	13920	JAKPPB010000041	14	0.337037037037037	0.8305084745762712	-1
Csa3_1_CAS-I-II-III-IV-V-VI	JAKPPB010000062_12	237	118	2.9e-05	21.5	9064	9774	JAKPPB010000062	12	0.19831223628691982	0.3305084745762712	1
Csa3_1_CAS-I-II-III-IV-V-VI	JAKPPB010000063_150	213	118	5e-08	30.5	136150	136788	JAKPPB010000063	150	0.3615023474178404	0.6610169491525424	-1
Csa3_1_CAS-I-II-III-IV-V-VI	JAKPPB010000063_163	171	118	0.002	15.6	148097	148609	JAKPPB010000063	163	0.4853801169590643	0.6610169491525424	1
Csa3_1_CAS-I-II-III-IV-V-VI	JAKPPB010000071_44	264	118	2.6e-06	24.9	41235	42026	JAKPPB010000071	44	0.22348484848484848	0.559322033898305	1
Csa3_1_CAS-I-II-III-IV-V-VI	JAKPPB010000109_23	405	118	4.6e-07	27.3	20547	21761	JAKPPB010000109	23	0.3012345679012346	0.6016949152542372	1
Csa3_1_CAS-I-II-III-IV-V-VI	JAKPPB010000123_37	258	118	5.7e-06	23.8	31636	32409	JAKPPB010000123	37	0.2441860465116279	0.5677966101694916	-1
Csa3_1_CAS-I-II-III-IV-V-VI	JAKPPB010000123_38	91	118	0.0034	14.9	32625	32897	JAKPPB010000123	38	0.6043956043956044	0.4915254237288136	1
Csa3_1_CAS-I-II-III-IV-V-VI	JAKPPB010000123_7	269	118	5.6e-08	30.3	7100	7906	JAKPPB010000123	7	0.2342007434944238	0.5932203389830508	1
Csa5gr11_1_CAS-I-A	JAKPPB010000083_36	413	100	0.036	11.4	33460	34698	JAKPPB010000083	36	0.14527845036319612	0.6	1
Cse1_0_IE	JAKPPB010000031_3	533	504	4.7e-68	227.3	3208	4806	JAKPPB010000031	3	0.9080675422138836	0.9146825396825397	1
Cse2_0_IE	JAKPPB010000031_4	167	159	5.8e-20	69.3	4803	5303	JAKPPB010000031	4	0.8562874251497006	0.9874213836477987	1
Cse2gr11_0_CAS-I-E	JAKPPB010000031_4	167	160	2.6e-17	60.7	4803	5303	JAKPPB010000031	4	0.8682634730538922	0.99375	1
Cse2gr11_1_CAS-I-E	JAKPPB010000031_4	167	143	3.9000000000000004e-28	95.6	4803	5303	JAKPPB010000031	4	0.7964071856287425	1.0	1
Cse2gr11_4_CAS-I-E	JAKPPB010000031_4	167	181	0.0014	15.7	4803	5303	JAKPPB010000031	4	0.3712574850299401	0.3425414364640884	1
Cse2gr11_5_CAS-I-E	JAKPPB010000031_4	167	199	0.02	11.6	4803	5303	JAKPPB010000031	4	0.3532934131736527	0.35175879396984927	1
Cse2gr11_5_CAS-I-E	JAKPPB010000110_36	427	199	0.082	9.6	25985	27265	JAKPPB010000110	36	0.2459016393442623	0.5125628140703518	-1
Cse2gr11_7_CAS-I-E	JAKPPB010000031_4	167	144	6.8e-18	62.5	4803	5303	JAKPPB010000031	4	0.7724550898203593	0.9930555555555556	1
Cse2gr11_7_CAS-I-E	JAKPPB010000110_36	427	144	1.1	6.8	25985	27265	JAKPPB010000110	36	0.3372365339578454	0.7083333333333334	-1
Csf1_0_IV	JAKPPB010000074_1	96	227	0.1	9.2	371	658	JAKPPB010000074	1	0.3229166666666667	0.09691629955947137	1
Csf4_0_IVA	JAKPPB010000083_47	668	666	2.2e-10	36.8	42969	44972	JAKPPB010000083	47	0.5059880239520959	0.5015015015015015	1
Csf4_0_IVA	JAKPPB010000086_4	442	666	0.0097	11.6	3088	4413	JAKPPB010000086	4	0.10180995475113122	0.06606606606606606	1
Csf4_1_IVA1	JAKPPB010000083_47	668	802	4.9e-05	18.7	42969	44972	JAKPPB010000083	47	0.5359281437125748	0.4339152119700748	1
Csm2gr11_2_CAS-III-D	JAKPPB010000041_58	214	145	0.0029	14.9	55456	56097	JAKPPB010000041	58	0.18691588785046728	0.27586206896551724	1
Csm3gr7_11_CAS-III-A-III-D	JAKPPB010000028_27	406	216	0.013	12.0	24863	26080	JAKPPB010000028	27	0.2561576354679803	0.35185185185185186	-1
Csm6_2_CAS-III	JAKPPB010000062_12	237	184	0.00048	16.6	9064	9774	JAKPPB010000062	12	0.3291139240506329	0.375	1
Csm6_6_CAS-III	JAKPPB010000062_12	237	136	0.0021	15.1	9064	9774	JAKPPB010000062	12	0.25316455696202533	0.45588235294117646	1
Csm6_6_CAS-III	JAKPPB010000062_6	166	136	0.007	13.4	4127	4624	JAKPPB010000062	6	0.3132530120481928	0.375	-1
Csn2_7_CAS-II-A	JAKPPB010000033_56	479	372	0.00044	16.4	44146	45582	JAKPPB010000033	56	0.19206680584551147	0.24731182795698925	-1
Csn2_7_CAS-II-A	JAKPPB010000044_44	244	372	0.011	11.8	38600	39331	JAKPPB010000044	44	0.23770491803278687	0.1586021505376344	1
Csn2_7_CAS-II-A	JAKPPB010000057_13	278	372	0.007	12.4	13612	14445	JAKPPB010000057	13	0.29136690647482016	0.21774193548387097	-1
Csn2_7_CAS-II-A	JAKPPB010000063_35	360	372	0.0046	13.1	35562	36641	JAKPPB010000063	35	0.2833333333333333	0.27419354838709675	-1
Csx15_0_CAS-I-III	JAKPPB010000036_7	651	101	0.00033	17.5	5653	7605	JAKPPB010000036	7	0.10138248847926268	0.43564356435643564	1
Csx16_1_CAS-I-III	JAKPPB010000004_3	102	76	2.9e-07	27.7	539	844	JAKPPB010000004	3	0.5882352941176471	0.7763157894736842	1
Csx16_2_CAS-I-III	JAKPPB010000004_3	102	90	1.3e-21	73.8	539	844	JAKPPB010000004	3	0.8627450980392157	0.9444444444444444	1
Csx16_3_CAS-I-III	JAKPPB010000004_3	102	91	3.8e-23	78.6	539	844	JAKPPB010000004	3	0.8627450980392157	0.9340659340659341	1
Csx1_9_CAS-III	JAKPPB010000062_12	237	378	0.0064	12.5	9064	9774	JAKPPB010000062	12	0.510548523206751	0.31216931216931215	1
Csx1_9_CAS-III	JAKPPB010000062_6	166	378	0.0035	13.4	4127	4624	JAKPPB010000062	6	0.42771084337349397	0.17195767195767195	-1
Csx20_0_CAS-I-III	JAKPPB010000114_4	411	131	0.0043	14.3	2500	3732	JAKPPB010000114	4	0.15815085158150852	0.4961832061068702	1
Csx20_2_CAS-I-III	JAKPPB010000114_4	411	131	0.015	12.4	2500	3732	JAKPPB010000114	4	0.24574209245742093	0.5648854961832062	1
Csx3_2_CAS-I-III	JAKPPB010000020_81	426	277	0.0083	12.3	64860	66137	JAKPPB010000020	81	0.06103286384976526	0.09386281588447654	1
Csx3_2_CAS-I-III	JAKPPB010000028_46	639	277	0.0054	13.0	43509	45425	JAKPPB010000028	46	0.056338028169014086	0.1299638989169675	-1
Csx3_2_CAS-I-III	JAKPPB010000041_83	225	277	0.0076	12.5	77104	77778	JAKPPB010000041	83	0.21333333333333335	0.1624548736462094	-1
Csx3_2_CAS-I-III	JAKPPB010000063_28	188	277	0.0017	14.6	27913	28476	JAKPPB010000063	28	0.21808510638297873	0.1552346570397112	1
Csx3_2_CAS-I-III	JAKPPB010000063_55	319	277	0.0092	12.2	54560	55516	JAKPPB010000063	55	0.18808777429467086	0.22743682310469315	-1
Csx3_2_CAS-I-III	JAKPPB010000070_27	338	277	0.00065	16.0	34681	35694	JAKPPB010000070	27	0.1242603550295858	0.15162454873646208	1
Csx3_2_CAS-I-III	JAKPPB010000085_1	371	277	0.0044	13.2	479	1591	JAKPPB010000085	1	0.0646900269541779	0.08664259927797834	1
Csx3_2_CAS-I-III	JAKPPB010000106_35	388	277	0.0016	14.7	38798	39961	JAKPPB010000106	35	0.06958762886597938	0.09747292418772563	1
Csx3_2_CAS-I-III	JAKPPB010000109_19	868	277	0.018	11.2	15059	17662	JAKPPB010000109	19	0.04838709677419355	0.08303249097472924	-1
Csx3_2_CAS-I-III	JAKPPB010000128_2	204	277	0.0058	12.9	1936	2547	JAKPPB010000128	2	0.14215686274509803	0.10469314079422383	1
CysH_0_IVB	JAKPPB010000020_101	224	249	0.0021	14.9	83126	83797	JAKPPB010000020	101	0.15625	0.14056224899598393	1
CysH_0_IVB	JAKPPB010000063_135	470	249	6.7e-24	82.0	124840	126249	JAKPPB010000063	135	0.3851063829787234	0.714859437751004	1
CysH_0_IVB	JAKPPB010000063_46	306	249	0.015	12.1	47108	48025	JAKPPB010000063	46	0.16993464052287582	0.20883534136546184	1
CysH_0_IVB	JAKPPB010000111_52	307	249	0.00079	16.3	54164	55084	JAKPPB010000111	52	0.0749185667752443	0.09236947791164658	1
CysH_0_IVB	JAKPPB010000121_16	875	249	4.8e-14	49.7	14852	17476	JAKPPB010000121	16	0.19657142857142856	0.7108433734939759	1
DEDDh_0_CAS-I-II-III-IV-V-VI	JAKPPB010000044_41	357	160	3.4e-05	21.2	35261	36331	JAKPPB010000044	41	0.24929971988795518	0.53125	-1
HEAT_CxxC_PDDEXK_0_CAS-I-C	JAKPPB010000020_64	176	288	1.3e-06	24.9	53220	53747	JAKPPB010000020	64	0.625	0.2638888888888889	1
HEAT_CxxC_PDDEXK_0_CAS-I-C	JAKPPB010000028_10	320	288	0.0016	14.7	10547	11506	JAKPPB010000028	10	0.328125	0.2569444444444444	1
HEAT_CxxC_PDDEXK_0_CAS-I-C	JAKPPB010000028_9	322	288	0.00036	16.8	9545	10510	JAKPPB010000028	9	0.40993788819875776	0.2569444444444444	1
HEAT_CxxC_PDDEXK_0_CAS-I-C	JAKPPB010000058_1	123	288	0.011	12.0	159	527	JAKPPB010000058	1	0.6097560975609756	0.2708333333333333	-1
HEAT_CxxC_PDDEXK_0_CAS-I-C	JAKPPB010000077_11	421	288	1.1e-10	38.3	13051	14313	JAKPPB010000077	11	0.66270783847981	0.3993055555555556	1
HEAT_CxxC_PDDEXK_0_CAS-I-C	JAKPPB010000077_2	170	288	0.00018	17.8	4288	4797	JAKPPB010000077	2	0.611764705882353	0.2326388888888889	-1
HEAT_CxxC_PDDEXK_0_CAS-I-C	JAKPPB010000077_5	414	288	4e-05	20.0	6427	7668	JAKPPB010000077	5	0.3502415458937198	0.2743055555555556	-1
HEAT_CxxC_PDDEXK_0_CAS-I-C	JAKPPB010000083_56	395	288	1e-08	31.8	49036	50220	JAKPPB010000083	56	0.4151898734177215	0.3194444444444444	1
HEAT_CxxC_PDDEXK_0_CAS-I-C	JAKPPB010000111_19	185	288	3.6e-06	23.4	23266	23820	JAKPPB010000111	19	0.5837837837837838	0.34375	-1
PD_DExK_0_CAS-I-II-III-IV-V-VI	JAKPPB010000106_29	267	159	0.0037	14.3	32477	33277	JAKPPB010000106	29	0.24344569288389514	0.42138364779874216	-1
PrimPol_1_CAS-I-II-III-IV-V-VI	JAKPPB010000122_3	823	130	0.0082	13.3	780	3248	JAKPPB010000122	3	0.06682867557715674	0.4076923076923077	1
RecD_0_IVD	JAKPPB010000003_37	252	763	0.00084	14.6	34512	35267	JAKPPB010000003	37	0.13095238095238096	0.04325032765399738	1
RecD_0_IVD	JAKPPB010000033_41	342	763	0.018	10.2	31386	32411	JAKPPB010000033	41	0.09941520467836257	0.04456094364351245	1
RecD_0_IVD	JAKPPB010000033_56	479	763	0.037	9.2	44146	45582	JAKPPB010000033	56	0.1022964509394572	0.04193971166448231	-1
ST_Kinase_0_CAS-I-C	JAKPPB010000111_45	148	164	0.23	8.4	45816	46259	JAKPPB010000111	45	0.5	0.20121951219512196	1
TPR_0_CAS-III-A	JAKPPB010000028_22	456	435	1.8e-05	21.0	20078	21445	JAKPPB010000028	22	0.21271929824561403	0.13793103448275862	-1
TPR_0_CAS-III-A	JAKPPB010000103_3	301	435	0.00068	15.8	1295	2197	JAKPPB010000103	3	0.40863787375415284	0.14942528735632185	-1
TPR_0_CAS-III-A	JAKPPB010000106_82	277	435	0.0049	13.0	80446	81276	JAKPPB010000106	82	0.555956678700361	0.21839080459770116	1
TPR_0_CAS-III-A	JAKPPB010000111_48	662	435	0.00015	18.0	48494	50479	JAKPPB010000111	48	0.4259818731117825	0.2850574712643678	1
TPR_0_CAS-III-B	JAKPPB010000106_85	214	488	0.0021	13.9	83398	84039	JAKPPB010000106	85	0.8084112149532711	0.29713114754098363	-1
TPR_1_CAS-III-A	JAKPPB010000063_168	1134	462	1.2e-16	57.5	151958	155359	JAKPPB010000063	168	0.3412698412698413	0.2510822510822511	1
TPR_1_CAS-III-A	JAKPPB010000086_9	332	462	5.4e-05	19.1	9887	10882	JAKPPB010000086	9	0.4819277108433735	0.21645021645021645	1
TPR_1_CAS-III-A	JAKPPB010000103_3	301	462	0.00085	15.2	1295	2197	JAKPPB010000103	3	0.2691029900332226	0.12554112554112554	-1
TPR_1_CAS-III-A	JAKPPB010000106_82	277	462	0.021	10.6	80446	81276	JAKPPB010000106	82	0.4007220216606498	0.13203463203463203	1
TPR_1_CAS-III-A	JAKPPB010000106_85	214	462	0.0063	12.3	83398	84039	JAKPPB010000106	85	0.6074766355140186	0.08874458874458875	-1
TPR_1_CAS-III-A	JAKPPB010000111_48	662	462	5.9e-07	25.6	48494	50479	JAKPPB010000111	48	0.5226586102719033	0.2554112554112554	1
TPR_1_CAS-III-B	JAKPPB010000020_110	277	537	0.00066	15.6	92753	93583	JAKPPB010000020	110	0.5018050541516246	0.260707635009311	-1
TPR_1_CAS-III-B	JAKPPB010000063_168	1134	537	2.9e-05	20.1	151958	155359	JAKPPB010000063	168	0.3977072310405644	0.409683426443203	1
TPR_1_CAS-III-B	JAKPPB010000086_9	332	537	1.8e-05	20.8	9887	10882	JAKPPB010000086	9	0.46987951807228917	0.2309124767225326	1
TPR_1_CAS-III-B	JAKPPB010000106_82	277	537	0.00029	16.8	80446	81276	JAKPPB010000106	82	0.8194945848375451	0.4450651769087523	1
TPR_1_CAS-III-B	JAKPPB010000106_85	214	537	0.0024	13.8	83398	84039	JAKPPB010000106	85	0.7289719626168224	0.3091247672253259	-1
TPR_1_CAS-III-B	JAKPPB010000111_48	662	537	1e-12	44.6	48494	50479	JAKPPB010000111	48	0.7522658610271903	0.4729981378026071	1
TPR_1_CAS-III-B	JAKPPB010000121_13	465	537	0.028	10.2	11156	12550	JAKPPB010000121	13	0.32688172043010755	0.27932960893854747	1
TniQ_0_V-K	JAKPPB010000024_1	133	184	0.0039	13.9	3	401	JAKPPB010000024	1	0.39849624060150374	0.28804347826086957	-1
Unk_03_0_CAS-III-B	JAKPPB010000112_2	238	186	0.011	12.9	879	1592	JAKPPB010000112	2	0.13445378151260504	0.17204301075268819	1
WYL_0_CAS-I-II-III-IV-V-VI	JAKPPB010000106_28	414	313	0.0014	15.3	31223	32464	JAKPPB010000106	28	0.0966183574879227	0.12460063897763578	1
WYL_0_CAS-I-II-III-IV-V-VI	JAKPPB010000111_4	973	313	0.0077	12.9	3855	6773	JAKPPB010000111	4	0.0842754367934224	0.25878594249201275	1
htpX_0_CAS-III-B	JAKPPB010000020_112	293	343	9.6e-16	54.9	96629	97507	JAKPPB010000020	112	0.6518771331058021	0.5510204081632653	-1
tm_4_0_CAS-VI-B	JAKPPB010000056_28	83	225	0.01	13.1	29665	29913	JAKPPB010000056	28	0.5301204819277109	0.19555555555555557	1
tm_4_0_CAS-VI-B	JAKPPB010000063_22	70	225	0.061	10.5	22805	23014	JAKPPB010000063	22	0.8714285714285714	0.27555555555555555	-1
