Contig	Start	End	Strand	Pos
JAWAEW010000001	249	836	-1	1
JAWAEW010000001	888	1175	1	2
JAWAEW010000001	1215	1616	1	3
JAWAEW010000001	1653	2057	1	4
JAWAEW010000001	2054	2926	-1	5
JAWAEW010000001	2988	4268	1	6
JAWAEW010000001	4321	4605	1	7
JAWAEW010000001	4729	6384	1	8
JAWAEW010000001	6508	8175	1	9
JAWAEW010000001	8213	9757	1	10
JAWAEW010000001	9770	10771	1	11
JAWAEW010000001	10843	12162	1	12
JAWAEW010000001	12164	12754	1	13
JAWAEW010000001	12769	13245	-1	14
JAWAEW010000001	13246	14094	-1	15
JAWAEW010000001	14136	14834	-1	16
JAWAEW010000001	14883	15080	-1	17
JAWAEW010000001	15133	16665	1	18
JAWAEW010000001	16692	19340	1	19
JAWAEW010000001	19350	20087	1	20
JAWAEW010000001	20084	20581	-1	21
JAWAEW010000001	20575	21234	-1	22
JAWAEW010000001	21271	21819	-1	23
JAWAEW010000001	21845	22075	-1	24
JAWAEW010000001	22601	23680	1	25
JAWAEW010000001	23677	23874	-1	26
JAWAEW010000001	24001	24225	1	27
JAWAEW010000001	24714	26324	1	28
JAWAEW010000001	26326	27564	-1	29
JAWAEW010000001	27612	28391	1	30
JAWAEW010000001	28385	29089	-1	31
JAWAEW010000001	29086	29565	-1	32
JAWAEW010000001	29624	31138	1	33
JAWAEW010000001	31135	32064	1	34
JAWAEW010000001	32089	33000	1	35
JAWAEW010000001	33081	33287	1	36
JAWAEW010000001	33298	33942	1	37
JAWAEW010000001	33939	36236	-1	38
JAWAEW010000001	36252	36506	-1	39
JAWAEW010000001	36522	36773	-1	40
JAWAEW010000001	36981	37196	-1	41
JAWAEW010000001	37232	38440	-1	42
JAWAEW010000001	38543	40201	1	43
JAWAEW010000001	40202	40468	-1	44
JAWAEW010000001	40589	41383	1	45
JAWAEW010000001	41399	42049	1	46
JAWAEW010000001	42105	42494	-1	47
JAWAEW010000001	42749	43003	1	48
JAWAEW010000001	42949	43182	1	49
JAWAEW010000001	43231	43572	1	50
JAWAEW010000001	43555	43833	-1	51
JAWAEW010000001	43835	43942	-1	52
JAWAEW010000001	43944	44132	-1	53
JAWAEW010000001	44129	44731	-1	54
JAWAEW010000001	44982	45557	-1	55
JAWAEW010000001	45500	45604	-1	56
JAWAEW010000001	45683	47434	1	57
JAWAEW010000001	47427	48281	1	58
JAWAEW010000001	48274	49359	-1	59
JAWAEW010000001	49400	50263	-1	60
JAWAEW010000001	50518	51324	1	61
JAWAEW010000001	51334	52980	1	62
JAWAEW010000001	53008	54294	1	63
JAWAEW010000001	54291	54608	-1	64
JAWAEW010000001	54652	55179	1	65
JAWAEW010000001	55474	55899	1	66
JAWAEW010000001	55900	57036	-1	67
JAWAEW010000001	57045	58004	-1	68
JAWAEW010000001	58108	58557	-1	69
JAWAEW010000001	58541	59653	-1	70
JAWAEW010000001	59705	60946	1	71
JAWAEW010000001	61101	61316	-1	72
JAWAEW010000001	61316	61891	-1	73
JAWAEW010000001	61897	62523	-1	74
JAWAEW010000001	62528	64681	-1	75
JAWAEW010000001	64736	65965	-1	76
JAWAEW010000001	66049	67116	1	77
JAWAEW010000001	67113	68348	-1	78
JAWAEW010000001	68353	68661	-1	79
JAWAEW010000001	68695	69189	-1	80
JAWAEW010000001	69191	69943	-1	81
JAWAEW010000001	70036	70524	1	82
JAWAEW010000001	70533	71240	1	83
JAWAEW010000001	71241	72326	1	84
JAWAEW010000001	72323	73324	-1	85
JAWAEW010000001	73324	74697	-1	86
JAWAEW010000001	74666	75304	-1	87
JAWAEW010000001	75318	76727	-1	88
JAWAEW010000001	76814	77989	1	89
JAWAEW010000001	77990	78424	-1	90
JAWAEW010000001	78493	78876	1	91
JAWAEW010000001	78881	80032	-1	92
JAWAEW010000001	80037	80378	-1	93
JAWAEW010000001	80417	81676	1	94
JAWAEW010000001	81673	82599	-1	95
JAWAEW010000001	82676	84202	1	96
JAWAEW010000001	84225	86255	1	97
JAWAEW010000001	86282	87199	1	98
JAWAEW010000001	87202	88266	1	99
JAWAEW010000001	88276	88797	1	100
JAWAEW010000001	88866	90278	1	101
JAWAEW010000001	90367	91074	1	102
JAWAEW010000001	91085	91777	1	103
JAWAEW010000001	91787	92392	1	104
JAWAEW010000001	92402	93157	1	105
JAWAEW010000001	93162	93938	1	106
JAWAEW010000001	93948	94187	1	107
JAWAEW010000001	94192	94323	1	108
JAWAEW010000001	94331	94786	1	109
JAWAEW010000001	94764	95015	1	110
JAWAEW010000001	95036	95392	1	111
JAWAEW010000001	95399	96388	1	112
JAWAEW010000001	96439	97737	1	113
JAWAEW010000001	97875	99737	1	114
JAWAEW010000001	99777	100424	-1	115
JAWAEW010000002	3	101	-1	1
JAWAEW010000002	115	567	-1	2
JAWAEW010000002	628	1536	1	3
JAWAEW010000002	1533	2435	-1	4
JAWAEW010000002	2674	3795	1	5
JAWAEW010000002	3792	5051	-1	6
JAWAEW010000002	5063	5941	-1	7
JAWAEW010000002	5955	7019	-1	8
JAWAEW010000002	7164	9122	1	9
JAWAEW010000002	9115	11937	1	10
JAWAEW010000002	11910	13526	-1	11
JAWAEW010000002	13672	14004	-1	12
JAWAEW010000002	14017	14739	-1	13
JAWAEW010000002	14736	15158	-1	14
JAWAEW010000002	15212	15820	-1	15
JAWAEW010000002	15830	16285	-1	16
JAWAEW010000002	16424	16834	-1	17
JAWAEW010000002	16896	17912	1	18
JAWAEW010000002	17915	18952	-1	19
JAWAEW010000002	19170	19706	-1	20
JAWAEW010000002	19707	19928	-1	21
JAWAEW010000002	19962	21386	-1	22
JAWAEW010000002	21577	21894	-1	23
JAWAEW010000002	21899	22087	-1	24
JAWAEW010000002	22326	23648	-1	25
JAWAEW010000002	24014	24676	1	26
JAWAEW010000002	24737	26023	1	27
JAWAEW010000002	26020	26955	-1	28
JAWAEW010000002	26957	28855	-1	29
JAWAEW010000002	28923	29960	-1	30
JAWAEW010000002	29968	30873	-1	31
JAWAEW010000002	30885	32615	-1	32
JAWAEW010000002	32912	34171	1	33
JAWAEW010000002	34185	37943	-1	34
JAWAEW010000002	37973	39466	-1	35
JAWAEW010000002	39525	40553	-1	36
JAWAEW010000002	40550	41071	-1	37
JAWAEW010000002	41077	41469	-1	38
JAWAEW010000002	41474	42259	-1	39
JAWAEW010000002	42296	43051	-1	40
JAWAEW010000002	43103	44845	1	41
JAWAEW010000002	45484	46326	1	42
JAWAEW010000002	46332	46847	1	43
JAWAEW010000002	47091	48482	1	44
JAWAEW010000002	48493	48948	1	45
JAWAEW010000002	48977	49939	-1	46
JAWAEW010000002	50054	51115	1	47
JAWAEW010000002	51347	52384	1	48
JAWAEW010000002	52512	53156	1	49
JAWAEW010000002	53158	53820	-1	50
JAWAEW010000002	53902	54180	1	51
JAWAEW010000002	54433	55149	-1	52
JAWAEW010000002	55218	55523	-1	53
JAWAEW010000002	55587	56855	-1	54
JAWAEW010000002	56965	57417	-1	55
JAWAEW010000002	57773	59497	-1	56
JAWAEW010000002	59502	60491	-1	57
JAWAEW010000002	60793	61950	1	58
JAWAEW010000002	61947	62675	-1	59
JAWAEW010000002	63001	63216	-1	60
JAWAEW010000002	63259	63456	-1	61
JAWAEW010000002	63467	63904	-1	62
JAWAEW010000002	63917	64348	-1	63
JAWAEW010000002	64358	64789	-1	64
JAWAEW010000002	64817	65404	-1	65
JAWAEW010000002	65416	65949	-1	66
JAWAEW010000002	65949	66467	-1	67
JAWAEW010000002	66472	67143	-1	68
JAWAEW010000002	67298	68215	-1	69
JAWAEW010000002	68223	68414	-1	70
JAWAEW010000002	68420	68965	-1	71
JAWAEW010000002	68995	69309	-1	72
JAWAEW010000002	69318	70190	-1	73
JAWAEW010000002	70203	70742	-1	74
JAWAEW010000002	70747	72273	-1	75
JAWAEW010000002	72502	72936	-1	76
JAWAEW010000002	72937	73365	-1	77
JAWAEW010000002	73376	74050	-1	78
JAWAEW010000002	74055	74651	-1	79
JAWAEW010000002	74651	75100	-1	80
JAWAEW010000002	75106	75471	-1	81
JAWAEW010000002	75477	75959	-1	82
JAWAEW010000002	75970	76356	-1	83
JAWAEW010000002	76369	76539	-1	84
JAWAEW010000002	76550	77080	-1	85
JAWAEW010000002	77067	77765	-1	86
JAWAEW010000002	77770	78135	-1	87
JAWAEW010000002	78148	78546	-1	88
JAWAEW010000002	78543	78938	-1	89
JAWAEW010000002	78948	79235	-1	90
JAWAEW010000002	79235	79552	-1	91
JAWAEW010000002	79545	79802	-1	92
JAWAEW010000002	79805	80554	-1	93
JAWAEW010000002	80526	81047	-1	94
JAWAEW010000002	81052	81456	-1	95
JAWAEW010000002	81456	82223	-1	96
JAWAEW010000002	82233	82490	-1	97
JAWAEW010000002	82490	83287	-1	98
JAWAEW010000002	83287	84315	-1	99
JAWAEW010000002	84424	84882	1	100
JAWAEW010000002	84934	87126	-1	101
JAWAEW010000002	87217	88101	1	102
JAWAEW010000002	88107	88718	-1	103
JAWAEW010000002	88723	88968	-1	104
JAWAEW010000003	2	286	1	1
JAWAEW010000003	275	592	-1	2
JAWAEW010000003	605	1501	-1	3
JAWAEW010000003	1512	2144	-1	4
JAWAEW010000003	2267	4201	-1	5
JAWAEW010000003	4209	4736	-1	6
JAWAEW010000003	4896	5201	-1	7
JAWAEW010000003	5205	6137	-1	8
JAWAEW010000003	6147	7691	-1	9
JAWAEW010000003	7734	8852	-1	10
JAWAEW010000003	8956	9618	-1	11
JAWAEW010000003	9651	9740	-1	12
JAWAEW010000003	9827	10081	1	13
JAWAEW010000003	10139	11608	1	14
JAWAEW010000003	11622	15044	1	15
JAWAEW010000003	15081	15608	1	16
JAWAEW010000003	15675	17309	1	17
JAWAEW010000003	17287	18426	1	18
JAWAEW010000003	18439	20523	1	19
JAWAEW010000003	20525	21292	1	20
JAWAEW010000003	21334	23868	1	21
JAWAEW010000003	23865	24680	-1	22
JAWAEW010000003	24749	27127	1	23
JAWAEW010000003	27130	27480	1	24
JAWAEW010000003	27526	28224	1	25
JAWAEW010000003	28225	28653	-1	26
JAWAEW010000003	28715	30211	1	27
JAWAEW010000003	30251	33010	1	28
JAWAEW010000003	33020	34036	1	29
JAWAEW010000003	34078	35904	1	30
JAWAEW010000003	35992	37065	1	31
JAWAEW010000003	37074	37976	1	32
JAWAEW010000003	37995	41165	1	33
JAWAEW010000003	41146	41700	1	34
JAWAEW010000003	41697	41966	-1	35
JAWAEW010000003	42055	43617	1	36
JAWAEW010000003	43622	44188	1	37
JAWAEW010000003	44142	44774	-1	38
JAWAEW010000003	44857	46008	1	39
JAWAEW010000003	46078	47727	1	40
JAWAEW010000003	47708	49204	1	41
JAWAEW010000003	49211	49648	1	42
JAWAEW010000003	49629	50876	-1	43
JAWAEW010000003	50920	51684	-1	44
JAWAEW010000003	51689	52591	-1	45
JAWAEW010000003	52626	53711	-1	46
JAWAEW010000003	53765	54925	-1	47
JAWAEW010000003	54977	55750	1	48
JAWAEW010000003	55751	56782	-1	49
JAWAEW010000003	56933	57487	-1	50
JAWAEW010000003	57498	58289	-1	51
JAWAEW010000003	58458	59120	1	52
JAWAEW010000003	59117	60142	-1	53
JAWAEW010000003	60147	61118	-1	54
JAWAEW010000003	61209	61514	-1	55
JAWAEW010000003	61519	61809	-1	56
JAWAEW010000003	61896	63110	-1	57
JAWAEW010000003	63119	63595	-1	58
JAWAEW010000003	63628	65052	1	59
JAWAEW010000003	65095	65622	1	60
JAWAEW010000003	65619	66443	-1	61
JAWAEW010000003	66507	67205	1	62
JAWAEW010000003	67207	67362	1	63
JAWAEW010000003	67481	68317	1	64
JAWAEW010000003	68435	69073	1	65
JAWAEW010000003	69104	71005	1	66
JAWAEW010000003	71007	72434	-1	67
JAWAEW010000003	72440	72589	-1	68
JAWAEW010000003	72626	73228	-1	69
JAWAEW010000003	73274	73657	-1	70
JAWAEW010000003	73630	74034	-1	71
JAWAEW010000003	74050	74238	1	72
JAWAEW010000003	74248	75411	1	73
JAWAEW010000003	75446	75964	-1	74
JAWAEW010000003	76054	76254	1	75
JAWAEW010000003	76265	77029	1	76
JAWAEW010000003	77032	77643	1	77
JAWAEW010000003	77659	79821	1	78
JAWAEW010000003	79873	81093	-1	79
JAWAEW010000003	81156	81359	1	80
JAWAEW010000003	81466	82557	1	81
JAWAEW010000003	83074	83295	-1	82
JAWAEW010000003	83314	85851	-1	83
JAWAEW010000004	3	1679	1	1
JAWAEW010000004	1676	2143	-1	2
JAWAEW010000004	2148	2423	-1	3
JAWAEW010000004	2435	2653	-1	4
JAWAEW010000004	2659	3138	-1	5
JAWAEW010000004	3294	3596	1	6
JAWAEW010000004	3683	4240	1	7
JAWAEW010000004	4172	5638	-1	8
JAWAEW010000004	5740	6114	1	9
JAWAEW010000004	6063	6776	-1	10
JAWAEW010000004	9342	13799	-1	11
JAWAEW010000004	13812	17879	-1	12
JAWAEW010000004	17880	18986	-1	13
JAWAEW010000004	18983	20314	-1	14
JAWAEW010000004	20311	22134	-1	15
JAWAEW010000004	22131	25424	-1	16
JAWAEW010000004	25432	26355	-1	17
JAWAEW010000004	26358	27629	-1	18
JAWAEW010000004	27720	28631	1	19
JAWAEW010000004	28643	29407	1	20
JAWAEW010000004	29397	29723	1	21
JAWAEW010000004	29590	30345	-1	22
JAWAEW010000004	30512	31069	-1	23
JAWAEW010000004	31117	31518	-1	24
JAWAEW010000004	31519	31806	-1	25
JAWAEW010000004	31915	32508	1	26
JAWAEW010000004	32508	32792	1	27
JAWAEW010000004	32785	33417	-1	28
JAWAEW010000004	33417	34397	-1	29
JAWAEW010000004	34394	35641	-1	30
JAWAEW010000004	35638	37539	-1	31
JAWAEW010000004	37521	38912	-1	32
JAWAEW010000004	38921	39331	-1	33
JAWAEW010000004	39336	39749	-1	34
JAWAEW010000004	39778	40194	-1	35
JAWAEW010000004	40204	40725	-1	36
JAWAEW010000004	40789	44811	1	37
JAWAEW010000004	44853	47393	1	38
JAWAEW010000004	47395	49713	1	39
JAWAEW010000004	49861	50196	1	40
JAWAEW010000004	50193	50597	-1	41
JAWAEW010000004	50603	51763	-1	42
JAWAEW010000004	51768	52823	-1	43
JAWAEW010000004	52832	53515	-1	44
JAWAEW010000004	53618	54136	1	45
JAWAEW010000004	54139	55878	-1	46
JAWAEW010000004	55883	56365	-1	47
JAWAEW010000004	56402	57412	-1	48
JAWAEW010000004	57432	58547	1	49
JAWAEW010000004	58536	59276	-1	50
JAWAEW010000004	59341	59826	-1	51
JAWAEW010000004	59888	62311	1	52
JAWAEW010000004	62273	62365	-1	53
JAWAEW010000004	62313	63191	-1	54
JAWAEW010000004	63358	63825	-1	55
JAWAEW010000004	65140	66318	-1	56
JAWAEW010000004	66383	67681	-1	57
JAWAEW010000004	67717	68214	-1	58
JAWAEW010000004	68257	68547	-1	59
JAWAEW010000004	68561	69436	-1	60
JAWAEW010000004	69426	70676	-1	61
JAWAEW010000005	2	736	-1	1
JAWAEW010000005	812	1486	-1	2
JAWAEW010000005	1584	2192	1	3
JAWAEW010000005	2197	3420	1	4
JAWAEW010000005	3435	5351	1	5
JAWAEW010000005	5348	5989	1	6
JAWAEW010000005	5986	6768	-1	7
JAWAEW010000005	6787	7362	-1	8
JAWAEW010000005	7359	7892	-1	9
JAWAEW010000005	7885	9054	-1	10
JAWAEW010000005	9162	11135	1	11
JAWAEW010000005	11117	11467	-1	12
JAWAEW010000005	11513	12550	1	13
JAWAEW010000005	12583	12777	1	14
JAWAEW010000005	12844	14595	1	15
JAWAEW010000005	14641	15201	1	16
JAWAEW010000005	15257	15505	1	17
JAWAEW010000005	15498	16769	-1	18
JAWAEW010000005	16842	17663	-1	19
JAWAEW010000005	17726	19306	-1	20
JAWAEW010000005	19364	20119	1	21
JAWAEW010000005	20186	21886	1	22
JAWAEW010000005	21955	22404	1	23
JAWAEW010000005	22406	22870	-1	24
JAWAEW010000005	22875	23609	-1	25
JAWAEW010000005	23617	23964	-1	26
JAWAEW010000005	24015	24548	1	27
JAWAEW010000005	24553	25185	1	28
JAWAEW010000005	25233	26087	1	29
JAWAEW010000005	26084	27067	1	30
JAWAEW010000005	27064	27714	1	31
JAWAEW010000005	27723	29090	1	32
JAWAEW010000005	29161	30717	1	33
JAWAEW010000005	30760	31626	1	34
JAWAEW010000005	31604	32905	-1	35
JAWAEW010000005	33054	33476	1	36
JAWAEW010000005	33703	34404	1	37
JAWAEW010000005	34465	36051	1	38
JAWAEW010000005	36019	36414	-1	39
JAWAEW010000005	36435	37736	1	40
JAWAEW010000005	37746	37931	1	41
JAWAEW010000005	37933	38964	-1	42
JAWAEW010000005	39016	39651	1	43
JAWAEW010000005	39646	40458	-1	44
JAWAEW010000005	40510	41238	1	45
JAWAEW010000005	41239	41481	-1	46
JAWAEW010000005	41591	41707	1	47
JAWAEW010000005	41774	42046	1	48
JAWAEW010000005	42117	43289	1	49
JAWAEW010000005	43362	44672	1	50
JAWAEW010000005	44669	45214	1	51
JAWAEW010000005	45156	45617	1	52
JAWAEW010000005	45622	47520	1	53
JAWAEW010000005	47561	47803	1	54
JAWAEW010000005	47815	48375	1	55
JAWAEW010000005	48385	49533	1	56
JAWAEW010000005	49533	49856	1	57
JAWAEW010000005	49866	51596	1	58
JAWAEW010000005	51599	52987	1	59
JAWAEW010000005	52988	53638	1	60
JAWAEW010000005	53643	53966	1	61
JAWAEW010000005	53963	54241	-1	62
JAWAEW010000005	54274	56445	1	63
JAWAEW010000005	57006	58442	-1	64
JAWAEW010000005	58614	59168	1	65
JAWAEW010000005	59165	59413	-1	66
JAWAEW010000005	59445	59834	-1	67
JAWAEW010000005	59866	60582	-1	68
JAWAEW010000005	60587	61507	-1	69
JAWAEW010000005	61559	62038	1	70
JAWAEW010000005	62048	63391	1	71
JAWAEW010000005	63383	63769	-1	72
JAWAEW010000005	63778	64395	-1	73
JAWAEW010000005	64401	65147	-1	74
JAWAEW010000005	65152	65946	-1	75
JAWAEW010000005	65975	66628	-1	76
JAWAEW010000006	2	928	-1	1
JAWAEW010000006	1005	2216	1	2
JAWAEW010000006	2192	2914	-1	3
JAWAEW010000006	2924	3820	-1	4
JAWAEW010000006	3871	4830	1	5
JAWAEW010000006	4850	5311	-1	6
JAWAEW010000006	5434	6702	1	7
JAWAEW010000006	7084	7650	-1	8
JAWAEW010000006	7655	8611	-1	9
JAWAEW010000006	8617	9738	-1	10
JAWAEW010000006	9701	10042	-1	11
JAWAEW010000006	10039	10428	-1	12
JAWAEW010000006	10406	10753	-1	13
JAWAEW010000006	10719	11297	-1	14
JAWAEW010000006	11307	12347	-1	15
JAWAEW010000006	12394	13269	-1	16
JAWAEW010000006	13306	13986	-1	17
JAWAEW010000006	14012	15427	-1	18
JAWAEW010000006	15438	16289	-1	19
JAWAEW010000006	16327	17013	1	20
JAWAEW010000006	17058	17462	1	21
JAWAEW010000006	17464	19200	-1	22
JAWAEW010000006	19241	19570	-1	23
JAWAEW010000006	19632	20381	1	24
JAWAEW010000006	20416	20925	1	25
JAWAEW010000006	20918	21541	1	26
JAWAEW010000006	21583	21915	1	27
JAWAEW010000006	21917	22660	1	28
JAWAEW010000006	22647	24080	1	29
JAWAEW010000006	24077	25216	1	30
JAWAEW010000006	25209	26420	1	31
JAWAEW010000006	26425	26808	1	32
JAWAEW010000006	26813	27655	1	33
JAWAEW010000006	27731	28294	1	34
JAWAEW010000006	28291	28476	1	35
JAWAEW010000006	28482	28775	1	36
JAWAEW010000006	28797	29084	1	37
JAWAEW010000006	29071	29592	-1	38
JAWAEW010000006	29593	30813	-1	39
JAWAEW010000006	30907	31272	1	40
JAWAEW010000006	31273	31977	-1	41
JAWAEW010000006	31970	32509	-1	42
JAWAEW010000006	32605	33372	-1	43
JAWAEW010000006	33382	34326	-1	44
JAWAEW010000006	34376	34978	1	45
JAWAEW010000006	34975	35337	-1	46
JAWAEW010000006	35388	35861	1	47
JAWAEW010000006	35863	36300	-1	48
JAWAEW010000006	36378	37370	-1	49
JAWAEW010000006	37377	37886	-1	50
JAWAEW010000006	37917	38234	-1	51
JAWAEW010000006	38231	38671	-1	52
JAWAEW010000006	38671	39576	-1	53
JAWAEW010000006	39609	43646	-1	54
JAWAEW010000006	43643	44275	-1	55
JAWAEW010000006	44345	45571	1	56
JAWAEW010000006	45560	46516	-1	57
JAWAEW010000006	46486	46659	-1	58
JAWAEW010000006	46661	47704	-1	59
JAWAEW010000006	47767	50169	1	60
JAWAEW010000006	50161	51033	-1	61
JAWAEW010000006	51064	52065	-1	62
JAWAEW010000006	52310	53092	1	63
JAWAEW010000006	53094	54422	-1	64
JAWAEW010000006	54464	55744	-1	65
JAWAEW010000006	55911	56126	1	66
JAWAEW010000006	56224	58548	1	67
JAWAEW010000006	58523	59836	-1	68
JAWAEW010000006	59888	60307	1	69
JAWAEW010000006	60304	61047	1	70
JAWAEW010000006	61073	61864	1	71
JAWAEW010000006	61861	63693	-1	72
JAWAEW010000006	63702	65009	-1	73
JAWAEW010000006	65062	66150	1	74
JAWAEW010000006	66151	66408	-1	75
JAWAEW010000007	1	2415	-1	1
JAWAEW010000007	2496	3590	1	2
JAWAEW010000007	3580	4257	1	3
JAWAEW010000007	4257	4925	1	4
JAWAEW010000007	4937	5299	1	5
JAWAEW010000007	5293	6645	1	6
JAWAEW010000007	6646	8316	1	7
JAWAEW010000007	8425	8628	1	8
JAWAEW010000007	8689	9360	1	9
JAWAEW010000007	9361	10215	1	10
JAWAEW010000007	10205	11698	-1	11
JAWAEW010000007	11760	12542	1	12
JAWAEW010000007	12547	13176	1	13
JAWAEW010000007	13178	13621	1	14
JAWAEW010000007	13618	14316	-1	15
JAWAEW010000007	14344	15291	-1	16
JAWAEW010000007	15740	18688	1	17
JAWAEW010000007	18733	19527	1	18
JAWAEW010000007	19925	20146	1	19
JAWAEW010000007	20143	21192	-1	20
JAWAEW010000007	21202	22332	-1	21
JAWAEW010000007	22442	22714	1	22
JAWAEW010000007	22744	23703	1	23
JAWAEW010000007	23693	24637	-1	24
JAWAEW010000007	24689	25678	1	25
JAWAEW010000007	25681	25971	-1	26
JAWAEW010000007	26001	26417	1	27
JAWAEW010000007	26369	27793	-1	28
JAWAEW010000007	27815	28390	-1	29
JAWAEW010000007	28442	29470	1	30
JAWAEW010000007	29453	30796	-1	31
JAWAEW010000007	30887	31858	1	32
JAWAEW010000007	31855	32388	-1	33
JAWAEW010000007	32478	33458	1	34
JAWAEW010000007	33455	34021	-1	35
JAWAEW010000007	34021	35010	-1	36
JAWAEW010000007	35033	35689	-1	37
JAWAEW010000007	35686	35832	-1	38
JAWAEW010000007	35841	36143	-1	39
JAWAEW010000007	36155	36544	-1	40
JAWAEW010000007	36687	36863	1	41
JAWAEW010000007	36905	38467	1	42
JAWAEW010000007	38460	39989	1	43
JAWAEW010000007	39986	41158	-1	44
JAWAEW010000007	41136	41570	-1	45
JAWAEW010000007	41582	41758	-1	46
JAWAEW010000007	41767	42429	-1	47
JAWAEW010000007	42444	42854	-1	48
JAWAEW010000007	43055	43396	-1	49
JAWAEW010000007	43405	43698	-1	50
JAWAEW010000007	43688	44104	-1	51
JAWAEW010000007	44196	44984	-1	52
JAWAEW010000007	44986	45306	-1	53
JAWAEW010000007	45487	46338	-1	54
JAWAEW010000007	46379	47242	1	55
JAWAEW010000007	47239	47814	-1	56
JAWAEW010000007	48481	48699	1	57
JAWAEW010000007	48886	49287	1	58
JAWAEW010000007	49827	50093	-1	59
JAWAEW010000007	50101	51069	-1	60
JAWAEW010000007	51069	51572	-1	61
JAWAEW010000007	51579	51842	-1	62
JAWAEW010000008	1	1167	1	1
JAWAEW010000008	1201	2130	1	2
JAWAEW010000008	2159	2677	1	3
JAWAEW010000008	2690	3127	1	4
JAWAEW010000008	3124	3498	1	5
JAWAEW010000008	3804	4232	1	6
JAWAEW010000008	4238	6478	-1	7
JAWAEW010000008	6475	12051	-1	8
JAWAEW010000008	12149	13540	1	9
JAWAEW010000008	13543	14457	1	10
JAWAEW010000008	14465	15763	1	11
JAWAEW010000008	15760	17088	1	12
JAWAEW010000008	17088	18155	1	13
JAWAEW010000008	18159	19148	1	14
JAWAEW010000008	19185	20339	1	15
JAWAEW010000008	20343	22040	1	16
JAWAEW010000008	22037	22618	-1	17
JAWAEW010000008	22773	23453	1	18
JAWAEW010000008	23630	23812	1	19
JAWAEW010000008	23825	24613	-1	20
JAWAEW010000008	24860	27175	1	21
JAWAEW010000008	27172	27750	1	22
JAWAEW010000008	27756	28667	1	23
JAWAEW010000008	28715	29737	1	24
JAWAEW010000008	29741	30421	-1	25
JAWAEW010000008	30472	31077	1	26
JAWAEW010000008	31074	31532	-1	27
JAWAEW010000008	31663	33015	1	28
JAWAEW010000008	33055	34113	1	29
JAWAEW010000008	34120	37527	-1	30
JAWAEW010000008	37625	38134	-1	31
JAWAEW010000008	38166	38474	-1	32
JAWAEW010000008	38520	39494	-1	33
JAWAEW010000008	39541	40083	-1	34
JAWAEW010000008	40118	40768	-1	35
JAWAEW010000008	40807	41799	-1	36
JAWAEW010000008	42016	42486	1	37
JAWAEW010000008	42624	43511	1	38
JAWAEW010000008	43670	44197	-1	39
JAWAEW010000008	44289	44957	1	40
JAWAEW010000008	44949	46373	-1	41
JAWAEW010000008	46378	46995	-1	42
JAWAEW010000008	47004	47522	-1	43
JAWAEW010000009	3	437	-1	1
JAWAEW010000009	782	1015	-1	2
JAWAEW010000009	1191	1541	-1	3
JAWAEW010000009	1538	2398	-1	4
JAWAEW010000009	2542	2757	-1	5
JAWAEW010000009	2949	3134	-1	6
JAWAEW010000009	3086	3643	-1	7
JAWAEW010000009	3682	3987	-1	8
JAWAEW010000009	4002	5357	-1	9
JAWAEW010000009	5390	6997	1	10
JAWAEW010000009	7001	7828	-1	11
JAWAEW010000009	7866	8858	1	12
JAWAEW010000009	8879	10372	1	13
JAWAEW010000009	10209	10970	-1	14
JAWAEW010000009	11022	12188	1	15
JAWAEW010000009	12211	12426	1	16
JAWAEW010000009	12462	13100	1	17
JAWAEW010000009	13105	13278	-1	18
JAWAEW010000009	13300	13932	-1	19
JAWAEW010000009	13988	15586	-1	20
JAWAEW010000009	15537	18572	-1	21
JAWAEW010000009	18617	19807	-1	22
JAWAEW010000009	19867	20652	1	23
JAWAEW010000009	20649	21200	-1	24
JAWAEW010000009	21252	21743	1	25
JAWAEW010000009	21734	22936	-1	26
JAWAEW010000009	22997	23782	1	27
JAWAEW010000009	23784	24650	-1	28
JAWAEW010000009	24667	25227	-1	29
JAWAEW010000009	25237	25491	-1	30
JAWAEW010000009	25626	26390	1	31
JAWAEW010000009	26395	27315	1	32
JAWAEW010000009	27312	28499	-1	33
JAWAEW010000009	28605	29648	1	34
JAWAEW010000009	29636	30250	1	35
JAWAEW010000009	30228	30674	-1	36
JAWAEW010000009	30631	30885	-1	37
JAWAEW010000009	30959	32944	1	38
JAWAEW010000009	32945	33733	-1	39
JAWAEW010000009	33736	35151	-1	40
JAWAEW010000009	35181	36062	-1	41
JAWAEW010000009	36094	36573	-1	42
JAWAEW010000009	36584	37078	-1	43
JAWAEW010000009	37081	38232	-1	44
JAWAEW010000009	38292	39434	1	45
JAWAEW010000009	39431	40885	1	46
JAWAEW010000009	41022	41672	1	47
JAWAEW010000010	3	299	-1	1
JAWAEW010000010	350	1969	1	2
JAWAEW010000010	1966	3315	1	3
JAWAEW010000010	3307	4188	-1	4
JAWAEW010000010	4266	4763	1	5
JAWAEW010000010	4772	5476	1	6
JAWAEW010000010	5531	7534	1	7
JAWAEW010000010	7531	8409	-1	8
JAWAEW010000010	8416	9390	-1	9
JAWAEW010000010	9383	10963	-1	10
JAWAEW010000010	10956	12224	-1	11
JAWAEW010000010	12230	13087	-1	12
JAWAEW010000010	13149	13991	1	13
JAWAEW010000010	14032	14904	1	14
JAWAEW010000010	14909	15325	1	15
JAWAEW010000010	15322	15900	1	16
JAWAEW010000010	15943	16428	1	17
JAWAEW010000010	16460	18070	1	18
JAWAEW010000010	18123	18758	1	19
JAWAEW010000010	18759	19214	-1	20
JAWAEW010000010	19224	19388	-1	21
JAWAEW010000010	19401	20498	-1	22
JAWAEW010000010	20587	22116	-1	23
JAWAEW010000010	22352	23779	1	24
JAWAEW010000010	23800	24909	1	25
JAWAEW010000010	24972	25781	1	26
JAWAEW010000010	25796	27403	1	27
JAWAEW010000010	27406	27702	1	28
JAWAEW010000010	27711	28088	1	29
JAWAEW010000010	28089	28859	1	30
JAWAEW010000010	28881	31466	1	31
JAWAEW010000010	31463	32623	1	32
JAWAEW010000010	32628	33803	1	33
JAWAEW010000010	33800	34804	-1	34
JAWAEW010000010	34969	37689	1	35
JAWAEW010000010	37943	40765	1	36
JAWAEW010000010	40873	41355	1	37
JAWAEW010000011	3	86	-1	1
JAWAEW010000011	530	2692	1	2
JAWAEW010000011	2764	4836	1	3
JAWAEW010000011	4888	7260	1	4
JAWAEW010000011	7403	8092	1	5
JAWAEW010000011	8094	8888	-1	6
JAWAEW010000011	8961	9431	1	7
JAWAEW010000011	9428	9988	1	8
JAWAEW010000011	9985	12453	-1	9
JAWAEW010000011	12462	14360	-1	10
JAWAEW010000011	14498	15466	-1	11
JAWAEW010000011	15503	18982	-1	12
JAWAEW010000011	19238	20146	1	13
JAWAEW010000011	20147	20722	1	14
JAWAEW010000011	20869	22041	-1	15
JAWAEW010000011	22070	22459	-1	16
JAWAEW010000011	22525	23535	-1	17
JAWAEW010000011	23532	24773	-1	18
JAWAEW010000011	24778	25578	-1	19
JAWAEW010000011	25532	26500	-1	20
JAWAEW010000011	26553	26867	1	21
JAWAEW010000011	26864	27610	-1	22
JAWAEW010000011	27676	28404	1	23
JAWAEW010000011	28491	28757	1	24
JAWAEW010000011	28757	29008	1	25
JAWAEW010000011	29018	29224	1	26
JAWAEW010000011	29228	30169	-1	27
JAWAEW010000011	30180	30470	-1	28
JAWAEW010000011	30483	31049	-1	29
JAWAEW010000011	31119	32363	1	30
JAWAEW010000011	32360	34366	-1	31
JAWAEW010000011	34384	34947	-1	32
JAWAEW010000011	35073	35522	1	33
JAWAEW010000011	35532	36104	1	34
JAWAEW010000011	36110	36889	1	35
JAWAEW010000012	2	574	-1	1
JAWAEW010000012	564	1430	-1	2
JAWAEW010000012	1810	2253	-1	3
JAWAEW010000012	2373	3452	1	4
JAWAEW010000012	3477	3830	1	5
JAWAEW010000012	4336	4893	1	6
JAWAEW010000012	4896	6008	1	7
JAWAEW010000012	6231	6554	1	8
JAWAEW010000012	6566	7882	1	9
JAWAEW010000012	7928	8866	1	10
JAWAEW010000012	8957	9394	1	11
JAWAEW010000012	9524	10192	1	12
JAWAEW010000012	10202	11599	1	13
JAWAEW010000012	11613	13469	1	14
JAWAEW010000012	13482	14321	1	15
JAWAEW010000012	14309	15124	-1	16
JAWAEW010000012	15205	16377	1	17
JAWAEW010000012	16432	16920	1	18
JAWAEW010000012	16987	17322	1	19
JAWAEW010000012	17431	18438	-1	20
JAWAEW010000012	18448	19521	-1	21
JAWAEW010000012	19531	19911	-1	22
JAWAEW010000012	19979	20833	1	23
JAWAEW010000012	20830	21564	1	24
JAWAEW010000012	21569	22378	1	25
JAWAEW010000012	22359	23420	-1	26
JAWAEW010000012	23483	23992	1	27
JAWAEW010000012	24108	26114	-1	28
JAWAEW010000013	3	1538	1	1
JAWAEW010000013	1539	2009	1	2
JAWAEW010000013	2046	3098	1	3
JAWAEW010000013	3100	4809	1	4
JAWAEW010000013	4806	6026	1	5
JAWAEW010000013	6073	8025	1	6
JAWAEW010000013	8032	8589	1	7
JAWAEW010000013	8594	9802	1	8
JAWAEW010000013	9864	10496	1	9
JAWAEW010000013	10819	11112	-1	10
JAWAEW010000013	11117	12139	-1	11
JAWAEW010000013	12729	13055	1	12
JAWAEW010000013	13103	13459	1	13
JAWAEW010000013	13487	13939	1	14
JAWAEW010000013	14006	14749	1	15
JAWAEW010000013	14821	15423	1	16
JAWAEW010000013	15424	15924	1	17
JAWAEW010000013	15926	17134	-1	18
JAWAEW010000013	17208	17957	-1	19
JAWAEW010000013	18560	18754	-1	20
JAWAEW010000013	19021	19827	1	21
JAWAEW010000013	19832	20536	1	22
JAWAEW010000013	20529	23168	-1	23
JAWAEW010000014	64	249	1	1
JAWAEW010000014	246	1352	-1	2
JAWAEW010000014	1357	2157	-1	3
JAWAEW010000014	2108	2740	-1	4
JAWAEW010000014	2778	3287	1	5
JAWAEW010000014	3365	4567	1	6
JAWAEW010000014	4568	4978	-1	7
JAWAEW010000014	4938	5828	-1	8
JAWAEW010000014	5889	6419	1	9
JAWAEW010000014	6421	7185	-1	10
JAWAEW010000014	7178	7330	-1	11
JAWAEW010000014	7368	8138	-1	12
JAWAEW010000014	8148	8312	-1	13
JAWAEW010000014	8322	8603	-1	14
JAWAEW010000014	8614	9171	-1	15
JAWAEW010000014	9218	10321	-1	16
JAWAEW010000014	10314	11276	-1	17
JAWAEW010000014	11327	12064	-1	18
JAWAEW010000014	12104	12433	-1	19
JAWAEW010000014	12462	13448	-1	20
JAWAEW010000014	13461	13721	-1	21
JAWAEW010000014	13723	14544	-1	22
JAWAEW010000014	14608	16062	1	23
JAWAEW010000014	16040	16369	1	24
JAWAEW010000014	16372	16950	1	25
JAWAEW010000014	16947	17210	-1	26
JAWAEW010000014	17207	17401	-1	27
JAWAEW010000014	17594	18190	1	28
JAWAEW010000014	18187	19059	-1	29
JAWAEW010000014	19108	20271	1	30
JAWAEW010000014	20255	20938	-1	31
JAWAEW010000014	20994	21590	-1	32
JAWAEW010000014	22040	22123	-1	33
JAWAEW010000015	322	1641	1	1
JAWAEW010000015	1646	2893	1	2
JAWAEW010000015	2899	3750	1	3
JAWAEW010000015	3740	5074	1	4
JAWAEW010000015	5083	6234	1	5
JAWAEW010000015	6273	6893	1	6
JAWAEW010000015	6905	7234	1	7
JAWAEW010000015	7235	7636	-1	8
JAWAEW010000015	7659	7916	-1	9
JAWAEW010000015	7964	9277	-1	10
JAWAEW010000015	9496	10023	1	11
JAWAEW010000015	9992	10720	-1	12
JAWAEW010000015	10762	11367	-1	13
JAWAEW010000015	11421	11624	1	14
JAWAEW010000015	11637	13403	1	15
JAWAEW010000015	13400	14824	-1	16
JAWAEW010000015	14861	15367	-1	17
JAWAEW010000015	15378	15887	-1	18
JAWAEW010000015	15880	16296	-1	19
JAWAEW010000015	16299	17924	-1	20
JAWAEW010000015	17917	18561	-1	21
JAWAEW010000015	18612	19517	-1	22
JAWAEW010000016	3	542	1	1
JAWAEW010000016	763	951	1	2
JAWAEW010000016	1001	2041	-1	3
JAWAEW010000016	2064	3389	-1	4
JAWAEW010000016	3474	5231	1	5
JAWAEW010000016	5219	5929	-1	6
JAWAEW010000016	5899	6678	-1	7
JAWAEW010000016	6679	6816	-1	8
JAWAEW010000016	6916	7431	1	9
JAWAEW010000016	7464	8600	1	10
JAWAEW010000016	8743	8955	1	11
JAWAEW010000016	9012	9392	-1	12
JAWAEW010000016	9444	10151	1	13
JAWAEW010000016	10166	10702	-1	14
JAWAEW010000016	10745	10948	1	15
JAWAEW010000016	10945	11271	-1	16
JAWAEW010000016	11287	11622	-1	17
JAWAEW010000016	11976	13238	1	18
JAWAEW010000016	13268	13777	1	19
JAWAEW010000017	37	1149	1	1
JAWAEW010000017	1150	2961	-1	2
JAWAEW010000017	3090	3440	1	3
JAWAEW010000017	4022	4630	-1	4
JAWAEW010000017	4866	5798	-1	5
