Contig	Start	End	Strand	Pos
DXJG01000001	642	1733	-1	1
DXJG01000001	1795	4251	-1	2
DXJG01000001	4543	5226	1	3
DXJG01000001	5713	6909	1	4
DXJG01000001	6906	7535	-1	5
DXJG01000001	7486	8064	-1	6
DXJG01000001	8039	8947	-1	7
DXJG01000001	9276	9674	1	8
DXJG01000001	9768	10229	-1	9
DXJG01000001	10243	11001	-1	10
DXJG01000001	11219	12562	1	11
DXJG01000001	12566	13933	1	12
DXJG01000001	14033	14320	1	13
DXJG01000001	14332	14664	1	14
DXJG01000001	14680	15267	1	15
DXJG01000001	15270	16133	1	16
DXJG01000001	16120	16731	1	17
DXJG01000001	16743	17909	1	18
DXJG01000001	17922	18635	1	19
DXJG01000001	18653	19186	-1	20
DXJG01000001	19395	20492	1	21
DXJG01000001	20516	21352	-1	22
DXJG01000001	21483	23258	-1	23
DXJG01000001	23286	23621	-1	24
DXJG01000001	23679	24146	-1	25
DXJG01000001	24223	25146	1	26
DXJG01000001	25382	27661	-1	27
DXJG01000001	27801	28526	-1	28
DXJG01000001	29124	30494	-1	29
DXJG01000001	30706	31548	-1	30
DXJG01000001	31591	32031	1	31
DXJG01000001	32146	32250	1	32
DXJG01000001	32266	32526	1	33
DXJG01000001	32489	35371	1	34
DXJG01000001	35328	36089	1	35
DXJG01000001	36282	38012	1	36
DXJG01000001	38033	38341	-1	37
DXJG01000001	38435	38683	1	38
DXJG01000001	38760	39584	-1	39
DXJG01000001	39822	40823	-1	40
DXJG01000001	41174	41485	1	41
DXJG01000001	41463	42302	-1	42
DXJG01000001	42495	42785	-1	43
DXJG01000001	42883	43380	-1	44
DXJG01000001	43416	43919	-1	45
DXJG01000001	44202	44315	-1	46
DXJG01000001	44726	44920	1	47
DXJG01000001	44896	45534	-1	48
DXJG01000001	45598	47445	1	49
DXJG01000001	47422	48903	-1	50
DXJG01000001	49332	49490	1	51
DXJG01000001	49526	49942	1	52
DXJG01000001	49985	50647	1	53
DXJG01000001	50660	51562	-1	54
DXJG01000001	51568	52770	-1	55
DXJG01000001	52790	53071	-1	56
DXJG01000001	53389	53673	1	57
DXJG01000001	53707	54201	-1	58
DXJG01000001	54486	55838	1	59
DXJG01000001	55956	58058	-1	60
DXJG01000001	58519	59097	1	61
DXJG01000001	59486	59935	1	62
DXJG01000001	59972	60205	-1	63
DXJG01000001	60308	60745	-1	64
DXJG01000001	61443	62684	1	65
DXJG01000001	62674	64044	-1	66
DXJG01000001	64050	64646	-1	67
DXJG01000001	64803	65771	1	68
DXJG01000001	66213	67061	1	69
DXJG01000001	67328	68134	1	70
DXJG01000001	68872	69843	1	71
DXJG01000001	69974	71377	-1	72
DXJG01000001	71433	71696	-1	73
DXJG01000001	71861	72385	1	74
DXJG01000001	72390	74759	-1	75
DXJG01000001	74789	75127	1	76
DXJG01000001	75152	77083	-1	77
DXJG01000001	77123	78400	-1	78
DXJG01000001	78485	78916	-1	79
DXJG01000001	78921	80141	-1	80
DXJG01000001	80141	81484	-1	81
DXJG01000001	81481	82047	-1	82
DXJG01000001	82044	82424	-1	83
DXJG01000001	82408	83208	-1	84
DXJG01000001	83313	83984	1	85
DXJG01000001	83997	84557	1	86
DXJG01000001	84564	84989	-1	87
DXJG01000001	85130	86131	1	88
DXJG01000001	86168	86980	-1	89
DXJG01000001	86955	88190	-1	90
DXJG01000001	88406	89554	1	91
DXJG01000001	89568	89984	1	92
DXJG01000001	89986	91107	-1	93
DXJG01000001	91236	94643	1	94
DXJG01000001	94655	94843	-1	95
DXJG01000001	94840	95643	-1	96
DXJG01000001	95845	96042	-1	97
DXJG01000001	96163	96438	-1	98
DXJG01000001	96572	97147	-1	99
DXJG01000001	97149	98399	-1	100
DXJG01000001	98389	99450	-1	101
DXJG01000001	99501	100253	-1	102
DXJG01000001	100257	100595	-1	103
DXJG01000001	100570	100818	-1	104
DXJG01000001	100784	101122	-1	105
DXJG01000001	101165	101650	-1	106
DXJG01000001	101655	101936	-1	107
DXJG01000001	101908	102552	-1	108
DXJG01000001	102559	103134	-1	109
DXJG01000001	103137	103760	-1	110
DXJG01000001	103840	105168	1	111
DXJG01000001	105174	105644	1	112
DXJG01000001	105671	106756	-1	113
DXJG01000001	106762	107766	-1	114
DXJG01000001	107959	108666	1	115
DXJG01000001	108813	109580	1	116
DXJG01000001	109612	111042	-1	117
DXJG01000001	111054	112367	-1	118
DXJG01000001	112339	112506	-1	119
DXJG01000001	112513	113946	-1	120
DXJG01000001	113958	114503	-1	121
DXJG01000001	114517	116877	-1	122
DXJG01000001	117147	117926	-1	123
DXJG01000001	117951	118880	-1	124
DXJG01000001	118877	119377	-1	125
DXJG01000001	119401	119778	1	126
DXJG01000001	119761	121056	-1	127
DXJG01000001	121058	123433	-1	128
DXJG01000001	123443	124723	-1	129
DXJG01000001	124720	125199	-1	130
DXJG01000001	125313	125663	-1	131
DXJG01000001	125831	126727	1	132
DXJG01000001	126776	127672	1	133
DXJG01000001	127681	128736	-1	134
DXJG01000001	128736	129755	-1	135
DXJG01000001	129968	130702	-1	136
DXJG01000001	131106	132530	1	137
DXJG01000001	132598	133593	-1	138
DXJG01000001	133621	133887	-1	139
DXJG01000001	133904	134839	-1	140
DXJG01000001	135084	135479	1	141
DXJG01000001	135476	136759	1	142
DXJG01000001	136760	138451	1	143
DXJG01000001	138463	139290	1	144
DXJG01000001	139310	140278	1	145
DXJG01000001	140446	141327	1	146
DXJG01000001	141340	142290	1	147
DXJG01000001	142462	142800	1	148
DXJG01000001	143047	145482	1	149
DXJG01000001	145809	147131	1	150
DXJG01000001	147288	147611	-1	151
DXJG01000001	147624	148232	-1	152
DXJG01000001	148355	148741	1	153
DXJG01000001	149226	150224	1	154
DXJG01000001	150205	153480	-1	155
DXJG01000001	153549	153800	-1	156
DXJG01000001	154181	155119	1	157
DXJG01000001	155260	155907	1	158
DXJG01000001	155958	157211	-1	159
DXJG01000001	157484	158929	-1	160
DXJG01000001	159353	159568	1	161
DXJG01000001	159663	160547	1	162
DXJG01000001	160577	161278	-1	163
DXJG01000001	161282	163138	-1	164
DXJG01000001	163274	163957	-1	165
DXJG01000001	163962	164288	-1	166
DXJG01000001	164345	165811	-1	167
DXJG01000001	165825	167822	-1	168
DXJG01000001	167973	168251	1	169
DXJG01000001	168466	169092	1	170
DXJG01000001	169111	169476	-1	171
DXJG01000001	169489	170703	-1	172
DXJG01000001	170780	171292	1	173
DXJG01000001	171304	172569	1	174
DXJG01000001	172580	173122	-1	175
DXJG01000001	173310	173879	1	176
DXJG01000001	173902	174702	1	177
DXJG01000001	174921	175385	-1	178
DXJG01000001	175423	176391	-1	179
DXJG01000001	177253	177453	1	180
DXJG01000001	177448	178398	-1	181
DXJG01000001	178413	179657	-1	182
DXJG01000001	179730	180449	1	183
DXJG01000001	180453	181538	1	184
DXJG01000001	181545	182648	-1	185
DXJG01000001	182751	183227	1	186
DXJG01000001	183329	185704	1	187
DXJG01000001	185724	186983	1	188
DXJG01000001	186991	188193	-1	189
DXJG01000001	188171	188755	-1	190
DXJG01000001	188925	189785	-1	191
DXJG01000001	190078	190554	-1	192
DXJG01000001	190589	191260	-1	193
DXJG01000001	191223	191642	-1	194
DXJG01000001	191639	192760	-1	195
DXJG01000002	1029	2156	-1	1
DXJG01000002	2773	4002	1	2
DXJG01000002	5013	5408	1	3
DXJG01000002	5468	6610	1	4
DXJG01000002	6638	7444	1	5
DXJG01000002	7455	8465	1	6
DXJG01000002	8462	10141	-1	7
DXJG01000002	10654	11325	1	8
DXJG01000002	11339	12043	1	9
DXJG01000002	12045	13646	-1	10
DXJG01000002	13752	14288	-1	11
DXJG01000002	14368	14871	1	12
DXJG01000002	14874	15908	1	13
DXJG01000002	15898	16638	-1	14
DXJG01000002	17282	17533	1	15
DXJG01000002	17549	20899	1	16
DXJG01000002	20913	23576	1	17
DXJG01000002	23573	24766	1	18
DXJG01000002	24759	25079	1	19
DXJG01000002	25066	25506	1	20
DXJG01000002	25613	26056	1	21
DXJG01000002	26251	27546	1	22
DXJG01000002	27578	27883	1	23
DXJG01000002	28283	28723	1	24
DXJG01000002	28734	29207	-1	25
DXJG01000002	29319	30221	1	26
DXJG01000002	30360	31373	1	27
DXJG01000002	31387	32166	1	28
DXJG01000002	32178	32444	1	29
DXJG01000002	32461	33189	1	30
DXJG01000002	33317	33484	1	31
DXJG01000002	33481	34683	1	32
DXJG01000002	34824	35255	-1	33
DXJG01000002	35801	36841	1	34
DXJG01000002	36819	38387	1	35
DXJG01000002	38422	38637	1	36
DXJG01000002	38863	39429	-1	37
DXJG01000002	39416	40249	-1	38
DXJG01000002	40249	41424	-1	39
DXJG01000002	41597	43765	1	40
DXJG01000002	44126	44599	-1	41
DXJG01000002	45031	46218	1	42
DXJG01000002	46230	46511	1	43
DXJG01000002	46930	47382	1	44
DXJG01000002	47374	48627	-1	45
DXJG01000002	48634	49602	-1	46
DXJG01000002	49886	50560	-1	47
DXJG01000002	50871	51920	1	48
DXJG01000002	51922	52746	1	49
DXJG01000002	52758	53486	1	50
DXJG01000002	53492	54784	1	51
DXJG01000002	54793	56277	-1	52
DXJG01000002	56293	56844	1	53
DXJG01000002	56837	62083	1	54
DXJG01000002	62136	65243	1	55
DXJG01000002	65306	66682	1	56
DXJG01000002	66890	67183	1	57
DXJG01000002	67126	67692	-1	58
DXJG01000002	68288	69433	1	59
DXJG01000002	69451	70098	1	60
DXJG01000002	70124	70558	1	61
DXJG01000002	70546	71463	-1	62
DXJG01000002	71474	72631	-1	63
DXJG01000002	72727	73782	1	64
DXJG01000002	73804	74013	1	65
DXJG01000002	74068	75189	-1	66
DXJG01000002	75323	77140	-1	67
DXJG01000002	77387	78334	1	68
DXJG01000002	78379	80301	1	69
DXJG01000002	80317	81696	-1	70
DXJG01000002	81708	83306	-1	71
DXJG01000002	83920	84882	1	72
DXJG01000002	84903	87557	1	73
DXJG01000002	87595	88413	-1	74
DXJG01000002	88414	89316	-1	75
DXJG01000002	89900	91138	1	76
DXJG01000002	91140	91838	1	77
DXJG01000002	91965	92444	1	78
DXJG01000002	92518	93483	1	79
DXJG01000002	93499	94158	-1	80
DXJG01000002	94273	95538	1	81
DXJG01000002	95585	96187	1	82
DXJG01000002	96177	96542	-1	83
DXJG01000002	96545	97480	-1	84
DXJG01000002	97464	97748	-1	85
DXJG01000002	97856	98158	-1	86
DXJG01000002	98225	98617	-1	87
DXJG01000002	98712	99731	1	88
DXJG01000002	99920	100279	-1	89
DXJG01000002	100462	100746	1	90
DXJG01000002	100779	101243	1	91
DXJG01000002	101266	101847	1	92
DXJG01000002	101916	102287	1	93
DXJG01000002	102322	103086	1	94
DXJG01000002	103093	103344	-1	95
DXJG01000002	103357	104064	-1	96
DXJG01000002	104206	104973	-1	97
DXJG01000002	105203	106732	-1	98
DXJG01000002	106689	107567	-1	99
DXJG01000002	108119	108550	1	100
DXJG01000002	108631	109200	1	101
DXJG01000002	109500	109730	1	102
DXJG01000002	109884	110657	1	103
DXJG01000002	110687	111085	1	104
DXJG01000002	111087	111845	-1	105
DXJG01000002	112138	113766	-1	106
DXJG01000002	113777	115480	-1	107
DXJG01000002	115503	116114	-1	108
DXJG01000002	116114	117001	-1	109
DXJG01000002	117225	117899	-1	110
DXJG01000002	117932	118657	-1	111
DXJG01000002	118650	119159	-1	112
DXJG01000002	119470	119736	-1	113
DXJG01000002	119770	121821	1	114
DXJG01000002	121873	123222	1	115
DXJG01000002	123216	123716	1	116
DXJG01000002	123752	124381	1	117
DXJG01000002	124406	125605	1	118
DXJG01000002	125630	126031	-1	119
DXJG01000002	126056	126817	-1	120
DXJG01000002	126819	127502	-1	121
DXJG01000002	127572	127853	1	122
DXJG01000002	127899	128948	-1	123
DXJG01000002	129355	130092	1	124
DXJG01000002	130109	131002	-1	125
DXJG01000002	131086	131763	-1	126
DXJG01000002	131848	132549	-1	127
DXJG01000002	132845	133276	-1	128
DXJG01000002	133370	133960	1	129
DXJG01000002	134061	134573	1	130
DXJG01000002	134570	134701	1	131
DXJG01000002	134841	135059	1	132
DXJG01000002	135098	135304	1	133
DXJG01000002	135291	135485	1	134
DXJG01000002	135596	135835	1	135
DXJG01000002	136208	139543	-1	136
DXJG01000002	139673	140113	-1	137
DXJG01000002	140253	140378	-1	138
DXJG01000002	140683	145443	1	139
DXJG01000002	145444	146544	1	140
DXJG01000002	146830	147375	1	141
DXJG01000002	147484	147729	1	142
DXJG01000002	147757	149802	-1	143
DXJG01000002	150323	150598	1	144
DXJG01000002	150705	152219	-1	145
DXJG01000002	152321	153475	-1	146
DXJG01000002	153487	155010	-1	147
DXJG01000002	155043	155171	-1	148
DXJG01000002	155824	156834	1	149
DXJG01000002	156851	157075	-1	150
DXJG01000002	157216	159960	-1	151
DXJG01000002	160135	160875	-1	152
DXJG01000002	161284	161562	1	153
DXJG01000002	161688	163238	-1	154
DXJG01000002	163386	164177	-1	155
DXJG01000002	164271	165275	-1	156
DXJG01000002	165345	166373	-1	157
DXJG01000002	166364	166492	-1	158
DXJG01000002	166710	167159	1	159
DXJG01000002	167178	167681	1	160
DXJG01000002	167696	168217	1	161
DXJG01000002	168305	168973	-1	162
DXJG01000002	169077	169574	-1	163
DXJG01000002	169617	170369	-1	164
DXJG01000002	170489	171031	1	165
DXJG01000002	171090	171383	-1	166
DXJG01000002	171574	172242	1	167
DXJG01000002	172453	173820	1	168
DXJG01000002	173823	173981	-1	169
DXJG01000002	173987	174520	-1	170
DXJG01000002	174653	177076	1	171
DXJG01000002	177091	177708	1	172
DXJG01000002	177734	178636	1	173
DXJG01000002	178730	179161	1	174
DXJG01000002	179499	179948	1	175
DXJG01000002	179957	180505	1	176
DXJG01000002	180756	182507	-1	177
DXJG01000002	182673	183419	-1	178
DXJG01000002	183422	183949	-1	179
DXJG01000002	184078	185442	-1	180
DXJG01000002	185972	186865	1	181
DXJG01000002	186906	187163	1	182
DXJG01000002	187380	188483	1	183
DXJG01000002	188487	189491	1	184
DXJG01000002	189496	189753	1	185
DXJG01000002	189740	190423	1	186
DXJG01000002	190438	190671	1	187
DXJG01000002	190664	190819	-1	188
DXJG01000002	191179	192117	1	189
DXJG01000002	192159	192479	-1	190
DXJG01000002	192812	197806	1	191
DXJG01000002	197848	198402	-1	192
DXJG01000002	198413	199066	-1	193
DXJG01000002	199557	200531	1	194
DXJG01000002	200725	202056	1	195
DXJG01000002	202059	202334	-1	196
DXJG01000002	202349	204130	-1	197
DXJG01000002	204192	204359	-1	198
DXJG01000002	204455	206065	-1	199
DXJG01000002	206684	207634	-1	200
DXJG01000002	207884	208849	-1	201
DXJG01000002	208846	209805	-1	202
DXJG01000002	210029	210403	1	203
DXJG01000002	210834	210992	-1	204
DXJG01000002	211207	213297	-1	205
DXJG01000002	213616	214221	-1	206
DXJG01000002	214310	214594	-1	207
DXJG01000002	214710	215510	1	208
DXJG01000002	215528	215827	1	209
DXJG01000002	216022	219555	1	210
DXJG01000002	219542	220876	1	211
DXJG01000002	220857	221816	1	212
DXJG01000002	221842	223158	1	213
DXJG01000002	223170	224309	1	214
DXJG01000002	224492	225097	1	215
DXJG01000002	225141	225941	-1	216
DXJG01000002	226010	226246	-1	217
DXJG01000002	226541	227581	1	218
DXJG01000002	227588	228745	1	219
DXJG01000002	228746	229138	1	220
DXJG01000002	229294	229611	1	221
DXJG01000002	229628	230287	1	222
DXJG01000002	230310	231128	-1	223
DXJG01000002	231239	231469	1	224
DXJG01000002	231653	232003	-1	225
DXJG01000002	232471	233745	1	226
DXJG01000002	233766	234656	1	227
DXJG01000002	234666	235436	-1	228
DXJG01000002	235512	236987	1	229
DXJG01000002	236956	237336	-1	230
DXJG01000002	237658	238284	1	231
DXJG01000002	238296	239822	-1	232
DXJG01000002	240267	242021	1	233
DXJG01000002	242575	243819	1	234
DXJG01000002	244046	245347	1	235
DXJG01000002	245359	246033	-1	236
DXJG01000002	246319	247881	1	237
DXJG01000002	247881	249569	1	238
DXJG01000002	249636	249860	-1	239
DXJG01000002	250501	251094	1	240
DXJG01000002	251107	252360	1	241
DXJG01000002	252743	255952	1	242
DXJG01000002	255995	256288	1	243
DXJG01000002	256613	257119	1	244
DXJG01000002	257322	258056	1	245
DXJG01000002	258205	258921	1	246
DXJG01000002	258967	259656	1	247
DXJG01000002	259659	260543	-1	248
DXJG01000002	260555	261184	-1	249
DXJG01000002	261217	261933	-1	250
DXJG01000002	262142	263662	1	251
DXJG01000002	263696	264415	1	252
DXJG01000002	264469	265422	-1	253
DXJG01000002	265599	266012	1	254
DXJG01000002	266334	268937	1	255
DXJG01000002	269068	270897	-1	256
DXJG01000002	271251	271592	-1	257
DXJG01000002	271789	273276	1	258
DXJG01000002	273299	273757	-1	259
DXJG01000002	273767	274789	-1	260
DXJG01000002	274901	275635	1	261
DXJG01000002	275632	276030	-1	262
DXJG01000002	276042	276809	-1	263
DXJG01000002	276852	277784	-1	264
DXJG01000002	277905	278621	1	265
DXJG01000002	278697	279872	1	266
DXJG01000002	280002	281096	1	267
DXJG01000002	281123	281599	-1	268
DXJG01000002	282070	283038	1	269
DXJG01000002	283031	283528	-1	270
DXJG01000002	283581	284051	1	271
DXJG01000002	284074	285255	1	272
DXJG01000002	285299	285709	-1	273
DXJG01000002	285811	285921	-1	274
DXJG01000002	286030	286527	-1	275
DXJG01000002	286609	287265	1	276
DXJG01000002	287359	288207	1	277
DXJG01000002	288204	289496	-1	278
DXJG01000002	289717	291021	1	279
DXJG01000002	291031	292056	1	280
DXJG01000002	292029	292709	1	281
DXJG01000002	292767	293081	1	282
DXJG01000002	293095	293826	-1	283
DXJG01000002	294254	295834	1	284
DXJG01000002	295880	296890	1	285
DXJG01000002	296903	297778	1	286
DXJG01000002	297784	298743	1	287
DXJG01000002	298763	299740	1	288
DXJG01000002	299918	300496	-1	289
DXJG01000002	300572	301939	1	290
DXJG01000002	302082	302618	1	291
DXJG01000002	302584	303171	1	292
DXJG01000002	303454	304029	1	293
DXJG01000002	304034	304573	1	294
DXJG01000002	304593	305930	-1	295
DXJG01000002	306133	306537	-1	296
DXJG01000002	306518	307207	-1	297
DXJG01000002	307358	308206	1	298
DXJG01000002	308458	309054	1	299
DXJG01000002	309293	311503	1	300
DXJG01000002	312054	312323	1	301
DXJG01000002	312477	313043	1	302
DXJG01000002	313040	313321	1	303
DXJG01000002	313336	314556	1	304
DXJG01000002	314570	315550	1	305
DXJG01000002	315834	316205	1	306
DXJG01000002	316303	317034	1	307
DXJG01000002	317036	317305	1	308
DXJG01000002	317302	318147	-1	309
DXJG01000002	318138	318650	-1	310
DXJG01000002	318662	319105	-1	311
DXJG01000002	319165	319593	1	312
DXJG01000002	319613	319942	-1	313
DXJG01000002	319960	320520	-1	314
DXJG01000002	320492	321151	-1	315
DXJG01000002	321141	324683	-1	316
DXJG01000002	325412	326248	1	317
DXJG01000002	326249	327406	-1	318
DXJG01000002	327612	328265	-1	319
DXJG01000002	328272	328931	-1	320
DXJG01000002	329386	330057	1	321
DXJG01000002	330087	330707	-1	322
DXJG01000002	330748	334509	-1	323
DXJG01000002	334667	336649	1	324
DXJG01000002	337099	337521	1	325
DXJG01000002	337514	338449	1	326
DXJG01000002	338639	339778	1	327
DXJG01000002	339825	340991	-1	328
DXJG01000002	341379	343313	1	329
DXJG01000002	343462	344592	1	330
DXJG01000002	344723	345262	1	331
DXJG01000002	345254	349012	-1	332
DXJG01000002	349328	350020	-1	333
DXJG01000002	350031	351149	-1	334
DXJG01000002	351258	352679	-1	335
DXJG01000002	352811	353269	1	336
DXJG01000002	353383	353961	1	337
DXJG01000002	354017	354781	1	338
DXJG01000002	354857	355306	1	339
DXJG01000002	355568	356179	1	340
DXJG01000002	356186	358204	-1	341
DXJG01000002	358593	359042	1	342
DXJG01000002	359137	359403	1	343
DXJG01000002	359409	359834	1	344
DXJG01000002	359956	363027	1	345
DXJG01000002	363030	364403	1	346
DXJG01000002	364393	365289	1	347
DXJG01000002	365367	365696	1	348
DXJG01000002	365713	367368	-1	349
DXJG01000002	367415	369088	-1	350
DXJG01000002	369162	369974	-1	351
DXJG01000002	370146	371252	1	352
DXJG01000002	371827	372294	1	353
DXJG01000002	372350	373120	1	354
DXJG01000002	373189	380730	1	355
DXJG01000002	380842	382098	-1	356
DXJG01000002	382224	382766	1	357
DXJG01000002	382778	382927	1	358
DXJG01000002	382956	384320	1	359
DXJG01000002	384784	386742	1	360
DXJG01000002	386806	387324	1	361
DXJG01000002	387372	387908	1	362
DXJG01000002	387935	388333	1	363
DXJG01000002	388405	389385	1	364
DXJG01000002	389473	390363	1	365
DXJG01000002	390388	391362	1	366
DXJG01000002	391373	392365	1	367
DXJG01000002	392719	393618	1	368
DXJG01000002	393724	394143	1	369
DXJG01000002	394537	395574	1	370
DXJG01000002	395564	396058	-1	371
DXJG01000002	396076	397068	-1	372
DXJG01000002	397252	397755	1	373
DXJG01000002	397779	398777	1	374
DXJG01000002	398843	400288	1	375
DXJG01000002	400305	400742	-1	376
DXJG01000002	400816	401214	-1	377
DXJG01000002	401263	401565	-1	378
DXJG01000002	401755	402714	1	379
DXJG01000002	402856	403101	1	380
DXJG01000002	403216	403749	1	381
DXJG01000002	403711	404589	-1	382
DXJG01000002	404612	405160	-1	383
DXJG01000002	405185	406549	-1	384
DXJG01000002	406674	407519	1	385
DXJG01000002	407699	408397	1	386
DXJG01000002	408414	409589	-1	387
DXJG01000002	409727	411352	-1	388
DXJG01000002	411364	412776	-1	389
DXJG01000002	412791	414233	-1	390
DXJG01000002	414692	415837	1	391
DXJG01000002	415834	416706	1	392
DXJG01000002	416717	417292	1	393
DXJG01000002	417255	417764	-1	394
DXJG01000002	418104	419024	1	395
DXJG01000002	419062	419433	-1	396
DXJG01000002	419468	419938	-1	397
DXJG01000002	420171	420362	-1	398
DXJG01000002	420823	421866	1	399
DXJG01000002	421945	423111	1	400
DXJG01000002	423502	424263	1	401
DXJG01000002	424377	425354	1	402
DXJG01000002	425425	425847	-1	403
DXJG01000002	425969	426115	1	404
DXJG01000002	426267	427349	-1	405
DXJG01000002	427328	428932	-1	406
DXJG01000002	428946	429905	-1	407
DXJG01000002	430386	431447	1	408
DXJG01000002	431487	432551	1	409
DXJG01000002	432582	433553	1	410
DXJG01000002	433544	434326	1	411
DXJG01000002	434418	435854	-1	412
DXJG01000002	436022	437140	-1	413
DXJG01000002	437323	438609	1	414
DXJG01000002	438644	439495	-1	415
DXJG01000002	439507	440370	-1	416
DXJG01000002	440360	441361	-1	417
DXJG01000002	441837	442298	-1	418
DXJG01000002	442945	443367	-1	419
DXJG01000002	443884	444603	1	420
DXJG01000002	444626	446626	1	421
DXJG01000002	447019	448116	1	422
DXJG01000002	448474	449655	1	423
DXJG01000002	449680	450273	1	424
DXJG01000002	450460	451605	1	425
DXJG01000002	451666	451962	-1	426
DXJG01000002	451959	452447	-1	427
DXJG01000002	452444	453886	-1	428
DXJG01000002	454238	455170	1	429
DXJG01000002	455193	457031	-1	430
DXJG01000002	457374	458519	1	431
DXJG01000002	458638	459444	1	432
DXJG01000002	459642	461105	1	433
DXJG01000002	461141	461617	-1	434
DXJG01000002	461691	462125	-1	435
DXJG01000002	462337	462720	-1	436
DXJG01000002	462829	463593	-1	437
DXJG01000002	463837	464070	1	438
DXJG01000002	464078	464689	-1	439
DXJG01000002	465062	467089	1	440
DXJG01000002	467308	468147	1	441
DXJG01000002	468436	471168	1	442
DXJG01000002	471214	472014	1	443
DXJG01000002	472072	472896	-1	444
DXJG01000002	473011	474702	1	445
DXJG01000002	474897	475943	1	446
DXJG01000002	475940	477127	-1	447
DXJG01000002	477232	477954	-1	448
DXJG01000002	478109	478633	1	449
DXJG01000002	478651	479436	-1	450
DXJG01000002	479426	480160	-1	451
DXJG01000002	480184	481179	-1	452
DXJG01000002	481525	482016	1	453
DXJG01000002	482147	484273	1	454
DXJG01000002	484292	484924	-1	455
DXJG01000002	484943	486349	-1	456
DXJG01000002	486703	487353	1	457
DXJG01000002	487498	487989	-1	458
DXJG01000002	488090	488965	1	459
DXJG01000002	489127	489603	1	460
DXJG01000002	489645	490556	1	461
DXJG01000002	490553	491068	1	462
DXJG01000002	491352	492701	-1	463
DXJG01000002	493070	493492	1	464
DXJG01000002	493527	494057	1	465
DXJG01000002	494094	494270	-1	466
DXJG01000002	494562	494996	1	467
DXJG01000002	495023	495709	1	468
DXJG01000002	495706	496530	1	469
DXJG01000002	496527	497054	-1	470
DXJG01000002	497172	497669	-1	471
DXJG01000002	497994	499460	-1	472
DXJG01000002	499798	501174	1	473
DXJG01000002	501270	502943	1	474
DXJG01000002	503140	504543	1	475
DXJG01000002	504540	505664	1	476
DXJG01000002	505901	506842	1	477
DXJG01000002	506858	507298	1	478
DXJG01000002	507313	507897	-1	479
DXJG01000002	507894	508508	-1	480
DXJG01000002	508847	509689	1	481
DXJG01000002	509711	510277	-1	482
DXJG01000002	510772	511845	1	483
DXJG01000002	511835	513193	-1	484
DXJG01000002	513356	513880	-1	485
DXJG01000002	513991	514470	1	486
DXJG01000002	514683	516089	1	487
DXJG01000002	516139	516435	-1	488
DXJG01000002	516728	517237	1	489
DXJG01000002	517301	518203	1	490
DXJG01000002	518411	518635	1	491
DXJG01000002	518649	519143	1	492
DXJG01000002	519126	519704	-1	493
DXJG01000002	519761	520339	-1	494
DXJG01000002	520525	521067	-1	495
DXJG01000002	521409	522521	1	496
DXJG01000002	522580	523314	-1	497
DXJG01000002	523449	523793	-1	498
DXJG01000002	523824	525137	-1	499
DXJG01000002	525166	526245	-1	500
DXJG01000002	526356	527723	-1	501
DXJG01000002	527763	528935	-1	502
DXJG01000002	529015	529320	1	503
DXJG01000002	529503	531356	1	504
DXJG01000002	531492	532193	-1	505
DXJG01000002	532337	533014	-1	506
DXJG01000002	533184	534362	1	507
DXJG01000002	534371	534598	-1	508
DXJG01000002	534588	535520	-1	509
DXJG01000002	535643	537043	1	510
DXJG01000002	537045	538418	1	511
DXJG01000002	538527	539207	-1	512
DXJG01000002	539424	540461	1	513
DXJG01000002	541001	541984	1	514
DXJG01000002	542007	542180	-1	515
DXJG01000002	542595	542918	1	516
DXJG01000002	543160	543888	1	517
DXJG01000002	544088	544813	1	518
DXJG01000002	544816	545730	-1	519
DXJG01000002	545833	546174	1	520
DXJG01000002	546325	547509	1	521
DXJG01000002	547614	547910	-1	522
DXJG01000002	548054	548860	-1	523
DXJG01000002	549013	550059	-1	524
DXJG01000002	550097	550192	-1	525
DXJG01000002	550341	550961	1	526
DXJG01000002	551497	552930	-1	527
DXJG01000002	553157	553354	1	528
DXJG01000002	553518	553637	1	529
DXJG01000002	554634	554987	-1	530
DXJG01000002	554966	555361	-1	531
DXJG01000002	555813	556148	1	532
DXJG01000002	556129	556932	-1	533
DXJG01000002	557047	558186	-1	534
DXJG01000002	558527	558661	-1	535
DXJG01000002	558658	559188	-1	536
DXJG01000002	559622	559756	-1	537
DXJG01000002	560046	561644	1	538
DXJG01000002	561890	562489	1	539
DXJG01000002	562586	563248	1	540
DXJG01000002	563249	564358	1	541
DXJG01000002	564396	566039	-1	542
DXJG01000002	566313	567320	1	543
DXJG01000002	567333	568697	1	544
DXJG01000002	568936	570753	1	545
DXJG01000002	570770	571858	-1	546
DXJG01000002	571875	574007	-1	547
DXJG01000002	574217	575113	-1	548
DXJG01000002	575206	575661	-1	549
DXJG01000002	576092	576823	1	550
DXJG01000002	576815	577663	-1	551
DXJG01000002	577713	578864	-1	552
DXJG01000002	578943	579803	-1	553
DXJG01000002	579902	580384	-1	554
DXJG01000002	580454	581620	-1	555
DXJG01000002	581646	582575	-1	556
DXJG01000002	583051	583734	1	557
DXJG01000002	583757	583909	-1	558
DXJG01000002	584253	584933	1	559
DXJG01000002	585005	585217	1	560
DXJG01000002	585292	586293	1	561
DXJG01000002	586426	587100	1	562
DXJG01000002	587114	587989	1	563
DXJG01000002	588131	588874	1	564
DXJG01000002	589002	589394	1	565
DXJG01000002	589396	590748	1	566
DXJG01000002	590745	591050	-1	567
DXJG01000002	591068	592012	-1	568
DXJG01000002	592182	593132	1	569
DXJG01000002	593125	593580	1	570
DXJG01000002	593590	594759	1	571
DXJG01000002	594821	595765	-1	572
DXJG01000002	595767	596705	-1	573
DXJG01000002	596857	598038	-1	574
DXJG01000002	598387	598977	1	575
DXJG01000002	599258	599968	1	576
DXJG01000002	600045	600893	-1	577
DXJG01000002	601198	602895	1	578
DXJG01000002	602899	603705	1	579
DXJG01000002	603718	604392	1	580
DXJG01000002	604370	605023	1	581
DXJG01000002	605233	605988	-1	582
DXJG01000002	606109	607065	1	583
DXJG01000002	607149	608456	-1	584
DXJG01000002	608702	609724	1	585
DXJG01000002	609805	611082	1	586
DXJG01000002	611162	611653	1	587
DXJG01000002	611655	611981	1	588
DXJG01000003	217	1008	-1	1
DXJG01000003	1211	1444	-1	2
DXJG01000003	1528	2037	1	3
DXJG01000003	2067	2489	1	4
DXJG01000003	2505	4421	-1	5
DXJG01000003	4713	5159	1	6
DXJG01000003	5183	5932	-1	7
DXJG01000003	6009	6296	-1	8
DXJG01000003	6322	6549	-1	9
DXJG01000003	6536	7516	-1	10
DXJG01000003	7613	8287	-1	11
DXJG01000003	8621	9826	1	12
DXJG01000003	10013	10420	1	13
DXJG01000003	10503	10967	-1	14
DXJG01000003	11177	11512	-1	15
DXJG01000003	11633	12757	-1	16
DXJG01000003	12832	13119	-1	17
DXJG01000003	13133	13333	-1	18
DXJG01000003	13333	13971	-1	19
DXJG01000003	13978	14466	-1	20
DXJG01000003	15058	15393	1	21
DXJG01000003	15408	15833	1	22
DXJG01000003	15845	16285	1	23
DXJG01000003	16278	17030	1	24
DXJG01000003	17098	17655	1	25
DXJG01000003	17666	17827	1	26
DXJG01000003	17831	18226	1	27
DXJG01000003	18241	18804	1	28
DXJG01000003	18818	19240	1	29
DXJG01000003	19206	19667	1	30
DXJG01000003	19679	20278	1	31
DXJG01000003	20281	20916	1	32
DXJG01000003	20930	21409	1	33
DXJG01000003	21425	21874	1	34
DXJG01000003	21958	23421	1	35
DXJG01000003	23431	23928	1	36
DXJG01000003	23999	24271	1	37
DXJG01000003	24274	24825	1	38
DXJG01000003	24877	25167	1	39
DXJG01000003	25227	26240	1	40
DXJG01000003	26267	26881	1	41
DXJG01000003	27418	27942	1	42
DXJG01000003	28761	29216	1	43
DXJG01000003	29230	29787	1	44
DXJG01000003	29780	30181	1	45
DXJG01000003	30135	31022	1	46
DXJG01000003	31033	31398	1	47
DXJG01000003	31409	31876	1	48
DXJG01000003	31878	32282	1	49
DXJG01000003	32482	32733	1	50
DXJG01000003	32809	33432	1	51
DXJG01000003	33742	34722	1	52
DXJG01000003	34709	35506	1	53
DXJG01000003	35534	36709	1	54
DXJG01000003	36706	37206	1	55
DXJG01000003	37303	37485	-1	56
DXJG01000003	37496	37714	-1	57
DXJG01000003	37956	38324	1	58
DXJG01000003	38420	38866	1	59
DXJG01000003	39049	39168	1	60
DXJG01000003	39586	40860	1	61
DXJG01000003	40873	41259	1	62
DXJG01000003	41478	42737	1	63
DXJG01000003	42734	43156	1	64
DXJG01000003	43279	43869	1	65
DXJG01000003	43850	44038	1	66
DXJG01000003	44049	44588	1	67
DXJG01000003	44578	44883	1	68
DXJG01000003	44982	45167	1	69
DXJG01000003	45282	45923	1	70
DXJG01000003	45920	46495	1	71
DXJG01000003	46666	47121	1	72
DXJG01000003	47138	48634	1	73
DXJG01000003	48600	48857	1	74
DXJG01000003	48998	49603	1	75
DXJG01000003	49970	50221	1	76
DXJG01000003	50301	50912	1	77
DXJG01000003	50924	52201	1	78
DXJG01000003	52232	52738	-1	79
DXJG01000003	53552	57895	1	80
DXJG01000003	57950	59341	1	81
DXJG01000003	59476	59601	1	82
DXJG01000004	717	1625	1	1
DXJG01000004	1629	2666	1	2
DXJG01000004	2667	2948	1	3
DXJG01000004	2945	3541	1	4
DXJG01000004	3595	4266	-1	5
DXJG01000004	4268	5023	-1	6
DXJG01000004	5010	6713	-1	7
DXJG01000004	6697	7908	-1	8
DXJG01000004	7914	8669	-1	9
DXJG01000004	8680	9759	-1	10
DXJG01000004	9769	10119	-1	11
DXJG01000004	10834	11640	-1	12
DXJG01000004	11730	13301	-1	13
DXJG01000004	13285	14739	-1	14
DXJG01000004	15061	15309	1	15
DXJG01000004	15677	17611	-1	16
DXJG01000004	17608	18108	-1	17
DXJG01000004	18214	19584	1	18
DXJG01000004	19595	20947	1	19
DXJG01000004	20998	22185	1	20
DXJG01000004	22130	22702	1	21
DXJG01000004	22689	22970	1	22
DXJG01000004	22972	24882	1	23
DXJG01000004	24949	25449	1	24
DXJG01000004	25450	27360	1	25
DXJG01000004	27559	28527	1	26
DXJG01000004	28536	29375	1	27
DXJG01000004	29444	30079	-1	28
DXJG01000004	30249	31850	1	29
DXJG01000004	32125	32979	1	30
DXJG01000004	33073	34020	-1	31
DXJG01000004	34638	36188	1	32
DXJG01000004	36275	37186	-1	33
DXJG01000004	37564	37917	1	34
DXJG01000004	38423	39109	1	35
DXJG01000004	39181	39504	1	36
DXJG01000004	39523	39882	-1	37
DXJG01000004	40010	41272	-1	38
DXJG01000004	41464	42525	-1	39
DXJG01000004	42703	43629	1	40
DXJG01000004	43674	44216	-1	41
DXJG01000004	44297	45571	1	42
DXJG01000004	45498	46079	-1	43
DXJG01000004	46428	47846	-1	44
DXJG01000004	47977	48705	1	45
DXJG01000004	48702	49367	-1	46
DXJG01000004	49389	50471	-1	47
DXJG01000004	50618	51346	1	48
DXJG01000004	51341	52576	-1	49
DXJG01000004	53101	53784	1	50
DXJG01000004	53785	54267	1	51
DXJG01000004	54260	54727	1	52
DXJG01000004	54734	55432	1	53
DXJG01000004	55429	56568	1	54
DXJG01000004	56630	57331	1	55
DXJG01000004	57468	58028	-1	56
DXJG01000004	58373	59239	1	57
DXJG01000004	59742	60476	1	58
DXJG01000004	61037	61951	1	59
DXJG01000004	61968	63428	1	60
DXJG01000004	63472	64692	1	61
DXJG01000004	64717	66402	-1	62
DXJG01000004	66402	67277	-1	63
DXJG01000004	67293	67544	-1	64
DXJG01000004	67531	68049	-1	65
DXJG01000004	68061	68501	-1	66
DXJG01000004	68514	69095	-1	67
DXJG01000004	69092	70117	-1	68
DXJG01000004	70164	70481	-1	69
DXJG01000004	70816	71322	-1	70
DXJG01000004	71361	72362	-1	71
DXJG01000004	72523	73575	1	72
DXJG01000004	73646	73942	-1	73
DXJG01000004	74113	75705	-1	74
DXJG01000004	76273	77436	1	75
DXJG01000004	77507	77941	1	76
DXJG01000004	77972	78793	1	77
DXJG01000004	79111	79851	-1	78
DXJG01000004	79927	80376	1	79
DXJG01000004	80395	81357	1	80
DXJG01000004	81449	82885	-1	81
DXJG01000004	82882	83610	-1	82
DXJG01000004	83753	84454	-1	83
DXJG01000004	84495	84956	-1	84
DXJG01000004	84935	85528	-1	85
DXJG01000004	85706	86644	-1	86
DXJG01000004	86872	87900	-1	87
DXJG01000004	88037	89200	-1	88
DXJG01000004	89203	90621	-1	89
DXJG01000004	90655	90996	-1	90
DXJG01000004	91177	92103	-1	91
DXJG01000004	92100	93014	-1	92
DXJG01000004	93015	93929	-1	93
DXJG01000004	94105	94698	1	94
DXJG01000004	94702	96393	-1	95
DXJG01000004	96537	97982	1	96
DXJG01000004	97988	99337	1	97
DXJG01000004	99380	99802	-1	98
DXJG01000004	99815	100279	-1	99
DXJG01000004	100669	101451	-1	100
DXJG01000004	101534	102118	-1	101
DXJG01000004	102209	102769	-1	102
DXJG01000004	103031	103894	-1	103
DXJG01000004	104037	104591	-1	104
DXJG01000004	104816	105613	1	105
DXJG01000004	105884	106570	1	106
DXJG01000004	106691	106915	-1	107
DXJG01000004	107112	107864	1	108
DXJG01000004	108061	109296	1	109
DXJG01000004	109307	110167	-1	110
DXJG01000004	110464	111642	1	111
DXJG01000004	111692	112954	-1	112
DXJG01000004	113171	113992	-1	113
DXJG01000004	114266	115183	1	114
DXJG01000004	115183	115998	1	115
DXJG01000004	116008	116883	-1	116
DXJG01000004	117033	117956	1	117
DXJG01000004	118047	118847	-1	118
DXJG01000004	119056	120138	1	119
DXJG01000004	120181	120564	1	120
DXJG01000004	120779	121033	1	121
DXJG01000004	120999	121436	1	122
DXJG01000004	121610	122362	1	123
DXJG01000004	122416	123111	1	124
DXJG01000004	123123	125225	-1	125
DXJG01000004	125398	125877	1	126
DXJG01000004	125898	126479	1	127
DXJG01000004	126499	126867	-1	128
DXJG01000004	127071	128006	-1	129
DXJG01000004	128227	129639	1	130
DXJG01000004	129876	130112	-1	131
DXJG01000004	130265	131812	-1	132
DXJG01000004	132291	133037	1	133
DXJG01000004	133103	133900	-1	134
DXJG01000004	134120	135496	1	135
DXJG01000004	135500	136408	-1	136
DXJG01000004	136478	137536	-1	137
DXJG01000004	137690	137917	1	138
DXJG01000004	137986	138600	-1	139
DXJG01000004	138603	140513	-1	140
DXJG01000004	140744	141562	1	141
DXJG01000004	141584	142015	-1	142
DXJG01000004	142204	143310	1	143
DXJG01000004	143521	144120	1	144
DXJG01000004	144257	145795	-1	145
DXJG01000004	145918	146400	-1	146
DXJG01000004	146619	147899	1	147
DXJG01000004	147957	149792	-1	148
DXJG01000004	150171	150704	1	149
DXJG01000004	150862	151077	-1	150
DXJG01000004	151107	152936	-1	151
DXJG01000004	153247	153789	-1	152
DXJG01000004	154016	154258	-1	153
DXJG01000004	154239	154727	-1	154
DXJG01000004	154925	155839	-1	155
DXJG01000004	156053	157522	1	156
DXJG01000004	157612	158532	-1	157
DXJG01000004	158741	159403	1	158
DXJG01000004	159640	160494	1	159
DXJG01000004	160614	161504	1	160
DXJG01000004	161520	162638	1	161
DXJG01000004	162672	163334	1	162
DXJG01000004	163413	163949	-1	163
DXJG01000004	164120	164527	1	164
DXJG01000004	164541	166106	1	165
DXJG01000004	166120	166755	-1	166
DXJG01000004	167050	167400	-1	167
DXJG01000004	167390	168901	-1	168
DXJG01000004	168877	170460	-1	169
DXJG01000004	170589	171743	-1	170
DXJG01000004	171925	172812	1	171
DXJG01000004	172902	174470	1	172
DXJG01000004	174562	175101	1	173
DXJG01000004	175274	176305	1	174
DXJG01000004	176307	176549	1	175
DXJG01000004	176553	177197	-1	176
DXJG01000004	177292	177774	-1	177
DXJG01000004	177972	181874	-1	178
DXJG01000004	182217	182888	1	179
DXJG01000004	183058	183873	1	180
DXJG01000004	183887	184519	1	181
DXJG01000004	184580	185335	1	182
DXJG01000004	185456	185986	1	183
DXJG01000004	186060	186515	1	184
DXJG01000004	186535	188325	1	185
DXJG01000004	188415	188819	1	186
DXJG01000004	188873	189583	-1	187
DXJG01000004	189842	191164	1	188
DXJG01000004	191148	191984	-1	189
DXJG01000004	192110	193426	1	190
DXJG01000004	193438	194181	-1	191
DXJG01000004	194259	194954	-1	192
DXJG01000004	195060	195818	-1	193
DXJG01000004	196049	196492	1	194
DXJG01000004	196729	197382	-1	195
DXJG01000004	197562	198185	1	196
DXJG01000004	198281	199507	1	197
DXJG01000004	199588	200622	1	198
DXJG01000004	200662	201501	-1	199
DXJG01000004	201657	202385	-1	200
DXJG01000004	202560	202700	-1	201
DXJG01000004	202910	203302	1	202
DXJG01000004	203360	205309	1	203
DXJG01000004	205665	206228	1	204
DXJG01000004	206229	207116	1	205
DXJG01000004	207122	209509	1	206
DXJG01000004	209579	210010	-1	207
DXJG01000004	210199	210900	-1	208
DXJG01000004	211151	211582	-1	209
DXJG01000004	211699	212070	1	210
DXJG01000004	212090	212509	1	211
DXJG01000004	212506	212949	1	212
DXJG01000004	213066	214289	-1	213
DXJG01000004	214277	215332	-1	214
DXJG01000004	215556	215957	-1	215
DXJG01000004	215960	217153	-1	216
DXJG01000004	217526	218215	1	217
DXJG01000004	218305	219198	-1	218
DXJG01000004	219436	220362	-1	219
DXJG01000004	220478	220876	-1	220
DXJG01000004	220942	221358	-1	221
DXJG01000004	221797	222519	-1	222
DXJG01000004	222691	223218	-1	223
DXJG01000004	223668	224525	1	224
DXJG01000004	224657	227668	1	225
DXJG01000004	227874	228287	1	226
DXJG01000004	228284	229069	1	227
DXJG01000004	229146	230591	-1	228
DXJG01000004	230960	232306	1	229
DXJG01000004	232478	233917	-1	230
DXJG01000004	234157	235383	-1	231
DXJG01000004	235418	237289	-1	232
DXJG01000004	237445	238539	-1	233
DXJG01000004	238633	239184	1	234
DXJG01000004	239189	239551	1	235
DXJG01000004	239657	240016	1	236
DXJG01000004	240198	240482	-1	237
DXJG01000004	240486	240680	-1	238
DXJG01000004	240697	240819	-1	239
DXJG01000004	241076	242479	1	240
DXJG01000004	242487	243641	-1	241
DXJG01000004	243914	245125	-1	242
DXJG01000004	245212	245487	-1	243
DXJG01000004	245772	246707	-1	244
DXJG01000004	246909	248054	-1	245
DXJG01000004	248182	249129	1	246
DXJG01000004	249229	249843	1	247
DXJG01000004	249869	250654	-1	248
DXJG01000004	250836	251813	-1	249
DXJG01000004	251867	253417	-1	250
DXJG01000005	128	2503	-1	1
DXJG01000005	2886	4181	-1	2
DXJG01000005	4207	4641	-1	3
DXJG01000005	4783	5253	1	4
DXJG01000005	5286	6566	1	5
DXJG01000005	6729	8045	1	6
DXJG01000005	8221	9141	1	7
DXJG01000005	9403	10197	1	8
DXJG01000005	10202	11176	1	9
DXJG01000005	11244	12449	-1	10
DXJG01000005	13345	13905	1	11
DXJG01000005	13905	14246	1	12
DXJG01000005	14248	14592	1	13
DXJG01000005	14846	15229	1	14
DXJG01000005	16320	17312	1	15
DXJG01000005	17326	19038	1	16
DXJG01000005	19195	19860	-1	17
DXJG01000005	19965	20270	-1	18
DXJG01000005	20287	21303	-1	19
DXJG01000005	21331	21987	-1	20
DXJG01000005	22105	22593	-1	21
DXJG01000005	22605	23069	-1	22
DXJG01000005	23084	23251	-1	23
DXJG01000005	23282	24406	-1	24
DXJG01000005	24565	25497	-1	25
DXJG01000005	25516	26427	-1	26
DXJG01000005	26450	26875	-1	27
DXJG01000005	26890	27132	-1	28
DXJG01000005	27151	27816	-1	29
DXJG01000005	27821	28126	-1	30
DXJG01000005	28140	28295	-1	31
DXJG01000005	28307	28642	-1	32
DXJG01000005	28660	29112	-1	33
DXJG01000005	29174	29461	-1	34
DXJG01000005	29445	29774	-1	35
DXJG01000005	29908	30774	1	36
DXJG01000005	30931	31506	-1	37
DXJG01000005	31882	32592	1	38
DXJG01000005	32712	33764	1	39
DXJG01000005	33979	34962	1	40
DXJG01000005	35261	36550	1	41
DXJG01000005	36597	36758	1	42
DXJG01000005	36755	36859	1	43
DXJG01000005	36890	37435	1	44
DXJG01000005	37640	38116	-1	45
DXJG01000005	38152	38268	-1	46
DXJG01000005	38305	38505	-1	47
DXJG01000005	38784	38963	-1	48
DXJG01000005	38966	39388	-1	49
DXJG01000005	39385	39645	-1	50
DXJG01000005	40031	40357	1	51
DXJG01000005	40407	41231	-1	52
DXJG01000005	41505	41858	1	53
DXJG01000006	287	514	1	1
DXJG01000006	516	995	1	2
DXJG01000006	1128	1352	1	3
DXJG01000006	1373	1687	1	4
DXJG01000006	1680	1904	1	5
DXJG01000006	1969	3363	1	6
DXJG01000006	3373	4644	-1	7
DXJG01000006	4882	5376	1	8
DXJG01000006	5580	5858	1	9
DXJG01000006	5863	6144	1	10
DXJG01000006	6276	6839	1	11
DXJG01000006	6836	8050	1	12
DXJG01000006	8074	8751	-1	13
DXJG01000006	8889	10217	-1	14
DXJG01000006	10231	11157	-1	15
DXJG01000006	11158	11775	-1	16
DXJG01000006	12048	12590	1	17
DXJG01000006	12685	13242	-1	18
DXJG01000006	13439	13900	1	19
DXJG01000006	13991	15175	1	20
DXJG01000006	15224	16192	1	21
DXJG01000006	16258	16350	-1	22
DXJG01000006	16513	18558	1	23
DXJG01000006	18669	19556	-1	24
DXJG01000006	19829	20614	-1	25
DXJG01000006	20818	21891	1	26
DXJG01000006	22064	23197	1	27
DXJG01000006	23231	24109	1	28
DXJG01000006	24148	24282	1	29
DXJG01000006	24306	25016	1	30
DXJG01000006	25157	25675	1	31
DXJG01000006	25737	26117	1	32
DXJG01000006	26251	26484	1	33
DXJG01000006	26495	26638	1	34
DXJG01000006	26714	27622	-1	35
DXJG01000006	27627	28682	-1	36
DXJG01000006	28663	30159	-1	37
DXJG01000006	30283	31494	-1	38
DXJG01000006	31988	32050	1	39
DXJG01000007	3	854	-1	1
DXJG01000007	1083	2237	1	2
DXJG01000007	2249	8701	-1	3
DXJG01000007	9023	11185	1	4
DXJG01000007	11325	12455	1	5
DXJG01000007	12773	17095	1	6
DXJG01000007	17325	18551	1	7
DXJG01000007	18714	19946	1	8
DXJG01000007	20206	20367	1	9
DXJG01000007	20576	20866	1	10
DXJG01000007	21063	21383	1	11
DXJG01000007	21448	22323	1	12
DXJG01000007	22361	22972	-1	13
DXJG01000007	23381	23659	1	14
DXJG01000007	23606	24772	-1	15
DXJG01000007	24898	25605	1	16
DXJG01000007	25735	25938	-1	17
DXJG01000007	26050	28377	-1	18
DXJG01000007	28648	29430	-1	19
DXJG01000007	29443	29853	-1	20
DXJG01000007	29954	30487	1	21
DXJG01000007	30654	32882	1	22
DXJG01000007	32946	33644	-1	23
DXJG01000007	33728	34999	1	24
DXJG01000007	34996	36630	1	25
DXJG01000007	36620	37819	1	26
DXJG01000007	37963	39396	1	27
DXJG01000007	39517	44433	1	28
DXJG01000007	44455	45147	-1	29
DXJG01000007	45192	45650	-1	30
DXJG01000007	45785	46021	1	31
DXJG01000007	46055	47944	1	32
DXJG01000007	48102	48413	1	33
DXJG01000007	48546	49328	1	34
DXJG01000007	49338	50939	1	35
DXJG01000007	50954	53926	-1	36
DXJG01000007	54079	54615	1	37
DXJG01000007	54766	55314	1	38
DXJG01000007	55320	56237	-1	39
DXJG01000007	56368	57732	-1	40
DXJG01000007	57932	58822	-1	41
DXJG01000007	59321	59965	1	42
DXJG01000007	60052	60972	1	43
DXJG01000007	61119	61835	1	44
DXJG01000007	61868	62758	-1	45
DXJG01000007	62932	63765	-1	46
DXJG01000007	64222	66315	1	47
DXJG01000007	66563	68746	1	48
DXJG01000007	69122	70189	1	49
DXJG01000007	70246	70446	1	50
DXJG01000007	70473	71762	-1	51
DXJG01000007	71993	72184	1	52
DXJG01000007	72253	73518	1	53
DXJG01000007	73565	74359	1	54
DXJG01000007	74497	75384	1	55
DXJG01000007	75539	75667	1	56
DXJG01000007	75795	77606	1	57
DXJG01000007	77701	78177	-1	58
DXJG01000007	78261	78923	-1	59
DXJG01000007	78954	81491	-1	60
DXJG01000007	81750	84941	-1	61
DXJG01000007	85065	86129	-1	62
DXJG01000007	86336	88111	1	63
DXJG01000007	88434	89168	1	64
DXJG01000007	89365	89838	-1	65
DXJG01000007	90040	91764	1	66
DXJG01000007	91781	92053	1	67
DXJG01000007	92419	93711	1	68
DXJG01000007	93809	94135	1	69
DXJG01000007	94163	94690	1	70
DXJG01000007	94708	95394	-1	71
DXJG01000007	95396	96469	-1	72
DXJG01000007	96830	98590	-1	73
DXJG01000007	98593	99006	-1	74
DXJG01000007	99497	100654	1	75
DXJG01000007	101084	102331	1	76
DXJG01000007	102339	103709	-1	77
DXJG01000007	103710	105098	-1	78
DXJG01000007	105417	106052	1	79
DXJG01000007	106583	106834	1	80
DXJG01000007	106836	107357	1	81
DXJG01000007	107446	107700	1	82
DXJG01000007	107915	108295	1	83
DXJG01000008	3	116	1	1
DXJG01000008	289	1179	1	2
DXJG01000008	1181	2182	1	3
DXJG01000008	2209	3513	1	4
DXJG01000008	3572	4039	1	5
DXJG01000008	4063	5601	-1	6
DXJG01000008	5598	6257	-1	7
DXJG01000008	6434	7885	1	8
DXJG01000008	8099	9694	1	9
DXJG01000008	9907	10809	1	10
DXJG01000008	10823	11689	1	11
DXJG01000008	11741	12832	1	12
DXJG01000008	12837	13865	-1	13
DXJG01000008	14065	15045	1	14
DXJG01000008	15143	15538	1	15
DXJG01000008	15737	16297	1	16
DXJG01000008	16312	17250	1	17
DXJG01000008	17530	18054	1	18
DXJG01000008	18051	18647	1	19
DXJG01000008	18644	18883	1	20
DXJG01000008	18889	20286	1	21
DXJG01000008	20283	20453	1	22
DXJG01000008	20450	21271	1	23
DXJG01000008	21372	22310	1	24
DXJG01000009	3	317	1	1
DXJG01000009	732	2099	-1	2
DXJG01000009	2250	2762	1	3
DXJG01000009	2764	3636	1	4
DXJG01000009	3648	5027	-1	5
DXJG01000009	5181	9209	-1	6
DXJG01000009	9491	11023	-1	7
DXJG01000009	11025	12434	-1	8
DXJG01000009	13008	14735	1	9
DXJG01000009	15072	15635	1	10
DXJG01000009	15863	15952	1	11
DXJG01000009	15987	18173	1	12
DXJG01000009	18180	18980	1	13
DXJG01000009	18977	19651	-1	14
DXJG01000009	19652	20416	-1	15
DXJG01000009	20579	21634	1	16
DXJG01000009	21682	22683	-1	17
DXJG01000009	22667	22972	-1	18
DXJG01000009	23203	24444	1	19
DXJG01000009	24506	25138	1	20
DXJG01000009	25241	25909	1	21
DXJG01000009	25902	26582	1	22
DXJG01000009	26579	27229	-1	23
DXJG01000009	27280	27999	-1	24
DXJG01000009	28014	28301	-1	25
DXJG01000009	28378	29229	1	26
DXJG01000009	29231	29440	-1	27
DXJG01000009	29760	29921	-1	28
DXJG01000009	30258	31124	-1	29
DXJG01000009	31127	32281	-1	30
DXJG01000009	32278	32778	-1	31
DXJG01000009	32952	33230	1	32
DXJG01000009	33300	33806	1	33
DXJG01000009	33850	35166	1	34
DXJG01000009	35176	35907	-1	35
DXJG01000009	35904	36605	-1	36
DXJG01000009	36611	37654	-1	37
DXJG01000009	37935	38504	1	38
DXJG01000009	38509	38712	1	39
DXJG01000009	38729	40099	-1	40
DXJG01000009	40109	40441	-1	41
DXJG01000009	40619	40885	-1	42
DXJG01000009	40899	43070	-1	43
DXJG01000009	43266	43532	-1	44
DXJG01000009	43544	43717	-1	45
DXJG01000009	43931	45139	-1	46
DXJG01000009	45473	46300	1	47
DXJG01000009	46297	46533	1	48
DXJG01000009	46558	47595	-1	49
DXJG01000009	48029	48232	1	50
DXJG01000009	48240	48752	1	51
DXJG01000009	48809	49879	-1	52
DXJG01000009	49940	50377	1	53
DXJG01000009	50367	51443	-1	54
DXJG01000009	51768	52532	1	55
DXJG01000009	52635	53675	-1	56
DXJG01000009	53942	54958	1	57
DXJG01000009	55536	56375	1	58
DXJG01000009	56468	57751	-1	59
DXJG01000009	57846	57980	1	60
DXJG01000009	57973	59286	1	61
DXJG01000009	59440	59913	1	62
DXJG01000009	59918	60334	1	63
DXJG01000009	60343	60657	1	64
DXJG01000009	60720	61838	1	65
DXJG01000009	61864	62172	1	66
DXJG01000009	62188	62964	1	67
DXJG01000009	62968	63540	1	68
DXJG01000009	63580	64800	-1	69
DXJG01000009	64812	66668	-1	70
DXJG01000009	67753	68532	1	71
DXJG01000009	68687	69778	-1	72
DXJG01000009	69778	70284	-1	73
DXJG01000009	70632	71933	-1	74
DXJG01000009	72095	73621	1	75
DXJG01000009	73773	74288	1	76
DXJG01000009	74349	75563	1	77
DXJG01000009	75635	76594	1	78
DXJG01000009	76769	77359	1	79
DXJG01000009	77475	77930	1	80
DXJG01000009	77933	78691	1	81
DXJG01000009	78661	78978	1	82
DXJG01000009	79206	79628	-1	83
DXJG01000009	79634	80107	-1	84
DXJG01000009	80204	80608	1	85
DXJG01000009	80734	81444	1	86
DXJG01000009	81458	82189	1	87
DXJG01000009	82194	82892	1	88
DXJG01000009	82889	83665	1	89
DXJG01000009	83649	84464	1	90
DXJG01000009	84457	84714	1	91
DXJG01000009	84722	85318	1	92
DXJG01000009	85315	85596	1	93
DXJG01000009	85593	85958	1	94
DXJG01000009	85948	86268	1	95
DXJG01000009	86237	87220	1	96
DXJG01000009	87301	88143	1	97
DXJG01000009	88140	88961	1	98
DXJG01000009	88966	89730	1	99
DXJG01000009	89935	90369	1	100
DXJG01000009	90549	91127	-1	101
DXJG01000009	91331	91918	1	102
DXJG01000009	91919	92446	-1	103
DXJG01000009	92506	93663	-1	104
DXJG01000009	93742	94686	1	105
DXJG01000009	94697	95308	1	106
DXJG01000009	95305	96000	-1	107
DXJG01000009	96419	97567	1	108
DXJG01000009	97907	98827	1	109
DXJG01000009	98824	99693	1	110
DXJG01000009	99779	100303	1	111
DXJG01000009	100354	100821	1	112
DXJG01000009	101135	101695	1	113
DXJG01000009	101669	102061	-1	114
DXJG01000009	102063	103211	-1	115
DXJG01000009	103401	103664	1	116
DXJG01000009	103928	104260	-1	117
DXJG01000009	104391	105332	1	118
DXJG01000009	105342	105935	1	119
DXJG01000009	105968	107776	1	120
DXJG01000009	107892	109445	-1	121
DXJG01000009	109792	111513	1	122
DXJG01000009	111712	112350	1	123
DXJG01000009	112299	112928	-1	124
DXJG01000009	112930	113748	-1	125
DXJG01000009	113841	114890	1	126
DXJG01000009	114896	115573	1	127
DXJG01000009	115760	116119	1	128
DXJG01000009	116543	117289	1	129
DXJG01000009	117393	120008	1	130
DXJG01000009	120027	120803	1	131
DXJG01000009	120836	121474	-1	132
DXJG01000009	121958	123778	1	133
DXJG01000009	123860	124312	-1	134
DXJG01000009	124672	125112	1	135
DXJG01000009	125145	125372	1	136
DXJG01000009	125616	126071	1	137
DXJG01000009	126022	126270	1	138
DXJG01000009	126351	126560	-1	139
DXJG01000009	126601	127665	-1	140
DXJG01000009	127720	129216	-1	141
DXJG01000009	129220	130704	-1	142
DXJG01000009	130717	132819	-1	143
DXJG01000009	132835	133143	-1	144
DXJG01000009	133140	133685	-1	145
DXJG01000009	133849	134163	1	146
DXJG01000009	134168	134785	1	147
DXJG01000009	135031	135987	1	148
DXJG01000009	136266	136580	1	149
DXJG01000009	136583	137017	1	150
DXJG01000009	137032	137505	1	151
DXJG01000009	137508	138725	1	152
DXJG01000009	138713	139708	1	153
DXJG01000009	139710	140063	1	154
DXJG01000009	140162	141535	-1	155
DXJG01000009	141999	142367	-1	156
DXJG01000009	142584	143384	-1	157
DXJG01000009	143752	144759	1	158
DXJG01000009	144968	146299	-1	159
DXJG01000009	146586	147113	-1	160
DXJG01000009	147236	147394	-1	161
DXJG01000009	147553	147687	-1	162
DXJG01000009	147859	149094	1	163
DXJG01000009	149114	149893	1	164
DXJG01000009	149910	151181	-1	165
DXJG01000009	151397	152068	-1	166
DXJG01000009	152081	153235	-1	167
DXJG01000009	153346	153966	1	168
DXJG01000009	154218	154847	1	169
DXJG01000009	154988	156520	-1	170
DXJG01000009	156778	157536	-1	171
DXJG01000009	157666	158988	-1	172
DXJG01000009	159227	160111	-1	173
DXJG01000009	160382	162631	-1	174
DXJG01000009	162788	165706	-1	175
DXJG01000009	166009	166761	1	176
DXJG01000009	166765	167772	-1	177
DXJG01000009	167787	168251	-1	178
DXJG01000009	168284	168517	-1	179
DXJG01000009	168514	168774	-1	180
DXJG01000009	168932	169363	1	181
DXJG01000009	169487	170218	1	182
DXJG01000009	170220	170828	1	183
DXJG01000009	170839	171126	1	184
DXJG01000009	171136	171876	1	185
DXJG01000009	171917	172306	-1	186
DXJG01000009	172512	173801	1	187
DXJG01000009	174033	175796	1	188
DXJG01000009	175777	177189	1	189
DXJG01000009	177192	179306	1	190
DXJG01000009	179689	180285	1	191
DXJG01000009	180294	184322	-1	192
DXJG01000009	184432	184857	1	193
DXJG01000009	184917	185333	-1	194
DXJG01000009	185566	186423	1	195
DXJG01000009	186407	187669	1	196
DXJG01000009	187874	188728	-1	197
DXJG01000009	188791	189444	-1	198
DXJG01000009	189627	190538	1	199
DXJG01000009	190693	192141	1	200
DXJG01000009	192154	192831	-1	201
DXJG01000009	192984	193997	1	202
DXJG01000009	194059	195210	1	203
DXJG01000009	195276	196808	-1	204
DXJG01000009	197057	197632	1	205
DXJG01000009	197625	197969	-1	206
DXJG01000009	198476	198763	1	207
DXJG01000009	198832	199458	-1	208
DXJG01000009	199523	200080	-1	209
DXJG01000009	200074	200955	-1	210
DXJG01000009	200971	201909	-1	211
DXJG01000009	202011	203093	-1	212
DXJG01000009	203132	203941	-1	213
DXJG01000009	204100	205449	1	214
DXJG01000009	205696	206826	1	215
DXJG01000009	206829	207521	-1	216
DXJG01000009	207843	209057	1	217
DXJG01000009	209122	210183	-1	218
DXJG01000009	210336	210911	1	219
DXJG01000009	210913	211497	1	220
DXJG01000009	211497	212120	1	221
DXJG01000009	212259	214004	1	222
DXJG01000009	214028	214759	-1	223
DXJG01000009	214948	216147	1	224
DXJG01000009	216224	217024	-1	225
DXJG01000009	217027	218202	-1	226
DXJG01000009	218373	219611	1	227
DXJG01000009	219639	219869	-1	228
DXJG01000009	220198	220806	1	229
DXJG01000009	220784	221416	-1	230
DXJG01000009	221403	222119	-1	231
DXJG01000009	222142	223278	-1	232
DXJG01000009	223393	223887	1	233
DXJG01000009	223916	225073	1	234
DXJG01000009	225227	226870	1	235
DXJG01000009	227031	227363	1	236
DXJG01000009	227619	228470	1	237
DXJG01000009	228473	228838	1	238
DXJG01000009	228856	230133	-1	239
DXJG01000009	230235	231017	1	240
DXJG01000009	231075	231932	1	241
DXJG01000009	231969	234158	-1	242
DXJG01000009	234173	234439	-1	243
DXJG01000009	234725	235945	1	244
DXJG01000009	236085	236993	1	245
DXJG01000009	237294	237518	1	246
DXJG01000009	237789	238340	1	247
DXJG01000009	238541	239488	1	248
DXJG01000009	239806	240090	1	249
DXJG01000009	240152	240667	1	250
DXJG01000009	240659	241210	-1	251
DXJG01000009	241646	242569	1	252
DXJG01000009	242664	243911	-1	253
DXJG01000009	244248	245042	-1	254
DXJG01000009	245238	245696	-1	255
DXJG01000009	245753	247108	1	256
DXJG01000009	247537	248733	-1	257
DXJG01000009	248877	250061	-1	258
DXJG01000009	250065	250814	-1	259
DXJG01000009	250829	251110	-1	260
DXJG01000009	251171	251737	1	261
DXJG01000009	251777	254059	-1	262
DXJG01000009	254279	255244	1	263
DXJG01000009	255258	256079	-1	264
DXJG01000009	256185	257393	-1	265
DXJG01000009	257467	258918	-1	266
DXJG01000009	259023	259400	-1	267
DXJG01000009	259532	260920	-1	268
DXJG01000009	260924	262303	-1	269
DXJG01000009	262300	262677	-1	270
DXJG01000009	262861	263151	1	271
DXJG01000009	263593	263784	1	272
DXJG01000009	263841	264395	1	273
DXJG01000009	264547	265083	1	274
DXJG01000009	265382	265906	1	275
DXJG01000009	266034	266441	-1	276
DXJG01000009	266549	266812	-1	277
DXJG01000009	267330	268424	-1	278
DXJG01000009	268457	269338	-1	279
DXJG01000009	269504	270148	1	280
DXJG01000009	270138	272438	-1	281
DXJG01000009	272492	273241	-1	282
DXJG01000009	273327	274097	-1	283
DXJG01000009	274129	275232	-1	284
DXJG01000009	275396	275851	-1	285
DXJG01000009	276220	276630	-1	286
DXJG01000009	276969	277937	-1	287
DXJG01000009	278272	279084	-1	288
DXJG01000009	279448	280524	1	289
DXJG01000009	280703	281536	-1	290
DXJG01000009	281786	282745	1	291
DXJG01000009	282747	283772	-1	292
DXJG01000009	283775	284080	-1	293
DXJG01000009	284083	285189	-1	294
DXJG01000009	285547	287157	1	295
DXJG01000009	287297	288619	1	296
DXJG01000009	289142	290422	1	297
DXJG01000009	290435	291739	-1	298
DXJG01000009	291851	293128	1	299
DXJG01000009	293130	294158	1	300
DXJG01000009	294240	295217	1	301
DXJG01000009	295293	297089	1	302
DXJG01000009	297086	298672	1	303
DXJG01000009	298714	299391	1	304
DXJG01000009	299415	299999	-1	305
DXJG01000009	300143	301153	1	306
DXJG01000009	301408	302955	1	307
DXJG01000009	303033	303251	1	308
DXJG01000009	303276	303797	-1	309
DXJG01000009	303799	305184	-1	310
DXJG01000009	305200	306351	-1	311
DXJG01000009	306368	306601	-1	312
DXJG01000009	306697	308070	-1	313
DXJG01000009	308131	309150	-1	314
DXJG01000009	309135	309293	-1	315
DXJG01000009	309561	309746	1	316
DXJG01000009	309850	310293	-1	317
DXJG01000009	310647	311849	1	318
DXJG01000009	311990	313078	1	319
DXJG01000009	313513	316689	1	320
DXJG01000009	316820	319018	1	321
DXJG01000009	319713	320630	-1	322
DXJG01000009	321206	323434	1	323
DXJG01000009	323460	324710	1	324
DXJG01000009	324707	325891	1	325
DXJG01000009	325943	327049	1	326
DXJG01000009	327187	328284	-1	327
DXJG01000009	328241	329575	-1	328
DXJG01000009	329642	329965	-1	329
DXJG01000009	330254	331291	-1	330
DXJG01000009	331240	333144	-1	331
DXJG01000009	333149	334345	-1	332
DXJG01000009	334667	336181	1	333
DXJG01000009	336272	336580	1	334
DXJG01000009	336657	337832	-1	335
DXJG01000009	337816	337956	-1	336
DXJG01000009	338471	338665	-1	337
DXJG01000010	3	317	1	1
DXJG01000010	467	1417	1	2
DXJG01000010	1760	2887	1	3
DXJG01000010	2889	4271	-1	4
DXJG01000010	4408	4911	1	5
DXJG01000010	5187	5384	1	6
DXJG01000010	5505	6125	-1	7
DXJG01000010	6234	6494	-1	8
DXJG01000010	6901	7791	1	9
DXJG01000010	7795	8124	-1	10
DXJG01000010	8139	8672	-1	11
DXJG01000010	8941	9312	1	12
DXJG01000010	9352	10449	-1	13
DXJG01000010	10566	11486	-1	14
DXJG01000010	11536	13185	1	15
DXJG01000010	13204	14400	-1	16
DXJG01000010	14651	14923	1	17
DXJG01000010	15164	15994	1	18
DXJG01000010	16077	16235	1	19
DXJG01000010	16354	17109	1	20
DXJG01000010	17348	17701	1	21
DXJG01000010	17798	18466	1	22
DXJG01000010	18575	19273	1	23
DXJG01000010	19309	20025	-1	24
DXJG01000010	19986	20129	-1	25
DXJG01000010	20287	20571	-1	26
DXJG01000010	20756	21121	1	27
DXJG01000010	21492	21701	1	28
DXJG01000010	21874	22383	1	29
DXJG01000010	22508	23896	-1	30
DXJG01000010	24464	25858	1	31
DXJG01000010	26029	26493	1	32
DXJG01000010	26618	26737	1	33
DXJG01000010	26950	28290	1	34
DXJG01000010	28274	29905	1	35
DXJG01000010	29908	31080	1	36
DXJG01000010	31074	33467	1	37
DXJG01000010	33619	34035	-1	38
DXJG01000010	34244	34564	-1	39
DXJG01000010	35127	35348	-1	40
DXJG01000010	35382	35603	-1	41
DXJG01000010	35838	36611	-1	42
DXJG01000010	36703	37131	-1	43
DXJG01000010	37250	37519	-1	44
DXJG01000010	37506	37697	-1	45
DXJG01000010	38042	38350	-1	46
DXJG01000010	38459	38899	1	47
DXJG01000010	38959	39276	-1	48
DXJG01000010	39699	39956	1	49
DXJG01000010	39946	40443	1	50
DXJG01000010	40705	41514	1	51
DXJG01000010	41922	42626	-1	52
DXJG01000010	42643	42777	-1	53
DXJG01000010	42875	42994	-1	54
DXJG01000010	43341	43703	1	55
DXJG01000010	43978	44289	1	56
DXJG01000010	44332	45072	1	57
DXJG01000010	45069	45440	1	58
DXJG01000010	45707	46702	1	59
DXJG01000010	46705	47172	1	60
DXJG01000010	47399	47830	-1	61
DXJG01000010	47811	48083	-1	62
DXJG01000010	48671	48841	1	63
DXJG01000010	48841	49098	1	64
DXJG01000010	49257	49460	1	65
DXJG01000010	49695	49853	1	66
DXJG01000010	49874	50491	-1	67
DXJG01000010	50454	50822	-1	68
DXJG01000010	51044	51412	-1	69
DXJG01000010	51713	52252	1	70
DXJG01000010	52634	53152	-1	71
DXJG01000010	53388	53651	1	72
DXJG01000010	53648	54001	1	73
DXJG01000010	54217	54885	-1	74
DXJG01000010	55149	55469	-1	75
DXJG01000010	55803	56747	-1	76
DXJG01000010	56761	57741	-1	77
DXJG01000010	57903	59153	1	78
DXJG01000010	59155	60846	1	79
DXJG01000010	61003	62910	1	80
DXJG01000010	63017	63856	-1	81
DXJG01000010	64254	64787	-1	82
DXJG01000010	64760	65086	-1	83
DXJG01000010	65659	66258	1	84
DXJG01000010	66641	67852	1	85
DXJG01000010	67854	68843	1	86
DXJG01000010	68972	69868	1	87
DXJG01000010	69930	70403	1	88
DXJG01000010	70472	71665	1	89
DXJG01000010	71738	71902	1	90
DXJG01000010	72139	73392	1	91
DXJG01000010	73374	74192	1	92
DXJG01000010	74199	75062	1	93
DXJG01000010	75079	75555	-1	94
DXJG01000010	75802	76428	1	95
DXJG01000010	76759	77259	-1	96
DXJG01000010	77211	77486	-1	97
DXJG01000010	77635	78777	1	98
DXJG01000010	78834	80210	-1	99
DXJG01000010	80555	81757	-1	100
DXJG01000010	81982	83721	1	101
DXJG01000010	83902	84315	1	102
DXJG01000010	84305	84796	-1	103
DXJG01000010	84805	85548	-1	104
DXJG01000010	85549	87177	-1	105
DXJG01000010	87277	88443	1	106
DXJG01000010	88456	89745	-1	107
DXJG01000010	90409	91770	1	108
DXJG01000011	626	1603	-1	1
DXJG01000011	1636	2637	-1	2
DXJG01000011	2736	3281	-1	3
DXJG01000011	3355	3603	1	4
DXJG01000011	3615	5177	-1	5
DXJG01000011	5303	6631	1	6
DXJG01000011	6861	6974	-1	7
DXJG01000011	7467	8942	1	8
DXJG01000011	8959	9453	1	9
DXJG01000011	9561	13364	-1	10
DXJG01000011	13591	14442	-1	11
DXJG01000011	14811	15647	1	12
DXJG01000011	15790	16140	1	13
DXJG01000012	253	1845	-1	1
DXJG01000012	1929	6509	-1	2
DXJG01000012	7003	8298	1	3
DXJG01000012	8363	9106	-1	4
DXJG01000012	9311	10768	-1	5
DXJG01000012	11227	14904	1	6
DXJG01000012	15267	15770	1	7
DXJG01000012	16283	17095	1	8
DXJG01000012	17150	18025	1	9
DXJG01000012	18082	18849	-1	10
DXJG01000012	19203	19433	-1	11
DXJG01000012	19506	19781	-1	12
DXJG01000012	20184	21017	1	13
DXJG01000012	21019	21573	-1	14
DXJG01000012	21546	21785	-1	15
DXJG01000012	22087	22989	1	16
DXJG01000012	23242	27396	1	17
DXJG01000012	27717	28115	-1	18
DXJG01000012	28244	30199	1	19
DXJG01000012	30219	30947	-1	20
DXJG01000012	31015	32544	-1	21
DXJG01000012	32631	33359	-1	22
DXJG01000012	33325	34146	-1	23
DXJG01000012	34127	35170	-1	24
DXJG01000012	35327	36373	-1	25
DXJG01000012	36490	36687	-1	26
DXJG01000012	36859	38733	1	27
DXJG01000012	39064	46758	1	28
DXJG01000012	46931	47116	1	29
DXJG01000013	1	744	-1	1
DXJG01000013	756	1259	-1	2
DXJG01000013	1365	1973	-1	3
DXJG01000013	2194	2724	1	4
DXJG01000013	2772	3692	1	5
DXJG01000013	3899	4549	1	6
DXJG01000013	4819	5991	1	7
DXJG01000013	5997	6428	1	8
DXJG01000013	6618	7805	1	9
DXJG01000013	7798	8592	1	10
DXJG01000013	8673	9014	-1	11
DXJG01000013	9071	10486	-1	12
DXJG01000013	10832	11836	-1	13
DXJG01000013	12170	12784	-1	14
DXJG01000013	12916	13254	1	15
DXJG01000013	13395	13766	1	16
DXJG01000013	14005	14529	1	17
DXJG01000013	14616	15587	1	18
DXJG01000013	15785	16531	1	19
DXJG01000013	16554	17288	1	20
DXJG01000013	17587	20838	1	21
DXJG01000013	20885	23332	-1	22
DXJG01000013	23366	23536	-1	23
DXJG01000013	23723	23875	-1	24
DXJG01000013	24017	24607	1	25
DXJG01000013	24708	24929	-1	26
DXJG01000013	25057	25656	-1	27
DXJG01000013	25768	26598	-1	28
DXJG01000013	26727	27005	-1	29
DXJG01000013	27623	27862	1	30
DXJG01000013	27859	28278	1	31
DXJG01000013	28367	29185	-1	32
DXJG01000013	29241	29570	-1	33
DXJG01000013	29667	30131	-1	34
DXJG01000013	30843	31790	1	35
DXJG01000013	32145	32381	1	36
DXJG01000013	32378	32650	1	37
DXJG01000014	2	310	1	1
DXJG01000014	614	1033	-1	2
DXJG01000014	1428	2243	1	3
DXJG01000014	2475	3860	1	4
DXJG01000014	3857	5008	1	5
DXJG01000014	5010	6563	1	6
DXJG01000014	6560	7891	1	7
DXJG01000014	8059	8352	1	8
DXJG01000014	8610	9431	-1	9
DXJG01000014	9675	10127	1	10
DXJG01000014	10173	10748	1	11
DXJG01000014	11729	12352	1	12
DXJG01000014	12477	13304	1	13
DXJG01000014	13414	14298	-1	14
DXJG01000014	14399	15841	-1	15
DXJG01000014	16242	16898	1	16
DXJG01000014	16910	17209	1	17
DXJG01000014	17261	18106	1	18
DXJG01000014	18119	19003	1	19
DXJG01000014	19025	19783	-1	20
DXJG01000014	20119	21396	1	21
DXJG01000014	21502	22290	-1	22
DXJG01000014	22360	23613	1	23
DXJG01000014	24156	24554	1	24
DXJG01000014	24532	24876	1	25
DXJG01000014	25021	25212	-1	26
DXJG01000014	25764	27725	1	27
DXJG01000015	194	685	1	1
DXJG01000015	1267	2127	-1	2
DXJG01000015	2290	2901	1	3
DXJG01000015	3482	3967	-1	4
DXJG01000016	3	62	-1	1
DXJG01000016	140	1291	-1	2
DXJG01000016	1405	3105	1	3
DXJG01000016	3165	3878	1	4
DXJG01000016	3875	4867	1	5
DXJG01000016	4833	5900	-1	6
DXJG01000017	3	161	1	1
DXJG01000017	873	1109	1	2
DXJG01000017	1610	1741	-1	3
DXJG01000017	2208	2324	1	4
DXJG01000017	2294	2620	1	5
DXJG01000017	2763	4370	-1	6
DXJG01000017	4452	6116	-1	7
DXJG01000017	6266	7663	-1	8
DXJG01000017	8332	9498	-1	9
DXJG01000017	9526	10407	-1	10
DXJG01000017	10388	11575	-1	11
DXJG01000017	11572	12288	-1	12
DXJG01000017	12564	13583	-1	13
DXJG01000017	13949	14095	-1	14
DXJG01000017	14126	15319	-1	15
DXJG01000017	15553	17298	-1	16
DXJG01000017	17422	18843	-1	17
DXJG01000017	19034	20056	-1	18
DXJG01000017	20260	21261	-1	19
DXJG01000017	21258	22457	-1	20
DXJG01000017	22442	23392	-1	21
DXJG01000017	23411	24118	-1	22
DXJG01000017	24190	24510	-1	23
DXJG01000017	24537	25256	-1	24
DXJG01000017	25670	25849	1	25
DXJG01000017	26019	26321	1	26
DXJG01000017	26308	26721	1	27
DXJG01000017	26844	26969	1	28
DXJG01000017	26999	27445	1	29
DXJG01000017	27562	27846	1	30
DXJG01000018	3	134	1	1
DXJG01000018	139	447	1	2
DXJG01000018	483	815	1	3
DXJG01000018	831	1034	1	4
DXJG01000018	1081	1206	1	5
DXJG01000018	1193	1651	1	6
DXJG01000018	1773	2342	1	7
DXJG01000018	2329	2682	1	8
DXJG01000018	2763	3101	1	9
DXJG01000018	3098	3340	1	10
DXJG01000018	3337	3489	1	11
DXJG01000018	3493	3909	1	12
DXJG01000018	3953	4504	1	13
DXJG01000018	4483	4827	1	14
DXJG01000018	4889	5194	1	15
DXJG01000018	5195	5710	1	16
