Hmm	ORF	tlen	qlen	Eval	score	start	end	Acc	Pos	Cov_seq	Cov_hmm	strand
AbiEii_0_CAS-III	DXJG01000002_180	455	284	0.0066	12.8	184078	185442	DXJG01000002	180	0.2043956043956044	0.29225352112676056	-1
AbiEii_0_CAS-III	DXJG01000002_333	231	284	1.3e-07	28.2	349328	350020	DXJG01000002	333	0.49783549783549785	0.39436619718309857	-1
AbiEii_0_CAS-III	DXJG01000002_366	325	284	0.00011	18.7	390388	391362	DXJG01000002	366	0.5261538461538462	0.573943661971831	1
AbiEii_0_CAS-III	DXJG01000002_411	261	284	9.2e-07	25.5	433544	434326	DXJG01000002	411	0.26436781609195403	0.24295774647887325	1
AbiEii_0_CAS-III	DXJG01000002_417	334	284	3.3e-06	23.6	440360	441361	DXJG01000002	417	0.27245508982035926	0.3028169014084507	-1
AbiEii_0_CAS-III	DXJG01000002_450	262	284	0.011	12.1	478651	479436	DXJG01000002	450	0.4580152671755725	0.4295774647887324	-1
AbiEii_0_CAS-III	DXJG01000002_578	566	284	6.4e-08	29.3	601198	602895	DXJG01000002	578	0.2915194346289753	0.3591549295774648	1
AbiEii_0_CAS-III	DXJG01000002_98	510	284	0.00042	16.7	105203	106732	DXJG01000002	98	0.07058823529411765	0.06690140845070422	-1
AbiEii_0_CAS-III	DXJG01000003_38	184	284	0.0033	13.8	24274	24825	DXJG01000003	38	0.6902173913043478	0.3591549295774648	1
AbiEii_0_CAS-III	DXJG01000005_26	304	284	0.00047	16.6	25516	26427	DXJG01000005	26	0.2138157894736842	0.22183098591549297	-1
AbiEii_0_CAS-III	DXJG01000006_25	262	284	0.0086	12.4	19829	20614	DXJG01000006	25	0.08396946564885496	0.07746478873239436	-1
AbiEii_0_CAS-III	DXJG01000007_22	743	284	2.3e-05	20.9	30654	32882	DXJG01000007	22	0.05383580080753701	0.07394366197183098	1
AbiEii_0_CAS-III	DXJG01000007_24	424	284	7e-05	19.3	33728	34999	DXJG01000007	24	0.24056603773584906	0.3485915492957746	1
AbiEii_0_CAS-III	DXJG01000007_34	261	284	5e-09	32.9	48546	49328	DXJG01000007	34	0.4521072796934866	0.3873239436619718	1
AbiEii_0_CAS-III	DXJG01000008_12	364	284	0.01	12.2	11741	12832	DXJG01000008	12	0.33516483516483514	0.4225352112676056	1
AbiEii_0_CAS-III	DXJG01000009_120	603	284	0.00028	17.3	105968	107776	DXJG01000009	120	0.0812603648424544	0.10211267605633803	1
AbiEii_0_CAS-III	DXJG01000009_209	186	284	0.0002	17.8	199523	200080	DXJG01000009	209	0.7311827956989247	0.4295774647887324	-1
AbiEii_0_CAS-III	DXJG01000009_242	730	284	3.4e-05	20.3	231969	234158	DXJG01000009	242	0.056164383561643834	0.07394366197183098	-1
AbiEii_0_CAS-III	DXJG01000009_304	226	284	2.9e-06	23.9	298714	299391	DXJG01000009	304	0.7256637168141593	0.545774647887324	1
AbiEii_0_CAS-III	DXJG01000009_35	244	284	1.2e-07	28.4	35176	35907	DXJG01000009	35	0.48770491803278687	0.3908450704225352	-1
AbiEii_0_CAS-III	DXJG01000009_43	724	284	5.6e-05	19.6	40899	43070	DXJG01000009	43	0.05662983425414365	0.07394366197183098	-1
AbiEii_0_CAS-III	DXJG01000009_97	281	284	0.0003	17.2	87301	88143	DXJG01000009	97	0.16370106761565836	0.16549295774647887	1
AbiEii_0_CAS-III	DXJG01000009_98	274	284	0.00065	16.1	88140	88961	DXJG01000009	98	0.25547445255474455	0.25704225352112675	1
AbiEii_0_CAS-III	DXJG01000012_23	274	284	4.7e-07	26.4	33325	34146	DXJG01000012	23	0.35766423357664234	0.352112676056338	-1
AbiEii_0_CAS-III	DXJG01000014_19	295	284	4.8e-07	26.4	18119	19003	DXJG01000014	19	0.37966101694915255	0.38028169014084506	1
AbiEii_0_CAS-III	DXJG01000017_12	239	284	0.0046	13.3	11572	12288	DXJG01000017	12	0.09205020920502092	0.07746478873239436	-1
AbiEii_0_CAS-III	DXJG01000017_22	236	284	0.0013	15.2	23411	24118	DXJG01000017	22	0.1864406779661017	0.15140845070422534	-1
AbiEii_1_CAS-III-A	DXJG01000002_337	193	335	0.15	8.0	353383	353961	DXJG01000002	337	0.5492227979274611	0.2298507462686567	1
AbiEii_1_CAS-III-A	DXJG01000002_411	261	335	1.6e-06	24.3	433544	434326	DXJG01000002	411	0.3716475095785441	0.2865671641791045	1
AbiEii_1_CAS-III-A	DXJG01000009_146	105	335	0.011	11.7	133849	134163	DXJG01000009	146	0.9142857142857143	0.28955223880597014	1
AbiEii_1_CAS-III-A	DXJG01000009_168	207	335	0.0054	12.7	153346	153966	DXJG01000009	168	0.30917874396135264	0.20597014925373133	1
AbiEii_1_CAS-III-A	DXJG01000009_181	144	335	0.0069	12.3	168932	169363	DXJG01000009	181	0.6805555555555556	0.29253731343283584	1
AbiEii_1_CAS-III-A	DXJG01000009_35	244	335	0.0021	14.0	35176	35907	DXJG01000009	35	0.3360655737704918	0.24477611940298508	-1
AbiEii_1_CAS-III-A	DXJG01000010_59	332	335	9.5e-06	21.7	45707	46702	DXJG01000010	59	0.2740963855421687	0.2835820895522388	1
AbiEii_1_CAS-III-A	DXJG01000012_23	274	335	0.0041	13.1	33325	34146	DXJG01000012	23	0.30656934306569344	0.2507462686567164	-1
AbiEii_2_CAS-III-C	DXJG01000002_411	261	440	0.0083	12.2	433544	434326	DXJG01000002	411	0.32567049808429116	0.19318181818181818	1
AbiEii_2_CAS-III-C	DXJG01000002_462	172	440	0.007	12.4	490553	491068	DXJG01000002	462	0.4186046511627907	0.16136363636363638	1
AbiEii_2_CAS-III-C	DXJG01000010_59	332	440	1.8e-07	27.6	45707	46702	DXJG01000010	59	0.30120481927710846	0.2340909090909091	1
Can2_Card1_17_CAS-III	DXJG01000002_536	177	380	4.2e-10	35.6	558658	559188	DXJG01000002	536	0.519774011299435	0.24473684210526317	-1
Can2_Card1_17_CAS-III	DXJG01000009_107	232	380	2e-05	20.2	95305	96000	DXJG01000009	107	0.2672413793103448	0.1631578947368421	-1
Cas10_0_CAS-III-A	DXJG01000013_22	816	660	0.11	7.9	20885	23332	DXJG01000013	22	0.19852941176470587	0.16363636363636364	-1
Cas11_0_IV	DXJG01000009_88	233	114	0.014	12.2	82194	82892	DXJG01000009	88	0.20600858369098712	0.42105263157894735	1
Cas11_1_IVC	DXJG01000007_81	174	120	0.009	13.0	106836	107357	DXJG01000007	81	0.3563218390804598	0.5	1
Cas11b_2_CAS-I-B	DXJG01000009_102	196	100	0.0013	15.6	91331	91918	DXJG01000009	102	0.39285714285714285	0.61	1
Cas11d2_0_CAS-I-D	DXJG01000009_184	96	212	1.7e-05	21.9	170839	171126	DXJG01000009	184	0.59375	0.25943396226415094	1
Cas12a_1_CAS-V-A	DXJG01000004_42	425	1086	6.1e-05	17.9	44297	45571	DXJG01000004	42	0.11529411764705882	0.058931860036832415	1
Cas12a_1_CAS-V-A	DXJG01000017_30	95	1086	0.00016	16.5	27562	27846	DXJG01000017	30	0.5578947368421052	0.06813996316758748	1
Cas12a_1_VA	DXJG01000009_199	304	1233	0.0016	13.0	189627	190538	DXJG01000009	199	0.09539473684210527	0.023519870235198703	1
Cas12b1_0_CAS-V-B	DXJG01000009_335	392	1125	0.00018	16.3	336657	337832	DXJG01000009	335	0.16581632653061223	0.057777777777777775	-1
Cas12b2_0_CAS-V-B	DXJG01000004_42	425	747	0.0009	14.5	44297	45571	DXJG01000004	42	0.10823529411764705	0.08969210174029452	1
Cas12b_0_VB	DXJG01000009_335	392	1130	0.00072	14.4	336657	337832	DXJG01000009	335	0.17857142857142858	0.061061946902654866	-1
Cas12e_0_CAS-V-E	DXJG01000017_5	109	855	0.0026	12.7	2294	2620	DXJG01000017	5	0.7614678899082569	0.09005847953216374	1
Cas12f1_0_CAS-V-F	DXJG01000004_42	425	512	7.5e-08	28.4	44297	45571	DXJG01000004	42	0.3952941176470588	0.3359375	1
Cas12f1_0_CAS-V-F	DXJG01000007_81	174	512	0.00049	15.8	106836	107357	DXJG01000007	81	0.5114942528735632	0.17578125	1
Cas12f1_0_CAS-V-F	DXJG01000009_318	401	512	1.4e-09	34.1	310647	311849	DXJG01000009	318	0.6658354114713217	0.5546875	1
Cas12f1_1_CAS-V-F	DXJG01000004_42	425	557	1.5999999999999999e-24	83.2	44297	45571	DXJG01000004	42	0.6094117647058823	0.44344703770197486	1
Cas12f1_1_CAS-V-F	DXJG01000007_81	174	557	3.8e-11	39.1	106836	107357	DXJG01000007	81	0.5862068965517241	0.19569120287253142	1
Cas12f1_1_CAS-V-F	DXJG01000009_318	401	557	7.9e-19	64.4	310647	311849	DXJG01000009	318	0.6433915211970075	0.49012567324955114	1
Cas12f1_1_CAS-V-F	DXJG01000009_335	392	557	1.2e-21	73.7	336657	337832	DXJG01000009	335	0.6224489795918368	0.42908438061041293	-1
Cas12f1_1_CAS-V-F	DXJG01000017_30	95	557	0.0011	14.4	27562	27846	DXJG01000017	30	0.28421052631578947	0.04488330341113106	1
Cas12f1_2_CAS-V-F	DXJG01000004_42	425	429	2.0000000000000002e-24	83.2	44297	45571	DXJG01000004	42	0.5976470588235294	0.585081585081585	1
Cas12f1_2_CAS-V-F	DXJG01000007_81	174	429	1.5e-09	34.2	106836	107357	DXJG01000007	81	0.7011494252873564	0.32867132867132864	1
Cas12f1_2_CAS-V-F	DXJG01000009_318	401	429	1e-20	71.0	310647	311849	DXJG01000009	318	0.6184538653366584	0.5920745920745921	1
Cas12f1_2_CAS-V-F	DXJG01000009_335	392	429	6.899999999999999e-24	81.4	336657	337832	DXJG01000009	335	0.798469387755102	0.8041958041958042	-1
Cas12f1_2_CAS-V-F	DXJG01000009_45	58	429	1.6	4.4	43544	43717	DXJG01000009	45	0.8275862068965517	0.06060606060606061	-1
Cas12f1_2_CAS-V-F	DXJG01000017_30	95	429	7.5e-06	21.9	27562	27846	DXJG01000017	30	0.5578947368421052	0.1282051282051282	1
Cas12f2_0_CAS-V-F	DXJG01000004_42	425	517	2.4e-09	33.1	44297	45571	DXJG01000004	42	0.5294117647058824	0.4410058027079304	1
Cas12f2_0_CAS-V-F	DXJG01000009_318	401	517	7.799999999999999e-56	186.5	310647	311849	DXJG01000009	318	0.9002493765586035	0.7678916827852998	1
Cas12f2_0_CAS-V-F	DXJG01000009_335	392	517	4.2e-11	38.9	336657	337832	DXJG01000009	335	0.7295918367346939	0.5822050290135397	-1
Cas12f2_0_CAS-V-F	DXJG01000009_45	58	517	0.17	7.2	43544	43717	DXJG01000009	45	0.5344827586206896	0.05029013539651837	-1
Cas12f2_0_CAS-V-F	DXJG01000017_30	95	517	0.0002	16.9	27562	27846	DXJG01000017	30	0.5157894736842106	0.09671179883945841	1
Cas12f2_1_CAS-V-F	DXJG01000001_105	113	422	0.0034	13.3	100784	101122	DXJG01000001	105	0.6460176991150443	0.08530805687203792	-1
Cas12f2_1_CAS-V-F	DXJG01000001_38	83	422	0.027	10.3	38435	38683	DXJG01000001	38	0.37349397590361444	0.06398104265402843	1
Cas12f2_1_CAS-V-F	DXJG01000002_198	56	422	0.0032	13.3	204192	204359	DXJG01000002	198	0.5	0.06398104265402843	-1
Cas12f2_1_CAS-V-F	DXJG01000002_350	558	422	0.029	10.2	367415	369088	DXJG01000002	350	0.10931899641577061	0.15876777251184834	-1
Cas12f2_1_CAS-V-F	DXJG01000004_42	425	422	3.7e-24	82.3	44297	45571	DXJG01000004	42	0.5552941176470588	0.5592417061611374	1
Cas12f2_1_CAS-V-F	DXJG01000007_81	174	422	3.8e-16	55.9	106836	107357	DXJG01000007	81	0.7241379310344828	0.3222748815165877	1
Cas12f2_1_CAS-V-F	DXJG01000009_318	401	422	2.7e-71	237.6	310647	311849	DXJG01000009	318	0.8977556109725686	0.9502369668246445	1
Cas12f2_1_CAS-V-F	DXJG01000009_335	392	422	3.7e-28	95.5	336657	337832	DXJG01000009	335	0.5714285714285714	0.5734597156398105	-1
Cas12f2_1_CAS-V-F	DXJG01000009_45	58	422	0.02	10.7	43544	43717	DXJG01000009	45	0.6206896551724138	0.06398104265402843	-1
Cas12f2_1_CAS-V-F	DXJG01000009_91	86	422	0.0011	14.9	84457	84714	DXJG01000009	91	0.46511627906976744	0.0947867298578199	1
Cas12f2_1_CAS-V-F	DXJG01000017_30	95	422	3.3e-09	33.1	27562	27846	DXJG01000017	30	0.6105263157894737	0.14218009478672985	1
Cas12f2_2_CAS-V-F	DXJG01000004_42	425	493	6e-13	45.0	44297	45571	DXJG01000004	42	0.5341176470588235	0.4665314401622718	1
Cas12f2_2_CAS-V-F	DXJG01000007_81	174	493	0.0006	15.3	106836	107357	DXJG01000007	81	0.6551724137931034	0.2616632860040568	1
Cas12f2_2_CAS-V-F	DXJG01000009_318	401	493	5.0999999999999995e-53	177.2	310647	311849	DXJG01000009	318	0.8229426433915212	0.7383367139959433	1
Cas12f2_2_CAS-V-F	DXJG01000009_335	392	493	4.5e-11	38.8	336657	337832	DXJG01000009	335	0.29591836734693877	0.23935091277890466	-1
Cas12f2_2_CAS-V-F	DXJG01000009_45	58	493	0.19	7.1	43544	43717	DXJG01000009	45	0.7586206896551724	0.056795131845841784	-1
Cas12f2_2_CAS-V-F	DXJG01000017_30	95	493	3.4e-06	22.7	27562	27846	DXJG01000017	30	0.5368421052631579	0.10953346855983773	1
Cas12f3_0_CAS-V-F	DXJG01000007_81	174	496	1.8e-06	23.9	106836	107357	DXJG01000007	81	0.5344827586206896	0.1814516129032258	1
Cas12f3_0_CAS-V-F	DXJG01000009_318	401	496	3.8e-44	148.2	310647	311849	DXJG01000009	318	0.7531172069825436	0.6330645161290323	1
Cas12f3_0_CAS-V-F	DXJG01000009_335	392	496	1.7e-05	20.8	336657	337832	DXJG01000009	335	0.35459183673469385	0.25806451612903225	-1
Cas12f6_0_CAS-V-F	DXJG01000009_335	392	587	5.8e-07	25.5	336657	337832	DXJG01000009	335	0.23214285714285715	0.15502555366269166	-1
Cas12f7_0_CAS-V-F	DXJG01000009_318	401	566	6.2e-25	84.8	310647	311849	DXJG01000009	318	0.6483790523690773	0.4787985865724382	1
Cas12g_0_CAS-V-G	DXJG01000004_42	425	771	3.4e-07	25.6	44297	45571	DXJG01000004	42	0.36470588235294116	0.20233463035019456	1
Cas12j_0_V-J	DXJG01000004_42	425	758	1.1e-10	36.8	44297	45571	DXJG01000004	42	0.30117647058823527	0.16886543535620052	1
Cas12j_0_V-J	DXJG01000009_335	392	758	0.00046	15.0	336657	337832	DXJG01000009	335	0.15816326530612246	0.08311345646437995	-1
Cas12j_0_V-J	DXJG01000017_30	95	758	0.00037	15.3	27562	27846	DXJG01000017	30	0.5263157894736842	0.06860158311345646	1
Cas12m_0_V-M	DXJG01000002_390	481	577	0.0068	11.7	412791	414233	DXJG01000002	390	0.18087318087318088	0.12998266897746968	-1
Cas12m_0_V-M	DXJG01000004_42	425	577	1.7e-07	26.8	44297	45571	DXJG01000004	42	0.2188235294117647	0.15771230502599654	1
Cas12m_0_V-M	DXJG01000009_146	105	577	0.28	6.3	133849	134163	DXJG01000009	146	0.8571428571428571	0.1663778162911612	1
Cas12m_0_V-M	DXJG01000009_318	401	577	2e-14	49.7	310647	311849	DXJG01000009	318	0.5910224438902744	0.43847487001733104	1
Cas12m_0_V-M	DXJG01000009_335	392	577	5.2e-08	28.5	336657	337832	DXJG01000009	335	0.23469387755102042	0.16464471403812825	-1
Cas12m_0_V-M	DXJG01000013_20	245	577	3.3	2.8	16554	17288	DXJG01000013	20	0.5265306122448979	0.1369150779896014	1
Cas12m_0_V-M	DXJG01000017_30	95	577	1.3e-05	20.6	27562	27846	DXJG01000017	30	0.5368421052631579	0.09358752166377816	1
Cas13a_0_VIA	DXJG01000010_36	391	167	0.012	12.7	29908	31080	DXJG01000010	36	0.2864450127877238	0.6467065868263473	1
Cas13b_0_VIB1	DXJG01000009_146	105	1097	0.2	6.3	133849	134163	DXJG01000009	146	0.8	0.07566089334548769	1
Cas13b_1_CAS-VI-B	DXJG01000009_146	105	1101	0.094	7.3	133849	134163	DXJG01000009	146	0.8095238095238095	0.07629427792915532	1
Cas13c_0_CAS-VI-C	DXJG01000005_26	304	1113	0.011	10.2	25516	26427	DXJG01000005	26	0.33881578947368424	0.09254267744833783	-1
Cas1_0_CAS-I-II-III-IV-V-VI	DXJG01000004_2	346	317	2.7000000000000003e-87	289.6	1629	2666	DXJG01000004	2	0.9450867052023122	0.9936908517350158	1
Cas1_0_I-II-III	DXJG01000004_2	346	327	1.7e-86	287.0	1629	2666	DXJG01000004	2	0.9450867052023122	0.9785932721712538	1
Cas1_0_I-II-III-V	DXJG01000004_2	346	315	2.8e-77	256.4	1629	2666	DXJG01000004	2	0.9421965317919075	0.9904761904761905	1
Cas1_0_IA	DXJG01000004_2	346	347	8.4e-49	163.1	1629	2666	DXJG01000004	2	0.8554913294797688	0.8386167146974063	1
Cas1_0_IC	DXJG01000004_2	346	340	8.3e-65	215.9	1629	2666	DXJG01000004	2	0.9710982658959537	0.9823529411764705	1
Cas1_0_IE	DXJG01000004_2	346	269	6.4e-12	42.0	1629	2666	DXJG01000004	2	0.4653179190751445	0.5985130111524164	1
Cas1_0_IF	DXJG01000004_2	346	307	3.2e-05	20.2	1629	2666	DXJG01000004	2	0.630057803468208	0.7166123778501629	1
Cas1_0_II	DXJG01000004_2	346	278	1.3e-20	70.6	1629	2666	DXJG01000004	2	0.6791907514450867	0.8129496402877698	1
Cas1_0_V	DXJG01000004_2	346	317	4.0999999999999994e-24	82.0	1629	2666	DXJG01000004	2	0.7774566473988439	0.7823343848580442	1
Cas1_1_CAS-I-II-III-IV-V-VI	DXJG01000004_2	346	261	2.3000000000000002e-73	243.5	1629	2666	DXJG01000004	2	0.7745664739884393	0.9923371647509579	1
Cas1_2_CAS-I-II-III-IV-V-VI	DXJG01000004_2	346	306	3.1e-05	20.2	1629	2666	DXJG01000004	2	0.630057803468208	0.7156862745098039	1
Cas1_3_CAS-I-II-III-IV-V-VI	DXJG01000004_2	346	262	6.5e-12	42.0	1629	2666	DXJG01000004	2	0.45375722543352603	0.5992366412213741	1
Cas1_4_CAS-I-II-III-IV-V-VI	DXJG01000004_2	346	275	3.5e-21	72.4	1629	2666	DXJG01000004	2	0.7514450867052023	0.8290909090909091	1
Cas1_5_CAS-I-II-III-IV-V-VI	DXJG01000004_2	346	338	1.8e-63	211.5	1629	2666	DXJG01000004	2	0.9682080924855492	0.985207100591716	1
Cas1_6_CAS-I-II-III-IV-V-VI	DXJG01000004_2	346	320	1.4e-50	169.2	1629	2666	DXJG01000004	2	0.9335260115606936	0.959375	1
Cas1_7_CAS-I-II-III-IV-V-VI	DXJG01000004_2	346	328	4.4e-81	269.3	1629	2666	DXJG01000004	2	0.9739884393063584	0.9847560975609756	1
Cas1_8_CAS-I-II-III-IV-V-VI	DXJG01000004_2	346	283	2.0000000000000001e-88	293.0	1629	2666	DXJG01000004	2	0.846820809248555	0.9964664310954063	1
Cas2_0_CAS-I-II-III-IV-V-VI	DXJG01000004_3	94	90	1.3e-15	54.4	2667	2948	DXJG01000004	3	0.8404255319148937	0.9	1
Cas2_0_CAS-III-AM	DXJG01000009_217	405	95	0.00016	18.8	207843	209057	DXJG01000009	217	0.18765432098765433	0.8	1
Cas2_0_I-II-III	DXJG01000004_3	94	96	4.7e-17	58.9	2667	2948	DXJG01000004	3	0.8617021276595744	0.875	1
Cas2_0_I-II-III-V	DXJG01000004_3	94	83	4.5e-17	59.0	2667	2948	DXJG01000004	3	0.8085106382978723	0.9518072289156626	1
Cas2_11_CAS-I-II-III-IV-V-VI	DXJG01000002_441	280	71	0.026	11.6	467308	468147	DXJG01000002	441	0.15357142857142858	0.6056338028169014	1
Cas2_11_CAS-I-II-III-IV-V-VI	DXJG01000004_3	94	71	4.6e-19	65.2	2667	2948	DXJG01000004	3	0.7446808510638298	0.971830985915493	1
Cas2_2_CAS-I-II-III-IV-V-VI	DXJG01000004_3	94	79	5.2e-20	68.3	2667	2948	DXJG01000004	3	0.8085106382978723	0.9493670886075949	1
Cas2_4_CAS-I-II-III-IV-V-VI	DXJG01000004_3	94	89	3.2e-18	62.7	2667	2948	DXJG01000004	3	0.8191489361702128	0.8651685393258427	1
Cas2_6_CAS-I-II-III-IV-V-VI	DXJG01000004_3	94	90	1.3e-06	25.5	2667	2948	DXJG01000004	3	0.648936170212766	0.6666666666666666	1
Cas2_7_CAS-I-II-III-IV-V-VI	DXJG01000004_3	94	94	4e-17	59.3	2667	2948	DXJG01000004	3	0.851063829787234	0.851063829787234	1
Cas3-Cas2_0_CAS-I-F	DXJG01000004_7	568	1106	0.023	9.2	5010	6713	DXJG01000004	7	0.11443661971830986	0.059674502712477394	-1
Cas3-Cas2_0_IF	DXJG01000004_7	568	1110	0.02	9.4	5010	6713	DXJG01000004	7	0.11443661971830986	0.05945945945945946	-1
Cas3HD_0_CAS-I	DXJG01000001_78	426	203	4.9e-05	20.0	77123	78400	DXJG01000001	78	0.13380281690140844	0.2955665024630542	-1
Cas3HD_0_CAS-I	DXJG01000004_111	393	203	0.00018	18.2	110464	111642	DXJG01000004	111	0.0916030534351145	0.21182266009852216	1
Cas3HD_0_CAS-I	DXJG01000004_6	252	203	1.5e-13	47.8	4268	5023	DXJG01000004	6	0.8095238095238095	0.9507389162561576	-1
Cas3HD_0_CAS-I	DXJG01000010_7	207	203	0.11	9.0	5505	6125	DXJG01000010	7	0.5507246376811594	0.5862068965517241	-1
Cas3HD_1_CAS-I	DXJG01000004_6	252	191	4.0000000000000004e-24	82.3	4268	5023	DXJG01000004	6	0.8055555555555556	0.9947643979057592	-1
Cas3HD_2_CAS-I	DXJG01000004_6	252	231	1.8e-19	67.1	4268	5023	DXJG01000004	6	0.8690476190476191	0.9090909090909091	-1
Cas3_0_CAS-I	DXJG01000001_34	961	353	1e-15	54.5	32489	35371	DXJG01000001	34	0.3028095733610822	0.7563739376770539	1
Cas3_0_CAS-I	DXJG01000001_75	790	353	3.6e-13	46.1	72390	74759	DXJG01000001	75	0.2569620253164557	0.5524079320113314	-1
Cas3_0_CAS-I	DXJG01000002_191	1665	353	3.4e-07	26.5	192812	197806	DXJG01000002	191	0.04684684684684685	0.22662889518413598	1
Cas3_0_CAS-I	DXJG01000002_324	661	353	0.00012	18.1	334667	336649	DXJG01000002	324	0.2118003025718608	0.36827195467422097	1
Cas3_0_CAS-I	DXJG01000004_7	568	353	7.6000000000000005e-59	196.4	5010	6713	DXJG01000004	7	0.6408450704225352	0.9943342776203966	-1
Cas3_0_CAS-I	DXJG01000007_5	377	353	1.6e-09	34.1	11325	12455	DXJG01000007	5	0.6870026525198939	0.7365439093484419	1
Cas3_0_CAS-I	DXJG01000009_174	750	353	2.6e-13	46.6	160382	162631	DXJG01000009	174	0.4053333333333333	0.9008498583569405	-1
Cas3_0_CAS-I-D	DXJG01000001_34	961	626	1.3e-09	33.6	32489	35371	DXJG01000001	34	0.14464099895941726	0.19808306709265175	1
Cas3_0_CAS-I-D	DXJG01000002_324	661	626	4.7e-07	25.1	334667	336649	DXJG01000002	324	0.16944024205748864	0.17412140575079874	1
Cas3_0_CAS-I-D	DXJG01000004_7	568	626	1.3e-08	30.3	5010	6713	DXJG01000004	7	0.13204225352112675	0.12779552715654952	-1
Cas3_0_CAS-I-D	DXJG01000009_174	750	626	1.9e-17	59.5	160382	162631	DXJG01000009	174	0.356	0.4185303514376997	-1
Cas3_0_CAS-I-U	DXJG01000004_7	568	843	4.5e-14	48.0	5010	6713	DXJG01000004	7	0.352112676056338	0.2597864768683274	-1
Cas3_0_I	DXJG01000001_34	961	358	2.3e-17	59.9	32489	35371	DXJG01000001	34	0.3340270551508845	0.9022346368715084	1
Cas3_0_I	DXJG01000001_75	790	358	3.2e-13	46.3	72390	74759	DXJG01000001	75	0.189873417721519	0.40782122905027934	-1
Cas3_0_I	DXJG01000002_191	1665	358	5.6e-07	25.7	192812	197806	DXJG01000002	191	0.08768768768768768	0.4106145251396648	1
Cas3_0_I	DXJG01000002_324	661	358	7.8e-05	18.7	334667	336649	DXJG01000002	324	0.16338880484114976	0.3128491620111732	1
Cas3_0_I	DXJG01000004_7	568	358	3e-59	197.7	5010	6713	DXJG01000004	7	0.6390845070422535	0.9916201117318436	-1
Cas3_0_I	DXJG01000007_5	377	358	3.5e-09	33.0	11325	12455	DXJG01000007	5	0.6843501326259946	0.7374301675977654	1
Cas3_0_I	DXJG01000009_174	750	358	2.6e-13	46.6	160382	162631	DXJG01000009	174	0.4746666666666667	0.9860335195530726	-1
Cas3_0_ID	DXJG01000004_7	568	357	9.8e-06	21.6	5010	6713	DXJG01000004	7	0.27816901408450706	0.4117647058823529	-1
Cas3_0_ID	DXJG01000009_174	750	357	2.1e-12	43.6	160382	162631	DXJG01000009	174	0.2826666666666667	0.5714285714285714	-1
Cas3_0_IU	DXJG01000001_34	961	864	0.0081	10.9	32489	35371	DXJG01000001	34	0.11238293444328824	0.12268518518518519	1
Cas3_0_IU	DXJG01000001_75	790	864	5.3e-05	18.1	72390	74759	DXJG01000001	75	0.17468354430379746	0.16898148148148148	-1
Cas3_0_IU	DXJG01000004_7	568	864	6.3e-15	50.9	5010	6713	DXJG01000004	7	0.34683098591549294	0.21643518518518517	-1
Cas3_0_IU	DXJG01000009_174	750	864	0.0047	11.7	160382	162631	DXJG01000009	174	0.084	0.07407407407407407	-1
Cas3_1_CAS-I	DXJG01000001_34	961	745	8.5e-12	41.0	32489	35371	DXJG01000001	34	0.22580645161290322	0.2993288590604027	1
Cas3_1_CAS-I	DXJG01000002_324	661	745	3.7e-05	19.0	334667	336649	DXJG01000002	324	0.2087745839636914	0.17583892617449665	1
Cas3_1_CAS-I	DXJG01000004_7	568	745	1.3999999999999999e-63	212.2	5010	6713	DXJG01000004	7	0.7852112676056338	0.6	-1
Cas3_1_CAS-I	DXJG01000009_174	750	745	6e-09	31.5	160382	162631	DXJG01000009	174	0.20133333333333334	0.18926174496644296	-1
Cas3_1_CAS-I-D	DXJG01000002_191	1665	353	7.5e-05	18.7	192812	197806	DXJG01000002	191	0.07627627627627627	0.35410764872521244	1
Cas3_1_CAS-I-D	DXJG01000002_324	661	353	0.011	11.6	334667	336649	DXJG01000002	324	0.07413010590015129	0.1501416430594901	1
Cas3_1_CAS-I-D	DXJG01000004_7	568	353	4.4e-07	26.0	5010	6713	DXJG01000004	7	0.3591549295774648	0.5524079320113314	-1
Cas3_1_CAS-I-D	DXJG01000009_174	750	353	5.1e-12	42.3	160382	162631	DXJG01000009	174	0.2613333333333333	0.5325779036827195	-1
Cas3_1_I	DXJG01000001_78	426	178	0.0084	12.9	77123	78400	DXJG01000001	78	0.09154929577464789	0.2303370786516854	-1
Cas3_1_I	DXJG01000004_111	393	178	0.0035	14.2	110464	111642	DXJG01000004	111	0.089058524173028	0.2303370786516854	1
Cas3_1_I	DXJG01000004_6	252	178	2.1e-12	44.3	4268	5023	DXJG01000004	6	0.7896825396825397	0.9887640449438202	-1
Cas3_1_I	DXJG01000010_7	207	178	0.0039	14.0	5505	6125	DXJG01000010	7	0.4057971014492754	0.2752808988764045	-1
Cas3_2_CAS-I	DXJG01000001_75	790	967	1.6e-06	23.3	72390	74759	DXJG01000001	75	0.2240506329113924	0.17890382626680454	-1
Cas3_2_CAS-I	DXJG01000004_7	568	967	8.6e-09	30.8	5010	6713	DXJG01000004	7	0.2147887323943662	0.12616339193381593	-1
Cas3_2_CAS-I	DXJG01000007_5	377	967	4.7e-06	21.7	11325	12455	DXJG01000007	5	0.713527851458886	0.26370217166494314	1
Cas3_2_CAS-I	DXJG01000009_174	750	967	1.3e-18	63.3	160382	162631	DXJG01000009	174	0.34	0.2626680455015512	-1
Cas3d_0_CAS-I-D	DXJG01000009_174	750	639	4.7e-07	25.4	160382	162631	DXJG01000009	174	0.3506666666666667	0.3974960876369327	-1
Cas3d_1_CAS-I-D	DXJG01000003_47	122	627	0.013	10.5	31033	31398	DXJG01000003	47	0.47540983606557374	0.09250398724082935	1
Cas3d_1_CAS-I-D	DXJG01000009_174	750	627	2.9e-08	29.2	160382	162631	DXJG01000009	174	0.26666666666666666	0.32057416267942584	-1
Cas4_0_CAS-I-II-III-IV-V-VI	DXJG01000002_453	164	179	0.0095	12.9	481525	482016	DXJG01000002	453	0.6036585365853658	0.5418994413407822	1
Cas4_0_CAS-I-II-III-IV-V-VI	DXJG01000004_4	199	179	2.3e-35	119.2	2945	3541	DXJG01000004	4	0.9045226130653267	0.9832402234636871	1
Cas4_0_I-II	DXJG01000002_453	164	180	0.015	11.9	481525	482016	DXJG01000002	453	0.22560975609756098	0.20555555555555555	1
Cas4_0_I-II	DXJG01000004_4	199	180	2.1e-34	115.7	2945	3541	DXJG01000004	4	0.8994974874371859	0.9722222222222222	1
Cas4_0_I-II-V	DXJG01000004_4	199	177	2.6e-29	99.3	2945	3541	DXJG01000004	4	0.8944723618090452	0.9717514124293786	1
Cas4_0_IA	DXJG01000004_4	199	273	0.0015	15.0	2945	3541	DXJG01000004	4	0.4020100502512563	0.29304029304029305	1
Cas4_0_V	DXJG01000004_4	199	178	2.5e-09	34.1	2945	3541	DXJG01000004	4	0.8994974874371859	0.9662921348314607	1
Cas4_1_CAS-I-II-III-IV-V-VI	DXJG01000004_4	199	270	0.013	11.8	2945	3541	DXJG01000004	4	0.4221105527638191	0.3111111111111111	1
Cas4_3_CAS-I-II-III-IV-V-VI	DXJG01000004_4	199	197	6.3e-23	78.6	2945	3541	DXJG01000004	4	0.8994974874371859	0.8883248730964467	1
Cas4_4_CAS-I-II-III-IV-V-VI	DXJG01000004_4	199	284	0.0042	13.4	2945	3541	DXJG01000004	4	0.4120603015075377	0.2887323943661972	1
Cas4_5_CAS-I-II-III-IV-V-VI	DXJG01000002_453	164	161	0.0032	14.4	481525	482016	DXJG01000002	453	0.3597560975609756	0.36024844720496896	1
Cas4_5_CAS-I-II-III-IV-V-VI	DXJG01000004_4	199	161	2.5e-18	63.5	2945	3541	DXJG01000004	4	0.8944723618090452	0.968944099378882	1
Cas4_6_CAS-I-II-III-IV-V-VI	DXJG01000004_4	199	292	0.013	11.8	2945	3541	DXJG01000004	4	0.4020100502512563	0.273972602739726	1
Cas4_6_CAS-I-II-III-IV-V-VI	DXJG01000009_146	105	292	0.013	11.7	133849	134163	DXJG01000009	146	0.6761904761904762	0.2328767123287671	1
Cas5_0_CAS-I	DXJG01000004_9	252	201	2.9e-09	33.8	7914	8669	DXJG01000004	9	0.6190476190476191	0.736318407960199	-1
Cas5_0_CAS-I-A	DXJG01000004_9	252	179	1.3e-29	100.2	7914	8669	DXJG01000004	9	0.6984126984126984	0.994413407821229	-1
Cas5_0_IA	DXJG01000004_9	252	173	2.2e-15	53.8	7914	8669	DXJG01000004	9	0.6825396825396826	0.9826589595375722	-1
Cas5_0_IA	DXJG01000013_8	144	173	0.0045	13.7	5997	6428	DXJG01000013	8	0.3541666666666667	0.28901734104046245	1
Cas5_1_CAS-I	DXJG01000004_9	252	241	2.5999999999999996e-24	83.0	7914	8669	DXJG01000004	9	0.9642857142857143	0.983402489626556	-1
Cas5_1_CAS-I-A	DXJG01000004_9	252	192	1.1000000000000001e-27	93.6	7914	8669	DXJG01000004	9	0.7341269841269841	0.9635416666666666	-1
Cas5_2_CAS-I	DXJG01000004_9	252	213	0.015	12.0	7914	8669	DXJG01000004	9	0.5476190476190477	0.6291079812206573	-1
Cas5a_0_CAS-I-A	DXJG01000004_9	252	284	3e-09	33.4	7914	8669	DXJG01000004	9	0.28174603174603174	0.22535211267605634	-1
Cas6_0_CAS-I-II-III-IV-V-VI	DXJG01000004_12	269	194	2.6e-22	77.0	10834	11640	DXJG01000004	12	0.7695167286245354	0.9896907216494846	-1
Cas6_0_CAS-I-III-B	DXJG01000004_12	269	282	2.1e-17	59.8	10834	11640	DXJG01000004	12	0.966542750929368	0.975177304964539	-1
Cas6_0_CAS-III-D	DXJG01000004_12	269	268	0.0056	12.7	10834	11640	DXJG01000004	12	0.5130111524163569	0.5373134328358209	-1
Cas6_0_I-III	DXJG01000004_12	269	200	6.9e-22	75.6	10834	11640	DXJG01000004	12	0.7955390334572491	0.99	-1
Cas6_0_IVA3	DXJG01000004_216	398	189	0.014	12.0	215960	217153	DXJG01000004	216	0.16834170854271358	0.328042328042328	-1
Cas6_10_CAS-I-II-III-IV-V-VI	DXJG01000002_532	112	322	0.0085	12.1	555813	556148	DXJG01000002	532	0.2857142857142857	0.09937888198757763	1
Cas6_10_CAS-I-II-III-IV-V-VI	DXJG01000004_12	269	322	0.0049	12.9	10834	11640	DXJG01000004	12	0.45724907063197023	0.37577639751552794	-1
Cas6_15_CAS-I-II-III-IV-V-VI	DXJG01000004_12	269	112	2.2e-15	54.1	10834	11640	DXJG01000004	12	0.4349442379182156	1.0	-1
Cas6_3_CAS-I-II-III-IV-V-VI	DXJG01000002_532	112	240	0.0028	14.5	555813	556148	DXJG01000002	532	0.7142857142857143	0.3333333333333333	1
Cas6_3_CAS-I-II-III-IV-V-VI	DXJG01000004_12	269	240	5.1e-06	23.5	10834	11640	DXJG01000004	12	0.35315985130111527	0.3875	-1
Cas6_6_IVD	DXJG01000004_12	269	259	2e-11	40.6	10834	11640	DXJG01000004	12	0.8513011152416357	0.8494208494208494	-1
Cas6_7_CAS-I-II-III-IV-V-VI	DXJG01000002_532	112	241	0.00076	16.3	555813	556148	DXJG01000002	532	0.7053571428571429	0.34024896265560167	1
Cas6_7_CAS-I-II-III-IV-V-VI	DXJG01000004_12	269	241	1.5e-07	28.4	10834	11640	DXJG01000004	12	0.5910780669144982	0.6099585062240664	-1
Cas6_7_IV	DXJG01000002_532	112	262	0.00041	16.8	555813	556148	DXJG01000002	532	0.6517857142857143	0.2862595419847328	1
Cas6_8_CAS-I-II-III-IV-V-VI	DXJG01000004_12	269	275	7e-17	58.5	10834	11640	DXJG01000004	12	0.6802973977695167	0.6727272727272727	-1
Cas7_0_CAS-I	DXJG01000004_10	360	230	1e-37	126.4	8680	9759	DXJG01000004	10	0.7666666666666667	0.9782608695652174	-1
Cas7_0_CAS-I-B	DXJG01000004_10	360	306	3.3e-11	39.7	8680	9759	DXJG01000004	10	0.3861111111111111	0.43137254901960786	-1
Cas7_0_I	DXJG01000004_10	360	240	6e-39	130.3	8680	9759	DXJG01000004	10	0.7861111111111111	0.9791666666666666	-1
Cas7_0_IA	DXJG01000004_10	360	284	3.3e-75	249.7	8680	9759	DXJG01000004	10	0.85	0.9753521126760564	-1
Cas7_1_CAS-I	DXJG01000004_10	360	274	5.6e-75	248.9	8680	9759	DXJG01000004	10	0.8333333333333334	0.9708029197080292	-1
Cas7_1_IB	DXJG01000004_10	360	321	7.5e-07	25.2	8680	9759	DXJG01000004	10	0.3888888888888889	0.45482866043613707	-1
Cas7_2_CAS-I	DXJG01000004_10	360	338	5.599999999999999e-63	210.0	8680	9759	DXJG01000004	10	0.9777777777777777	0.9822485207100592	-1
Cas7_3_CAS-I	DXJG01000004_10	360	265	6.900000000000001e-67	222.0	8680	9759	DXJG01000004	10	0.8361111111111111	0.9962264150943396	-1
Cas8a1_0_IB	DXJG01000002_264	311	308	0.0042	13.3	276852	277784	DXJG01000002	264	0.06752411575562701	0.06818181818181818	-1
Cas8a1_1_CAS-I-A	DXJG01000004_8	404	296	0.00035	16.6	6697	7908	DXJG01000004	8	0.15594059405940594	0.21621621621621623	-1
Cas8a1_4_CAS-I-A	DXJG01000001_174	422	377	0.0053	12.8	171304	172569	DXJG01000001	174	0.26540284360189575	0.29442970822281167	1
Cas8a2_1_CAS-I-A	DXJG01000009_186	130	352	0.012	11.4	171917	172306	DXJG01000009	186	0.5846153846153846	0.21306818181818182	-1
Cas8a2_2_CAS-I-A	DXJG01000009_186	130	357	0.0012	15.2	171917	172306	DXJG01000009	186	0.4	0.13725490196078433	-1
Cas8a2_5_CAS-I-A	DXJG01000002_45	418	355	0.002	14.3	47374	48627	DXJG01000002	45	0.43779904306220097	0.5154929577464789	-1
Cas8a3_0_CAS-I-A	DXJG01000009_89	259	383	0.02	10.7	82889	83665	DXJG01000009	89	0.18146718146718147	0.12010443864229765	1
Cas8a7_0_CAS-I-A	DXJG01000004_8	404	323	0.00011	18.2	6697	7908	DXJG01000004	8	0.19554455445544555	0.20743034055727555	-1
Cas8b1_0_CAS-I-B	DXJG01000004_11	117	469	8.8e-11	37.9	9769	10119	DXJG01000004	11	0.7863247863247863	0.208955223880597	-1
Cas8b1_13_CAS-I-B	DXJG01000010_62	91	580	0.0086	11.6	47811	48083	DXJG01000010	62	0.6263736263736264	0.1	-1
Cas8b1_2_CAS-I-B	DXJG01000003_33	160	385	0.0061	12.6	20930	21409	DXJG01000003	33	0.1875	0.07012987012987013	1
Cas8b2_1_CAS-I-B	DXJG01000002_264	311	334	0.00043	16.4	276852	277784	DXJG01000002	264	0.09646302250803858	0.0718562874251497	-1
Cas8b2_4_CAS-I-B	DXJG01000002_264	311	65	0.00073	16.6	276852	277784	DXJG01000002	264	0.18971061093247588	0.5076923076923077	-1
Cas8b2_8_CAS-I-B	DXJG01000002_264	311	70	0.0057	13.8	276852	277784	DXJG01000002	264	0.13183279742765272	0.4142857142857143	-1
Cas8b_0_IB	DXJG01000002_588	109	395	4.3e-06	23.0	611655	611981	DXJG01000002	588	0.8348623853211009	0.22531645569620254	1
Cas8c_1_CAS-I-C	DXJG01000007_58	159	570	0.0045	12.3	77701	78177	DXJG01000007	58	0.5157232704402516	0.14210526315789473	-1
Cas8c_3_CAS-I-C	DXJG01000007_58	159	559	0.008	11.5	77701	78177	DXJG01000007	58	0.49056603773584906	0.13953488372093023	-1
Cas9_1_CAS-II-C	DXJG01000001_23	592	568	0.0097	11.5	21483	23258	DXJG01000001	23	0.14189189189189189	0.11619718309859155	-1
CasR_0_CAS-I-II-III-IV-V-VI	DXJG01000001_154	333	198	2.2e-06	24.2	149226	150224	DXJG01000001	154	0.47147147147147145	0.5151515151515151	1
CasR_0_CAS-I-II-III-IV-V-VI	DXJG01000001_41	104	198	1e-05	22.1	41174	41485	DXJG01000001	41	0.5096153846153846	0.25757575757575757	1
CasR_0_CAS-I-II-III-IV-V-VI	DXJG01000002_112	170	198	0.00018	18.0	118650	119159	DXJG01000002	112	0.36470588235294116	0.31313131313131315	-1
CasR_0_CAS-I-II-III-IV-V-VI	DXJG01000002_144	92	198	2.6e-08	30.5	150323	150598	DXJG01000002	144	0.6086956521739131	0.2878787878787879	1
CasR_0_CAS-I-II-III-IV-V-VI	DXJG01000002_230	127	198	5.8e-06	22.8	236956	237336	DXJG01000002	230	0.30708661417322836	0.1919191919191919	-1
CasR_0_CAS-I-II-III-IV-V-VI	DXJG01000002_249	210	198	2.7e-06	23.9	260555	261184	DXJG01000002	249	0.2904761904761905	0.30303030303030304	-1
CasR_0_CAS-I-II-III-IV-V-VI	DXJG01000002_25	158	198	2.6e-05	20.7	28734	29207	DXJG01000002	25	0.5126582278481012	0.4292929292929293	-1
CasR_0_CAS-I-II-III-IV-V-VI	DXJG01000002_314	187	198	0.00058	16.3	319960	320520	DXJG01000002	314	0.46524064171123	0.3282828282828283	-1
CasR_0_CAS-I-II-III-IV-V-VI	DXJG01000002_315	220	198	0.0033	13.9	320492	321151	DXJG01000002	315	0.5045454545454545	0.5404040404040404	-1
CasR_0_CAS-I-II-III-IV-V-VI	DXJG01000002_355	2514	198	4.2e-06	23.3	373189	380730	DXJG01000002	355	0.1026252983293556	0.32323232323232326	1
CasR_0_CAS-I-II-III-IV-V-VI	DXJG01000002_403	141	198	0.0011	15.4	425425	425847	DXJG01000002	403	0.40425531914893614	0.29292929292929293	-1
CasR_0_CAS-I-II-III-IV-V-VI	DXJG01000002_41	158	198	3.3e-05	20.4	44126	44599	DXJG01000002	41	0.3227848101265823	0.25757575757575757	-1
CasR_0_CAS-I-II-III-IV-V-VI	DXJG01000002_43	94	198	7.1e-07	25.8	46230	46511	DXJG01000002	43	0.776595744680851	0.36363636363636365	1
CasR_0_CAS-I-II-III-IV-V-VI	DXJG01000002_52	495	198	0.00049	16.5	54793	56277	DXJG01000002	52	0.1191919191919192	0.2878787878787879	-1
CasR_0_CAS-I-II-III-IV-V-VI	DXJG01000002_528	66	198	1.4e-07	28.1	553157	553354	DXJG01000002	528	0.803030303030303	0.26262626262626265	1
CasR_0_CAS-I-II-III-IV-V-VI	DXJG01000002_536	177	198	1.3e-07	28.2	558658	559188	DXJG01000002	536	0.7062146892655368	0.6212121212121212	-1
CasR_0_CAS-I-II-III-IV-V-VI	DXJG01000002_565	131	198	0.0012	15.3	589002	589394	DXJG01000002	565	0.549618320610687	0.32323232323232326	1
CasR_0_CAS-I-II-III-IV-V-VI	DXJG01000002_68	316	198	3.8e-07	26.7	77387	78334	DXJG01000002	68	0.18037974683544303	0.29797979797979796	1
CasR_0_CAS-I-II-III-IV-V-VI	DXJG01000004_167	117	198	0.015	11.7	167050	167400	DXJG01000004	167	0.4444444444444444	0.23737373737373738	-1
CasR_0_CAS-I-II-III-IV-V-VI	DXJG01000004_208	234	198	0.0067	12.8	210199	210900	DXJG01000004	208	0.2094017094017094	0.2474747474747475	-1
CasR_0_CAS-I-II-III-IV-V-VI	DXJG01000004_210	124	198	4.8e-09	32.9	211699	212070	DXJG01000004	210	0.4596774193548387	0.2878787878787879	1
CasR_0_CAS-I-II-III-IV-V-VI	DXJG01000004_39	354	198	2.7e-05	20.7	41464	42525	DXJG01000004	39	0.2598870056497175	0.30303030303030304	-1
CasR_0_CAS-I-II-III-IV-V-VI	DXJG01000004_5	224	198	4.5000000000000003e-23	78.7	3595	4266	DXJG01000004	5	0.8839285714285714	0.9696969696969697	-1
CasR_0_CAS-I-II-III-IV-V-VI	DXJG01000005_47	67	198	1.6e-05	21.4	38305	38505	DXJG01000005	47	0.7910447761194029	0.26262626262626265	-1
CasR_0_CAS-I-II-III-IV-V-VI	DXJG01000007_23	233	198	0.0022	14.4	32946	33644	DXJG01000007	23	0.19313304721030042	0.2222222222222222	-1
CasR_0_CAS-I-II-III-IV-V-VI	DXJG01000007_30	153	198	0.00037	17.0	45192	45650	DXJG01000007	30	0.29411764705882354	0.22727272727272727	-1
CasR_0_CAS-I-II-III-IV-V-VI	DXJG01000008_5	156	198	2.2e-08	30.7	3572	4039	DXJG01000008	5	0.3076923076923077	0.24242424242424243	1
CasR_0_CAS-I-II-III-IV-V-VI	DXJG01000009_107	232	198	0.00022	17.7	95305	96000	DXJG01000009	107	0.40948275862068967	0.3434343434343434	-1
CasR_0_CAS-I-II-III-IV-V-VI	DXJG01000009_134	151	198	1.4e-07	28.1	123860	124312	DXJG01000009	134	0.7019867549668874	0.5202020202020202	-1
CasR_0_CAS-I-II-III-IV-V-VI	DXJG01000009_15	255	198	2.3e-05	20.9	19652	20416	DXJG01000009	15	0.40784313725490196	0.42424242424242425	-1
CasR_0_CAS-I-II-III-IV-V-VI	DXJG01000009_194	139	198	9.1e-08	28.7	184917	185333	DXJG01000009	194	0.43884892086330934	0.31313131313131315	-1
CasR_0_CAS-I-II-III-IV-V-VI	DXJG01000009_22	227	198	1.4e-05	21.6	25902	26582	DXJG01000009	22	0.18502202643171806	0.20707070707070707	1
CasR_0_CAS-I-II-III-IV-V-VI	DXJG01000009_23	217	198	0.0037	13.7	26579	27229	DXJG01000009	23	0.2672811059907834	0.6717171717171717	-1
CasR_0_CAS-I-II-III-IV-V-VI	DXJG01000009_275	175	198	0.00051	16.5	265382	265906	DXJG01000009	275	0.4742857142857143	0.30303030303030304	1
CasR_0_CAS-I-II-III-IV-V-VI	DXJG01000009_31	167	198	7.1e-06	22.6	32278	32778	DXJG01000009	31	0.46706586826347307	0.35353535353535354	-1
CasR_0_CAS-I-II-III-IV-V-VI	DXJG01000009_84	158	198	2.2e-08	30.7	79634	80107	DXJG01000009	84	0.740506329113924	0.5555555555555556	-1
CasR_0_CAS-I-II-III-IV-V-VI	DXJG01000010_31	465	198	0.04	10.3	24464	25858	DXJG01000010	31	0.1827956989247312	0.3434343434343434	1
CasR_0_CAS-I-II-III-IV-V-VI	DXJG01000010_5	168	198	4.4e-09	33.0	4408	4911	DXJG01000010	5	0.4523809523809524	0.2777777777777778	1
CasR_0_CAS-I-II-III-IV-V-VI	DXJG01000010_6	66	198	0.0025	14.2	5187	5384	DXJG01000010	6	0.7727272727272727	0.25252525252525254	1
CasR_0_CAS-I-II-III-IV-V-VI	DXJG01000013_27	200	198	2.3e-07	27.4	25057	25656	DXJG01000013	27	0.35	0.25252525252525254	-1
CasR_0_CAS-I-II-III-IV-V-VI	DXJG01000014_9	274	198	0.0042	13.5	8610	9431	DXJG01000014	9	0.2591240875912409	0.3888888888888889	-1
CasR_0_CAS-III-B-III-D	DXJG01000002_536	177	255	0.0011	15.4	558658	559188	DXJG01000002	536	0.5254237288135594	0.403921568627451	-1
CasR_0_CAS-III-B-III-D	DXJG01000004_131	79	255	0.16	8.2	129876	130112	DXJG01000004	131	0.7974683544303798	0.23529411764705882	-1
CasR_1_CAS-I-II-III-IV-V-VI	DXJG01000001_154	333	218	1.1e-05	21.5	149226	150224	DXJG01000001	154	0.45645645645645644	0.4541284403669725	1
CasR_1_CAS-I-II-III-IV-V-VI	DXJG01000001_27	760	218	0.00098	15.1	25382	27661	DXJG01000001	27	0.14473684210526316	0.4908256880733945	-1
CasR_1_CAS-I-II-III-IV-V-VI	DXJG01000001_41	104	218	8.6e-07	25.1	41174	41485	DXJG01000001	41	0.7596153846153846	0.27522935779816515	1
CasR_1_CAS-I-II-III-IV-V-VI	DXJG01000002_100	144	218	0.15	8.0	108119	108550	DXJG01000002	100	0.5833333333333334	0.3119266055045872	1
CasR_1_CAS-I-II-III-IV-V-VI	DXJG01000002_112	170	218	4.7e-06	22.7	118650	119159	DXJG01000002	112	0.5117647058823529	0.41284403669724773	-1
CasR_1_CAS-I-II-III-IV-V-VI	DXJG01000002_144	92	218	2.8e-11	39.8	150323	150598	DXJG01000002	144	0.6521739130434783	0.2798165137614679	1
CasR_1_CAS-I-II-III-IV-V-VI	DXJG01000002_230	127	218	3.3e-06	23.2	236956	237336	DXJG01000002	230	0.31496062992125984	0.1926605504587156	-1
CasR_1_CAS-I-II-III-IV-V-VI	DXJG01000002_249	210	218	5.2e-06	22.6	260555	261184	DXJG01000002	249	0.4142857142857143	0.29357798165137616	-1
CasR_1_CAS-I-II-III-IV-V-VI	DXJG01000002_25	158	218	7.9e-07	25.2	28734	29207	DXJG01000002	25	0.5189873417721519	0.3944954128440367	-1
CasR_1_CAS-I-II-III-IV-V-VI	DXJG01000002_314	187	218	8.2e-06	21.9	319960	320520	DXJG01000002	314	0.5935828877005348	0.3532110091743119	-1
CasR_1_CAS-I-II-III-IV-V-VI	DXJG01000002_315	220	218	0.0039	13.2	320492	321151	DXJG01000002	315	0.42272727272727273	0.42660550458715596	-1
CasR_1_CAS-I-II-III-IV-V-VI	DXJG01000002_355	2514	218	0.0001	18.4	373189	380730	DXJG01000002	355	0.09626093874303898	0.5091743119266054	1
CasR_1_CAS-I-II-III-IV-V-VI	DXJG01000002_403	141	218	0.00053	16.0	425425	425847	DXJG01000002	403	0.3971631205673759	0.26146788990825687	-1
CasR_1_CAS-I-II-III-IV-V-VI	DXJG01000002_41	158	218	1.5e-06	24.3	44126	44599	DXJG01000002	41	0.46835443037974683	0.3165137614678899	-1
CasR_1_CAS-I-II-III-IV-V-VI	DXJG01000002_43	94	218	3.6e-08	29.6	46230	46511	DXJG01000002	43	0.6914893617021277	0.2981651376146789	1
CasR_1_CAS-I-II-III-IV-V-VI	DXJG01000002_52	495	218	3.6e-05	19.8	54793	56277	DXJG01000002	52	0.2	0.44495412844036697	-1
CasR_1_CAS-I-II-III-IV-V-VI	DXJG01000002_528	66	218	2.8e-07	26.7	553157	553354	DXJG01000002	528	0.7878787878787878	0.23853211009174313	1
CasR_1_CAS-I-II-III-IV-V-VI	DXJG01000002_536	177	218	3.2e-10	36.3	558658	559188	DXJG01000002	536	0.9152542372881356	0.7706422018348624	-1
CasR_1_CAS-I-II-III-IV-V-VI	DXJG01000002_538	533	218	0.0093	11.9	560046	561644	DXJG01000002	538	0.2045028142589118	0.2981651376146789	1
CasR_1_CAS-I-II-III-IV-V-VI	DXJG01000002_55	1036	218	0.0083	12.1	62136	65243	DXJG01000002	55	0.07142857142857142	0.3348623853211009	1
CasR_1_CAS-I-II-III-IV-V-VI	DXJG01000002_565	131	218	0.0013	14.8	589002	589394	DXJG01000002	565	0.6259541984732825	0.3394495412844037	1
CasR_1_CAS-I-II-III-IV-V-VI	DXJG01000002_68	316	218	3.7e-08	29.6	77387	78334	DXJG01000002	68	0.2563291139240506	0.38073394495412843	1
CasR_1_CAS-I-II-III-IV-V-VI	DXJG01000004_154	163	218	4.9e-05	19.4	154239	154727	DXJG01000004	154	0.6380368098159509	0.46788990825688076	-1
CasR_1_CAS-I-II-III-IV-V-VI	DXJG01000004_208	234	218	0.00023	17.2	210199	210900	DXJG01000004	208	0.3803418803418803	0.2889908256880734	-1
CasR_1_CAS-I-II-III-IV-V-VI	DXJG01000004_210	124	218	4.1e-10	36.0	211699	212070	DXJG01000004	210	0.46774193548387094	0.26605504587155965	1
CasR_1_CAS-I-II-III-IV-V-VI	DXJG01000004_39	354	218	0.00078	15.5	41464	42525	DXJG01000004	39	0.22598870056497175	0.24311926605504589	-1
CasR_1_CAS-I-II-III-IV-V-VI	DXJG01000004_5	224	218	5.7000000000000004e-27	91.1	3595	4266	DXJG01000004	5	0.9285714285714286	0.9403669724770642	-1
CasR_1_CAS-I-II-III-IV-V-VI	DXJG01000005_47	67	218	4.2e-06	22.9	38305	38505	DXJG01000005	47	0.6865671641791045	0.21100917431192662	-1
CasR_1_CAS-I-II-III-IV-V-VI	DXJG01000005_50	87	218	0.0033	13.4	39385	39645	DXJG01000005	50	0.5172413793103449	0.20642201834862386	-1
CasR_1_CAS-I-II-III-IV-V-VI	DXJG01000007_23	233	218	0.0013	14.8	32946	33644	DXJG01000007	23	0.1888412017167382	0.19724770642201836	-1
CasR_1_CAS-I-II-III-IV-V-VI	DXJG01000007_30	153	218	5.6e-05	19.2	45192	45650	DXJG01000007	30	0.6013071895424836	0.42201834862385323	-1
CasR_1_CAS-I-II-III-IV-V-VI	DXJG01000008_5	156	218	9.5e-09	31.5	3572	4039	DXJG01000008	5	0.3076923076923077	0.22018348623853212	1
CasR_1_CAS-I-II-III-IV-V-VI	DXJG01000009_107	232	218	3.8e-06	23.0	95305	96000	DXJG01000009	107	0.29310344827586204	0.3073394495412844	-1
CasR_1_CAS-I-II-III-IV-V-VI	DXJG01000009_134	151	218	3.9e-08	29.5	123860	124312	DXJG01000009	134	0.4370860927152318	0.3073394495412844	-1
CasR_1_CAS-I-II-III-IV-V-VI	DXJG01000009_15	255	218	1e-05	21.6	19652	20416	DXJG01000009	15	0.4196078431372549	0.38990825688073394	-1
CasR_1_CAS-I-II-III-IV-V-VI	DXJG01000009_194	139	218	1.4e-08	31.0	184917	185333	DXJG01000009	194	0.4244604316546763	0.27522935779816515	-1
CasR_1_CAS-I-II-III-IV-V-VI	DXJG01000009_22	227	218	1.8e-07	27.3	25902	26582	DXJG01000009	22	0.23348017621145375	0.23853211009174313	1
CasR_1_CAS-I-II-III-IV-V-VI	DXJG01000009_23	217	218	0.0021	14.0	26579	27229	DXJG01000009	23	0.34101382488479265	0.3440366972477064	-1
CasR_1_CAS-I-II-III-IV-V-VI	DXJG01000009_31	167	218	1e-06	24.9	32278	32778	DXJG01000009	31	0.3532934131736527	0.23394495412844038	-1
CasR_1_CAS-I-II-III-IV-V-VI	DXJG01000009_84	158	218	2e-08	30.5	79634	80107	DXJG01000009	84	0.6518987341772152	0.45871559633027525	-1
CasR_1_CAS-I-II-III-IV-V-VI	DXJG01000010_31	465	218	0.0012	14.9	24464	25858	DXJG01000010	31	0.1913978494623656	0.2706422018348624	1
CasR_1_CAS-I-II-III-IV-V-VI	DXJG01000010_5	168	218	8.9e-10	34.9	4408	4911	DXJG01000010	5	0.5	0.2798165137614679	1
CasR_1_CAS-I-II-III-IV-V-VI	DXJG01000010_6	66	218	0.0017	14.3	5187	5384	DXJG01000010	6	0.7727272727272727	0.22935779816513763	1
CasR_1_CAS-I-II-III-IV-V-VI	DXJG01000013_15	113	218	0.00027	17.0	12916	13254	DXJG01000013	15	0.7168141592920354	0.3761467889908257	1
CasR_1_CAS-I-II-III-IV-V-VI	DXJG01000013_20	245	218	0.0031	13.5	16554	17288	DXJG01000013	20	0.5795918367346938	0.5229357798165137	1
CasR_1_CAS-I-II-III-IV-V-VI	DXJG01000013_27	200	218	9.7e-08	28.2	25057	25656	DXJG01000013	27	0.335	0.22935779816513763	-1
CasR_1_CAS-I-II-III-IV-V-VI	DXJG01000014_9	274	218	0.00059	15.8	8610	9431	DXJG01000014	9	0.2846715328467153	0.38990825688073394	-1
CasR_2_CAS-III-D	DXJG01000009_107	232	636	0.0024	13.1	95305	96000	DXJG01000009	107	0.2974137931034483	0.11477987421383648	-1
CasR_4_CAS-III-D	DXJG01000002_174	144	530	0.0011	14.9	178730	179161	DXJG01000002	174	0.5625	0.15849056603773584	1
Cmr1gr7_6_CAS-III-B-III-C	DXJG01000002_338	255	81	0.0029	14.9	354017	354781	DXJG01000002	338	0.20392156862745098	0.48148148148148145	1
Cmr5_1_IIIC	DXJG01000007_16	236	178	0.7	6.5	24898	25605	DXJG01000007	16	0.7372881355932204	0.6179775280898876	1
Cmr5gr11_1_CAS-III-C	DXJG01000007_16	236	180	0.34	7.5	24898	25605	DXJG01000007	16	0.652542372881356	0.4888888888888889	1
Cmr5gr11_1_CAS-III-C	DXJG01000013_20	245	180	0.84	6.2	16554	17288	DXJG01000013	20	0.6244897959183674	0.5388888888888889	1
CorA_1_CAS-III-B	DXJG01000002_143	682	125	0.023	11.4	147757	149802	DXJG01000002	143	0.14809384164222875	0.688	-1
CorA_1_CAS-III-B	DXJG01000007_80	84	125	0.0037	14.0	106583	106834	DXJG01000007	80	0.7261904761904762	0.488	1
CorA_1_CAS-III-B	DXJG01000009_160	176	125	0.0026	14.5	146586	147113	DXJG01000009	160	0.1875	0.264	-1
CorA_1_CAS-III-B	DXJG01000013_20	245	125	0.0066	13.2	16554	17288	DXJG01000013	20	0.5061224489795918	0.56	1
Csa3_1_CAS-I-II-III-IV-V-VI	DXJG01000001_154	333	118	0.026	11.7	149226	150224	DXJG01000001	154	0.3783783783783784	0.7966101694915254	1
Csa3_1_CAS-I-II-III-IV-V-VI	DXJG01000001_161	72	118	8.8e-05	19.7	159353	159568	DXJG01000001	161	0.6805555555555556	0.4576271186440678	1
Csa3_1_CAS-I-II-III-IV-V-VI	DXJG01000001_27	760	118	1.2e-05	22.5	25382	27661	DXJG01000001	27	0.1118421052631579	0.652542372881356	-1
Csa3_1_CAS-I-II-III-IV-V-VI	DXJG01000001_41	104	118	0.0013	15.9	41174	41485	DXJG01000001	41	0.5288461538461539	0.4830508474576271	1
Csa3_1_CAS-I-II-III-IV-V-VI	DXJG01000001_64	146	118	0.003	14.8	60308	60745	DXJG01000001	64	0.3150684931506849	0.2966101694915254	-1
Csa3_1_CAS-I-II-III-IV-V-VI	DXJG01000002_144	92	118	6.3e-10	36.3	150323	150598	DXJG01000002	144	0.75	0.6101694915254238	1
Csa3_1_CAS-I-II-III-IV-V-VI	DXJG01000002_230	127	118	0.0051	14.0	236956	237336	DXJG01000002	230	0.6692913385826772	0.711864406779661	-1
Csa3_1_CAS-I-II-III-IV-V-VI	DXJG01000002_25	158	118	9.5e-07	26.0	28734	29207	DXJG01000002	25	0.7784810126582279	0.847457627118644	-1
Csa3_1_CAS-I-II-III-IV-V-VI	DXJG01000002_273	137	118	0.013	12.7	285299	285709	DXJG01000002	273	0.48175182481751827	0.5169491525423728	-1
Csa3_1_CAS-I-II-III-IV-V-VI	DXJG01000002_314	187	118	0.00089	16.5	319960	320520	DXJG01000002	314	0.8181818181818182	0.9576271186440678	-1
Csa3_1_CAS-I-II-III-IV-V-VI	DXJG01000002_355	2514	118	0.00076	16.7	373189	380730	DXJG01000002	355	0.03381066030230708	0.6101694915254238	1
Csa3_1_CAS-I-II-III-IV-V-VI	DXJG01000002_403	141	118	0.00018	18.7	425425	425847	DXJG01000002	403	0.5531914893617021	0.6440677966101694	-1
Csa3_1_CAS-I-II-III-IV-V-VI	DXJG01000002_43	94	118	6.1e-08	29.9	46230	46511	DXJG01000002	43	0.7127659574468085	0.6186440677966102	1
Csa3_1_CAS-I-II-III-IV-V-VI	DXJG01000002_436	128	118	0.00079	16.6	462337	462720	DXJG01000002	436	0.5546875	0.5	-1
Csa3_1_CAS-I-II-III-IV-V-VI	DXJG01000002_438	78	118	1.6e-06	25.3	463837	464070	DXJG01000002	438	0.782051282051282	0.5423728813559322	1
Csa3_1_CAS-I-II-III-IV-V-VI	DXJG01000002_461	304	118	0.0021	15.2	489645	490556	DXJG01000002	461	0.23684210526315788	0.635593220338983	1
Csa3_1_CAS-I-II-III-IV-V-VI	DXJG01000002_485	175	118	0.00028	18.1	513356	513880	DXJG01000002	485	0.4742857142857143	0.7288135593220338	-1
Csa3_1_CAS-I-II-III-IV-V-VI	DXJG01000002_52	495	118	5.5e-06	23.6	54793	56277	DXJG01000002	52	0.22626262626262628	0.652542372881356	-1
Csa3_1_CAS-I-II-III-IV-V-VI	DXJG01000002_55	1036	118	3.5e-05	21.0	62136	65243	DXJG01000002	55	0.25	0.8305084745762712	1
Csa3_1_CAS-I-II-III-IV-V-VI	DXJG01000002_565	131	118	0.00047	17.3	589002	589394	DXJG01000002	565	0.5038167938931297	0.5508474576271186	1
Csa3_1_CAS-I-II-III-IV-V-VI	DXJG01000002_68	316	118	5.2e-08	30.1	77387	78334	DXJG01000002	68	0.2468354430379747	0.6101694915254238	1
Csa3_1_CAS-I-II-III-IV-V-VI	DXJG01000004_154	163	118	0.00022	18.4	154239	154727	DXJG01000004	154	0.5950920245398773	0.5423728813559322	-1
Csa3_1_CAS-I-II-III-IV-V-VI	DXJG01000005_47	67	118	0.00011	19.4	38305	38505	DXJG01000005	47	0.7761194029850746	0.4915254237288136	-1
Csa3_1_CAS-I-II-III-IV-V-VI	DXJG01000009_107	232	118	0.0013	15.9	95305	96000	DXJG01000009	107	0.35344827586206895	0.5932203389830508	-1
Csa3_1_CAS-I-II-III-IV-V-VI	DXJG01000009_134	151	118	3.6e-05	20.9	123860	124312	DXJG01000009	134	0.2847682119205298	0.4152542372881356	-1
Csa3_1_CAS-I-II-III-IV-V-VI	DXJG01000009_185	247	118	0.00053	17.2	171136	171876	DXJG01000009	185	0.3522267206477733	0.3474576271186441	1
Csa3_1_CAS-I-II-III-IV-V-VI	DXJG01000009_22	227	118	0.00018	18.7	25902	26582	DXJG01000009	22	0.30837004405286345	0.6186440677966102	1
Csa3_1_CAS-I-II-III-IV-V-VI	DXJG01000009_255	153	118	0.0002	18.5	245238	245696	DXJG01000009	255	0.5228758169934641	0.7033898305084746	-1
Csa3_1_CAS-I-II-III-IV-V-VI	DXJG01000009_31	167	118	9.9e-05	19.5	32278	32778	DXJG01000009	31	0.2155688622754491	0.3050847457627119	-1
Csa3_1_CAS-I-II-III-IV-V-VI	DXJG01000010_5	168	118	0.00043	17.5	4408	4911	DXJG01000010	5	0.40476190476190477	0.5169491525423728	1
Csa3_1_CAS-I-II-III-IV-V-VI	DXJG01000013_15	113	118	9.5e-06	22.8	12916	13254	DXJG01000013	15	0.7699115044247787	0.5932203389830508	1
Csa3_1_CAS-I-II-III-IV-V-VI	DXJG01000013_27	200	118	0.00014	19.1	25057	25656	DXJG01000013	27	0.31	0.5	-1
Csa3_1_CAS-I-II-III-IV-V-VI	DXJG01000014_9	274	118	0.00079	16.6	8610	9431	DXJG01000014	9	0.22627737226277372	0.5423728813559322	-1
Csa3_1_CAS-I-II-III-IV-V-VI	DXJG01000015_3	204	118	6.1e-11	39.5	2290	2901	DXJG01000015	3	0.6372549019607843	0.7372881355932204	1
Csa5_0_IA	DXJG01000004_11	117	107	8.6e-11	38.9	9769	10119	DXJG01000004	11	0.7692307692307693	0.7757009345794392	-1
Csa5gr11_0_CAS-III-B	DXJG01000004_11	117	135	1.9e-18	63.6	9769	10119	DXJG01000004	11	0.7606837606837606	0.6888888888888889	-1
Csa5gr11_0_CAS-III-B	DXJG01000009_267	126	135	0.00071	16.4	259023	259400	DXJG01000009	267	0.3412698412698413	0.32592592592592595	-1
Csa5gr11_10_CAS-I-A	DXJG01000004_11	117	106	5.1e-08	30.0	9769	10119	DXJG01000004	11	0.6239316239316239	0.6886792452830188	-1
Csa5gr11_1_CAS-I-A	DXJG01000004_11	117	100	8.8e-12	42.0	9769	10119	DXJG01000004	11	0.7264957264957265	0.73	-1
Csa5gr11_1_CAS-I-A	DXJG01000009_70	619	100	0.14	9.2	64812	66668	DXJG01000009	70	0.15347334410339256	0.57	-1
Csa5gr11_2_CAS-I-A	DXJG01000004_11	117	101	1.5e-09	35.0	9769	10119	DXJG01000004	11	0.6410256410256411	0.7425742574257426	-1
Csa5gr11_2_CAS-I-A	DXJG01000004_132	516	101	0.01	13.1	130265	131812	DXJG01000004	132	0.14147286821705427	0.5841584158415841	-1
Csa5gr11_3_CAS-I-A	DXJG01000004_11	117	162	2.6e-05	21.3	9769	10119	DXJG01000004	11	0.7350427350427351	0.5061728395061729	-1
Csa5gr11_4_CAS-I-A	DXJG01000002_490	301	136	0.0053	13.6	517301	518203	DXJG01000002	490	0.3089700996677741	0.6323529411764706	1
Csa5gr11_5_CAS-I-A	DXJG01000004_11	117	127	7.9e-06	22.9	9769	10119	DXJG01000004	11	0.38461538461538464	0.3228346456692913	-1
Csa5gr11_6_CAS-I-A	DXJG01000004_11	117	116	0.00026	17.9	9769	10119	DXJG01000004	11	0.7863247863247863	0.5517241379310345	-1
Csa5gr11_9_CAS-I-A	DXJG01000004_11	117	115	1.3e-05	21.7	9769	10119	DXJG01000004	11	0.6923076923076923	0.7130434782608696	-1
CsaX_0_IA	DXJG01000004_8	404	281	0.00041	16.5	6697	7908	DXJG01000004	8	0.15841584158415842	0.2313167259786477	-1
Csc1gr5_4_CAS-I-D	DXJG01000001_76	113	255	0.0024	14.1	74789	75127	DXJG01000001	76	0.5221238938053098	0.22745098039215686	1
Csf4_0_IVA	DXJG01000002_324	661	666	1.9e-12	43.4	334667	336649	DXJG01000002	324	0.340393343419062	0.36486486486486486	1
Csf4_0_IVA	DXJG01000004_232	624	666	2.3e-10	36.5	235418	237289	DXJG01000004	232	0.7051282051282052	0.6741741741741741	-1
Csf4_0_IVA	DXJG01000007_5	377	666	0.00018	17.0	11325	12455	DXJG01000007	5	0.4482758620689655	0.25075075075075076	1
Csf4_0_IVA	DXJG01000009_174	750	666	0.021	10.2	160382	162631	DXJG01000009	174	0.12	0.12912912912912913	-1
Csf4_1_IVA1	DXJG01000002_324	661	802	6.2e-10	34.7	334667	336649	DXJG01000002	324	0.19062027231467474	0.16084788029925187	1
Csf4_1_IVA1	DXJG01000004_232	624	802	1.4e-09	33.5	235418	237289	DXJG01000004	232	0.26282051282051283	0.2082294264339152	-1
Csf4_1_IVA1	DXJG01000009_174	750	802	0.011	10.7	160382	162631	DXJG01000009	174	0.148	0.13216957605985039	-1
Csf4_2_IVA1	DXJG01000002_324	661	526	0.0043	12.5	334667	336649	DXJG01000002	324	0.17246596066565809	0.21102661596958175	1
Csf4_2_IVA1	DXJG01000004_232	624	526	0.00043	15.8	235418	237289	DXJG01000004	232	0.2724358974358974	0.33269961977186313	-1
Csf4_3_IVE	DXJG01000002_324	661	648	6.4e-06	21.9	334667	336649	DXJG01000002	324	0.29954614220877457	0.2916666666666667	1
Csf4_3_IVE	DXJG01000004_232	624	648	2.8e-07	26.4	235418	237289	DXJG01000004	232	0.41346153846153844	0.37037037037037035	-1
Csm2_0_IIIA	DXJG01000003_78	426	96	0.0091	13.7	50924	52201	DXJG01000003	78	0.176056338028169	0.625	1
Csm2_0_IIIA	DXJG01000007_16	236	96	4.5	5.1	24898	25605	DXJG01000007	16	0.5	0.7083333333333334	1
Csm2gr11_0_CAS-III-A	DXJG01000003_78	426	95	0.015	13.1	50924	52201	DXJG01000003	78	0.17136150234741784	0.5894736842105263	1
Csm2gr11_0_CAS-III-A	DXJG01000007_16	236	95	5.2	4.9	24898	25605	DXJG01000007	16	0.5084745762711864	0.7263157894736842	1
Csm2gr11_5_CAS-III-D	DXJG01000009_225	267	121	0.0048	13.7	216224	217024	DXJG01000009	225	0.3445692883895131	0.5041322314049587	-1
Csm2gr11_7_CAS-III-A	DXJG01000002_191	1665	110	8.1	4.3	192812	197806	DXJG01000002	191	0.11171171171171171	0.7727272727272727	1
Csm2gr11_7_CAS-III-A	DXJG01000009_12	729	110	0.17	9.7	15987	18173	DXJG01000009	12	0.2812071330589849	0.8727272727272727	1
Csm3_0_IIID	DXJG01000001_187	792	178	0.31	8.9	183329	185704	DXJG01000001	187	0.29292929292929293	0.7303370786516854	1
Csm6_0_CAS-III	DXJG01000003_75	202	189	0.013	11.8	48998	49603	DXJG01000003	75	0.33663366336633666	0.3333333333333333	1
Csm6_2_CAS-III	DXJG01000001_188	420	184	0.0078	12.4	185724	186983	DXJG01000001	188	0.11666666666666667	0.266304347826087	1
Csm6_3_CAS-III	DXJG01000002_536	177	382	0.0076	12.0	558658	559188	DXJG01000002	536	0.23163841807909605	0.112565445026178	-1
Csm6_6_CAS-III	DXJG01000001_188	420	136	0.0083	12.9	185724	186983	DXJG01000001	188	0.1261904761904762	0.3897058823529412	1
Csm6_6_CAS-III	DXJG01000002_536	177	136	0.0055	13.5	558658	559188	DXJG01000002	536	0.3333333333333333	0.4632352941176471	-1
Csm6_7_CAS-III	DXJG01000002_431	382	373	0.0058	12.3	457374	458519	DXJG01000002	431	0.12303664921465969	0.1260053619302949	1
Csm6_7_CAS-III	DXJG01000002_536	177	373	0.00054	15.7	558658	559188	DXJG01000002	536	0.24858757062146894	0.12332439678284182	-1
Csn2_7_CAS-II-A	DXJG01000002_333	231	372	2.5e-05	20.2	349328	350020	DXJG01000002	333	0.4588744588744589	0.2849462365591398	-1
Csn2_7_CAS-II-A	DXJG01000002_411	261	372	0.00034	16.5	433544	434326	DXJG01000002	411	0.34099616858237547	0.239247311827957	1
Csn2_7_CAS-II-A	DXJG01000009_120	603	372	0.0052	12.6	105968	107776	DXJG01000009	120	0.0978441127694859	0.1586021505376344	1
Csn2_7_CAS-II-A	DXJG01000009_97	281	372	0.0067	12.2	87301	88143	DXJG01000009	97	0.1494661921708185	0.11290322580645161	1
Csn2_7_CAS-II-A	DXJG01000009_98	274	372	2.4e-05	20.2	88140	88961	DXJG01000009	98	0.30656934306569344	0.22311827956989247	1
Csn2_7_CAS-II-A	DXJG01000012_23	274	372	0.00053	15.8	33325	34146	DXJG01000012	23	0.2956204379562044	0.21505376344086022	-1
Csn2_8_CAS-II-A	DXJG01000006_37	499	335	0.0083	12.0	28663	30159	DXJG01000006	37	0.2745490981963928	0.2835820895522388	-1
Csx19_2_CAS-III-D	DXJG01000009_239	426	120	0.0078	13.3	228856	230133	DXJG01000009	239	0.11737089201877934	0.425	-1
Csx1_16_CAS-III	DXJG01000002_536	177	420	6.2e-05	18.7	558658	559188	DXJG01000002	536	0.4519774011299435	0.1976190476190476	-1
Csx1_18_CAS-III	DXJG01000009_146	105	376	0.12	8.8	133849	134163	DXJG01000009	146	0.9047619047619048	0.2553191489361702	1
Csx1_20_CAS-III	DXJG01000002_536	177	379	1.3e-08	30.9	558658	559188	DXJG01000002	536	0.559322033898305	0.2612137203166227	-1
Csx1_20_CAS-III	DXJG01000009_107	232	379	3.1e-09	32.9	95305	96000	DXJG01000009	107	0.3922413793103448	0.24802110817941952	-1
Csx1_4_CAS-III	DXJG01000002_536	177	380	2.6e-05	19.9	558658	559188	DXJG01000002	536	0.5649717514124294	0.2710526315789474	-1
Csx1_4_CAS-III	DXJG01000009_107	232	380	6.3e-06	22.0	95305	96000	DXJG01000009	107	0.4224137931034483	0.2736842105263158	-1
Csx1_5_CAS-III	DXJG01000001_188	420	132	0.0039	14.1	185724	186983	DXJG01000001	188	0.16428571428571428	0.5075757575757576	1
Csx1_9_CAS-III	DXJG01000002_536	177	378	2.9e-08	29.8	558658	559188	DXJG01000002	536	0.5536723163841808	0.2619047619047619	-1
Csx1_9_CAS-III	DXJG01000009_107	232	378	2.3e-08	30.1	95305	96000	DXJG01000009	107	0.38362068965517243	0.24603174603174602	-1
Csx20_0_CAS-I-III	DXJG01000001_195	374	131	0.014	12.4	191639	192760	DXJG01000001	195	0.15775401069518716	0.4351145038167939	-1
Csx20_0_CAS-I-III	DXJG01000002_171	808	131	0.005	13.8	174653	177076	DXJG01000002	171	0.050742574257425746	0.31297709923664124	1
Csx20_2_CAS-I-III	DXJG01000002_171	808	131	0.0043	13.8	174653	177076	DXJG01000002	171	0.11757425742574257	0.4351145038167939	1
Csx3_2_CAS-I-III	DXJG01000002_10	534	277	0.0025	13.8	12045	13646	DXJG01000002	10	0.07677902621722846	0.15162454873646208	-1
Csx3_2_CAS-I-III	DXJG01000002_180	455	277	0.017	11.0	184078	185442	DXJG01000002	180	0.08571428571428572	0.1371841155234657	-1
Csx3_2_CAS-I-III	DXJG01000002_216	267	277	0.012	11.5	225141	225941	DXJG01000002	216	0.08614232209737828	0.08303249097472924	-1
Csx3_2_CAS-I-III	DXJG01000002_331	180	277	2.3e-05	20.5	344723	345262	DXJG01000002	331	0.16111111111111112	0.10469314079422383	1
Csx3_2_CAS-I-III	DXJG01000002_421	667	277	0.0031	13.5	444626	446626	DXJG01000002	421	0.037481259370314844	0.07942238267148015	1
Csx3_2_CAS-I-III	DXJG01000002_469	275	277	0.0017	14.3	495706	496530	DXJG01000002	469	0.10181818181818182	0.10108303249097472	1
Csx3_2_CAS-I-III	DXJG01000007_24	424	277	0.015	11.2	33728	34999	DXJG01000007	24	0.2358490566037736	0.21299638989169675	1
Csx3_2_CAS-I-III	DXJG01000009_17	334	277	0.00039	16.4	21682	22683	DXJG01000009	17	0.11676646706586827	0.148014440433213	-1
Csx3_2_CAS-I-III	DXJG01000009_218	354	277	0.011	11.6	209122	210183	DXJG01000009	218	0.16101694915254236	0.20216606498194944	-1
CysH_0_IVB	DXJG01000001_181	317	249	0.006	13.1	177448	178398	DXJG01000001	181	0.08832807570977919	0.11646586345381527	-1
CysH_0_IVB	DXJG01000001_77	644	249	5.5e-19	65.6	75152	77083	DXJG01000001	77	0.296583850931677	0.7349397590361446	-1
CysH_0_IVB	DXJG01000002_521	395	249	7.4e-07	25.9	546325	547509	DXJG01000002	521	0.2936708860759494	0.3614457831325301	1
CysH_0_IVB	DXJG01000002_542	548	249	0.0001	18.9	564396	566039	DXJG01000002	542	0.08759124087591241	0.18875502008032127	-1
CysH_0_IVB	DXJG01000009_148	319	249	0.0047	13.4	135031	135987	DXJG01000009	148	0.13166144200626959	0.17269076305220885	1
DEDDh_0_CAS-I-II-III-IV-V-VI	DXJG01000001_187	792	160	1.1e-06	25.7	183329	185704	DXJG01000001	187	0.09090909090909091	0.35	1
HTH_0_CAS-I-D	DXJG01000002_225	117	65	0.012	12.3	231653	232003	DXJG01000002	225	0.19658119658119658	0.35384615384615387	-1
HTH_0_CAS-III-A	DXJG01000007_16	236	364	0.16	7.9	24898	25605	DXJG01000007	16	0.5805084745762712	0.22252747252747251	1
RecD_0_IVD	DXJG01000002_500	360	763	0.0091	10.9	525166	526245	DXJG01000002	500	0.06944444444444445	0.0327653997378768	-1
RecD_0_IVD	DXJG01000005_26	304	763	3.7e-07	25.4	25516	26427	DXJG01000005	26	0.5625	0.20707732634338138	-1
RecD_0_IVD	DXJG01000006_30	237	763	0.0004	15.4	24306	25016	DXJG01000006	30	0.45147679324894513	0.13237221494102228	1
RecD_0_IVD	DXJG01000009_174	750	763	0.0066	11.4	160382	162631	DXJG01000009	174	0.06	0.057667103538663174	-1
SSgr11_1_CAS-III-F	DXJG01000002_266	392	97	0.065	10.0	278697	279872	DXJG01000002	266	0.17091836734693877	0.6804123711340206	1
SSgr11_1_CAS-III-F	DXJG01000004_73	99	97	0.011	12.5	73646	73942	DXJG01000004	73	0.696969696969697	0.4948453608247423	-1
TPR_0_CAS-III-B	DXJG01000002_104	133	488	0.0024	13.4	110687	111085	DXJG01000002	104	0.6541353383458647	0.17827868852459017	1
TPR_0_CAS-III-B	DXJG01000009_264	274	488	6.9e-19	64.7	255258	256079	DXJG01000009	264	0.7481751824817519	0.3360655737704918	-1
TPR_1_CAS-III-B	DXJG01000009_264	274	537	2.5e-05	20.0	255258	256079	DXJG01000009	264	0.5218978102189781	0.14338919925512103	-1
TPR_1_CAS-III-B	DXJG01000010_46	103	537	0.00082	15.0	38042	38350	DXJG01000010	46	0.6213592233009708	0.11359404096834265	-1
TniQ_0_CAS-I-F	DXJG01000004_11	117	139	0.016	12.9	9769	10119	DXJG01000004	11	0.6581196581196581	0.45323741007194246	-1
TniQ_1_I-F	DXJG01000002_65	70	400	0.0032	13.3	73804	74013	DXJG01000002	65	0.7	0.125	1
TnpB_0_Competitive	DXJG01000007_81	174	400	9.7e-10	34.7	106836	107357	DXJG01000007	81	0.5517241379310345	0.2525	1
TnpB_0_Competitive	DXJG01000009_318	401	400	1.2e-76	255.1	310647	311849	DXJG01000009	318	0.8977556109725686	0.91	1
TnpB_0_Competitive	DXJG01000009_335	392	400	1.4e-05	21.0	336657	337832	DXJG01000009	335	0.42857142857142855	0.41	-1
TnpB_0_Competitive	DXJG01000017_30	95	400	0.0029	13.4	27562	27846	DXJG01000017	30	0.5052631578947369	0.1275	1
TnpB_1_Competitive	DXJG01000004_42	425	409	2.5e-12	43.1	44297	45571	DXJG01000004	42	0.5341176470588235	0.5134474327628362	1
TnpB_1_Competitive	DXJG01000007_81	174	409	1.3e-09	34.1	106836	107357	DXJG01000007	81	0.6666666666666666	0.293398533007335	1
TnpB_1_Competitive	DXJG01000009_318	401	409	7.1e-78	258.9	310647	311849	DXJG01000009	318	0.9052369077306733	0.8924205378973105	1
TnpB_1_Competitive	DXJG01000009_335	392	409	7.6e-15	51.4	336657	337832	DXJG01000009	335	0.7448979591836735	0.726161369193154	-1
TnpB_1_Competitive	DXJG01000011_6	443	409	0.19	7.3	5303	6631	DXJG01000011	6	0.12415349887133183	0.13447432762836187	1
TnpB_1_Competitive	DXJG01000017_30	95	409	6.6e-07	25.2	27562	27846	DXJG01000017	30	0.6105263157894737	0.14425427872860636	1
TnsC_0_V-K	DXJG01000003_54	392	283	0.0014	14.5	35534	36709	DXJG01000003	54	0.25510204081632654	0.254416961130742	1
Unk_03_0_CAS-III-B	DXJG01000013_20	245	186	0.0038	14.1	16554	17288	DXJG01000013	20	0.3551020408163265	0.489247311827957	1
WYL_0_CAS-I-II-III-IV-V-VI	DXJG01000004_14	485	313	0.0088	12.4	13285	14739	DXJG01000004	14	0.11134020618556702	0.16932907348242812	-1
WYL_0_CAS-I-II-III-IV-V-VI	DXJG01000008_5	156	313	0.0092	12.3	3572	4039	DXJG01000008	5	0.1858974358974359	0.0926517571884984	1
WYL_0_CAS-I-II-III-IV-V-VI	DXJG01000009_134	151	313	0.0012	15.2	123860	124312	DXJG01000009	134	0.26490066225165565	0.12779552715654952	-1
htpX_0_CAS-III-B	DXJG01000002_576	237	343	9.3e-06	21.8	599258	599968	DXJG01000002	576	0.4430379746835443	0.3206997084548105	1
