Hmm	ORF	tlen	qlen	Eval	score	start	end	Acc	Pos	Cov_seq	Cov_hmm	strand
AbiEii_0_CAS-III	RIZB01000001_1063	254	284	3.2e-06	24.4	1011337	1012098	RIZB01000001	1063	0.33070866141732286	0.29225352112676056	-1
AbiEii_0_CAS-III	RIZB01000001_1089	233	284	0.018	12.2	1036631	1037329	RIZB01000001	1089	0.37339055793991416	0.31338028169014087	-1
AbiEii_0_CAS-III	RIZB01000001_1092	742	284	0.00053	17.2	1039696	1041921	RIZB01000001	1092	0.05390835579514825	0.07042253521126761	1
AbiEii_0_CAS-III	RIZB01000001_1130	193	284	0.012	12.7	1065372	1065950	RIZB01000001	1130	0.15025906735751296	0.09507042253521127	1
AbiEii_0_CAS-III	RIZB01000001_126	304	284	0.0023	15.1	117804	118715	RIZB01000001	126	0.2993421052631579	0.30633802816901406	1
AbiEii_0_CAS-III	RIZB01000001_1371	759	284	6.8e-05	20.1	1302710	1304986	RIZB01000001	1371	0.06982872200263504	0.11267605633802817	1
AbiEii_0_CAS-III	RIZB01000001_1457	699	284	2.6e-06	24.7	1373845	1375941	RIZB01000001	1457	0.06437768240343347	0.0880281690140845	1
AbiEii_0_CAS-III	RIZB01000001_1501	268	284	2e-06	25.1	1413737	1414540	RIZB01000001	1501	0.3656716417910448	0.33098591549295775	1
AbiEii_0_CAS-III	RIZB01000001_1528	221	284	0.00011	19.3	1443978	1444640	RIZB01000001	1528	0.2895927601809955	0.22183098591549297	-1
AbiEii_0_CAS-III	RIZB01000001_1591	521	284	0.0013	15.9	1496707	1498269	RIZB01000001	1591	0.1708253358925144	0.29577464788732394	1
AbiEii_0_CAS-III	RIZB01000001_1735	379	284	8.3e-07	26.4	1675213	1676349	RIZB01000001	1735	0.29023746701846964	0.397887323943662	1
AbiEii_0_CAS-III	RIZB01000001_1794	255	284	1e-06	26.1	1728721	1729485	RIZB01000001	1794	0.2980392156862745	0.25704225352112675	-1
AbiEii_0_CAS-III	RIZB01000001_186	306	284	0.0018	15.4	179973	180890	RIZB01000001	186	0.3104575163398693	0.3204225352112676	-1
AbiEii_0_CAS-III	RIZB01000001_1928	895	284	3.3e-05	21.1	1844230	1846914	RIZB01000001	1928	0.1005586592178771	0.3345070422535211	1
AbiEii_0_CAS-III	RIZB01000001_1934	303	284	0.0004	17.6	1851537	1852445	RIZB01000001	1934	0.18811881188118812	0.19718309859154928	1
AbiEii_0_CAS-III	RIZB01000001_2	334	284	4.4e-07	27.3	2879	3880	RIZB01000001	2	0.25149700598802394	0.28169014084507044	1
AbiEii_0_CAS-III	RIZB01000001_2044	221	284	0.00018	18.7	1937450	1938112	RIZB01000001	2044	0.35294117647058826	0.2711267605633803	1
AbiEii_0_CAS-III	RIZB01000001_2051	291	284	0.00011	19.4	1943799	1944671	RIZB01000001	2051	0.29896907216494845	0.29225352112676056	1
AbiEii_0_CAS-III	RIZB01000001_302	334	284	0.00077	16.6	284497	285498	RIZB01000001	302	0.18562874251497005	0.2147887323943662	-1
AbiEii_0_CAS-III	RIZB01000001_38	307	284	2.5e-06	24.8	37244	38164	RIZB01000001	38	0.28338762214983715	0.2887323943661972	1
AbiEii_0_CAS-III	RIZB01000001_434	642	284	0.003	14.7	419375	421300	RIZB01000001	434	0.12305295950155763	0.2887323943661972	1
AbiEii_0_CAS-III	RIZB01000001_441	605	284	0.0091	13.1	427233	429047	RIZB01000001	441	0.20330578512396694	0.23591549295774647	1
AbiEii_0_CAS-III	RIZB01000001_485	624	284	0.0022	15.2	467161	469032	RIZB01000001	485	0.08012820512820513	0.176056338028169	-1
AbiEii_0_CAS-III	RIZB01000001_486	287	284	5.5e-07	26.9	469103	469963	RIZB01000001	486	0.2857142857142857	0.2887323943661972	-1
AbiEii_0_CAS-III	RIZB01000001_512	234	284	1.7e-06	25.4	494595	495296	RIZB01000001	512	0.47435897435897434	0.36971830985915494	1
AbiEii_0_CAS-III	RIZB01000001_535	449	284	0.013	12.6	521500	522846	RIZB01000001	535	0.1915367483296214	0.2992957746478873	1
AbiEii_0_CAS-III	RIZB01000001_612	347	284	0.013	12.6	592536	593576	RIZB01000001	612	0.2334293948126801	0.3028169014084507	1
AbiEii_0_CAS-III	RIZB01000001_622	216	284	0.0062	13.7	600567	601214	RIZB01000001	622	0.2962962962962963	0.2535211267605634	-1
AbiEii_0_CAS-III	RIZB01000001_850	438	284	0.011	12.8	816321	817634	RIZB01000001	850	0.1598173515981735	0.2535211267605634	1
AbiEii_0_CAS-III	RIZB01000002_123	265	284	7.1e-06	23.3	129305	130099	RIZB01000002	123	0.46037735849056605	0.4507042253521127	1
AbiEii_0_CAS-III	RIZB01000002_155	655	284	0.0095	13.0	160208	162172	RIZB01000002	155	0.15419847328244274	0.35563380281690143	1
AbiEii_0_CAS-III	RIZB01000002_18	392	284	1.4e-07	28.9	22696	23871	RIZB01000002	18	0.22193877551020408	0.3345070422535211	-1
AbiEii_0_CAS-III	RIZB01000002_26	310	284	2.3e-06	24.9	33201	34130	RIZB01000002	26	0.25483870967741934	0.2711267605633803	-1
AbiEii_0_CAS-III	RIZB01000002_409	244	284	1e-06	26.0	457262	457993	RIZB01000002	409	0.4918032786885246	0.4014084507042254	-1
AbiEii_0_CAS-III	RIZB01000002_433	264	284	0.00015	19.0	477669	478460	RIZB01000002	433	0.32954545454545453	0.2887323943661972	1
AbiEii_0_CAS-III	RIZB01000002_434	234	284	0.00014	19.0	478464	479165	RIZB01000002	434	0.36324786324786323	0.29225352112676056	1
AbiEii_0_CAS-III	RIZB01000002_526	371	284	0.051	10.6	581016	582128	RIZB01000002	526	0.22641509433962265	0.2852112676056338	1
AbiEii_0_CAS-III	RIZB01000003_17	370	284	0.0035	14.5	20439	21548	RIZB01000003	17	0.2	0.24295774647887325	1
AbiEii_0_CAS-III	RIZB01000003_18	343	284	0.0018	15.4	21545	22573	RIZB01000003	18	0.2915451895043732	0.352112676056338	1
AbiEii_0_CAS-III	RIZB01000003_239	391	284	0.00031	17.9	253948	255120	RIZB01000003	239	0.32225063938618925	0.4647887323943662	-1
AbiEii_0_CAS-III	RIZB01000003_300	430	284	0.016	12.3	319262	320551	RIZB01000003	300	0.06976744186046512	0.1056338028169014	1
AbiEii_0_CAS-III	RIZB01000003_316	607	284	0.0033	14.6	349699	351519	RIZB01000003	316	0.11367380560131796	0.19014084507042253	-1
AbiEii_0_CAS-III	RIZB01000003_396	418	284	0.0072	13.4	445359	446612	RIZB01000003	396	0.06937799043062201	0.10211267605633803	1
AbiEii_0_CAS-III	RIZB01000003_440	531	284	0.0071	13.5	492773	494365	RIZB01000003	440	0.11864406779661017	0.1443661971830986	1
AbiEii_0_CAS-III	RIZB01000003_85	328	284	0.00036	17.7	99153	100136	RIZB01000003	85	0.18292682926829268	0.20774647887323944	1
AbiEii_1_CAS-III-A	RIZB01000001_1063	254	335	1.2e-05	22.1	1011337	1012098	RIZB01000001	1063	0.3464566929133858	0.2656716417910448	-1
AbiEii_1_CAS-III-A	RIZB01000001_126	304	335	2.4e-06	24.5	117804	118715	RIZB01000001	126	0.28289473684210525	0.2626865671641791	1
AbiEii_1_CAS-III-A	RIZB01000001_1735	379	335	0.028	11.1	1675213	1676349	RIZB01000001	1735	0.08443271767810026	0.0955223880597015	1
AbiEii_1_CAS-III-A	RIZB01000001_186	306	335	2e-06	24.7	179973	180890	RIZB01000001	186	0.28431372549019607	0.2656716417910448	-1
AbiEii_1_CAS-III-A	RIZB01000001_1934	303	335	0.011	12.5	1851537	1852445	RIZB01000001	1934	0.1419141914191419	0.12238805970149254	1
AbiEii_1_CAS-III-A	RIZB01000001_2051	291	335	0.028	11.1	1943799	1944671	RIZB01000001	2051	0.3024054982817869	0.2656716417910448	1
AbiEii_1_CAS-III-A	RIZB01000001_38	307	335	0.016	11.8	37244	38164	RIZB01000001	38	0.09771986970684039	0.08955223880597014	1
AbiEii_1_CAS-III-A	RIZB01000001_486	287	335	0.015	12.0	469103	469963	RIZB01000001	486	0.08362369337979095	0.07164179104477612	-1
AbiEii_1_CAS-III-A	RIZB01000002_433	264	335	0.001	15.8	477669	478460	RIZB01000002	433	0.2840909090909091	0.22388059701492538	1
AbiEii_1_CAS-III-A	RIZB01000003_65	374	335	0.0058	13.3	75677	76798	RIZB01000003	65	0.09090909090909091	0.10149253731343283	1
AbiEii_2_CAS-III-C	RIZB01000001_1528	221	440	0.019	11.7	1443978	1444640	RIZB01000001	1528	0.35294117647058826	0.17727272727272728	-1
AbiEii_2_CAS-III-C	RIZB01000001_486	287	440	0.035	10.8	469103	469963	RIZB01000001	486	0.25435540069686413	0.16590909090909092	-1
Cas10_0_III	RIZB01000002_231	137	414	0.016	11.7	244269	244679	RIZB01000002	231	0.5182481751824818	0.16183574879227053	1
Cas10_0_IIIA	RIZB01000003_51	423	650	0.018	11.3	59848	61116	RIZB01000003	51	0.2553191489361702	0.16	1
Cas10_1_CAS-III	RIZB01000001_1118	53	654	0.014	11.5	1057733	1057891	RIZB01000001	1118	0.7169811320754716	0.06116207951070336	1
Cas10_1_CAS-III	RIZB01000003_400	86	654	0.013	11.6	453030	453287	RIZB01000003	400	0.38372093023255816	0.05045871559633028	1
Cas10_7_CAS-III	RIZB01000002_231	137	410	0.012	12.1	244269	244679	RIZB01000002	231	0.4233576642335766	0.14146341463414633	1
Cas10d_0_CAS-I-D	RIZB01000002_291	829	807	0.0	1287.9	309196	311682	RIZB01000002	291	0.97708082026538	0.9938042131350682	1
Cas10d_0_CAS-I-D	RIZB01000003_361	823	807	0.0	1347.6	407330	409798	RIZB01000003	361	0.976913730255164	0.9938042131350682	1
Cas10d_0_ID	RIZB01000002_291	829	946	0.00027	16.6	309196	311682	RIZB01000002	291	0.3172496984318456	0.29069767441860467	1
Cas10d_0_ID	RIZB01000003_361	823	946	7.1e-05	18.5	407330	409798	RIZB01000003	361	0.2503037667071689	0.226215644820296	1
Cas10d_1_CAS-I-D	RIZB01000002_271	870	886	0.037	9.6	282296	284905	RIZB01000002	271	0.12528735632183907	0.11851015801354402	-1
Cas10d_7_CAS-I-D	RIZB01000002_291	829	955	8.5e-07	25.0	309196	311682	RIZB01000002	291	0.14957780458383596	0.12774869109947645	1
Cas10d_7_CAS-I-D	RIZB01000003_361	823	955	6.5e-06	22.0	407330	409798	RIZB01000003	361	0.14823815309842042	0.1256544502617801	1
Cas11_1_IV	RIZB01000001_1586	698	122	0.017	13.0	1489575	1491668	RIZB01000001	1586	0.16332378223495703	0.5163934426229508	-1
Cas12a_0_CAS-V-A	RIZB01000001_1928	895	1244	1.8	3.7	1844230	1846914	RIZB01000001	1928	0.2681564245810056	0.11334405144694534	1
Cas12a_0_VA	RIZB01000002_493	654	1288	5.6	1.9	540353	542314	RIZB01000002	493	0.26299694189602446	0.06909937888198758	-1
Cas12a_1_CAS-V-A	RIZB01000001_1469	58	1086	0.059	8.8	1387292	1387465	RIZB01000001	1469	0.5172413793103449	0.03222836095764273	1
Cas12a_1_CAS-V-A	RIZB01000003_121	419	1086	0.023	10.1	139952	141208	RIZB01000003	121	0.11694510739856802	0.052486187845303865	-1
Cas12a_1_CAS-V-A	RIZB01000003_250	449	1086	0.0034	12.9	264484	265830	RIZB01000003	250	0.08908685968819599	0.04604051565377532	-1
Cas12a_1_CAS-V-A	RIZB01000003_425	185	1086	0.012	11.0	478740	479294	RIZB01000003	425	0.3675675675675676	0.06906077348066299	1
Cas12b1_0_CAS-V-B	RIZB01000003_425	185	1125	1.3e-05	20.8	478740	479294	RIZB01000003	425	0.5405405405405406	0.09955555555555555	1
Cas12b2_0_CAS-V-B	RIZB01000001_1405	95	747	0.047	9.6	1332646	1332930	RIZB01000001	1405	0.7578947368421053	0.09504685408299866	-1
Cas12b2_0_CAS-V-B	RIZB01000003_121	419	747	0.005	12.8	139952	141208	RIZB01000003	121	0.16706443914081145	0.09504685408299866	-1
Cas12b2_0_CAS-V-B	RIZB01000003_425	185	747	4.4e-10	36.1	478740	479294	RIZB01000003	425	0.5513513513513514	0.14323962516733602	1
Cas12b_0_VB	RIZB01000003_425	185	1130	0.00076	15.0	478740	479294	RIZB01000003	425	0.6432432432432432	0.10088495575221239	1
Cas12c_0_CAS-V-C	RIZB01000003_121	419	1272	0.0096	11.0	139952	141208	RIZB01000003	121	0.0954653937947494	0.0330188679245283	-1
Cas12c_0_CAS-V-C	RIZB01000003_389	696	1272	0.47	5.4	431713	433800	RIZB01000003	389	0.34339080459770116	0.15644654088050314	1
Cas12c_0_CAS-V-C	RIZB01000003_425	185	1272	0.00019	16.7	478740	479294	RIZB01000003	425	0.23783783783783785	0.03459119496855346	1
Cas12c_0_CAS-V-C	RIZB01000003_51	423	1272	1.2	4.0	59848	61116	RIZB01000003	51	0.09456264775413711	0.0330188679245283	1
Cas12c_1_CAS-V-C	RIZB01000003_425	185	1268	0.032	9.3	478740	479294	RIZB01000003	425	0.14594594594594595	0.021293375394321766	1
Cas12e_0_CAS-V-E	RIZB01000003_121	419	855	0.0071	12.0	139952	141208	RIZB01000003	121	0.07875894988066826	0.03859649122807018	-1
Cas12e_0_CAS-V-E	RIZB01000003_425	185	855	0.0001	18.1	478740	479294	RIZB01000003	425	0.24864864864864866	0.05380116959064327	1
Cas12e_1_CAS-V-E	RIZB01000003_425	185	986	7.9e-05	18.1	478740	479294	RIZB01000003	425	0.6216216216216216	0.11764705882352941	1
Cas12f1_0_CAS-V-F	RIZB01000003_121	419	512	3.4e-16	56.6	139952	141208	RIZB01000003	121	0.5202863961813843	0.447265625	-1
Cas12f1_0_CAS-V-F	RIZB01000003_250	449	512	0.0046	13.4	264484	265830	RIZB01000003	250	0.22271714922049	0.193359375	-1
Cas12f1_0_CAS-V-F	RIZB01000003_301	439	512	2e-08	31.1	321393	322709	RIZB01000003	301	0.47380410022779046	0.431640625	-1
Cas12f1_0_CAS-V-F	RIZB01000003_381	440	512	1.3e-06	25.1	424589	425908	RIZB01000003	381	0.30454545454545456	0.26171875	1
Cas12f1_0_CAS-V-F	RIZB01000003_425	185	512	1.1e-13	48.4	478740	479294	RIZB01000003	425	0.6486486486486487	0.25	1
Cas12f1_0_CAS-V-F	RIZB01000003_51	423	512	6.4e-15	52.5	59848	61116	RIZB01000003	51	0.5153664302600472	0.447265625	1
Cas12f1_1_CAS-V-F	RIZB01000003_121	419	557	6.8e-19	65.4	139952	141208	RIZB01000003	121	0.3341288782816229	0.26032315978456017	-1
Cas12f1_1_CAS-V-F	RIZB01000003_301	439	557	1.5e-19	67.5	321393	322709	RIZB01000003	301	0.296127562642369	0.24416517055655296	-1
Cas12f1_1_CAS-V-F	RIZB01000003_381	440	557	6.8e-17	58.8	424589	425908	RIZB01000003	381	0.3	0.24775583482944344	1
Cas12f1_1_CAS-V-F	RIZB01000003_425	185	557	1.9e-17	60.6	478740	479294	RIZB01000003	425	0.6108108108108108	0.22621184919210055	1
Cas12f1_1_CAS-V-F	RIZB01000003_51	423	557	7.8e-20	68.5	59848	61116	RIZB01000003	51	0.43498817966903075	0.3500897666068223	1
Cas12f1_2_CAS-V-F	RIZB01000001_412	609	429	0.1	9.1	397106	398932	RIZB01000001	412	0.047619047619047616	0.06993006993006994	-1
Cas12f1_2_CAS-V-F	RIZB01000001_435	57	429	0.032	10.7	421354	421524	RIZB01000001	435	0.631578947368421	0.09557109557109557	-1
Cas12f1_2_CAS-V-F	RIZB01000003_121	419	429	6e-30	102.1	139952	141208	RIZB01000003	121	0.4988066825775656	0.4965034965034965	-1
Cas12f1_2_CAS-V-F	RIZB01000003_250	449	429	3.2e-10	37.1	264484	265830	RIZB01000003	250	0.16926503340757237	0.18181818181818182	-1
Cas12f1_2_CAS-V-F	RIZB01000003_301	439	429	3.8e-26	89.6	321393	322709	RIZB01000003	301	0.6924829157175398	0.6643356643356644	-1
Cas12f1_2_CAS-V-F	RIZB01000003_381	440	429	5.7000000000000004e-27	92.3	424589	425908	RIZB01000003	381	0.7454545454545455	0.7389277389277389	1
Cas12f1_2_CAS-V-F	RIZB01000003_425	185	429	2.6e-34	116.4	478740	479294	RIZB01000003	425	0.6648648648648648	0.2773892773892774	1
Cas12f1_2_CAS-V-F	RIZB01000003_51	423	429	3.5e-29	99.5	59848	61116	RIZB01000003	51	0.4940898345153664	0.4965034965034965	1
Cas12f2_0_CAS-V-F	RIZB01000003_121	419	517	2.6e-17	60.1	139952	141208	RIZB01000003	121	0.548926014319809	0.4661508704061896	-1
Cas12f2_0_CAS-V-F	RIZB01000003_250	449	517	0.0047	13.1	264484	265830	RIZB01000003	250	0.2383073496659243	0.20502901353965183	-1
Cas12f2_0_CAS-V-F	RIZB01000003_301	439	517	4.3e-13	46.2	321393	322709	RIZB01000003	301	0.5034168564920274	0.44874274661508706	-1
Cas12f2_0_CAS-V-F	RIZB01000003_381	440	517	1.7e-12	44.2	424589	425908	RIZB01000003	381	0.35	0.29980657640232106	1
Cas12f2_0_CAS-V-F	RIZB01000003_425	185	517	4e-10	36.4	478740	479294	RIZB01000003	425	0.5081081081081081	0.172147001934236	1
Cas12f2_0_CAS-V-F	RIZB01000003_51	423	517	4.2e-16	56.1	59848	61116	RIZB01000003	51	0.541371158392435	0.46421663442940037	1
Cas12f2_0_CAS-V-F	RIZB01000006_34	190	517	0.0011	15.1	22184	22753	RIZB01000006	34	0.3684210526315789	0.13346228239845262	1
Cas12f2_1_CAS-V-F	RIZB01000001_108	105	422	0.14	8.7	101728	102042	RIZB01000001	108	0.5047619047619047	0.0924170616113744	-1
Cas12f2_1_CAS-V-F	RIZB01000001_1138	107	422	0.17	8.4	1074376	1074696	RIZB01000001	1138	0.48598130841121495	0.08767772511848342	1
Cas12f2_1_CAS-V-F	RIZB01000001_1176	128	422	0.0099	12.5	1114570	1114953	RIZB01000001	1176	0.2578125	0.09004739336492891	1
Cas12f2_1_CAS-V-F	RIZB01000001_1409	62	422	0.0022	14.6	1334794	1334979	RIZB01000001	1409	0.6290322580645161	0.08293838862559241	-1
Cas12f2_1_CAS-V-F	RIZB01000001_1469	58	422	0.85	6.1	1387292	1387465	RIZB01000001	1469	0.8620689655172413	0.07109004739336493	1
Cas12f2_1_CAS-V-F	RIZB01000001_247	106	422	0.0082	12.8	237080	237397	RIZB01000001	247	0.29245283018867924	0.07582938388625593	1
Cas12f2_1_CAS-V-F	RIZB01000001_412	609	422	0.044	10.4	397106	398932	RIZB01000001	412	0.04597701149425287	0.06872037914691943	-1
Cas12f2_1_CAS-V-F	RIZB01000001_435	57	422	0.00043	17.0	421354	421524	RIZB01000001	435	0.6666666666666666	0.1018957345971564	-1
Cas12f2_1_CAS-V-F	RIZB01000001_862	45	422	0.028	11.0	824635	824769	RIZB01000001	862	0.6666666666666666	0.07345971563981042	1
Cas12f2_1_CAS-V-F	RIZB01000002_136	318	422	0.0014	15.2	141872	142825	RIZB01000002	136	0.2389937106918239	0.18246445497630331	1
Cas12f2_1_CAS-V-F	RIZB01000003_121	419	422	1.0000000000000001e-39	134.3	139952	141208	RIZB01000003	121	0.8066825775656324	0.8317535545023697	-1
Cas12f2_1_CAS-V-F	RIZB01000003_250	449	422	8e-15	52.3	264484	265830	RIZB01000003	250	0.43875278396436523	0.4976303317535545	-1
Cas12f2_1_CAS-V-F	RIZB01000003_301	439	422	5.9e-29	98.9	321393	322709	RIZB01000003	301	0.7699316628701595	0.7985781990521327	-1
Cas12f2_1_CAS-V-F	RIZB01000003_326	106	422	0.08	9.5	362022	362339	RIZB01000003	326	0.5377358490566038	0.11374407582938388	1
Cas12f2_1_CAS-V-F	RIZB01000003_381	440	422	1e-31	108.0	424589	425908	RIZB01000003	381	0.7727272727272727	0.8033175355450237	1
Cas12f2_1_CAS-V-F	RIZB01000003_400	86	422	0.023	11.3	453030	453287	RIZB01000003	400	0.20930232558139536	0.04265402843601896	1
Cas12f2_1_CAS-V-F	RIZB01000003_425	185	422	7e-21	72.3	478740	479294	RIZB01000003	425	0.6486486486486487	0.3033175355450237	1
Cas12f2_1_CAS-V-F	RIZB01000003_51	423	422	7.9e-39	131.4	59848	61116	RIZB01000003	51	0.8156028368794326	0.8436018957345972	1
Cas12f2_1_CAS-V-F	RIZB01000003_99	106	422	0.11	9.1	117068	117385	RIZB01000003	99	0.5094339622641509	0.11137440758293839	1
Cas12f2_1_CAS-V-F	RIZB01000004_5	106	422	0.08	9.5	4592	4909	RIZB01000004	5	0.5377358490566038	0.11374407582938388	1
Cas12f2_1_CAS-V-F	RIZB01000006_34	190	422	1.9e-05	21.5	22184	22753	RIZB01000006	34	0.42105263157894735	0.1895734597156398	1
Cas12f2_2_CAS-V-F	RIZB01000001_1138	107	493	0.048	9.8	1074376	1074696	RIZB01000001	1138	0.7383177570093458	0.13184584178498987	1
Cas12f2_2_CAS-V-F	RIZB01000001_1469	58	493	1.4	5.0	1387292	1387465	RIZB01000001	1469	0.8275862068965517	0.06490872210953347	1
Cas12f2_2_CAS-V-F	RIZB01000003_121	419	493	4.9e-23	79.0	139952	141208	RIZB01000003	121	0.5346062052505967	0.48884381338742394	-1
Cas12f2_2_CAS-V-F	RIZB01000003_301	439	493	3.6e-18	63.0	321393	322709	RIZB01000003	301	0.48519362186788156	0.47058823529411764	-1
Cas12f2_2_CAS-V-F	RIZB01000003_326	106	493	2.4	4.2	362022	362339	RIZB01000003	326	0.7169811320754716	0.13184584178498987	1
Cas12f2_2_CAS-V-F	RIZB01000003_381	440	493	3.1e-18	63.2	424589	425908	RIZB01000003	381	0.8	0.7241379310344828	1
Cas12f2_2_CAS-V-F	RIZB01000003_425	185	493	2e-10	37.4	478740	479294	RIZB01000003	425	0.40540540540540543	0.15212981744421908	1
Cas12f2_2_CAS-V-F	RIZB01000003_51	423	493	1.9e-22	77.1	59848	61116	RIZB01000003	51	0.5319148936170213	0.4908722109533469	1
Cas12f2_2_CAS-V-F	RIZB01000003_99	106	493	3.1	3.8	117068	117385	RIZB01000003	99	0.6981132075471698	0.13387423935091278	1
Cas12f2_2_CAS-V-F	RIZB01000004_5	106	493	2.4	4.2	4592	4909	RIZB01000004	5	0.7169811320754716	0.13184584178498987	1
Cas12f3_0_CAS-V-F	RIZB01000001_1138	107	496	0.022	11.2	1074376	1074696	RIZB01000001	1138	0.5794392523364486	0.07258064516129033	1
Cas12f3_0_CAS-V-F	RIZB01000003_121	419	496	3.3e-08	30.4	139952	141208	RIZB01000003	121	0.2935560859188544	0.22782258064516128	-1
Cas12f3_0_CAS-V-F	RIZB01000003_301	439	496	5.2e-06	23.2	321393	322709	RIZB01000003	301	0.36446469248291574	0.3125	-1
Cas12f3_0_CAS-V-F	RIZB01000003_381	440	496	8.8e-08	29.0	424589	425908	RIZB01000003	381	0.3409090909090909	0.3024193548387097	1
Cas12f3_0_CAS-V-F	RIZB01000003_425	185	496	8.5e-09	32.4	478740	479294	RIZB01000003	425	0.3783783783783784	0.11491935483870967	1
Cas12f3_0_CAS-V-F	RIZB01000003_51	423	496	8.1e-07	25.8	59848	61116	RIZB01000003	51	0.38534278959810875	0.3225806451612903	1
Cas12f6_0_CAS-V-F	RIZB01000003_63	300	587	0.046	10.1	73771	74670	RIZB01000003	63	0.12666666666666668	0.06473594548551959	-1
Cas12f7_0_CAS-V-F	RIZB01000001_1952	58	566	0.0019	14.6	1866007	1866180	RIZB01000001	1952	0.6206896551724138	0.0636042402826855	-1
Cas12f7_0_CAS-V-F	RIZB01000003_121	419	566	0.00016	18.1	139952	141208	RIZB01000003	121	0.33890214797136037	0.25618374558303886	-1
Cas12f7_0_CAS-V-F	RIZB01000003_51	423	566	0.00087	15.7	59848	61116	RIZB01000003	51	0.4373522458628842	0.3374558303886926	1
Cas12g_0_CAS-V-G	RIZB01000003_121	419	771	0.00098	14.9	139952	141208	RIZB01000003	121	0.1575178997613365	0.0946822308690013	-1
Cas12g_0_CAS-V-G	RIZB01000003_301	439	771	0.0011	14.8	321393	322709	RIZB01000003	301	0.28018223234624146	0.17120622568093385	-1
Cas12g_0_CAS-V-G	RIZB01000003_381	440	771	0.0054	12.5	424589	425908	RIZB01000003	381	0.26136363636363635	0.1608300907911803	1
Cas12g_0_CAS-V-G	RIZB01000003_425	185	771	1.4e-08	30.9	478740	479294	RIZB01000003	425	0.6108108108108108	0.1621271076523995	1
Cas12g_0_CAS-V-G	RIZB01000003_51	423	771	0.0028	13.4	59848	61116	RIZB01000003	51	0.16548463356973994	0.09987029831387809	1
Cas12h_0_CAS-V-H	RIZB01000003_425	185	898	4.5e-05	19.2	478740	479294	RIZB01000003	425	0.6270270270270271	0.1291759465478842	1
Cas12j_0_V-J	RIZB01000003_121	419	758	1.5e-07	27.2	139952	141208	RIZB01000003	121	0.13365155131264916	0.07255936675461741	-1
Cas12j_0_V-J	RIZB01000003_250	449	758	3.8e-08	29.2	264484	265830	RIZB01000003	250	0.18485523385300667	0.11081794195250659	-1
Cas12j_0_V-J	RIZB01000003_301	439	758	6.1e-06	21.9	321393	322709	RIZB01000003	301	0.12072892938496584	0.06860158311345646	-1
Cas12j_0_V-J	RIZB01000003_381	440	758	2.9e-06	23.0	424589	425908	RIZB01000003	381	0.12045454545454545	0.06860158311345646	1
Cas12j_0_V-J	RIZB01000003_425	185	758	1.6e-13	47.0	478740	479294	RIZB01000003	425	0.2972972972972973	0.06992084432717678	1
Cas12j_0_V-J	RIZB01000003_51	423	758	2e-06	23.5	59848	61116	RIZB01000003	51	0.2978723404255319	0.17150395778364116	1
Cas12m_0_V-M	RIZB01000003_121	419	577	1.2e-09	34.7	139952	141208	RIZB01000003	121	0.3269689737470167	0.23743500866551126	-1
Cas12m_0_V-M	RIZB01000003_301	439	577	5.5e-12	42.4	321393	322709	RIZB01000003	301	0.38496583143507973	0.29462738301559793	-1
Cas12m_0_V-M	RIZB01000003_381	440	577	5.7e-11	39.1	424589	425908	RIZB01000003	381	0.38636363636363635	0.29636048526863085	1
Cas12m_0_V-M	RIZB01000003_425	185	577	3.5e-05	19.9	478740	479294	RIZB01000003	425	0.4486486486486487	0.14211438474870017	1
Cas12m_0_V-M	RIZB01000003_51	423	577	2.7e-08	30.2	59848	61116	RIZB01000003	51	0.3333333333333333	0.24436741767764297	1
Cas12m_0_V-M	RIZB01000006_34	190	577	0.0088	12.0	22184	22753	RIZB01000006	34	0.35789473684210527	0.1195840554592721	1
Cas1_0_CAS-I-II-III-IV-V-VI	RIZB01000002_269	331	317	7.2e-100	331.6	280715	281707	RIZB01000002	269	0.9395770392749244	0.9810725552050473	-1
Cas1_0_CAS-I-II-III-IV-V-VI	RIZB01000002_296	332	317	3.2e-89	296.7	315805	316800	RIZB01000002	296	0.9246987951807228	0.9936908517350158	1
Cas1_0_CAS-I-II-III-IV-V-VI	RIZB01000003_366	332	317	3.9e-89	296.4	413921	414916	RIZB01000003	366	0.9246987951807228	0.9936908517350158	1
Cas1_0_I-II-III	RIZB01000002_269	331	327	5.8000000000000005e-89	295.9	280715	281707	RIZB01000002	269	0.9546827794561934	0.981651376146789	-1
Cas1_0_I-II-III	RIZB01000002_296	332	327	2.2e-71	238.1	315805	316800	RIZB01000002	296	0.9367469879518072	0.9908256880733946	1
Cas1_0_I-II-III	RIZB01000003_366	332	327	3.6e-71	237.4	413921	414916	RIZB01000003	366	0.9367469879518072	0.9908256880733946	1
Cas1_0_I-II-III-V	RIZB01000001_1412	95	315	0.033	10.5	1336743	1337027	RIZB01000001	1412	0.42105263157894735	0.07936507936507936	-1
Cas1_0_I-II-III-V	RIZB01000002_269	331	315	6.3e-86	285.6	280715	281707	RIZB01000002	269	0.9486404833836858	0.9904761904761905	-1
Cas1_0_I-II-III-V	RIZB01000002_296	332	315	2.2e-79	264.1	315805	316800	RIZB01000002	296	0.927710843373494	0.9968253968253968	1
Cas1_0_I-II-III-V	RIZB01000003_366	332	315	3.4e-79	263.5	413921	414916	RIZB01000003	366	0.927710843373494	0.9968253968253968	1
Cas1_0_IA	RIZB01000002_269	331	347	5e-42	141.6	280715	281707	RIZB01000002	269	0.9305135951661632	0.9077809798270894	-1
Cas1_0_IA	RIZB01000002_296	332	347	3.8000000000000004e-36	122.2	315805	316800	RIZB01000002	296	0.9457831325301205	0.9510086455331412	1
Cas1_0_IA	RIZB01000003_366	332	347	2.6e-36	122.8	413921	414916	RIZB01000003	366	0.9457831325301205	0.9510086455331412	1
Cas1_0_IC	RIZB01000002_269	331	340	2.8e-56	188.6	280715	281707	RIZB01000002	269	0.9577039274924471	0.961764705882353	-1
Cas1_0_IC	RIZB01000002_296	332	340	1.6000000000000001e-71	238.7	315805	316800	RIZB01000002	296	0.9457831325301205	0.9764705882352941	1
Cas1_0_IC	RIZB01000003_366	332	340	1.5e-71	238.9	413921	414916	RIZB01000003	366	0.9457831325301205	0.9764705882352941	1
Cas1_0_IE	RIZB01000002_269	331	269	6.4e-16	55.9	280715	281707	RIZB01000002	269	0.6374622356495468	0.7806691449814126	-1
Cas1_0_IE	RIZB01000002_296	332	269	2.5e-07	27.7	315805	316800	RIZB01000002	296	0.6054216867469879	0.7472118959107806	1
Cas1_0_IE	RIZB01000003_366	332	269	1.3e-07	28.6	413921	414916	RIZB01000003	366	0.6054216867469879	0.7472118959107806	1
Cas1_0_IF	RIZB01000002_269	331	307	1.4e-05	22.1	280715	281707	RIZB01000002	269	0.4501510574018127	0.495114006514658	-1
Cas1_0_II	RIZB01000002_269	331	278	3.7e-09	33.8	280715	281707	RIZB01000002	269	0.7069486404833837	0.7805755395683454	-1
Cas1_0_II	RIZB01000002_296	332	278	3.9e-16	56.7	315805	316800	RIZB01000002	296	0.7319277108433735	0.8237410071942446	1
Cas1_0_II	RIZB01000003_366	332	278	2.2e-16	57.5	413921	414916	RIZB01000003	366	0.7319277108433735	0.8237410071942446	1
Cas1_0_V	RIZB01000002_269	331	317	3.9e-15	53.2	280715	281707	RIZB01000002	269	0.7673716012084593	0.7728706624605678	-1
Cas1_0_V	RIZB01000002_296	332	317	9.700000000000002e-28	94.6	315805	316800	RIZB01000002	296	0.7740963855421686	0.807570977917981	1
Cas1_0_V	RIZB01000003_366	332	317	1.5e-27	94.0	413921	414916	RIZB01000003	366	0.7740963855421686	0.807570977917981	1
Cas1_1_CAS-I-II-III-IV-V-VI	RIZB01000002_269	331	261	2.8e-67	224.2	280715	281707	RIZB01000002	269	0.770392749244713	0.9885057471264368	-1
Cas1_1_CAS-I-II-III-IV-V-VI	RIZB01000002_296	332	261	2.9e-60	201.3	315805	316800	RIZB01000002	296	0.7620481927710844	1.0	1
Cas1_1_CAS-I-II-III-IV-V-VI	RIZB01000003_366	332	261	2.4e-60	201.6	413921	414916	RIZB01000003	366	0.7620481927710844	1.0	1
Cas1_2_CAS-I-II-III-IV-V-VI	RIZB01000002_269	331	306	3.7e-05	20.7	280715	281707	RIZB01000002	269	0.4501510574018127	0.4934640522875817	-1
Cas1_3_CAS-I-II-III-IV-V-VI	RIZB01000002_269	331	262	6e-16	56.0	280715	281707	RIZB01000002	269	0.6374622356495468	0.8015267175572519	-1
Cas1_3_CAS-I-II-III-IV-V-VI	RIZB01000002_296	332	262	2.9e-07	27.5	315805	316800	RIZB01000002	296	0.6024096385542169	0.7633587786259542	1
Cas1_3_CAS-I-II-III-IV-V-VI	RIZB01000003_366	332	262	1.5e-07	28.4	413921	414916	RIZB01000003	366	0.6024096385542169	0.7633587786259542	1
Cas1_4_CAS-I-II-III-IV-V-VI	RIZB01000002_269	331	275	1.8e-11	41.2	280715	281707	RIZB01000002	269	0.7764350453172205	0.8581818181818182	-1
Cas1_4_CAS-I-II-III-IV-V-VI	RIZB01000002_296	332	275	1.9e-16	57.6	315805	316800	RIZB01000002	296	0.7168674698795181	0.8181818181818182	1
Cas1_4_CAS-I-II-III-IV-V-VI	RIZB01000003_366	332	275	1e-16	58.5	413921	414916	RIZB01000003	366	0.7168674698795181	0.8181818181818182	1
Cas1_5_CAS-I-II-III-IV-V-VI	RIZB01000002_269	331	338	5.8e-56	187.6	280715	281707	RIZB01000002	269	0.9577039274924471	0.9674556213017751	-1
Cas1_5_CAS-I-II-III-IV-V-VI	RIZB01000002_296	332	338	1.7e-71	238.6	315805	316800	RIZB01000002	296	0.9427710843373494	0.9792899408284024	1
Cas1_5_CAS-I-II-III-IV-V-VI	RIZB01000003_366	332	338	1.5e-71	238.8	413921	414916	RIZB01000003	366	0.9427710843373494	0.9792899408284024	1
Cas1_6_CAS-I-II-III-IV-V-VI	RIZB01000002_269	331	320	7.1e-124	410.7	280715	281707	RIZB01000002	269	0.9788519637462235	1.0	-1
Cas1_6_CAS-I-II-III-IV-V-VI	RIZB01000002_296	332	320	1.4999999999999999e-55	186.2	315805	316800	RIZB01000002	296	0.9307228915662651	0.978125	1
Cas1_6_CAS-I-II-III-IV-V-VI	RIZB01000003_366	332	320	2.8e-55	185.3	413921	414916	RIZB01000003	366	0.9307228915662651	0.978125	1
Cas1_7_CAS-I-II-III-IV-V-VI	RIZB01000002_269	331	328	3.2999999999999997e-93	309.9	280715	281707	RIZB01000002	269	0.9909365558912386	0.9908536585365854	-1
Cas1_7_CAS-I-II-III-IV-V-VI	RIZB01000002_296	332	328	6.6e-73	243.2	315805	316800	RIZB01000002	296	0.9397590361445783	0.9695121951219512	1
Cas1_7_CAS-I-II-III-IV-V-VI	RIZB01000003_366	332	328	9.4e-73	242.7	413921	414916	RIZB01000003	366	0.9397590361445783	0.9695121951219512	1
Cas1_8_CAS-I-II-III-IV-V-VI	RIZB01000001_1150	307	283	0.022	11.5	1085861	1086781	RIZB01000001	1150	0.3485342019543974	0.3745583038869258	-1
Cas1_8_CAS-I-II-III-IV-V-VI	RIZB01000001_1412	95	283	0.027	11.2	1336743	1337027	RIZB01000001	1412	0.23157894736842105	0.07773851590106007	-1
Cas1_8_CAS-I-II-III-IV-V-VI	RIZB01000002_269	331	283	5.7e-81	269.3	280715	281707	RIZB01000002	269	0.8398791540785498	0.9893992932862191	-1
Cas1_8_CAS-I-II-III-IV-V-VI	RIZB01000002_296	332	283	3.7e-79	263.4	315805	316800	RIZB01000002	296	0.8192771084337349	0.9964664310954063	1
Cas1_8_CAS-I-II-III-IV-V-VI	RIZB01000003_366	332	283	3e-79	263.7	413921	414916	RIZB01000003	366	0.8192771084337349	0.9964664310954063	1
Cas2_0_CAS-I-II-III-IV-V-VI	RIZB01000002_268	88	90	1.2e-13	48.8	280448	280711	RIZB01000002	268	0.7954545454545454	0.8222222222222222	-1
Cas2_0_CAS-I-II-III-IV-V-VI	RIZB01000002_297	91	90	7.9e-14	49.4	316797	317069	RIZB01000002	297	0.8351648351648352	0.8666666666666667	1
Cas2_0_CAS-I-II-III-IV-V-VI	RIZB01000003_367	91	90	7e-14	49.6	414913	415185	RIZB01000003	367	0.8351648351648352	0.8666666666666667	1
Cas2_0_CAS-III-AM	RIZB01000002_297	91	95	8.4e-06	23.6	316797	317069	RIZB01000002	297	0.7582417582417582	0.7157894736842105	1
Cas2_0_CAS-III-AM	RIZB01000003_367	91	95	1.1e-05	23.3	414913	415185	RIZB01000003	367	0.7582417582417582	0.7157894736842105	1
Cas2_0_I-II-III	RIZB01000002_268	88	96	4.4e-14	50.0	280448	280711	RIZB01000002	268	0.9090909090909091	0.8958333333333334	-1
Cas2_0_I-II-III	RIZB01000002_297	91	96	3.4e-14	50.4	316797	317069	RIZB01000002	297	0.9560439560439561	0.9479166666666666	1
Cas2_0_I-II-III	RIZB01000003_367	91	96	3.7e-14	50.3	414913	415185	RIZB01000003	367	0.9560439560439561	0.9479166666666666	1
Cas2_0_I-II-III-V	RIZB01000002_268	88	83	1e-13	48.9	280448	280711	RIZB01000002	268	0.8409090909090909	0.9518072289156626	-1
Cas2_0_I-II-III-V	RIZB01000002_297	91	83	2.6e-16	57.2	316797	317069	RIZB01000002	297	0.7582417582417582	0.8554216867469879	1
Cas2_0_I-II-III-V	RIZB01000003_367	91	83	1.6e-17	61.1	414913	415185	RIZB01000003	367	0.7582417582417582	0.8554216867469879	1
Cas2_10_CAS-I-II-III-IV-V-VI	RIZB01000002_268	88	86	0.0025	15.4	280448	280711	RIZB01000002	268	0.6931818181818182	0.7093023255813954	-1
Cas2_11_CAS-I-II-III-IV-V-VI	RIZB01000002_268	88	71	2e-17	60.7	280448	280711	RIZB01000002	268	0.9318181818181818	0.971830985915493	-1
Cas2_11_CAS-I-II-III-IV-V-VI	RIZB01000002_297	91	71	6e-21	72.0	316797	317069	RIZB01000002	297	0.7802197802197802	0.9859154929577465	1
Cas2_11_CAS-I-II-III-IV-V-VI	RIZB01000003_367	91	71	8.6e-21	71.5	414913	415185	RIZB01000003	367	0.7802197802197802	0.9859154929577465	1
Cas2_2_CAS-I-II-III-IV-V-VI	RIZB01000002_268	88	79	8.2e-21	71.6	280448	280711	RIZB01000002	268	0.8636363636363636	0.9873417721518988	-1
Cas2_2_CAS-I-II-III-IV-V-VI	RIZB01000002_297	91	79	4e-22	75.8	316797	317069	RIZB01000002	297	0.8461538461538461	0.9620253164556962	1
Cas2_2_CAS-I-II-III-IV-V-VI	RIZB01000003_367	91	79	1.7000000000000002e-22	77.0	414913	415185	RIZB01000003	367	0.8461538461538461	0.9620253164556962	1
Cas2_4_CAS-I-II-III-IV-V-VI	RIZB01000002_268	88	89	5.7e-20	69.0	280448	280711	RIZB01000002	268	0.9431818181818182	0.9662921348314607	-1
Cas2_4_CAS-I-II-III-IV-V-VI	RIZB01000002_297	91	89	5.9e-16	56.2	316797	317069	RIZB01000002	297	0.9120879120879121	0.9325842696629213	1
Cas2_4_CAS-I-II-III-IV-V-VI	RIZB01000003_367	91	89	1.2e-15	55.2	414913	415185	RIZB01000003	367	0.9120879120879121	0.9325842696629213	1
Cas2_6_CAS-I-II-III-IV-V-VI	RIZB01000001_922	373	90	0.0018	16.2	882573	883691	RIZB01000001	922	0.16353887399463807	0.4111111111111111	-1
Cas2_6_CAS-I-II-III-IV-V-VI	RIZB01000002_268	88	90	0.0039	15.1	280448	280711	RIZB01000002	268	0.625	0.6222222222222222	-1
Cas2_6_CAS-I-II-III-IV-V-VI	RIZB01000002_297	91	90	0.00015	19.6	316797	317069	RIZB01000002	297	0.3956043956043956	0.4	1
Cas2_6_CAS-I-II-III-IV-V-VI	RIZB01000003_367	91	90	0.00012	20.0	414913	415185	RIZB01000003	367	0.4065934065934066	0.4111111111111111	1
Cas2_7_CAS-I-II-III-IV-V-VI	RIZB01000002_268	88	94	2.8e-09	34.9	280448	280711	RIZB01000002	268	0.9431818181818182	0.9148936170212766	-1
Cas2_7_CAS-I-II-III-IV-V-VI	RIZB01000002_297	91	94	2.2e-09	35.2	316797	317069	RIZB01000002	297	0.8351648351648352	0.8085106382978723	1
Cas2_7_CAS-I-II-III-IV-V-VI	RIZB01000003_367	91	94	3.5e-08	31.4	414913	415185	RIZB01000003	367	0.8351648351648352	0.8085106382978723	1
Cas3-Cas2_0_CAS-I-F	RIZB01000002_271	870	1106	2.2e-08	29.9	282296	284905	RIZB01000002	271	0.12643678160919541	0.09945750452079566	-1
Cas3-Cas2_0_IF	RIZB01000002_271	870	1110	2.2e-08	29.8	282296	284905	RIZB01000002	271	0.12758620689655173	0.1	-1
Cas3HD_0_CAS-I	RIZB01000001_1942	224	203	0.0025	15.2	1857693	1858364	RIZB01000001	1942	0.16071428571428573	0.21674876847290642	1
Cas3HD_0_CAS-I	RIZB01000002_271	870	203	2.4e-26	90.4	282296	284905	RIZB01000002	271	0.29195402298850576	0.9753694581280788	-1
Cas3HD_0_CAS-I	RIZB01000003_149	291	203	0.0076	13.6	170594	171466	RIZB01000003	149	0.3230240549828179	0.31527093596059114	-1
Cas3HD_1_CAS-I	RIZB01000002_271	870	191	0.00013	19.4	282296	284905	RIZB01000002	271	0.10344827586206896	0.4397905759162304	-1
Cas3HD_2_CAS-I	RIZB01000002_271	870	231	0.001	16.3	282296	284905	RIZB01000002	271	0.08620689655172414	0.29004329004329005	-1
Cas3_0_CAS-I	RIZB01000001_1429	796	353	0.00039	17.2	1347336	1349723	RIZB01000001	1429	0.08542713567839195	0.19263456090651557	-1
Cas3_0_CAS-I	RIZB01000001_1460	948	353	7.9e-16	55.6	1377762	1380605	RIZB01000001	1460	0.33755274261603374	0.9008498583569405	-1
Cas3_0_CAS-I	RIZB01000001_1683	892	353	4.4e-08	30.1	1598612	1601287	RIZB01000001	1683	0.27802690582959644	0.6628895184135978	-1
Cas3_0_CAS-I	RIZB01000001_1697	856	353	0.0078	12.9	1623880	1626447	RIZB01000001	1697	0.0630841121495327	0.1529745042492918	-1
Cas3_0_CAS-I	RIZB01000001_1703	969	353	8.4e-11	39.1	1635841	1638747	RIZB01000001	1703	0.21671826625386997	0.5779036827195467	1
Cas3_0_CAS-I	RIZB01000001_1913	448	353	0.0011	15.7	1829028	1830371	RIZB01000001	1913	0.22544642857142858	0.2747875354107649	-1
Cas3_0_CAS-I	RIZB01000001_593	824	353	1.6e-07	28.3	574099	576570	RIZB01000001	593	0.1395631067961165	0.3286118980169972	1
Cas3_0_CAS-I	RIZB01000001_598	748	353	0.015	11.9	579225	581468	RIZB01000001	598	0.12299465240641712	0.2577903682719547	1
Cas3_0_CAS-I	RIZB01000001_732	786	353	4.9e-09	33.3	710185	712542	RIZB01000001	732	0.17684478371501272	0.3909348441926346	1
Cas3_0_CAS-I	RIZB01000002_271	870	353	5.7e-29	98.8	282296	284905	RIZB01000002	271	0.39770114942528734	0.9206798866855525	-1
Cas3_0_CAS-I	RIZB01000002_294	628	353	1.5e-12	44.9	313338	315221	RIZB01000002	294	0.4984076433121019	0.8980169971671388	1
Cas3_0_CAS-I	RIZB01000002_372	488	353	0.034	10.8	399266	400729	RIZB01000002	372	0.13729508196721313	0.14447592067988668	-1
Cas3_0_CAS-I	RIZB01000003_307	981	353	0.00024	17.8	327725	330667	RIZB01000003	307	0.10805300713557595	0.28895184135977336	-1
Cas3_0_CAS-I	RIZB01000003_364	626	353	1.5e-12	44.9	411454	413331	RIZB01000003	364	0.5	0.8980169971671388	1
Cas3_0_CAS-I-D	RIZB01000001_1460	948	626	5.6e-05	19.0	1377762	1380605	RIZB01000001	1460	0.08755274261603375	0.12460063897763578	-1
Cas3_0_CAS-I-D	RIZB01000001_732	786	626	0.00095	15.0	710185	712542	RIZB01000001	732	0.12468193384223919	0.14696485623003194	1
Cas3_0_CAS-I-D	RIZB01000002_205	805	626	1.2e-07	27.8	221355	223769	RIZB01000002	205	0.24720496894409938	0.30990415335463256	1
Cas3_0_CAS-I-D	RIZB01000002_271	870	626	1.5e-07	27.5	282296	284905	RIZB01000002	271	0.14022988505747128	0.1853035143769968	-1
Cas3_0_CAS-I-D	RIZB01000002_294	628	626	4.2e-10	35.9	313338	315221	RIZB01000002	294	0.37420382165605093	0.3610223642172524	1
Cas3_0_CAS-I-D	RIZB01000003_364	626	626	4e-10	36.0	411454	413331	RIZB01000003	364	0.3769968051118211	0.36261980830670926	1
Cas3_0_CAS-I-U	RIZB01000002_271	870	843	5e-12	42.0	282296	284905	RIZB01000002	271	0.2	0.20166073546856464	-1
Cas3_0_I	RIZB01000001_1429	796	358	0.00094	15.9	1347336	1349723	RIZB01000001	1429	0.11557788944723618	0.26256983240223464	-1
Cas3_0_I	RIZB01000001_1460	948	358	1.3e-16	58.2	1377762	1380605	RIZB01000001	1460	0.33122362869198313	0.88268156424581	-1
Cas3_0_I	RIZB01000001_1683	892	358	8.6e-08	29.2	1598612	1601287	RIZB01000001	1683	0.1681614349775785	0.39106145251396646	-1
Cas3_0_I	RIZB01000001_1697	856	358	0.0057	13.3	1623880	1626447	RIZB01000001	1697	0.06542056074766354	0.16201117318435754	-1
Cas3_0_I	RIZB01000001_1703	969	358	3.3e-12	43.7	1635841	1638747	RIZB01000001	1703	0.20330237358101136	0.5446927374301676	1
Cas3_0_I	RIZB01000001_1913	448	358	0.0015	15.2	1829028	1830371	RIZB01000001	1913	0.23660714285714285	0.30446927374301674	-1
Cas3_0_I	RIZB01000001_593	824	358	1.3e-07	28.6	574099	576570	RIZB01000001	593	0.14927184466019416	0.3463687150837989	1
Cas3_0_I	RIZB01000001_598	748	358	0.012	12.2	579225	581468	RIZB01000001	598	0.1270053475935829	0.2569832402234637	1
Cas3_0_I	RIZB01000001_732	786	358	2.1e-09	34.4	710185	712542	RIZB01000001	732	0.11068702290076336	0.2430167597765363	1
Cas3_0_I	RIZB01000002_271	870	358	2.6000000000000002e-30	103.2	282296	284905	RIZB01000002	271	0.39425287356321836	0.9134078212290503	-1
Cas3_0_I	RIZB01000002_294	628	358	1e-13	48.6	313338	315221	RIZB01000002	294	0.49363057324840764	0.888268156424581	1
Cas3_0_I	RIZB01000003_307	981	358	0.0014	15.3	327725	330667	RIZB01000003	307	0.11213047910295616	0.29608938547486036	-1
Cas3_0_I	RIZB01000003_364	626	358	1e-13	48.6	411454	413331	RIZB01000003	364	0.4952076677316294	0.888268156424581	1
Cas3_0_ID	RIZB01000001_1460	948	357	5.7e-06	23.2	1377762	1380605	RIZB01000001	1460	0.1751054852320675	0.41456582633053224	-1
Cas3_0_ID	RIZB01000001_1913	448	357	4.3e-05	20.3	1829028	1830371	RIZB01000001	1913	0.3549107142857143	0.4425770308123249	-1
Cas3_0_ID	RIZB01000001_732	786	357	7.1e-05	19.5	710185	712542	RIZB01000001	732	0.13358778625954199	0.2969187675070028	1
Cas3_0_ID	RIZB01000001_790	687	357	0.011	12.3	758939	760999	RIZB01000001	790	0.28093158660844253	0.49019607843137253	-1
Cas3_0_ID	RIZB01000002_205	805	357	1.8e-08	31.4	221355	223769	RIZB01000002	205	0.18881987577639753	0.40896358543417366	1
Cas3_0_ID	RIZB01000002_294	628	357	6.999999999999999e-30	101.8	313338	315221	RIZB01000002	294	0.49363057324840764	0.9607843137254902	1
Cas3_0_ID	RIZB01000003_364	626	357	6.999999999999999e-30	101.8	411454	413331	RIZB01000003	364	0.4952076677316294	0.9607843137254902	1
Cas3_0_IU	RIZB01000002_271	870	864	5.2e-12	42.0	282296	284905	RIZB01000002	271	0.2655172413793103	0.25925925925925924	-1
Cas3_0_IU	RIZB01000002_294	628	864	0.0016	13.9	313338	315221	RIZB01000002	294	0.12101910828025478	0.08449074074074074	1
Cas3_0_IU	RIZB01000003_364	626	864	0.0015	14.0	411454	413331	RIZB01000003	364	0.12140575079872204	0.08449074074074074	1
Cas3_1_CAS-I	RIZB01000001_1429	796	745	0.0045	12.9	1347336	1349723	RIZB01000001	1429	0.06155778894472362	0.06845637583892618	-1
Cas3_1_CAS-I	RIZB01000001_1460	948	745	1.8e-06	24.1	1377762	1380605	RIZB01000001	1460	0.1371308016877637	0.17852348993288591	-1
Cas3_1_CAS-I	RIZB01000001_1913	448	745	1.8e-05	20.8	1829028	1830371	RIZB01000001	1913	0.20089285714285715	0.13154362416107382	-1
Cas3_1_CAS-I	RIZB01000001_542	737	745	0.0002	17.3	527396	529606	RIZB01000001	542	0.13297150610583447	0.1342281879194631	1
Cas3_1_CAS-I	RIZB01000001_593	824	745	0.0058	12.5	574099	576570	RIZB01000001	593	0.14199029126213591	0.1476510067114094	1
Cas3_1_CAS-I	RIZB01000001_732	786	745	0.00058	15.8	710185	712542	RIZB01000001	732	0.11577608142493638	0.1261744966442953	1
Cas3_1_CAS-I	RIZB01000002_271	870	745	3.4e-40	135.6	282296	284905	RIZB01000002	271	0.4436781609195402	0.4684563758389262	-1
Cas3_1_CAS-I	RIZB01000002_294	628	745	4.4e-11	39.4	313338	315221	RIZB01000002	294	0.5270700636942676	0.4671140939597315	1
Cas3_1_CAS-I	RIZB01000003_364	626	745	4.8e-11	39.2	411454	413331	RIZB01000003	364	0.5287539936102237	0.4671140939597315	1
Cas3_1_CAS-I-D	RIZB01000001_1460	948	353	2.5e-06	24.3	1377762	1380605	RIZB01000001	1460	0.17405063291139242	0.4164305949008499	-1
Cas3_1_CAS-I-D	RIZB01000001_1703	969	353	0.00044	16.9	1635841	1638747	RIZB01000001	1703	0.19091847265221878	0.5014164305949008	1
Cas3_1_CAS-I-D	RIZB01000001_1913	448	353	2.9e-06	24.1	1829028	1830371	RIZB01000001	1913	0.2767857142857143	0.34560906515580736	-1
Cas3_1_CAS-I-D	RIZB01000001_732	786	353	4.3e-06	23.5	710185	712542	RIZB01000001	732	0.13231552162849872	0.29461756373937675	1
Cas3_1_CAS-I-D	RIZB01000001_790	687	353	0.00078	16.1	758939	760999	RIZB01000001	790	0.3231441048034934	0.5694050991501416	-1
Cas3_1_CAS-I-D	RIZB01000002_205	805	353	1.4e-09	35.0	221355	223769	RIZB01000002	205	0.19254658385093168	0.42209631728045327	1
Cas3_1_CAS-I-D	RIZB01000002_294	628	353	4.2e-29	99.2	313338	315221	RIZB01000002	294	0.49203821656050956	0.9575070821529745	1
Cas3_1_CAS-I-D	RIZB01000003_364	626	353	4.2e-29	99.2	411454	413331	RIZB01000003	364	0.4936102236421725	0.9575070821529745	1
Cas3_1_I	RIZB01000001_1583	279	178	0.0087	13.6	1487519	1488355	RIZB01000001	1583	0.34408602150537637	0.43258426966292135	1
Cas3_1_I	RIZB01000001_1942	224	178	0.013	13.0	1857693	1858364	RIZB01000001	1942	0.16071428571428573	0.24157303370786518	1
Cas3_1_I	RIZB01000002_271	870	178	1.7000000000000002e-22	77.9	282296	284905	RIZB01000002	271	0.2885057471264368	0.9943820224719101	-1
Cas3_2_CAS-I	RIZB01000001_1460	948	967	1.5e-06	24.2	1377762	1380605	RIZB01000001	1460	0.23945147679324894	0.22750775594622544	-1
Cas3_2_CAS-I	RIZB01000001_593	824	967	0.00039	16.1	574099	576570	RIZB01000001	593	0.11407766990291263	0.09307135470527404	1
Cas3_2_CAS-I	RIZB01000001_790	687	967	0.00045	15.9	758939	760999	RIZB01000001	790	0.22125181950509462	0.1499482936918304	-1
Cas3_2_CAS-I	RIZB01000002_205	805	967	4.3e-11	39.1	221355	223769	RIZB01000002	205	0.16645962732919253	0.1375387797311272	1
Cas3_2_CAS-I	RIZB01000002_294	628	967	0.00014	17.6	313338	315221	RIZB01000002	294	0.2070063694267516	0.13960703205791106	1
Cas3_2_CAS-I	RIZB01000003_364	626	967	0.00019	17.1	411454	413331	RIZB01000003	364	0.14057507987220447	0.09617373319544985	1
Cas3d_0_CAS-I-D	RIZB01000001_1697	856	639	0.0034	13.3	1623880	1626447	RIZB01000001	1697	0.07476635514018691	0.10015649452269171	-1
Cas3d_0_CAS-I-D	RIZB01000002_205	805	639	2.5e-07	27.0	221355	223769	RIZB01000002	205	0.14658385093167703	0.18153364632237873	1
Cas3d_0_CAS-I-D	RIZB01000002_294	628	639	0.00018	17.6	313338	315221	RIZB01000002	294	0.15286624203821655	0.15805946791862285	1
Cas3d_0_CAS-I-D	RIZB01000003_364	626	639	0.00018	17.6	411454	413331	RIZB01000003	364	0.15335463258785942	0.15805946791862285	1
Cas3d_1_CAS-I-D	RIZB01000001_1460	948	627	4.4e-09	32.7	1377762	1380605	RIZB01000001	1460	0.3681434599156118	0.5518341307814992	-1
Cas3d_1_CAS-I-D	RIZB01000001_1913	448	627	6.4e-06	22.2	1829028	1830371	RIZB01000001	1913	0.22767857142857142	0.12759170653907495	-1
Cas3d_1_CAS-I-D	RIZB01000002_205	805	627	0.00022	17.2	221355	223769	RIZB01000002	205	0.18509316770186335	0.24242424242424243	1
Cas3d_1_CAS-I-D	RIZB01000002_294	628	627	2.0000000000000002e-278	922.4	313338	315221	RIZB01000002	294	0.9984076433121019	1.0	1
Cas3d_1_CAS-I-D	RIZB01000003_364	626	627	1e-277	920.1	411454	413331	RIZB01000003	364	0.9984025559105432	0.9968102073365231	1
Cas4_0_CAS-I-II-III-IV-V-VI	RIZB01000001_1173	941	179	0.032	12.0	1107918	1110740	RIZB01000001	1173	0.13708820403825717	0.6312849162011173	-1
Cas4_0_CAS-I-II-III-IV-V-VI	RIZB01000001_1355	882	179	5.7e-15	53.5	1287003	1289648	RIZB01000001	1355	0.19387755102040816	0.9162011173184358	-1
Cas4_0_CAS-I-II-III-IV-V-VI	RIZB01000001_1689	951	179	0.00025	18.8	1607944	1610796	RIZB01000001	1689	0.12407991587802314	0.43575418994413406	1
Cas4_0_CAS-I-II-III-IV-V-VI	RIZB01000001_508	216	179	1.1e-05	23.3	492313	492960	RIZB01000001	508	0.47685185185185186	0.5865921787709497	-1
Cas4_0_CAS-I-II-III-IV-V-VI	RIZB01000001_935	225	179	0.013	13.3	895696	896370	RIZB01000001	935	0.27111111111111114	0.3743016759776536	-1
Cas4_0_CAS-I-II-III-IV-V-VI	RIZB01000002_270	194	179	1e-19	69.0	281710	282291	RIZB01000002	270	0.8092783505154639	0.994413407821229	-1
Cas4_0_CAS-I-II-III-IV-V-VI	RIZB01000002_295	197	179	1.4000000000000001e-30	104.3	315218	315808	RIZB01000002	295	0.8629441624365483	1.0	1
Cas4_0_CAS-I-II-III-IV-V-VI	RIZB01000003_365	197	179	1.9999999999999998e-30	103.9	413334	413924	RIZB01000003	365	0.8629441624365483	1.0	1
Cas4_0_I-II	RIZB01000001_1355	882	180	1.4e-13	48.6	1287003	1289648	RIZB01000001	1355	0.12585034013605442	0.6388888888888888	-1
Cas4_0_I-II	RIZB01000001_1689	951	180	0.00068	17.0	1607944	1610796	RIZB01000001	1689	0.08307045215562565	0.43333333333333335	1
Cas4_0_I-II	RIZB01000001_508	216	180	7e-09	33.3	492313	492960	RIZB01000001	508	0.9259259259259259	0.9888888888888889	-1
Cas4_0_I-II	RIZB01000001_935	225	180	0.00014	19.3	895696	896370	RIZB01000001	935	0.29777777777777775	0.39444444444444443	-1
Cas4_0_I-II	RIZB01000002_270	194	180	1.2e-20	71.6	281710	282291	RIZB01000002	270	0.8092783505154639	0.9888888888888889	-1
Cas4_0_I-II	RIZB01000002_295	197	180	7.4e-32	108.1	315218	315808	RIZB01000002	295	0.868020304568528	1.0	1
Cas4_0_I-II	RIZB01000003_365	197	180	8.600000000000001e-32	107.9	413334	413924	RIZB01000003	365	0.868020304568528	1.0	1
Cas4_0_I-II-V	RIZB01000001_1355	882	177	7.9e-11	39.8	1287003	1289648	RIZB01000001	1355	0.11564625850340136	0.6045197740112994	-1
Cas4_0_I-II-V	RIZB01000001_1689	951	177	0.00029	18.5	1607944	1610796	RIZB01000001	1689	0.07676130389064142	0.4067796610169492	1
Cas4_0_I-II-V	RIZB01000001_508	216	177	0.00024	18.7	492313	492960	RIZB01000001	508	0.49074074074074076	0.5875706214689266	-1
Cas4_0_I-II-V	RIZB01000002_270	194	177	5.5e-19	66.4	281710	282291	RIZB01000002	270	0.8092783505154639	0.9943502824858758	-1
Cas4_0_I-II-V	RIZB01000002_295	197	177	9.8e-28	94.9	315218	315808	RIZB01000002	295	0.8629441624365483	1.0	1
Cas4_0_I-II-V	RIZB01000003_365	197	177	9.3e-28	95.0	413334	413924	RIZB01000003	365	0.8629441624365483	1.0	1
Cas4_0_IA	RIZB01000002_295	197	273	1.6e-06	25.5	315218	315808	RIZB01000002	295	0.6446700507614214	0.48717948717948717	1
Cas4_0_IA	RIZB01000003_365	197	273	3.2e-06	24.5	413334	413924	RIZB01000003	365	0.7766497461928934	0.575091575091575	1
Cas4_0_V	RIZB01000002_295	197	178	2.4e-09	34.9	315218	315808	RIZB01000002	295	0.8578680203045685	0.9831460674157303	1
Cas4_0_V	RIZB01000003_365	197	178	5.2e-09	33.9	413334	413924	RIZB01000003	365	0.8477157360406091	0.9719101123595506	1
Cas4_1_CAS-I-II-III-IV-V-VI	RIZB01000002_295	197	270	2.2e-06	24.9	315218	315808	RIZB01000002	295	0.6294416243654822	0.48518518518518516	1
Cas4_1_CAS-I-II-III-IV-V-VI	RIZB01000003_365	197	270	3.7e-06	24.2	413334	413924	RIZB01000003	365	0.4517766497461929	0.34814814814814815	1
Cas4_3_CAS-I-II-III-IV-V-VI	RIZB01000001_1355	882	197	5.3e-08	30.7	1287003	1289648	RIZB01000001	1355	0.21768707482993196	0.7614213197969543	-1
Cas4_3_CAS-I-II-III-IV-V-VI	RIZB01000001_508	216	197	7.2e-08	30.2	492313	492960	RIZB01000001	508	0.46296296296296297	0.5177664974619289	-1
Cas4_3_CAS-I-II-III-IV-V-VI	RIZB01000002_270	194	197	5.399999999999999e-25	86.1	281710	282291	RIZB01000002	270	0.8247422680412371	0.9187817258883249	-1
Cas4_3_CAS-I-II-III-IV-V-VI	RIZB01000002_295	197	197	9.999999999999999e-26	88.5	315218	315808	RIZB01000002	295	0.8883248730964467	0.934010152284264	1
Cas4_3_CAS-I-II-III-IV-V-VI	RIZB01000003_365	197	197	1.0999999999999999e-25	88.4	413334	413924	RIZB01000003	365	0.883248730964467	0.9289340101522843	1
Cas4_4_CAS-I-II-III-IV-V-VI	RIZB01000002_295	197	284	8.2e-05	19.7	315218	315808	RIZB01000002	295	0.5736040609137056	0.4154929577464789	1
Cas4_4_CAS-I-II-III-IV-V-VI	RIZB01000003_365	197	284	0.0001	19.5	413334	413924	RIZB01000003	365	0.4416243654822335	0.3204225352112676	1
Cas4_5_CAS-I-II-III-IV-V-VI	RIZB01000001_1355	882	161	3.7e-07	28.0	1287003	1289648	RIZB01000001	1355	0.10770975056689343	0.5962732919254659	-1
Cas4_5_CAS-I-II-III-IV-V-VI	RIZB01000001_508	216	161	0.00099	16.8	492313	492960	RIZB01000001	508	0.35648148148148145	0.484472049689441	-1
Cas4_5_CAS-I-II-III-IV-V-VI	RIZB01000002_270	194	161	5.6e-46	154.2	281710	282291	RIZB01000002	270	0.8092783505154639	0.9937888198757764	-1
Cas4_5_CAS-I-II-III-IV-V-VI	RIZB01000002_295	197	161	1.0999999999999999e-25	88.2	315218	315808	RIZB01000002	295	0.8578680203045685	0.9937888198757764	1
Cas4_5_CAS-I-II-III-IV-V-VI	RIZB01000003_365	197	161	9.999999999999999e-26	88.3	413334	413924	RIZB01000003	365	0.8527918781725888	0.9875776397515528	1
Cas4_6_CAS-I-II-III-IV-V-VI	RIZB01000002_295	197	292	1.7e-06	25.2	315218	315808	RIZB01000002	295	0.6395939086294417	0.4520547945205479	1
Cas4_6_CAS-I-II-III-IV-V-VI	RIZB01000003_365	197	292	5.5e-06	23.5	413334	413924	RIZB01000003	365	0.6040609137055838	0.4315068493150685	1
Cas5_0_CAS-I	RIZB01000002_272	279	201	4.8e-12	43.6	284905	285741	RIZB01000002	272	0.6451612903225806	0.8557213930348259	-1
Cas5_0_CAS-I-C	RIZB01000002_272	279	198	0.0094	13.4	284905	285741	RIZB01000002	272	0.4336917562724014	0.5202020202020202	-1
Cas5_0_CAS-I-E	RIZB01000002_272	279	182	0.012	13.0	284905	285741	RIZB01000002	272	0.40860215053763443	0.6208791208791209	-1
Cas5_0_I	RIZB01000002_272	279	43	3e-13	46.8	284905	285741	RIZB01000002	272	0.15412186379928317	1.0	-1
Cas5_0_IE	RIZB01000002_508	555	230	0.0073	13.5	555817	557481	RIZB01000002	508	0.13333333333333333	0.2217391304347826	1
Cas5_10_CAS-I-B	RIZB01000002_272	279	238	7.6e-15	52.5	284905	285741	RIZB01000002	272	0.5555555555555556	0.6134453781512605	-1
Cas5_1_CAS-I	RIZB01000002_272	279	241	0.00026	18.3	284905	285741	RIZB01000002	272	0.13261648745519714	0.15767634854771784	-1
Cas5_1_CAS-I-B	RIZB01000002_272	279	276	0.0047	13.8	284905	285741	RIZB01000002	272	0.10752688172043011	0.11231884057971014	-1
Cas5_1_CAS-I-C	RIZB01000002_272	279	198	0.015	12.7	284905	285741	RIZB01000002	272	0.43010752688172044	0.5151515151515151	-1
Cas5_1_CAS-I-E	RIZB01000002_272	279	180	0.0085	13.5	284905	285741	RIZB01000002	272	0.4121863799283154	0.6277777777777778	-1
Cas5_1_IB	RIZB01000002_272	279	241	1.6000000000000002e-81	271.1	284905	285741	RIZB01000002	272	0.8817204301075269	1.0	-1
Cas5_2_CAS-I	RIZB01000002_272	279	213	4.7e-12	43.8	284905	285741	RIZB01000002	272	0.5734767025089605	0.7136150234741784	-1
Cas5_3_CAS-I-B	RIZB01000001_63	252	174	0.012	13.1	61471	62226	RIZB01000001	63	0.14682539682539683	0.21264367816091953	-1
Cas5_4_CAS-I-B	RIZB01000002_272	279	190	1.4e-55	185.4	284905	285741	RIZB01000002	272	0.7096774193548387	0.9947368421052631	-1
Cas5_7_CAS-I-B	RIZB01000002_272	279	239	7.4e-87	288.4	284905	285741	RIZB01000002	272	0.8888888888888888	0.9916317991631799	-1
Cas6_0_CAS-I-II-III-IV-V-VI	RIZB01000002_275	272	194	1.2e-17	62.6	288890	289705	RIZB01000002	275	0.75	0.979381443298969	-1
Cas6_0_CAS-I-II-III-IV-V-VI	RIZB01000003_360	283	194	3.9e-05	21.7	406485	407333	RIZB01000003	360	0.4664310954063604	0.5979381443298969	1
Cas6_0_CAS-I-III-B	RIZB01000002_290	283	282	1.5e-119	395.6	308351	309199	RIZB01000002	290	0.9929328621908127	0.9787234042553191	1
Cas6_0_CAS-I-III-B	RIZB01000003_360	283	282	2.3e-120	398.3	406485	407333	RIZB01000003	360	0.9929328621908127	0.9787234042553191	1
Cas6_0_CAS-III-B-I-B	RIZB01000002_275	272	235	0.0077	13.2	288890	289705	RIZB01000002	275	0.39705882352941174	0.425531914893617	-1
Cas6_0_I-III	RIZB01000002_275	272	200	5.1e-17	60.5	288890	289705	RIZB01000002	275	0.7463235294117647	0.94	-1
Cas6_10_CAS-I-II-III-IV-V-VI	RIZB01000002_290	283	322	0.0055	13.5	308351	309199	RIZB01000002	290	0.303886925795053	0.2670807453416149	1
Cas6_10_CAS-I-II-III-IV-V-VI	RIZB01000003_360	283	322	0.0012	15.6	406485	407333	RIZB01000003	360	0.303886925795053	0.2670807453416149	1
Cas6_11_CAS-I-II-III-IV-V-VI	RIZB01000003_360	283	316	0.0041	14.0	406485	407333	RIZB01000003	360	0.19434628975265017	0.17721518987341772	1
Cas6_13_CAS-I-II-III-IV-V-VI	RIZB01000002_275	272	151	1.1e-17	62.3	288890	289705	RIZB01000002	275	0.625	0.9933774834437086	-1
Cas6_15_CAS-I-II-III-IV-V-VI	RIZB01000001_1780	355	112	0.0078	14.4	1713144	1714208	RIZB01000001	1780	0.21971830985915494	0.7142857142857143	1
Cas6_15_CAS-I-II-III-IV-V-VI	RIZB01000002_290	283	112	3.9e-12	44.3	308351	309199	RIZB01000002	290	0.45229681978798586	1.0	1
Cas6_15_CAS-I-II-III-IV-V-VI	RIZB01000003_360	283	112	6.2e-13	46.9	406485	407333	RIZB01000003	360	0.4452296819787986	0.9821428571428571	1
Cas6_3_CAS-I-II-III-IV-V-VI	RIZB01000002_275	272	240	1.9e-05	22.4	288890	289705	RIZB01000002	275	0.7058823529411765	0.6958333333333333	-1
Cas6_3_IVA	RIZB01000001_412	609	192	0.022	12.1	397106	398932	RIZB01000001	412	0.07060755336617405	0.22395833333333334	-1
Cas6_6_IVD	RIZB01000002_290	283	259	1.6e-06	25.3	308351	309199	RIZB01000002	290	0.4911660777385159	0.49034749034749037	1
Cas6_6_IVD	RIZB01000003_360	283	259	1.5e-05	22.1	406485	407333	RIZB01000003	360	0.4911660777385159	0.49034749034749037	1
Cas6_7_CAS-I-II-III-IV-V-VI	RIZB01000002_275	272	241	8.3e-18	62.7	288890	289705	RIZB01000002	275	0.9411764705882353	0.991701244813278	-1
Cas6_7_CAS-I-II-III-IV-V-VI	RIZB01000002_290	283	241	0.035	11.5	308351	309199	RIZB01000002	290	0.1519434628975265	0.17842323651452283	1
Cas6_7_CAS-I-II-III-IV-V-VI	RIZB01000003_360	283	241	0.013	13.0	406485	407333	RIZB01000003	360	0.15547703180212014	0.1825726141078838	1
Cas6_7_IV	RIZB01000002_275	272	262	8.5e-05	19.8	288890	289705	RIZB01000002	275	0.26838235294117646	0.2748091603053435	-1
Cas6_8_CAS-I-II-III-IV-V-VI	RIZB01000002_290	283	275	4.6e-06	23.8	308351	309199	RIZB01000002	290	0.4911660777385159	0.4509090909090909	1
Cas6_8_CAS-I-II-III-IV-V-VI	RIZB01000003_360	283	275	5.8e-06	23.4	406485	407333	RIZB01000003	360	0.4876325088339223	0.4509090909090909	1
Cas7_0_CAS-I-C	RIZB01000002_273	354	268	2.9e-38	129.5	285744	286805	RIZB01000002	273	0.672316384180791	0.835820895522388	-1
Cas7_0_IC	RIZB01000002_273	354	284	6e-29	98.8	285744	286805	RIZB01000002	273	0.5819209039548022	0.7183098591549296	-1
Cas7_1_CAS-I-B	RIZB01000002_273	354	286	1.2e-125	416.2	285744	286805	RIZB01000002	273	0.8502824858757062	1.0	-1
Cas7_1_CAS-I-C	RIZB01000002_273	354	278	4.9000000000000004e-30	102.3	285744	286805	RIZB01000002	273	0.5819209039548022	0.7158273381294964	-1
Cas7_2_CAS-I-C	RIZB01000002_273	354	283	4.1e-36	122.3	285744	286805	RIZB01000002	273	0.7372881355932204	0.8621908127208481	-1
Cas7_2_IB	RIZB01000002_273	354	286	1.2e-121	403.1	285744	286805	RIZB01000002	273	0.8502824858757062	1.0	-1
Cas7_3_IB	RIZB01000001_201	247	268	0.021	11.9	196762	197502	RIZB01000001	201	0.24696356275303644	0.22761194029850745	1
Cas7_3_IB	RIZB01000002_273	354	268	1.8e-39	133.4	285744	286805	RIZB01000002	273	0.6412429378531074	0.8059701492537313	-1
Cas7b_0_CAS-I-B-I-C	RIZB01000002_273	354	254	9.7e-51	170.3	285744	286805	RIZB01000002	273	0.7711864406779662	0.9960629921259843	-1
Cas8a1_1_IB	RIZB01000002_274	702	571	0.016	11.1	286798	288903	RIZB01000002	274	0.26638176638176636	0.3327495621716287	-1
Cas8b1_13_CAS-I-B	RIZB01000002_274	702	580	4.2e-21	72.8	286798	288903	RIZB01000002	274	0.5541310541310541	0.6137931034482759	-1
Cas8b1_1_CAS-I-B	RIZB01000002_274	702	563	0.035	10.3	286798	288903	RIZB01000002	274	0.10968660968660969	0.13676731793960922	-1
Cas8b1_2_CAS-I-B	RIZB01000002_274	702	385	4e-70	234.5	286798	288903	RIZB01000002	274	0.6096866096866097	1.0	-1
Cas8b1_3_CAS-I-B	RIZB01000002_274	702	594	4.1e-13	46.4	286798	288903	RIZB01000002	274	0.3561253561253561	0.3956228956228956	-1
Cas8b2_4_CAS-I-B	RIZB01000002_362	52	65	0.015	13.2	390613	390768	RIZB01000002	362	0.5	0.26153846153846155	-1
Cas8b_0_IB	RIZB01000002_274	702	395	6.4e-79	263.5	286798	288903	RIZB01000002	274	0.6096866096866097	1.0	-1
Cas8e_0_CAS-I-E	RIZB01000001_1460	948	470	0.019	11.6	1377762	1380605	RIZB01000001	1460	0.08860759493670886	0.1723404255319149	-1
CasR_0_CAS-I-II-III-IV-V-VI	RIZB01000001_1036	222	198	1.2e-06	25.8	987721	988386	RIZB01000001	1036	0.43243243243243246	0.26262626262626265	-1
CasR_0_CAS-I-II-III-IV-V-VI	RIZB01000001_1144	298	198	0.015	12.4	1078725	1079618	RIZB01000001	1144	0.36577181208053694	0.5202020202020202	-1
CasR_0_CAS-I-II-III-IV-V-VI	RIZB01000001_1227	137	198	2.6e-05	21.5	1163180	1163590	RIZB01000001	1227	0.4744525547445255	0.23737373737373738	1
CasR_0_CAS-I-II-III-IV-V-VI	RIZB01000001_1238	239	198	0.0019	15.4	1175037	1175753	RIZB01000001	1238	0.200836820083682	0.2474747474747475	-1
CasR_0_CAS-I-II-III-IV-V-VI	RIZB01000001_1298	356	198	0.00027	18.1	1226014	1227081	RIZB01000001	1298	0.21629213483146068	0.25252525252525254	1
CasR_0_CAS-I-II-III-IV-V-VI	RIZB01000001_1450	155	198	0.00011	19.4	1367405	1367869	RIZB01000001	1450	0.33548387096774196	0.25757575757575757	1
CasR_0_CAS-I-II-III-IV-V-VI	RIZB01000001_1518	130	198	4.8e-05	20.6	1433236	1433625	RIZB01000001	1518	0.36923076923076925	0.23737373737373738	1
CasR_0_CAS-I-II-III-IV-V-VI	RIZB01000001_1531	98	198	0.0015	15.7	1446509	1446802	RIZB01000001	1531	0.5816326530612245	0.2878787878787879	-1
CasR_0_CAS-I-II-III-IV-V-VI	RIZB01000001_1533	116	198	0.00051	17.2	1447442	1447789	RIZB01000001	1533	0.3448275862068966	0.20707070707070707	1
CasR_0_CAS-I-II-III-IV-V-VI	RIZB01000001_1561	131	198	0.019	12.1	1469039	1469431	RIZB01000001	1561	0.3969465648854962	0.26262626262626265	-1
CasR_0_CAS-I-II-III-IV-V-VI	RIZB01000001_1597	178	198	0.0028	14.8	1503373	1503906	RIZB01000001	1597	0.29213483146067415	0.23737373737373738	-1
CasR_0_CAS-I-II-III-IV-V-VI	RIZB01000001_1802	143	198	9.7e-06	22.8	1735816	1736244	RIZB01000001	1802	0.3146853146853147	0.22727272727272727	-1
CasR_0_CAS-I-II-III-IV-V-VI	RIZB01000001_1884	198	198	0.034	11.3	1804505	1805098	RIZB01000001	1884	0.24242424242424243	0.24242424242424243	-1
CasR_0_CAS-I-II-III-IV-V-VI	RIZB01000001_1938	151	198	0.001	16.2	1855860	1856312	RIZB01000001	1938	0.4503311258278146	0.3484848484848485	1
CasR_0_CAS-I-II-III-IV-V-VI	RIZB01000001_1945	229	198	0.00018	18.7	1859803	1860489	RIZB01000001	1945	0.19213973799126638	0.23232323232323232	-1
CasR_0_CAS-I-II-III-IV-V-VI	RIZB01000001_1947	261	198	0.0037	14.4	1861818	1862600	RIZB01000001	1947	0.19540229885057472	0.26262626262626265	1
CasR_0_CAS-I-II-III-IV-V-VI	RIZB01000001_196	201	198	0.021	11.9	192535	193137	RIZB01000001	196	0.14925373134328357	0.15151515151515152	-1
CasR_0_CAS-I-II-III-IV-V-VI	RIZB01000001_2049	255	198	0.00026	18.2	1942355	1943119	RIZB01000001	2049	0.16470588235294117	0.21717171717171718	1
CasR_0_CAS-I-II-III-IV-V-VI	RIZB01000001_2062	123	198	0.013	12.6	1953027	1953395	RIZB01000001	2062	0.42276422764227645	0.2474747474747475	-1
CasR_0_CAS-I-II-III-IV-V-VI	RIZB01000001_48	109	198	0.00013	19.2	44841	45167	RIZB01000001	48	0.44954128440366975	0.25252525252525254	1
CasR_0_CAS-I-II-III-IV-V-VI	RIZB01000001_566	212	198	0.025	11.7	553119	553754	RIZB01000001	566	0.12264150943396226	0.13131313131313133	1
CasR_0_CAS-I-II-III-IV-V-VI	RIZB01000001_829	154	198	4.1e-08	30.6	797060	797521	RIZB01000001	829	0.3051948051948052	0.23737373737373738	-1
CasR_0_CAS-I-II-III-IV-V-VI	RIZB01000001_901	232	198	9.1e-05	19.7	862927	863622	RIZB01000001	901	0.29310344827586204	0.3181818181818182	1
CasR_0_CAS-I-II-III-IV-V-VI	RIZB01000001_947	104	198	0.0051	14.0	906151	906462	RIZB01000001	947	0.4230769230769231	0.22727272727272727	1
CasR_0_CAS-I-II-III-IV-V-VI	RIZB01000002_1	253	198	0.00024	18.3	1	759	RIZB01000002	1	0.18972332015810275	0.24242424242424243	1
CasR_0_CAS-I-II-III-IV-V-VI	RIZB01000002_105	124	198	0.0079	13.3	113819	114190	RIZB01000002	105	0.3467741935483871	0.22727272727272727	1
CasR_0_CAS-I-II-III-IV-V-VI	RIZB01000002_116	197	198	0.0033	14.6	124550	125140	RIZB01000002	116	0.26903553299492383	0.2676767676767677	-1
CasR_0_CAS-I-II-III-IV-V-VI	RIZB01000002_172	258	198	6e-09	33.3	177237	178010	RIZB01000002	172	0.2868217054263566	0.24242424242424243	-1
CasR_0_CAS-I-II-III-IV-V-VI	RIZB01000002_254	107	198	0.00012	19.3	264916	265236	RIZB01000002	254	0.4953271028037383	0.2676767676767677	-1
CasR_0_CAS-I-II-III-IV-V-VI	RIZB01000002_286	272	198	0.0026	14.9	302439	303254	RIZB01000002	286	0.1801470588235294	0.2474747474747475	1
CasR_0_CAS-I-II-III-IV-V-VI	RIZB01000002_289	211	198	1e-20	71.7	307544	308176	RIZB01000002	289	0.9004739336492891	0.9444444444444444	-1
CasR_0_CAS-I-II-III-IV-V-VI	RIZB01000002_323	185	198	0.0035	14.5	347923	348477	RIZB01000002	323	0.2972972972972973	0.2878787878787879	-1
CasR_0_CAS-I-II-III-IV-V-VI	RIZB01000002_365	169	198	1.1e-05	22.6	394228	394734	RIZB01000002	365	0.28402366863905326	0.23737373737373738	1
CasR_0_CAS-I-II-III-IV-V-VI	RIZB01000002_373	152	198	4.2e-08	30.6	400783	401238	RIZB01000002	373	0.3092105263157895	0.23737373737373738	-1
CasR_0_CAS-I-II-III-IV-V-VI	RIZB01000002_490	255	198	0.0074	13.4	536844	537608	RIZB01000002	490	0.1843137254901961	0.23737373737373738	-1
CasR_0_CAS-I-II-III-IV-V-VI	RIZB01000002_514	255	198	0.00013	19.2	562342	563106	RIZB01000002	514	0.2	0.25757575757575757	-1
CasR_0_CAS-I-II-III-IV-V-VI	RIZB01000002_63	264	198	0.033	11.3	76095	76886	RIZB01000002	63	0.17424242424242425	0.23737373737373738	-1
CasR_0_CAS-I-II-III-IV-V-VI	RIZB01000002_95	152	198	5.4e-08	30.2	109014	109469	RIZB01000002	95	0.5328947368421053	0.4090909090909091	1
CasR_0_CAS-I-II-III-IV-V-VI	RIZB01000003_114	117	198	0.0062	13.7	135253	135603	RIZB01000003	114	0.27350427350427353	0.16161616161616163	-1
CasR_0_CAS-I-II-III-IV-V-VI	RIZB01000003_13	265	198	1.1e-05	22.7	15597	16391	RIZB01000003	13	0.23018867924528302	0.21212121212121213	-1
CasR_0_CAS-I-II-III-IV-V-VI	RIZB01000003_135	462	198	0.013	12.7	157057	158442	RIZB01000003	135	0.09523809523809523	0.22727272727272727	-1
CasR_0_CAS-I-II-III-IV-V-VI	RIZB01000003_201	130	198	3e-05	21.2	217430	217819	RIZB01000003	201	0.3769230769230769	0.24242424242424243	-1
CasR_0_CAS-I-II-III-IV-V-VI	RIZB01000003_263	463	198	0.00018	18.7	278251	279639	RIZB01000003	263	0.09719222462203024	0.23232323232323232	-1
CasR_0_CAS-I-II-III-IV-V-VI	RIZB01000003_359	211	198	3.4000000000000003e-22	76.5	405678	406310	RIZB01000003	359	0.9383886255924171	0.9797979797979798	-1
CasR_0_CAS-I-II-III-IV-V-VI	RIZB01000003_477	141	198	0.042	11.0	527337	527759	RIZB01000003	477	0.28368794326241137	0.20202020202020202	1
CasR_0_CAS-I-II-III-IV-V-VI	RIZB01000003_73	172	198	0.00084	16.5	86376	86891	RIZB01000003	73	0.3023255813953488	0.26262626262626265	-1
CasR_0_CAS-I-II-III-IV-V-VI	RIZB01000003_82	267	198	0.0082	13.3	96478	97278	RIZB01000003	82	0.16104868913857678	0.21717171717171718	-1
CasR_0_CAS-I-II-III-IV-V-VI	RIZB01000003_9	253	198	5.5e-06	23.7	10585	11343	RIZB01000003	9	0.22924901185770752	0.29292929292929293	-1
CasR_0_CAS-I-II-III-IV-V-VI	RIZB01000003_90	171	198	0.028	11.6	103428	103940	RIZB01000003	90	0.30994152046783624	0.26262626262626265	1
CasR_0_CAS-I-II-III-IV-V-VI	RIZB01000006_8	77	198	0.00049	17.3	6679	6909	RIZB01000006	8	0.4155844155844156	0.16161616161616163	1
CasR_0_CAS-III-B	RIZB01000001_191	692	480	0.00058	16.2	186606	188681	RIZB01000001	191	0.07658959537572255	0.10625	-1
CasR_0_CAS-III-D	RIZB01000001_693	210	732	0.017	10.8	672687	673316	RIZB01000001	693	0.38571428571428573	0.11885245901639344	1
CasR_0_CAS-III-D	RIZB01000002_475	313	732	0.011	11.4	520508	521446	RIZB01000002	475	0.268370607028754	0.11748633879781421	1
CasR_1_CAS-I-II-III-IV-V-VI	RIZB01000001_1036	222	218	5.9e-08	29.7	987721	988386	RIZB01000001	1036	0.4144144144144144	0.22477064220183487	-1
CasR_1_CAS-I-II-III-IV-V-VI	RIZB01000001_1144	298	218	0.0088	12.8	1078725	1079618	RIZB01000001	1144	0.35570469798657717	0.463302752293578	-1
CasR_1_CAS-I-II-III-IV-V-VI	RIZB01000001_1227	137	218	4.2e-06	23.6	1163180	1163590	RIZB01000001	1227	0.46715328467153283	0.20642201834862386	1
CasR_1_CAS-I-II-III-IV-V-VI	RIZB01000001_1238	239	218	0.00014	18.6	1175037	1175753	RIZB01000001	1238	0.19246861924686193	0.21559633027522937	-1
CasR_1_CAS-I-II-III-IV-V-VI	RIZB01000001_1267	315	218	0.018	11.7	1202822	1203766	RIZB01000001	1267	0.1365079365079365	0.2018348623853211	1
CasR_1_CAS-I-II-III-IV-V-VI	RIZB01000001_1298	356	218	0.00037	17.3	1226014	1227081	RIZB01000001	1298	0.13764044943820225	0.22935779816513763	1
CasR_1_CAS-I-II-III-IV-V-VI	RIZB01000001_1450	155	218	0.00014	18.7	1367405	1367869	RIZB01000001	1450	0.32903225806451614	0.22935779816513763	1
CasR_1_CAS-I-II-III-IV-V-VI	RIZB01000001_1518	130	218	3.5e-05	20.6	1433236	1433625	RIZB01000001	1518	0.3769230769230769	0.23394495412844038	1
CasR_1_CAS-I-II-III-IV-V-VI	RIZB01000001_1526	98	218	0.041	10.6	1442549	1442842	RIZB01000001	1526	0.46938775510204084	0.21559633027522937	-1
CasR_1_CAS-I-II-III-IV-V-VI	RIZB01000001_1531	98	218	0.0026	14.5	1446509	1446802	RIZB01000001	1531	0.6020408163265306	0.2706422018348624	-1
CasR_1_CAS-I-II-III-IV-V-VI	RIZB01000001_1533	116	218	3.2e-05	20.7	1447442	1447789	RIZB01000001	1533	0.3620689655172414	0.19724770642201836	1
CasR_1_CAS-I-II-III-IV-V-VI	RIZB01000001_1561	131	218	0.0039	13.9	1469039	1469431	RIZB01000001	1561	0.3969465648854962	0.23853211009174313	-1
CasR_1_CAS-I-II-III-IV-V-VI	RIZB01000001_1597	178	218	0.0021	14.8	1503373	1503906	RIZB01000001	1597	0.20786516853932585	0.16055045871559634	-1
CasR_1_CAS-I-II-III-IV-V-VI	RIZB01000001_1767	122	218	0.024	11.3	1702069	1702434	RIZB01000001	1767	0.3360655737704918	0.19724770642201836	-1
CasR_1_CAS-I-II-III-IV-V-VI	RIZB01000001_1802	143	218	6.1e-06	23.1	1735816	1736244	RIZB01000001	1802	0.3146853146853147	0.20642201834862386	-1
CasR_1_CAS-I-II-III-IV-V-VI	RIZB01000001_1938	151	218	0.0035	14.0	1855860	1856312	RIZB01000001	1938	0.304635761589404	0.21559633027522937	1
CasR_1_CAS-I-II-III-IV-V-VI	RIZB01000001_1945	229	218	5.4e-05	20.0	1859803	1860489	RIZB01000001	1945	0.20087336244541484	0.22018348623853212	-1
CasR_1_CAS-I-II-III-IV-V-VI	RIZB01000001_1947	261	218	0.0011	15.8	1861818	1862600	RIZB01000001	1947	0.18007662835249041	0.22477064220183487	1
CasR_1_CAS-I-II-III-IV-V-VI	RIZB01000001_196	201	218	0.0045	13.7	192535	193137	RIZB01000001	196	0.20398009950248755	0.20642201834862386	-1
CasR_1_CAS-I-II-III-IV-V-VI	RIZB01000001_1978	135	218	0.004	13.9	1882561	1882965	RIZB01000001	1978	0.4074074074074074	0.25229357798165136	-1
CasR_1_CAS-I-II-III-IV-V-VI	RIZB01000001_2049	255	218	0.00019	18.2	1942355	1943119	RIZB01000001	2049	0.20784313725490197	0.26146788990825687	1
CasR_1_CAS-I-II-III-IV-V-VI	RIZB01000001_2061	88	218	0.012	12.4	1952696	1952959	RIZB01000001	2061	0.5	0.2018348623853211	1
CasR_1_CAS-I-II-III-IV-V-VI	RIZB01000001_2062	123	218	0.0015	15.2	1953027	1953395	RIZB01000001	2062	0.4065040650406504	0.22477064220183487	-1
CasR_1_CAS-I-II-III-IV-V-VI	RIZB01000001_48	109	218	7e-05	19.6	44841	45167	RIZB01000001	48	0.42201834862385323	0.21559633027522937	1
CasR_1_CAS-I-II-III-IV-V-VI	RIZB01000001_566	212	218	0.02	11.6	553119	553754	RIZB01000001	566	0.12264150943396226	0.11926605504587157	1
CasR_1_CAS-I-II-III-IV-V-VI	RIZB01000001_829	154	218	7.2e-09	32.7	797060	797521	RIZB01000001	829	0.38311688311688313	0.28440366972477066	-1
CasR_1_CAS-I-II-III-IV-V-VI	RIZB01000001_901	232	218	0.00043	17.0	862927	863622	RIZB01000001	901	0.21120689655172414	0.22018348623853212	1
CasR_1_CAS-I-II-III-IV-V-VI	RIZB01000001_947	104	218	0.00022	18.0	906151	906462	RIZB01000001	947	0.4230769230769231	0.20642201834862386	1
CasR_1_CAS-I-II-III-IV-V-VI	RIZB01000002_1	253	218	1.9e-05	21.5	1	759	RIZB01000002	1	0.18972332015810275	0.22018348623853212	1
CasR_1_CAS-I-II-III-IV-V-VI	RIZB01000002_105	124	218	0.0015	15.3	113819	114190	RIZB01000002	105	0.3548387096774194	0.21100917431192662	1
CasR_1_CAS-I-II-III-IV-V-VI	RIZB01000002_116	197	218	0.0014	15.4	124550	125140	RIZB01000002	116	0.3197969543147208	0.2889908256880734	-1
CasR_1_CAS-I-II-III-IV-V-VI	RIZB01000002_172	258	218	8.4e-10	35.7	177237	178010	RIZB01000002	172	0.18604651162790697	0.22018348623853212	-1
CasR_1_CAS-I-II-III-IV-V-VI	RIZB01000002_203	173	218	0.027	11.1	219320	219838	RIZB01000002	203	0.3063583815028902	0.22018348623853212	1
CasR_1_CAS-I-II-III-IV-V-VI	RIZB01000002_254	107	218	2.2e-05	21.3	264916	265236	RIZB01000002	254	0.5420560747663551	0.26605504587155965	-1
CasR_1_CAS-I-II-III-IV-V-VI	RIZB01000002_286	272	218	0.00033	17.4	302439	303254	RIZB01000002	286	0.17647058823529413	0.22018348623853212	1
CasR_1_CAS-I-II-III-IV-V-VI	RIZB01000002_289	211	218	2.2e-21	73.6	307544	308176	RIZB01000002	289	0.9004739336492891	0.8715596330275229	-1
CasR_1_CAS-I-II-III-IV-V-VI	RIZB01000002_323	185	218	0.0046	13.7	347923	348477	RIZB01000002	323	0.2972972972972973	0.26146788990825687	-1
CasR_1_CAS-I-II-III-IV-V-VI	RIZB01000002_365	169	218	1e-05	22.3	394228	394734	RIZB01000002	365	0.28402366863905326	0.21559633027522937	1
CasR_1_CAS-I-II-III-IV-V-VI	RIZB01000002_373	152	218	5.6e-09	33.0	400783	401238	RIZB01000002	373	0.40131578947368424	0.29357798165137616	-1
CasR_1_CAS-I-II-III-IV-V-VI	RIZB01000002_490	255	218	0.00014	18.6	536844	537608	RIZB01000002	490	0.18823529411764706	0.22018348623853212	-1
CasR_1_CAS-I-II-III-IV-V-VI	RIZB01000002_514	255	218	8.6e-06	22.6	562342	563106	RIZB01000002	514	0.19607843137254902	0.22935779816513763	-1
CasR_1_CAS-I-II-III-IV-V-VI	RIZB01000002_63	264	218	0.012	12.4	76095	76886	RIZB01000002	63	0.18181818181818182	0.23853211009174313	-1
CasR_1_CAS-I-II-III-IV-V-VI	RIZB01000002_95	152	218	2.3e-08	31.0	109014	109469	RIZB01000002	95	0.27631578947368424	0.1926605504587156	1
CasR_1_CAS-I-II-III-IV-V-VI	RIZB01000003_114	117	218	0.00062	16.5	135253	135603	RIZB01000003	114	0.3162393162393162	0.1743119266055046	-1
CasR_1_CAS-I-II-III-IV-V-VI	RIZB01000003_13	265	218	3.6e-07	27.1	15597	16391	RIZB01000003	13	0.22641509433962265	0.1926605504587156	-1
CasR_1_CAS-I-II-III-IV-V-VI	RIZB01000003_135	462	218	0.0011	15.7	157057	158442	RIZB01000003	135	0.09740259740259741	0.21100917431192662	-1
CasR_1_CAS-I-II-III-IV-V-VI	RIZB01000003_201	130	218	9.5e-06	22.5	217430	217819	RIZB01000003	201	0.38461538461538464	0.23853211009174313	-1
CasR_1_CAS-I-II-III-IV-V-VI	RIZB01000003_263	463	218	2.9e-05	20.9	278251	279639	RIZB01000003	263	0.09719222462203024	0.21100917431192662	-1
CasR_1_CAS-I-II-III-IV-V-VI	RIZB01000003_359	211	218	4.0999999999999994e-24	82.5	405678	406310	RIZB01000003	359	0.9620853080568721	0.926605504587156	-1
CasR_1_CAS-I-II-III-IV-V-VI	RIZB01000003_477	141	218	0.015	12.0	527337	527759	RIZB01000003	477	0.3333333333333333	0.22477064220183487	1
CasR_1_CAS-I-II-III-IV-V-VI	RIZB01000003_73	172	218	0.00017	18.3	86376	86891	RIZB01000003	73	0.29651162790697677	0.23394495412844038	-1
CasR_1_CAS-I-II-III-IV-V-VI	RIZB01000003_82	267	218	0.00094	15.9	96478	97278	RIZB01000003	82	0.15355805243445692	0.18807339449541285	-1
CasR_1_CAS-I-II-III-IV-V-VI	RIZB01000003_9	253	218	3.2e-07	27.3	10585	11343	RIZB01000003	9	0.19367588932806323	0.22477064220183487	-1
CasR_1_CAS-I-II-III-IV-V-VI	RIZB01000006_8	77	218	0.00026	17.8	6679	6909	RIZB01000006	8	0.5194805194805194	0.1834862385321101	1
CasR_3_CAS-III-D	RIZB01000002_122	271	384	2.6	4.4	128505	129317	RIZB01000002	122	0.31365313653136534	0.16145833333333334	1
Cmr3gr5_0_CAS-III-B-III-C	RIZB01000002_47	411	373	0.022	11.0	55119	56351	RIZB01000002	47	0.170316301703163	0.14745308310991956	1
Cmr5gr11_1_CAS-III-C	RIZB01000001_717	656	180	0.88	6.9	693353	695320	RIZB01000001	717	0.1448170731707317	0.5555555555555556	1
Cmr5gr11_1_CAS-III-C	RIZB01000001_846	459	180	0.039	11.3	809956	811332	RIZB01000001	846	0.1655773420479303	0.4222222222222222	-1
CorA_0_CAS-III-B-III-D	RIZB01000002_498	329	551	3.3e-06	23.6	544653	545639	RIZB01000002	498	0.25227963525835867	0.15789473684210525	1
CorA_1_CAS-III-B	RIZB01000001_250	128	125	0.22	9.0	238064	238447	RIZB01000001	250	0.4453125	0.24	1
Csa3_1_CAS-I-II-III-IV-V-VI	RIZB01000001_1036	222	118	2.3e-13	48.1	987721	988386	RIZB01000001	1036	0.5765765765765766	0.5847457627118644	-1
Csa3_1_CAS-I-II-III-IV-V-VI	RIZB01000001_1238	239	118	9.7e-12	42.8	1175037	1175753	RIZB01000001	1238	0.3179916317991632	0.6610169491525424	-1
Csa3_1_CAS-I-II-III-IV-V-VI	RIZB01000001_1298	356	118	0.00026	18.9	1226014	1227081	RIZB01000001	1298	0.15168539325842698	0.5169491525423728	1
Csa3_1_CAS-I-II-III-IV-V-VI	RIZB01000001_1419	176	118	0.00031	18.6	1342159	1342686	RIZB01000001	1419	0.38636363636363635	0.6101694915254238	1
Csa3_1_CAS-I-II-III-IV-V-VI	RIZB01000001_1450	155	118	0.015	13.2	1367405	1367869	RIZB01000001	1450	0.3548387096774194	0.4491525423728814	1
Csa3_1_CAS-I-II-III-IV-V-VI	RIZB01000001_1504	249	118	6.8e-10	36.9	1417207	1417953	RIZB01000001	1504	0.30522088353413657	0.652542372881356	1
Csa3_1_CAS-I-II-III-IV-V-VI	RIZB01000001_1518	130	118	5.2e-05	21.1	1433236	1433625	RIZB01000001	1518	0.5615384615384615	0.5932203389830508	1
Csa3_1_CAS-I-II-III-IV-V-VI	RIZB01000001_1526	98	118	4.8e-10	37.4	1442549	1442842	RIZB01000001	1526	0.6530612244897959	0.6016949152542372	-1
Csa3_1_CAS-I-II-III-IV-V-VI	RIZB01000001_1531	98	118	1.4e-07	29.4	1446509	1446802	RIZB01000001	1531	0.6122448979591837	0.5677966101694916	-1
Csa3_1_CAS-I-II-III-IV-V-VI	RIZB01000001_1533	116	118	5.4e-10	37.2	1447442	1447789	RIZB01000001	1533	0.7413793103448276	0.6779661016949152	1
Csa3_1_CAS-I-II-III-IV-V-VI	RIZB01000001_1682	180	118	0.0057	14.6	1597957	1598496	RIZB01000001	1682	0.35555555555555557	0.5677966101694916	-1
Csa3_1_CAS-I-II-III-IV-V-VI	RIZB01000001_1767	122	118	1e-05	23.4	1702069	1702434	RIZB01000001	1767	0.5983606557377049	0.6440677966101694	-1
Csa3_1_CAS-I-II-III-IV-V-VI	RIZB01000001_1776	165	118	0.0045	14.9	1710788	1711282	RIZB01000001	1776	0.4303030303030303	0.5084745762711864	-1
Csa3_1_CAS-I-II-III-IV-V-VI	RIZB01000001_1802	143	118	0.0041	15.0	1735816	1736244	RIZB01000001	1802	0.3006993006993007	0.4152542372881356	-1
Csa3_1_CAS-I-II-III-IV-V-VI	RIZB01000001_1885	172	118	0.00073	17.4	1805366	1805881	RIZB01000001	1885	0.4476744186046512	0.5508474576271186	1
Csa3_1_CAS-I-II-III-IV-V-VI	RIZB01000001_1926	85	118	6.4e-05	20.9	1842621	1842875	RIZB01000001	1926	0.5176470588235295	0.3728813559322034	1
Csa3_1_CAS-I-II-III-IV-V-VI	RIZB01000001_1945	229	118	0.0036	15.2	1859803	1860489	RIZB01000001	1945	0.388646288209607	0.5847457627118644	-1
Csa3_1_CAS-I-II-III-IV-V-VI	RIZB01000001_1947	261	118	0.001	17.0	1861818	1862600	RIZB01000001	1947	0.2413793103448276	0.576271186440678	1
Csa3_1_CAS-I-II-III-IV-V-VI	RIZB01000001_196	201	118	1.4e-05	23.0	192535	193137	RIZB01000001	196	0.3681592039800995	0.3983050847457627	-1
Csa3_1_CAS-I-II-III-IV-V-VI	RIZB01000001_1969	117	118	0.006	14.5	1874661	1875011	RIZB01000001	1969	0.4017094017094017	0.4322033898305085	1
Csa3_1_CAS-I-II-III-IV-V-VI	RIZB01000001_2018	162	118	0.0044	14.9	1917046	1917531	RIZB01000001	2018	0.4444444444444444	0.635593220338983	1
Csa3_1_CAS-I-II-III-IV-V-VI	RIZB01000001_2060	99	118	0.00035	18.5	1952320	1952616	RIZB01000001	2060	0.6363636363636364	0.5254237288135594	1
Csa3_1_CAS-I-II-III-IV-V-VI	RIZB01000001_2061	88	118	0.0021	16.0	1952696	1952959	RIZB01000001	2061	0.5340909090909091	0.3983050847457627	1
Csa3_1_CAS-I-II-III-IV-V-VI	RIZB01000001_2062	123	118	0.00024	19.0	1953027	1953395	RIZB01000001	2062	0.6260162601626016	0.6440677966101694	-1
Csa3_1_CAS-I-II-III-IV-V-VI	RIZB01000001_208	90	118	0.00063	17.7	204393	204662	RIZB01000001	208	0.6666666666666666	0.2627118644067797	1
Csa3_1_CAS-I-II-III-IV-V-VI	RIZB01000001_48	109	118	5.4e-05	21.1	44841	45167	RIZB01000001	48	0.6788990825688074	0.6610169491525424	1
Csa3_1_CAS-I-II-III-IV-V-VI	RIZB01000001_566	212	118	0.0016	16.3	553119	553754	RIZB01000001	566	0.1320754716981132	0.2627118644067797	1
Csa3_1_CAS-I-II-III-IV-V-VI	RIZB01000001_829	154	118	0.0001	20.2	797060	797521	RIZB01000001	829	0.2662337662337662	0.4067796610169492	-1
Csa3_1_CAS-I-II-III-IV-V-VI	RIZB01000001_901	232	118	7.4e-05	20.7	862927	863622	RIZB01000001	901	0.2974137931034483	0.559322033898305	1
Csa3_1_CAS-I-II-III-IV-V-VI	RIZB01000001_947	104	118	2.7e-09	35.0	906151	906462	RIZB01000001	947	0.5096153846153846	0.5084745762711864	1
Csa3_1_CAS-I-II-III-IV-V-VI	RIZB01000002_1	253	118	0.00012	20.0	1	759	RIZB01000002	1	0.2964426877470356	0.5508474576271186	1
Csa3_1_CAS-I-II-III-IV-V-VI	RIZB01000002_105	124	118	2.8e-05	22.0	113819	114190	RIZB01000002	105	0.5967741935483871	0.635593220338983	1
Csa3_1_CAS-I-II-III-IV-V-VI	RIZB01000002_116	197	118	2e-05	22.5	124550	125140	RIZB01000002	116	0.3248730964467005	0.5508474576271186	-1
Csa3_1_CAS-I-II-III-IV-V-VI	RIZB01000002_147	92	118	0.0051	14.7	154266	154541	RIZB01000002	147	0.717391304347826	0.5508474576271186	-1
Csa3_1_CAS-I-II-III-IV-V-VI	RIZB01000002_172	258	118	1.6e-06	26.0	177237	178010	RIZB01000002	172	0.20155038759689922	0.4915254237288136	-1
Csa3_1_CAS-I-II-III-IV-V-VI	RIZB01000002_254	107	118	4.2e-06	24.7	264916	265236	RIZB01000002	254	0.616822429906542	0.6016949152542372	-1
Csa3_1_CAS-I-II-III-IV-V-VI	RIZB01000002_260	315	118	0.00026	18.9	268717	269661	RIZB01000002	260	0.17777777777777778	0.4830508474576271	-1
Csa3_1_CAS-I-II-III-IV-V-VI	RIZB01000002_286	272	118	0.0051	14.7	302439	303254	RIZB01000002	286	0.15808823529411764	0.4152542372881356	1
Csa3_1_CAS-I-II-III-IV-V-VI	RIZB01000002_289	211	118	0.00034	18.5	307544	308176	RIZB01000002	289	0.2890995260663507	0.211864406779661	-1
Csa3_1_CAS-I-II-III-IV-V-VI	RIZB01000002_373	152	118	2.8e-05	22.0	400783	401238	RIZB01000002	373	0.4342105263157895	0.5423728813559322	-1
Csa3_1_CAS-I-II-III-IV-V-VI	RIZB01000002_394	543	118	0.019	12.9	435603	437231	RIZB01000002	394	0.10865561694290976	0.423728813559322	1
Csa3_1_CAS-I-II-III-IV-V-VI	RIZB01000002_490	255	118	0.018	13.0	536844	537608	RIZB01000002	490	0.17254901960784313	0.423728813559322	-1
Csa3_1_CAS-I-II-III-IV-V-VI	RIZB01000002_63	264	118	0.023	12.6	76095	76886	RIZB01000002	63	0.14393939393939395	0.3813559322033898	-1
Csa3_1_CAS-I-II-III-IV-V-VI	RIZB01000002_95	152	118	0.00023	19.0	109014	109469	RIZB01000002	95	0.28289473684210525	0.3305084745762712	1
Csa3_1_CAS-I-II-III-IV-V-VI	RIZB01000003_114	117	118	6e-06	24.2	135253	135603	RIZB01000003	114	0.6752136752136753	0.6694915254237288	-1
Csa3_1_CAS-I-II-III-IV-V-VI	RIZB01000003_122	175	118	4.1e-08	31.2	141411	141935	RIZB01000003	122	0.4514285714285714	0.6440677966101694	-1
Csa3_1_CAS-I-II-III-IV-V-VI	RIZB01000003_13	265	118	4.1e-06	24.7	15597	16391	RIZB01000003	13	0.3018867924528302	0.6101694915254238	-1
Csa3_1_CAS-I-II-III-IV-V-VI	RIZB01000003_235	131	118	6.2e-16	56.4	250716	251108	RIZB01000003	235	0.5725190839694656	0.652542372881356	1
Csa3_1_CAS-I-II-III-IV-V-VI	RIZB01000003_348	180	118	0.0043	15.0	393923	394462	RIZB01000003	348	0.3611111111111111	0.5508474576271186	1
Csa3_1_CAS-I-II-III-IV-V-VI	RIZB01000003_35	421	118	0.0091	13.9	41518	42780	RIZB01000003	35	0.14251781472684086	0.4491525423728814	1
Csa3_1_CAS-I-II-III-IV-V-VI	RIZB01000003_359	211	118	5e-05	21.2	405678	406310	RIZB01000003	359	0.3886255924170616	0.3728813559322034	-1
Csa3_1_CAS-I-II-III-IV-V-VI	RIZB01000003_419	144	118	0.008	14.1	474432	474863	RIZB01000003	419	0.3472222222222222	0.3813559322033898	1
Csa3_1_CAS-I-II-III-IV-V-VI	RIZB01000003_477	141	118	8.4e-05	20.5	527337	527759	RIZB01000003	477	0.5106382978723404	0.6271186440677966	1
Csa3_1_CAS-I-II-III-IV-V-VI	RIZB01000003_73	172	118	0.012	13.6	86376	86891	RIZB01000003	73	0.18023255813953487	0.288135593220339	-1
Csa3_1_CAS-I-II-III-IV-V-VI	RIZB01000003_82	267	118	0.00071	17.5	96478	97278	RIZB01000003	82	0.2808988764044944	0.6610169491525424	-1
Csa3_1_CAS-I-II-III-IV-V-VI	RIZB01000003_9	253	118	0.0019	16.1	10585	11343	RIZB01000003	9	0.22134387351778656	0.5254237288135594	-1
Csa3_1_CAS-I-II-III-IV-V-VI	RIZB01000003_90	171	118	0.00022	19.1	103428	103940	RIZB01000003	90	0.38596491228070173	0.6101694915254238	1
Csa3_1_CAS-I-II-III-IV-V-VI	RIZB01000006_1	98	118	0.0012	16.8	1	294	RIZB01000006	1	0.673469387755102	0.5847457627118644	1
Csa3_1_CAS-I-II-III-IV-V-VI	RIZB01000006_8	77	118	0.0078	14.1	6679	6909	RIZB01000006	8	0.42857142857142855	0.2711864406779661	1
Csa5gr11_0_CAS-I-A	RIZB01000001_148	180	135	0.0051	14.3	141000	141539	RIZB01000001	148	0.2777777777777778	0.37037037037037035	1
Csc1_0_ID	RIZB01000002_293	234	225	2e-07	28.1	312636	313337	RIZB01000002	293	0.6025641025641025	0.6088888888888889	1
Csc1_0_ID	RIZB01000003_363	234	225	4.6e-08	30.2	410752	411453	RIZB01000003	363	0.6025641025641025	0.6088888888888889	1
Csc1gr5_0_CAS-I-D	RIZB01000002_293	234	234	1.5000000000000002e-124	411.6	312636	313337	RIZB01000002	293	0.9914529914529915	0.9914529914529915	1
Csc1gr5_0_CAS-I-D	RIZB01000003_363	234	234	2.1000000000000002e-125	414.5	410752	411453	RIZB01000003	363	0.9914529914529915	0.9914529914529915	1
Csc1gr5_1_CAS-I-D	RIZB01000002_293	234	210	1.1e-07	29.2	312636	313337	RIZB01000002	293	0.6025641025641025	0.5904761904761905	1
Csc1gr5_1_CAS-I-D	RIZB01000003_363	234	210	2.4e-08	31.4	410752	411453	RIZB01000003	363	0.6324786324786325	0.6142857142857143	1
Csc2_0_ID	RIZB01000002_292	314	282	1.5999999999999999e-24	84.2	311702	312643	RIZB01000002	292	0.6496815286624203	0.74822695035461	1
Csc2_0_ID	RIZB01000003_362	314	282	3e-24	83.3	409818	410759	RIZB01000003	362	0.6496815286624203	0.74822695035461	1
Csc2gr7_0_CAS-I-D	RIZB01000002_292	314	274	1.2999999999999998e-24	84.6	311702	312643	RIZB01000002	292	0.6496815286624203	0.7591240875912408	1
Csc2gr7_0_CAS-I-D	RIZB01000003_362	314	274	6.6e-25	85.6	409818	410759	RIZB01000003	362	0.6496815286624203	0.7591240875912408	1
Csf2_0_IV	RIZB01000001_640	157	329	8.0	3.4	626944	627414	RIZB01000001	640	0.5859872611464968	0.1519756838905775	-1
Csf2_0_IV	RIZB01000002_290	283	329	0.00087	16.4	308351	309199	RIZB01000002	290	0.10954063604240283	0.09422492401215805	1
Csf2_0_IV	RIZB01000003_360	283	329	0.0026	14.8	406485	407333	RIZB01000003	360	0.10247349823321555	0.08814589665653495	1
Csf4_0_IVA	RIZB01000001_1429	796	666	9.3e-12	41.8	1347336	1349723	RIZB01000001	1429	0.39195979899497485	0.47897897897897895	-1
Csf4_0_IVA	RIZB01000001_542	737	666	2.1e-23	80.3	527396	529606	RIZB01000001	542	0.44776119402985076	0.4984984984984985	1
Csf4_0_IVA	RIZB01000001_669	604	666	0.01	11.9	648476	650287	RIZB01000001	669	0.152317880794702	0.13663663663663664	1
Csf4_1_IVA1	RIZB01000001_1429	796	802	7.2e-09	31.9	1347336	1349723	RIZB01000001	1429	0.25251256281407036	0.24438902743142144	-1
Csf4_1_IVA1	RIZB01000001_1913	448	802	0.00052	15.8	1829028	1830371	RIZB01000001	1913	0.18080357142857142	0.11097256857855362	-1
Csf4_1_IVA1	RIZB01000001_542	737	802	2e-09	33.7	527396	529606	RIZB01000001	542	0.18724559023066487	0.17331670822942644	1
Csf4_2_IVA1	RIZB01000001_1429	796	526	0.0069	12.6	1347336	1349723	RIZB01000001	1429	0.271356783919598	0.35551330798479086	-1
Csf4_2_IVA1	RIZB01000001_542	737	526	0.00011	18.5	527396	529606	RIZB01000001	542	0.649932157394844	0.7509505703422054	1
Csf4_3_IVE	RIZB01000001_1429	796	648	2.6e-05	20.6	1347336	1349723	RIZB01000001	1429	0.27638190954773867	0.32407407407407407	-1
Csf4_3_IVE	RIZB01000001_542	737	648	0.00041	16.6	527396	529606	RIZB01000001	542	0.28493894165535955	0.30709876543209874	1
Csf4_3_IVE	RIZB01000001_669	604	648	0.053	9.7	648476	650287	RIZB01000001	669	0.09105960264900662	0.08487654320987655	1
Csm4_0_IIIA	RIZB01000002_275	272	302	0.032	11.0	288890	289705	RIZB01000002	275	0.10661764705882353	0.09271523178807947	-1
Csm4_1_IIIA	RIZB01000002_275	272	319	0.033	10.8	288890	289705	RIZB01000002	275	0.1213235294117647	0.09404388714733543	-1
Csm4gr5_0_CAS-III-A	RIZB01000002_275	272	301	0.033	11.0	288890	289705	RIZB01000002	275	0.10661764705882353	0.09302325581395349	-1
Csm4gr5_1_CAS-III-A	RIZB01000002_275	272	315	0.019	11.8	288890	289705	RIZB01000002	275	0.11029411764705882	0.08253968253968254	-1
Csn2_10_CAS-II-A	RIZB01000001_1591	521	321	0.0081	12.9	1496707	1498269	RIZB01000001	1591	0.08253358925143954	0.13395638629283488	1
Csn2_7_CAS-II-A	RIZB01000001_1591	521	372	0.032	10.7	1496707	1498269	RIZB01000001	1591	0.10940499040307101	0.1532258064516129	1
Csn2_7_CAS-II-A	RIZB01000001_1934	303	372	0.0019	14.8	1851537	1852445	RIZB01000001	1934	0.23102310231023102	0.18548387096774194	1
Csn2_7_CAS-II-A	RIZB01000001_512	234	372	0.049	10.1	494595	495296	RIZB01000001	512	0.1581196581196581	0.09946236559139784	1
Csx18_0_CAS-I-III	RIZB01000003_388	89	96	0.0046	14.4	431328	431594	RIZB01000003	388	0.39325842696629215	0.3541666666666667	1
Csx19_4_CAS-III-D	RIZB01000001_992	274	171	0.0086	13.1	944641	945462	RIZB01000001	992	0.18613138686131386	0.2982456140350877	1
Csx25_0_CAS-III-D	RIZB01000001_1761	114	248	0.0086	13.1	1698758	1699099	RIZB01000001	1761	0.2631578947368421	0.12096774193548387	-1
Csx27_0_CAS-VI-B	RIZB01000002_308	362	238	0.23	9.0	332324	333409	RIZB01000002	308	0.4281767955801105	0.4789915966386555	-1
Csx27_0_CAS-VI-B	RIZB01000002_336	247	238	5.2e-06	24.3	361538	362278	RIZB01000002	336	0.6720647773279352	0.7647058823529411	-1
Csx3_2_CAS-I-III	RIZB01000001_1092	742	277	0.018	11.7	1039696	1041921	RIZB01000001	1092	0.05660377358490566	0.07581227436823104	1
Csx3_2_CAS-I-III	RIZB01000001_1130	193	277	0.042	10.5	1065372	1065950	RIZB01000001	1130	0.12953367875647667	0.09025270758122744	1
Csx3_2_CAS-I-III	RIZB01000001_1371	759	277	0.0039	13.9	1302710	1304986	RIZB01000001	1371	0.06455862977602109	0.10108303249097472	1
Csx3_2_CAS-I-III	RIZB01000001_1457	699	277	0.024	11.3	1373845	1375941	RIZB01000001	1457	0.060085836909871244	0.08664259927797834	1
Csx3_2_CAS-I-III	RIZB01000001_1758	371	277	0.0051	13.5	1696437	1697549	RIZB01000001	1758	0.07277628032345014	0.09747292418772563	-1
Csx3_2_CAS-I-III	RIZB01000001_1879	217	277	0.013	12.1	1799998	1800648	RIZB01000001	1879	0.17511520737327188	0.1407942238267148	-1
Csx3_2_CAS-I-III	RIZB01000001_191	692	277	0.0026	14.4	186606	188681	RIZB01000001	191	0.0476878612716763	0.11913357400722022	-1
Csx3_2_CAS-I-III	RIZB01000001_454	331	277	0.00078	16.2	436196	437188	RIZB01000001	454	0.12386706948640483	0.1552346570397112	1
Csx3_2_CAS-I-III	RIZB01000001_486	287	277	0.0064	13.2	469103	469963	RIZB01000001	486	0.08710801393728224	0.09025270758122744	-1
Csx3_2_CAS-I-III	RIZB01000002_18	392	277	0.016	11.9	22696	23871	RIZB01000002	18	0.11734693877551021	0.1552346570397112	-1
Csx3_2_CAS-I-III	RIZB01000002_398	152	277	0.011	12.4	442301	442756	RIZB01000002	398	0.16447368421052633	0.09025270758122744	-1
CysH_0_IVB	RIZB01000001_1049	306	249	0.00024	18.4	1001104	1002021	RIZB01000001	1049	0.37254901960784315	0.41365461847389556	1
CysH_0_IVB	RIZB01000001_1381	412	249	0.00032	18.0	1314644	1315879	RIZB01000001	1381	0.3616504854368932	0.5742971887550201	-1
CysH_0_IVB	RIZB01000001_1762	236	249	7.4e-05	20.1	1699103	1699810	RIZB01000001	1762	0.6186440677966102	0.5100401606425703	-1
CysH_0_IVB	RIZB01000001_290	324	249	0.0021	15.3	274512	275483	RIZB01000001	290	0.1574074074074074	0.20080321285140562	-1
CysH_0_IVB	RIZB01000001_684	276	249	0.003	14.8	664595	665422	RIZB01000001	684	0.14130434782608695	0.1566265060240964	1
CysH_0_IVB	RIZB01000001_83	245	249	0.00069	16.9	78046	78780	RIZB01000001	83	0.4326530612244898	0.41365461847389556	-1
CysH_0_IVB	RIZB01000002_149	324	249	2.7e-08	31.3	155388	156359	RIZB01000002	149	0.5462962962962963	0.5582329317269076	1
DEDDh_0_CAS-I-II-III-IV-V-VI	RIZB01000001_1184	200	160	0.00013	19.7	1120784	1121383	RIZB01000001	1184	0.22	0.23125	-1
DEDDh_0_CAS-I-II-III-IV-V-VI	RIZB01000001_2080	250	160	3.9e-06	24.7	1969348	1970097	RIZB01000001	2080	0.276	0.4375	1
DEDDh_0_CAS-I-II-III-IV-V-VI	RIZB01000002_204	485	160	0.00033	18.4	219894	221348	RIZB01000002	204	0.2721649484536082	0.5875	1
HEAT_CxxC_PDDEXK_0_CAS-I-C	RIZB01000003_391	1204	288	0.2	8.3	436660	440271	RIZB01000003	391	0.31146179401993357	0.2743055555555556	1
HEAT_CxxC_PDDEXK_0_CAS-I-C	RIZB01000003_487	297	288	0.00016	18.4	534989	535879	RIZB01000003	487	0.4882154882154882	0.2777777777777778	-1
HTH_0_CAS-I-D	RIZB01000002_20	538	65	0.03	11.7	24502	26115	RIZB01000002	20	0.07992565055762081	0.5846153846153846	1
Mem_DnaJ_0_CAS-III-AM	RIZB01000001_1581	90	284	0.02	11.7	1486455	1486724	RIZB01000001	1581	0.6777777777777778	0.18661971830985916	-1
Mem_DnaJ_0_CAS-III-AM	RIZB01000002_86	86	284	0.018	11.9	100051	100308	RIZB01000002	86	0.686046511627907	0.1795774647887324	1
NYN_0_CAS-III-B	RIZB01000001_102	166	320	5.4e-10	36.5	98858	99355	RIZB01000001	102	0.4879518072289157	0.259375	1
NYN_0_CAS-III-B	RIZB01000001_1237	153	320	0.0013	15.5	1174506	1174964	RIZB01000001	1237	0.477124183006536	0.215625	-1
PrimPol_1_CAS-I-II-III-IV-V-VI	RIZB01000003_184	405	130	0.019	12.6	196801	198015	RIZB01000003	184	0.20987654320987653	0.5923076923076923	-1
PrimPol_1_CAS-I-II-III-IV-V-VI	RIZB01000003_344	404	130	0.021	12.4	389764	390975	RIZB01000003	344	0.16584158415841585	0.4461538461538462	1
RecD_0_IVD	RIZB01000001_1172	532	763	3.9e-07	26.1	1106326	1107921	RIZB01000001	1172	0.27631578947368424	0.17955439056356487	-1
RecD_0_IVD	RIZB01000001_1355	882	763	4.6e-12	42.4	1287003	1289648	RIZB01000001	1355	0.20975056689342403	0.23197903014416776	-1
TPR_1_CAS-III-B	RIZB01000001_645	438	537	0.03	10.6	629198	630511	RIZB01000001	645	0.3949771689497717	0.26629422718808193	1
TniQ_0_CAS-I-F	RIZB01000002_349	118	139	0.13	10.7	376663	377016	RIZB01000002	349	0.5254237288135594	0.2589928057553957	1
TniQ_0_V-K	RIZB01000001_733	243	184	0.13	9.5	712578	713306	RIZB01000001	733	0.23868312757201646	0.17391304347826086	1
TniQ_1_I-F	RIZB01000001_1333	240	400	0.057	10.0	1263463	1264182	RIZB01000001	1333	0.18333333333333332	0.1125	-1
TniQ_1_I-F	RIZB01000001_318	55	400	0.027	11.0	307473	307637	RIZB01000001	318	0.6181818181818182	0.075	1
TnpB_0_Competitive	RIZB01000003_121	419	400	1.6e-13	47.9	139952	141208	RIZB01000003	121	0.5775656324582339	0.5825	-1
TnpB_0_Competitive	RIZB01000003_301	439	400	2.1e-07	27.8	321393	322709	RIZB01000003	301	0.5694760820045558	0.6175	-1
TnpB_0_Competitive	RIZB01000003_381	440	400	4.2e-10	36.6	424589	425908	RIZB01000003	381	0.4863636363636364	0.5225	1
TnpB_0_Competitive	RIZB01000003_400	86	400	0.025	11.1	453030	453287	RIZB01000003	400	0.38372093023255816	0.0825	1
TnpB_0_Competitive	RIZB01000003_425	185	400	1.7e-05	21.5	478740	479294	RIZB01000003	425	0.6270270270270271	0.285	1
TnpB_0_Competitive	RIZB01000003_51	423	400	3.1e-14	50.2	59848	61116	RIZB01000003	51	0.491725768321513	0.5025	1
TnpB_1_Competitive	RIZB01000001_1138	107	409	0.21	7.8	1074376	1074696	RIZB01000001	1138	0.5420560747663551	0.10757946210268948	1
TnpB_1_Competitive	RIZB01000003_121	419	409	1.2e-25	87.6	139952	141208	RIZB01000003	121	0.8186157517899761	0.8092909535452323	-1
TnpB_1_Competitive	RIZB01000003_250	449	409	0.0003	17.2	264484	265830	RIZB01000003	250	0.48329621380846327	0.49877750611246946	-1
TnpB_1_Competitive	RIZB01000003_301	439	409	1.6e-15	54.4	321393	322709	RIZB01000003	301	0.7881548974943052	0.784841075794621	-1
TnpB_1_Competitive	RIZB01000003_381	440	409	7.4e-14	48.8	424589	425908	RIZB01000003	381	0.7954545454545454	0.7946210268948656	1
TnpB_1_Competitive	RIZB01000003_425	185	409	4.6e-12	42.9	478740	479294	RIZB01000003	425	0.6324324324324324	0.2860635696821516	1
TnpB_1_Competitive	RIZB01000003_51	423	409	4.5e-26	89.1	59848	61116	RIZB01000003	51	0.7706855791962175	0.7750611246943765	1
TnpB_1_Competitive	RIZB01000006_34	190	409	0.0072	12.6	22184	22753	RIZB01000006	34	0.3631578947368421	0.16625916870415647	1
Unk_01_1_CAS-III-D	RIZB01000001_1585	219	120	0.012	13.4	1488870	1489526	RIZB01000001	1585	0.3607305936073059	0.5166666666666667	-1
WYL_0_CAS-I-II-III-IV-V-VI	RIZB01000001_1450	155	313	0.0047	14.0	1367405	1367869	RIZB01000001	1450	0.34838709677419355	0.1501597444089457	1
WYL_0_CAS-I-II-III-IV-V-VI	RIZB01000001_1518	130	313	0.0014	15.8	1433236	1433625	RIZB01000001	1518	0.4307692307692308	0.16932907348242812	1
WYL_0_CAS-I-II-III-IV-V-VI	RIZB01000001_1533	116	313	0.0035	14.4	1447442	1447789	RIZB01000001	1533	0.2413793103448276	0.08945686900958466	1
WYL_0_CAS-I-II-III-IV-V-VI	RIZB01000001_1802	143	313	0.0015	15.6	1735816	1736244	RIZB01000001	1802	0.3146853146853147	0.14376996805111822	-1
WYL_0_CAS-I-II-III-IV-V-VI	RIZB01000002_172	258	313	8.4e-05	19.7	177237	178010	RIZB01000002	172	0.1511627906976744	0.12460063897763578	-1
WYL_0_CAS-I-II-III-IV-V-VI	RIZB01000002_365	169	313	0.0061	13.6	394228	394734	RIZB01000002	365	0.28994082840236685	0.14057507987220447	1
WYL_0_CAS-I-II-III-IV-V-VI	RIZB01000003_201	130	313	0.0047	14.0	217430	217819	RIZB01000003	201	0.43846153846153846	0.17252396166134185	-1
WYL_0_CAS-I-II-III-IV-V-VI	RIZB01000003_477	141	313	0.00045	17.4	527337	527759	RIZB01000003	477	0.2978723404255319	0.12140575079872204	1
WYL_0_CAS-I-II-III-IV-V-VI	RIZB01000003_9	253	313	4.4e-05	20.7	10585	11343	RIZB01000003	9	0.3715415019762846	0.3003194888178914	-1
htpX_0_CAS-III-B	RIZB01000001_365	301	343	5.2e-10	36.5	352348	353250	RIZB01000001	365	0.43521594684385384	0.3819241982507289	-1
htpX_0_CAS-III-B	RIZB01000001_674	295	343	5.9e-16	56.1	656016	656900	RIZB01000001	674	0.7016949152542373	0.6064139941690962	1
htpX_0_CAS-III-B	RIZB01000002_447	315	343	2.5e-10	37.6	489475	490419	RIZB01000002	447	0.692063492063492	0.673469387755102	-1
tm_4_0_CAS-VI-B	RIZB01000002_336	247	225	0.0055	14.4	361538	362278	RIZB01000002	336	0.6356275303643725	0.7111111111111111	-1
