Contig	Start	End	Strand	Pos
PAAW01000001	3	707	1	1
PAAW01000001	789	3434	1	2
PAAW01000001	3498	6020	1	3
PAAW01000001	6017	6490	-1	4
PAAW01000001	6487	8649	-1	5
PAAW01000001	8727	9761	-1	6
PAAW01000001	9781	10590	-1	7
PAAW01000001	10766	16474	1	8
PAAW01000001	16484	16936	1	9
PAAW01000001	16948	17757	1	10
PAAW01000001	17749	18087	-1	11
PAAW01000001	18194	19180	1	12
PAAW01000001	19165	19647	-1	13
PAAW01000001	19791	20798	1	14
PAAW01000001	20834	21739	-1	15
PAAW01000001	21908	22690	1	16
PAAW01000001	22748	23875	1	17
PAAW01000001	24011	26476	-1	18
PAAW01000001	26528	27475	-1	19
PAAW01000001	27475	27957	-1	20
PAAW01000001	28009	28857	-1	21
PAAW01000001	28944	29654	1	22
PAAW01000001	29676	30272	1	23
PAAW01000001	30269	30679	1	24
PAAW01000001	30682	32727	-1	25
PAAW01000001	32756	34546	1	26
PAAW01000001	34620	35075	1	27
PAAW01000001	35116	35961	1	28
PAAW01000001	35958	37913	-1	29
PAAW01000001	38023	38373	-1	30
PAAW01000001	38479	38856	1	31
PAAW01000001	38853	40595	-1	32
PAAW01000001	40644	41387	-1	33
PAAW01000001	41396	43402	-1	34
PAAW01000001	43448	45208	-1	35
PAAW01000001	45218	46753	-1	36
PAAW01000001	46887	47933	1	37
PAAW01000001	47993	49219	1	38
PAAW01000002	3	1121	1	1
PAAW01000002	1305	9317	1	2
PAAW01000002	9314	9754	-1	3
PAAW01000002	9882	10247	1	4
PAAW01000002	10240	10737	1	5
PAAW01000002	10737	11168	1	6
PAAW01000002	11134	11397	1	7
PAAW01000003	3	338	1	1
PAAW01000003	347	835	1	2
PAAW01000003	828	1523	1	3
PAAW01000003	1533	3242	1	4
PAAW01000003	3254	5041	1	5
PAAW01000003	5015	5710	-1	6
PAAW01000003	5700	5900	-1	7
PAAW01000003	5905	7932	-1	8
PAAW01000003	7938	8264	1	9
PAAW01000003	8265	9272	-1	10
PAAW01000003	9320	9613	-1	11
PAAW01000003	9700	10587	1	12
PAAW01000003	10675	12849	1	13
PAAW01000003	12851	13846	1	14
PAAW01000003	13855	14469	1	15
PAAW01000003	14452	14727	-1	16
PAAW01000003	14738	15604	-1	17
PAAW01000003	15614	18193	-1	18
PAAW01000003	18227	19294	-1	19
PAAW01000003	19304	21019	-1	20
PAAW01000003	21047	21940	1	21
PAAW01000003	21979	22863	1	22
PAAW01000003	22860	24416	-1	23
PAAW01000003	24508	25842	-1	24
PAAW01000003	26181	26459	1	25
PAAW01000003	26505	27737	1	26
PAAW01000003	27778	28479	-1	27
PAAW01000003	28533	29162	-1	28
PAAW01000003	29281	29433	1	29
PAAW01000003	29481	30383	1	30
PAAW01000003	30380	31276	-1	31
PAAW01000004	2	154	1	1
PAAW01000004	160	954	1	2
PAAW01000004	951	3185	1	3
PAAW01000004	3274	3621	1	4
PAAW01000004	3622	4386	-1	5
PAAW01000004	4447	5706	-1	6
PAAW01000004	5756	7849	-1	7
PAAW01000004	7860	8117	-1	8
PAAW01000004	8210	9367	-1	9
PAAW01000004	9474	11489	1	10
PAAW01000004	11494	12213	1	11
PAAW01000004	12215	12814	-1	12
PAAW01000004	12885	13412	-1	13
PAAW01000004	13500	17756	-1	14
PAAW01000004	17753	21448	-1	15
PAAW01000004	21606	22508	1	16
PAAW01000004	22476	23507	-1	17
PAAW01000004	23736	24404	1	18
PAAW01000004	24473	24841	-1	19
PAAW01000004	24822	25463	-1	20
PAAW01000004	25517	26131	-1	21
PAAW01000004	26133	27230	-1	22
PAAW01000005	1	891	-1	1
PAAW01000005	926	1864	-1	2
PAAW01000005	1963	2721	1	3
PAAW01000005	2787	3962	1	4
PAAW01000005	4219	7152	1	5
PAAW01000005	7237	16209	1	6
PAAW01000005	16206	16679	-1	7
PAAW01000005	16705	18666	-1	8
PAAW01000005	18733	18927	-1	9
PAAW01000005	18943	19317	-1	10
PAAW01000005	19626	20027	1	11
PAAW01000005	20102	20260	1	12
PAAW01000006	2	325	1	1
PAAW01000006	322	930	-1	2
PAAW01000006	1096	3948	-1	3
PAAW01000006	4047	5678	1	4
PAAW01000006	5679	6371	-1	5
PAAW01000006	6500	7801	1	6
PAAW01000006	7794	8726	-1	7
PAAW01000006	8736	9251	-1	8
PAAW01000006	9289	11034	-1	9
PAAW01000006	11039	12748	-1	10
PAAW01000006	12748	14946	-1	11
PAAW01000006	14956	15258	-1	12
PAAW01000006	15251	15523	-1	13
PAAW01000006	15520	15783	-1	14
PAAW01000006	15786	16733	-1	15
PAAW01000006	16747	18312	-1	16
PAAW01000006	18317	19462	-1	17
PAAW01000006	19472	20161	-1	18
PAAW01000006	20173	20766	-1	19
PAAW01000006	20775	21227	-1	20
PAAW01000006	21335	24136	-1	21
PAAW01000006	24242	28798	-1	22
PAAW01000006	28848	29429	-1	23
PAAW01000006	29438	34090	-1	24
PAAW01000006	34168	36534	-1	25
PAAW01000006	36634	38769	1	26
PAAW01000006	38764	39876	-1	27
PAAW01000006	39890	40150	-1	28
PAAW01000006	40219	40812	-1	29
PAAW01000006	40873	41025	-1	30
PAAW01000007	332	991	-1	1
PAAW01000007	1017	1493	1	2
PAAW01000007	1496	1789	-1	3
PAAW01000007	1861	2097	-1	4
PAAW01000007	2146	2853	1	5
PAAW01000007	2865	7742	1	6
PAAW01000007	7873	10956	1	7
PAAW01000007	11129	18106	1	8
PAAW01000008	2	1015	-1	1
PAAW01000008	1017	2429	-1	2
PAAW01000008	2432	3178	-1	3
PAAW01000008	3387	3857	1	4
PAAW01000008	3885	5954	1	5
PAAW01000008	6018	7034	1	6
PAAW01000008	7031	8062	1	7
PAAW01000008	8059	9021	1	8
PAAW01000008	9021	10355	1	9
PAAW01000008	10365	11543	1	10
PAAW01000008	11622	12548	1	11
PAAW01000009	2	1144	-1	1
PAAW01000009	1187	2941	-1	2
PAAW01000009	2954	4072	1	3
PAAW01000009	4093	8442	1	4
PAAW01000009	8445	9389	-1	5
PAAW01000009	9457	10035	1	6
PAAW01000009	10045	10707	1	7
PAAW01000009	10710	11972	1	8
PAAW01000009	12013	12273	1	9
PAAW01000009	12274	12924	-1	10
PAAW01000009	12958	13197	1	11
PAAW01000009	13194	14543	-1	12
PAAW01000009	14588	15277	-1	13
PAAW01000009	15378	15935	1	14
PAAW01000010	3	116	-1	1
PAAW01000010	216	2396	1	2
PAAW01000010	2393	3211	-1	3
PAAW01000010	3312	4988	-1	4
PAAW01000010	5029	6432	-1	5
PAAW01000010	6429	7346	-1	6
PAAW01000010	7417	7917	1	7
PAAW01000010	7928	9376	-1	8
PAAW01000010	9373	10542	-1	9
PAAW01000010	10553	11788	-1	10
PAAW01000010	11798	12604	-1	11
PAAW01000010	12625	13347	-1	12
PAAW01000010	13365	14138	-1	13
PAAW01000010	14086	15501	-1	14
PAAW01000010	15585	16808	1	15
PAAW01000010	16805	20986	1	16
PAAW01000010	20983	21783	-1	17
PAAW01000010	21808	25317	1	18
PAAW01000010	25304	27328	1	19
PAAW01000010	27343	28689	1	20
PAAW01000010	28686	29675	-1	21
PAAW01000010	29753	30019	1	22
PAAW01000010	30032	30181	-1	23
PAAW01000010	30276	31016	1	24
PAAW01000010	31013	31291	-1	25
PAAW01000010	31333	32637	-1	26
PAAW01000010	32788	33747	1	27
PAAW01000010	33912	35669	-1	28
PAAW01000010	35962	37077	1	29
PAAW01000011	1	135	1	1
PAAW01000011	127	2769	-1	2
PAAW01000011	3049	5355	1	3
PAAW01000011	5401	5946	1	4
PAAW01000011	5943	6770	1	5
PAAW01000011	6788	7804	1	6
PAAW01000011	7842	9104	1	7
PAAW01000011	9127	10206	1	8
PAAW01000011	10198	12276	-1	9
PAAW01000011	12346	13485	-1	10
PAAW01000011	13717	14433	1	11
PAAW01000011	14430	18053	1	12
PAAW01000011	18055	19068	1	13
PAAW01000011	19070	19621	1	14
PAAW01000011	19618	19938	1	15
PAAW01000011	19949	20290	-1	16
PAAW01000011	20283	20474	-1	17
PAAW01000012	3	455	-1	1
PAAW01000012	503	2083	-1	2
PAAW01000012	2080	2910	-1	3
PAAW01000012	2903	3154	-1	4
PAAW01000012	3147	4946	-1	5
PAAW01000012	4961	5503	-1	6
PAAW01000012	5505	6227	-1	7
PAAW01000012	6251	7189	-1	8
PAAW01000012	7224	8201	-1	9
PAAW01000013	3	515	-1	1
PAAW01000013	565	1077	1	2
PAAW01000013	1100	1408	1	3
PAAW01000013	1479	1709	1	4
PAAW01000013	1730	2356	-1	5
PAAW01000013	2358	2558	-1	6
PAAW01000013	2552	3724	-1	7
PAAW01000013	3825	4187	-1	8
PAAW01000013	4225	5220	-1	9
PAAW01000013	5319	6062	1	10
PAAW01000013	6071	6814	1	11
PAAW01000013	6818	8149	-1	12
PAAW01000013	8255	9235	1	13
PAAW01000013	9344	10021	-1	14
PAAW01000013	10145	12976	1	15
PAAW01000014	1	1425	1	1
PAAW01000014	1524	2741	1	2
PAAW01000014	2767	3186	-1	3
PAAW01000014	3223	3711	-1	4
PAAW01000014	3766	4083	1	5
PAAW01000014	4118	4522	1	6
PAAW01000014	4510	5793	1	7
PAAW01000014	5780	6202	-1	8
PAAW01000014	6226	6963	-1	9
PAAW01000014	7026	7931	-1	10
PAAW01000014	7988	8779	1	11
PAAW01000015	197	376	-1	1
PAAW01000015	409	2199	-1	2
PAAW01000015	2196	3272	-1	3
PAAW01000015	3391	4329	1	4
PAAW01000015	4331	5299	-1	5
PAAW01000015	5339	6256	-1	6
PAAW01000015	6269	6652	-1	7
PAAW01000015	6649	7230	-1	8
PAAW01000015	7242	7709	-1	9
PAAW01000015	7836	8993	-1	10
PAAW01000015	8998	9600	-1	11
PAAW01000015	9607	13863	1	12
PAAW01000015	13955	14155	1	13
PAAW01000015	14172	14924	-1	14
PAAW01000015	14980	15888	-1	15
PAAW01000015	15922	17019	-1	16
PAAW01000015	17016	19094	-1	17
PAAW01000015	19223	21202	-1	18
PAAW01000015	21391	22320	1	19
PAAW01000015	22457	23737	1	20
PAAW01000015	23719	24606	-1	21
PAAW01000015	24661	25092	1	22
PAAW01000015	25124	25372	1	23
PAAW01000016	1	198	1	1
PAAW01000016	204	1424	1	2
PAAW01000016	1390	3273	1	3
PAAW01000016	3276	3986	-1	4
PAAW01000016	4096	4788	1	5
PAAW01000016	4785	5309	-1	6
PAAW01000016	5405	9109	-1	7
PAAW01000016	9177	9812	-1	8
PAAW01000016	9866	10852	-1	9
PAAW01000016	10961	12796	1	10
PAAW01000017	1	606	-1	1
PAAW01000017	734	1447	1	2
PAAW01000017	1413	1898	1	3
PAAW01000017	1900	2502	1	4
PAAW01000017	2504	2944	1	5
PAAW01000017	2949	3878	1	6
PAAW01000017	3888	4946	1	7
PAAW01000017	5027	6034	1	8
PAAW01000017	6035	7354	-1	9
PAAW01000017	7470	8087	1	10
PAAW01000017	8092	10689	-1	11
PAAW01000018	153	2282	-1	1
PAAW01000018	2504	3139	-1	2
PAAW01000018	3149	3370	-1	3
PAAW01000018	3464	4177	1	4
PAAW01000018	4180	5601	-1	5
PAAW01000018	5615	5815	-1	6
PAAW01000018	5899	7098	-1	7
PAAW01000018	7170	7715	1	8
PAAW01000018	7730	8275	1	9
PAAW01000018	8279	10834	-1	10
PAAW01000018	10957	11199	1	11
PAAW01000018	11204	12607	1	12
PAAW01000018	12609	12881	-1	13
PAAW01000018	12891	13058	-1	14
PAAW01000018	13109	13831	-1	15
PAAW01000018	13894	14826	1	16
PAAW01000019	1	1743	1	1
PAAW01000019	1744	2901	-1	2
PAAW01000019	2914	3780	-1	3
PAAW01000019	3931	4614	1	4
PAAW01000019	4603	4950	-1	5
PAAW01000019	5001	5936	-1	6
PAAW01000019	5933	6280	-1	7
PAAW01000019	6453	7934	1	8
PAAW01000019	7946	9448	1	9
PAAW01000019	9486	10505	1	10
PAAW01000019	10506	11495	-1	11
PAAW01000019	11513	11791	-1	12
PAAW01000019	11867	12343	-1	13
PAAW01000019	12500	13441	1	14
PAAW01000019	13465	14259	1	15
PAAW01000019	14248	14742	-1	16
PAAW01000019	14751	15524	-1	17
PAAW01000019	15596	16381	-1	18
PAAW01000019	16470	17738	1	19
PAAW01000019	17730	18809	-1	20
PAAW01000019	18960	19481	1	21
PAAW01000020	1	2481	1	1
PAAW01000020	2505	3821	1	2
PAAW01000020	3896	5323	1	3
PAAW01000020	5320	6654	1	4
PAAW01000020	6729	7460	1	5
PAAW01000020	7746	8552	-1	6
PAAW01000021	3	617	1	1
PAAW01000021	617	1189	1	2
PAAW01000021	1805	3961	1	3
PAAW01000021	4106	5197	1	4
PAAW01000021	5209	5844	1	5
PAAW01000021	5864	6835	-1	6
PAAW01000021	6934	10143	1	7
PAAW01000022	2	904	1	1
PAAW01000022	944	3505	1	2
PAAW01000022	3513	5630	-1	3
PAAW01000022	5708	6775	-1	4
PAAW01000022	6795	7670	-1	5
PAAW01000022	7709	8728	-1	6
PAAW01000022	8743	9483	-1	7
PAAW01000022	9577	11754	1	8
PAAW01000022	11760	12437	1	9
PAAW01000022	12454	14880	1	10
PAAW01000023	3	2495	-1	1
PAAW01000023	2711	10390	1	2
PAAW01000024	3	368	-1	1
PAAW01000024	365	3370	-1	2
PAAW01000024	3502	4887	-1	3
PAAW01000024	4992	6482	1	4
PAAW01000024	6474	9041	-1	5
PAAW01000025	1	1434	1	1
PAAW01000025	1491	2342	1	2
PAAW01000025	2345	3304	1	3
PAAW01000025	3297	4298	-1	4
PAAW01000025	4371	7229	-1	5
PAAW01000025	7272	7910	1	6
PAAW01000025	7891	9012	1	7
PAAW01000025	9016	9291	-1	8
PAAW01000025	9359	10063	-1	9
PAAW01000025	10166	11539	-1	10
PAAW01000025	11611	13089	-1	11
PAAW01000025	13499	14095	1	12
PAAW01000025	14098	14877	-1	13
PAAW01000025	15122	16051	1	14
PAAW01000025	16092	16493	1	15
PAAW01000025	16505	16726	1	16
PAAW01000025	16728	16919	1	17
PAAW01000025	16945	17397	1	18
PAAW01000025	17425	19344	1	19
PAAW01000025	19428	20432	1	20
PAAW01000025	20471	21424	1	21
PAAW01000025	21536	21757	1	22
PAAW01000025	21773	22027	1	23
PAAW01000025	22032	24443	-1	24
PAAW01000025	24518	27028	-1	25
PAAW01000025	27112	27522	-1	26
PAAW01000025	27534	28019	-1	27
PAAW01000025	28076	30778	-1	28
PAAW01000025	31054	31956	1	29
PAAW01000025	31953	32282	-1	30
PAAW01000025	32322	33602	-1	31
PAAW01000025	33684	34892	-1	32
PAAW01000025	34937	36370	-1	33
PAAW01000025	36405	36755	-1	34
PAAW01000025	36766	38049	-1	35
PAAW01000025	38104	40149	-1	36
PAAW01000025	40250	41473	1	37
PAAW01000025	41513	41944	1	38
PAAW01000025	42011	42433	1	39
PAAW01000025	42443	43432	1	40
PAAW01000025	43424	44008	-1	41
PAAW01000025	44064	45626	1	42
PAAW01000025	45583	46167	-1	43
PAAW01000025	46280	46882	-1	44
PAAW01000025	47061	47330	1	45
PAAW01000025	47403	48161	-1	46
PAAW01000025	48161	50017	-1	47
PAAW01000025	50027	50839	-1	48
PAAW01000025	50918	52546	-1	49
PAAW01000025	52656	54905	1	50
PAAW01000025	54982	55161	1	51
PAAW01000025	55229	56878	1	52
PAAW01000025	56884	58137	1	53
PAAW01000025	58149	59342	1	54
PAAW01000025	59339	59590	-1	55
PAAW01000025	59601	62747	-1	56
PAAW01000025	62757	63101	-1	57
PAAW01000025	63169	63594	-1	58
PAAW01000025	63698	64210	-1	59
PAAW01000025	64390	65220	1	60
PAAW01000025	65367	65558	1	61
PAAW01000025	65639	66331	1	62
PAAW01000025	66349	67350	1	63
PAAW01000025	67345	68115	-1	64
PAAW01000025	68120	68599	-1	65
PAAW01000025	68599	69522	-1	66
PAAW01000025	69658	70626	1	67
PAAW01000025	70631	72994	1	68
PAAW01000025	73008	74735	1	69
PAAW01000025	74738	75418	-1	70
PAAW01000025	75429	77246	-1	71
PAAW01000025	77300	77965	1	72
PAAW01000025	77997	78734	1	73
PAAW01000025	78740	79123	1	74
PAAW01000025	79126	81144	-1	75
PAAW01000025	81237	82397	1	76
PAAW01000025	82394	84046	-1	77
PAAW01000025	84173	85120	1	78
PAAW01000025	85124	86743	-1	79
PAAW01000025	86891	87517	1	80
PAAW01000025	87520	89400	1	81
PAAW01000025	89461	91080	1	82
PAAW01000025	91205	93475	1	83
PAAW01000025	93485	95011	-1	84
PAAW01000025	95038	96390	-1	85
PAAW01000025	96400	96702	-1	86
PAAW01000025	96792	96995	1	87
PAAW01000026	2	481	-1	1
PAAW01000026	598	3168	1	2
PAAW01000026	3244	4431	1	3
PAAW01000026	4433	5581	-1	4
PAAW01000026	5656	6234	1	5
PAAW01000026	6274	7125	1	6
PAAW01000026	7122	8519	-1	7
PAAW01000026	8506	8961	-1	8
PAAW01000026	8964	9575	-1	9
PAAW01000026	9707	10207	1	10
PAAW01000026	10204	11703	1	11
PAAW01000026	11745	12935	1	12
PAAW01000026	12983	14542	1	13
PAAW01000026	14543	14986	1	14
PAAW01000026	14968	15984	-1	15
PAAW01000026	16040	16582	-1	16
PAAW01000026	16623	18578	-1	17
PAAW01000026	18670	19905	1	18
PAAW01000026	19956	20546	1	19
PAAW01000026	20556	23330	1	20
PAAW01000026	23330	24316	1	21
PAAW01000026	24313	25290	1	22
PAAW01000026	25401	27026	1	23
PAAW01000026	27046	28191	1	24
PAAW01000026	28222	29538	1	25
PAAW01000026	29548	30519	1	26
PAAW01000026	30521	30823	-1	27
PAAW01000026	30861	31064	-1	28
PAAW01000026	31061	31372	-1	29
PAAW01000026	31382	32470	-1	30
PAAW01000026	32525	33454	-1	31
PAAW01000026	33460	33819	-1	32
PAAW01000026	33832	34122	-1	33
PAAW01000026	34188	35597	-1	34
PAAW01000026	35689	38949	-1	35
PAAW01000026	39073	39342	1	36
PAAW01000026	39353	40294	1	37
PAAW01000026	40356	40631	1	38
PAAW01000026	40687	41331	1	39
PAAW01000026	41331	42347	1	40
PAAW01000026	42373	42675	1	41
PAAW01000026	42810	43313	1	42
PAAW01000026	43352	43939	1	43
PAAW01000027	1	723	-1	1
PAAW01000027	813	1238	1	2
PAAW01000027	1327	1935	1	3
PAAW01000027	1946	4249	-1	4
PAAW01000027	4285	4908	-1	5
PAAW01000027	4910	7219	-1	6
PAAW01000027	7229	7966	-1	7
PAAW01000027	8061	9293	1	8
PAAW01000027	9283	11832	1	9
PAAW01000027	11876	12574	1	10
PAAW01000027	12603	13922	1	11
PAAW01000027	13992	15602	1	12
PAAW01000027	15608	16474	1	13
PAAW01000027	16477	18018	1	14
PAAW01000027	18027	18521	1	15
PAAW01000027	18518	19402	-1	16
PAAW01000027	19475	20476	-1	17
PAAW01000027	20524	23055	-1	18
PAAW01000027	23199	24101	1	19
PAAW01000028	2	8272	-1	1
PAAW01000028	8529	10838	1	2
PAAW01000028	10801	11673	-1	3
PAAW01000028	11674	11994	-1	4
PAAW01000028	12072	12497	1	5
PAAW01000028	12539	13252	1	6
PAAW01000028	13293	13559	1	7
PAAW01000028	13601	14290	1	8
PAAW01000028	14287	14685	-1	9
PAAW01000028	14774	15781	1	10
PAAW01000028	15771	17117	1	11
PAAW01000028	17169	18416	-1	12
PAAW01000028	18490	18882	1	13
PAAW01000028	18875	20017	-1	14
PAAW01000028	20030	20485	-1	15
PAAW01000028	20488	21399	-1	16
PAAW01000028	21445	22572	-1	17
PAAW01000028	22659	23681	-1	18
PAAW01000028	23777	24616	-1	19
PAAW01000028	24757	25428	-1	20
PAAW01000029	275	1312	1	1
PAAW01000029	1309	1899	-1	2
PAAW01000029	1903	3141	-1	3
PAAW01000029	3344	4141	-1	4
PAAW01000029	4305	6143	1	5
PAAW01000029	6176	7519	1	6
PAAW01000029	7520	8488	1	7
PAAW01000029	8480	10168	-1	8
PAAW01000029	10258	11256	-1	9
PAAW01000029	11291	12223	-1	10
PAAW01000029	12288	13238	-1	11
PAAW01000029	13274	13729	-1	12
PAAW01000029	13729	14151	-1	13
PAAW01000029	14232	15518	1	14
PAAW01000029	15545	16396	1	15
PAAW01000029	16459	17622	1	16
PAAW01000029	17637	18191	1	17
PAAW01000029	18220	19113	1	18
PAAW01000029	19322	20500	1	19
PAAW01000029	20503	21282	-1	20
PAAW01000029	21418	22044	1	21
PAAW01000029	22039	22473	-1	22
PAAW01000029	22470	22928	-1	23
PAAW01000029	22943	24538	-1	24
PAAW01000029	24548	25603	-1	25
PAAW01000029	25617	27149	-1	26
PAAW01000030	3	2798	-1	1
PAAW01000030	2902	3222	1	2
PAAW01000030	3276	4391	-1	3
PAAW01000030	4507	5217	1	4
PAAW01000030	5214	5783	1	5
PAAW01000030	5784	6404	-1	6
PAAW01000030	6404	7627	-1	7
PAAW01000030	7727	8398	1	8
PAAW01000030	8411	9505	1	9
PAAW01000030	9590	11008	1	10
PAAW01000030	11005	11811	-1	11
PAAW01000030	11808	12653	-1	12
PAAW01000030	12715	13044	-1	13
PAAW01000030	13130	14317	1	14
PAAW01000030	14359	15729	1	15
PAAW01000030	15722	17227	1	16
PAAW01000030	17229	18536	-1	17
PAAW01000030	18550	19488	-1	18
PAAW01000030	19537	22110	-1	19
PAAW01000031	3	1190	1	1
PAAW01000031	1256	1822	1	2
PAAW01000031	1819	2634	-1	3
PAAW01000031	2685	4469	-1	4
PAAW01000031	4496	5011	-1	5
PAAW01000031	5059	5601	-1	6
PAAW01000031	5831	6103	1	7
PAAW01000031	6283	7449	-1	8
PAAW01000031	7486	7980	-1	9
PAAW01000031	8052	8606	-1	10
PAAW01000032	185	4066	1	1
PAAW01000032	4049	5731	-1	2
PAAW01000032	5742	6473	-1	3
PAAW01000032	6509	6757	-1	4
PAAW01000032	6893	7318	1	5
PAAW01000032	7324	7791	-1	6
PAAW01000032	7800	8915	-1	7
PAAW01000032	8981	10162	-1	8
PAAW01000032	10195	10938	1	9
PAAW01000032	10928	11788	1	10
PAAW01000032	11794	16794	-1	11
PAAW01000032	16925	18238	1	12
PAAW01000032	18257	18985	1	13
PAAW01000032	18975	19121	1	14
PAAW01000032	19118	19753	-1	15
PAAW01000032	19793	21418	-1	16
PAAW01000032	21434	21880	-1	17
PAAW01000032	21930	23576	-1	18
PAAW01000032	23633	24082	-1	19
PAAW01000033	2	1027	-1	1
PAAW01000033	1075	1452	-1	2
PAAW01000033	1500	1898	1	3
PAAW01000033	1914	2240	1	4
PAAW01000033	2241	3434	-1	5
PAAW01000033	3477	5372	-1	6
PAAW01000033	5385	7250	-1	7
PAAW01000033	7471	8892	1	8
PAAW01000033	9043	9852	-1	9
PAAW01000033	9877	11826	-1	10
PAAW01000033	11941	12252	-1	11
PAAW01000033	12227	12361	-1	12
PAAW01000034	1	609	1	1
PAAW01000034	651	4781	1	2
PAAW01000034	4824	5201	1	3
PAAW01000034	5193	5750	-1	4
PAAW01000034	5760	6260	-1	5
PAAW01000034	6429	7046	1	6
PAAW01000034	7118	9022	1	7
PAAW01000034	9023	9367	-1	8
PAAW01000034	9393	10028	1	9
PAAW01000034	10040	10480	1	10
PAAW01000034	10607	10900	-1	11
PAAW01000034	10972	12171	1	12
PAAW01000034	12198	12767	1	13
PAAW01000034	12838	13686	1	14
PAAW01000035	3	674	1	1
PAAW01000035	720	1481	1	2
PAAW01000035	1494	2078	1	3
PAAW01000035	2092	2901	1	4
PAAW01000035	2898	3449	1	5
PAAW01000035	3450	4445	-1	6
PAAW01000035	4537	5886	1	7
PAAW01000035	5883	7802	-1	8
PAAW01000035	7805	10456	-1	9
PAAW01000035	10544	11881	-1	10
PAAW01000035	12001	12540	1	11
PAAW01000035	12579	13142	1	12
PAAW01000035	13151	14257	1	13
PAAW01000035	14323	15507	1	14
PAAW01000035	15568	16041	1	15
PAAW01000035	16050	16274	1	16
PAAW01000036	3	3989	1	1
PAAW01000036	4010	4801	1	2
PAAW01000036	4805	6553	1	3
PAAW01000036	6557	6814	-1	4
PAAW01000036	6816	7301	-1	5
PAAW01000036	7433	7864	1	6
PAAW01000036	7861	8844	1	7
PAAW01000037	2	271	-1	1
PAAW01000037	434	1351	1	2
PAAW01000037	1352	2647	-1	3
PAAW01000037	2705	3853	1	4
PAAW01000037	3850	4887	-1	5
PAAW01000037	4877	5800	-1	6
PAAW01000037	5797	6498	-1	7
PAAW01000037	6491	7675	-1	8
PAAW01000037	7783	8646	1	9
PAAW01000037	8659	9687	-1	10
PAAW01000037	9868	10980	1	11
PAAW01000037	10972	12549	-1	12
PAAW01000038	3	392	-1	1
PAAW01000038	503	1135	-1	2
PAAW01000038	1179	3854	-1	3
PAAW01000038	3902	4936	-1	4
PAAW01000038	5098	6885	1	5
PAAW01000038	6882	7928	1	6
PAAW01000038	8019	8915	1	7
PAAW01000038	8962	9816	1	8
PAAW01000038	9886	10404	-1	9
PAAW01000038	10475	10636	-1	10
PAAW01000038	10646	11497	-1	11
PAAW01000038	11566	12117	1	12
PAAW01000039	2	679	1	1
PAAW01000039	659	868	-1	2
PAAW01000039	895	2580	-1	3
PAAW01000039	2655	3176	1	4
PAAW01000039	3198	3674	1	5
PAAW01000039	3704	4615	1	6
PAAW01000039	4648	5388	1	7
PAAW01000039	5385	9002	-1	8
PAAW01000039	9087	9263	1	9
PAAW01000039	9264	10196	-1	10
PAAW01000040	1	726	1	1
PAAW01000040	684	1328	1	2
PAAW01000040	1388	2059	1	3
PAAW01000040	2111	2815	1	4
PAAW01000040	2816	3505	-1	5
PAAW01000040	3560	3946	-1	6
PAAW01000040	3930	5783	-1	7
PAAW01000040	5856	6518	1	8
PAAW01000040	6495	7424	-1	9
PAAW01000040	7504	10542	1	10
PAAW01000040	10543	12270	-1	11
PAAW01000040	12347	14500	1	12
PAAW01000040	14558	19351	1	13
PAAW01000040	19348	20109	-1	14
PAAW01000040	20203	20361	1	15
PAAW01000041	1	1422	-1	1
PAAW01000041	1517	1927	1	2
PAAW01000041	1929	3761	-1	3
PAAW01000041	3758	4774	-1	4
PAAW01000041	4815	5804	-1	5
PAAW01000041	6050	6802	1	6
PAAW01000041	6890	8398	1	7
PAAW01000041	8395	9069	-1	8
PAAW01000041	9165	9830	-1	9
PAAW01000042	3	1046	1	1
PAAW01000042	1068	1427	1	2
PAAW01000042	1430	1723	-1	3
PAAW01000042	1716	2732	-1	4
PAAW01000042	2742	4379	-1	5
PAAW01000042	4622	5932	1	6
PAAW01000042	5935	6525	-1	7
PAAW01000042	6573	7172	-1	8
PAAW01000042	7156	8247	-1	9
PAAW01000042	8262	12173	-1	10
PAAW01000042	12310	13164	-1	11
PAAW01000042	13267	14889	1	12
PAAW01000042	14882	15337	-1	13
PAAW01000043	1	654	-1	1
PAAW01000043	666	1901	-1	2
PAAW01000043	1952	3121	-1	3
PAAW01000043	3130	4002	-1	4
PAAW01000043	4057	4704	1	5
PAAW01000043	4721	5314	1	6
PAAW01000043	5374	6681	1	7
PAAW01000043	6681	8957	1	8
PAAW01000044	1	558	1	1
PAAW01000044	558	1112	1	2
PAAW01000044	1116	2015	1	3
PAAW01000044	2086	2895	1	4
PAAW01000044	2896	11223	1	5
PAAW01000044	11227	11967	1	6
PAAW01000044	12075	17411	-1	7
PAAW01000044	17519	19342	1	8
PAAW01000044	19343	19627	-1	9
PAAW01000044	19659	20738	-1	10
PAAW01000044	20824	21564	-1	11
PAAW01000044	21635	21991	-1	12
PAAW01000044	22133	23140	1	13
PAAW01000044	23145	23843	1	14
PAAW01000044	23924	24145	-1	15
PAAW01000044	24245	24787	1	16
PAAW01000045	3	1079	1	1
PAAW01000045	1143	1997	1	2
PAAW01000045	1994	2929	1	3
PAAW01000045	2934	3596	1	4
PAAW01000045	3657	4244	1	5
PAAW01000045	4241	5767	-1	6
PAAW01000045	5804	7000	-1	7
PAAW01000045	7089	7688	1	8
PAAW01000045	7689	8717	-1	9
PAAW01000045	8789	9733	-1	10
PAAW01000045	9808	10971	-1	11
PAAW01000045	11062	11745	1	12
PAAW01000045	11754	12101	-1	13
PAAW01000045	12168	12953	1	14
PAAW01000045	13030	13704	1	15
PAAW01000045	13701	14699	1	16
PAAW01000045	14696	16903	-1	17
PAAW01000045	16983	17618	-1	18
PAAW01000045	17628	18056	-1	19
PAAW01000045	18193	19464	1	20
PAAW01000045	19473	20453	1	21
PAAW01000045	20446	20835	1	22
PAAW01000045	20828	21733	-1	23
PAAW01000045	21754	22068	-1	24
PAAW01000045	22070	22282	-1	25
PAAW01000045	22266	22637	-1	26
PAAW01000045	22639	23421	-1	27
PAAW01000045	23421	24149	-1	28
PAAW01000045	24149	24835	-1	29
PAAW01000045	24887	25573	-1	30
PAAW01000045	25587	25853	-1	31
PAAW01000046	3	569	1	1
PAAW01000046	570	1916	-1	2
PAAW01000046	2139	2954	1	3
PAAW01000046	2945	3694	1	4
PAAW01000046	3699	5510	1	5
PAAW01000046	5530	6927	1	6
PAAW01000046	6914	8356	-1	7
PAAW01000046	8378	9196	-1	8
PAAW01000047	2	217	-1	1
PAAW01000047	186	578	-1	2
PAAW01000047	627	1361	-1	3
PAAW01000047	1489	4338	1	4
PAAW01000047	4379	4843	1	5
PAAW01000047	4901	5644	-1	6
PAAW01000047	5685	6578	-1	7
PAAW01000047	6604	7725	-1	8
PAAW01000047	7761	8822	-1	9
PAAW01000047	8853	9269	-1	10
PAAW01000047	9290	9928	-1	11
PAAW01000047	9989	11953	-1	12
PAAW01000048	3	1181	1	1
PAAW01000048	1318	2061	1	2
PAAW01000048	2071	3006	1	3
PAAW01000048	3018	3719	1	4
PAAW01000048	3687	5252	-1	5
PAAW01000048	5299	6828	-1	6
PAAW01000048	6899	7078	-1	7
PAAW01000048	7149	8837	-1	8
PAAW01000048	8839	9258	-1	9
PAAW01000048	9251	10006	-1	10
PAAW01000048	10134	10418	1	11
PAAW01000048	10420	10605	1	12
PAAW01000048	10611	11411	1	13
PAAW01000048	11421	11627	1	14
PAAW01000048	11701	12456	1	15
PAAW01000048	12458	12658	-1	16
PAAW01000048	12916	20325	1	17
PAAW01000048	20337	21143	-1	18
PAAW01000048	21188	23005	-1	19
PAAW01000048	23011	24786	-1	20
PAAW01000048	24836	27748	-1	21
PAAW01000048	27787	29016	-1	22
PAAW01000048	29049	30020	-1	23
PAAW01000048	30031	31464	-1	24
PAAW01000048	31602	32867	1	25
PAAW01000048	32881	33804	-1	26
PAAW01000048	33804	35012	-1	27
PAAW01000048	35098	36093	1	28
PAAW01000048	36126	36797	1	29
PAAW01000048	36805	39192	-1	30
PAAW01000048	39239	40003	-1	31
PAAW01000048	40031	40189	-1	32
PAAW01000049	1	972	1	1
PAAW01000049	969	3113	-1	2
PAAW01000049	3159	3962	-1	3
PAAW01000049	3967	5223	-1	4
PAAW01000049	5259	6164	1	5
PAAW01000049	6161	6544	-1	6
PAAW01000049	6593	7498	-1	7
PAAW01000049	7639	8907	1	8
PAAW01000049	8963	9199	1	9
PAAW01000049	9240	10652	1	10
PAAW01000049	10707	12551	1	11
PAAW01000049	12589	13842	1	12
PAAW01000050	2	760	-1	1
PAAW01000050	848	1783	-1	2
PAAW01000050	1807	3888	-1	3
PAAW01000050	3948	4790	-1	4
PAAW01000050	4783	5820	-1	5
PAAW01000050	5916	6785	1	6
PAAW01000050	6769	7440	-1	7
PAAW01000050	7473	7697	-1	8
PAAW01000050	7743	8735	-1	9
PAAW01000050	8957	9754	-1	10
PAAW01000050	9855	12224	1	11
PAAW01000050	12230	12811	-1	12
PAAW01000050	12825	13958	-1	13
PAAW01000050	14048	15082	1	14
PAAW01000050	15116	16606	-1	15
PAAW01000050	16761	17111	1	16
PAAW01000050	17116	17592	-1	17
PAAW01000050	17683	18750	1	18
PAAW01000050	18747	20045	-1	19
PAAW01000050	20149	20793	1	20
PAAW01000050	20795	22126	-1	21
PAAW01000050	22119	24554	-1	22
PAAW01000050	24628	26511	-1	23
PAAW01000050	26561	27664	-1	24
PAAW01000051	2	226	-1	1
PAAW01000051	290	724	1	2
PAAW01000051	846	3128	1	3
PAAW01000051	3154	3627	1	4
PAAW01000051	3659	4897	1	5
PAAW01000051	4941	8132	1	6
PAAW01000051	8140	9495	-1	7
PAAW01000051	9568	10677	1	8
PAAW01000051	10789	13137	1	9
PAAW01000052	125	6400	-1	1
PAAW01000052	6475	7071	-1	2
PAAW01000052	7071	8780	-1	3
PAAW01000052	8777	9526	-1	4
PAAW01000052	9536	10384	-1	5
PAAW01000052	10440	11381	-1	6
PAAW01000052	11435	12043	-1	7
PAAW01000052	12085	12507	1	8
PAAW01000052	12504	13181	-1	9
PAAW01000052	13257	14414	1	10
PAAW01000052	14417	14776	-1	11
PAAW01000052	14787	15824	-1	12
PAAW01000052	15850	16215	-1	13
PAAW01000052	16251	17561	-1	14
PAAW01000052	17635	30381	-1	15
PAAW01000052	30776	31795	1	16
PAAW01000052	31806	34895	-1	17
PAAW01000052	34931	35350	-1	18
PAAW01000052	35474	36400	1	19
PAAW01000052	36405	37709	1	20
PAAW01000052	37760	38620	1	21
PAAW01000052	38627	39901	-1	22
PAAW01000052	39933	40475	-1	23
PAAW01000052	40492	41382	-1	24
PAAW01000053	1164	2363	-1	1
PAAW01000053	2474	4210	-1	2
PAAW01000053	4295	4549	-1	3
PAAW01000053	4554	4865	-1	4
PAAW01000053	4868	5482	-1	5
PAAW01000053	5552	9112	-1	6
PAAW01000054	2	2044	-1	1
PAAW01000054	2112	5957	-1	2
PAAW01000054	5984	6961	-1	3
PAAW01000054	7004	7300	-1	4
PAAW01000054	7314	8867	-1	5
PAAW01000054	8867	12106	-1	6
PAAW01000054	12103	15771	-1	7
PAAW01000054	15784	16404	-1	8
PAAW01000054	16640	18136	1	9
PAAW01000054	18125	18370	-1	10
PAAW01000054	18389	18706	-1	11
PAAW01000054	18763	19908	1	12
PAAW01000054	19903	20823	-1	13
PAAW01000054	20843	21145	-1	14
PAAW01000054	21288	22118	1	15
PAAW01000054	22118	22579	1	16
PAAW01000054	22588	23430	1	17
PAAW01000054	23438	24313	1	18
PAAW01000054	24327	27074	1	19
PAAW01000054	27098	27166	1	20
PAAW01000055	3	527	1	1
PAAW01000055	550	1674	1	2
PAAW01000055	1675	3666	1	3
PAAW01000055	3671	4120	1	4
PAAW01000055	4117	5361	1	5
PAAW01000055	5358	6278	1	6
PAAW01000055	6271	7137	1	7
PAAW01000055	7134	7745	-1	8
PAAW01000055	7738	8469	-1	9
PAAW01000055	8514	8852	-1	10
PAAW01000055	8910	9191	1	11
PAAW01000055	9227	10207	1	12
PAAW01000055	10226	10666	1	13
PAAW01000055	10675	11199	1	14
PAAW01000055	11245	11457	1	15
PAAW01000056	2	115	1	1
PAAW01000056	117	1352	1	2
PAAW01000056	1361	1777	1	3
PAAW01000056	1782	2096	1	4
PAAW01000056	2097	2813	-1	5
PAAW01000056	2839	8529	-1	6
PAAW01000057	2	1156	1	1
PAAW01000057	1153	2403	-1	2
PAAW01000057	2466	4043	-1	3
PAAW01000057	4083	4745	-1	4
PAAW01000057	4765	5175	1	5
PAAW01000057	5179	6195	-1	6
PAAW01000057	6372	7385	1	7
PAAW01000057	7474	9864	1	8
PAAW01000057	9870	10112	-1	9
PAAW01000057	10127	10585	-1	10
PAAW01000057	10600	12120	-1	11
PAAW01000057	12130	12738	-1	12
PAAW01000057	12782	13027	-1	13
PAAW01000057	13037	13375	-1	14
PAAW01000057	13429	13848	-1	15
PAAW01000057	13845	14315	-1	16
PAAW01000057	14379	14888	-1	17
PAAW01000057	14979	15626	1	18
PAAW01000057	15626	16003	1	19
PAAW01000057	16044	16919	1	20
PAAW01000057	16873	17061	-1	21
PAAW01000058	2	886	-1	1
PAAW01000058	969	5273	1	2
PAAW01000058	5278	6255	1	3
PAAW01000058	6259	7044	-1	4
PAAW01000058	7239	9200	1	5
PAAW01000058	9190	11928	1	6
PAAW01000058	11981	13237	1	7
PAAW01000058	13239	14591	-1	8
PAAW01000058	14702	15172	1	9
PAAW01000058	15192	15725	1	10
PAAW01000058	15726	16436	-1	11
PAAW01000058	16544	19090	1	12
PAAW01000058	19126	19674	1	13
PAAW01000058	19778	21478	1	14
PAAW01000058	21481	22410	1	15
PAAW01000058	22480	22821	1	16
PAAW01000058	22833	23408	1	17
PAAW01000058	23411	24139	1	18
PAAW01000058	24144	25400	1	19
PAAW01000058	25422	27293	-1	20
PAAW01000058	27436	28068	1	21
PAAW01000058	28065	29066	-1	22
PAAW01000058	29135	30124	1	23
PAAW01000058	30134	31231	1	24
PAAW01000058	31313	31627	1	25
PAAW01000058	31645	33783	1	26
PAAW01000058	33833	34138	1	27
PAAW01000058	34168	34731	1	28
PAAW01000058	34741	35808	1	29
PAAW01000058	35818	36117	1	30
PAAW01000059	1	579	-1	1
PAAW01000059	579	1334	-1	2
PAAW01000059	1334	3085	-1	3
PAAW01000059	3227	4198	1	4
PAAW01000059	4247	4759	1	5
PAAW01000059	4842	6440	1	6
PAAW01000059	6441	7544	-1	7
PAAW01000059	7565	8536	-1	8
PAAW01000059	8533	9279	-1	9
PAAW01000059	9289	9927	-1	10
PAAW01000059	10043	10303	1	11
PAAW01000059	10409	11344	1	12
PAAW01000059	11348	12151	1	13
PAAW01000059	12140	13312	-1	14
PAAW01000059	13409	14026	1	15
PAAW01000059	14023	15177	-1	16
PAAW01000059	15286	15714	1	17
PAAW01000059	15815	16399	1	18
PAAW01000059	16409	16786	1	19
PAAW01000059	16787	17617	-1	20
PAAW01000059	17624	18160	-1	21
PAAW01000059	18220	18657	-1	22
PAAW01000060	3	896	1	1
PAAW01000060	902	2671	1	2
PAAW01000060	2696	3811	1	3
PAAW01000060	3821	4963	1	4
PAAW01000060	5031	6503	1	5
PAAW01000060	6500	8800	-1	6
PAAW01000060	8899	9639	-1	7
PAAW01000060	9706	10524	1	8
PAAW01000061	1	735	1	1
PAAW01000061	739	879	1	2
PAAW01000061	859	2646	-1	3
PAAW01000061	2743	3336	-1	4
PAAW01000061	3536	4234	1	5
PAAW01000061	4238	5155	-1	6
PAAW01000061	5167	6693	-1	7
PAAW01000061	6717	7022	-1	8
PAAW01000061	7069	8235	1	9
PAAW01000061	8261	8947	1	10
PAAW01000061	8950	9582	-1	11
PAAW01000061	9586	10329	-1	12
PAAW01000061	10355	11566	-1	13
PAAW01000061	11606	12343	1	14
PAAW01000061	12352	13275	1	15
PAAW01000061	13278	14021	1	16
PAAW01000061	14024	15058	-1	17
PAAW01000061	15114	16397	1	18
PAAW01000061	16434	17462	1	19
PAAW01000061	17465	18682	1	20
PAAW01000061	18685	19872	1	21
PAAW01000061	19865	21328	-1	22
PAAW01000061	21463	22176	1	23
PAAW01000061	22213	23826	1	24
PAAW01000061	23819	24937	-1	25
PAAW01000061	24998	26155	1	26
PAAW01000061	26158	26844	1	27
PAAW01000061	26845	27825	-1	28
PAAW01000061	27910	28833	1	29
PAAW01000061	28823	29887	1	30
PAAW01000061	29887	31239	1	31
PAAW01000061	31236	32165	-1	32
PAAW01000061	32276	34081	1	33
PAAW01000061	34071	35402	1	34
PAAW01000061	35417	36346	1	35
PAAW01000061	36375	37259	1	36
PAAW01000061	37264	38331	1	37
PAAW01000061	38331	39170	1	38
PAAW01000061	39167	40105	1	39
PAAW01000061	40102	40749	1	40
PAAW01000061	40750	41397	-1	41
PAAW01000061	41398	42318	-1	42
PAAW01000061	42454	43272	-1	43
PAAW01000061	43309	44646	-1	44
PAAW01000061	44621	45541	-1	45
PAAW01000061	45538	46632	-1	46
PAAW01000061	46638	47720	-1	47
PAAW01000061	47707	48129	-1	48
PAAW01000061	48107	49048	-1	49
PAAW01000061	49068	50105	-1	50
PAAW01000061	50432	51322	1	51
PAAW01000061	51316	52947	-1	52
PAAW01000061	52986	53696	-1	53
PAAW01000061	53742	54476	1	54
PAAW01000061	54516	55235	1	55
PAAW01000061	55232	56899	1	56
PAAW01000061	56903	57592	-1	57
PAAW01000061	57719	59125	1	58
PAAW01000061	59172	59894	1	59
PAAW01000061	59915	60685	-1	60
PAAW01000061	60815	61621	1	61
PAAW01000061	61629	62192	-1	62
PAAW01000061	62206	62415	-1	63
PAAW01000062	1	612	1	1
PAAW01000062	609	3446	-1	2
PAAW01000062	3578	4342	1	3
PAAW01000062	4342	5829	1	4
PAAW01000062	5826	6140	-1	5
PAAW01000062	6244	6924	1	6
PAAW01000062	6934	8007	1	7
PAAW01000062	8033	8365	1	8
PAAW01000062	8368	8688	1	9
PAAW01000062	8749	9783	1	10
PAAW01000062	9767	10243	-1	11
PAAW01000062	10394	11422	1	12
PAAW01000062	11505	13361	-1	13
PAAW01000063	64	1233	-1	1
PAAW01000063	1301	1768	-1	2
PAAW01000063	1786	3513	-1	3
PAAW01000063	3510	5051	-1	4
PAAW01000063	5197	5856	1	5
PAAW01000063	5916	6512	1	6
PAAW01000063	6513	7694	-1	7
PAAW01000063	7791	8258	1	8
PAAW01000063	8255	9124	-1	9
PAAW01000063	9137	9655	-1	10
PAAW01000063	9716	10567	-1	11
PAAW01000064	2	115	1	1
PAAW01000064	173	1084	-1	2
PAAW01000064	1084	1581	-1	3
PAAW01000064	1814	3988	-1	4
PAAW01000064	4095	4358	-1	5
PAAW01000064	4403	5635	-1	6
PAAW01000064	5696	6451	1	7
PAAW01000064	6710	7453	-1	8
PAAW01000064	7479	7829	-1	9
PAAW01000064	8004	8801	-1	10
PAAW01000064	9139	10212	-1	11
PAAW01000064	10237	10743	-1	12
PAAW01000064	10775	12088	-1	13
PAAW01000064	12338	12544	1	14
PAAW01000064	12537	13253	1	15
PAAW01000064	13417	14076	1	16
PAAW01000064	14155	15096	1	17
PAAW01000064	15102	15641	-1	18
PAAW01000064	15607	16224	-1	19
PAAW01000064	16401	16634	1	20
PAAW01000064	16681	16935	-1	21
PAAW01000064	16928	18148	-1	22
PAAW01000064	18250	19941	-1	23
PAAW01000064	19992	20261	-1	24
PAAW01000064	20362	21072	1	25
PAAW01000064	21089	21466	-1	26
PAAW01000064	21487	21957	-1	27
PAAW01000064	21978	22331	-1	28
PAAW01000064	22340	25483	-1	29
PAAW01000064	25620	26117	-1	30
PAAW01000064	26213	27100	1	31
PAAW01000064	27243	28895	-1	32
PAAW01000064	28942	29058	-1	33
PAAW01000064	29138	31165	-1	34
PAAW01000064	31226	32119	1	35
PAAW01000064	32228	32341	1	36
PAAW01000065	207	377	1	1
PAAW01000065	403	552	1	2
PAAW01000065	549	2204	-1	3
PAAW01000065	2214	4007	-1	4
PAAW01000065	4090	4968	1	5
PAAW01000065	4994	5797	1	6
PAAW01000065	5794	6024	1	7
PAAW01000065	6019	6726	-1	8
PAAW01000065	6776	7144	-1	9
PAAW01000065	7176	7604	-1	10
PAAW01000065	7609	8943	-1	11
PAAW01000065	8952	9554	-1	12
PAAW01000065	9511	9762	-1	13
PAAW01000065	9858	13256	1	14
PAAW01000065	13308	14312	1	15
PAAW01000065	14319	14888	1	16
PAAW01000065	14921	15439	1	17
PAAW01000065	15436	15855	-1	18
PAAW01000065	16094	16312	-1	19
PAAW01000065	16409	16975	1	20
PAAW01000065	16985	17884	1	21
PAAW01000065	17881	19197	-1	22
PAAW01000065	19295	23074	1	23
PAAW01000066	1	537	-1	1
PAAW01000066	594	1073	1	2
PAAW01000066	1070	3379	-1	3
PAAW01000066	3505	8019	1	4
PAAW01000066	8053	8724	1	5
PAAW01000067	1	474	1	1
PAAW01000067	612	887	-1	2
PAAW01000067	939	1571	1	3
PAAW01000067	1572	2141	-1	4
PAAW01000067	2196	2741	-1	5
PAAW01000067	2854	4044	1	6
PAAW01000067	4037	5527	1	7
PAAW01000067	5565	7190	1	8
PAAW01000067	7288	8058	-1	9
PAAW01000067	8138	8596	-1	10
PAAW01000067	8670	9284	-1	11
PAAW01000067	9373	11988	1	12
PAAW01000067	12025	12393	1	13
PAAW01000067	12435	14006	1	14
PAAW01000067	14003	14362	-1	15
PAAW01000067	14448	16094	1	16
PAAW01000067	16106	16921	1	17
PAAW01000067	16918	17586	1	18
PAAW01000067	17570	18193	-1	19
PAAW01000067	18203	18412	-1	20
PAAW01000067	18450	19082	-1	21
PAAW01000067	19092	19547	-1	22
PAAW01000067	19769	20935	1	23
PAAW01000067	21027	21674	1	24
PAAW01000068	1	150	1	1
PAAW01000068	155	772	1	2
PAAW01000068	908	1171	1	3
PAAW01000068	1192	2529	1	4
PAAW01000068	2526	4244	1	5
PAAW01000068	4245	5228	1	6
PAAW01000068	5239	5985	-1	7
PAAW01000068	5975	6934	-1	8
PAAW01000068	6897	7952	-1	9
PAAW01000068	7962	8513	-1	10
PAAW01000068	8506	9822	-1	11
PAAW01000068	9824	11038	-1	12
PAAW01000069	2	1138	1	1
PAAW01000069	1145	3535	-1	2
PAAW01000069	3688	4158	1	3
PAAW01000069	4193	4396	1	4
PAAW01000069	4443	5651	1	5
PAAW01000069	5726	6955	1	6
PAAW01000069	6977	7726	1	7
PAAW01000069	7732	10056	-1	8
PAAW01000069	10176	11204	1	9
PAAW01000069	11211	11765	-1	10
PAAW01000069	11755	12219	-1	11
PAAW01000069	12336	13562	1	12
PAAW01000069	13600	14640	1	13
PAAW01000069	14637	15260	1	14
PAAW01000069	15263	16246	-1	15
PAAW01000069	16324	16785	1	16
PAAW01000069	16794	17120	1	17
PAAW01000069	17181	18284	1	18
PAAW01000069	18285	18677	-1	19
PAAW01000069	18729	21008	-1	20
PAAW01000069	21030	21854	-1	21
PAAW01000069	21860	23884	-1	22
PAAW01000069	24021	24572	1	23
PAAW01000069	24569	25084	-1	24
PAAW01000069	25087	25290	-1	25
PAAW01000069	25280	28843	-1	26
PAAW01000069	28939	29787	-1	27
PAAW01000069	29875	30393	1	28
PAAW01000069	30403	30558	1	29
PAAW01000069	30564	30839	1	30
PAAW01000069	30842	31033	1	31
PAAW01000069	31039	31251	1	32
PAAW01000069	31252	32076	1	33
PAAW01000069	32036	32182	1	34
PAAW01000069	32347	33066	1	35
PAAW01000070	40	396	-1	1
PAAW01000070	406	1137	-1	2
PAAW01000070	1193	1708	-1	3
PAAW01000070	1854	2216	1	4
PAAW01000070	2227	2586	-1	5
PAAW01000070	2631	4823	-1	6
PAAW01000070	4876	10047	-1	7
PAAW01000070	10124	11185	-1	8
PAAW01000070	11236	11970	-1	9
PAAW01000070	11967	13298	-1	10
PAAW01000070	13325	13696	-1	11
PAAW01000070	13707	14696	-1	12
PAAW01000070	14693	17002	-1	13
PAAW01000070	17016	17723	-1	14
PAAW01000070	17830	18150	1	15
PAAW01000070	18151	18591	1	16
PAAW01000070	18581	19039	-1	17
PAAW01000070	19114	20364	-1	18
PAAW01000070	20361	22004	-1	19
PAAW01000070	22097	23461	1	20
PAAW01000070	23551	23931	1	21
PAAW01000070	23933	24133	-1	22
PAAW01000070	24184	25023	-1	23
PAAW01000070	25121	25555	1	24
PAAW01000070	25596	25775	1	25
PAAW01000070	25777	26784	-1	26
PAAW01000070	26897	28114	-1	27
PAAW01000070	28232	28546	1	28
PAAW01000071	2	367	-1	1
PAAW01000071	508	1389	1	2
PAAW01000071	1390	2910	-1	3
PAAW01000071	2949	4652	-1	4
PAAW01000071	4700	7189	-1	5
PAAW01000071	7327	10317	1	6
PAAW01000071	10307	11524	1	7
PAAW01000071	11562	14864	1	8
PAAW01000071	14782	16149	-1	9
PAAW01000072	3	620	1	1
PAAW01000072	622	1980	-1	2
PAAW01000072	1991	3208	-1	3
PAAW01000072	3189	3416	-1	4
PAAW01000072	3486	5576	1	5
PAAW01000072	5641	6096	1	6
PAAW01000072	6150	6851	1	7
PAAW01000072	6926	8029	1	8
PAAW01000072	8062	9066	1	9
PAAW01000072	9056	9664	-1	10
PAAW01000072	9799	10953	1	11
PAAW01000073	3	170	1	1
PAAW01000073	263	733	-1	2
PAAW01000073	727	1812	-1	3
PAAW01000073	1868	2218	-1	4
PAAW01000073	2245	2562	1	5
PAAW01000073	2601	3035	1	6
PAAW01000073	3085	3900	1	7
PAAW01000073	3901	5130	1	8
PAAW01000073	5170	5403	1	9
PAAW01000073	5441	7177	-1	10
PAAW01000073	7259	8095	1	11
PAAW01000073	8130	9062	-1	12
PAAW01000073	9137	9403	1	13
PAAW01000073	9452	9793	-1	14
PAAW01000073	9829	10947	-1	15
PAAW01000073	11049	11273	1	16
PAAW01000074	3	281	-1	1
PAAW01000074	345	902	-1	2
PAAW01000074	895	1281	-1	3
PAAW01000074	1323	2093	-1	4
PAAW01000074	2182	4842	1	5
PAAW01000074	4849	5871	-1	6
PAAW01000074	5880	7484	-1	7
PAAW01000074	7515	8657	1	8
PAAW01000074	8654	8872	-1	9
PAAW01000074	9037	9426	-1	10
PAAW01000074	9479	10603	-1	11
PAAW01000074	10695	11720	1	12
PAAW01000074	11717	13249	-1	13
PAAW01000075	2	11899	1	1
PAAW01000076	3	98	1	1
PAAW01000076	120	638	-1	2
PAAW01000076	711	905	-1	3
PAAW01000076	923	2092	-1	4
PAAW01000076	2109	2459	-1	5
PAAW01000076	2533	3195	-1	6
PAAW01000076	3229	3843	-1	7
PAAW01000076	3871	4503	1	8
PAAW01000076	4512	5222	-1	9
PAAW01000076	5252	9601	-1	10
PAAW01000076	9713	11314	1	11
PAAW01000076	11327	12031	1	12
PAAW01000076	12070	12498	1	13
PAAW01000076	12533	12874	1	14
PAAW01000076	12866	13312	-1	15
PAAW01000077	1	4872	-1	1
PAAW01000077	4940	5959	-1	2
PAAW01000077	6078	7148	1	3
PAAW01000077	7153	8259	1	4
PAAW01000077	8256	8849	-1	5
PAAW01000077	8957	9877	1	6
PAAW01000077	9926	10165	1	7
PAAW01000077	10173	10868	1	8
PAAW01000077	10902	12263	1	9
PAAW01000077	12266	13075	1	10
PAAW01000078	1	759	-1	1
PAAW01000078	840	1946	1	2
PAAW01000078	2001	3305	1	3
PAAW01000078	3259	4653	1	4
PAAW01000078	4628	6718	-1	5
PAAW01000078	6776	8065	-1	6
PAAW01000078	8085	9089	-1	7
PAAW01000078	9119	10564	-1	8
PAAW01000078	10564	10887	-1	9
PAAW01000078	10884	12071	-1	10
PAAW01000078	12182	13120	1	11
PAAW01000078	13164	13901	1	12
PAAW01000078	13890	17027	-1	13
PAAW01000078	17043	17618	-1	14
PAAW01000078	17706	19172	1	15
PAAW01000078	19289	19474	1	16
PAAW01000078	19480	26322	-1	17
PAAW01000078	26888	28045	1	18
PAAW01000078	28050	29222	1	19
PAAW01000078	29215	29934	-1	20
PAAW01000078	30015	30701	1	21
PAAW01000078	30703	31683	-1	22
PAAW01000078	31727	32665	-1	23
PAAW01000078	32738	33655	1	24
PAAW01000078	33657	33842	-1	25
PAAW01000078	33842	34177	-1	26
PAAW01000078	34185	34391	-1	27
PAAW01000078	34405	34956	-1	28
PAAW01000078	35191	40815	1	29
PAAW01000078	40825	41478	1	30
PAAW01000078	41475	42389	-1	31
PAAW01000078	42440	43102	-1	32
